[38;2;132;120;110m[48;2;127;117;107m▄[38;2;152;136;125m[48;2;133;121;112m▄[38;2;133;118;104m[48;2;110;105;91m▄[38;2;119;111;97m[48;2;106;110;97m▄[38;2;164;164;166m[48;2;200;213;219m▄[38;2;227;237;252m[48;2;240;255;255m▄[38;2;233;245;255m[48;2;240;253;255m▄[38;2;243;255;255m[48;2;238;253;255m▄[38;2;236;248;255m[48;2;234;247;255m▄[38;2;241;252;255m[48;2;241;255;255m▄[38;2;237;248;255m[48;2;230;245;255m▄[38;2;232;243;255m[48;2;228;241;255m▄[38;2;233;246;255m[48;2;234;247;255m▄[38;2;234;246;255m[48;2;234;247;255m▄[38;2;220;228;244m[48;2;234;247;255m▄[38;2;209;213;230m[48;2;228;241;255m▄[38;2;197;201;216m[48;2;204;215;232m▄[38;2;196;197;211m[48;2;211;219;238m▄[38;2;168;167;177m[48;2;196;202;221m▄[38;2;167;167;176m[48;2;204;208;228m▄[38;2;146;146;149m[48;2;161;165;176m▄[38;2;124;124;122m[48;2;146;144;150m▄[38;2;153;152;155m[48;2;116;116;118m▄[38;2;186;185;196m[48;2;157;157;165m▄[38;2;190;190;201m[48;2;215;223;238m▄[38;2;195;192;206m[48;2;206;208;225m▄[38;2;200;198;213m[48;2;193;193;210m▄[38;2;204;204;220m[48;2;196;198;215m▄[38;2;205;209;224m[48;2;204;208;225m▄[38;2;195;198;212m[48;2;210;211;228m▄[38;2;186;188;201m[48;2;180;181;195m▄[38;2;197;199;213m[48;2;196;198;213m▄[38;2;185;189;203m[48;2;196;202;219m▄[38;2;204;210;225m[48;2;163;172;181m▄[38;2;243;255;255m[48;2;204;217;226m▄[38;2;237;250;255m[48;2;204;217;226m▄[38;2;234;248;255m[48;2;196;210;223m▄[38;2;252;255;255m[48;2;202;215;225m▄[38;2;255;255;255m[48;2;232;243;247m▄[38;2;255;255;255m[48;2;238;249;255m▄[38;2;255;255;255m[48;2;232;245;253m▄[38;2;255;255;255m[48;2;236;249;253m▄[38;2;255;255;255m[48;2;240;251;255m▄[38;2;254;255;255m[48;2;240;249;255m▄[38;2;252;255;255m[48;2;230;240;253m▄[38;2;255;255;255m[48;2;221;236;249m▄[38;2;255;255;255m[48;2;226;241;253m▄[38;2;249;255;255m[48;2;225;236;255m▄[38;2;247;255;255m[48;2;226;240;255m▄[38;2;243;251;255m[48;2;225;238;253m▄[38;2;237;242;255m[48;2;221;232;249m▄[38;2;238;241;255m[48;2;225;234;251m▄[38;2;226;233;249m[48;2;172;180;195m▄[38;2;191;196;208m[48;2;65;65;58m▄[38;2;145;147;148m[48;2;88;80;67m▄[38;2;137;135;133m[48;2;174;172;180m▄[38;2;133;133;128m[48;2;129;129;135m▄[38;2;109;105;94m[48;2;97;90;84m▄[38;2;104;102;85m[48;2;110;108;95m▄[38;2;131;130;116m[48;2;170;170;170m▄[0m
[38;2;138;120;109m[48;2;138;123;111m▄[38;2;148;130;119m[48;2;150;133;119m▄[38;2;137;123;112m[48;2;138;121;107m▄[38;2;134;118;110m[48;2;136;119;107m▄[38;2;131;115;110m[48;2;133;116;108m▄[38;2;135;125;123m[48;2;141;132;132m▄[38;2;132;126;126m[48;2;167;165;174m▄[38;2;134;128;128m[48;2;166;164;175m▄[38;2;172;167;176m[48;2;177;177;190m▄[38;2;171;163;172m[48;2;176;176;191m▄[38;2;170;163;170m[48;2;177;178;191m▄[38;2;190;189;200m[48;2;185;186;203m▄[38;2;173;166;175m[48;2;179;180;195m▄[38;2;150;139;142m[48;2;168;166;177m▄[38;2;143;135;137m[48;2;160;156;162m▄[38;2;135;131;133m[48;2;144;142;146m▄[38;2;147;142;145m[48;2;134;132;134m▄[38;2;133;123;123m[48;2;122;118;116m▄[38;2;151;144;145m[48;2;136;130;128m▄[38;2;147;139;141m[48;2;139;135;136m▄[38;2;152;144;148m[48;2;149;145;148m▄[38;2;150;147;153m[48;2;138;134;136m▄[38;2;142;137;135m[48;2;147;143;142m▄[38;2;165;160;166m[48;2;160;158;162m▄[38;2;174;172;181m[48;2;161;159;163m▄[38;2;170;169;175m[48;2;170;168;174m▄[38;2;181;181;191m[48;2;199;197;209m▄[38;2;175;173;185m[48;2;206;207;222m▄[38;2;158;157;164m[48;2;177;179;192m▄[38;2;171;170;179m[48;2;173;174;187m▄[38;2;176;177;190m[48;2;192;194;210m▄[38;2;191;192;208m[48;2;184;186;203m▄[38;2;191;194;211m[48;2;204;209;225m▄[38;2;197;204;222m[48;2;219;225;244m▄[38;2;211;222;239m[48;2;220;230;247m▄[38;2;205;217;233m[48;2;212;224;240m▄[38;2;230;242;251m[48;2;231;243;250m▄[38;2;238;251;255m[48;2;237;248;253m▄[38;2;239;250;254m[48;2;241;249;254m▄[38;2;240;251;253m[48;2;243;250;254m▄[38;2;240;251;253m[48;2;242;248;254m▄[38;2;241;250;254m[48;2;241;247;255m▄[38;2;241;248;254m[48;2;239;247;254m▄[38;2;236;244;254m[48;2;238;246;254m▄[38;2;228;239;253m[48;2;235;242;254m▄[38;2;227;238;251m[48;2;242;245;254m▄[38;2;236;243;252m[48;2;247;249;252m▄[38;2;233;239;247m[48;2;243;246;249m▄[38;2;232;236;246m[48;2;239;242;246m▄[38;2;227;231;241m[48;2;236;236;243m▄[38;2;228;232;242m[48;2;241;241;245m▄[38;2;231;235;247m[48;2;233;234;242m▄[38;2;234;239;250m[48;2;240;241;246m▄[38;2;233;240;251m[48;2;248;251;255m▄[38;2;224;229;241m[48;2;249;253;255m▄[38;2;214;215;223m[48;2;230;231;233m▄[38;2;214;215;224m[48;2;212;213;214m▄[38;2;218;222;238m[48;2;185;186;188m▄[38;2;216;220;239m[48;2;129;130;135m▄[38;2;224;226;244m[48;2;133;133;131m▄[0m
[38;2;132;118;107m[48;2;129;116;107m▄[38;2;148;133;124m[48;2;141;127;121m▄[38;2;129;115;109m[48;2;132;117;110m▄[38;2;125;111;106m[48;2;137;121;112m▄[38;2;127;112;104m[48;2;136;120;113m▄[38;2;127;113;109m[48;2;135;122;115m▄[38;2;134;123;123m[48;2;146;140;143m▄[38;2;138;129;130m[48;2;172;172;182m▄[38;2;126;116;114m[48;2;173;171;177m▄[38;2;131;118;116m[48;2;154;146;146m▄[38;2;142;130;128m[48;2;141;128;128m▄[38;2;147;139;140m[48;2;143;133;135m▄[38;2;140;130;130m[48;2;144;132;134m▄[38;2;147;134;134m[48;2;148;139;142m▄[38;2;148;143;144m[48;2;143;139;142m▄[38;2;151;146;147m[48;2;145;143;147m▄[38;2;164;159;164m[48;2;153;149;154m▄[38;2;170;168;174m[48;2;144;138;139m▄[38;2;146;142;144m[48;2;150;144;143m▄[38;2;155;155;156m[48;2;139;134;132m▄[38;2;155;154;155m[48;2;148;145;145m▄[38;2;151;149;149m[48;2;147;145;148m▄[38;2;151;148;146m[48;2;147;142;140m▄[38;2;158;155;156m[48;2;173;170;176m▄[38;2;158;156;159m[48;2;159;159;163m▄[38;2;151;150;150m[48;2;152;150;150m▄[38;2;161;159;160m[48;2;174;172;180m▄[38;2;169;166;171m[48;2;188;187;199m▄[38;2;164;163;165m[48;2;159;158;163m▄[38;2;174;173;179m[48;2;155;155;158m▄[38;2;199;201;214m[48;2;176;177;186m▄[38;2;181;181;193m[48;2;196;199;213m▄[38;2;192;193;206m[48;2;183;186;200m▄[38;2;205;208;224m[48;2;195;201;215m▄[38;2;213;215;231m[48;2;215;222;238m▄[38;2;212;215;230m[48;2;208;215;230m▄[38;2;227;233;248m[48;2;222;233;245m▄[38;2;229;237;250m[48;2;236;247;253m▄[38;2;241;245;254m[48;2;244;250;254m▄[38;2;244;248;253m[48;2;246;252;255m▄[38;2;237;241;251m[48;2;247;252;255m▄[38;2;244;249;254m[48;2;244;248;253m▄[38;2;243;247;254m[48;2;243;248;254m▄[38;2;241;245;254m[48;2;236;245;254m▄[38;2;235;243;253m[48;2;230;240;254m▄[38;2;224;233;248m[48;2;219;230;245m▄[38;2;227;233;247m[48;2;228;235;250m▄[38;2;223;227;241m[48;2;227;233;248m▄[38;2;219;220;235m[48;2;218;225;241m▄[38;2;209;210;223m[48;2;212;214;230m▄[38;2;218;221;236m[48;2;220;225;241m▄[38;2;221;226;241m[48;2;221;227;242m▄[38;2;221;225;240m[48;2;218;222;239m▄[38;2;221;224;239m[48;2;218;224;240m▄[38;2;215;218;233m[48;2;221;227;243m▄[38;2;214;218;232m[48;2;198;200;213m▄[38;2;206;210;222m[48;2;187;188;199m▄[38;2;190;192;204m[48;2;204;206;221m▄[38;2;185;184;194m[48;2;206;207;220m▄[38;2;236;235;249m[48;2;211;203;215m▄[0m
[38;2;136;120;107m[48;2;134;120;107m▄[38;2;138;121;112m[48;2;138;123;115m▄[38;2;124;111;104m[48;2;126;112;108m▄[38;2;119;108;101m[48;2;129;114;109m▄[38;2;121;110;105m[48;2;125;112;107m▄[38;2;116;110;104m[48;2;122;113;107m▄[38;2;118;113;108m[48;2;125;115;109m▄[38;2;123;114;111m[48;2;124;112;109m▄[38;2;132;119;117m[48;2;134;123;122m▄[38;2;136;124;122m[48;2;139;128;127m▄[38;2;133;121;118m[48;2;140;131;133m▄[38;2;136;123;120m[48;2;147;142;142m▄[38;2;132;119;118m[48;2;149;143;143m▄[38;2;128;113;112m[48;2;145;134;134m▄[38;2;131;116;115m[48;2;148;137;138m▄[38;2;134;124;122m[48;2;140;133;133m▄[38;2;152;146;144m[48;2;164;163;164m▄[38;2;165;162;162m[48;2;174;173;180m▄[38;2;161;158;157m[48;2;155;150;153m▄[38;2;154;146;144m[48;2;160;157;157m▄[38;2;153;145;143m[48;2;165;161;163m▄[38;2;150;140;139m[48;2;158;153;155m▄[38;2;149;141;138m[48;2;155;152;152m▄[38;2;154;152;150m[48;2;155;154;154m▄[38;2;173;174;175m[48;2;167;165;170m▄[38;2;192;193;195m[48;2;162;161;165m▄[38;2;183;183;184m[48;2;154;152;154m▄[38;2;159;157;158m[48;2;159;155;156m▄[38;2;183;181;185m[48;2;167;165;166m▄[38;2;213;213;219m[48;2;186;184;191m▄[38;2;220;214;219m[48;2;193;194;203m▄[38;2;232;214;220m[48;2;184;183;190m▄[38;2;235;208;215m[48;2;198;197;205m▄[38;2;238;206;212m[48;2;192;192;200m▄[38;2;233;203;209m[48;2;196;199;210m▄[38;2;225;204;212m[48;2;198;203;218m▄[38;2;222;211;220m[48;2;220;227;242m▄[38;2;229;229;239m[48;2;235;241;255m▄[38;2;236;241;253m[48;2;235;242;254m▄[38;2;231;235;248m[48;2;234;238;251m▄[38;2;223;227;236m[48;2;224;228;242m▄[38;2;244;248;253m[48;2;236;240;252m▄[38;2;246;249;255m[48;2;242;246;255m▄[38;2;237;242;252m[48;2;239;243;254m▄[38;2;225;230;242m[48;2;235;242;253m▄[38;2;216;220;232m[48;2;224;232;247m▄[38;2;205;208;219m[48;2;224;233;245m▄[38;2;205;207;216m[48;2;227;234;245m▄[38;2;209;213;223m[48;2;214;220;237m▄[38;2;218;221;234m[48;2;212;216;233m▄[38;2;231;236;249m[48;2;217;222;239m▄[38;2;234;239;251m[48;2;221;227;243m▄[38;2;232;236;247m[48;2;225;231;245m▄[38;2;230;234;245m[48;2;223;228;244m▄[38;2;229;234;245m[48;2;218;222;238m▄[38;2;214;219;227m[48;2;203;206;220m▄[38;2;191;192;197m[48;2;194;197;209m▄[38;2;196;197;201m[48;2;186;189;198m▄[38;2;206;207;212m[48;2;181;183;189m▄[38;2;234;238;245m[48;2;223;229;242m▄[0m
[38;2;125;114;105m[48;2;118;105;98m▄[38;2;119;110;98m[48;2;121;113;100m▄[38;2;102;94;82m[48;2;105;101;86m▄[38;2;99;92;80m[48;2;105;99;85m▄[38;2;94;91;79m[48;2;102;96;83m▄[38;2;98;93;83m[48;2;104;97;87m▄[38;2;118;108;101m[48;2;109;103;95m▄[38;2;123;111;108m[48;2;115;107;102m▄[38;2;124;112;109m[48;2;122;110;107m▄[38;2;123;111;107m[48;2;127;113;110m▄[38;2;122;109;105m[48;2;123;109;106m▄[38;2;120;107;104m[48;2;124;109;106m▄[38;2;119;109;105m[48;2;126;112;109m▄[38;2;125;115;111m[48;2;125;113;109m▄[38;2;132;120;118m[48;2;128;117;113m▄[38;2;134;120;119m[48;2;133;121;120m▄[38;2;140;129;128m[48;2;138;126;124m▄[38;2;151;142;140m[48;2;149;144;141m▄[38;2;142;132;127m[48;2;157;155;153m▄[38;2;164;153;146m[48;2;153;146;144m▄[38;2;153;140;135m[48;2;144;135;133m▄[38;2;135;126;124m[48;2;142;135;133m▄[38;2;135;130;126m[48;2;136;131;127m▄[38;2;144;136;132m[48;2;142;136;132m▄[38;2;151;144;143m[48;2;156;151;148m▄[38;2;190;187;193m[48;2;170;166;165m▄[38;2;240;241;255m[48;2;207;207;211m▄[38;2;237;233;244m[48;2;231;229;239m▄[38;2;222;203;210m[48;2;239;235;245m▄[38;2;218;179;182m[48;2;237;223;229m▄[38;2;221;168;169m[48;2;235;201;205m▄[38;2;225;162;162m[48;2;237;185;188m▄[38;2;231;165;166m[48;2;238;181;185m▄[38;2;232;166;166m[48;2;240;182;187m▄[38;2;231;166;164m[48;2;243;185;190m▄[38;2;231;164;165m[48;2;239;185;187m▄[38;2;224;160;160m[48;2;233;184;188m▄[38;2;219;159;157m[48;2;225;185;191m▄[38;2;216;164;163m[48;2;229;206;213m▄[38;2;222;199;203m[48;2;231;229;241m▄[38;2;229;228;238m[48;2;228;232;245m▄[38;2;219;223;234m[48;2;239;245;254m▄[38;2;213;214;224m[48;2;234;242;252m▄[38;2;214;215;226m[48;2;222;231;242m▄[38;2;208;210;219m[48;2;215;223;234m▄[38;2;190;188;194m[48;2;209;216;226m▄[38;2;165;163;163m[48;2;182;183;188m▄[38;2;143;141;138m[48;2;156;155;154m▄[38;2;150;146;144m[48;2;183;182;186m▄[38;2;162;159;160m[48;2;191;192;200m▄[38;2;196;197;205m[48;2;224;231;243m▄[38;2;217;218;229m[48;2;229;237;248m▄[38;2;213;213;225m[48;2;223;230;242m▄[38;2;218;220;232m[48;2;223;230;241m▄[38;2;165;158;156m[48;2;227;236;246m▄[38;2;170;161;157m[48;2;231;241;252m▄[38;2;207;207;215m[48;2;203;208;218m▄[38;2;181;181;184m[48;2;176;177;180m▄[38;2;190;190;192m[48;2;183;185;188m▄[38;2;207;205;207m[48;2;214;214;221m▄[0m
[38;2;62;66;52m[48;2;100;98;86m▄[38;2;62;64;49m[48;2;97;95;81m▄[38;2;62;63;49m[48;2;74;72;59m▄[38;2;61;61;47m[48;2;73;72;60m▄[38;2;59;58;44m[48;2;87;86;73m▄[38;2;84;78;64m[48;2;95;92;79m▄[38;2;105;96;84m[48;2;105;98;87m▄[38;2;91;82;72m[48;2;102;93;85m▄[38;2;102;90;82m[48;2;109;101;95m▄[38;2;106;94;89m[48;2;113;102;98m▄[38;2;101;90;88m[48;2;111;100;97m▄[38;2;106;95;93m[48;2;112;101;100m▄[38;2;109;101;98m[48;2;111;105;101m▄[38;2;116;112;108m[48;2;112;108;105m▄[38;2;110;102;99m[48;2;119;108;107m▄[38;2;112;101;96m[48;2;123;111;107m▄[38;2;119;110;101m[48;2;125;114;107m▄[38;2;115;102;93m[48;2;142;130;122m▄[38;2;118;105;95m[48;2;142;132;126m▄[38;2;116;106;96m[48;2;135;125;122m▄[38;2;122;112;102m[48;2;135;124;120m▄[38;2;145;139;136m[48;2;142;131;129m▄[38;2;137;135;133m[48;2;139;130;127m▄[38;2;135;134;129m[48;2;143;135;130m▄[38;2;128;125;119m[48;2;147;142;139m▄[38;2;152;123;116m[48;2;184;186;189m▄[38;2;198;156;155m[48;2;224;229;239m▄[38;2;190;173;176m[48;2;209;199;204m▄[38;2;186;150;152m[48;2;205;166;168m▄[38;2;185;141;138m[48;2;212;163;163m▄[38;2;166;122;119m[48;2;215;164;160m▄[38;2;153;111;109m[48;2;218;160;160m▄[38;2;154;107;104m[48;2;223;160;161m▄[38;2;184;125;120m[48;2;227;158;159m▄[38;2;186;121;118m[48;2;229;156;156m▄[38;2;156;105;99m[48;2;227;160;161m▄[38;2;161;117;114m[48;2;219;158;159m▄[38;2;176;130;127m[48;2;218;158;158m▄[38;2;183;136;132m[48;2;208;151;148m▄[38;2;182;152;152m[48;2;203;164;163m▄[38;2;195;183;187m[48;2;215;208;214m▄[38;2;194;183;187m[48;2;207;208;217m▄[38;2;168;160;163m[48;2;167;165;168m▄[38;2;172;169;169m[48;2;173;171;172m▄[38;2;146;140;139m[48;2;174;172;175m▄[38;2;155;154;153m[48;2;172;172;174m▄[38;2;149;143;143m[48;2;159;155;156m▄[38;2;147;136;132m[48;2;145;137;135m▄[38;2;147;139;135m[48;2;144;135;134m▄[38;2;158;153;150m[48;2;159;153;152m▄[38;2;171;168;162m[48;2;175;174;173m▄[38;2;193;186;180m[48;2;195;194;192m▄[38;2;181;172;169m[48;2;192;190;189m▄[38;2;163;152;149m[48;2;184;181;181m▄[38;2;119;106;96m[48;2;129;116;107m▄[38;2;143;129;118m[48;2;127;110;96m▄[38;2;181;175;172m[48;2;193;189;193m▄[38;2;150;145;142m[48;2;166;164;167m▄[38;2;146;142;138m[48;2;164;159;159m▄[38;2;155;145;147m[48;2;183;174;176m▄[0m
[38;2;66;57;43m[48;2;43;44;34m▄[38;2;76;65;50m[48;2;61;61;47m▄[38;2;62;58;44m[48;2;74;73;58m▄[38;2;55;54;42m[48;2;82;79;64m▄[38;2;51;47;39m[48;2;90;87;73m▄[38;2;52;43;36m[48;2;89;83;71m▄[38;2;74;64;54m[48;2;98;89;77m▄[38;2;109;98;90m[48;2;110;98;89m▄[38;2;106;99;95m[48;2;116;104;95m▄[38;2;112;109;104m[48;2;108;98;92m▄[38;2;127;125;120m[48;2;109;99;95m▄[38;2;129;126;118m[48;2;117;108;103m▄[38;2;126;123;117m[48;2;118;110;106m▄[38;2;119;116;114m[48;2;117;110;106m▄[38;2;103;102;99m[48;2;116;111;106m▄[38;2;91;90;88m[48;2;118;113;111m▄[38;2;124;122;121m[48;2;135;133;133m▄[38;2;138;149;148m[48;2;124;132;130m▄[38;2;111;127;125m[48;2;127;137;132m▄[38;2;107;99;89m[48;2;103;96;88m▄[38;2;132;122;112m[48;2;125;116;108m▄[38;2;103;99;90m[48;2;134;133;129m▄[38;2;118;113;107m[48;2;129;129;126m▄[38;2;118;111;107m[48;2;136;132;127m▄[38;2;72;66;64m[48;2;135;135;131m▄[38;2;52;45;43m[48;2;110;89;88m▄[38;2;79;58;58m[48;2;160;89;84m▄[38;2;182;133;133m[48;2;192;152;151m▄[38;2;188;136;133m[48;2;178;139;141m▄[38;2;176;111;112m[48;2;182;126;124m▄[38;2;191;116;120m[48;2;182;124;122m▄[38;2;191;109;112m[48;2;180;122;118m▄[38;2;175;105;107m[48;2;167;109;107m▄[38;2;181;115;121m[48;2;201;148;152m▄[38;2;186;116;122m[48;2;204;148;155m▄[38;2;177;106;108m[48;2;165;107;103m▄[38;2;190;107;107m[48;2;171;115;108m▄[38;2;192;115;116m[48;2;175;117;111m▄[38;2;182;117;113m[48;2;178;119;117m▄[38;2;171;122;118m[48;2;181;149;149m▄[38;2;61;40;39m[48;2;182;137;137m▄[38;2;33;27;27m[48;2;78;49;49m▄[38;2;17;16;16m[48;2;75;68;67m▄[38;2;22;20;18m[48;2;130;118;116m▄[38;2;74;65;63m[48;2;139;124;121m▄[38;2;108;92;89m[48;2;137;126;125m▄[38;2;102;87;77m[48;2;137;126;121m▄[38;2;146;137;125m[48;2;149;139;134m▄[38;2;175;168;155m[48;2;141;131;126m▄[38;2;177;172;157m[48;2;155;149;145m▄[38;2;164;160;148m[48;2;171;166;163m▄[38;2;162;158;147m[48;2;170;163;158m▄[38;2;125;123;116m[48;2;147;139;135m▄[38;2;84;83;78m[48;2;124;115;112m▄[38;2;79;79;75m[48;2;118;109;106m▄[38;2;91;90;85m[48;2;131;123;119m▄[38;2;96;95;82m[48;2;162;156;153m▄[38;2;101;98;83m[48;2;156;151;146m▄[38;2;84;83;69m[48;2;160;157;153m▄[38;2;116;116;101m[48;2;177;174;171m▄[0m
[38;2;161;149;127m[48;2;113;87;66m▄[38;2;169;157;135m[48;2;115;91;67m▄[38;2;159;148;128m[48;2;89;71;52m▄[38;2;161;149;128m[48;2;71;56;40m▄[38;2;157;146;121m[48;2;71;56;41m▄[38;2;153;143;117m[48;2;80;66;52m▄[38;2;148;136;111m[48;2;102;89;78m▄[38;2;143;132;105m[48;2;117;104;94m▄[38;2;145;134;111m[48;2;105;99;93m▄[38;2;138;123;104m[48;2;116;111;104m▄[38;2;131;117;94m[48;2;123;117;110m▄[38;2;130;114;94m[48;2;126;120;114m▄[38;2;130;112;94m[48;2;128;123;118m▄[38;2;131;112;94m[48;2;132;127;123m▄[38;2;130;106;88m[48;2;121;113;108m▄[38;2;121;101;84m[48;2;117;103;94m▄[38;2;100;83;65m[48;2;107;90;77m▄[38;2;109;93;81m[48;2;106;94;88m▄[38;2;126;103;96m[48;2;103;90;88m▄[38;2;125;93;77m[48;2;122;102;87m▄[38;2;125;92;76m[48;2;118;100;89m▄[38;2;133;101;87m[48;2;119;101;90m▄[38;2;86;78;77m[48;2;95;85;80m▄[38;2;18;17;19m[48;2;15;13;13m▄[38;2;86;81;83m[48;2;60;54;54m▄[38;2;92;82;83m[48;2;72;60;57m▄[38;2;16;16;16m[48;2;17;14;15m▄[38;2;0;0;0m[48;2;56;40;42m▄[38;2;18;14;16m[48;2;143;103;102m▄[38;2;123;88;87m[48;2;189;129;128m▄[38;2;174;111;108m[48;2;187;118;118m▄[38;2;163;102;101m[48;2;173;103;104m▄[38;2;144;78;81m[48;2;172;109;111m▄[38;2;144;84;84m[48;2;151;92;92m▄[38;2;144;82;83m[48;2;151;90;90m▄[38;2;150;78;83m[48;2;171;107;108m▄[38;2;168;104;101m[48;2;167;94;95m▄[38;2;179;114;108m[48;2;186;112;111m▄[38;2;92;61;62m[48;2;182;124;121m▄[38;2;26;24;25m[48;2;70;47;47m▄[38;2;98;85;82m[48;2;25;20;20m▄[38;2;84;70;69m[48;2;51;43;42m▄[38;2;78;74;80m[48;2;43;41;47m▄[38;2;66;62;68m[48;2;7;8;12m▄[38;2;46;42;44m[48;2;2;3;4m▄[38;2;40;36;37m[48;2;34;31;30m▄[38;2;110;98;92m[48;2;91;79;73m▄[38;2;135;121;112m[48;2;101;88;78m▄[38;2;148;138;134m[48;2;132;125;115m▄[38;2;157;150;149m[48;2;149;151;128m▄[38;2;166;160;159m[48;2;142;144;114m▄[38;2;171;165;164m[48;2;126;123;98m▄[38;2;160;154;149m[48;2;112;110;90m▄[38;2;173;167;163m[48;2;102;100;86m▄[38;2;177;170;165m[48;2;91;93;79m▄[38;2;149;137;124m[48;2;94;99;85m▄[38;2;122;113;97m[48;2;93;96;79m▄[38;2;120;112;92m[48;2;104;106;88m▄[38;2;131;119;96m[48;2;100;97;82m▄[38;2;128;115;87m[48;2;115;105;82m▄[0m
[38;2;174;172;175m[48;2;186;188;186m▄[38;2;191;191;193m[48;2;208;209;210m▄[38;2;180;180;182m[48;2;197;198;202m▄[38;2;182;182;184m[48;2;197;198;202m▄[38;2;184;184;186m[48;2;193;194;195m▄[38;2;186;185;187m[48;2;192;194;194m▄[38;2;186;186;188m[48;2;187;186;185m▄[38;2;187;187;188m[48;2;178;174;167m▄[38;2;185;186;187m[48;2;186;182;177m▄[38;2;184;184;186m[48;2;191;186;180m▄[38;2;183;182;184m[48;2;190;184;176m▄[38;2;182;180;182m[48;2;186;179;175m▄[38;2;181;179;180m[48;2;180;173;168m▄[38;2;149;157;161m[48;2;187;181;174m▄[38;2;151;159;163m[48;2;191;186;179m▄[38;2;184;182;185m[48;2;182;179;177m▄[38;2;166;164;165m[48;2;183;180;179m▄[38;2;154;146;150m[48;2;178;175;173m▄[38;2;147;134;138m[48;2;168;161;158m▄[38;2;140;126;129m[48;2;157;144;142m▄[38;2;137;123;124m[48;2;150;137;137m▄[38;2;134;120;121m[48;2;142;127;128m▄[38;2;119;105;105m[48;2;113;101;102m▄[38;2;107;94;94m[48;2;92;83;85m▄[38;2;103;91;92m[48;2;100;90;92m▄[38;2;80;71;73m[48;2;86;75;76m▄[38;2;78;68;69m[48;2;58;51;52m▄[38;2;68;54;53m[48;2;31;29;30m▄[38;2;49;42;40m[48;2;16;17;21m▄[38;2;45;40;40m[48;2;47;37;43m▄[38;2;52;39;40m[48;2;108;73;70m▄[38;2;56;37;35m[48;2;150;101;99m▄[38;2;86;55;52m[48;2;173;115;113m▄[38;2;102;63;60m[48;2;175;111;111m▄[38;2;80;53;50m[48;2;178;113;113m▄[38;2;59;43;41m[48;2;173;116;114m▄[38;2;45;34;33m[48;2;141;95;91m▄[38;2;44;33;34m[48;2;86;57;53m▄[38;2;60;47;46m[48;2;54;43;43m▄[38;2;76;64;63m[48;2;80;70;67m▄[38;2;90;78;75m[48;2;96;83;79m▄[38;2;105;91;88m[48;2;106;92;91m▄[38;2;105;91;90m[48;2;123;108;107m▄[38;2;116;102;101m[48;2;131;116;115m▄[38;2;124;110;109m[48;2;124;109;108m▄[38;2;132;118;117m[48;2;122;107;105m▄[38;2;135;121;120m[48;2;130;116;114m▄[38;2;135;120;120m[48;2;162;151;152m▄[38;2;138;125;125m[48;2;165;158;161m▄[38;2;143;132;133m[48;2;178;175;178m▄[38;2;116;108;96m[48;2;176;173;173m▄[38;2;122;121;105m[48;2;159;157;149m▄[38;2;124;124;111m[48;2;147;143;134m▄[38;2;129;129;117m[48;2;135;132;116m▄[38;2;139;142;133m[48;2;119;117;94m▄[38;2;144;147;143m[48;2;96;92;61m▄[38;2;146;149;145m[48;2;91;86;54m▄[38;2;154;155;150m[48;2;101;95;63m▄[38;2;167;167;166m[48;2;120;106;81m▄[38;2;172;174;162m[48;2;133;115;96m▄[0m
[38;2;168;168;168m[48;2;179;175;177m▄[38;2;182;180;181m[48;2;194;192;194m▄[38;2;166;164;165m[48;2;180;178;181m▄[38;2;161;159;160m[48;2;180;178;180m▄[38;2;158;154;155m[48;2;180;178;180m▄[38;2;158;153;153m[48;2;178;176;177m▄[38;2;160;156;157m[48;2;177;175;176m▄[38;2;163;159;163m[48;2;176;174;174m▄[38;2;169;165;170m[48;2;172;168;169m▄[38;2;173;169;174m[48;2;169;165;165m▄[38;2;175;173;181m[48;2;168;165;166m▄[38;2;186;186;196m[48;2;172;169;170m▄[38;2;194;196;208m[48;2;180;176;180m▄[38;2;158;160;175m[48;2;75;93;100m▄[38;2;148;151;161m[48;2;104;123;131m▄[38;2;114;107;110m[48;2;161;154;160m▄[38;2;122;109;111m[48;2;127;115;116m▄[38;2;118;105;105m[48;2;137;121;124m▄[38;2;117;103;102m[48;2;130;115;117m▄[38;2;122;108;107m[48;2;130;115;116m▄[38;2;119;105;104m[48;2;127;113;113m▄[38;2;118;104;103m[48;2;125;111;111m▄[38;2;116;101;100m[48;2;120;106;106m▄[38;2;111;97;96m[48;2;117;103;103m▄[38;2;111;96;96m[48;2;113;99;99m▄[38;2;103;89;88m[48;2;94;82;83m▄[38;2;94;80;78m[48;2;83;72;73m▄[38;2;80;68;67m[48;2;71;59;61m▄[38;2;64;54;53m[48;2;73;63;60m▄[38;2;57;46;45m[48;2;71;65;60m▄[38;2;72;59;57m[48;2;63;58;56m▄[38;2;83;69;64m[48;2;54;47;45m▄[38;2;68;56;50m[48;2;45;38;36m▄[38;2;62;52;46m[48;2;42;35;35m▄[38;2;63;53;48m[48;2;51;43;42m▄[38;2;71;59;57m[48;2;56;46;46m▄[38;2;79;67;66m[48;2;64;52;52m▄[38;2;88;76;75m[48;2;77;63;63m▄[38;2;94;80;77m[48;2;94;80;79m▄[38;2;95;82;76m[48;2;103;89;88m▄[38;2;94;80;77m[48;2;102;88;86m▄[38;2;107;92;90m[48;2;107;93;90m▄[38;2;114;100;96m[48;2;117;103;100m▄[38;2;113;99;96m[48;2;123;109;107m▄[38;2;112;98;96m[48;2;121;107;106m▄[38;2;116;102;100m[48;2;121;107;106m▄[38;2;117;102;101m[48;2;124;110;109m▄[38;2;116;101;100m[48;2;124;110;110m▄[38;2;116;102;101m[48;2;130;115;114m▄[38;2;123;109;108m[48;2;131;116;116m▄[38;2;120;106;103m[48;2;128;114;116m▄[38;2;116;102;100m[48;2;160;156;156m▄[38;2;154;151;151m[48;2;167;171;168m▄[38;2;169;170;174m[48;2;160;161;158m▄[38;2;177;177;183m[48;2;175;175;171m▄[38;2;173;174;180m[48;2;156;158;143m▄[38;2;167;167;169m[48;2;155;157;141m▄[38;2;158;156;151m[48;2;159;160;146m▄[38;2;159;157;151m[48;2;168;170;161m▄[38;2;170;165;158m[48;2;174;176;165m▄[0m
[38;2;152;147;154m[48;2;143;138;138m▄[38;2;170;165;173m[48;2;151;145;146m▄[38;2;169;168;177m[48;2;138;131;133m▄[38;2;177;177;189m[48;2;150;147;149m▄[38;2;177;178;190m[48;2;155;152;157m▄[38;2;172;172;185m[48;2;159;156;162m▄[38;2;167;167;180m[48;2;172;171;180m▄[38;2;175;175;188m[48;2;175;174;186m▄[38;2;182;182;195m[48;2;184;185;198m▄[38;2;177;177;191m[48;2;185;186;199m▄[38;2;181;181;194m[48;2;186;188;199m▄[38;2;181;183;196m[48;2;189;191;200m▄[38;2;172;174;185m[48;2;187;189;202m▄[38;2;137;134;137m[48;2;185;187;197m▄[38;2;111;101;101m[48;2;135;133;137m▄[38;2;90;79;80m[48;2;97;87;88m▄[38;2;72;61;60m[48;2;103;91;91m▄[38;2;73;62;60m[48;2;92;81;78m▄[38;2;103;91;90m[48;2;106;94;93m▄[38;2;101;90;88m[48;2;108;96;94m▄[38;2;102;91;89m[48;2;108;95;94m▄[38;2;100;89;87m[48;2;109;96;95m▄[38;2;99;89;86m[48;2;109;97;95m▄[38;2;102;91;89m[48;2;105;93;91m▄[38;2;100;89;87m[48;2;101;89;88m▄[38;2;99;88;86m[48;2;102;89;88m▄[38;2;97;86;82m[48;2;98;85;81m▄[38;2;95;84;80m[48;2;97;84;80m▄[38;2;95;84;80m[48;2;96;83;80m▄[38;2;92;81;79m[48;2;87;74;71m▄[38;2;90;76;75m[48;2;86;72;71m▄[38;2;96;84;81m[48;2;96;82;78m▄[38;2;97;86;83m[48;2;93;80;73m▄[38;2;97;86;83m[48;2;92;79;72m▄[38;2;97;86;83m[48;2;86;76;68m▄[38;2;97;84;80m[48;2;83;71;64m▄[38;2;94;81;75m[48;2;81;69;61m▄[38;2;96;83;77m[48;2;86;74;65m▄[38;2;96;82;78m[48;2;90;77;68m▄[38;2;97;85;82m[48;2;91;78;69m▄[38;2;100;89;86m[48;2;97;85;79m▄[38;2;103;92;89m[48;2;105;93;90m▄[38;2;102;91;89m[48;2;106;93;91m▄[38;2;99;89;85m[48;2;105;93;89m▄[38;2;99;88;84m[48;2;105;92;89m▄[38;2;101;91;87m[48;2;108;96;93m▄[38;2;104;94;90m[48;2;110;98;96m▄[38;2;107;97;93m[48;2;110;97;96m▄[38;2;97;86;82m[48;2;108;94;91m▄[38;2;59;48;45m[48;2;96;82;78m▄[38;2;85;73;71m[48;2;88;74;70m▄[38;2;108;96;94m[48;2;110;97;95m▄[38;2;109;97;96m[48;2;124;114;113m▄[38;2;104;96;82m[48;2;145;140;134m▄[38;2;112;107;75m[48;2;130;126;113m▄[38;2;115;108;79m[48;2;129;125;110m▄[38;2;118;109;83m[48;2;128;123;108m▄[38;2;118;109;84m[48;2;121;113;90m▄[38;2;110;105;76m[48;2;123;116;96m▄[38;2;114;110;77m[48;2;128;121;98m▄[0m
[38;2;143;143;150m[48;2;170;174;183m▄[38;2;151;150;155m[48;2;185;186;199m▄[38;2;132;132;132m[48;2;171;172;186m▄[38;2;141;140;145m[48;2;167;166;179m▄[38;2;141;141;147m[48;2;164;164;176m▄[38;2;143;144;152m[48;2;167;167;182m▄[38;2;133;131;133m[48;2;165;165;178m▄[38;2;127;121;115m[48;2;162;162;171m▄[38;2;125;119;110m[48;2;159;160;166m▄[38;2;120;113;101m[48;2;156;156;164m▄[38;2;120;114;100m[48;2;152;152;158m▄[38;2;125;121;109m[48;2;144;142;141m▄[38;2;113;107;108m[48;2;136;134;135m▄[38;2;95;87;89m[48;2;111;105;106m▄[38;2;87;75;76m[48;2;106;94;97m▄[38;2;87;75;75m[48;2;86;73;74m▄[38;2;85;73;73m[48;2;69;57;57m▄[38;2;62;50;49m[48;2;47;38;37m▄[38;2;49;40;38m[48;2;72;62;61m▄[38;2;89;77;77m[48;2;98;86;85m▄[38;2;90;76;76m[48;2;93;82;80m▄[38;2;90;78;77m[48;2;94;83;81m▄[38;2;90;78;77m[48;2;99;88;86m▄[38;2;89;76;77m[48;2;100;88;88m▄[38;2;87;75;76m[48;2;99;88;87m▄[38;2;87;75;75m[48;2;96;85;83m▄[38;2;88;77;75m[48;2;93;82;81m▄[38;2;89;78;76m[48;2;94;83;81m▄[38;2;86;74;72m[48;2;93;82;80m▄[38;2;86;75;73m[48;2;87;75;73m▄[38;2;86;75;73m[48;2;90;77;76m▄[38;2;88;77;75m[48;2;94;83;81m▄[38;2;89;78;76m[48;2;94;83;81m▄[38;2;91;80;78m[48;2;94;83;81m▄[38;2;91;80;78m[48;2;94;83;81m▄[38;2;91;80;78m[48;2;91;80;78m▄[38;2;83;72;70m[48;2;91;80;78m▄[38;2;89;78;76m[48;2;96;85;84m▄[38;2;91;80;78m[48;2;99;87;86m▄[38;2;91;80;78m[48;2;99;88;86m▄[38;2;91;80;78m[48;2;99;88;86m▄[38;2;92;81;79m[48;2;99;88;86m▄[38;2;94;83;81m[48;2;100;89;87m▄[38;2;95;84;82m[48;2;101;90;88m▄[38;2;91;80;78m[48;2;97;86;84m▄[38;2;92;81;79m[48;2;96;86;83m▄[38;2;97;85;83m[48;2;98;86;85m▄[38;2;75;64;62m[48;2;100;87;85m▄[38;2;49;40;37m[48;2;67;58;55m▄[38;2;69;57;54m[48;2;52;43;41m▄[38;2;64;52;48m[48;2;83;70;65m▄[38;2;85;74;70m[48;2;92;80;77m▄[38;2;89;78;76m[48;2;104;92;91m▄[38;2;95;83;83m[48;2;87;79;78m▄[38;2;99;89;74m[48;2;95;89;67m▄[38;2;105;96;66m[48;2;103;98;69m▄[38;2;101;95;65m[48;2;97;95;64m▄[38;2;97;93;61m[48;2;98;94;63m▄[38;2;98;92;62m[48;2;102;95;68m▄[38;2;108;102;65m[48;2;115;107;79m▄[0m
[38;2;102;87;77m[48;2;113;109;102m▄[38;2;110;100;89m[48;2;130;128;126m▄[38;2;103;99;85m[48;2;120;117;114m▄[38;2;101;96;80m[48;2;123;122;122m▄[38;2;100;93;76m[48;2;121;119;117m▄[38;2;100;91;73m[48;2;116;109;102m▄[38;2;98;88;69m[48;2;109;99;88m▄[38;2;96;89;69m[48;2;110;100;86m▄[38;2;95;89;70m[48;2;114;105;91m▄[38;2;108;104;95m[48;2;111;101;86m▄[38;2;133;133;138m[48;2;116;108;98m▄[38;2;111;107;112m[48;2;131;129;132m▄[38;2;83;73;74m[48;2;98;93;97m▄[38;2;117;109;110m[48;2;89;80;81m▄[38;2;93;85;85m[48;2;80;70;70m▄[38;2;75;66;64m[48;2;74;63;62m▄[38;2;79;70;68m[48;2;74;62;61m▄[38;2;75;65;64m[48;2;49;37;36m▄[38;2;54;46;44m[48;2;34;23;21m▄[38;2;63;56;54m[48;2;64;53;53m▄[38;2;81;71;70m[48;2;86;72;72m▄[38;2;92;83;82m[48;2;78;66;64m▄[38;2;89;80;78m[48;2;76;65;63m▄[38;2;93;84;82m[48;2;74;63;62m▄[38;2;86;76;74m[48;2;77;65;64m▄[38;2;91;81;79m[48;2;77;66;65m▄[38;2;91;82;80m[48;2;79;68;66m▄[38;2;89;79;77m[48;2;80;70;68m▄[38;2;82;72;71m[48;2;84;73;71m▄[38;2;92;82;81m[48;2;80;70;67m▄[38;2;87;76;75m[48;2;79;68;66m▄[38;2;92;83;80m[48;2;82;70;68m▄[38;2;90;80;78m[48;2;83;71;69m▄[38;2;94;84;82m[48;2;82;71;69m▄[38;2;109;100;99m[48;2;80;69;67m▄[38;2;100;91;89m[48;2;82;71;69m▄[38;2;94;84;82m[48;2;82;71;69m▄[38;2;81;71;68m[48;2;80;68;66m▄[38;2;94;85;83m[48;2;77;66;63m▄[38;2;94;83;82m[48;2;79;68;66m▄[38;2;98;90;88m[48;2;80;69;67m▄[38;2;120;112;110m[48;2;80;69;67m▄[38;2;99;90;88m[48;2;85;73;71m▄[38;2;113;104;102m[48;2;86;72;71m▄[38;2;99;89;88m[48;2;89;76;75m▄[38;2;84;75;72m[48;2;90;79;77m▄[38;2;69;60;58m[48;2;71;59;58m▄[38;2;44;35;34m[48;2;41;31;29m▄[38;2;40;32;30m[48;2;54;44;40m▄[38;2;59;49;46m[48;2;53;42;38m▄[38;2;72;61;58m[48;2;65;54;50m▄[38;2;84;73;69m[48;2;82;71;68m▄[38;2;85;74;72m[48;2;89;78;76m▄[38;2;85;74;73m[48;2;93;81;81m▄[38;2;88;78;77m[48;2;97;86;81m▄[38;2;88;81;65m[48;2;94;89;61m▄[38;2;88;82;54m[48;2;93;89;57m▄[38;2;92;87;56m[48;2;92;88;56m▄[38;2;95;90;60m[48;2;94;90;55m▄[38;2;107;99;73m[48;2;106;99;65m▄[0m
[38;2;86;77;62m[48;2;96;82;68m▄[38;2;90;81;65m[48;2;104;93;77m▄[38;2;79;72;56m[48;2;95;87;70m▄[38;2;77;74;57m[48;2;90;82;64m▄[38;2;81;79;65m[48;2;88;80;60m▄[38;2;91;89;83m[48;2;89;80;61m▄[38;2;102;104;104m[48;2;93;87;71m▄[38;2;111;114;120m[48;2;97;93;83m▄[38;2;129;128;141m[48;2;115;114;117m▄[38;2;134;135;148m[48;2;121;122;128m▄[38;2;107;107;113m[48;2;117;118;121m▄[38;2;77;70;71m[48;2;89;83;86m▄[38;2;77;69;70m[48;2;70;59;61m▄[38;2;70;62;63m[48;2;140;133;135m▄[38;2;68;57;57m[48;2;108;101;102m▄[38;2;66;56;53m[48;2;143;138;138m▄[38;2;65;54;52m[48;2;158;155;154m▄[38;2;58;48;46m[48;2;145;142;141m▄[38;2;47;39;36m[48;2;141;137;137m▄[38;2;53;44;42m[48;2;114;107;108m▄[38;2;69;59;58m[48;2;104;98;98m▄[38;2;72;62;61m[48;2;160;159;157m▄[38;2;69;59;58m[48;2;156;154;152m▄[38;2;70;58;58m[48;2;150;145;145m▄[38;2;73;62;60m[48;2;158;152;152m▄[38;2;75;65;63m[48;2;142;137;136m▄[38;2;74;63;61m[48;2;166;163;162m▄[38;2;71;60;58m[48;2;126;119;118m▄[38;2;72;62;60m[48;2;104;96;95m▄[38;2;70;61;59m[48;2;170;167;166m▄[38;2;85;78;76m[48;2;162;160;159m▄[38;2;104;96;95m[48;2;185;184;183m▄[38;2;77;68;67m[48;2;153;151;150m▄[38;2;73;64;62m[48;2;164;160;160m▄[38;2;72;65;61m[48;2;163;160;159m▄[38;2;68;63;58m[48;2;156;153;151m▄[38;2;70;62;59m[48;2;141;136;135m▄[38;2;75;64;63m[48;2;96;87;85m▄[38;2;77;66;65m[48;2;169;165;163m▄[38;2;73;63;61m[48;2;153;149;148m▄[38;2;75;65;63m[48;2;154;149;148m▄[38;2;68;59;55m[48;2;177;175;174m▄[38;2;72;64;58m[48;2;149;146;143m▄[38;2;69;60;54m[48;2;163;160;156m▄[38;2;62;52;49m[48;2;147;143;140m▄[38;2;71;63;60m[48;2;150;147;144m▄[38;2;98;91;88m[48;2;183;182;180m▄[38;2;51;46;44m[48;2;119;116;116m▄[38;2;37;30;26m[48;2;22;18;15m▄[38;2;54;45;39m[48;2;62;53;49m▄[38;2;61;52;47m[48;2;70;58;54m▄[38;2;65;56;51m[48;2;73;62;58m▄[38;2;68;59;53m[48;2;76;65;62m▄[38;2;71;61;57m[48;2;76;66;63m▄[38;2;74;64;63m[48;2;78;68;67m▄[38;2;77;67;65m[48;2;83;74;66m▄[38;2;76;71;53m[48;2;84;78;53m▄[38;2;76;70;53m[48;2;86;78;55m▄[38;2;77;70;52m[48;2;88;81;58m▄[38;2;85;79;57m[48;2;99;92;67m▄[0m
[38;2;76;69;62m[48;2;79;70;55m▄[38;2;96;90;88m[48;2;84;78;64m▄[38;2;104;103;109m[48;2;87;87;81m▄[38;2;114;115;124m[48;2;98;99;100m▄[38;2;115;116;123m[48;2;106;106;109m▄[38;2;111;113;118m[48;2;111;112;119m▄[38;2;108;109;114m[48;2;111;114;122m▄[38;2;112;113;119m[48;2;113;115;124m▄[38;2;102;103;106m[48;2;110;111;117m▄[38;2;93;94;95m[48;2;111;113;119m▄[38;2;67;64;64m[48;2;79;78;81m▄[38;2;60;54;55m[48;2;58;53;54m▄[38;2;56;51;48m[48;2;63;56;55m▄[38;2;51;46;43m[48;2;60;54;54m▄[38;2;46;40;37m[48;2;60;52;53m▄[38;2;43;38;35m[48;2;58;49;46m▄[38;2;37;31;27m[48;2;51;42;39m▄[38;2;35;28;25m[48;2;48;38;36m▄[38;2;23;17;16m[48;2;33;26;24m▄[38;2;36;29;29m[48;2;43;36;35m▄[38;2;64;53;53m[48;2;62;51;50m▄[38;2;61;51;49m[48;2;62;51;50m▄[38;2;57;51;48m[48;2;66;56;55m▄[38;2;56;51;47m[48;2;68;57;56m▄[38;2;58;53;50m[48;2;67;56;55m▄[38;2;61;55;52m[48;2;67;57;55m▄[38;2;63;55;53m[48;2;67;57;55m▄[38;2;61;52;50m[48;2;65;55;54m▄[38;2;58;51;48m[48;2;63;53;51m▄[38;2;57;49;46m[48;2;62;51;49m▄[38;2;59;52;49m[48;2;64;53;52m▄[38;2;61;55;51m[48;2;64;53;52m▄[38;2;63;56;52m[48;2;67;57;55m▄[38;2;62;56;51m[48;2;67;57;55m▄[38;2;60;55;51m[48;2;66;59;56m▄[38;2;60;55;51m[48;2;64;59;55m▄[38;2;60;55;50m[48;2;66;60;56m▄[38;2;59;53;49m[48;2;68;59;57m▄[38;2;62;52;49m[48;2;68;57;55m▄[38;2;64;55;52m[48;2;69;57;56m▄[38;2;67;57;54m[48;2;71;60;58m▄[38;2;67;58;54m[48;2;69;59;55m▄[38;2;63;57;52m[48;2;68;59;53m▄[38;2;61;55;50m[48;2;67;58;52m▄[38;2;56;50;46m[48;2;66;57;54m▄[38;2;55;50;45m[48;2;59;52;49m▄[38;2;54;49;45m[48;2;50;45;41m▄[38;2;30;26;23m[48;2;34;29;26m▄[38;2;29;25;22m[48;2;31;26;22m▄[38;2;40;34;31m[48;2;44;36;33m▄[38;2;49;44;40m[48;2;52;42;40m▄[38;2;56;49;46m[48;2;58;49;45m▄[38;2;58;49;46m[48;2;62;53;48m▄[38;2;63;54;50m[48;2;61;52;47m▄[38;2;68;59;56m[48;2;61;52;48m▄[38;2;67;59;56m[48;2;66;57;54m▄[38;2;69;61;53m[48;2;65;59;49m▄[38;2;74;61;48m[48;2;67;60;45m▄[38;2;76;63;51m[48;2;71;65;48m▄[38;2;81;70;56m[48;2;74;69;48m▄[0m
