[38;2;254;254;254m[48;2;254;254;254m▄[38;2;255;255;255m[48;2;254;254;254m▄[38;2;255;255;255m[48;2;254;254;254m▄[38;2;255;255;255m[48;2;254;254;254m▄[38;2;255;255;255m[48;2;254;254;254m▄[38;2;255;255;255m[48;2;254;254;254m▄[38;2;255;255;255m[48;2;254;254;254m▄[38;2;255;255;255m[48;2;254;254;254m▄[38;2;255;255;255m[48;2;254;254;254m▄[38;2;255;255;255m[48;2;254;254;254m▄[38;2;255;255;255m[48;2;254;254;254m▄[38;2;255;255;255m[48;2;254;254;254m▄[38;2;255;255;255m[48;2;254;254;254m▄[38;2;255;255;255m[48;2;254;254;254m▄[38;2;255;255;255m[48;2;254;254;254m▄[38;2;255;255;255m[48;2;254;254;254m▄[38;2;255;255;255m[48;2;254;254;254m▄[38;2;255;255;255m[48;2;254;254;254m▄[38;2;255;255;255m[48;2;254;254;254m▄[38;2;255;255;255m[48;2;254;254;254m▄[38;2;255;255;255m[48;2;254;254;254m▄[38;2;255;255;255m[48;2;254;254;254m▄[38;2;255;255;255m[48;2;254;254;254m▄[38;2;255;255;255m[48;2;254;254;254m▄[38;2;255;255;255m[48;2;254;254;254m▄[38;2;255;255;255m[48;2;254;254;254m▄[38;2;255;255;255m[48;2;254;254;254m▄[38;2;255;255;255m[48;2;254;254;254m▄[38;2;255;255;255m[48;2;254;254;254m▄[38;2;255;255;255m[48;2;254;254;254m▄[38;2;212;213;214m[48;2;195;195;197m▄[38;2;152;150;125m[48;2;150;148;123m▄[38;2;255;248;202m[48;2;241;233;189m▄[38;2;242;229;183m[48;2;224;212;168m▄[38;2;233;218;172m[48;2;216;202;160m▄[38;2;218;201;162m[48;2;204;187;150m▄[38;2;220;203;166m[48;2;206;191;156m▄[38;2;215;198;163m[48;2;204;189;158m▄[38;2;216;197;165m[48;2;212;195;164m▄[38;2;210;192;161m[48;2;208;191;160m▄[38;2;212;194;161m[48;2;212;195;164m▄[38;2;168;152;120m[48;2;193;177;150m▄[38;2;129;96;71m[48;2;65;44;28m▄[38;2;194;138;113m[48;2;133;84;61m▄[38;2;183;122;100m[48;2;158;102;77m▄[38;2;183;121;96m[48;2;150;98;73m▄[38;2;192;136;106m[48;2;88;54;38m▄[38;2;118;92;69m[48;2;79;67;52m▄[38;2;236;222;191m[48;2;245;231;200m▄[38;2;255;243;210m[48;2;237;220;191m▄[38;2;255;250;215m[48;2;245;224;193m▄[38;2;255;247;209m[48;2;247;222;191m▄[38;2;255;248;209m[48;2;247;224;189m▄[38;2;255;255;213m[48;2;249;227;187m▄[38;2;255;254;210m[48;2;249;233;193m▄[38;2;255;254;210m[48;2;251;237;197m▄[38;2;255;255;219m[48;2;254;241;202m▄[38;2;221;210;168m[48;2;210;200;162m▄[38;2;171;162;128m[48;2;152;148;115m▄[38;2;255;247;201m[48;2;233;218;179m▄[0m
[38;2;255;255;255m[48;2;255;255;255m▄[38;2;255;255;255m[48;2;255;255;255m▄[38;2;255;255;255m[48;2;255;255;255m▄[38;2;255;255;255m[48;2;255;255;255m▄[38;2;255;255;255m[48;2;255;255;255m▄[38;2;255;255;255m[48;2;255;255;255m▄[38;2;255;255;255m[48;2;255;255;255m▄[38;2;255;255;255m[48;2;255;255;255m▄[38;2;255;255;255m[48;2;255;255;255m▄[38;2;255;255;255m[48;2;255;255;255m▄[38;2;255;255;255m[48;2;255;255;255m▄[38;2;255;255;255m[48;2;255;255;255m▄[38;2;255;255;255m[48;2;255;255;255m▄[38;2;255;255;255m[48;2;255;255;255m▄[38;2;255;255;255m[48;2;255;255;255m▄[38;2;255;255;255m[48;2;255;255;255m▄[38;2;255;255;255m[48;2;255;255;255m▄[38;2;255;255;255m[48;2;255;255;255m▄[38;2;255;255;255m[48;2;255;255;255m▄[38;2;255;255;255m[48;2;255;255;255m▄[38;2;255;255;255m[48;2;255;255;255m▄[38;2;255;255;255m[48;2;255;255;255m▄[38;2;255;255;255m[48;2;255;255;255m▄[38;2;255;255;255m[48;2;255;255;255m▄[38;2;255;255;255m[48;2;255;255;255m▄[38;2;255;255;255m[48;2;255;255;255m▄[38;2;255;255;255m[48;2;255;255;255m▄[38;2;255;255;255m[48;2;255;255;255m▄[38;2;255;255;255m[48;2;255;255;255m▄[38;2;255;255;255m[48;2;255;255;255m▄[38;2;199;199;200m[48;2;198;198;200m▄[38;2;124;123;107m[48;2;130;130;110m▄[38;2;223;213;179m[48;2;232;223;183m▄[38;2;230;212;174m[48;2;226;212;170m▄[38;2;220;201;166m[48;2;217;202;161m▄[38;2;190;173;141m[48;2;193;178;141m▄[38;2;153;140;111m[48;2;171;157;126m▄[38;2;150;140;109m[48;2;160;149;118m▄[38;2;141;131;105m[48;2;151;140;110m▄[38;2;135;125;103m[48;2;146;132;105m▄[38;2;131;122;98m[48;2;147;133;103m▄[38;2;179;133;111m[48;2;147;119;90m▄[38;2;246;149;132m[48;2;126;88;71m▄[38;2;215;125;108m[48;2;66;53;41m▄[38;2;190;105;87m[48;2;87;62;49m▄[38;2;198;106;89m[48;2;113;76;64m▄[38;2;218;118;103m[48;2;151;132;114m▄[38;2;227;133;118m[48;2;158;130;108m▄[38;2;250;220;190m[48;2;226;205;176m▄[38;2;242;227;193m[48;2;239;222;191m▄[38;2;245;229;196m[48;2;246;230;199m▄[38;2;247;230;200m[48;2;248;232;201m▄[38;2;248;231;201m[48;2;250;232;201m▄[38;2;249;234;206m[48;2;252;235;205m▄[38;2;252;238;209m[48;2;247;232;201m▄[38;2;254;241;209m[48;2;250;234;200m▄[38;2;247;231;198m[48;2;253;239;203m▄[38;2;186;175;142m[48;2;194;184;149m▄[38;2;150;141;113m[48;2;158;151;120m▄[38;2;219;211;169m[48;2;223;214;169m▄[0m
[38;2;255;255;255m[48;2;255;255;255m▄[38;2;255;255;255m[48;2;255;255;255m▄[38;2;255;255;255m[48;2;255;255;255m▄[38;2;255;255;255m[48;2;255;255;255m▄[38;2;255;255;255m[48;2;255;255;255m▄[38;2;255;255;255m[48;2;255;255;255m▄[38;2;255;255;255m[48;2;255;255;255m▄[38;2;255;255;255m[48;2;255;255;255m▄[38;2;255;255;255m[48;2;255;255;255m▄[38;2;255;255;255m[48;2;255;255;255m▄[38;2;255;255;255m[48;2;255;255;255m▄[38;2;255;255;255m[48;2;255;255;255m▄[38;2;255;255;255m[48;2;255;255;255m▄[38;2;255;255;255m[48;2;255;255;255m▄[38;2;255;255;255m[48;2;255;255;255m▄[38;2;255;255;255m[48;2;255;255;255m▄[38;2;255;255;255m[48;2;255;255;255m▄[38;2;255;255;255m[48;2;255;255;255m▄[38;2;255;255;255m[48;2;255;255;255m▄[38;2;255;255;255m[48;2;255;255;255m▄[38;2;255;255;255m[48;2;255;255;255m▄[38;2;255;255;255m[48;2;255;255;255m▄[38;2;255;255;255m[48;2;255;255;255m▄[38;2;255;255;255m[48;2;255;255;255m▄[38;2;255;255;255m[48;2;255;255;255m▄[38;2;255;255;255m[48;2;255;255;255m▄[38;2;255;255;255m[48;2;255;255;255m▄[38;2;255;255;255m[48;2;255;255;255m▄[38;2;255;255;255m[48;2;255;255;255m▄[38;2;255;255;255m[48;2;255;255;255m▄[38;2;199;199;199m[48;2;199;199;200m▄[38;2;124;123;109m[48;2;123;123;107m▄[38;2;193;187;161m[48;2;209;201;171m▄[38;2;233;218;182m[48;2;235;217;182m▄[38;2;219;203;169m[48;2;223;202;169m▄[38;2;182;166;136m[48;2;176;158;128m▄[38;2;131;118;93m[48;2;136;124;97m▄[38;2;140;128;104m[48;2;141;132;104m▄[38;2;132;120;100m[48;2;136;128;103m▄[38;2;111;99;82m[48;2;135;126;103m▄[38;2;80;70;59m[48;2;136;128;104m▄[38;2;36;34;30m[48;2;139;123;101m▄[38;2;84;65;56m[48;2;208;139;118m▄[38;2;167;121;99m[48;2;228;144;121m▄[38;2;137;79;62m[48;2;199;118;97m▄[38;2;160;92;73m[48;2;196;111;90m▄[38;2;159;106;86m[48;2;225;135;113m▄[38;2;80;62;54m[48;2;198;130;116m▄[38;2;65;60;54m[48;2;243;223;197m▄[38;2;138;129;113m[48;2;255;253;220m▄[38;2;189;179;159m[48;2;255;246;215m▄[38;2;231;220;195m[48;2;255;240;210m▄[38;2;255;246;216m[48;2;255;237;207m▄[38;2;255;254;222m[48;2;254;238;209m▄[38;2;251;237;208m[48;2;254;240;211m▄[38;2;255;244;216m[48;2;255;243;213m▄[38;2;236;221;192m[48;2;243;227;196m▄[38;2;174;162;134m[48;2;180;166;139m▄[38;2;178;165;133m[48;2;162;149;122m▄[38;2;248;239;195m[48;2;238;226;185m▄[0m
[38;2;255;255;255m[48;2;255;255;255m▄[38;2;255;255;255m[48;2;255;255;255m▄[38;2;255;255;255m[48;2;255;255;255m▄[38;2;255;255;255m[48;2;255;255;255m▄[38;2;255;255;255m[48;2;255;255;255m▄[38;2;255;255;255m[48;2;255;255;255m▄[38;2;255;255;255m[48;2;255;255;255m▄[38;2;255;255;255m[48;2;255;255;255m▄[38;2;255;255;255m[48;2;255;255;255m▄[38;2;255;255;255m[48;2;255;255;255m▄[38;2;255;255;255m[48;2;255;255;255m▄[38;2;255;255;255m[48;2;255;255;255m▄[38;2;255;255;255m[48;2;255;255;255m▄[38;2;255;255;255m[48;2;255;255;255m▄[38;2;255;255;255m[48;2;255;255;255m▄[38;2;255;255;255m[48;2;255;255;255m▄[38;2;255;255;255m[48;2;255;255;255m▄[38;2;255;255;255m[48;2;255;255;255m▄[38;2;255;255;255m[48;2;255;255;255m▄[38;2;255;255;255m[48;2;255;255;255m▄[38;2;255;255;255m[48;2;255;255;255m▄[38;2;255;255;255m[48;2;255;255;255m▄[38;2;255;255;255m[48;2;255;255;255m▄[38;2;255;255;255m[48;2;255;255;255m▄[38;2;255;255;255m[48;2;255;255;255m▄[38;2;255;255;255m[48;2;255;255;255m▄[38;2;255;255;255m[48;2;255;255;255m▄[38;2;255;255;255m[48;2;255;255;255m▄[38;2;255;255;255m[48;2;255;255;255m▄[38;2;255;255;255m[48;2;255;255;255m▄[38;2;199;199;200m[48;2;199;199;200m▄[38;2;121;122;108m[48;2;124;121;109m▄[38;2;164;163;142m[48;2;180;174;153m▄[38;2;206;195;165m[48;2;230;213;182m▄[38;2;162;148;121m[48;2;219;200;167m▄[38;2;67;61;49m[48;2;196;179;150m▄[38;2;6;8;3m[48;2;93;84;67m▄[38;2;0;0;0m[48;2;47;43;34m▄[38;2;1;2;0m[48;2;27;25;18m▄[38;2;5;5;1m[48;2;11;10;6m▄[38;2;3;2;0m[48;2;0;0;0m▄[38;2;3;2;1m[48;2;0;0;0m▄[38;2;0;0;0m[48;2;0;0;0m▄[38;2;0;0;0m[48;2;38;33;29m▄[38;2;23;21;18m[48;2;82;62;50m▄[38;2;14;13;10m[48;2;81;52;41m▄[38;2;0;0;0m[48;2;26;18;15m▄[38;2;0;0;0m[48;2;0;2;0m▄[38;2;3;4;1m[48;2;0;0;0m▄[38;2;4;4;1m[48;2;0;0;0m▄[38;2;2;3;0m[48;2;1;0;0m▄[38;2;0;0;0m[48;2;28;27;22m▄[38;2;0;0;0m[48;2;65;65;57m▄[38;2;0;0;0m[48;2;151;149;133m▄[38;2;62;58;51m[48;2;250;238;210m▄[38;2;240;231;205m[48;2;255;250;220m▄[38;2;218;200;171m[48;2;224;207;179m▄[38;2;147;135;109m[48;2;171;156;129m▄[38;2;172;158;130m[48;2;185;171;139m▄[38;2;255;249;209m[48;2;255;247;202m▄[0m
[38;2;255;255;255m[48;2;255;255;255m▄[38;2;255;255;255m[48;2;255;255;255m▄[38;2;255;255;255m[48;2;255;255;255m▄[38;2;255;255;255m[48;2;255;255;255m▄[38;2;255;255;255m[48;2;255;255;255m▄[38;2;255;255;255m[48;2;255;255;255m▄[38;2;255;255;255m[48;2;255;255;255m▄[38;2;255;255;255m[48;2;255;255;255m▄[38;2;255;255;255m[48;2;255;255;255m▄[38;2;255;255;255m[48;2;255;255;255m▄[38;2;255;255;255m[48;2;255;255;255m▄[38;2;255;255;255m[48;2;255;255;255m▄[38;2;255;255;255m[48;2;255;255;255m▄[38;2;255;255;255m[48;2;255;255;255m▄[38;2;255;255;255m[48;2;255;255;255m▄[38;2;255;255;255m[48;2;255;255;255m▄[38;2;255;255;255m[48;2;255;255;255m▄[38;2;255;255;255m[48;2;255;255;255m▄[38;2;255;255;255m[48;2;255;255;255m▄[38;2;255;255;255m[48;2;255;255;255m▄[38;2;255;255;255m[48;2;255;255;255m▄[38;2;255;255;255m[48;2;255;255;255m▄[38;2;255;255;255m[48;2;255;255;255m▄[38;2;255;255;255m[48;2;255;255;255m▄[38;2;255;255;255m[48;2;255;255;255m▄[38;2;255;255;255m[48;2;255;255;255m▄[38;2;255;255;255m[48;2;255;255;255m▄[38;2;255;255;255m[48;2;255;255;255m▄[38;2;255;255;255m[48;2;255;255;255m▄[38;2;255;255;255m[48;2;255;255;255m▄[38;2;197;197;197m[48;2;198;199;199m▄[38;2;82;83;73m[48;2;102;104;91m▄[38;2;128;130;110m[48;2;139;140;119m▄[38;2;172;168;144m[48;2;186;179;149m▄[38;2;67;65;55m[48;2;109;104;85m▄[38;2;0;0;0m[48;2;0;0;0m▄[38;2;2;1;2m[48;2;6;9;4m▄[38;2;1;1;1m[48;2;5;7;2m▄[38;2;1;1;0m[48;2;2;4;0m▄[38;2;1;1;0m[48;2;3;5;1m▄[38;2;14;13;9m[48;2;9;9;5m▄[38;2;7;6;3m[48;2;5;5;2m▄[38;2;2;3;0m[48;2;2;3;0m▄[38;2;1;3;1m[48;2;2;2;1m▄[38;2;4;5;1m[48;2;0;0;0m▄[38;2;1;3;1m[48;2;2;3;2m▄[38;2;1;2;1m[48;2;2;2;1m▄[38;2;2;4;0m[48;2;2;2;0m▄[38;2;4;6;1m[48;2;3;3;0m▄[38;2;3;4;1m[48;2;3;3;0m▄[38;2;9;10;7m[48;2;9;10;6m▄[38;2;8;10;5m[48;2;8;10;4m▄[38;2;2;4;1m[48;2;5;6;2m▄[38;2;2;3;0m[48;2;3;4;0m▄[38;2;2;3;0m[48;2;0;0;0m▄[38;2;3;4;0m[48;2;108;102;91m▄[38;2;100;92;74m[48;2;193;178;149m▄[38;2;89;79;59m[48;2;104;95;73m▄[38;2;198;186;154m[48;2;176;165;138m▄[38;2;255;245;204m[48;2;255;249;211m▄[0m
[38;2;255;255;255m[48;2;255;255;255m▄[38;2;255;255;255m[48;2;255;255;255m▄[38;2;255;255;255m[48;2;255;255;255m▄[38;2;255;255;255m[48;2;255;255;255m▄[38;2;255;255;255m[48;2;255;255;255m▄[38;2;255;255;255m[48;2;255;255;255m▄[38;2;255;255;255m[48;2;255;255;255m▄[38;2;255;255;255m[48;2;255;255;255m▄[38;2;255;255;255m[48;2;255;255;255m▄[38;2;255;255;255m[48;2;255;255;255m▄[38;2;255;255;255m[48;2;255;255;255m▄[38;2;255;255;255m[48;2;255;255;255m▄[38;2;255;255;255m[48;2;255;255;255m▄[38;2;255;255;255m[48;2;255;255;255m▄[38;2;255;255;255m[48;2;255;255;255m▄[38;2;255;255;255m[48;2;255;255;255m▄[38;2;255;255;255m[48;2;255;255;255m▄[38;2;255;255;255m[48;2;255;255;255m▄[38;2;255;255;255m[48;2;255;255;255m▄[38;2;255;255;255m[48;2;255;255;255m▄[38;2;255;255;255m[48;2;255;255;255m▄[38;2;255;255;255m[48;2;255;255;255m▄[38;2;255;255;255m[48;2;255;255;255m▄[38;2;255;255;255m[48;2;255;255;255m▄[38;2;255;255;255m[48;2;255;255;255m▄[38;2;255;255;255m[48;2;255;255;255m▄[38;2;255;255;255m[48;2;255;255;255m▄[38;2;255;255;255m[48;2;255;255;255m▄[38;2;255;255;255m[48;2;255;255;255m▄[38;2;255;255;255m[48;2;255;255;255m▄[38;2;198;198;199m[48;2;197;197;197m▄[38;2;59;64;57m[48;2;69;72;64m▄[38;2;118;121;107m[48;2;126;128;110m▄[38;2;128;131;115m[48;2;130;131;114m▄[38;2;24;26;19m[48;2;18;17;12m▄[38;2;0;1;0m[48;2;3;5;0m▄[38;2;1;3;0m[48;2;3;4;1m▄[38;2;1;4;0m[48;2;0;1;0m▄[38;2;1;3;0m[48;2;1;2;0m▄[38;2;0;1;0m[48;2;0;2;0m▄[38;2;1;1;1m[48;2;0;1;0m▄[38;2;1;2;0m[48;2;1;1;0m▄[38;2;1;1;0m[48;2;1;2;0m▄[38;2;1;1;0m[48;2;1;1;0m▄[38;2;1;2;0m[48;2;1;2;0m▄[38;2;3;5;1m[48;2;5;7;4m▄[38;2;3;5;1m[48;2;2;2;2m▄[38;2;0;1;0m[48;2;0;1;0m▄[38;2;1;1;0m[48;2;2;4;0m▄[38;2;0;2;0m[48;2;3;5;1m▄[38;2;1;3;1m[48;2;1;3;0m▄[38;2;0;0;0m[48;2;0;2;0m▄[38;2;1;1;1m[48;2;1;1;1m▄[38;2;1;3;1m[48;2;1;2;1m▄[38;2;0;2;0m[48;2;3;3;0m▄[38;2;33;30;22m[48;2;11;11;7m▄[38;2;87;77;61m[48;2;78;71;57m▄[38;2;96;83;61m[48;2;90;79;58m▄[38;2;223;206;169m[48;2;212;199;164m▄[38;2;253;235;195m[48;2;254;240;199m▄[0m
[38;2;255;255;255m[48;2;255;255;255m▄[38;2;255;255;255m[48;2;255;255;255m▄[38;2;255;255;255m[48;2;255;255;255m▄[38;2;255;255;255m[48;2;255;255;255m▄[38;2;255;255;255m[48;2;255;255;255m▄[38;2;255;255;255m[48;2;255;255;255m▄[38;2;255;255;255m[48;2;255;255;255m▄[38;2;255;255;255m[48;2;255;255;255m▄[38;2;255;255;255m[48;2;255;255;255m▄[38;2;255;255;255m[48;2;255;255;255m▄[38;2;255;255;255m[48;2;255;255;255m▄[38;2;255;255;255m[48;2;255;255;255m▄[38;2;255;255;255m[48;2;255;255;255m▄[38;2;255;255;255m[48;2;255;255;255m▄[38;2;255;255;255m[48;2;255;255;255m▄[38;2;255;255;255m[48;2;255;255;255m▄[38;2;255;255;255m[48;2;255;255;255m▄[38;2;255;255;255m[48;2;255;255;255m▄[38;2;255;255;255m[48;2;255;255;255m▄[38;2;255;255;255m[48;2;255;255;255m▄[38;2;255;255;255m[48;2;255;255;255m▄[38;2;255;255;255m[48;2;255;255;255m▄[38;2;255;255;255m[48;2;255;255;255m▄[38;2;255;255;255m[48;2;255;255;255m▄[38;2;255;255;255m[48;2;255;255;255m▄[38;2;255;255;255m[48;2;255;255;255m▄[38;2;255;255;255m[48;2;255;255;255m▄[38;2;255;255;255m[48;2;255;255;255m▄[38;2;255;255;255m[48;2;255;255;255m▄[38;2;255;255;255m[48;2;255;255;255m▄[38;2;199;199;199m[48;2;199;199;199m▄[38;2;47;54;47m[48;2;53;58;52m▄[38;2;97;103;91m[48;2;108;114;102m▄[38;2;126;130;112m[48;2;126;130;115m▄[38;2;86;89;76m[48;2;26;29;23m▄[38;2;0;1;0m[48;2;0;0;0m▄[38;2;0;1;0m[48;2;1;4;0m▄[38;2;1;4;0m[48;2;1;5;1m▄[38;2;1;3;0m[48;2;1;2;0m▄[38;2;1;2;0m[48;2;1;0;1m▄[38;2;1;1;0m[48;2;1;0;1m▄[38;2;0;0;0m[48;2;1;1;1m▄[38;2;1;1;1m[48;2;1;2;1m▄[38;2;1;2;1m[48;2;2;4;0m▄[38;2;0;2;0m[48;2;1;3;0m▄[38;2;1;1;0m[48;2;4;5;2m▄[38;2;2;4;1m[48;2;20;20;15m▄[38;2;1;3;0m[48;2;2;3;0m▄[38;2;1;2;0m[48;2;0;2;0m▄[38;2;1;1;1m[48;2;1;3;0m▄[38;2;0;1;0m[48;2;0;1;0m▄[38;2;2;4;0m[48;2;0;0;0m▄[38;2;4;6;1m[48;2;1;3;1m▄[38;2;0;0;0m[48;2;4;5;1m▄[38;2;0;0;0m[48;2;0;0;0m▄[38;2;80;76;62m[48;2;39;36;24m▄[38;2;60;55;40m[48;2;79;69;53m▄[38;2;123;111;85m[48;2;108;95;71m▄[38;2;230;211;170m[48;2;229;209;170m▄[38;2;241;224;185m[48;2;250;228;190m▄[0m
[38;2;219;219;219m[48;2;255;255;255m▄[38;2;220;220;220m[48;2;255;255;255m▄[38;2;219;219;219m[48;2;255;255;255m▄[38;2;219;219;219m[48;2;255;255;255m▄[38;2;219;219;219m[48;2;255;255;255m▄[38;2;219;219;219m[48;2;255;255;255m▄[38;2;219;219;219m[48;2;255;255;255m▄[38;2;219;219;219m[48;2;255;255;255m▄[38;2;219;219;219m[48;2;255;255;255m▄[38;2;219;219;219m[48;2;255;255;255m▄[38;2;219;219;219m[48;2;255;255;255m▄[38;2;219;219;219m[48;2;255;255;255m▄[38;2;219;219;219m[48;2;255;255;255m▄[38;2;219;219;219m[48;2;255;255;255m▄[38;2;219;219;219m[48;2;255;255;255m▄[38;2;219;219;219m[48;2;255;255;255m▄[38;2;219;219;219m[48;2;255;255;255m▄[38;2;219;219;219m[48;2;255;255;255m▄[38;2;219;219;219m[48;2;255;255;255m▄[38;2;219;219;219m[48;2;255;255;255m▄[38;2;219;219;219m[48;2;255;255;255m▄[38;2;219;219;219m[48;2;255;255;255m▄[38;2;219;219;219m[48;2;255;255;255m▄[38;2;219;219;219m[48;2;255;255;255m▄[38;2;219;219;219m[48;2;255;255;255m▄[38;2;219;219;219m[48;2;255;255;255m▄[38;2;219;219;219m[48;2;255;255;255m▄[38;2;219;219;219m[48;2;255;255;255m▄[38;2;219;219;219m[48;2;255;255;255m▄[38;2;219;219;219m[48;2;255;255;255m▄[38;2;170;171;170m[48;2;204;204;204m▄[38;2;41;44;35m[48;2;45;50;42m▄[38;2;72;76;65m[48;2;88;95;81m▄[38;2;93;99;85m[48;2;108;115;98m▄[38;2;120;122;102m[48;2;157;157;133m▄[38;2;127;122;98m[48;2;98;96;77m▄[38;2;74;73;58m[48;2;10;12;8m▄[38;2;14;16;12m[48;2;0;0;0m▄[38;2;9;11;8m[48;2;0;0;0m▄[38;2;12;15;10m[48;2;0;0;0m▄[38;2;15;18;13m[48;2;0;0;0m▄[38;2;16;18;14m[48;2;0;0;0m▄[38;2;28;24;21m[48;2;0;0;0m▄[38;2;19;12;9m[48;2;0;0;0m▄[38;2;16;11;9m[48;2;0;0;0m▄[38;2;12;10;7m[48;2;0;0;0m▄[38;2;9;9;8m[48;2;5;7;5m▄[38;2;10;11;9m[48;2;0;0;0m▄[38;2;10;13;8m[48;2;0;0;0m▄[38;2;10;12;8m[48;2;0;0;0m▄[38;2;8;12;7m[48;2;0;1;0m▄[38;2;9;13;7m[48;2;0;4;0m▄[38;2;3;3;3m[48;2;0;2;0m▄[38;2;102;95;80m[48;2;46;45;35m▄[38;2;176;158;130m[48;2;71;64;51m▄[38;2;100;93;74m[48;2;39;37;30m▄[38;2;41;38;26m[48;2;26;23;16m▄[38;2;134;121;96m[48;2;139;125;95m▄[38;2;193;174;143m[48;2;234;213;173m▄[38;2;184;172;144m[48;2;237;219;182m▄[0m
[38;2;255;255;255m[48;2;225;225;225m▄[38;2;255;255;255m[48;2;226;226;226m▄[38;2;255;255;255m[48;2;226;226;226m▄[38;2;255;255;255m[48;2;226;226;226m▄[38;2;255;255;255m[48;2;226;226;226m▄[38;2;255;255;255m[48;2;226;226;226m▄[38;2;255;255;255m[48;2;226;226;226m▄[38;2;255;255;255m[48;2;226;226;226m▄[38;2;255;255;255m[48;2;226;226;226m▄[38;2;255;255;255m[48;2;226;226;226m▄[38;2;255;255;255m[48;2;226;226;226m▄[38;2;255;255;255m[48;2;226;226;226m▄[38;2;255;255;255m[48;2;226;226;226m▄[38;2;255;255;255m[48;2;226;226;226m▄[38;2;255;255;255m[48;2;226;226;226m▄[38;2;255;255;255m[48;2;226;226;226m▄[38;2;255;255;255m[48;2;226;226;226m▄[38;2;255;255;255m[48;2;226;226;226m▄[38;2;255;255;255m[48;2;226;226;226m▄[38;2;255;255;255m[48;2;226;226;226m▄[38;2;255;255;255m[48;2;226;226;226m▄[38;2;255;255;255m[48;2;226;226;226m▄[38;2;255;255;255m[48;2;226;226;226m▄[38;2;255;255;255m[48;2;226;226;226m▄[38;2;255;255;255m[48;2;226;226;226m▄[38;2;255;255;255m[48;2;226;226;226m▄[38;2;255;255;255m[48;2;226;226;226m▄[38;2;255;255;255m[48;2;226;226;226m▄[38;2;255;255;255m[48;2;226;226;226m▄[38;2;255;255;255m[48;2;226;226;226m▄[38;2;201;202;202m[48;2;175;175;176m▄[38;2;118;117;97m[48;2;107;106;92m▄[38;2;166;164;140m[48;2;143;141;122m▄[38;2;204;194;164m[48;2;188;179;151m▄[38;2;242;223;185m[48;2;207;193;160m▄[38;2;228;207;170m[48;2;199;183;151m▄[38;2;162;149;129m[48;2;142;131;114m▄[38;2;186;166;140m[48;2;200;182;155m▄[38;2;104;85;62m[48;2;218;198;166m▄[38;2;65;49;32m[48;2;202;187;157m▄[38;2;84;60;43m[48;2;184;171;144m▄[38;2;93;63;48m[48;2;189;176;147m▄[38;2;129;106;86m[48;2;228;206;173m▄[38;2;245;223;186m[48;2;224;197;163m▄[38;2;248;222;182m[48;2;221;195;161m▄[38;2;255;233;191m[48;2;222;197;164m▄[38;2;255;235;194m[48;2;219;197;162m▄[38;2;247;223;181m[48;2;215;196;160m▄[38;2;246;222;179m[48;2;210;190;155m▄[38;2;245;219;176m[48;2;204;184;149m▄[38;2;239;212;172m[48;2;196;177;143m▄[38;2;220;196;159m[48;2;183;165;134m▄[38;2;148;131;95m[48;2;118;106;75m▄[38;2;85;78;55m[48;2;64;59;39m▄[38;2;0;0;0m[48;2;0;1;1m▄[38;2;144;137;117m[48;2;111;106;91m▄[38;2;255;255;223m[48;2;230;229;190m▄[38;2;255;255;221m[48;2;228;229;190m▄[38;2;207;205;173m[48;2;182;180;149m▄[38;2;199;195;160m[48;2;168;164;134m▄[0m
[38;2;255;255;255m[48;2;255;255;255m▄[38;2;255;255;255m[48;2;255;255;255m▄[38;2;255;255;255m[48;2;255;255;255m▄[38;2;255;255;255m[48;2;255;255;255m▄[38;2;255;255;255m[48;2;255;255;255m▄[38;2;255;255;255m[48;2;255;255;255m▄[38;2;255;255;255m[48;2;255;255;255m▄[38;2;255;255;255m[48;2;255;255;255m▄[38;2;255;255;255m[48;2;255;255;255m▄[38;2;255;255;255m[48;2;255;255;255m▄[38;2;255;255;255m[48;2;255;255;255m▄[38;2;255;255;255m[48;2;255;255;255m▄[38;2;255;255;255m[48;2;255;255;255m▄[38;2;255;255;255m[48;2;255;255;255m▄[38;2;255;255;255m[48;2;255;255;255m▄[38;2;255;255;255m[48;2;255;255;255m▄[38;2;255;255;255m[48;2;255;255;255m▄[38;2;255;255;255m[48;2;255;255;255m▄[38;2;255;255;255m[48;2;255;255;255m▄[38;2;255;255;255m[48;2;255;255;255m▄[38;2;255;255;255m[48;2;255;255;255m▄[38;2;255;255;255m[48;2;255;255;255m▄[38;2;255;255;255m[48;2;255;255;255m▄[38;2;255;255;255m[48;2;255;255;255m▄[38;2;255;255;255m[48;2;255;255;255m▄[38;2;255;255;255m[48;2;255;255;255m▄[38;2;255;255;255m[48;2;255;255;255m▄[38;2;255;255;255m[48;2;255;255;255m▄[38;2;255;255;255m[48;2;255;255;255m▄[38;2;255;255;255m[48;2;255;255;255m▄[38;2;199;199;199m[48;2;197;198;198m▄[38;2;100;99;82m[48;2;109;105;88m▄[38;2;161;157;134m[48;2;164;159;137m▄[38;2;178;171;148m[48;2;188;179;155m▄[38;2;203;186;156m[48;2;225;205;173m▄[38;2;158;141;111m[48;2;177;158;125m▄[38;2;106;97;74m[48;2;114;104;84m▄[38;2;132;95;83m[48;2;96;69;55m▄[38;2;255;178;156m[48;2;108;60;36m▄[38;2;247;151;134m[48;2;133;87;60m▄[38;2;192;89;79m[48;2;165;109;82m▄[38;2;169;104;88m[48;2;182;131;104m▄[38;2;137;83;66m[48;2;154;106;82m▄[38;2;160;133;110m[48;2;207;181;150m▄[38;2;248;225;186m[48;2;243;218;179m▄[38;2;253;229;188m[48;2;249;224;184m▄[38;2;255;232;191m[48;2;255;232;192m▄[38;2;253;230;189m[48;2;246;220;181m▄[38;2;250;226;186m[48;2;246;223;181m▄[38;2;246;222;182m[48;2;246;222;181m▄[38;2;241;216;176m[48;2;238;212;172m▄[38;2;228;204;166m[48;2;219;195;156m▄[38;2;154;136;102m[48;2;149;132;99m▄[38;2;89;79;57m[48;2;88;79;59m▄[38;2;0;0;0m[48;2;0;0;0m▄[38;2;114;104;83m[48;2;135;125;105m▄[38;2;243;238;193m[48;2;250;246;201m▄[38;2;247;247;206m[48;2;252;253;210m▄[38;2;203;199;168m[48;2;202;200;167m▄[38;2;203;192;167m[48;2;199;192;160m▄[0m
[38;2;255;255;255m[48;2;255;255;255m▄[38;2;255;255;255m[48;2;255;255;255m▄[38;2;255;255;255m[48;2;255;255;255m▄[38;2;255;255;255m[48;2;255;255;255m▄[38;2;255;255;255m[48;2;255;255;255m▄[38;2;255;255;255m[48;2;255;255;255m▄[38;2;255;255;255m[48;2;255;255;255m▄[38;2;255;255;255m[48;2;255;255;255m▄[38;2;255;255;255m[48;2;255;255;255m▄[38;2;255;255;255m[48;2;255;255;255m▄[38;2;255;255;255m[48;2;255;255;255m▄[38;2;255;255;255m[48;2;255;255;255m▄[38;2;255;255;255m[48;2;255;255;255m▄[38;2;255;255;255m[48;2;255;255;255m▄[38;2;255;255;255m[48;2;255;255;255m▄[38;2;255;255;255m[48;2;255;255;255m▄[38;2;255;255;255m[48;2;255;255;255m▄[38;2;255;255;255m[48;2;255;255;255m▄[38;2;255;255;255m[48;2;255;255;255m▄[38;2;255;255;255m[48;2;255;255;255m▄[38;2;255;255;255m[48;2;255;255;255m▄[38;2;255;255;255m[48;2;255;255;255m▄[38;2;255;255;255m[48;2;255;255;255m▄[38;2;255;255;255m[48;2;255;255;255m▄[38;2;255;255;255m[48;2;255;255;255m▄[38;2;255;255;255m[48;2;255;255;255m▄[38;2;255;255;255m[48;2;255;255;255m▄[38;2;255;255;255m[48;2;255;255;255m▄[38;2;255;255;255m[48;2;255;255;255m▄[38;2;255;255;255m[48;2;255;255;255m▄[38;2;199;199;200m[48;2;199;199;200m▄[38;2;92;90;75m[48;2;92;92;77m▄[38;2;138;135;117m[48;2;155;153;131m▄[38;2;114;113;98m[48;2;174;168;146m▄[38;2;80;77;62m[48;2;203;187;157m▄[38;2;32;32;20m[48;2;153;139;109m▄[38;2;4;6;1m[48;2;89;81;60m▄[38;2;0;0;0m[48;2;62;50;41m▄[38;2;5;5;1m[48;2;198;141;120m▄[38;2;82;62;46m[48;2;219;123;106m▄[38;2;124;84;61m[48;2;205;105;90m▄[38;2;96;55;40m[48;2;211;114;93m▄[38;2;113;93;80m[48;2;223;146;124m▄[38;2;189;172;152m[48;2;255;232;199m▄[38;2;232;207;180m[48;2;253;225;189m▄[38;2;254;227;190m[48;2;250;227;186m▄[38;2;254;228;190m[48;2;255;231;191m▄[38;2;248;223;186m[48;2;252;229;190m▄[38;2;247;223;186m[48;2;250;227;188m▄[38;2;250;225;190m[48;2;248;223;184m▄[38;2;246;219;183m[48;2;245;219;178m▄[38;2;229;199;167m[48;2;228;203;166m▄[38;2;156;134;104m[48;2;155;136;104m▄[38;2;82;73;52m[48;2;85;78;56m▄[38;2;0;0;0m[48;2;0;0;0m▄[38;2;134;124;104m[48;2;123;113;93m▄[38;2;250;242;203m[48;2;247;241;198m▄[38;2;245;241;202m[48;2;246;244;204m▄[38;2;191;187;159m[48;2;196;193;163m▄[38;2;201;195;168m[48;2;203;196;166m▄[0m
[38;2;255;255;255m[48;2;255;255;255m▄[38;2;255;255;255m[48;2;255;255;255m▄[38;2;255;255;255m[48;2;255;255;255m▄[38;2;255;255;255m[48;2;255;255;255m▄[38;2;255;255;255m[48;2;255;255;255m▄[38;2;255;255;255m[48;2;255;255;255m▄[38;2;255;255;255m[48;2;255;255;255m▄[38;2;255;255;255m[48;2;255;255;255m▄[38;2;255;255;255m[48;2;255;255;255m▄[38;2;255;255;255m[48;2;255;255;255m▄[38;2;255;255;255m[48;2;255;255;255m▄[38;2;255;255;255m[48;2;255;255;255m▄[38;2;255;255;255m[48;2;255;255;255m▄[38;2;255;255;255m[48;2;255;255;255m▄[38;2;255;255;255m[48;2;255;255;255m▄[38;2;255;255;255m[48;2;255;255;255m▄[38;2;255;255;255m[48;2;255;255;255m▄[38;2;255;255;255m[48;2;255;255;255m▄[38;2;255;255;255m[48;2;255;255;255m▄[38;2;255;255;255m[48;2;255;255;255m▄[38;2;255;255;255m[48;2;255;255;255m▄[38;2;255;255;255m[48;2;255;255;255m▄[38;2;255;255;255m[48;2;255;255;255m▄[38;2;255;255;255m[48;2;255;255;255m▄[38;2;255;255;255m[48;2;255;255;255m▄[38;2;255;255;255m[48;2;255;255;255m▄[38;2;255;255;255m[48;2;255;255;255m▄[38;2;255;255;255m[48;2;255;255;255m▄[38;2;255;255;255m[48;2;255;255;255m▄[38;2;255;255;255m[48;2;255;255;255m▄[38;2;201;201;201m[48;2;201;200;201m▄[38;2;11;11;4m[48;2;52;52;39m▄[38;2;14;13;6m[48;2;40;43;31m▄[38;2;5;5;0m[48;2;3;6;0m▄[38;2;2;4;0m[48;2;0;0;0m▄[38;2;1;4;0m[48;2;0;1;0m▄[38;2;3;6;1m[48;2;1;7;0m▄[38;2;1;5;0m[48;2;1;6;1m▄[38;2;2;5;1m[48;2;0;1;0m▄[38;2;3;7;2m[48;2;0;0;0m▄[38;2;0;0;0m[48;2;10;10;7m▄[38;2;0;0;0m[48;2;31;25;20m▄[38;2;0;3;0m[48;2;0;0;0m▄[38;2;1;4;0m[48;2;0;0;0m▄[38;2;0;0;0m[48;2;30;28;25m▄[38;2;4;4;4m[48;2;174;158;136m▄[38;2;150;136;117m[48;2;255;242;206m▄[38;2;255;235;198m[48;2;248;221;185m▄[38;2;244;216;179m[48;2;245;219;182m▄[38;2;245;218;180m[48;2;249;224;187m▄[38;2;239;212;175m[48;2;244;217;181m▄[38;2;221;193;163m[48;2;227;196;166m▄[38;2;146;125;99m[48;2;152;129;101m▄[38;2;70;60;47m[48;2;75;66;49m▄[38;2;0;0;0m[48;2;0;0;0m▄[38;2;136;126;101m[48;2;138;128;104m▄[38;2;254;243;200m[48;2;252;243;202m▄[38;2;239;232;196m[48;2;242;237;200m▄[38;2;182;179;150m[48;2;188;185;158m▄[38;2;194;188;160m[48;2;199;193;167m▄[0m
[38;2;255;255;255m[48;2;255;255;255m▄[38;2;255;255;255m[48;2;255;255;255m▄[38;2;255;255;255m[48;2;255;255;255m▄[38;2;255;255;255m[48;2;255;255;255m▄[38;2;255;255;255m[48;2;255;255;255m▄[38;2;255;255;255m[48;2;255;255;255m▄[38;2;255;255;255m[48;2;255;255;255m▄[38;2;255;255;255m[48;2;255;255;255m▄[38;2;255;255;255m[48;2;255;255;255m▄[38;2;255;255;255m[48;2;255;255;255m▄[38;2;255;255;255m[48;2;255;255;255m▄[38;2;255;255;255m[48;2;255;255;255m▄[38;2;255;255;255m[48;2;255;255;255m▄[38;2;255;255;255m[48;2;255;255;255m▄[38;2;255;255;255m[48;2;255;255;255m▄[38;2;255;255;255m[48;2;255;255;255m▄[38;2;255;255;255m[48;2;255;255;255m▄[38;2;255;255;255m[48;2;255;255;255m▄[38;2;255;255;255m[48;2;255;255;255m▄[38;2;255;255;255m[48;2;255;255;255m▄[38;2;255;255;255m[48;2;255;255;255m▄[38;2;255;255;255m[48;2;255;255;255m▄[38;2;255;255;255m[48;2;255;255;255m▄[38;2;255;255;255m[48;2;255;255;255m▄[38;2;255;255;255m[48;2;255;255;255m▄[38;2;255;255;255m[48;2;255;255;255m▄[38;2;255;255;255m[48;2;255;255;255m▄[38;2;255;255;255m[48;2;255;255;255m▄[38;2;255;255;255m[48;2;255;255;255m▄[38;2;255;255;255m[48;2;255;255;255m▄[38;2;200;200;200m[48;2;200;200;200m▄[38;2;10;11;5m[48;2;13;11;6m▄[38;2;11;14;6m[48;2;15;14;8m▄[38;2;1;4;0m[48;2;4;5;0m▄[38;2;0;2;0m[48;2;2;5;1m▄[38;2;0;4;0m[48;2;0;2;0m▄[38;2;0;4;0m[48;2;1;2;0m▄[38;2;1;2;0m[48;2;0;4;0m▄[38;2;0;2;0m[48;2;2;6;2m▄[38;2;2;4;0m[48;2;5;10;4m▄[38;2;5;6;1m[48;2;3;5;0m▄[38;2;2;3;0m[48;2;2;2;0m▄[38;2;1;2;0m[48;2;0;2;1m▄[38;2;1;3;1m[48;2;2;4;0m▄[38;2;2;4;0m[48;2;4;6;0m▄[38;2;0;0;0m[48;2;0;1;0m▄[38;2;0;0;0m[48;2;0;0;0m▄[38;2;0;0;0m[48;2;103;96;83m▄[38;2;40;36;32m[48;2;235;212;177m▄[38;2;153;137;117m[48;2;255;230;190m▄[38;2;236;210;175m[48;2;236;209;173m▄[38;2;223;195;160m[48;2;217;189;158m▄[38;2;135;116;85m[48;2;140;120;91m▄[38;2;60;52;37m[48;2;65;56;42m▄[38;2;0;0;0m[48;2;0;0;0m▄[38;2;134;124;97m[48;2;135;125;99m▄[38;2;252;236;192m[48;2;253;241;196m▄[38;2;230;218;182m[48;2;234;226;186m▄[38;2;170;164;139m[48;2;175;172;141m▄[38;2;184;179;152m[48;2;190;184;155m▄[0m
[38;2;255;255;255m[48;2;255;255;255m▄[38;2;255;255;255m[48;2;255;255;255m▄[38;2;255;255;255m[48;2;255;255;255m▄[38;2;255;255;255m[48;2;255;255;255m▄[38;2;255;255;255m[48;2;255;255;255m▄[38;2;255;255;255m[48;2;255;255;255m▄[38;2;255;255;255m[48;2;255;255;255m▄[38;2;255;255;255m[48;2;255;255;255m▄[38;2;255;255;255m[48;2;255;255;255m▄[38;2;255;255;255m[48;2;255;255;255m▄[38;2;255;255;255m[48;2;255;255;255m▄[38;2;255;255;255m[48;2;255;255;255m▄[38;2;255;255;255m[48;2;255;255;255m▄[38;2;255;255;255m[48;2;255;255;255m▄[38;2;255;255;255m[48;2;255;255;255m▄[38;2;255;255;255m[48;2;255;255;255m▄[38;2;255;255;255m[48;2;255;255;255m▄[38;2;255;255;255m[48;2;255;255;255m▄[38;2;255;255;255m[48;2;255;255;255m▄[38;2;255;255;255m[48;2;255;255;255m▄[38;2;255;255;255m[48;2;255;255;255m▄[38;2;255;255;255m[48;2;255;255;255m▄[38;2;255;255;255m[48;2;255;255;255m▄[38;2;255;255;255m[48;2;255;255;255m▄[38;2;255;255;255m[48;2;255;255;255m▄[38;2;255;255;255m[48;2;255;255;255m▄[38;2;255;255;255m[48;2;255;255;255m▄[38;2;255;255;255m[48;2;255;255;255m▄[38;2;255;255;255m[48;2;255;255;255m▄[38;2;255;255;255m[48;2;255;255;255m▄[38;2;208;207;207m[48;2;199;199;199m▄[38;2;18;21;14m[48;2;4;5;0m▄[38;2;0;2;0m[48;2;7;9;3m▄[38;2;1;2;2m[48;2;1;2;2m▄[38;2;1;1;3m[48;2;0;2;2m▄[38;2;1;3;2m[48;2;0;4;2m▄[38;2;0;6;1m[48;2;1;6;0m▄[38;2;1;3;1m[48;2;1;3;0m▄[38;2;0;2;1m[48;2;1;1;0m▄[38;2;0;2;0m[48;2;0;1;0m▄[38;2;1;3;0m[48;2;1;4;1m▄[38;2;1;3;0m[48;2;1;3;0m▄[38;2;0;2;0m[48;2;1;3;0m▄[38;2;0;4;0m[48;2;6;8;3m▄[38;2;0;0;0m[48;2;1;1;0m▄[38;2;76;73;61m[48;2;40;36;31m▄[38;2;239;214;174m[48;2;67;60;49m▄[38;2;206;182;146m[48;2;23;21;17m▄[38;2;178;159;128m[48;2;0;0;0m▄[38;2;137;122;97m[48;2;0;0;0m▄[38;2;74;66;50m[48;2;41;38;33m▄[38;2;70;37;29m[48;2;156;135;111m▄[38;2;102;53;42m[48;2;139;111;83m▄[38;2;26;19;14m[48;2;54;47;33m▄[38;2;0;0;0m[48;2;0;0;0m▄[38;2;128;117;91m[48;2;132;122;96m▄[38;2;247;226;185m[48;2;249;231;189m▄[38;2;218;203;169m[48;2;225;212;177m▄[38;2;154;152;127m[48;2;164;160;135m▄[38;2;167;166;142m[48;2;177;173;146m▄[0m
[38;2;254;254;254m[48;2;255;255;255m▄[38;2;255;255;255m[48;2;255;255;255m▄[38;2;255;255;255m[48;2;255;255;255m▄[38;2;255;255;255m[48;2;255;255;255m▄[38;2;255;255;255m[48;2;255;255;255m▄[38;2;255;255;255m[48;2;255;255;255m▄[38;2;255;255;255m[48;2;255;255;255m▄[38;2;255;255;255m[48;2;255;255;255m▄[38;2;255;255;255m[48;2;255;255;255m▄[38;2;255;255;255m[48;2;255;255;255m▄[38;2;255;255;255m[48;2;255;255;255m▄[38;2;255;255;255m[48;2;255;255;255m▄[38;2;255;255;255m[48;2;255;255;255m▄[38;2;255;255;255m[48;2;255;255;255m▄[38;2;255;255;255m[48;2;255;255;255m▄[38;2;255;255;255m[48;2;255;255;255m▄[38;2;255;255;255m[48;2;255;255;255m▄[38;2;255;255;255m[48;2;255;255;255m▄[38;2;255;255;255m[48;2;255;255;255m▄[38;2;255;255;255m[48;2;255;255;255m▄[38;2;255;255;255m[48;2;255;255;255m▄[38;2;255;255;255m[48;2;255;255;255m▄[38;2;255;255;255m[48;2;255;255;255m▄[38;2;255;255;255m[48;2;255;255;255m▄[38;2;255;255;255m[48;2;255;255;255m▄[38;2;255;255;255m[48;2;255;255;255m▄[38;2;255;255;255m[48;2;255;255;255m▄[38;2;255;255;255m[48;2;255;255;255m▄[38;2;255;255;255m[48;2;255;255;255m▄[38;2;255;255;255m[48;2;255;255;255m▄[38;2;226;225;225m[48;2;219;219;219m▄[38;2;115;114;102m[48;2;78;80;73m▄[38;2;4;7;3m[48;2;0;0;0m▄[38;2;0;6;1m[48;2;0;5;1m▄[38;2;0;4;1m[48;2;1;4;2m▄[38;2;0;3;0m[48;2;0;5;1m▄[38;2;1;2;1m[48;2;0;4;0m▄[38;2;0;4;1m[48;2;1;3;1m▄[38;2;0;4;0m[48;2;1;2;1m▄[38;2;0;4;0m[48;2;1;2;0m▄[38;2;0;3;0m[48;2;0;4;0m▄[38;2;0;3;0m[48;2;0;3;1m▄[38;2;8;4;3m[48;2;0;0;0m▄[38;2;162;90;80m[48;2;44;32;29m▄[38;2;238;132;118m[48;2;67;43;38m▄[38;2;172;104;90m[48;2;73;56;50m▄[38;2;221;182;145m[48;2;224;196;161m▄[38;2;230;201;162m[48;2;228;199;160m▄[38;2;223;195;157m[48;2;234;205;165m▄[38;2;226;199;159m[48;2;235;206;163m▄[38;2;222;195;153m[48;2;227;201;158m▄[38;2;208;185;143m[48;2;177;151;116m▄[38;2;127;114;79m[48;2;101;78;53m▄[38;2;48;44;29m[48;2;43;35;24m▄[38;2;0;0;0m[48;2;0;0;0m▄[38;2;133;119;91m[48;2;127;115;88m▄[38;2;253;225;178m[48;2;243;220;175m▄[38;2;216;202;162m[48;2;209;195;161m▄[38;2;151;149;124m[48;2;145;144;119m▄[38;2;168;164;138m[48;2;163;159;133m▄[0m
