[38;2;123;145;148m[48;2;134;155;159m▄[38;2;135;160;164m[48;2;125;152;154m▄[38;2;138;157;159m[48;2;131;148;150m▄[38;2;143;160;163m[48;2;135;152;154m▄[38;2;123;139;142m[48;2;102;121;123m▄[38;2;115;136;139m[48;2;96;117;123m▄[38;2;104;132;135m[48;2;83;108;113m▄[38;2;77;102;106m[48;2;65;84;92m▄[38;2;80;106;111m[48;2;79;100;108m▄[38;2;80;105;111m[48;2;102;121;129m▄[38;2;81;105;111m[48;2;117;137;142m▄[38;2;86;109;116m[48;2;127;146;154m▄[38;2;95;117;124m[48;2;131;150;158m▄[38;2;101;123;131m[48;2;129;152;160m▄[38;2;103;124;131m[48;2;125;146;150m▄[38;2;109;128;134m[48;2;119;139;141m▄[38;2;115;136;142m[48;2;112;131;133m▄[38;2;126;149;159m[48;2;115;139;142m▄[38;2;124;143;149m[48;2;119;137;137m▄[38;2;126;143;144m[48;2;131;146;144m▄[38;2;130;145;144m[48;2;142;158;158m▄[38;2;123;141;142m[48;2;164;179;181m▄[38;2;148;164;165m[48;2;150;164;169m▄[38;2;162;175;169m[48;2;115;129;133m▄[38;2;165;174;169m[48;2;119;131;133m▄[38;2;158;170;169m[48;2;133;146;144m▄[38;2;159;173;172m[48;2;144;154;150m▄[38;2;172;187;182m[48;2;158;171;162m▄[38;2;184;195;190m[48;2;166;179;171m▄[38;2;179;190;184m[48;2;142;158;150m▄[38;2;177;190;182m[48;2;144;160;152m▄[38;2;208;215;207m[48;2;173;185;175m▄[38;2;208;214;206m[48;2;173;183;175m▄[38;2;212;217;209m[48;2;150;160;154m▄[38;2;198;204;199m[48;2;96;106;94m▄[38;2;162;172;166m[48;2;142;141;115m▄[38;2;148;170;175m[48;2;139;160;156m▄[38;2;129;164;182m[48;2;117;152;169m▄[38;2;109;153;175m[48;2;104;142;162m▄[38;2;103;150;173m[48;2;96;137;156m▄[38;2;104;153;179m[48;2;106;146;169m▄[38;2;89;157;199m[48;2;98;154;195m▄[38;2;92;163;210m[48;2;90;156;198m▄[38;2;132;181;215m[48;2;110;160;191m▄[38;2;255;255;255m[48;2;239;243;239m▄[38;2;255;255;255m[48;2;251;251;241m▄[38;2;255;255;255m[48;2;249;251;239m▄[38;2;255;255;255m[48;2;249;251;241m▄[38;2;255;255;255m[48;2;251;251;245m▄[38;2;255;255;255m[48;2;249;251;245m▄[38;2;255;255;255m[48;2;249;251;243m▄[38;2;255;255;255m[48;2;251;251;243m▄[38;2;255;255;255m[48;2;251;251;241m▄[38;2;255;255;255m[48;2;251;251;243m▄[38;2;255;255;255m[48;2;251;251;243m▄[38;2;255;255;255m[48;2;249;251;243m▄[38;2;255;255;255m[48;2;249;249;241m▄[38;2;255;255;255m[48;2;247;249;241m▄[38;2;255;255;255m[48;2;247;247;241m▄[38;2;255;255;255m[48;2;254;254;254m▄[0m
[38;2;142;160;171m[48;2;99;116;123m▄[38;2;150;169;180m[48;2;121;138;142m▄[38;2;119;135;136m[48;2;121;136;138m▄[38;2;127;140;142m[48;2;130;145;148m▄[38;2;127;139;140m[48;2;127;139;142m▄[38;2;87;98;104m[48;2;92;109;112m▄[38;2;106;125;133m[48;2;97;118;124m▄[38;2;68;87;89m[48;2;66;89;93m▄[38;2;67;86;87m[48;2;75;99;102m▄[38;2;67;86;87m[48;2;76;100;105m▄[38;2;68;88;89m[48;2;76;100;103m▄[38;2;51;63;67m[48;2;76;101;105m▄[38;2;59;70;71m[48;2;72;96;101m▄[38;2;70;78;76m[48;2;68;91;97m▄[38;2;83;89;87m[48;2;66;86;94m▄[38;2;85;95;94m[48;2;67;86;95m▄[38;2;85;98;100m[48;2;67;86;94m▄[38;2;99;117;119m[48;2;89;110;117m▄[38;2;110;129;132m[48;2;97;116;121m▄[38;2;93;108;110m[48;2;95;111;116m▄[38;2;95;109;111m[48;2;109;125;128m▄[38;2;115;132;133m[48;2;107;122;124m▄[38;2;124;139;140m[48;2;122;138;142m▄[38;2;108;113;107m[48;2;130;144;146m▄[38;2;136;130;119m[48;2;126;138;137m▄[38;2;190;165;146m[48;2;139;149;147m▄[38;2;190;157;134m[48;2;160;167;163m▄[38;2;171;138;114m[48;2;184;174;166m▄[38;2;153;126;98m[48;2;181;166;154m▄[38;2;131;107;84m[48;2;174;161;152m▄[38;2;119;110;99m[48;2;177;173;160m▄[38;2;148;156;150m[48;2;193;194;178m▄[38;2;164;173;165m[48;2;205;205;188m▄[38;2;151;162;153m[48;2;199;196;184m▄[38;2;141;151;143m[48;2;204;205;203m▄[38;2;128;141;135m[48;2;165;176;180m▄[38;2;114;134;135m[48;2;141;158;165m▄[38;2;97;128;137m[48;2;115;147;160m▄[38;2;80;117;131m[48;2;98;138;157m▄[38;2;75;117;131m[48;2;94;137;157m▄[38;2;79;124;142m[48;2;93;138;161m▄[38;2;66;133;167m[48;2;73;141;180m▄[38;2;58;139;177m[48;2;70;142;184m▄[38;2;102;159;182m[48;2;115;165;193m▄[38;2;236;240;237m[48;2;242;246;245m▄[38;2;244;243;240m[48;2;246;245;243m▄[38;2;242;242;240m[48;2;245;245;243m▄[38;2;243;242;241m[48;2;245;245;243m▄[38;2;244;243;241m[48;2;245;245;243m▄[38;2;244;243;241m[48;2;245;245;243m▄[38;2;244;244;242m[48;2;245;245;243m▄[38;2;244;244;242m[48;2;245;245;243m▄[38;2;244;244;242m[48;2;246;246;243m▄[38;2;244;244;242m[48;2;246;247;244m▄[38;2;244;244;242m[48;2;247;247;245m▄[38;2;243;243;241m[48;2;246;246;244m▄[38;2;241;241;239m[48;2;244;244;242m▄[38;2;240;242;239m[48;2;242;243;240m▄[38;2;239;241;238m[48;2;242;243;240m▄[38;2;255;255;255m[48;2;255;255;255m▄[0m
[38;2;57;81;84m[48;2;73;96;105m▄[38;2;104;129;137m[48;2;120;143;154m▄[38;2;109;127;135m[48;2;117;131;136m▄[38;2;123;139;142m[48;2;126;140;143m▄[38;2;127;140;143m[48;2;126;140;142m▄[38;2;99;112;114m[48;2;111;123;125m▄[38;2;93;109;111m[48;2;120;134;138m▄[38;2;93;112;115m[48;2;109;124;127m▄[38;2;82;99;100m[48;2;110;122;124m▄[38;2;89;105;106m[48;2;104;116;118m▄[38;2;97;112;113m[48;2;102;115;117m▄[38;2;94;107;109m[48;2;89;96;99m▄[38;2;88;103;105m[48;2;94;99;98m▄[38;2;99;114;116m[48;2;102;104;97m▄[38;2;106;119;123m[48;2;103;103;94m▄[38;2;103;116;119m[48;2;93;95;86m▄[38;2;107;119;122m[48;2;98;106;104m▄[38;2;110;124;125m[48;2;118;134;136m▄[38;2;115;131;132m[48;2;132;152;156m▄[38;2;113;128;128m[48;2;109;127;128m▄[38;2;103;115;117m[48;2;89;103;105m▄[38;2;108;122;124m[48;2;109;126;127m▄[38;2;118;135;141m[48;2;125;140;143m▄[38;2;99;114;118m[48;2;79;90;89m▄[38;2;155;131;101m[48;2;109;97;76m▄[38;2;146;107;74m[48;2;173;138;104m▄[38;2;103;74;60m[48;2;122;95;76m▄[38;2;101;83;74m[48;2;94;73;56m▄[38;2;112;107;98m[48;2;107;88;69m▄[38;2;132;137;131m[48;2;115;99;83m▄[38;2;139;148;143m[48;2;138;140;130m▄[38;2;153;160;155m[48;2;148;159;150m▄[38;2;152;155;150m[48;2;146;157;148m▄[38;2;153;156;150m[48;2;152;162;153m▄[38;2;151;154;148m[48;2;149;159;149m▄[38;2;143;150;147m[48;2;140;151;145m▄[38;2;118;135;141m[48;2;118;135;139m▄[38;2;94;123;135m[48;2;93;121;133m▄[38;2;75;111;131m[48;2;63;100;117m▄[38;2;60;100;121m[48;2;51;93;112m▄[38;2;65;109;133m[48;2;60;102;123m▄[38;2;60;124;163m[48;2;65;123;157m▄[38;2;44;113;156m[48;2;50;125;164m▄[38;2;106;148;173m[48;2;98;152;176m▄[38;2;241;244;240m[48;2;238;241;238m▄[38;2;238;238;234m[48;2;241;241;237m▄[38;2;238;241;236m[48;2;239;242;236m▄[38;2;238;240;234m[48;2;239;242;236m▄[38;2;238;240;236m[48;2;240;241;238m▄[38;2;239;241;237m[48;2;241;241;239m▄[38;2;239;241;237m[48;2;241;241;239m▄[38;2;239;241;237m[48;2;242;242;240m▄[38;2;240;241;237m[48;2;243;242;240m▄[38;2;240;241;239m[48;2;243;242;241m▄[38;2;240;240;238m[48;2;243;242;241m▄[38;2;240;239;238m[48;2;241;241;239m▄[38;2;240;240;236m[48;2;240;241;237m▄[38;2;239;240;235m[48;2;239;241;236m▄[38;2;237;239;234m[48;2;238;240;235m▄[38;2;255;255;253m[48;2;255;255;255m▄[0m
[38;2;149;166;173m[48;2;120;140;147m▄[38;2;96;116;123m[48;2;94;116;123m▄[38;2;106;118;124m[48;2;113;127;133m▄[38;2;126;137;141m[48;2;124;136;139m▄[38;2;135;148;151m[48;2;130;143;145m▄[38;2;115;127;129m[48;2;110;124;126m▄[38;2;82;98;99m[48;2;93;108;111m▄[38;2;107;126;127m[48;2;99;119;121m▄[38;2;81;101;102m[48;2;82;101;101m▄[38;2;86;107;109m[48;2;88;107;109m▄[38;2;88;109;111m[48;2;90;110;111m▄[38;2;93;114;118m[48;2;88;106;109m▄[38;2;98;119;127m[48;2;88;106;110m▄[38;2;99;121;131m[48;2;98;118;123m▄[38;2;100;123;134m[48;2;104;127;134m▄[38;2;102;124;133m[48;2;106;129;137m▄[38;2;102;123;132m[48;2;104;128;136m▄[38;2;97;117;125m[48;2;100;121;130m▄[38;2;106;125;131m[48;2;95;112;116m▄[38;2;95;103;101m[48;2;61;73;76m▄[38;2;134;122;105m[48;2;72;86;92m▄[38;2;157;124;95m[48;2;103;112;114m▄[38;2;145;105;73m[48;2;132;129;119m▄[38;2;112;71;43m[48;2;159;133;103m▄[38;2;101;78;64m[48;2;145;105;70m▄[38;2;88;123;144m[48;2;110;84;66m▄[38;2;96;131;150m[48;2;109;103;98m▄[38;2;117;123;119m[48;2;118;125;122m▄[38;2;120;126;116m[48;2;125;133;126m▄[38;2;125;131;123m[48;2;127;134;127m▄[38;2;123;129;120m[48;2;133;141;135m▄[38;2;150;153;146m[48;2;147;152;146m▄[38;2;157;159;152m[48;2;146;148;143m▄[38;2;145;148;142m[48;2;152;154;150m▄[38;2;126;132;126m[48;2;149;155;148m▄[38;2;102;112;110m[48;2;132;142;140m▄[38;2;88;96;99m[48;2;108;123;127m▄[38;2;91;93;96m[48;2;96;116;125m▄[38;2;95;96;95m[48;2;82;104;118m▄[38;2;101;101;99m[48;2;81;104;118m▄[38;2;105;104;102m[48;2;85;114;130m▄[38;2;96;97;99m[48;2;71;122;153m▄[38;2;87;94;103m[48;2;51;114;154m▄[38;2;98;107;109m[48;2;129;165;186m▄[38;2;146;149;147m[48;2;249;253;246m▄[38;2;195;197;194m[48;2;240;242;238m▄[38;2;239;241;238m[48;2;235;237;233m▄[38;2;233;235;231m[48;2;234;236;232m▄[38;2;232;233;230m[48;2;234;236;231m▄[38;2;233;233;230m[48;2;235;237;232m▄[38;2;234;234;231m[48;2;236;238;234m▄[38;2;235;235;232m[48;2;237;239;234m▄[38;2;235;236;232m[48;2;238;240;235m▄[38;2;235;236;232m[48;2;238;240;236m▄[38;2;235;235;232m[48;2;239;240;236m▄[38;2;234;235;232m[48;2;239;239;235m▄[38;2;233;234;231m[48;2;239;239;234m▄[38;2;234;234;232m[48;2;239;239;235m▄[38;2;233;233;231m[48;2;237;237;233m▄[38;2;251;251;248m[48;2;254;254;251m▄[0m
[38;2;116;133;147m[48;2;123;147;155m▄[38;2;111;131;145m[48;2;110;132;141m▄[38;2;78;92;100m[48;2;98;116;120m▄[38;2;114;124;128m[48;2;112;128;130m▄[38;2;126;133;137m[48;2;122;137;138m▄[38;2;128;133;137m[48;2;118;133;134m▄[38;2;86;98;101m[48;2;94;112;111m▄[38;2;95;115;118m[48;2;103;123;123m▄[38;2;90;112;114m[48;2;87;108;110m▄[38;2;83;103;107m[48;2;86;107;111m▄[38;2;87;107;113m[48;2;87;109;113m▄[38;2;89;108;113m[48;2;90;111;116m▄[38;2;72;83;82m[48;2;97;118;125m▄[38;2;72;80;78m[48;2;101;120;128m▄[38;2;68;77;76m[48;2;104;123;129m▄[38;2;77;85;83m[48;2;105;123;128m▄[38;2;78;88;86m[48;2;106;126;130m▄[38;2;146;131;110m[48;2;101;122;126m▄[38;2;189;139;94m[48;2;143;135;120m▄[38;2;163;109;68m[48;2;183;142;104m▄[38;2;128;81;47m[48;2;174;122;78m▄[38;2;114;72;43m[48;2;140;93;58m▄[38;2;114;72;47m[48;2;119;78;50m▄[38;2;91;81;92m[48;2;115;88;71m▄[38;2;51;98;141m[48;2;81;119;143m▄[38;2;46;115;155m[48;2;84;152;189m▄[38;2;64;120;151m[48;2;81;137;164m▄[38;2;60;71;76m[48;2;112;126;122m▄[38;2;42;38;38m[48;2;105;110;100m▄[38;2;33;28;31m[48;2;87;95;92m▄[38;2;36;36;39m[48;2;82;92;87m▄[38;2;37;43;47m[48;2;97;104;102m▄[38;2;77;76;72m[48;2;133;138;135m▄[38;2;92;85;75m[48;2;108;112;106m▄[38;2;71;64;58m[48;2;80;81;77m▄[38;2;62;55;48m[48;2;85;83;78m▄[38;2;64;57;48m[48;2;91;88;81m▄[38;2;78;70;60m[48;2;96;91;83m▄[38;2;79;72;63m[48;2;98;94;89m▄[38;2;74;69;61m[48;2;103;99;95m▄[38;2;65;63;58m[48;2;97;96;91m▄[38;2;57;58;54m[48;2;89;89;86m▄[38;2;49;52;50m[48;2;79;79;78m▄[38;2;45;48;49m[48;2;68;69;65m▄[38;2;43;47;49m[48;2;58;60;58m▄[38;2;24;29;33m[48;2;64;67;68m▄[38;2;116;121;120m[48;2;150;154;151m▄[38;2;240;241;235m[48;2;238;240;235m▄[38;2;230;230;226m[48;2;231;231;228m▄[38;2;230;230;227m[48;2;231;231;229m▄[38;2;230;230;229m[48;2;232;232;230m▄[38;2;230;229;227m[48;2;232;232;230m▄[38;2;230;229;227m[48;2;232;231;230m▄[38;2;229;229;227m[48;2;232;232;230m▄[38;2;229;230;227m[48;2;232;231;230m▄[38;2;228;229;227m[48;2;231;231;229m▄[38;2;227;228;225m[48;2;230;231;229m▄[38;2;227;229;226m[48;2;229;231;229m▄[38;2;229;231;227m[48;2;228;230;227m▄[38;2;243;246;241m[48;2;248;250;244m▄[0m
[38;2;12;48;68m[48;2;79;103;114m▄[38;2;93;124;142m[48;2;112;136;150m▄[38;2;69;79;82m[48;2;74;89;95m▄[38;2;104;113;117m[48;2;111;122;127m▄[38;2;117;126;127m[48;2;121;129;131m▄[38;2;129;133;131m[48;2;125;131;130m▄[38;2;106;111;110m[48;2;98;107;106m▄[38;2;77;93;99m[48;2;90;107;109m▄[38;2;94;114;117m[48;2;93;114;116m▄[38;2;81;99;100m[48;2;88;107;111m▄[38;2;90;109;111m[48;2;92;112;114m▄[38;2;102;116;120m[48;2;101;119;122m▄[38;2;63;67;64m[48;2;64;71;67m▄[38;2;165;135;107m[48;2;114;106;88m▄[38;2;226;167;122m[48;2;177;149;121m▄[38;2;211;153;114m[48;2;184;155;129m▄[38;2;186;131;94m[48;2;171;137;105m▄[38;2;161;110;74m[48;2;181;127;82m▄[38;2;143;97;64m[48;2;153;102;60m▄[38;2;150;99;66m[48;2;125;80;48m▄[38;2;174;80;59m[48;2;109;69;42m▄[38;2;185;99;81m[48;2;120;90;73m▄[38;2;164;101;86m[48;2;121;111;102m▄[38;2;156;83;63m[48;2;148;128;124m▄[38;2;196;117;97m[48;2;153;126;137m▄[38;2;167;125;116m[48;2;108;104;127m▄[38;2;186;181;175m[48;2;110;105;122m▄[38;2;176;162;154m[48;2;137;89;96m▄[38;2;140;126;131m[48;2;115;66;75m▄[38;2;159;169;185m[48;2;121;70;84m▄[38;2;214;215;223m[48;2;174;118;124m▄[38;2;216;198;185m[48;2;201;174;166m▄[38;2;171;125;96m[48;2;169;140;120m▄[38;2;147;93;58m[48;2;146;103;74m▄[38;2;143;90;55m[48;2;97;68;50m▄[38;2;143;94;62m[48;2;67;53;44m▄[38;2;123;79;55m[48;2;58;51;45m▄[38;2;98;64;48m[48;2;57;52;46m▄[38;2;87;60;48m[48;2;58;54;49m▄[38;2;79;56;46m[48;2;54;52;47m▄[38;2;54;44;36m[48;2;40;42;38m▄[38;2;25;28;28m[48;2;32;35;34m▄[38;2;33;32;32m[48;2;36;39;38m▄[38;2;52;42;38m[48;2;37;41;42m▄[38;2;84;52;50m[48;2;28;35;38m▄[38;2;170;116;118m[48;2;81;88;88m▄[38;2;209;180;178m[48;2;219;227;219m▄[38;2;219;213;206m[48;2;231;235;228m▄[38;2;229;234;223m[48;2;226;228;223m▄[38;2;230;238;229m[48;2;226;227;223m▄[38;2;228;232;226m[48;2;227;227;224m▄[38;2;226;227;222m[48;2;227;227;224m▄[38;2;224;225;220m[48;2;228;228;223m▄[38;2;224;226;220m[48;2;227;228;225m▄[38;2;222;225;219m[48;2;226;228;224m▄[38;2;221;223;218m[48;2;225;227;222m▄[38;2;224;228;223m[48;2;224;226;221m▄[38;2;210;202;193m[48;2;216;220;215m▄[38;2;185;160;146m[48;2;190;193;189m▄[38;2;190;154;134m[48;2;171;171;166m▄[0m
[38;2;1;48;90m[48;2;22;64;97m▄[38;2;41;94;134m[48;2;76;120;149m▄[38;2;99;118;128m[48;2;90;106;109m▄[38;2;93;105;106m[48;2;92;105;105m▄[38;2;110;121;124m[48;2;111;123;125m▄[38;2;107;116;116m[48;2;117;124;126m▄[38;2;108;116;117m[48;2;108;114;118m▄[38;2;46;75;92m[48;2;41;69;87m▄[38;2;63;100;118m[48;2;68;99;115m▄[38;2;126;147;152m[48;2;83;100;106m▄[38;2;126;146;152m[48;2;95;108;113m▄[38;2;123;143;148m[48;2;99;117;122m▄[38;2;125;144;144m[48;2;113;114;109m▄[38;2;128;131;125m[48;2;159;109;80m▄[38;2;152;127;106m[48;2;198;137;93m▄[38;2;155;102;69m[48;2;132;88;57m▄[38;2;124;73;51m[48;2;121;76;51m▄[38;2;139;87;68m[48;2;152;104;77m▄[38;2;100;59;42m[48;2;90;57;38m▄[38;2;100;67;55m[48;2;121;85;68m▄[38;2;98;103;109m[48;2;117;79;76m▄[38;2;147;165;175m[48;2;126;72;72m▄[38;2;139;150;158m[48;2;100;46;41m▄[38;2;138;137;147m[48;2;79;23;19m▄[38;2;117;98;105m[48;2;103;30;22m▄[38;2;110;84;84m[48;2;108;40;27m▄[38;2;111;90;85m[48;2;165;78;62m▄[38;2;106;63;56m[48;2;147;62;44m▄[38;2;93;31;25m[48;2;133;57;47m▄[38;2;168;121;115m[48;2;179;153;157m▄[38;2;223;154;117m[48;2;201;194;189m▄[38;2;215;79;56m[48;2;205;164;135m▄[38;2;167;67;56m[48;2;136;85;60m▄[38;2;139;96;69m[48;2;158;105;76m▄[38;2;89;52;37m[48;2;134;82;52m▄[38;2;58;38;29m[48;2;97;59;41m▄[38;2;65;44;33m[48;2;101;64;47m▄[38;2;107;70;53m[48;2;90;60;43m▄[38;2;108;69;49m[48;2;86;56;40m▄[38;2;91;57;39m[48;2;92;57;41m▄[38;2;75;55;43m[48;2;87;56;42m▄[38;2;69;58;51m[48;2;60;45;35m▄[38;2;104;59;59m[48;2;90;71;61m▄[38;2;103;45;54m[48;2;99;62;59m▄[38;2;50;45;60m[48;2;68;41;50m▄[38;2;112;117;128m[48;2;113;57;72m▄[38;2;148;136;148m[48;2;158;68;79m▄[38;2;145;102;103m[48;2;183;88;98m▄[38;2;163;72;66m[48;2;200;122;128m▄[38;2;168;57;71m[48;2;215;167;168m▄[38;2;170;80;94m[48;2;218;204;200m▄[38;2;184;138;136m[48;2;221;226;220m▄[38;2;213;203;193m[48;2;224;228;223m▄[38;2;216;221;216m[48;2;221;225;218m▄[38;2;223;232;221m[48;2;219;223;215m▄[38;2;210;196;180m[48;2;225;229;223m▄[38;2;175;125;99m[48;2;202;187;174m▄[38;2;166;114;88m[48;2;177;131;107m▄[38;2;162;112;85m[48;2;184;136;111m▄[38;2;172;119;91m[48;2;197;147;120m▄[0m
[38;2;97;116;127m[48;2;20;68;101m▄[38;2;108;127;140m[48;2;37;85;119m▄[38;2;111;125;132m[48;2;99;125;140m▄[38;2;105;120;123m[48;2;97;116;118m▄[38;2;112;126;128m[48;2;113;128;130m▄[38;2;110;125;125m[48;2;95;111;112m▄[38;2;112;128;130m[48;2;93;111;110m▄[38;2;115;132;135m[48;2;72;96;105m▄[38;2;121;136;139m[48;2;63;96;113m▄[38;2;142;155;158m[48;2;123;144;149m▄[38;2;164;174;182m[48;2;125;142;148m▄[38;2;176;185;197m[48;2;136;152;156m▄[38;2;134;140;154m[48;2;142;156;161m▄[38;2;126;126;133m[48;2;152;164;171m▄[38;2;39;36;35m[48;2;41;47;54m▄[38;2;84;79;75m[48;2;67;39;26m▄[38;2;121;94;79m[48;2;139;82;53m▄[38;2;128;77;50m[48;2;89;47;34m▄[38;2;152;86;55m[48;2;76;44;35m▄[38;2;126;101;89m[48;2;63;43;32m▄[38;2;72;76;80m[48;2;28;32;37m▄[38;2;58;64;77m[48;2;93;103;116m▄[38;2;88;97;116m[48;2;93;104;120m▄[38;2;88;98;116m[48;2;99;122;149m▄[38;2;80;94;112m[48;2;100;123;153m▄[38;2;68;78;97m[48;2;118;124;152m▄[38;2;106;115;139m[48;2;119;129;154m▄[38;2;124;141;165m[48;2;143;147;152m▄[38;2;131;153;172m[48;2;121;123;122m▄[38;2;166;149;147m[48;2;138;126;111m▄[38;2;193;84;70m[48;2;222;126;91m▄[38;2;147;70;69m[48;2;223;79;64m▄[38;2;112;121;126m[48;2;131;63;57m▄[38;2;229;230;208m[48;2;150;115;99m▄[38;2;192;136;101m[48;2;143;87;71m▄[38;2;148;35;20m[48;2;114;45;31m▄[38;2;121;60;48m[48;2;103;41;30m▄[38;2;134;107;91m[48;2;60;32;24m▄[38;2;138;98;75m[48;2;59;39;31m▄[38;2;141;73;42m[48;2;43;34;28m▄[38;2;137;37;26m[48;2;41;29;27m▄[38;2;147;38;31m[48;2;87;32;34m▄[38;2;56;24;29m[48;2;105;35;43m▄[38;2;78;69;79m[48;2;41;48;64m▄[38;2;157;139;150m[48;2;112;136;155m▄[38;2;152;145;156m[48;2;165;183;200m▄[38;2;157;116;94m[48;2;152;163;168m▄[38;2;141;68;52m[48;2;160;121;95m▄[38;2;50;27;46m[48;2;154;75;69m▄[38;2;54;72;99m[48;2;101;47;61m▄[38;2;155;173;193m[48;2;97;65;85m▄[38;2;159;179;197m[48;2;147;107;115m▄[38;2;165;153;141m[48;2;172;123;96m▄[38;2;159;93;78m[48;2;172;103;101m▄[38;2;133;48;54m[48;2;211;168;170m▄[38;2;155;104;94m[48;2;169;145;129m▄[38;2;105;74;57m[48;2;150;104;80m▄[38;2;100;67;52m[48;2;161;111;86m▄[38;2;125;84;62m[48;2;151;103;77m▄[38;2;153;103;76m[48;2;160;109;81m▄[0m
[38;2;186;203;199m[48;2;136;151;147m▄[38;2;204;222;221m[48;2;154;169;167m▄[38;2;188;204;203m[48;2;152;165;165m▄[38;2;181;198;198m[48;2;154;167;169m▄[38;2;183;200;200m[48;2;151;165;167m▄[38;2;180;196;196m[48;2;152;165;166m▄[38;2;171;184;182m[48;2;153;166;166m▄[38;2;158;169;167m[48;2;153;165;165m▄[38;2;160;161;165m[48;2;158;168;167m▄[38;2;162;158;164m[48;2;177;180;184m▄[38;2;157;155;161m[48;2;167;166;173m▄[38;2;89;92;103m[48;2;126;133;145m▄[38;2;67;69;83m[48;2;77;84;101m▄[38;2;134;134;144m[48;2;135;136;146m▄[38;2;129;130;137m[48;2;116;113;109m▄[38;2;146;147;149m[48;2;156;151;137m▄[38;2;129;127;128m[48;2;108;109;104m▄[38;2;96;95;103m[48;2;67;59;59m▄[38;2;86;92;102m[48;2;89;67;58m▄[38;2;70;82;96m[48;2;120;118;119m▄[38;2;73;84;98m[48;2;76;85;96m▄[38;2;97;104;116m[48;2;97;105;121m▄[38;2;84;91;103m[48;2;96;105;123m▄[38;2;83;89;103m[48;2;101;110;125m▄[38;2;73;79;93m[48;2;80;86;96m▄[38;2;57;60;69m[48;2;45;45;51m▄[38;2;17;17;18m[48;2;95;92;96m▄[38;2;91;85;83m[48;2;123;124;137m▄[38;2;111;109;107m[48;2;122;136;147m▄[38;2;122;114;104m[48;2;164;150;143m▄[38;2;181;96;82m[48;2;184;87;64m▄[38;2;123;80;78m[48;2;74;31;35m▄[38;2;194;165;149m[48;2;149;135;135m▄[38;2;191;141;119m[48;2;179;169;157m▄[38;2;183;84;54m[48;2;168;113;85m▄[38;2;100;29;25m[48;2;94;28;18m▄[38;2;121;109;109m[48;2;112;110;99m▄[38;2;176;158;151m[48;2;205;197;174m▄[38;2;186;137;100m[48;2;202;167;119m▄[38;2;171;76;58m[48;2;192;108;60m▄[38;2;178;50;47m[48;2;193;60;47m▄[38;2;111;49;54m[48;2;168;63;53m▄[38;2;51;64;78m[48;2;53;42;46m▄[38;2;146;156;165m[48;2;141;128;122m▄[38;2;139;149;154m[48;2;175;150;138m▄[38;2;125;99;81m[48;2;173;127;105m▄[38;2;126;51;37m[48;2;177;83;57m▄[38;2;74;16;16m[48;2;113;26;22m▄[38;2;122;26;22m[48;2;73;29;35m▄[38;2;88;28;34m[48;2;29;40;59m▄[38;2;69;63;78m[48;2;106;115;136m▄[38;2;175;157;169m[48;2;139;139;159m▄[38;2;177;134;104m[48;2;146;130;136m▄[38;2;186;118;89m[48;2;139;87;68m▄[38;2;166;92;84m[48;2;149;94;70m▄[38;2;136;94;87m[48;2;163;102;77m▄[38;2;122;88;73m[48;2;149;94;71m▄[38;2;162;112;84m[48;2;136;91;67m▄[38;2;162;111;82m[48;2;140;95;66m▄[38;2;146;92;64m[48;2;157;103;74m▄[0m
[38;2;164;197;240m[48;2;212;227;234m▄[38;2;210;234;255m[48;2;233;249;251m▄[38;2;216;231;232m[48;2;209;226;228m▄[38;2;213;230;233m[48;2;206;225;226m▄[38;2;212;232;236m[48;2;204;223;225m▄[38;2;213;233;237m[48;2;204;222;224m▄[38;2;215;229;233m[48;2;207;219;223m▄[38;2;178;186;194m[48;2;182;189;197m▄[38;2;149;154;162m[48;2;145;146;154m▄[38;2;138;136;141m[48;2;154;152;160m▄[38;2;103;107;117m[48;2;134;133;144m▄[38;2;47;56;69m[48;2;68;73;84m▄[38;2;35;43;55m[48;2;34;38;45m▄[38;2;23;30;39m[48;2;49;48;49m▄[38;2;73;74;79m[48;2;99;96;95m▄[38;2;108;104;101m[48;2;92;90;90m▄[38;2;135;129;119m[48;2;84;79;76m▄[38;2;142;137;127m[48;2;125;123;121m▄[38;2;115;116;118m[48;2;117;121;130m▄[38;2;83;93;107m[48;2;81;92;107m▄[38;2;70;81;95m[48;2;70;81;96m▄[38;2;56;61;72m[48;2;79;83;92m▄[38;2;61;61;67m[48;2;83;83;88m▄[38;2;53;52;54m[48;2;67;65;71m▄[38;2;48;47;47m[48;2;60;60;62m▄[38;2;38;39;43m[48;2;57;56;61m▄[38;2;22;25;30m[48;2;28;28;31m▄[38;2;68;62;56m[48;2;85;88;89m▄[38;2;145;101;67m[48;2;73;67;62m▄[38;2;143;84;43m[48;2;131;91;59m▄[38;2;126;76;52m[48;2;193;111;88m▄[38;2;147;81;77m[48;2;128;87;88m▄[38;2;171;140;130m[48;2;178;186;178m▄[38;2;176;126;99m[48;2;195;174;145m▄[38;2;165;66;46m[48;2;196;97;57m▄[38;2;107;41;41m[48;2;137;57;50m▄[38;2;131;131;123m[48;2;165;132;126m▄[38;2;171;164;152m[48;2;194;150;132m▄[38;2;182;124;93m[48;2;195;106;76m▄[38;2;155;49;31m[48;2;163;35;34m▄[38;2;114;30;25m[48;2;151;32;31m▄[38;2;27;18;13m[48;2;46;18;17m▄[38;2;91;75;71m[48;2;81;70;75m▄[38;2;116;87;85m[48;2;145;114;121m▄[38;2;114;73;66m[48;2;117;92;96m▄[38;2;112;43;27m[48;2;115;61;45m▄[38;2;75;5;3m[48;2;109;32;23m▄[38;2;104;13;15m[48;2;99;19;17m▄[38;2;88;40;42m[48;2;97;22;21m▄[38;2;163;154;156m[48;2;110;74;79m▄[38;2;220;192;192m[48;2;153;147;156m▄[38;2;203;151;129m[48;2;158;155;167m▄[38;2;187;108;79m[48;2;167;134;98m▄[38;2;171;48;47m[48;2;178;92;75m▄[38;2;131;30;41m[48;2;166;49;70m▄[38;2;73;62;86m[48;2;95;83;109m▄[38;2;111;102;102m[48;2;133;124;123m▄[38;2;107;73;56m[48;2;122;82;60m▄[38;2;116;81;64m[48;2;132;89;67m▄[38;2;104;71;56m[48;2;130;82;61m▄[0m
[38;2;123;147;184m[48;2;142;175;225m▄[38;2;108;131;162m[48;2;164;197;243m▄[38;2;102;116;134m[48;2;179;198;209m▄[38;2;131;129;129m[48;2;211;224;221m▄[38;2;128;104;92m[48;2;204;204;196m▄[38;2;114;94;80m[48;2;197;199;192m▄[38;2;100;80;65m[48;2;181;191;185m▄[38;2;129;101;85m[48;2;205;212;209m▄[38;2;133;112;98m[48;2;218;228;222m▄[38;2;200;197;185m[48;2;192;164;137m▄[38;2;208;185;160m[48;2;157;108;74m▄[38;2;200;168;137m[48;2;139;103;78m▄[38;2;198;173;149m[48;2;128;106;89m▄[38;2;185;175;164m[48;2;81;72;70m▄[38;2;132;137;141m[48;2;102;100;104m▄[38;2;116;124;133m[48;2;141;140;144m▄[38;2;113;118;125m[48;2;150;145;146m▄[38;2;110;112;117m[48;2;151;146;141m▄[38;2;133;134;138m[48;2;134;130;126m▄[38;2;123;126;129m[48;2;81;84;89m▄[38;2;117;125;131m[48;2;67;76;90m▄[38;2;105;116;123m[48;2;72;82;96m▄[38;2;90;98;104m[48;2;54;58;68m▄[38;2;72;75;75m[48;2;51;52;57m▄[38;2;94;80;66m[48;2;39;38;41m▄[38;2;161;117;83m[48;2;41;36;33m▄[38;2;141;94;62m[48;2;102;73;51m▄[38;2;72;56;43m[48;2;148;95;55m▄[38;2;36;39;34m[48;2;104;65;35m▄[38;2;102;111;104m[48;2;61;48;35m▄[38;2;106;104;96m[48;2;59;37;29m▄[38;2;55;28;21m[48;2;125;64;58m▄[38;2;119;90;84m[48;2;169;147;134m▄[38;2;166;133;111m[48;2;195;146;113m▄[38;2;155;79;56m[48;2;179;60;40m▄[38;2;126;49;39m[48;2;120;28;26m▄[38;2;111;80;68m[48;2;130;100;96m▄[38;2;129;101;86m[48;2;142;108;104m▄[38;2;121;76;57m[48;2;138;84;65m▄[38;2;107;46;27m[48;2;119;41;26m▄[38;2;94;35;24m[48;2;96;14;15m▄[38;2;93;45;29m[48;2;39;9;9m▄[38;2;97;59;38m[48;2;15;14;16m▄[38;2;127;78;52m[48;2;55;36;40m▄[38;2;129;77;47m[48;2;54;29;24m▄[38;2;134;82;50m[48;2;59;23;12m▄[38;2;143;87;53m[48;2;67;26;15m▄[38;2;138;84;50m[48;2;92;44;26m▄[38;2;122;72;41m[48;2;138;91;67m▄[38;2;99;54;30m[48;2;168;143;126m▄[38;2;83;44;26m[48;2;162;140;125m▄[38;2;66;38;27m[48;2;165;108;71m▄[38;2;59;35;29m[48;2;149;66;54m▄[38;2;50;33;29m[48;2;161;52;55m▄[38;2;32;24;26m[48;2;73;37;55m▄[38;2;47;46;52m[48;2;97;112;137m▄[38;2;106;111;114m[48;2;156;157;162m▄[38;2;49;43;37m[48;2;76;59;49m▄[38;2;77;72;69m[48;2;73;54;47m▄[38;2;44;34;32m[48;2;72;53;46m▄[0m
[38;2;160;181;182m[48;2;147;166;181m▄[38;2;173;195;201m[48;2;152;164;174m▄[38;2;182;202;219m[48;2;162;169;176m▄[38;2;195;214;228m[48;2;132;127;128m▄[38;2;169;183;187m[48;2;118;102;97m▄[38;2;173;184;183m[48;2;94;78;67m▄[38;2;175;187;186m[48;2;94;78;66m▄[38;2;179;191;191m[48;2;90;74;64m▄[38;2;190;203;206m[48;2;112;98;94m▄[38;2;195;210;214m[48;2;170;184;192m▄[38;2;192;207;211m[48;2;178;203;215m▄[38;2;196;213;218m[48;2;169;194;208m▄[38;2;197;213;217m[48;2;169;192;204m▄[38;2;195;209;213m[48;2;161;175;183m▄[38;2;223;235;239m[48;2;157;167;172m▄[38;2;225;238;240m[48;2;145;154;157m▄[38;2;201;216;217m[48;2;148;160;163m▄[38;2;206;221;222m[48;2;167;179;182m▄[38;2;223;237;237m[48;2;187;200;201m▄[38;2;212;225;225m[48;2;203;215;216m▄[38;2;197;210;210m[48;2;212;224;225m▄[38;2;205;217;219m[48;2;200;214;215m▄[38;2;203;214;217m[48;2;206;219;218m▄[38;2;195;208;210m[48;2;203;216;213m▄[38;2;228;243;243m[48;2;207;218;211m▄[38;2;212;224;227m[48;2;210;214;206m▄[38;2;216;228;231m[48;2;181;187;187m▄[38;2;231;243;248m[48;2;176;183;184m▄[38;2;212;200;198m[48;2;173;167;157m▄[38;2;197;167;155m[48;2;161;131;108m▄[38;2;163;140;131m[48;2;179;141;109m▄[38;2;160;134;118m[48;2;183;144;110m▄[38;2;176;142;113m[48;2;180;139;101m▄[38;2;180;139;104m[48;2;193;149;114m▄[38;2;171;127;92m[48;2;182;141;103m▄[38;2;165;123;90m[48;2;176;135;95m▄[38;2;162;119;88m[48;2;170;127;89m▄[38;2;149;107;76m[48;2;164;122;82m▄[38;2;158;116;80m[48;2;145;101;63m▄[38;2;156;122;89m[48;2;139;91;54m▄[38;2;126;103;81m[48;2;131;85;53m▄[38;2;119;107;94m[48;2;115;68;39m▄[38;2;109;103;98m[48;2;105;59;33m▄[38;2;87;87;86m[48;2;88;46;25m▄[38;2;66;68;68m[48;2;76;38;20m▄[38;2;53;55;57m[48;2;67;36;20m▄[38;2;43;46;51m[48;2;57;31;17m▄[38;2;25;28;35m[48;2;47;25;15m▄[38;2;12;15;21m[48;2;36;21;14m▄[38;2;5;7;13m[48;2;26;16;12m▄[38;2;0;0;5m[48;2;18;12;11m▄[38;2;0;1;7m[48;2;13;12;15m▄[38;2;0;0;0m[48;2;8;9;13m▄[38;2;0;0;0m[48;2;0;2;5m▄[38;2;0;0;0m[48;2;0;0;1m▄[38;2;0;0;1m[48;2;0;0;0m▄[38;2;82;85;88m[48;2;16;15;13m▄[38;2;155;166;166m[48;2;121;121;117m▄[38;2;96;109;113m[48;2;130;144;154m▄[38;2;84;96;103m[48;2;26;39;52m▄[0m
[38;2;208;225;234m[48;2;162;181;188m▄[38;2;244;255;255m[48;2;190;209;220m▄[38;2;219;230;234m[48;2;179;197;209m▄[38;2;203;213;216m[48;2;168;186;195m▄[38;2;214;226;227m[48;2;180;200;204m▄[38;2;232;240;242m[48;2;198;217;220m▄[38;2;237;246;247m[48;2;210;228;229m▄[38;2;228;233;235m[48;2;214;230;233m▄[38;2;224;235;234m[48;2;199;216;219m▄[38;2;234;241;241m[48;2;191;207;210m▄[38;2;243;243;244m[48;2;194;211;212m▄[38;2;240;241;244m[48;2;200;212;214m▄[38;2;246;247;249m[48;2;216;229;232m▄[38;2;245;241;241m[48;2;225;237;240m▄[38;2;244;242;241m[48;2;199;212;215m▄[38;2;241;239;237m[48;2;209;223;227m▄[38;2;225;224;221m[48;2;213;229;233m▄[38;2;208;204;201m[48;2;222;236;242m▄[38;2;197;202;203m[48;2;218;230;237m▄[38;2;204;215;220m[48;2;207;218;223m▄[38;2;208;217;219m[48;2;210;222;225m▄[38;2;202;209;211m[48;2;197;209;212m▄[38;2;202;210;213m[48;2;190;203;208m▄[38;2;200;209;210m[48;2;203;216;222m▄[38;2;186;200;201m[48;2;228;238;242m▄[38;2;202;214;216m[48;2;235;246;247m▄[38;2;208;219;222m[48;2;231;241;242m▄[38;2;190;202;207m[48;2;226;230;233m▄[38;2;204;207;206m[48;2;233;236;243m▄[38;2;215;203;192m[48;2;232;238;246m▄[38;2;216;196;179m[48;2;219;232;240m▄[38;2;178;161;149m[48;2;212;226;233m▄[38;2;104;86;75m[48;2;181;173;173m▄[38;2;165;138;121m[48;2;154;126;113m▄[38;2;163;134;114m[48;2;132;95;75m▄[38;2;114;89;78m[48;2;116;76;58m▄[38;2;107;89;81m[48;2;117;77;55m▄[38;2;142;131;127m[48;2;109;69;47m▄[38;2;131;116;113m[48;2;137;95;73m▄[38;2;106;86;84m[48;2;156;116;92m▄[38;2;99;76;76m[48;2;159;121;97m▄[38;2;96;75;73m[48;2;156;124;100m▄[38;2;100;84;79m[48;2;153;124;102m▄[38;2;101;83;77m[48;2;164;138;117m▄[38;2;85;62;54m[48;2;169;147;126m▄[38;2;78;50;37m[48;2;164;142;125m▄[38;2;88;55;36m[48;2;163;145;133m▄[38;2;109;74;53m[48;2;163;148;139m▄[38;2;127;89;68m[48;2;157;144;137m▄[38;2;138;101;77m[48;2;142;133;128m▄[38;2;149;112;88m[48;2;134;129;124m▄[38;2;157;120;96m[48;2;141;137;132m▄[38;2;169;133;107m[48;2;130;125;123m▄[38;2;176;141;114m[48;2;113;108;107m▄[38;2;175;140;115m[48;2;89;84;83m▄[38;2;170;135;112m[48;2;88;88;88m▄[38;2;165;131;109m[48;2;136;140;140m▄[38;2;163;131;110m[48;2;121;128;129m▄[38;2;157;128;107m[48;2;121;130;130m▄[38;2;166;137;115m[48;2;129;139;140m▄[0m
[38;2;134;101;92m[48;2;177;158;157m▄[38;2;171;139;134m[48;2;200;187;185m▄[38;2;196;201;205m[48;2;198;202;204m▄[38;2;216;236;238m[48;2;216;224;230m▄[38;2;233;246;246m[48;2;247;250;252m▄[38;2;230;244;242m[48;2;228;233;233m▄[38;2;215;232;234m[48;2;224;232;232m▄[38;2;208;217;217m[48;2;228;238;238m▄[38;2;206;208;207m[48;2;255;255;255m▄[38;2;226;238;239m[48;2;244;241;243m▄[38;2;249;255;254m[48;2;246;243;247m▄[38;2;195;178;161m[48;2;236;225;221m▄[38;2;188;153;126m[48;2;219;191;171m▄[38;2;188;155;129m[48;2;216;184;164m▄[38;2;180;147;117m[48;2;212;180;158m▄[38;2;165;130;100m[48;2;202;167;142m▄[38;2;146;111;82m[48;2;189;153;127m▄[38;2;146;111;85m[48;2;175;137;111m▄[38;2;139;103;82m[48;2;153;123;103m▄[38;2;145;124;113m[48;2;181;181;181m▄[38;2;192;204;206m[48;2;197;209;216m▄[38;2;197;210;216m[48;2;175;185;191m▄[38;2;198;207;214m[48;2;181;191;197m▄[38;2;185;193;199m[48;2;182;192;194m▄[38;2;193;203;205m[48;2;200;210;210m▄[38;2;188;201;201m[48;2;211;219;220m▄[38;2;174;188;187m[48;2;185;197;196m▄[38;2;175;180;175m[48;2;196;200;196m▄[38;2;161;125;102m[48;2;191;161;138m▄[38;2;176;129;98m[48;2;195;150;116m▄[38;2;190;146;113m[48;2;198;155;122m▄[38;2;193;155;123m[48;2;182;144;115m▄[38;2;169;136;110m[48;2;167;130;102m▄[38;2;152;120;96m[48;2;200;156;126m▄[38;2;124;100;82m[48;2;184;147;120m▄[38;2;126;126;122m[48;2;148;138;127m▄[38;2;135;143;140m[48;2;151;153;146m▄[38;2;116;123;121m[48;2;163;164;155m▄[38;2;108;115;117m[48;2;165;164;156m▄[38;2;117;123;126m[48;2;150;147;142m▄[38;2;129;134;138m[48;2;124;123;123m▄[38;2;102;111;117m[48;2;110;113;123m▄[38;2;94;104;112m[48;2;133;141;154m▄[38;2;100;111;121m[48;2;142;149;163m▄[38;2;130;143;148m[48;2;119;121;135m▄[38;2;145;160;166m[48;2;95;92;99m▄[38;2;116;131;139m[48;2;75;68;69m▄[38;2;94;109;117m[48;2;44;34;32m▄[38;2;133;147;151m[48;2;53;41;36m▄[38;2;143;154;160m[48;2;63;47;40m▄[38;2;111;121;129m[48;2;70;50;43m▄[38;2;52;61;72m[48;2;77;53;46m▄[38;2;19;25;31m[48;2;87;62;52m▄[38;2;23;25;29m[48;2;95;69;57m▄[38;2;29;27;31m[48;2;103;75;62m▄[38;2;40;34;38m[48;2;112;81;69m▄[38;2;50;42;45m[48;2;120;88;76m▄[38;2;48;39;41m[48;2;131;97;85m▄[38;2;49;40;43m[48;2;138;105;92m▄[38;2;56;45;51m[48;2;150;116;102m▄[0m
[38;2;88;147;191m[48;2;147;145;151m▄[38;2;114;176;224m[48;2;169;161;163m▄[38;2;146;183;207m[48;2;184;186;190m▄[38;2;174;195;207m[48;2;181;201;206m▄[38;2;168;190;204m[48;2;190;214;220m▄[38;2;156;180;196m[48;2;196;221;228m▄[38;2;163;185;202m[48;2;190;215;225m▄[38;2;162;182;197m[48;2;194;211;219m▄[38;2;173;190;202m[48;2;185;203;211m▄[38;2;187;192;194m[48;2;237;252;255m▄[38;2;159;141;129m[48;2;239;244;244m▄[38;2;158;126;108m[48;2;171;159;147m▄[38;2;165;133;110m[48;2;166;137;113m▄[38;2;160;124;98m[48;2;169;138;111m▄[38;2;150;111;84m[48;2;158;125;95m▄[38;2;126;93;73m[48;2;137;104;79m▄[38;2;95;75;65m[48;2;112;83;67m▄[38;2;92;81;73m[48;2;112;83;70m▄[38;2;95;88;82m[48;2;123;90;76m▄[38;2;110;112;114m[48;2;119;96;84m▄[38;2;120;133;142m[48;2;152;161;165m▄[38;2;134;152;165m[48;2;167;182;187m▄[38;2;148;167;179m[48;2;161;176;180m▄[38;2;155;174;184m[48;2;154;169;175m▄[38;2;166;182;194m[48;2;173;185;191m▄[38;2;190;204;212m[48;2;178;191;197m▄[38;2;192;204;209m[48;2;162;174;182m▄[38;2;182;194;201m[48;2;150;163;171m▄[38;2;151;165;174m[48;2;139;135;132m▄[38;2;127;134;139m[48;2;128;97;78m▄[38;2;95;83;76m[48;2;150;122;103m▄[38;2;126;93;70m[48;2;128;109;92m▄[38;2;161;121;95m[48;2;119;95;75m▄[38;2;171;132;106m[48;2;142;115;92m▄[38;2;185;145;116m[48;2;122;102;85m▄[38;2;175;136;108m[48;2;92;93;93m▄[38;2;158;131;111m[48;2;119;134;143m▄[38;2;132;125;118m[48;2;133;153;165m▄[38;2;118;127;131m[48;2;132;154;167m▄[38;2;140;156;166m[48;2;146;165;178m▄[38;2;166;186;197m[48;2;157;175;188m▄[38;2;169;188;199m[48;2;149;166;177m▄[38;2;151;170;182m[48;2;143;159;170m▄[38;2;171;188;199m[48;2;157;171;180m▄[38;2;167;183;197m[48;2;171;184;191m▄[38;2;144;160;176m[48;2;174;188;193m▄[38;2;113;129;144m[48;2;169;182;189m▄[38;2;73;88;103m[48;2;165;180;189m▄[38;2;58;74;89m[48;2;125;142;153m▄[38;2;47;63;78m[48;2;82;99;112m▄[38;2;48;65;81m[48;2;52;69;83m▄[38;2;49;67;83m[48;2;47;65;80m▄[38;2;37;58;74m[48;2;26;42;55m▄[38;2;34;55;74m[48;2;25;40;54m▄[38;2;84;104;125m[48;2;39;53;65m▄[38;2;66;93;116m[48;2;65;82;92m▄[38;2;107;147;175m[48;2;80;98;113m▄[38;2;183;231;255m[48;2;54;72;90m▄[38;2;182;230;255m[48;2;32;48;70m▄[38;2;187;236;255m[48;2;82;109;147m▄[0m
