[38;2;129;88;50m[48;2;94;80;59m▄[38;2;152;107;60m[48;2;100;84;65m▄[38;2;142;100;56m[48;2;88;71;54m▄[38;2;142;100;55m[48;2;84;69;50m▄[38;2;144;102;57m[48;2;83;69;50m▄[38;2;144;102;56m[48;2;83;69;50m▄[38;2;146;102;57m[48;2;79;63;44m▄[38;2;155;109;62m[48;2;79;63;48m▄[38;2;100;71;41m[48;2;90;71;52m▄[38;2;39;28;15m[48;2;94;73;52m▄[38;2;45;33;17m[48;2;92;73;50m▄[38;2;45;33;17m[48;2;92;75;52m▄[38;2;43;33;17m[48;2;90;75;50m▄[38;2;42;35;17m[48;2;88;73;50m▄[38;2;40;33;15m[48;2;88;71;48m▄[38;2;40;33;16m[48;2;90;71;48m▄[38;2;33;28;16m[48;2;90;71;48m▄[38;2;77;58;33m[48;2;81;63;46m▄[38;2;158;111;65m[48;2;69;54;40m▄[38;2;152;106;60m[48;2;67;54;40m▄[38;2;151;106;60m[48;2;67;54;38m▄[38;2;150;105;60m[48;2;67;54;40m▄[38;2;147;103;58m[48;2;67;54;40m▄[38;2;149;104;59m[48;2;71;56;42m▄[38;2;146;100;56m[48;2;71;56;40m▄[38;2;151;104;58m[48;2;69;54;38m▄[38;2;139;97;55m[48;2;71;56;40m▄[38;2;50;38;20m[48;2;84;67;46m▄[38;2;42;33;18m[48;2;83;65;44m▄[38;2;45;36;20m[48;2;83;65;44m▄[38;2;44;35;19m[48;2;83;65;44m▄[38;2;46;37;21m[48;2;84;67;46m▄[38;2;48;40;24m[48;2;84;67;48m▄[38;2;50;42;26m[48;2;83;67;48m▄[38;2;51;42;26m[48;2;84;69;52m▄[38;2;50;41;25m[48;2;83;69;50m▄[38;2;143;106;66m[48;2;83;71;54m▄[38;2;175;128;79m[48;2;83;73;56m▄[38;2;172;125;77m[48;2;81;71;54m▄[38;2;172;125;78m[48;2;84;73;56m▄[38;2;183;134;84m[48;2;83;71;54m▄[38;2;106;75;48m[48;2;84;75;54m▄[38;2;22;18;12m[48;2;86;75;56m▄[38;2;32;27;19m[48;2;75;63;50m▄[38;2;41;35;24m[48;2;96;83;63m▄[38;2;62;55;41m[48;2;108;92;71m▄[38;2;62;54;41m[48;2;106;88;67m▄[38;2;70;61;46m[48;2;106;90;67m▄[38;2;77;65;50m[48;2;102;84;63m▄[38;2;80;66;51m[48;2;98;83;61m▄[38;2;80;68;51m[48;2;100;84;63m▄[38;2;78;66;50m[48;2;100;83;63m▄[38;2;78;67;51m[48;2;100;83;63m▄[38;2;71;63;49m[48;2;102;84;63m▄[38;2;113;90;62m[48;2;98;83;61m▄[38;2;167;122;78m[48;2;86;75;59m▄[38;2;160;118;76m[48;2;88;77;59m▄[38;2;163;121;79m[48;2;88;77;59m▄[38;2;162;120;78m[48;2;88;77;57m▄[38;2;175;129;83m[48;2;96;84;63m▄[0m
[38;2;78;54;29m[48;2;198;134;72m▄[38;2;81;59;31m[48;2;215;148;80m▄[38;2;75;54;29m[48;2;198;137;75m▄[38;2;74;52;29m[48;2;196;134;73m▄[38;2;73;51;27m[48;2;197;135;73m▄[38;2;72;50;26m[48;2;199;135;72m▄[38;2;71;48;23m[48;2;201;137;73m▄[38;2;158;111;63m[48;2;170;115;63m▄[38;2;169;119;67m[48;2;51;34;17m▄[38;2;169;118;66m[48;2;29;21;9m▄[38;2;169;118;66m[48;2;33;25;12m▄[38;2;173;122;69m[48;2;33;24;12m▄[38;2;172;121;70m[48;2;34;24;12m▄[38;2;169;118;68m[48;2;32;24;13m▄[38;2;169;119;69m[48;2;31;23;12m▄[38;2;173;123;70m[48;2;30;23;12m▄[38;2;163;116;67m[48;2;23;17;9m▄[38;2;74;50;26m[48;2;132;93;54m▄[38;2;58;40;23m[48;2;213;150;87m▄[38;2;58;39;21m[48;2;205;144;83m▄[38;2;55;36;19m[48;2;203;143;83m▄[38;2;57;39;21m[48;2;202;142;81m▄[38;2;63;43;25m[48;2;204;144;83m▄[38;2;62;43;24m[48;2;205;143;82m▄[38;2;63;45;26m[48;2;199;138;77m▄[38;2;60;44;27m[48;2;208;145;83m▄[38;2;76;54;30m[48;2;183;128;74m▄[38;2;167;116;68m[48;2;44;33;17m▄[38;2;175;123;71m[48;2;37;29;15m▄[38;2;176;123;72m[48;2;41;33;18m▄[38;2;179;126;75m[48;2;42;33;18m▄[38;2;177;125;74m[48;2;42;33;18m▄[38;2;174;123;72m[48;2;42;36;20m▄[38;2;176;127;74m[48;2;42;37;21m▄[38;2;176;127;76m[48;2;43;37;20m▄[38;2;188;137;87m[48;2;42;36;22m▄[38;2;154;116;79m[48;2;153;113;69m▄[38;2;71;58;39m[48;2;211;148;87m▄[38;2;78;64;42m[48;2;208;147;87m▄[38;2;78;65;43m[48;2;208;147;88m▄[38;2;80;65;45m[48;2;220;156;95m▄[38;2;51;39;25m[48;2;160;111;68m▄[38;2;15;11;6m[48;2;11;5;1m▄[38;2;11;8;4m[48;2;8;6;2m▄[38;2;14;12;7m[48;2;11;8;3m▄[38;2;37;32;22m[48;2;31;23;15m▄[38;2;100;76;51m[48;2;46;34;23m▄[38;2;161;114;69m[48;2;24;17;11m▄[38;2;170;122;76m[48;2;44;37;27m▄[38;2;171;127;82m[48;2;70;60;45m▄[38;2;170;125;82m[48;2;69;59;43m▄[38;2;169;122;78m[48;2;69;59;44m▄[38;2;170;124;77m[48;2;68;59;44m▄[38;2;171;126;80m[48;2;66;57;43m▄[38;2;171;124;81m[48;2;71;60;44m▄[38;2;176;129;85m[48;2;162;119;75m▄[38;2;112;86;60m[48;2;204;146;91m▄[38;2;84;69;50m[48;2;205;148;93m▄[38;2;94;76;55m[48;2;204;146;91m▄[38;2;101;83;59m[48;2;224;162;101m▄[0m
[38;2;125;87;49m[48;2;20;12;5m▄[38;2;135;93;52m[48;2;18;14;6m▄[38;2;125;88;49m[48;2;15;12;6m▄[38;2;128;90;51m[48;2;14;11;6m▄[38;2;136;96;54m[48;2;13;10;5m▄[38;2;113;79;44m[48;2;10;7;1m▄[38;2;96;68;38m[48;2;108;76;43m▄[38;2;107;76;44m[48;2;219;154;88m▄[38;2;103;72;41m[48;2;221;155;88m▄[38;2;105;75;43m[48;2;220;154;88m▄[38;2;107;76;44m[48;2;219;153;88m▄[38;2;104;74;42m[48;2;221;155;89m▄[38;2;104;74;41m[48;2;221;155;89m▄[38;2;103;74;41m[48;2;220;154;88m▄[38;2;105;75;42m[48;2;217;152;85m▄[38;2;103;75;43m[48;2;228;160;91m▄[38;2;126;86;49m[48;2;147;104;59m▄[38;2;123;81;43m[48;2;7;6;2m▄[38;2;139;105;67m[48;2;12;9;4m▄[38;2;219;198;148m[48;2;30;23;14m▄[38;2;248;242;197m[48;2;47;40;30m▄[38;2;241;238;203m[48;2;39;33;25m▄[38;2;188;176;136m[48;2;16;9;4m▄[38;2;130;92;54m[48;2;13;9;4m▄[38;2;133;94;53m[48;2;14;13;7m▄[38;2;133;94;51m[48;2;5;8;3m▄[38;2;115;80;44m[48;2;49;36;18m▄[38;2;93;64;36m[48;2;204;138;80m▄[38;2;96;67;39m[48;2;209;141;80m▄[38;2;98;69;41m[48;2;207;140;78m▄[38;2;97;70;40m[48;2;209;141;80m▄[38;2;96;69;38m[48;2;210;143;82m▄[38;2;98;71;40m[48;2;211;145;83m▄[38;2;97;70;39m[48;2;209;143;79m▄[38;2;97;70;39m[48;2;207;142;80m▄[38;2;103;76;46m[48;2;213;148;90m▄[38;2;112;84;55m[48;2;188;135;89m▄[38;2;132;95;61m[48;2;49;42;30m▄[38;2;132;95;60m[48;2;41;39;28m▄[38;2;83;64;40m[48;2;55;51;35m▄[38;2;40;33;23m[48;2;26;23;15m▄[38;2;18;13;8m[48;2;17;14;11m▄[38;2;21;19;11m[48;2;42;38;31m▄[38;2;18;17;11m[48;2;34;30;24m▄[38;2;13;10;5m[48;2;31;27;22m▄[38;2;14;12;7m[48;2;23;21;14m▄[38;2;53;44;30m[48;2;12;14;6m▄[38;2;119;95;66m[48;2;134;100;63m▄[38;2;120;95;64m[48;2;227;165;107m▄[38;2;123;96;65m[48;2;219;161;105m▄[38;2;125;97;65m[48;2;218;160;104m▄[38;2;127;97;64m[48;2;221;161;102m▄[38;2;128;98;66m[48;2;226;165;105m▄[38;2;126;97;65m[48;2;225;165;105m▄[38;2;127;99;66m[48;2;224;164;103m▄[38;2;126;98;66m[48;2;230;165;103m▄[38;2;129;99;67m[48;2;188;137;86m▄[38;2;113;88;59m[48;2;71;58;40m▄[38;2;152;114;74m[48;2;44;41;31m▄[38;2;169;125;82m[48;2;50;46;36m▄[0m
[38;2;182;122;67m[48;2;213;147;80m▄[38;2;194;131;72m[48;2;234;164;91m▄[38;2;180;124;67m[48;2;215;149;81m▄[38;2;180;121;65m[48;2;213;146;78m▄[38;2;123;83;46m[48;2;217;150;84m▄[38;2;34;26;15m[48;2;88;63;35m▄[38;2;42;33;19m[48;2;14;14;8m▄[38;2;42;33;19m[48;2;18;17;11m▄[38;2;43;33;19m[48;2;17;16;10m▄[38;2;40;31;17m[48;2;17;17;9m▄[38;2;42;32;19m[48;2;16;18;8m▄[38;2;40;32;17m[48;2;16;18;7m▄[38;2;40;32;16m[48;2;16;19;8m▄[38;2;38;31;16m[48;2;18;19;10m▄[38;2;27;22;10m[48;2;12;13;6m▄[38;2;98;71;39m[48;2;41;30;14m▄[38;2;182;128;74m[48;2;192;133;74m▄[38;2;171;120;66m[48;2;216;148;81m▄[38;2;166;116;64m[48;2;205;148;87m▄[38;2;181;133;80m[48;2;195;156;104m▄[38;2;181;139;88m[48;2;208;173;121m▄[38;2;193;155;105m[48;2;227;194;142m▄[38;2;210;176;123m[48;2;244;215;160m▄[38;2;186;139;85m[48;2;216;164;101m▄[38;2;166;111;59m[48;2;206;141;77m▄[38;2;202;141;83m[48;2;223;156;86m▄[38;2;117;83;47m[48;2;137;96;51m▄[38;2;29;22;10m[48;2;7;7;2m▄[38;2;41;30;18m[48;2;19;17;10m▄[38;2;39;30;18m[48;2;18;17;9m▄[38;2;40;32;18m[48;2;17;19;10m▄[38;2;42;33;19m[48;2;17;20;11m▄[38;2;46;36;22m[48;2;18;21;12m▄[38;2;47;37;23m[48;2;19;21;13m▄[38;2;50;39;24m[48;2;20;23;14m▄[38;2;64;51;36m[48;2;36;37;25m▄[38;2;56;46;32m[48;2;41;41;28m▄[38;2;132;99;63m[48;2;170;124;77m▄[38;2;191;140;87m[48;2;179;124;73m▄[38;2;145;100;58m[48;2;45;30;15m▄[38;2;91;62;35m[48;2;24;21;13m▄[38;2;62;45;26m[48;2;23;22;13m▄[38;2;58;43;26m[48;2;31;29;21m▄[38;2;77;60;42m[48;2;64;58;48m▄[38;2;83;65;47m[48;2;80;72;61m▄[38;2;74;57;36m[48;2;57;51;40m▄[38;2;104;77;45m[48;2;50;44;30m▄[38;2;175;131;83m[48;2;70;58;37m▄[38;2;120;94;63m[48;2;52;48;33m▄[38;2;69;59;41m[48;2;38;40;28m▄[38;2;74;63;43m[48;2;39;41;29m▄[38;2;73;62;42m[48;2;38;40;28m▄[38;2;72;61;41m[48;2;39;40;28m▄[38;2;71;60;40m[48;2;42;41;30m▄[38;2;73;62;42m[48;2;43;42;31m▄[38;2;73;62;42m[48;2;44;43;32m▄[38;2;73;62;42m[48;2;45;43;31m▄[38;2;71;60;42m[48;2;49;44;34m▄[38;2;68;56;41m[48;2;144;109;72m▄[38;2;170;126;81m[48;2;250;183;114m▄[0m
[38;2;20;21;12m[48;2;45;34;21m▄[38;2;26;25;15m[48;2;49;38;23m▄[38;2;30;24;14m[48;2;35;29;15m▄[38;2;146;99;57m[48;2;70;50;28m▄[38;2;201;134;72m[48;2;179;125;73m▄[38;2;194;129;67m[48;2;184;127;71m▄[38;2;194;129;69m[48;2;188;131;75m▄[38;2;197;131;70m[48;2;184;127;72m▄[38;2;200;135;72m[48;2;182;125;70m▄[38;2;197;132;70m[48;2;184;128;72m▄[38;2;197;133;70m[48;2;189;132;75m▄[38;2;199;134;71m[48;2;180;125;69m▄[38;2;198;134;71m[48;2;176;122;68m▄[38;2;205;139;73m[48;2;176;121;69m▄[38;2;161;108;59m[48;2;162;109;60m▄[38;2;23;18;8m[48;2;61;42;23m▄[38;2;9;10;4m[48;2;29;21;12m▄[38;2;55;49;36m[48;2;35;29;16m▄[38;2;231;199;146m[48;2;86;73;48m▄[38;2;241;205;149m[48;2;194;159;109m▄[38;2;238;208;153m[48;2;214;184;131m▄[38;2;249;219;165m[48;2;216;188;138m▄[38;2;252;224;170m[48;2;238;222;173m▄[38;2;255;232;178m[48;2;219;198;151m▄[38;2;250;238;191m[48;2;103;89;68m▄[38;2;69;64;48m[48;2;47;35;24m▄[38;2;137;94;55m[48;2;124;85;49m▄[38;2;217;150;87m[48;2;179;121;68m▄[38;2;203;139;78m[48;2;174;118;69m▄[38;2;199;137;76m[48;2;169;116;66m▄[38;2;201;140;79m[48;2;164;110;61m▄[38;2;202;139;79m[48;2;168;111;63m▄[38;2;203;136;77m[48;2;175;116;68m▄[38;2;204;138;78m[48;2;175;116;67m▄[38;2;210;144;83m[48;2;179;119;70m▄[38;2;214;149;89m[48;2;184;125;75m▄[38;2;218;155;91m[48;2;193;136;79m▄[38;2;165;119;72m[48;2;118;85;52m▄[38;2;40;34;24m[48;2;50;42;31m▄[38;2;27;25;18m[48;2;57;47;33m▄[38;2;6;7;3m[48;2;29;22;12m▄[38;2;3;4;2m[48;2;24;17;10m▄[38;2;3;4;2m[48;2;23;17;9m▄[38;2;11;12;9m[48;2;22;16;8m▄[38;2;22;22;17m[48;2;20;14;5m▄[38;2;34;33;25m[48;2;38;29;19m▄[38;2;47;47;32m[48;2;70;59;41m▄[38;2;46;47;32m[48;2;59;53;36m▄[38;2;44;43;30m[48;2;102;81;54m▄[38;2;161;116;74m[48;2;201;142;90m▄[38;2;218;152;93m[48;2;199;139;86m▄[38;2;211;146;89m[48;2;201;141;88m▄[38;2;212;149;91m[48;2;199;141;88m▄[38;2;215;151;91m[48;2;197;138;86m▄[38;2;217;153;94m[48;2;201;142;90m▄[38;2;215;150;92m[48;2;198;140;87m▄[38;2;216;152;93m[48;2;201;142;90m▄[38;2;216;152;94m[48;2;201;142;89m▄[38;2;219;154;96m[48;2;204;146;91m▄[38;2;239;172;107m[48;2;185;134;87m▄[0m
[38;2;196;134;76m[48;2;45;34;18m▄[38;2;172;118;69m[48;2;47;34;18m▄[38;2;54;40;20m[48;2;101;70;40m▄[38;2;45;35;19m[48;2;187;130;73m▄[38;2;47;37;22m[48;2;177;121;65m▄[38;2;44;34;19m[48;2;178;120;64m▄[38;2;42;30;17m[48;2;179;121;68m▄[38;2;42;30;17m[48;2;181;123;69m▄[38;2;42;29;16m[48;2;180;121;68m▄[38;2;42;29;16m[48;2;179;121;66m▄[38;2;41;29;15m[48;2;179;123;67m▄[38;2;39;30;16m[48;2;176;121;65m▄[38;2;36;28;15m[48;2;173;117;62m▄[38;2;36;27;14m[48;2;181;122;66m▄[38;2;140;94;52m[48;2;106;73;39m▄[38;2;168;110;60m[48;2;27;21;9m▄[38;2;162;106;59m[48;2;37;29;18m▄[38;2;164;109;61m[48;2;36;30;18m▄[38;2;156;104;56m[48;2;79;59;34m▄[38;2;154;103;55m[48;2;122;92;62m▄[38;2;151;99;53m[48;2;132;100;68m▄[38;2;152;99;52m[48;2;134;103;68m▄[38;2;156;103;55m[48;2;140;111;76m▄[38;2;156;104;57m[48;2;125;99;67m▄[38;2;158;105;58m[48;2;91;71;45m▄[38;2;175;121;68m[48;2;41;30;17m▄[38;2;84;57;33m[48;2;136;97;59m▄[38;2;37;24;15m[48;2;171;117;70m▄[38;2;44;31;18m[48;2;164;109;64m▄[38;2;44;32;19m[48;2;173;120;72m▄[38;2;44;34;20m[48;2;187;135;81m▄[38;2;44;34;20m[48;2;186;132;77m▄[38;2;44;35;20m[48;2;189;132;76m▄[38;2;44;36;21m[48;2;189;132;76m▄[38;2;49;40;26m[48;2;192;135;80m▄[38;2;56;47;32m[48;2;193;138;84m▄[38;2;57;48;32m[48;2;194;140;86m▄[38;2;46;40;27m[48;2;176;127;80m▄[38;2;137;100;62m[48;2;68;52;34m▄[38;2;203;143;89m[48;2;42;33;19m▄[38;2;196;137;84m[48;2;40;31;18m▄[38;2;196;138;84m[48;2;39;27;15m▄[38;2;198;139;86m[48;2;40;28;17m▄[38;2;193;133;80m[48;2;50;38;26m▄[38;2;193;133;79m[48;2;62;49;33m▄[38;2;205;145;89m[48;2;70;58;39m▄[38;2;208;148;93m[48;2;75;63;41m▄[38;2;210;150;95m[48;2;76;64;41m▄[38;2;211;150;96m[48;2;68;58;38m▄[38;2;212;153;98m[48;2;115;88;56m▄[38;2;126;94;61m[48;2;192;138;89m▄[38;2;46;42;29m[48;2;188;135;85m▄[38;2;59;53;38m[48;2;193;139;90m▄[38;2;59;54;37m[48;2;195;143;90m▄[38;2;59;55;37m[48;2;193;140;89m▄[38;2;60;55;38m[48;2;195;142;92m▄[38;2;60;55;38m[48;2;198;146;95m▄[38;2;59;55;38m[48;2;199;147;96m▄[38;2;59;55;39m[48;2;196;142;93m▄[38;2;67;60;43m[48;2;214;156;101m▄[0m
[38;2;54;40;23m[48;2;194;131;72m▄[38;2;25;21;12m[48;2;92;63;34m▄[38;2;29;23;14m[48;2;28;24;13m▄[38;2;26;22;11m[48;2;36;30;15m▄[38;2;21;20;10m[48;2;32;28;15m▄[38;2;20;18;10m[48;2;30;27;15m▄[38;2;20;18;9m[48;2;29;25;14m▄[38;2;19;18;10m[48;2;28;24;14m▄[38;2;20;18;10m[48;2;27;24;13m▄[38;2;20;15;11m[48;2;27;23;13m▄[38;2;19;14;11m[48;2;25;23;12m▄[38;2;18;15;13m[48;2;24;22;11m▄[38;2;10;10;6m[48;2;17;17;7m▄[38;2;131;92;50m[48;2;58;41;21m▄[38;2;209;140;77m[48;2;172;111;59m▄[38;2;196;133;72m[48;2;169;108;55m▄[38;2;199;135;74m[48;2;170;108;57m▄[38;2;197;133;72m[48;2;173;111;59m▄[38;2;195;131;72m[48;2;175;113;60m▄[38;2;190;126;69m[48;2;174;113;62m▄[38;2;189;125;70m[48;2;172;112;61m▄[38;2;188;124;68m[48;2;171;111;60m▄[38;2;192;127;71m[48;2;173;113;61m▄[38;2;193;129;72m[48;2;171;113;59m▄[38;2;191;126;71m[48;2;173;113;60m▄[38;2;180;117;65m[48;2;174;116;62m▄[38;2;48;33;18m[48;2;63;42;25m▄[38;2;12;8;8m[48;2;22;15;13m▄[38;2;19;12;12m[48;2;30;20;16m▄[38;2;20;14;13m[48;2;30;21;18m▄[38;2;18;16;13m[48;2;28;23;18m▄[38;2;19;19;14m[48;2;27;23;18m▄[38;2;20;20;15m[48;2;28;25;18m▄[38;2;20;19;13m[48;2;28;26;16m▄[38;2;27;26;18m[48;2;34;32;21m▄[38;2;34;33;26m[48;2;44;42;31m▄[38;2;33;33;25m[48;2;45;42;32m▄[38;2;23;26;19m[48;2;32;33;25m▄[38;2;75;61;41m[48;2;116;88;57m▄[38;2;227;163;102m[48;2;215;152;94m▄[38;2;226;160;98m[48;2;202;141;86m▄[38;2;227;162;100m[48;2;205;144;88m▄[38;2;224;160;98m[48;2;205;145;89m▄[38;2;227;161;99m[48;2;209;147;91m▄[38;2;226;161;99m[48;2;209;147;90m▄[38;2;226;161;100m[48;2;216;153;94m▄[38;2;228;163;103m[48;2;215;153;93m▄[38;2;229;164;102m[48;2;218;155;98m▄[38;2;229;166;103m[48;2;216;154;96m▄[38;2;227;164;103m[48;2;215;155;97m▄[38;2;239;174;112m[48;2;195;143;92m▄[38;2;147;110;73m[48;2;64;56;39m▄[38;2;38;38;26m[48;2;50;49;34m▄[38;2;42;43;31m[48;2;54;53;36m▄[38;2;43;44;35m[48;2;54;53;37m▄[38;2;44;44;35m[48;2;54;53;37m▄[38;2;44;44;36m[48;2;55;52;39m▄[38;2;45;45;36m[48;2;56;53;41m▄[38;2;46;46;34m[48;2;56;54;43m▄[38;2;51;48;35m[48;2;62;60;45m▄[0m
[38;2;205;142;80m[48;2;89;67;38m▄[38;2;218;150;83m[48;2;102;75;43m▄[38;2;203;140;79m[48;2;99;70;43m▄[38;2;200;138;78m[48;2;98;71;43m▄[38;2;205;140;80m[48;2;101;73;43m▄[38;2;202;138;78m[48;2;101;73;42m▄[38;2;200;135;75m[48;2;103;75;44m▄[38;2;199;133;74m[48;2;105;76;44m▄[38;2;195;129;71m[48;2;104;75;43m▄[38;2;194;130;71m[48;2;101;70;40m▄[38;2;194;129;70m[48;2;103;70;42m▄[38;2;200;134;72m[48;2;108;76;46m▄[38;2;139;96;52m[48;2;96;68;38m▄[38;2;10;10;4m[48;2;104;73;43m▄[38;2;11;10;7m[48;2;121;84;50m▄[38;2;10;12;9m[48;2;117;82;47m▄[38;2;11;11;9m[48;2;115;80;46m▄[38;2;11;12;8m[48;2;116;81;47m▄[38;2;11;12;8m[48;2;117;83;47m▄[38;2;11;12;8m[48;2;115;80;45m▄[38;2;11;12;7m[48;2;115;81;46m▄[38;2;11;12;6m[48;2;118;83;49m▄[38;2;9;12;8m[48;2;115;79;47m▄[38;2;10;13;8m[48;2;111;77;46m▄[38;2;8;10;5m[48;2;115;79;47m▄[38;2;30;22;11m[48;2;118;81;48m▄[38;2;198;138;80m[48;2;120;85;52m▄[38;2;222;153;86m[48;2;121;88;53m▄[38;2;218;151;85m[48;2;123;90;55m▄[38;2;219;150;84m[48;2;126;90;54m▄[38;2;219;150;84m[48;2;128;91;55m▄[38;2;218;149;83m[48;2;126;90;53m▄[38;2;212;145;79m[48;2;128;92;55m▄[38;2;215;148;83m[48;2;133;98;59m▄[38;2;215;147;83m[48;2;135;99;62m▄[38;2;215;148;85m[48;2;134;98;61m▄[38;2;215;149;88m[48;2;133;99;62m▄[38;2;221;153;90m[48;2;134;101;64m▄[38;2;214;149;91m[48;2;133;100;65m▄[38;2;66;50;35m[48;2;121;90;56m▄[38;2;29;30;24m[48;2;119;89;58m▄[38;2;35;36;28m[48;2;121;91;61m▄[38;2;36;36;28m[48;2;119;89;58m▄[38;2;38;38;29m[48;2;119;89;57m▄[38;2;39;39;30m[48;2;120;90;60m▄[38;2;39;39;31m[48;2;120;89;61m▄[38;2;40;40;32m[48;2;121;91;62m▄[38;2;41;41;33m[48;2;120;92;61m▄[38;2;41;41;33m[48;2;119;93;62m▄[38;2;42;42;34m[48;2;120;93;61m▄[38;2;41;42;34m[48;2;122;94;63m▄[38;2;36;38;29m[48;2;114;88;60m▄[38;2;149;114;76m[48;2;140;108;74m▄[38;2;239;173;111m[48;2;153;118;78m▄[38;2;226;163;102m[48;2;147;113;74m▄[38;2;229;164;104m[48;2;148;113;75m▄[38;2;228;166;104m[48;2;149;114;77m▄[38;2;227;163;101m[48;2;151;117;76m▄[38;2;228;162;103m[48;2;153;117;77m▄[38;2;248;180;118m[48;2;168;128;86m▄[0m
[38;2;191;127;65m[48;2;178;118;60m▄[38;2;204;138;75m[48;2;192;127;68m▄[38;2;194;132;75m[48;2;176;116;62m▄[38;2;197;134;77m[48;2;176;114;61m▄[38;2;198;135;76m[48;2;180;119;65m▄[38;2;199;136;77m[48;2;184;123;67m▄[38;2;201;138;78m[48;2;182;119;64m▄[38;2;205;141;80m[48;2;182;120;67m▄[38;2;205;142;80m[48;2;180;119;66m▄[38;2;206;142;80m[48;2;179;117;64m▄[38;2;214;149;85m[48;2;178;117;63m▄[38;2;175;121;72m[48;2;185;124;67m▄[38;2;21;17;9m[48;2;72;52;28m▄[38;2;15;14;8m[48;2;14;14;8m▄[38;2;17;15;12m[48;2;25;20;14m▄[38;2;17;15;11m[48;2;24;19;13m▄[38;2;16;13;10m[48;2;25;19;14m▄[38;2;16;14;11m[48;2;25;20;14m▄[38;2;15;13;10m[48;2;24;19;13m▄[38;2;15;13;9m[48;2;24;19;14m▄[38;2;15;13;10m[48;2;25;20;15m▄[38;2;14;12;9m[48;2;25;20;14m▄[38;2;13;13;9m[48;2;24;21;14m▄[38;2;13;14;9m[48;2;23;20;13m▄[38;2;5;6;2m[48;2;18;17;8m▄[38;2;59;42;22m[48;2;52;37;20m▄[38;2;209;144;82m[48;2;186;125;70m▄[38;2;209;142;79m[48;2;199;135;73m▄[38;2;209;142;80m[48;2;197;133;71m▄[38;2;208;142;80m[48;2;198;133;73m▄[38;2;210;143;82m[48;2;202;139;78m▄[38;2;205;139;78m[48;2;201;139;79m▄[38;2;207;140;80m[48;2;202;141;82m▄[38;2;208;143;83m[48;2;201;138;79m▄[38;2;207;143;83m[48;2;206;144;84m▄[38;2;211;148;86m[48;2;207;146;86m▄[38;2;214;150;87m[48;2;206;146;86m▄[38;2;217;151;90m[48;2;208;147;89m▄[38;2;226;158;94m[48;2;216;152;93m▄[38;2;139;99;62m[48;2;105;77;52m▄[38;2;27;28;21m[48;2;38;37;26m▄[38;2;36;35;28m[48;2;48;45;33m▄[38;2;36;36;28m[48;2;49;45;33m▄[38;2;36;37;28m[48;2;50;46;34m▄[38;2;38;38;29m[48;2;50;46;34m▄[38;2;38;40;30m[48;2;50;47;35m▄[38;2;40;40;31m[48;2;52;48;36m▄[38;2;40;40;32m[48;2;52;48;36m▄[38;2;41;41;32m[48;2;53;49;37m▄[38;2;42;42;33m[48;2;54;50;38m▄[38;2;43;43;34m[48;2;53;49;38m▄[38;2;41;42;33m[48;2;51;49;37m▄[38;2;31;34;28m[48;2;63;56;41m▄[38;2;116;90;60m[48;2;183;133;87m▄[38;2;218;156;101m[48;2;206;147;91m▄[38;2;214;150;96m[48;2;206;146;91m▄[38;2;216;152;96m[48;2;210;151;96m▄[38;2;214;151;95m[48;2;214;154;99m▄[38;2;214;152;96m[48;2;217;157;103m▄[38;2;227;161;101m[48;2;232;167;109m▄[0m
[38;2;23;20;16m[48;2;163;112;67m▄[38;2;25;22;17m[48;2;177;123;72m▄[38;2;21;20;14m[48;2;165;115;67m▄[38;2;21;19;13m[48;2;166;118;69m▄[38;2;20;19;13m[48;2;163;116;67m▄[38;2;21;18;13m[48;2;165;117;69m▄[38;2;20;17;12m[48;2;168;120;73m▄[38;2;19;17;12m[48;2;165;117;70m▄[38;2;18;16;11m[48;2;160;113;67m▄[38;2;16;14;8m[48;2;163;116;69m▄[38;2;14;12;5m[48;2;171;124;75m▄[38;2;148;102;60m[48;2;123;89;54m▄[38;2;198;135;78m[48;2;50;37;21m▄[38;2;183;125;71m[48;2;59;43;25m▄[38;2;188;129;73m[48;2;59;43;23m▄[38;2;190;129;73m[48;2;58;43;24m▄[38;2;191;129;72m[48;2;61;45;27m▄[38;2;190;128;71m[48;2;63;46;28m▄[38;2;191;129;73m[48;2;64;48;29m▄[38;2;194;133;75m[48;2;66;50;31m▄[38;2;195;136;76m[48;2;65;48;30m▄[38;2;203;143;81m[48;2;67;48;31m▄[38;2;205;141;81m[48;2;68;50;31m▄[38;2;202;137;79m[48;2;72;51;32m▄[38;2;209;147;84m[48;2;68;50;30m▄[38;2;145;103;61m[48;2;88;63;37m▄[38;2;10;11;7m[48;2;122;83;47m▄[38;2;18;17;14m[48;2;118;80;46m▄[38;2;17;16;14m[48;2;122;82;48m▄[38;2;17;16;14m[48;2;126;86;51m▄[38;2;16;18;14m[48;2;117;79;44m▄[38;2;18;19;15m[48;2;117;79;46m▄[38;2;19;19;16m[48;2;117;80;46m▄[38;2;20;19;15m[48;2;118;83;48m▄[38;2;21;20;15m[48;2;124;89;52m▄[38;2;21;21;15m[48;2;128;91;56m▄[38;2;22;23;17m[48;2;130;94;57m▄[38;2;24;24;17m[48;2;131;95;57m▄[38;2;21;22;14m[48;2;136;101;63m▄[38;2;36;32;20m[48;2;116;86;55m▄[38;2;199;144;87m[48;2;99;74;46m▄[38;2;232;166;98m[48;2;108;81;51m▄[38;2;229;164;97m[48;2;112;84;53m▄[38;2;225;159;96m[48;2;113;84;53m▄[38;2;222;155;95m[48;2;111;83;52m▄[38;2;222;155;96m[48;2;113;85;55m▄[38;2;224;158;99m[48;2;113;85;56m▄[38;2;227;161;102m[48;2;109;81;53m▄[38;2;225;159;100m[48;2;108;80;52m▄[38;2;223;158;100m[48;2;107;79;53m▄[38;2;218;154;96m[48;2;105;78;52m▄[38;2;220;155;98m[48;2;112;84;57m▄[38;2;216;152;94m[48;2;108;82;54m▄[38;2;219;154;97m[48;2;124;92;60m▄[38;2;134;99;65m[48;2;147;105;73m▄[38;2;35;36;26m[48;2;135;98;67m▄[38;2;44;43;31m[48;2;136;99;66m▄[38;2;44;45;33m[48;2;133;98;65m▄[38;2;45;46;33m[48;2;130;96;62m▄[38;2;50;50;35m[48;2;142;104;68m▄[0m
[38;2;25;21;14m[48;2;23;21;14m▄[38;2;27;23;16m[48;2;26;22;16m▄[38;2;26;21;15m[48;2;22;21;14m▄[38;2;25;20;14m[48;2;22;20;13m▄[38;2;25;20;14m[48;2;23;19;13m▄[38;2;24;19;13m[48;2;23;18;12m▄[38;2;25;20;14m[48;2;23;18;13m▄[38;2;26;22;14m[48;2;24;19;14m▄[38;2;15;12;4m[48;2;25;20;15m▄[38;2;22;19;10m[48;2;11;10;7m▄[38;2;152;133;96m[48;2;55;36;17m▄[38;2;234;208;148m[48;2;188;125;70m▄[38;2;236;219;162m[48;2;184;124;67m▄[38;2;230;206;149m[48;2;182;121;63m▄[38;2;242;223;163m[48;2;193;136;80m▄[38;2;247;228;168m[48;2;197;142;88m▄[38;2;243;220;158m[48;2;195;139;84m▄[38;2;235;210;150m[48;2;194;132;76m▄[38;2;225;198;141m[48;2;192;128;69m▄[38;2;207;157;99m[48;2;193;130;73m▄[38;2;200;139;80m[48;2;199;138;80m▄[38;2;200;140;82m[48;2;201;140;82m▄[38;2;199;140;83m[48;2;201;141;83m▄[38;2;200;138;81m[48;2;202;140;83m▄[38;2;213;150;88m[48;2;213;148;87m▄[38;2;121;87;52m[48;2;136;96;56m▄[38;2;17;15;11m[48;2;17;16;10m▄[38;2;28;24;18m[48;2;28;23;17m▄[38;2;29;24;18m[48;2;28;23;18m▄[38;2;29;24;18m[48;2;29;24;18m▄[38;2;30;25;19m[48;2;29;25;19m▄[38;2;29;26;19m[48;2;29;26;19m▄[38;2;30;27;20m[48;2;29;27;20m▄[38;2;31;27;21m[48;2;31;27;21m▄[38;2;32;28;21m[48;2;32;27;21m▄[38;2;32;27;21m[48;2;32;27;22m▄[38;2;32;27;21m[48;2;33;28;23m▄[38;2;32;27;21m[48;2;33;29;21m▄[38;2;34;30;22m[48;2;34;31;18m▄[38;2;25;24;17m[48;2;24;24;13m▄[38;2;101;74;44m[48;2;143;101;60m▄[38;2;203;141;83m[48;2;216;149;87m▄[38;2;194;132;78m[48;2;204;141;81m▄[38;2;195;133;78m[48;2;209;146;87m▄[38;2;202;139;82m[48;2;213;151;92m▄[38;2;204;142;83m[48;2;215;151;91m▄[38;2;206;144;85m[48;2;212;149;88m▄[38;2;201;139;80m[48;2;211;147;88m▄[38;2;199;137;81m[48;2;214;151;92m▄[38;2;195;133;79m[48;2;214;153;93m▄[38;2;196;134;79m[48;2;214;154;93m▄[38;2;202;140;84m[48;2;218;158;98m▄[38;2;201;138;85m[48;2;218;158;100m▄[38;2;201;140;85m[48;2;221;160;102m▄[38;2;213;151;91m[48;2;215;158;99m▄[38;2;149;108;68m[48;2;82;67;43m▄[38;2;42;39;30m[48;2;46;46;33m▄[38;2;49;46;34m[48;2;54;51;38m▄[38;2;49;45;33m[48;2;54;51;37m▄[38;2;54;50;36m[48;2;60;56;38m▄[0m
[38;2;36;29;18m[48;2;18;18;12m▄[38;2;42;33;22m[48;2;20;20;13m▄[38;2;41;31;21m[48;2;20;17;13m▄[38;2;42;32;22m[48;2;20;17;12m▄[38;2;42;32;22m[48;2;20;17;12m▄[38;2;42;32;22m[48;2;21;18;14m▄[38;2;44;34;24m[48;2;22;19;14m▄[38;2;30;21;14m[48;2;12;10;4m▄[38;2;100;90;68m[48;2;62;60;44m▄[38;2;255;252;195m[48;2;219;219;176m▄[38;2;255;255;208m[48;2;255;255;210m▄[38;2;254;255;218m[48;2;255;255;213m▄[38;2;254;255;214m[48;2;255;255;221m▄[38;2;254;255;206m[48;2;255;255;220m▄[38;2;253;255;202m[48;2;255;255;207m▄[38;2;255;255;203m[48;2;255;254;199m▄[38;2;255;255;203m[48;2;255;251;188m▄[38;2;254;255;199m[48;2;253;237;171m▄[38;2;253;249;190m[48;2;253;237;171m▄[38;2;252;245;188m[48;2;250;237;175m▄[38;2;204;161;105m[48;2;197;142;83m▄[38;2;162;112;64m[48;2;198;136;76m▄[38;2;148;101;54m[48;2;204;141;81m▄[38;2;169;121;68m[48;2;201;138;78m▄[38;2;184;133;79m[48;2;211;148;84m▄[38;2;105;75;45m[48;2;98;71;41m▄[38;2;58;41;25m[48;2;9;10;9m▄[38;2;67;49;29m[48;2;21;19;16m▄[38;2;68;49;28m[48;2;21;20;17m▄[38;2;68;49;28m[48;2;21;20;16m▄[38;2;67;48;28m[48;2;21;22;18m▄[38;2;71;51;31m[48;2;22;21;18m▄[38;2;74;53;33m[48;2;22;22;18m▄[38;2;76;55;34m[48;2;23;21;19m▄[38;2;77;58;35m[48;2;23;21;18m▄[38;2;77;58;35m[48;2;23;21;18m▄[38;2;79;59;37m[48;2;22;20;18m▄[38;2;80;61;36m[48;2;20;19;16m▄[38;2;79;60;37m[48;2;21;20;18m▄[38;2;78;60;37m[48;2;15;17;15m▄[38;2;87;67;40m[48;2;67;51;30m▄[38;2;128;91;55m[48;2;220;156;94m▄[38;2;133;92;56m[48;2;216;150;86m▄[38;2;133;93;55m[48;2;216;150;88m▄[38;2;132;94;56m[48;2;215;150;88m▄[38;2;131;92;56m[48;2;216;150;89m▄[38;2;129;90;55m[48;2;216;150;90m▄[38;2;128;91;54m[48;2;215;150;90m▄[38;2;135;97;60m[48;2;215;149;89m▄[38;2;137;99;62m[48;2;216;150;90m▄[38;2;136;98;60m[48;2;219;154;91m▄[38;2;137;99;63m[48;2;220;153;92m▄[38;2;142;102;65m[48;2;213;146;89m▄[38;2;139;98;61m[48;2;208;143;86m▄[38;2;137;97;61m[48;2;213;149;89m▄[38;2;148;107;70m[48;2;219;155;95m▄[38;2;113;84;55m[48;2;89;66;41m▄[38;2;86;67;43m[48;2;29;30;22m▄[38;2;91;71;47m[48;2;34;34;25m▄[38;2;97;74;48m[48;2;38;38;28m▄[0m
[38;2;182;127;71m[48;2;183;129;76m▄[38;2;195;136;76m[48;2;199;140;83m▄[38;2;176;122;67m[48;2;184;129;75m▄[38;2;171;118;62m[48;2;182;127;73m▄[38;2;169;115;62m[48;2;176;123;69m▄[38;2;160;107;55m[48;2;171;120;67m▄[38;2;156;104;55m[48;2;169;118;67m▄[38;2;162;109;60m[48;2;164;115;64m▄[38;2;135;92;53m[48;2;149;98;53m▄[38;2;18;11;6m[48;2;138;114;77m▄[38;2;120;92;63m[48;2;213;205;157m▄[38;2;191;154;104m[48;2;249;247;195m▄[38;2;198;167;114m[48;2;254;253;198m▄[38;2;200;167;115m[48;2;255;255;198m▄[38;2;198;164;112m[48;2;254;252;192m▄[38;2;192;157;105m[48;2;249;246;187m▄[38;2;197;160;108m[48;2;246;240;183m▄[38;2;208;168;116m[48;2;237;221;165m▄[38;2;222;182;128m[48;2;228;203;148m▄[38;2;233;195;140m[48;2;225;188;133m▄[38;2;243;209;155m[48;2;243;209;154m▄[38;2;252;223;166m[48;2;215;198;150m▄[38;2;255;247;184m[48;2;112;104;77m▄[38;2;160;147;111m[48;2;24;19;10m▄[38;2;13;12;5m[48;2;23;20;11m▄[38;2;154;111;63m[48;2;136;96;55m▄[38;2;202;140;78m[48;2;197;134;77m▄[38;2;192;131;74m[48;2;191;131;72m▄[38;2;200;140;81m[48;2;196;134;74m▄[38;2;205;144;83m[48;2;195;132;73m▄[38;2;203;142;81m[48;2;193;129;72m▄[38;2;204;142;83m[48;2;196;133;76m▄[38;2;208;147;87m[48;2;199;136;78m▄[38;2;212;152;91m[48;2;204;143;84m▄[38;2;213;153;93m[48;2;207;146;86m▄[38;2;210;151;93m[48;2;210;148;88m▄[38;2;208;148;89m[48;2;214;151;91m▄[38;2;209;148;89m[48;2;212;149;88m▄[38;2;208;145;88m[48;2;211;148;89m▄[38;2;209;148;89m[48;2;215;153;93m▄[38;2;210;148;87m[48;2;212;155;92m▄[38;2;105;77;46m[48;2;66;50;31m▄[38;2;29;27;19m[48;2;18;18;14m▄[38;2;37;35;23m[48;2;25;24;17m▄[38;2;38;34;23m[48;2;25;25;17m▄[38;2;37;33;23m[48;2;26;25;18m▄[38;2;37;33;24m[48;2;27;28;19m▄[38;2;38;34;25m[48;2;27;29;18m▄[38;2;37;33;23m[48;2;27;28;18m▄[38;2;38;34;22m[48;2;28;28;19m▄[38;2;39;35;23m[48;2;28;29;21m▄[38;2;40;36;24m[48;2;28;28;21m▄[38;2;39;37;24m[48;2;28;29;21m▄[38;2;40;37;25m[48;2;29;30;21m▄[38;2;42;38;26m[48;2;32;31;22m▄[38;2;42;39;27m[48;2;30;29;21m▄[38;2;35;32;22m[48;2;41;36;23m▄[38;2;87;65;42m[48;2;173;126;80m▄[38;2;196;137;83m[48;2;212;148;90m▄[38;2;204;141;86m[48;2;217;150;90m▄[0m
[38;2;158;107;58m[48;2;152;105;58m▄[38;2;174;119;67m[48;2;167;114;65m▄[38;2;165;112;64m[48;2;160;110;64m▄[38;2;168;113;65m[48;2;158;106;61m▄[38;2;169;114;63m[48;2;159;108;60m▄[38;2;171;115;63m[48;2;155;103;55m▄[38;2;166;111;63m[48;2;152;99;55m▄[38;2;165;112;65m[48;2;159;105;59m▄[38;2;61;43;25m[48;2;88;59;36m▄[38;2;15;14;7m[48;2;40;34;26m▄[38;2;112;93;66m[48;2;210;170;120m▄[38;2;214;178;128m[48;2;187;148;96m▄[38;2;220;182;127m[48;2;176;140;92m▄[38;2;212;176;122m[48;2;186;146;96m▄[38;2;218;182;131m[48;2;191;151;101m▄[38;2;225;190;137m[48;2;193;155;104m▄[38;2;231;197;142m[48;2;208;170;118m▄[38;2;239;205;150m[48;2;219;184;131m▄[38;2;250;217;162m[48;2;230;196;143m▄[38;2;255;229;171m[48;2;242;207;154m▄[38;2;255;241;182m[48;2;247;217;163m▄[38;2;251;232;176m[48;2;253;238;179m▄[38;2;172;154;115m[48;2;255;255;200m▄[38;2;40;35;21m[48;2;165;147;108m▄[38;2;39;32;19m[48;2;19;15;4m▄[38;2;164;116;67m[48;2;165;116;66m▄[38;2;193;133;74m[48;2;201;139;77m▄[38;2;193;133;75m[48;2;189;129;72m▄[38;2;195;135;78m[48;2;187;126;70m▄[38;2;191;133;77m[48;2;193;131;73m▄[38;2;196;136;80m[48;2;195;134;75m▄[38;2;200;139;83m[48;2;193;132;76m▄[38;2;206;146;87m[48;2;194;133;76m▄[38;2;202;142;84m[48;2;198;137;79m▄[38;2;202;144;88m[48;2;204;143;86m▄[38;2;207;147;89m[48;2;203;142;85m▄[38;2;209;148;90m[48;2;203;141;84m▄[38;2;206;146;87m[48;2;200;138;80m▄[38;2;205;145;88m[48;2;197;135;78m▄[38;2;205;146;90m[48;2;187;125;70m▄[38;2;211;152;94m[48;2;188;125;72m▄[38;2;182;133;85m[48;2;129;90;55m▄[38;2;45;38;27m[48;2;30;30;19m▄[38;2;39;36;28m[48;2;38;37;24m▄[38;2;41;39;30m[48;2;40;37;25m▄[38;2;42;40;31m[48;2;41;38;25m▄[38;2;41;38;30m[48;2;40;37;26m▄[38;2;41;37;29m[48;2;39;35;27m▄[38;2;41;38;28m[48;2;39;35;25m▄[38;2;39;37;25m[48;2;37;34;22m▄[38;2;39;35;25m[48;2;37;33;22m▄[38;2;38;34;23m[48;2;37;34;22m▄[38;2;39;35;24m[48;2;39;36;24m▄[38;2;41;37;26m[48;2;40;37;24m▄[38;2;43;39;28m[48;2;43;39;26m▄[38;2;42;38;27m[48;2;44;40;28m▄[38;2;42;38;27m[48;2;43;39;27m▄[38;2;33;32;22m[48;2;40;35;24m▄[38;2;91;70;44m[48;2;159;112;71m▄[38;2;216;151;92m[48;2;215;151;92m▄[0m
[38;2;139;95;55m[48;2;176;116;65m▄[38;2;162;111;65m[48;2;186;125;68m▄[38;2;146;100;58m[48;2;172;116;63m▄[38;2;146;99;58m[48;2;174;118;65m▄[38;2;143;97;57m[48;2;169;114;62m▄[38;2;139;95;55m[48;2;171;116;65m▄[38;2;146;101;58m[48;2;177;121;68m▄[38;2;90;62;36m[48;2;141;98;55m▄[38;2;24;22;15m[48;2;31;24;14m▄[38;2;34;29;23m[48;2;27;23;16m▄[38;2;34;28;22m[48;2;15;12;9m▄[38;2;25;21;16m[48;2;47;38;28m▄[38;2;17;14;11m[48;2;111;91;64m▄[38;2;19;15;12m[48;2;154;128;92m▄[38;2;26;20;14m[48;2;178;149;110m▄[38;2;31;24;17m[48;2;195;165;121m▄[38;2;34;27;19m[48;2;205;175;129m▄[38;2;34;27;19m[48;2;209;178;133m▄[38;2;28;23;16m[48;2;199;171;129m▄[38;2;23;19;14m[48;2;171;150;112m▄[38;2;21;18;12m[48;2;130;114;84m▄[38;2;28;24;17m[48;2;72;60;45m▄[38;2;38;34;25m[48;2;21;18;9m▄[38;2;38;35;25m[48;2;27;26;14m▄[38;2;51;42;28m[48;2;47;38;23m▄[38;2;128;90;54m[48;2;175;123;73m▄[38;2;138;94;56m[48;2;207;144;84m▄[38;2;135;93;56m[48;2;207;144;83m▄[38;2;135;95;57m[48;2;209;144;84m▄[38;2;134;95;58m[48;2;209;144;85m▄[38;2;142;100;62m[48;2;210;146;88m▄[38;2;142;99;61m[48;2;213;149;91m▄[38;2;136;95;57m[48;2;214;149;91m▄[38;2;138;99;62m[48;2;215;152;92m▄[38;2;140;101;64m[48;2;215;153;93m▄[38;2;142;102;64m[48;2;216;152;93m▄[38;2;140;99;61m[48;2;218;153;95m▄[38;2;136;95;60m[48;2;218;154;95m▄[38;2;129;91;60m[48;2;212;149;90m▄[38;2;124;89;56m[48;2;212;150;90m▄[38;2;134;98;61m[48;2;217;155;94m▄[38;2;136;101;66m[48;2;210;149;93m▄[38;2;73;60;41m[48;2;71;54;36m▄[38;2;48;46;33m[48;2;36;34;25m▄[38;2;52;48;35m[48;2;42;38;29m▄[38;2;53;49;35m[48;2;44;40;30m▄[38;2;55;51;37m[48;2;45;41;31m▄[38;2;55;51;37m[48;2;45;41;31m▄[38;2;54;50;37m[48;2;45;40;29m▄[38;2;55;51;38m[48;2;45;42;29m▄[38;2;56;52;37m[48;2;46;42;30m▄[38;2;57;53;39m[48;2;46;42;30m▄[38;2;58;53;40m[48;2;44;40;29m▄[38;2;56;52;39m[48;2;44;40;30m▄[38;2;56;51;38m[48;2;45;41;31m▄[38;2;57;53;40m[48;2;46;42;32m▄[38;2;59;53;41m[48;2;46;42;30m▄[38;2;60;55;40m[48;2;47;43;31m▄[38;2;52;50;36m[48;2;43;37;27m▄[38;2;92;76;54m[48;2;182;132;86m▄[0m
