[38;2;254;254;254m[48;2;254;254;254m▄[38;2;255;255;255m[48;2;254;254;254m▄[38;2;142;144;147m[48;2;249;249;249m▄[38;2;163;181;200m[48;2;222;220;216m▄[38;2;179;198;219m[48;2;218;214;212m▄[38;2;175;194;215m[48;2;216;214;210m▄[38;2;175;194;214m[48;2;216;212;210m▄[38;2;174;192;213m[48;2;216;212;210m▄[38;2;173;191;212m[48;2;216;212;208m▄[38;2;173;191;212m[48;2;216;212;208m▄[38;2;173;191;212m[48;2;214;212;208m▄[38;2;173;191;212m[48;2;214;212;208m▄[38;2;173;191;212m[48;2;214;212;208m▄[38;2;173;191;211m[48;2;214;212;208m▄[38;2;173;191;211m[48;2;214;210;208m▄[38;2;173;191;212m[48;2;214;210;208m▄[38;2;173;192;213m[48;2;214;210;208m▄[38;2;173;192;213m[48;2;214;210;208m▄[38;2;173;191;213m[48;2;214;210;208m▄[38;2;172;192;213m[48;2;214;210;208m▄[38;2;172;192;213m[48;2;214;210;208m▄[38;2;172;191;213m[48;2;214;210;208m▄[38;2;171;191;212m[48;2;214;210;208m▄[38;2;174;194;216m[48;2;214;210;208m▄[38;2;173;193;213m[48;2;214;210;206m▄[38;2;175;194;215m[48;2;214;210;206m▄[38;2;172;192;214m[48;2;214;210;206m▄[38;2;168;188;210m[48;2;214;210;206m▄[38;2;167;187;210m[48;2;214;210;206m▄[38;2;166;187;209m[48;2;214;210;206m▄[38;2;166;186;208m[48;2;214;210;208m▄[38;2;165;186;208m[48;2;214;210;208m▄[38;2;165;185;207m[48;2;214;210;208m▄[38;2;164;184;206m[48;2;214;210;208m▄[38;2;164;184;206m[48;2;214;212;208m▄[38;2;164;184;205m[48;2;214;212;208m▄[38;2;164;183;204m[48;2;214;212;208m▄[38;2;164;183;203m[48;2;214;212;210m▄[38;2;164;183;203m[48;2;216;212;210m▄[38;2;165;183;203m[48;2;214;212;210m▄[38;2;158;176;195m[48;2;216;214;212m▄[38;2;167;187;209m[48;2;214;212;208m▄[38;2;174;194;214m[48;2;214;210;208m▄[38;2;172;190;210m[48;2;214;210;206m▄[38;2;175;195;215m[48;2;214;212;208m▄[38;2;154;169;187m[48;2;212;210;206m▄[38;2;105;120;138m[48;2;222;220;218m▄[38;2;104;123;144m[48;2;226;222;218m▄[38;2;113;132;154m[48;2;224;220;218m▄[38;2;112;131;152m[48;2;224;220;218m▄[38;2;113;131;152m[48;2;224;222;218m▄[38;2;113;131;152m[48;2;224;222;218m▄[38;2;113;131;153m[48;2;224;222;218m▄[38;2;112;131;152m[48;2;224;222;218m▄[38;2;112;131;152m[48;2;224;222;218m▄[38;2;113;131;152m[48;2;226;222;218m▄[38;2;115;134;156m[48;2;226;222;218m▄[38;2;97;114;134m[48;2;227;226;222m▄[38;2;132;133;135m[48;2;243;243;243m▄[38;2;255;255;255m[48;2;254;254;254m▄[0m
[38;2;254;254;254m[48;2;254;254;254m▄[38;2;255;255;255m[48;2;255;255;255m▄[38;2;91;94;98m[48;2;90;92;96m▄[38;2;151;175;201m[48;2;162;190;220m▄[38;2;174;197;221m[48;2;190;221;253m▄[38;2;178;200;223m[48;2;184;215;247m▄[38;2;183;203;225m[48;2;183;214;246m▄[38;2;185;204;223m[48;2;183;213;246m▄[38;2;190;206;224m[48;2;182;213;246m▄[38;2;194;209;225m[48;2;180;212;245m▄[38;2;197;210;224m[48;2;179;211;244m▄[38;2;202;213;225m[48;2;178;209;243m▄[38;2;208;218;228m[48;2;177;208;241m▄[38;2;212;220;229m[48;2;176;207;239m▄[38;2;217;223;231m[48;2;177;206;239m▄[38;2;223;228;234m[48;2;177;206;238m▄[38;2;227;231;235m[48;2;176;205;236m▄[38;2;229;232;236m[48;2;176;205;235m▄[38;2;234;236;238m[48;2;178;206;235m▄[38;2;238;240;241m[48;2;179;206;234m▄[38;2;240;241;241m[48;2;179;204;232m▄[38;2;244;243;243m[48;2;181;206;232m▄[38;2;247;247;246m[48;2;184;207;232m▄[38;2;231;229;228m[48;2;166;187;211m▄[38;2;209;213;216m[48;2;170;197;226m▄[38;2;145;160;175m[48;2;169;193;220m▄[38;2;166;175;185m[48;2;186;203;221m▄[38;2;247;244;241m[48;2;202;219;237m▄[38;2;255;255;255m[48;2;201;217;234m▄[38;2;255;255;255m[48;2;204;219;235m▄[38;2;255;255;255m[48;2;209;222;237m▄[38;2;255;255;255m[48;2;212;225;238m▄[38;2;255;255;255m[48;2;214;226;238m▄[38;2;255;255;255m[48;2;216;227;238m▄[38;2;255;255;255m[48;2;219;229;239m▄[38;2;255;255;255m[48;2;223;232;241m▄[38;2;255;255;255m[48;2;226;234;243m▄[38;2;255;255;255m[48;2;229;236;244m▄[38;2;255;255;255m[48;2;232;238;245m▄[38;2;255;255;255m[48;2;235;241;246m▄[38;2;255;255;255m[48;2;214;218;224m▄[38;2;255;255;255m[48;2;183;198;213m▄[38;2;213;216;219m[48;2;169;197;227m▄[38;2;170;186;204m[48;2;184;215;249m▄[38;2;167;195;224m[48;2;187;217;248m▄[38;2;181;211;242m[48;2;188;217;248m▄[38;2;187;215;245m[48;2;166;192;221m▄[38;2;188;214;243m[48;2;112;135;162m▄[38;2;152;175;201m[48;2;82;108;137m▄[38;2;103;125;150m[48;2;89;118;151m▄[38;2;84;109;138m[48;2;94;123;156m▄[38;2;92;120;151m[48;2;93;122;154m▄[38;2;96;123;153m[48;2;93;122;154m▄[38;2;95;122;152m[48;2;93;122;154m▄[38;2;95;122;152m[48;2;93;122;154m▄[38;2;95;122;152m[48;2;93;122;154m▄[38;2;98;125;157m[48;2;95;125;159m▄[38;2;68;94;121m[48;2;65;92;122m▄[38;2;89;90;92m[48;2;86;87;90m▄[38;2;255;255;255m[48;2;255;255;255m▄[0m
[38;2;254;254;254m[48;2;254;254;254m▄[38;2;255;255;255m[48;2;255;255;255m▄[38;2;87;89;93m[48;2;92;94;99m▄[38;2;158;185;215m[48;2;138;159;183m▄[38;2;171;197;225m[48;2;163;167;171m▄[38;2;182;188;196m[48;2;245;243;240m▄[38;2;250;248;245m[48;2;254;253;251m▄[38;2;255;255;255m[48;2;254;253;251m▄[38;2;255;255;255m[48;2;255;255;252m▄[38;2;255;255;255m[48;2;255;255;254m▄[38;2;255;255;255m[48;2;255;255;255m▄[38;2;255;255;255m[48;2;255;255;255m▄[38;2;255;255;255m[48;2;255;255;255m▄[38;2;255;255;255m[48;2;255;255;255m▄[38;2;255;255;255m[48;2;255;255;255m▄[38;2;255;255;255m[48;2;255;255;255m▄[38;2;255;255;255m[48;2;255;255;255m▄[38;2;255;255;255m[48;2;255;255;255m▄[38;2;255;255;255m[48;2;255;255;255m▄[38;2;255;255;255m[48;2;255;255;255m▄[38;2;255;255;255m[48;2;255;255;255m▄[38;2;255;255;255m[48;2;255;255;255m▄[38;2;255;255;255m[48;2;255;255;255m▄[38;2;255;255;255m[48;2;255;255;255m▄[38;2;255;255;255m[48;2;255;255;255m▄[38;2;255;255;255m[48;2;240;239;239m▄[38;2;255;255;254m[48;2;166;179;191m▄[38;2;204;209;214m[48;2;144;162;180m▄[38;2;139;156;173m[48;2;212;216;220m▄[38;2;175;187;198m[48;2;255;255;255m▄[38;2;246;245;244m[48;2;255;255;255m▄[38;2;255;255;255m[48;2;255;255;255m▄[38;2;255;255;255m[48;2;255;255;255m▄[38;2;255;255;255m[48;2;255;255;255m▄[38;2;255;255;255m[48;2;255;255;255m▄[38;2;255;255;255m[48;2;255;255;255m▄[38;2;220;208;208m[48;2;255;255;255m▄[38;2;186;111;110m[48;2;255;255;255m▄[38;2;227;81;80m[48;2;244;254;254m▄[38;2;225;50;49m[48;2;242;232;232m▄[38;2;225;45;44m[48;2;242;227;227m▄[38;2;223;53;52m[48;2;243;239;239m▄[38;2;214;82;80m[48;2;255;255;255m▄[38;2;224;197;195m[48;2;253;255;254m▄[38;2;255;255;255m[48;2;201;206;211m▄[38;2;238;237;235m[48;2;164;183;205m▄[38;2;183;192;202m[48;2;171;200;231m▄[38;2;163;187;214m[48;2;184;212;243m▄[38;2;179;209;240m[48;2;189;217;246m▄[38;2;184;212;241m[48;2;183;209;237m▄[38;2;190;217;247m[48;2;141;164;189m▄[38;2;179;204;232m[48;2;97;120;146m▄[38;2;132;154;178m[48;2;85;111;140m▄[38;2;90;113;140m[48;2;94;122;153m▄[38;2;87;113;144m[48;2;96;123;153m▄[38;2;96;123;154m[48;2;95;122;152m▄[38;2;97;125;157m[48;2;98;125;157m▄[38;2;69;94;122m[48;2;69;93;121m▄[38;2;88;89;91m[48;2;88;89;91m▄[38;2;255;255;255m[48;2;255;255;255m▄[0m
[38;2;254;254;254m[48;2;254;254;254m▄[38;2;255;255;255m[48;2;255;255;255m▄[38;2;84;86;89m[48;2;85;87;91m▄[38;2;156;181;209m[48;2;156;181;209m▄[38;2;185;213;242m[48;2;189;218;249m▄[38;2;184;212;241m[48;2;167;195;225m▄[38;2;174;203;234m[48;2;163;175;188m▄[38;2;156;170;187m[48;2;237;235;233m▄[38;2;222;221;220m[48;2;255;255;255m▄[38;2;255;255;255m[48;2;255;255;255m▄[38;2;255;255;255m[48;2;255;255;255m▄[38;2;255;255;255m[48;2;255;255;255m▄[38;2;255;255;255m[48;2;255;255;255m▄[38;2;255;255;255m[48;2;255;255;255m▄[38;2;255;255;255m[48;2;255;255;255m▄[38;2;255;255;255m[48;2;255;255;255m▄[38;2;177;138;138m[48;2;254;255;255m▄[38;2;171;33;34m[48;2;229;235;234m▄[38;2;236;30;28m[48;2;229;188;187m▄[38;2;237;25;20m[48;2;225;145;145m▄[38;2;237;26;22m[48;2;221;124;123m▄[38;2;237;25;21m[48;2;222;128;128m▄[38;2;235;22;18m[48;2;222;149;149m▄[38;2;229;13;10m[48;2;224;189;189m▄[38;2;188;74;74m[48;2;245;248;248m▄[38;2;238;245;245m[48;2;255;255;255m▄[38;2;255;255;255m[48;2;255;255;255m▄[38;2;255;255;255m[48;2;255;255;255m▄[38;2;255;255;255m[48;2;236;236;236m▄[38;2;254;253;251m[48;2;158;171;185m▄[38;2;189;197;204m[48;2;148;165;183m▄[38;2;137;156;177m[48;2;219;221;224m▄[38;2;190;199;208m[48;2;255;255;255m▄[38;2;252;250;248m[48;2;255;255;255m▄[38;2;255;255;255m[48;2;255;255;255m▄[38;2;231;231;231m[48;2;255;255;255m▄[38;2;237;241;240m[48;2;203;165;164m▄[38;2;221;209;208m[48;2;180;18;18m▄[38;2;209;162;162m[48;2;214;16;15m▄[38;2;194;135;151m[48;2;219;20;22m▄[38;2;186;132;156m[48;2;219;20;23m▄[38;2;191;152;172m[48;2;220;18;22m▄[38;2;202;200;215m[48;2;196;8;16m▄[38;2;242;252;253m[48;2;186;138;141m▄[38;2;244;244;245m[48;2;255;255;255m▄[38;2;235;237;240m[48;2;255;255;255m▄[38;2;225;229;233m[48;2;255;255;255m▄[38;2;221;226;232m[48;2;224;224;224m▄[38;2;183;189;196m[48;2;175;190;206m▄[38;2;144;162;182m[48;2;175;202;230m▄[38;2;174;201;229m[48;2;183;211;241m▄[38;2;171;197;224m[48;2;185;213;242m▄[38;2;169;194;221m[48;2;191;219;248m▄[38;2;172;197;225m[48;2;170;194;221m▄[38;2;180;205;231m[48;2;118;139;163m▄[38;2;117;135;156m[48;2;88;112;139m▄[38;2;87;113;144m[48;2;97;126;158m▄[38;2;70;95;122m[48;2;70;95;123m▄[38;2;87;87;89m[48;2;88;89;91m▄[38;2;255;255;255m[48;2;255;255;255m▄[0m
[38;2;254;254;254m[48;2;254;254;254m▄[38;2;255;255;255m[48;2;255;255;255m▄[38;2;77;79;82m[48;2;80;82;86m▄[38;2;157;182;210m[48;2;157;181;209m▄[38;2;185;213;242m[48;2;185;213;242m▄[38;2;181;208;237m[48;2;181;208;237m▄[38;2;181;208;237m[48;2;183;210;239m▄[38;2;182;209;238m[48;2;179;208;240m▄[38;2;183;212;244m[48;2;153;172;194m▄[38;2;156;180;206m[48;2;204;205;207m▄[38;2;184;189;195m[48;2;255;255;255m▄[38;2;252;250;248m[48;2;255;255;255m▄[38;2;255;255;255m[48;2;255;255;255m▄[38;2;255;255;255m[48;2;255;255;255m▄[38;2;255;255;255m[48;2;255;255;255m▄[38;2;255;255;255m[48;2;255;255;255m▄[38;2;255;255;255m[48;2;214;186;186m▄[38;2;255;255;255m[48;2;185;79;77m▄[38;2;235;235;240m[48;2;182;43;55m▄[38;2;217;211;225m[48;2;185;29;50m▄[38;2;212;205;221m[48;2;189;29;46m▄[38;2;212;211;226m[48;2;189;32;48m▄[38;2;217;227;240m[48;2;188;43;56m▄[38;2;234;254;255m[48;2;175;66;78m▄[38;2;255;255;255m[48;2;183;152;161m▄[38;2;255;255;255m[48;2;248;252;252m▄[38;2;255;255;253m[48;2;255;255;255m▄[38;2;252;251;250m[48;2;255;255;255m▄[38;2;244;244;244m[48;2;255;255;255m▄[38;2;235;237;239m[48;2;255;255;255m▄[38;2;223;228;233m[48;2;255;255;255m▄[38;2;210;217;224m[48;2;220;221;221m▄[38;2;151;161;172m[48;2;143;160;179m▄[38;2;155;180;207m[48;2;170;184;198m▄[38;2;159;179;202m[48;2;223;223;222m▄[38;2;165;183;203m[48;2;176;176;174m▄[38;2;160;182;205m[48;2;199;200;201m▄[38;2;161;183;207m[48;2;208;213;214m▄[38;2;167;185;205m[48;2;217;227;225m▄[38;2;175;190;207m[48;2;226;236;231m▄[38;2;194;198;203m[48;2;235;246;242m▄[38;2;253;252;250m[48;2;206;219;219m▄[38;2;229;229;230m[48;2;176;190;198m▄[38;2;174;181;190m[48;2;158;178;198m▄[38;2;144;164;185m[48;2;169;192;217m▄[38;2;152;175;201m[48;2;164;188;214m▄[38;2;160;185;212m[48;2;160;186;213m▄[38;2;160;186;213m[48;2;159;185;213m▄[38;2;161;186;214m[48;2;164;190;219m▄[38;2;158;182;209m[48;2;171;196;223m▄[38;2;158;183;211m[48;2;168;192;219m▄[38;2;160;186;215m[48;2;168;192;219m▄[38;2;163;191;220m[48;2;168;192;219m▄[38;2;158;183;210m[48;2;170;194;222m▄[38;2;180;207;236m[48;2;182;208;235m▄[38;2;138;160;184m[48;2;131;151;173m▄[38;2;84;109;139m[48;2;84;110;139m▄[38;2;71;95;123m[48;2;71;96;124m▄[38;2;87;87;89m[48;2;87;88;91m▄[38;2;255;255;255m[48;2;255;255;255m▄[0m
[38;2;254;254;254m[48;2;254;254;254m▄[38;2;255;255;255m[48;2;255;255;255m▄[38;2;77;79;81m[48;2;77;79;82m▄[38;2;157;181;208m[48;2;157;182;209m▄[38;2;185;213;242m[48;2;185;213;242m▄[38;2;181;208;237m[48;2;181;208;237m▄[38;2;181;208;237m[48;2;181;208;237m▄[38;2;181;208;237m[48;2;181;208;237m▄[38;2;181;208;237m[48;2;181;208;237m▄[38;2;182;209;238m[48;2;185;214;244m▄[38;2;186;214;244m[48;2;164;191;220m▄[38;2;174;204;235m[48;2;167;178;190m▄[38;2;166;182;201m[48;2;237;235;233m▄[38;2;190;193;196m[48;2;255;255;255m▄[38;2;216;220;225m[48;2;255;255;255m▄[38;2;213;221;229m[48;2;255;255;255m▄[38;2;199;209;221m[48;2;255;255;255m▄[38;2;188;202;216m[48;2;255;255;255m▄[38;2;179;195;212m[48;2;255;255;255m▄[38;2;170;190;211m[48;2;255;255;255m▄[38;2;165;187;210m[48;2;252;255;254m▄[38;2;162;185;211m[48;2;243;248;248m▄[38;2;160;185;212m[48;2;232;237;240m▄[38;2;160;186;214m[48;2;218;223;229m▄[38;2;161;187;216m[48;2;202;211;221m▄[38;2;163;189;219m[48;2;189;201;215m▄[38;2;165;191;220m[48;2;179;195;212m▄[38;2;167;193;221m[48;2;171;189;209m▄[38;2;168;195;223m[48;2;165;186;208m▄[38;2;170;196;223m[48;2;161;185;210m▄[38;2;171;196;223m[48;2;160;184;211m▄[38;2;170;195;222m[48;2;160;186;215m▄[38;2;169;194;220m[48;2;169;196;224m▄[38;2;169;194;220m[48;2;170;195;222m▄[38;2;169;195;221m[48;2;169;196;223m▄[38;2;167;193;221m[48;2;170;195;224m▄[38;2;162;189;218m[48;2;170;196;223m▄[38;2;163;190;219m[48;2;171;197;226m▄[38;2;162;189;217m[48;2;170;197;226m▄[38;2;156;175;197m[48;2;158;183;209m▄[38;2;170;189;208m[48;2;137;150;162m▄[38;2;119;137;157m[48;2;177;179;180m▄[38;2;166;175;185m[48;2;255;255;255m▄[38;2;245;247;249m[48;2;255;255;255m▄[38;2;255;255;255m[48;2;223;221;220m▄[38;2;255;255;255m[48;2;196;198;199m▄[38;2;255;255;255m[48;2;228;231;235m▄[38;2;255;255;255m[48;2;215;220;225m▄[38;2;255;255;255m[48;2;216;221;225m▄[38;2;255;255;255m[48;2;217;220;223m▄[38;2;255;255;255m[48;2;209;214;221m▄[38;2;255;255;255m[48;2;209;217;226m▄[38;2;255;255;255m[48;2;203;213;224m▄[38;2;255;253;251m[48;2;167;180;193m▄[38;2;227;228;228m[48;2;159;181;204m▄[38;2;149;156;164m[48;2;118;141;167m▄[38;2;87;110;136m[48;2;86;113;146m▄[38;2;58;85;114m[48;2;70;94;122m▄[38;2;88;88;91m[48;2;87;87;89m▄[38;2;255;255;255m[48;2;255;255;255m▄[0m
[38;2;254;254;254m[48;2;254;254;254m▄[38;2;255;255;255m[48;2;255;255;255m▄[38;2;68;70;72m[48;2;77;79;81m▄[38;2;145;170;198m[48;2;159;183;210m▄[38;2;174;202;231m[48;2;187;216;245m▄[38;2;167;194;223m[48;2;183;210;239m▄[38;2;167;194;223m[48;2;182;209;238m▄[38;2;167;194;222m[48;2;180;207;236m▄[38;2;168;195;224m[48;2;178;205;233m▄[38;2;169;196;226m[48;2;176;202;230m▄[38;2;169;196;225m[48;2;174;199;227m▄[38;2;169;196;225m[48;2;174;200;227m▄[38;2;169;196;225m[48;2;170;197;226m▄[38;2;171;198;228m[48;2;156;180;206m▄[38;2;170;197;227m[48;2;160;185;212m▄[38;2;170;196;226m[48;2;160;186;215m▄[38;2;170;197;226m[48;2;161;188;218m▄[38;2;170;197;226m[48;2;164;190;219m▄[38;2;170;197;226m[48;2;165;192;221m▄[38;2;168;196;224m[48;2;166;193;221m▄[38;2;168;195;224m[48;2;168;194;222m▄[38;2;167;194;223m[48;2;170;195;222m▄[38;2;167;194;223m[48;2;170;196;222m▄[38;2;167;194;223m[48;2;170;196;223m▄[38;2;169;195;225m[48;2;170;194;222m▄[38;2;174;201;231m[48;2;169;193;220m▄[38;2;152;176;202m[48;2;169;194;221m▄[38;2;159;185;213m[48;2;168;193;219m▄[38;2;177;205;235m[48;2;166;191;217m▄[38;2;176;204;234m[48;2;166;190;217m▄[38;2;178;206;237m[48;2;167;191;218m▄[38;2;180;208;240m[48;2;168;192;219m▄[38;2;184;214;246m[48;2;171;195;223m▄[38;2;167;194;223m[48;2;161;185;210m▄[38;2;150;174;201m[48;2;147;169;194m▄[38;2;178;201;225m[48;2;165;184;203m▄[38;2;188;203;220m[48;2;185;198;212m▄[38;2;200;208;217m[48;2;194;207;221m▄[38;2;230;231;231m[48;2;185;201;219m▄[38;2;229;230;231m[48;2;177;201;226m▄[38;2;222;227;233m[48;2;158;183;211m▄[38;2;230;234;240m[48;2;139;161;186m▄[38;2;249;250;251m[48;2;131;150;171m▄[38;2;255;255;255m[48;2;234;238;241m▄[38;2;255;255;255m[48;2;255;255;255m▄[38;2;255;255;255m[48;2;255;255;255m▄[38;2;255;255;255m[48;2;255;255;255m▄[38;2;255;255;255m[48;2;255;255;255m▄[38;2;255;255;255m[48;2;255;255;255m▄[38;2;255;255;255m[48;2;255;255;255m▄[38;2;255;255;255m[48;2;255;255;255m▄[38;2;255;255;255m[48;2;255;255;255m▄[38;2;255;255;255m[48;2;255;255;255m▄[38;2;255;255;255m[48;2;255;255;255m▄[38;2;255;255;255m[48;2;255;255;255m▄[38;2;255;255;255m[48;2;255;255;255m▄[38;2;255;255;255m[48;2;222;223;223m▄[38;2;220;219;217m[48;2;96;105;118m▄[38;2;83;83;83m[48;2;79;80;83m▄[38;2;255;255;255m[48;2;255;255;255m▄[0m
[38;2;254;254;254m[48;2;254;254;254m▄[38;2;255;255;255m[48;2;255;255;255m▄[38;2;192;192;192m[48;2;139;140;141m▄[38;2;157;160;164m[48;2;157;168;180m▄[38;2;160;163;168m[48;2;175;187;200m▄[38;2;159;162;166m[48;2;174;187;200m▄[38;2;157;160;165m[48;2;174;186;200m▄[38;2;156;160;164m[48;2;175;188;202m▄[38;2;156;159;163m[48;2;175;188;202m▄[38;2;156;159;163m[48;2;165;177;189m▄[38;2;157;161;165m[48;2;162;174;186m▄[38;2;157;161;165m[48;2;164;175;188m▄[38;2;157;161;165m[48;2;165;176;189m▄[38;2;157;160;165m[48;2;167;178;191m▄[38;2;156;160;164m[48;2;168;180;194m▄[38;2;155;159;163m[48;2;171;183;196m▄[38;2;155;159;163m[48;2;173;186;200m▄[38;2;156;159;163m[48;2;167;179;193m▄[38;2;155;159;165m[48;2;163;174;186m▄[38;2;146;151;158m[48;2;164;176;189m▄[38;2;144;149;156m[48;2;165;177;190m▄[38;2;144;150;156m[48;2;167;179;192m▄[38;2;145;150;156m[48;2;168;180;194m▄[38;2;146;150;155m[48;2;170;182;196m▄[38;2;148;150;154m[48;2;172;185;199m▄[38;2;155;157;160m[48;2;176;189;204m▄[38;2;147;151;156m[48;2;162;172;184m▄[38;2;146;152;157m[48;2;167;179;192m▄[38;2;142;144;149m[48;2;177;191;206m▄[38;2;146;137;136m[48;2;174;190;205m▄[38;2;155;138;131m[48;2;173;190;206m▄[38;2;158;139;131m[48;2;172;190;207m▄[38;2;154;138;131m[48;2;174;191;208m▄[38;2;150;144;143m[48;2;166;180;194m▄[38;2;149;153;157m[48;2;163;174;187m▄[38;2;148;158;166m[48;2;178;192;208m▄[38;2;151;163;171m[48;2;171;186;203m▄[38;2;152;164;173m[48;2;163;177;192m▄[38;2;153;165;174m[48;2;164;174;184m▄[38;2;154;164;172m[48;2;171;178;186m▄[38;2;154;162;170m[48;2;175;177;181m▄[38;2;151;158;165m[48;2;182;180;178m▄[38;2;150;155;162m[48;2;210;208;205m▄[38;2;146;150;155m[48;2;214;213;211m▄[38;2;146;150;155m[48;2;213;212;211m▄[38;2;151;158;165m[48;2;212;211;209m▄[38;2;147;152;158m[48;2;213;212;210m▄[38;2;144;148;152m[48;2;213;212;211m▄[38;2;150;157;163m[48;2;213;211;210m▄[38;2;151;158;165m[48;2;213;211;210m▄[38;2;150;156;163m[48;2;213;211;210m▄[38;2;150;156;163m[48;2;213;211;210m▄[38;2;150;156;163m[48;2;213;212;210m▄[38;2;150;156;162m[48;2;213;212;210m▄[38;2;150;156;162m[48;2;213;212;211m▄[38;2;150;156;163m[48;2;214;212;211m▄[38;2;153;158;166m[48;2;215;213;212m▄[38;2;146;150;154m[48;2;203;202;201m▄[38;2;221;221;220m[48;2;154;154;154m▄[38;2;255;255;255m[48;2;255;255;255m▄[0m
[38;2;254;254;254m[48;2;254;254;254m▄[38;2;255;255;255m[48;2;255;255;255m▄[38;2;75;77;81m[48;2;66;68;72m▄[38;2;75;101;129m[48;2;57;83;112m▄[38;2;98;126;156m[48;2;81;109;140m▄[38;2;96;123;153m[48;2;78;106;137m▄[38;2;96;123;153m[48;2;78;106;137m▄[38;2;96;123;153m[48;2;78;106;137m▄[38;2;96;123;153m[48;2;79;106;137m▄[38;2;96;123;153m[48;2;78;106;137m▄[38;2;96;123;153m[48;2;78;106;137m▄[38;2;96;123;153m[48;2;78;106;137m▄[38;2;96;123;153m[48;2;78;106;137m▄[38;2;96;123;153m[48;2;78;106;137m▄[38;2;96;123;154m[48;2;78;106;137m▄[38;2;93;121;152m[48;2;78;106;137m▄[38;2;81;112;146m[48;2;79;107;138m▄[38;2;92;115;141m[48;2;73;102;136m▄[38;2;203;206;210m[48;2;70;96;125m▄[38;2;255;255;255m[48;2;135;148;164m▄[38;2;255;255;255m[48;2;169;178;188m▄[38;2;255;255;255m[48;2;154;163;174m▄[38;2;255;255;255m[48;2;151;159;168m▄[38;2;247;246;245m[48;2;144;150;158m▄[38;2;200;200;199m[48;2;139;142;146m▄[38;2;216;220;220m[48;2;166;169;173m▄[38;2;242;246;244m[48;2;169;174;180m▄[38;2;242;243;241m[48;2;152;161;170m▄[38;2;250;248;245m[48;2;157;158;164m▄[38;2;236;232;231m[48;2;161;139;133m▄[38;2;229;220;216m[48;2;144;96;79m▄[38;2;190;176;169m[48;2;139;77;52m▄[38;2;201;183;174m[48;2;150;93;70m▄[38;2;249;224;210m[48;2;147;93;73m▄[38;2;252;222;208m[48;2;128;84;71m▄[38;2;252;219;203m[48;2;100;76;75m▄[38;2;213;170;151m[48;2;85;67;71m▄[38;2;168;97;68m[48;2;88;74;80m▄[38;2;152;63;27m[48;2;88;85;99m▄[38;2;153;66;31m[48;2;82;91;110m▄[38;2;151;72;41m[48;2;77;96;122m▄[38;2;139;76;53m[48;2;72;103;135m▄[38;2;115;88;85m[48;2;74;111;147m▄[38;2;91;115;143m[48;2;77;105;137m▄[38;2;97;127;159m[48;2;69;92;120m▄[38;2;92;118;147m[48;2;70;94;122m▄[38;2;86;110;138m[48;2;74;101;132m▄[38;2;88;112;140m[48;2;71;97;126m▄[38;2;89;115;142m[48;2;65;88;115m▄[38;2;86;109;137m[48;2;65;86;112m▄[38;2;83;106;133m[48;2;70;94;122m▄[38;2;87;111;139m[48;2;71;95;124m▄[38;2;91;116;144m[48;2;71;94;123m▄[38;2;91;116;145m[48;2;70;93;121m▄[38;2;91;116;144m[48;2;69;93;120m▄[38;2;90;115;143m[48;2;70;93;121m▄[38;2;95;123;152m[48;2;75;100;131m▄[38;2;44;61;81m[48;2;25;41;61m▄[38;2;140;138;137m[48;2;136;135;133m▄[38;2;255;255;255m[48;2;255;255;255m▄[0m
[38;2;254;254;254m[48;2;254;254;254m▄[38;2;255;255;255m[48;2;255;255;255m▄[38;2;69;71;75m[48;2;70;72;76m▄[38;2;76;100;128m[48;2;76;100;129m▄[38;2;97;125;155m[48;2;97;125;155m▄[38;2;95;122;152m[48;2;95;122;152m▄[38;2;93;121;151m[48;2;95;122;152m▄[38;2;91;119;150m[48;2;95;122;152m▄[38;2;90;118;150m[48;2;95;122;152m▄[38;2;86;115;148m[48;2;95;122;152m▄[38;2;84;113;145m[48;2;95;122;152m▄[38;2;93;119;147m[48;2;94;121;152m▄[38;2;113;134;158m[48;2;89;118;149m▄[38;2;151;165;181m[48;2;83;112;144m▄[38;2;195;202;209m[48;2;82;110;141m▄[38;2;237;238;239m[48;2;99;123;150m▄[38;2;255;255;255m[48;2;134;150;168m▄[38;2;255;255;255m[48;2;220;222;224m▄[38;2;246;245;243m[48;2;255;255;255m▄[38;2;242;241;239m[48;2;254;254;254m▄[38;2;225;228;232m[48;2;255;255;255m▄[38;2;217;219;220m[48;2;255;255;255m▄[38;2;220;221;220m[48;2;243;242;242m▄[38;2;162;170;176m[48;2;227;227;226m▄[38;2;159;118;119m[48;2;189;190;188m▄[38;2;186;121;126m[48;2;186;163;157m▄[38;2;158;122;128m[48;2;181;141;135m▄[38;2;167;124;130m[48;2;202;167;165m▄[38;2;208;154;158m[48;2;230;196;190m▄[38;2;222;197;188m[48;2;218;191;182m▄[38;2;220;177;175m[48;2;255;233;222m▄[38;2;238;166;174m[48;2;212;172;169m▄[38;2;207;163;167m[48;2;182;126;125m▄[38;2;142;131;132m[48;2;163;119;116m▄[38;2;182;171;171m[48;2;167;127;122m▄[38;2;173;150;151m[48;2;181;146;141m▄[38;2;212;183;177m[48;2;210;192;189m▄[38;2;231;212;203m[48;2;203;191;189m▄[38;2;234;224;218m[48;2;205;181;171m▄[38;2;158;110;93m[48;2;148;84;60m▄[38;2;144;54;23m[48;2;149;63;30m▄[38;2;156;70;39m[48;2;155;69;34m▄[38;2;160;64;24m[48;2;166;66;24m▄[38;2;116;63;45m[48;2;112;72;61m▄[38;2;83;118;152m[48;2;88;121;154m▄[38;2;96;124;154m[48;2;96;124;154m▄[38;2;95;122;152m[48;2;97;124;154m▄[38;2;96;123;153m[48;2;92;118;148m▄[38;2;97;124;155m[48;2;87;110;138m▄[38;2;94;120;150m[48;2;87;111;137m▄[38;2;87;109;138m[48;2;90;115;145m▄[38;2;84;108;135m[48;2;86;109;137m▄[38;2;90;116;144m[48;2;80;101;126m▄[38;2;88;112;140m[48;2;85;107;133m▄[38;2;87;111;140m[48;2;84;106;132m▄[38;2;87;112;141m[48;2;84;106;133m▄[38;2;91;118;148m[48;2;89;113;142m▄[38;2;41;57;77m[48;2;41;55;73m▄[38;2;141;138;137m[48;2;141;139;138m▄[38;2;255;255;255m[48;2;255;255;255m▄[0m
[38;2;254;254;254m[48;2;254;254;254m▄[38;2;255;255;255m[48;2;255;255;255m▄[38;2;69;72;75m[48;2;69;71;75m▄[38;2;96;115;134m[48;2;69;98;127m▄[38;2;153;157;173m[48;2;87;121;152m▄[38;2;188;188;196m[48;2;87;118;148m▄[38;2;219;219;222m[48;2;97;125;152m▄[38;2;238;247;245m[48;2;107;131;157m▄[38;2;253;255;255m[48;2;111;132;154m▄[38;2;255;255;255m[48;2;135;149;165m▄[38;2;255;255;255m[48;2;171;179;188m▄[38;2;244;243;242m[48;2;209;211;214m▄[38;2;227;227;227m[48;2;245;244;243m▄[38;2;221;221;221m[48;2;255;255;255m▄[38;2;244;244;243m[48;2;255;255;255m▄[38;2;255;255;255m[48;2;255;255;255m▄[38;2;217;227;237m[48;2;255;255;255m▄[38;2;147;165;186m[48;2;255;255;255m▄[38;2;81;108;139m[48;2;230;235;241m▄[38;2;127;139;152m[48;2;148;162;179m▄[38;2;237;234;229m[48;2;157;164;171m▄[38;2;183;203;224m[48;2;211;213;214m▄[38;2;174;208;244m[48;2;181;202;223m▄[38;2;165;179;198m[48;2;151;169;189m▄[38;2;206;170;171m[48;2;237;206;197m▄[38;2;254;216;206m[48;2;242;215;206m▄[38;2;252;225;213m[48;2;202;185;180m▄[38;2;205;181;174m[48;2;190;176;167m▄[38;2;208;177;174m[48;2;204;188;178m▄[38;2;195;150;153m[48;2;244;213;205m▄[38;2;207;173;172m[48;2;233;196;190m▄[38;2;200;175;172m[48;2;228;205;194m▄[38;2;206;183;176m[48;2;238;218;205m▄[38;2;216;195;185m[48;2;255;228;217m▄[38;2;236;211;200m[48;2;250;221;210m▄[38;2;255;231;219m[48;2;248;220;209m▄[38;2;207;162;163m[48;2;236;210;202m▄[38;2;211;163;164m[48;2;214;178;178m▄[38;2;237;198;193m[48;2;231;183;183m▄[38;2;255;230;219m[48;2;217;187;182m▄[38;2;219;193;182m[48;2;105;52;45m▄[38;2;183;154;144m[48;2;102;24;16m▄[38;2;209;179;177m[48;2;168;100;78m▄[38;2;179;130;132m[48;2;145;122;117m▄[38;2;160;147;151m[48;2;107;129;154m▄[38;2;86;116;146m[48;2;92;119;150m▄[38;2;95;123;153m[48;2;95;122;152m▄[38;2;95;123;153m[48;2;95;122;152m▄[38;2;95;122;153m[48;2;96;123;153m▄[38;2;81;102;128m[48;2;95;123;153m▄[38;2;86;111;140m[48;2;82;104;129m▄[38;2;93;120;150m[48;2;88;114;142m▄[38;2;116;139;166m[48;2;90;117;147m▄[38;2;140;163;188m[48;2;91;117;147m▄[38;2;156;181;206m[48;2;91;116;144m▄[38;2;169;194;221m[48;2;93;117;145m▄[38;2;190;218;248m[48;2;109;136;167m▄[38;2;103;121;140m[48;2;53;69;90m▄[38;2;135;132;131m[48;2;139;137;136m▄[38;2;255;255;255m[48;2;255;255;255m▄[0m
[38;2;254;254;254m[48;2;254;254;254m▄[38;2;255;255;255m[48;2;255;255;255m▄[38;2;77;62;66m[48;2;76;67;70m▄[38;2;181;12;63m[48;2;177;45;83m▄[38;2;213;30;86m[48;2;218;55;101m▄[38;2;208;29;84m[48;2;211;54;100m▄[38;2;208;28;83m[48;2;207;57;102m▄[38;2;207;24;80m[48;2;205;75;113m▄[38;2;205;17;74m[48;2;207;117;144m▄[38;2;199;16;72m[48;2;218;174;187m▄[38;2;188;43;87m[48;2;239;241;240m▄[38;2;204;162;174m[48;2;255;255;255m▄[38;2;253;255;255m[48;2;255;255;255m▄[38;2;223;239;254m[48;2;247;246;245m▄[38;2;168;180;193m[48;2;213;213;211m▄[38;2;73;99;129m[48;2;147;165;183m▄[38;2;93;121;152m[48;2;92;118;149m▄[38;2;96;123;153m[48;2;83;111;144m▄[38;2;90;117;147m[48;2;75;102;132m▄[38;2;122;140;162m[48;2;190;190;191m▄[38;2;136;154;175m[48;2;255;253;249m▄[38;2;131;148;168m[48;2;241;248;254m▄[38;2;125;143;164m[48;2;197;218;240m▄[38;2;140;162;187m[48;2;189;221;252m▄[38;2;170;201;230m[48;2;158;183;212m▄[38;2;153;171;190m[48;2;204;182;178m▄[38;2;234;210;200m[48;2;244;222;209m▄[38;2;255;228;216m[48;2;176;143;141m▄[38;2;238;206;198m[48;2;169;136;139m▄[38;2;222;190;183m[48;2;191;163;163m▄[38;2;232;197;190m[48;2;185;157;157m▄[38;2;248;217;207m[48;2;186;158;158m▄[38;2;255;235;222m[48;2;200;181;175m▄[38;2;255;234;222m[48;2;207;187;178m▄[38;2;255;234;221m[48;2;233;209;198m▄[38;2;255;231;219m[48;2;249;223;212m▄[38;2;255;233;220m[48;2;232;205;196m▄[38;2;250;224;212m[48;2;254;228;216m▄[38;2;241;214;203m[48;2;255;229;217m▄[38;2;231;200;193m[48;2;253;226;214m▄[38;2;224;191;186m[48;2;255;239;226m▄[38;2;209;185;178m[48;2;255;232;222m▄[38;2;222;200;190m[48;2;203;178;169m▄[38;2;172;168;172m[48;2;109;112;129m▄[38;2;89;112;139m[48;2;84;114;148m▄[38;2;85;115;150m[48;2;96;123;154m▄[38;2;96;124;155m[48;2;95;122;152m▄[38;2;84;106;133m[48;2;96;123;154m▄[38;2;86;111;140m[48;2;81;103;129m▄[38;2;81;107;136m[48;2;86;111;140m▄[38;2;150;171;196m[48;2;103;126;155m▄[38;2;162;185;210m[48;2;150;173;198m▄[38;2;177;203;231m[48;2;168;191;216m▄[38;2;180;207;235m[48;2;183;209;238m▄[38;2;177;203;232m[48;2;187;215;245m▄[38;2;176;202;231m[48;2;186;213;243m▄[38;2;188;216;246m[48;2;196;226;255m▄[38;2;100;117;136m[48;2;106;124;144m▄[38;2;133;131;130m[48;2;134;131;131m▄[38;2;255;255;255m[48;2;255;255;255m▄[0m
[38;2;254;254;254m[48;2;254;254;254m▄[38;2;255;255;255m[48;2;255;255;255m▄[38;2;77;63;67m[48;2;77;63;67m▄[38;2;180;18;67m[48;2;180;18;67m▄[38;2;212;35;89m[48;2;212;35;89m▄[38;2;207;34;87m[48;2;207;34;87m▄[38;2;207;34;87m[48;2;207;34;87m▄[38;2;208;34;87m[48;2;207;34;87m▄[38;2;211;35;87m[48;2;207;34;87m▄[38;2;213;35;88m[48;2;208;34;87m▄[38;2;194;24;86m[48;2;217;25;82m▄[38;2;129;54;98m[48;2;190;21;69m▄[38;2;100;136;160m[48;2;202;203;212m▄[38;2;86;118;148m[48;2;128;157;181m▄[38;2;94;125;156m[48;2;82;109;140m▄[38;2;90;128;157m[48;2;95;123;154m▄[38;2;87;129;158m[48;2;95;122;152m▄[38;2;86;129;157m[48;2;95;122;152m▄[38;2;85;128;156m[48;2;96;123;153m▄[38;2;86;127;155m[48;2;89;118;150m▄[38;2;86;126;154m[48;2;85;115;147m▄[38;2;85;127;155m[48;2;87;116;148m▄[38;2;86;128;156m[48;2;87;115;148m▄[38;2;89;130;159m[48;2;88;114;143m▄[38;2;88;128;159m[48;2;89;117;149m▄[38;2;84;126;153m[48;2;109;123;141m▄[38;2;107;133;152m[48;2;241;212;199m▄[38;2;119;127;147m[48;2;255;223;212m▄[38;2;120;117;141m[48;2;242;214;204m▄[38;2;118;111;137m[48;2;235;212;202m▄[38;2;126;113;124m[48;2;243;213;205m▄[38;2;204;150;153m[48;2;241;206;199m▄[38;2;193;142;148m[48;2;234;195;191m▄[38;2;214;162;166m[48;2;214;175;172m▄[38;2;216;160;165m[48;2;201;161;160m▄[38;2;220;161;167m[48;2;194;151;152m▄[38;2;225;168;172m[48;2;179;134;138m▄[38;2;236;186;186m[48;2;170;123;128m▄[38;2;249;210;204m[48;2;169;119;126m▄[38;2;255;226;215m[48;2;186;134;140m▄[38;2;255;234;221m[48;2;206;160;161m▄[38;2;255;233;219m[48;2;242;214;204m▄[38;2;255;236;221m[48;2;255;229;217m▄[38;2;245;232;216m[48;2;255;234;219m▄[38;2;235;214;204m[48;2;225;204;194m▄[38;2;205;159;162m[48;2;125;142;154m▄[38;2;163;75;107m[48;2;80;121;148m▄[38;2;164;54;97m[48;2;78;116;142m▄[38;2;179;81;120m[48;2;101;142;169m▄[38;2;179;93;130m[48;2;104;142;164m▄[38;2;182;114;152m[48;2;144;182;204m▄[38;2;181;131;167m[48;2;165;204;228m▄[38;2;177;149;182m[48;2;170;208;234m▄[38;2;175;169;200m[48;2;173;207;233m▄[38;2;174;191;220m[48;2;174;204;231m▄[38;2;175;211;238m[48;2;174;200;227m▄[38;2;191;239;255m[48;2;184;212;241m▄[38;2;104;131;150m[48;2;99;114;132m▄[38;2;132;128;127m[48;2;133;131;130m▄[38;2;255;255;255m[48;2;255;255;255m▄[0m
[38;2;254;254;254m[48;2;254;254;254m▄[38;2;255;255;255m[48;2;255;255;255m▄[38;2;76;62;66m[48;2;77;63;67m▄[38;2;184;18;68m[48;2;180;18;67m▄[38;2;209;34;87m[48;2;213;35;89m▄[38;2;177;29;80m[48;2;213;35;88m▄[38;2;166;27;78m[48;2;212;35;88m▄[38;2;164;25;81m[48;2;202;33;87m▄[38;2;181;28;85m[48;2;186;29;87m▄[38;2;198;33;84m[48;2;166;22;83m▄[38;2;208;37;88m[48;2;123;44;91m▄[38;2;211;32;86m[48;2;100;96;127m▄[38;2;207;31;84m[48;2;101;103;135m▄[38;2;194;38;88m[48;2;95;114;143m▄[38;2;181;37;82m[48;2;91;113;141m▄[38;2;189;28;73m[48;2;114;98;131m▄[38;2;209;26;79m[48;2;130;83;120m▄[38;2;221;27;84m[48;2;142;72;110m▄[38;2;220;28;84m[48;2;154;63;104m▄[38;2;219;29;84m[48;2;160;58;100m▄[38;2;219;29;85m[48;2;162;57;99m▄[38;2;220;29;85m[48;2;160;58;100m▄[38;2;209;27;79m[48;2;149;63;102m▄[38;2;208;26;79m[48;2;123;74;108m▄[38;2;208;27;79m[48;2;116;88;120m▄[38;2;204;26;77m[48;2;144;73;113m▄[38;2;206;28;80m[48;2;161;54;99m▄[38;2;205;29;81m[48;2;175;43;92m▄[38;2;206;26;80m[48;2;190;24;79m▄[38;2;192;55;95m[48;2;163;85;111m▄[38;2;184;149;156m[48;2;186;193;180m▄[38;2;221;205;196m[48;2;255;230;217m▄[38;2;248;229;216m[48;2;233;211;199m▄[38;2;244;224;212m[48;2;252;227;215m▄[38;2;238;219;208m[48;2;255;233;220m▄[38;2;229;207;197m[48;2;255;233;220m▄[38;2;222;190;185m[48;2;255;236;222m▄[38;2;211;167;168m[48;2;255;240;225m▄[38;2;199;136;146m[48;2;255;240;224m▄[38;2;190;99;121m[48;2;250;235;220m▄[38;2;183;61;96m[48;2;238;220;207m▄[38;2;184;33;79m[48;2;221;190;185m▄[38;2;191;20;73m[48;2;205;146;154m▄[38;2;197;20;75m[48;2;194;94;121m▄[38;2;199;27;80m[48;2;192;48;93m▄[38;2;196;32;82m[48;2;202;26;81m▄[38;2;195;34;82m[48;2;214;27;83m▄[38;2;196;33;83m[48;2;214;29;83m▄[38;2;197;33;83m[48;2;209;24;79m▄[38;2;199;33;84m[48;2;207;22;76m▄[38;2;200;33;84m[48;2;203;19;72m▄[38;2;202;34;85m[48;2;200;19;71m▄[38;2;204;33;85m[48;2;196;21;71m▄[38;2;210;33;87m[48;2;198;27;77m▄[38;2;213;31;86m[48;2;195;39;88m▄[38;2;214;26;82m[48;2;186;61;105m▄[38;2;227;22;82m[48;2;192;110;149m▄[38;2;121;0;30m[48;2;101;75;97m▄[38;2;130;141;138m[48;2;132;135;134m▄[38;2;255;255;255m[48;2;255;255;255m▄[0m
[38;2;254;254;254m[48;2;254;254;254m▄[38;2;255;255;255m[48;2;255;255;255m▄[38;2;221;219;219m[48;2;68;54;57m▄[38;2;216;197;203m[48;2;160;2;49m▄[38;2;222;200;206m[48;2;188;18;70m▄[38;2;224;200;206m[48;2;169;14;67m▄[38;2;222;200;206m[48;2;176;15;68m▄[38;2;221;200;206m[48;2;189;18;69m▄[38;2;219;198;204m[48;2;191;18;69m▄[38;2;217;197;203m[48;2;188;17;69m▄[38;2;217;197;203m[48;2;186;16;68m▄[38;2;217;197;203m[48;2;187;16;68m▄[38;2;217;197;203m[48;2;187;16;68m▄[38;2;217;197;203m[48;2;190;15;67m▄[38;2;217;197;203m[48;2;193;15;68m▄[38;2;218;197;203m[48;2;181;16;66m▄[38;2;219;197;204m[48;2;172;15;62m▄[38;2;217;197;203m[48;2;187;17;69m▄[38;2;217;197;203m[48;2;185;17;68m▄[38;2;217;197;203m[48;2;185;17;68m▄[38;2;217;197;203m[48;2;185;17;68m▄[38;2;217;197;203m[48;2;185;17;68m▄[38;2;217;197;203m[48;2;187;17;69m▄[38;2;217;197;203m[48;2;188;17;69m▄[38;2;217;197;203m[48;2;185;16;68m▄[38;2;218;197;203m[48;2;181;16;66m▄[38;2;218;197;203m[48;2;180;16;66m▄[38;2;218;197;203m[48;2;178;16;65m▄[38;2;219;197;204m[48;2;176;17;65m▄[38;2;218;197;203m[48;2;182;11;62m▄[38;2;218;196;202m[48;2;181;12;63m▄[38;2;220;191;200m[48;2;162;35;76m▄[38;2;216;187;197m[48;2;152;48;91m▄[38;2;217;187;197m[48;2;157;52;84m▄[38;2;220;189;199m[48;2;159;45;77m▄[38;2;221;192;201m[48;2;161;30;68m▄[38;2;220;195;202m[48;2;163;16;61m▄[38;2;220;196;203m[48;2;166;7;56m▄[38;2;219;197;204m[48;2;169;1;53m▄[38;2;219;197;204m[48;2;175;3;55m▄[38;2;210;191;200m[48;2;181;9;61m▄[38;2;198;184;196m[48;2;183;15;65m▄[38;2;198;184;196m[48;2;183;18;67m▄[38;2;197;184;196m[48;2;185;18;68m▄[38;2;198;184;195m[48;2;185;18;68m▄[38;2;213;194;201m[48;2;185;17;68m▄[38;2;200;186;197m[48;2;188;18;69m▄[38;2;203;188;197m[48;2;189;18;69m▄[38;2;200;187;197m[48;2;190;19;70m▄[38;2;195;183;195m[48;2;190;19;70m▄[38;2;201;186;197m[48;2;190;19;70m▄[38;2;209;191;199m[48;2;188;18;69m▄[38;2;203;187;197m[48;2;189;19;70m▄[38;2;202;187;198m[48;2;189;19;70m▄[38;2;199;185;198m[48;2;189;19;70m▄[38;2;200;186;198m[48;2;189;19;70m▄[38;2;205;189;199m[48;2;203;21;75m▄[38;2;198;189;196m[48;2;104;0;24m▄[38;2;246;247;247m[48;2;127;137;134m▄[38;2;255;255;255m[48;2;255;255;255m▄[0m
