[38;2;117;161;202m[48;2;115;160;202m▄[38;2;136;191;238m[48;2;123;176;219m▄[38;2;128;178;222m[48;2;114;163;202m▄[38;2;129;178;222m[48;2;114;161;202m▄[38;2;129;178;224m[48;2;114;163;204m▄[38;2;128;178;223m[48;2;112;161;204m▄[38;2;129;179;223m[48;2;114;163;206m▄[38;2;129;179;223m[48;2;114;163;204m▄[38;2;132;185;230m[48;2;116;165;206m▄[38;2;132;185;230m[48;2;118;165;208m▄[38;2;130;180;225m[48;2;118;166;208m▄[38;2;127;180;224m[48;2;118;165;208m▄[38;2;125;178;223m[48;2;118;165;208m▄[38;2;128;184;229m[48;2;116;165;206m▄[38;2;122;175;221m[48;2;118;168;211m▄[38;2;118;170;216m[48;2;118;166;213m▄[38;2;126;181;228m[48;2;116;165;208m▄[38;2;128;181;228m[48;2;116;163;206m▄[38;2;127;177;222m[48;2;118;165;208m▄[38;2;128;179;224m[48;2;120;166;208m▄[38;2;129;180;225m[48;2;120;166;210m▄[38;2;130;179;225m[48;2;121;166;210m▄[38;2;125;179;228m[48;2;120;166;206m▄[38;2;129;153;183m[48;2;114;172;223m▄[38;2;177;127;101m[48;2;97;142;187m▄[38;2;116;93;87m[48;2;110;146;185m▄[38;2;63;55;95m[48;2;97;150;189m▄[38;2;73;48;85m[48;2;93;151;191m▄[38;2;47;74;104m[48;2;121;174;219m▄[38;2;111;168;212m[48;2;121;166;210m▄[38;2;126;180;225m[48;2;121;165;206m▄[38;2;127;177;222m[48;2;123;166;208m▄[38;2;128;178;223m[48;2;123;168;210m▄[38;2;129;178;223m[48;2;121;166;208m▄[38;2;130;180;224m[48;2;121;166;208m▄[38;2;131;179;224m[48;2;121;166;208m▄[38;2;131;180;224m[48;2;121;166;208m▄[38;2;131;180;224m[48;2;121;166;208m▄[38;2;131;179;224m[48;2;121;166;208m▄[38;2;132;180;222m[48;2;123;168;206m▄[38;2;132;179;223m[48;2;123;166;206m▄[38;2;130;178;223m[48;2;123;165;208m▄[38;2;130;177;222m[48;2;121;165;206m▄[38;2;130;178;222m[48;2;121;163;204m▄[38;2;130;179;223m[48;2;120;163;206m▄[38;2;130;177;221m[48;2;121;163;206m▄[38;2;131;177;221m[48;2;121;163;204m▄[38;2;131;177;222m[48;2;120;163;204m▄[38;2;130;176;222m[48;2;120;163;206m▄[38;2;130;175;221m[48;2;121;163;206m▄[38;2;129;175;221m[48;2;121;163;206m▄[38;2;128;175;221m[48;2;121;163;206m▄[38;2;127;175;220m[48;2;120;163;206m▄[38;2;126;173;219m[48;2;120;161;202m▄[38;2;124;172;218m[48;2;118;161;202m▄[38;2;122;171;218m[48;2;114;159;202m▄[38;2;121;170;216m[48;2;114;159;200m▄[38;2;122;170;216m[48;2;112;157;200m▄[38;2;122;170;216m[48;2;112;157;198m▄[38;2;128;181;233m[48;2;116;166;215m▄[0m
[38;2;118;163;204m[48;2;116;161;202m▄[38;2;129;178;222m[48;2;127;176;220m▄[38;2;122;167;207m[48;2;121;166;208m▄[38;2;123;167;209m[48;2;123;167;208m▄[38;2;124;168;209m[48;2;123;168;209m▄[38;2;123;168;209m[48;2;124;168;208m▄[38;2;123;172;214m[48;2;121;167;207m▄[38;2;96;134;171m[48;2;124;175;216m▄[38;2;15;24;45m[48;2;103;147;188m▄[38;2;10;22;45m[48;2;99;144;187m▄[38;2;42;70;106m[48;2;119;171;213m▄[38;2;97;147;189m[48;2;119;169;211m▄[38;2;111;160;201m[48;2;120;172;214m▄[38;2;19;26;44m[48;2;85;121;156m▄[38;2;0;0;6m[48;2;20;29;48m▄[38;2;12;7;16m[48;2;15;25;45m▄[38;2;95;43;24m[48;2;21;40;65m▄[38;2;85;118;149m[48;2;96;136;174m▄[38;2;118;172;215m[48;2;120;170;212m▄[38;2;118;165;207m[48;2;117;165;207m▄[38;2;118;165;207m[48;2;118;165;206m▄[38;2;117;164;206m[48;2;115;164;206m▄[38;2;108;166;214m[48;2;103;160;209m▄[38;2;132;129;140m[48;2;152;108;89m▄[38;2;160;90;48m[48;2;210;119;57m▄[38;2;8;25;49m[48;2;56;50;53m▄[38;2;8;18;47m[48;2;33;30;62m▄[38;2;89;28;66m[48;2;102;23;65m▄[38;2;111;30;76m[48;2;72;24;61m▄[38;2;95;22;64m[48;2;91;108;153m▄[38;2;97;72;114m[48;2;105;167;212m▄[38;2;105;146;188m[48;2;111;166;208m▄[38;2;115;170;212m[48;2;115;162;204m▄[38;2;119;166;207m[48;2;117;164;207m▄[38;2;119;168;212m[48;2;118;165;207m▄[38;2;121;166;207m[48;2;120;165;206m▄[38;2;121;166;208m[48;2;121;165;206m▄[38;2;121;167;207m[48;2;121;166;207m▄[38;2;122;166;208m[48;2;122;166;208m▄[38;2;123;166;208m[48;2;122;165;206m▄[38;2;123;167;207m[48;2;122;165;206m▄[38;2;121;167;208m[48;2;120;164;206m▄[38;2;113;155;195m[48;2;119;165;206m▄[38;2;51;60;82m[48;2;119;165;206m▄[38;2;39;47;53m[48;2;117;158;194m▄[38;2;70;61;67m[48;2;123;168;208m▄[38;2;117;132;155m[48;2;120;166;208m▄[38;2;118;171;216m[48;2;121;163;204m▄[38;2;120;164;205m[48;2;121;164;206m▄[38;2;121;165;206m[48;2;120;163;205m▄[38;2;123;165;206m[48;2;121;163;205m▄[38;2;123;166;206m[48;2;120;162;204m▄[38;2;123;166;206m[48;2;120;163;205m▄[38;2;123;166;207m[48;2;119;163;204m▄[38;2;122;166;206m[48;2;118;162;203m▄[38;2;121;166;205m[48;2;117;161;202m▄[38;2;121;165;206m[48;2;116;161;202m▄[38;2;120;164;205m[48;2;116;160;202m▄[38;2;119;163;204m[48;2;115;160;202m▄[38;2;126;174;219m[48;2;122;170;216m▄[0m
[38;2;123;166;206m[48;2;116;165;204m▄[38;2;134;182;223m[48;2;129;178;223m▄[38;2;124;169;208m[48;2;121;167;208m▄[38;2;124;170;208m[48;2;122;167;208m▄[38;2;125;170;209m[48;2;123;167;208m▄[38;2;124;169;208m[48;2;122;167;208m▄[38;2;124;176;218m[48;2;123;177;220m▄[38;2;55;78;106m[48;2;56;79;107m▄[38;2;0;0;11m[48;2;0;0;2m▄[38;2;8;10;25m[48;2;6;5;17m▄[38;2;9;13;28m[48;2;4;12;30m▄[38;2;7;9;23m[48;2;32;57;89m▄[38;2;82;124;160m[48;2;92;141;181m▄[38;2;35;62;93m[48;2;2;10;29m▄[38;2;116;59;33m[48;2;85;48;37m▄[38;2;216;125;65m[48;2;153;95;59m▄[38;2;180;93;42m[48;2;189;104;56m▄[38;2;133;130;143m[48;2;123;131;151m▄[38;2;118;173;218m[48;2;113;169;215m▄[38;2;125;171;212m[48;2;120;167;209m▄[38;2;127;172;210m[48;2;121;168;209m▄[38;2;126;171;209m[48;2;121;167;209m▄[38;2;124;169;210m[48;2;119;166;208m▄[38;2;120;170;210m[48;2;112;165;209m▄[38;2;113;167;210m[48;2;97;109;138m▄[38;2;48;75;105m[48;2;11;7;25m▄[38;2;3;12;29m[48;2;1;16;42m▄[38;2;44;1;21m[48;2;59;22;54m▄[38;2;100;15;46m[48;2;110;26;65m▄[38;2;110;24;63m[48;2;107;22;59m▄[38;2;111;28;71m[48;2;109;15;54m▄[38;2;94;14;52m[48;2;97;30;71m▄[38;2;96;53;93m[48;2;103;131;174m▄[38;2;103;153;198m[48;2;135;154;170m▄[38;2;152;114;95m[48;2;136;155;175m▄[38;2;150;143;147m[48;2;116;170;217m▄[38;2;116;172;214m[48;2;120;167;208m▄[38;2;116;170;211m[48;2;122;168;208m▄[38;2;117;176;216m[48;2;123;168;208m▄[38;2;118;176;217m[48;2;124;169;209m▄[38;2;120;172;213m[48;2;124;168;209m▄[38;2;114;174;221m[48;2;119;171;215m▄[38;2;128;135;148m[48;2;120;138;162m▄[38;2;191;107;59m[48;2;92;38;24m▄[38;2;144;78;52m[48;2;23;16;23m▄[38;2;51;33;32m[48;2;14;10;14m▄[38;2;2;11;24m[48;2;56;56;71m▄[38;2;61;59;68m[48;2;123;163;198m▄[38;2;118;165;202m[48;2;122;166;207m▄[38;2;122;167;208m[48;2;126;168;207m▄[38;2;124;166;207m[48;2;127;169;206m▄[38;2;123;167;207m[48;2;126;169;207m▄[38;2;123;166;207m[48;2;126;169;206m▄[38;2;123;166;207m[48;2;127;169;208m▄[38;2;121;165;207m[48;2;125;168;208m▄[38;2;120;165;206m[48;2;124;167;207m▄[38;2;119;165;205m[48;2;123;166;207m▄[38;2;119;164;206m[48;2;122;165;207m▄[38;2;118;163;204m[48;2;121;164;206m▄[38;2;123;174;218m[48;2;127;175;220m▄[0m
[38;2;131;172;206m[48;2;129;172;206m▄[38;2;141;187;224m[48;2;140;187;225m▄[38;2;131;175;208m[48;2;130;173;209m▄[38;2;132;174;209m[48;2;132;173;210m▄[38;2;131;174;211m[48;2;130;174;209m▄[38;2;129;176;213m[48;2;129;173;210m▄[38;2;122;162;197m[48;2;126;172;211m▄[38;2;41;62;82m[48;2;42;63;84m▄[38;2;4;10;27m[48;2;3;7;21m▄[38;2;8;9;24m[48;2;8;10;25m▄[38;2;2;9;22m[48;2;8;10;24m▄[38;2;64;19;32m[48;2;0;2;14m▄[38;2;171;29;44m[48;2;61;67;90m▄[38;2;187;34;48m[48;2;105;68;97m▄[38;2;190;37;53m[48;2;162;56;44m▄[38;2;160;54;56m[48;2;165;91;45m▄[38;2;105;135;170m[48;2;142;92;62m▄[38;2;107;176;218m[48;2;113;153;190m▄[38;2;114;178;219m[48;2;122;173;215m▄[38;2;117;180;221m[48;2;125;171;211m▄[38;2;116;180;222m[48;2;126;172;212m▄[38;2;116;178;220m[48;2;126;171;211m▄[38;2;115;176;219m[48;2;124;169;210m▄[38;2;111;161;206m[48;2;119;169;212m▄[38;2;150;129;124m[48;2;111;169;215m▄[38;2;177;109;78m[48;2;129;149;173m▄[38;2;120;151;181m[48;2;98;128;159m▄[38;2;119;136;162m[48;2;63;91;124m▄[38;2;116;136;166m[48;2;86;44;75m▄[38;2;101;141;178m[48;2;81;17;46m▄[38;2;90;112;144m[48;2;88;14;44m▄[38;2;63;53;79m[48;2;102;13;49m▄[38;2;38;19;36m[48;2;86;20;58m▄[38;2;178;151;114m[48;2;149;156;168m▄[38;2;185;200;201m[48;2;124;154;180m▄[38;2;103;160;208m[48;2;132;104;91m▄[38;2;147;68;74m[48;2;176;80;87m▄[38;2;201;61;43m[48;2;172;61;94m▄[38;2;202;45;47m[48;2;172;79;104m▄[38;2;196;29;44m[48;2;152;110;138m▄[38;2;192;40;56m[48;2;126;144;179m▄[38;2;194;43;57m[48;2;119;147;187m▄[38;2;172;37;57m[48;2;113;117;144m▄[38;2;123;45;44m[48;2;178;106;59m▄[38;2;164;89;52m[48;2;213;130;65m▄[38;2;192;55;56m[48;2;154;76;52m▄[38;2;206;40;57m[48;2;129;26;37m▄[38;2;206;38;53m[48;2;155;38;53m▄[38;2;187;41;59m[48;2;119;133;172m▄[38;2;151;83;113m[48;2;103;170;214m▄[38;2;109;155;196m[48;2;115;164;207m▄[38;2;109;168;211m[48;2;119;163;204m▄[38;2;117;162;204m[48;2;119;164;206m▄[38;2;118;163;205m[48;2;117;163;205m▄[38;2;118;163;205m[48;2;116;163;205m▄[38;2;118;163;205m[48;2;115;162;204m▄[38;2;117;162;204m[48;2;115;162;204m▄[38;2;117;162;205m[48;2;115;162;204m▄[38;2;116;162;204m[48;2;115;161;203m▄[38;2;122;172;218m[48;2;121;172;217m▄[0m
[38;2;129;172;206m[48;2;133;174;208m▄[38;2;142;187;224m[48;2;145;189;225m▄[38;2;134;174;208m[48;2;135;176;210m▄[38;2;134;174;209m[48;2;136;176;210m▄[38;2;135;180;216m[48;2;133;174;209m▄[38;2;119;159;195m[48;2;136;184;222m▄[38;2;58;70;91m[48;2;99;132;165m▄[38;2;16;24;37m[48;2;15;25;42m▄[38;2;7;11;26m[48;2;7;11;26m▄[38;2;8;10;21m[48;2;7;10;24m▄[38;2;6;14;34m[48;2;5;10;24m▄[38;2;5;24;60m[48;2;131;34;54m▄[38;2;154;38;56m[48;2;197;40;57m▄[38;2;195;41;55m[48;2;190;39;55m▄[38;2;157;34;49m[48;2;196;40;55m▄[38;2;170;36;53m[48;2;200;37;55m▄[38;2;189;34;49m[48;2;182;51;71m▄[38;2;203;30;44m[48;2;155;92;118m▄[38;2;213;34;46m[48;2;155;104;131m▄[38;2;209;32;45m[48;2;160;102;129m▄[38;2;197;30;42m[48;2;160;102;129m▄[38;2;179;25;40m[48;2;175;89;115m▄[38;2;112;28;38m[48;2;158;91;111m▄[38;2;55;40;39m[48;2;154;107;85m▄[38;2;46;35;43m[48;2;174;108;72m▄[38;2;110;58;42m[48;2;95;73;68m▄[38;2;161;92;67m[48;2;168;103;72m▄[38;2;119;133;160m[48;2;126;48;30m▄[38;2;120;171;213m[48;2;115;127;154m▄[38;2;128;171;209m[48;2;125;179;221m▄[38;2;132;172;209m[48;2;126;177;217m▄[38;2;133;174;210m[48;2;124;175;212m▄[38;2;135;179;214m[48;2;107;150;185m▄[38;2;124;178;223m[48;2;101;122;145m▄[38;2;138;143;149m[48;2;179;150;116m▄[38;2;152;149;152m[48;2;144;166;182m▄[38;2;164;169;176m[48;2;107;143;177m▄[38;2;160;149;137m[48;2;156;118;85m▄[38;2;178;109;94m[48;2;196;93;64m▄[38;2;188;34;51m[48;2;191;33;51m▄[38;2;198;37;53m[48;2;186;38;54m▄[38;2;188;45;60m[48;2;172;41;54m▄[38;2;184;54;70m[48;2;182;43;58m▄[38;2;200;42;56m[48;2;186;35;53m▄[38;2;203;40;53m[48;2;183;36;53m▄[38;2;195;37;52m[48;2;199;40;56m▄[38;2;191;40;56m[48;2;193;40;55m▄[38;2;189;40;53m[48;2;191;40;55m▄[38;2;192;40;54m[48;2;202;40;51m▄[38;2;197;42;56m[48;2;200;28;40m▄[38;2;207;35;45m[48;2;168;61;84m▄[38;2;190;48;65m[48;2;114;141;182m▄[38;2;148;100;130m[48;2;105;172;216m▄[38;2;114;156;197m[48;2;115;165;207m▄[38;2;118;172;216m[48;2;119;163;205m▄[38;2;126;173;218m[48;2;119;164;206m▄[38;2;124;170;212m[48;2;119;164;206m▄[38;2;122;166;207m[48;2;119;164;206m▄[38;2;122;167;208m[48;2;117;163;205m▄[38;2;129;178;222m[48;2;123;173;219m▄[0m
[38;2;136;174;206m[48;2;133;174;206m▄[38;2;147;190;224m[48;2;142;187;224m▄[38;2;135;175;208m[48;2;132;173;208m▄[38;2;141;186;221m[48;2;132;178;213m▄[38;2;60;78;99m[48;2;122;160;193m▄[38;2;2;1;10m[48;2;43;46;57m▄[38;2;26;30;35m[48;2;41;42;51m▄[38;2;7;9;23m[48;2;20;27;39m▄[38;2;7;10;23m[48;2;8;10;23m▄[38;2;8;14;32m[48;2;7;8;22m▄[38;2;11;22;48m[48;2;11;21;50m▄[38;2;9;14;35m[48;2;8;24;58m▄[38;2;3;17;42m[48;2;35;19;38m▄[38;2;0;19;47m[48;2;48;15;28m▄[38;2;12;20;46m[48;2;57;21;35m▄[38;2;0;1;18m[48;2;54;18;31m▄[38;2;62;94;118m[48;2;45;19;36m▄[38;2;95;140;170m[48;2;59;11;26m▄[38;2;63;98;123m[48;2;61;5;19m▄[38;2;49;78;100m[48;2;47;2;17m▄[38;2;38;58;78m[48;2;30;2;17m▄[38;2;72;66;88m[48;2;9;0;11m▄[38;2;120;108;135m[48;2;38;1;16m▄[38;2;128;147;180m[48;2;98;14;35m▄[38;2;126;175;214m[48;2;100;75;88m▄[38;2;127;177;216m[48;2;128;155;182m▄[38;2;130;174;210m[48;2;115;165;206m▄[38;2;130;173;208m[48;2;125;176;218m▄[38;2;131;173;208m[48;2;129;171;209m▄[38;2;132;173;209m[48;2;132;173;208m▄[38;2;130;173;208m[48;2;135;175;209m▄[38;2;127;174;212m[48;2;133;174;209m▄[38;2;141;168;194m[48;2;127;174;213m▄[38;2;178;139;104m[48;2;139;169;199m▄[38;2;171;120;68m[48;2;168;154;146m▄[38;2;202;152;97m[48;2;208;163;121m▄[38;2;189;145;97m[48;2;207;155;102m▄[38;2;120;90;57m[48;2;115;80;48m▄[38;2;82;59;33m[48;2;155;129;99m▄[38;2;178;141;96m[48;2;158;106;87m▄[38;2;159;133;105m[48;2;160;45;55m▄[38;2;161;114;119m[48;2;189;30;47m▄[38;2;148;89;117m[48;2;197;27;41m▄[38;2;130;111;147m[48;2;186;26;42m▄[38;2;130;150;185m[48;2;175;40;60m▄[38;2;102;140;171m[48;2;147;40;57m▄[38;2;123;32;52m[48;2;147;29;41m▄[38;2;161;21;40m[48;2;185;40;54m▄[38;2;171;36;52m[48;2;198;42;56m▄[38;2;184;38;54m[48;2;197;41;55m▄[38;2;195;41;55m[48;2;198;42;56m▄[38;2;195;43;55m[48;2;191;39;49m▄[38;2;196;34;49m[48;2;204;32;40m▄[38;2;203;56;66m[48;2;177;58;82m▄[38;2;186;136;137m[48;2;107;125;153m▄[38;2;96;93;79m[48;2;81;112;119m▄[38;2;64;83;79m[48;2;113;152;186m▄[38;2;122;166;205m[48;2;125;170;215m▄[38;2;127;171;209m[48;2;122;167;208m▄[38;2;135;183;224m[48;2;131;180;224m▄[0m
[38;2;131;170;204m[48;2;136;172;204m▄[38;2;143;186;223m[48;2;146;188;223m▄[38;2;138;182;219m[48;2;136;177;211m▄[38;2;92;115;142m[48;2;134;165;191m▄[38;2;83;70;52m[48;2;90;79;64m▄[38;2;90;78;57m[48;2;35;31;26m▄[38;2;41;34;29m[48;2;38;33;30m▄[38;2;0;0;12m[48;2;2;6;22m▄[38;2;3;4;17m[48;2;7;9;23m▄[38;2;15;17;35m[48;2;6;12;30m▄[38;2;40;29;57m[48;2;6;20;52m▄[38;2;27;20;42m[48;2;7;21;54m▄[38;2;20;21;44m[48;2;11;25;62m▄[38;2;5;18;50m[48;2;12;25;60m▄[38;2;0;4;28m[48;2;9;21;52m▄[38;2;34;43;66m[48;2;6;12;39m▄[38;2;123;158;188m[48;2;94;122;150m▄[38;2;137;173;206m[48;2;143;191;226m▄[38;2;140;178;211m[48;2;142;188;223m▄[38;2;139;178;211m[48;2;141;188;224m▄[38;2;136;177;210m[48;2;137;183;219m▄[38;2;136;178;210m[48;2;135;184;220m▄[38;2;137;177;210m[48;2;129;184;221m▄[38;2;137;177;211m[48;2;130;180;217m▄[38;2;134;177;212m[48;2;131;175;210m▄[38;2;131;177;215m[48;2;131;174;208m▄[38;2;132;175;213m[48;2;131;174;209m▄[38;2;136;175;209m[48;2;129;174;209m▄[38;2;144;175;202m[48;2;130;173;211m▄[38;2;150;176;200m[48;2;129;173;211m▄[38;2;145;178;211m[48;2;128;174;212m▄[38;2;151;153;155m[48;2;125;168;207m▄[38;2;127;87;48m[48;2;155;133;115m▄[38;2;163;119;76m[48;2;204;145;85m▄[38;2;206;155;105m[48;2;166;122;76m▄[38;2;219;168;115m[48;2;192;146;96m▄[38;2;90;70;44m[48;2;134;98;60m▄[38;2;13;19;12m[48;2;65;53;32m▄[38;2;65;52;36m[48;2;55;45;25m▄[38;2;101;78;57m[48;2;155;118;83m▄[38;2;197;146;97m[48;2;218;170;125m▄[38;2;211;161;109m[48;2;206;169;125m▄[38;2;206;152;100m[48;2;184;169;148m▄[38;2;209;153;106m[48;2;153;174;187m▄[38;2;187;161;145m[48;2;126;173;210m▄[38;2;151;168;189m[48;2;124;178;217m▄[38;2;127;180;217m[48;2;137;142;172m▄[38;2;109;152;181m[48;2;164;39;61m▄[38;2;116;46;65m[48;2;184;25;43m▄[38;2;164;19;36m[48;2;187;39;55m▄[38;2;165;35;44m[48;2;193;38;55m▄[38;2;128;48;51m[48;2;185;32;50m▄[38;2;160;120;114m[48;2;172;51;62m▄[38;2;167;127;122m[48;2;193;137;136m▄[38;2;189;124;106m[48;2;193;150;148m▄[38;2;222;145;120m[48;2;195;147;144m▄[38;2;180;111;95m[48;2;104;91;72m▄[38;2;106;124;141m[48;2;87;119;128m▄[38;2;137;179;217m[48;2;139;180;218m▄[38;2;148;188;227m[48;2;145;187;225m▄[0m
[38;2;133;172;206m[48;2;133;172;206m▄[38;2;145;188;224m[48;2;145;188;223m▄[38;2;137;175;207m[48;2;135;176;209m▄[38;2;138;177;209m[48;2;132;172;206m▄[38;2;137;177;211m[48;2;98;128;161m▄[38;2;76;97;119m[48;2;24;22;21m▄[38;2;113;143;166m[48;2;59;70;80m▄[38;2;140;184;219m[48;2;71;91;117m▄[38;2;93;125;158m[48;2;12;17;30m▄[38;2;27;46;56m[48;2;13;23;44m▄[38;2;76;90;87m[48;2;59;63;81m▄[38;2;14;31;56m[48;2;40;40;53m▄[38;2;12;39;82m[48;2;34;31;47m▄[38;2;51;60;83m[48;2;78;62;47m▄[38;2;77;84;95m[48;2;47;36;27m▄[38;2;110;145;177m[48;2;75;102;131m▄[38;2;131;169;201m[48;2;109;138;166m▄[38;2;138;175;207m[48;2;137;173;204m▄[38;2;141;176;207m[48;2;143;179;209m▄[38;2;141;177;208m[48;2;143;180;208m▄[38;2;141;177;208m[48;2;143;180;209m▄[38;2;137;178;212m[48;2;142;179;210m▄[38;2;131;177;214m[48;2;142;178;209m▄[38;2;136;172;206m[48;2;139;179;211m▄[38;2;174;149;129m[48;2;146;176;202m▄[38;2;217;164;111m[48;2;173;170;167m▄[38;2;217;168;113m[48;2;184;167;153m▄[38;2;211;157;103m[48;2;197;161;131m▄[38;2;191;143;97m[48;2;197;156;122m▄[38;2;197;146;97m[48;2;190;146;111m▄[38;2;174;125;76m[48;2;182;143;107m▄[38;2;173;130;87m[48;2;155;118;83m▄[38;2;212;163;114m[48;2;185;134;84m▄[38;2;200;152;106m[48;2;142;104;66m▄[38;2;190;144;102m[48;2;181;133;85m▄[38;2;178;136;94m[48;2;174;128;80m▄[38;2;163;124;87m[48;2;67;50;30m▄[38;2;194;143;98m[48;2;71;56;36m▄[38;2;201;151;100m[48;2;139;103;64m▄[38;2;215;166;116m[48;2;148;113;77m▄[38;2;204;152;102m[48;2;189;141;92m▄[38;2;203;151;101m[48;2;206;155;105m▄[38;2;205;154;104m[48;2;207;159;110m▄[38;2;201;150;98m[48;2;207;154;105m▄[38;2;206;154;105m[48;2;211;153;103m▄[38;2;210;154;105m[48;2;202;154;116m▄[38;2;188;152;125m[48;2;143;166;189m▄[38;2;141;168;195m[48;2;124;178;220m▄[38;2;128;174;213m[48;2;118;160;194m▄[38;2;123;176;217m[48;2;104;122;156m▄[38;2;131;106;94m[48;2;109;84;92m▄[38;2;158;95;45m[48;2;131;67;53m▄[38;2;115;69;44m[48;2;58;46;52m▄[38;2;180;104;56m[48;2;144;90;63m▄[38;2;210;127;67m[48;2;211;137;88m▄[38;2;181;98;39m[48;2;202;134;95m▄[38;2;112;103;107m[48;2;132;86;70m▄[38;2;124;171;211m[48;2;115;146;179m▄[38;2;132;174;210m[48;2;136;178;215m▄[38;2;143;188;226m[48;2;147;188;227m▄[0m
[38;2;125;170;208m[48;2;133;170;202m▄[38;2;140;186;223m[48;2;144;186;222m▄[38;2;133;174;207m[48;2;137;175;207m▄[38;2;133;174;208m[48;2;136;174;207m▄[38;2;134;173;208m[48;2;135;174;207m▄[38;2;134;172;209m[48;2;142;183;218m▄[38;2;133;171;208m[48;2;135;172;202m▄[38;2;136;177;214m[48;2;131;176;211m▄[38;2;100;83;109m[48;2;105;92;120m▄[38;2;6;5;16m[48;2;15;25;28m▄[38;2;10;15;33m[48;2;8;28;54m▄[38;2;5;12;37m[48;2;7;17;45m▄[38;2;7;18;40m[48;2;14;35;73m▄[38;2;23;31;55m[48;2;5;34;82m▄[38;2;9;36;76m[48;2;9;36;84m▄[38;2;11;36;72m[48;2;59;89;126m▄[38;2;115;151;184m[48;2;133;174;205m▄[38;2;142;181;213m[48;2;138;176;208m▄[38;2;136;177;209m[48;2;139;176;207m▄[38;2;136;177;211m[48;2;140;176;207m▄[38;2;133;176;215m[48;2;137;175;210m▄[38;2;160;153;148m[48;2;153;168;181m▄[38;2;215;160;105m[48;2;170;174;176m▄[38;2;202;157;110m[48;2;154;146;141m▄[38;2;191;144;99m[48;2;183;136;91m▄[38;2;193;145;99m[48;2;202;153;102m▄[38;2;188;141;94m[48;2;209;160;111m▄[38;2;202;156;111m[48;2;201;154;109m▄[38;2;197;149;102m[48;2;199;151;105m▄[38;2;180;133;87m[48;2;203;155;105m▄[38;2;169;122;75m[48;2;181;136;90m▄[38;2;187;138;88m[48;2;200;152;103m▄[38;2;212;162;110m[48;2;213;165;113m▄[38;2;184;136;93m[48;2;189;141;96m▄[38;2;190;143;99m[48;2;195;147;105m▄[38;2;191;142;94m[48;2;200;153;110m▄[38;2;179;133;90m[48;2;202;153;107m▄[38;2;161;123;85m[48;2;170;128;87m▄[38;2;146;106;66m[48;2;166;125;83m▄[38;2;200;151;103m[48;2;212;162;111m▄[38;2;188;143;101m[48;2;210;159;108m▄[38;2;198;152;108m[48;2;203;150;98m▄[38;2;210;164;119m[48;2;201;149;98m▄[38;2;199;147;98m[48;2;197;144;90m▄[38;2;192;135;79m[48;2;204;150;95m▄[38;2;206;151;97m[48;2;208;155;106m▄[38;2;200;148;101m[48;2;206;148;98m▄[38;2;216;162;112m[48;2;194;155;124m▄[38;2;174;151;136m[48;2;135;175;211m▄[38;2;161;100;68m[48;2;124;127;144m▄[38;2;211;128;59m[48;2;196;111;48m▄[38;2;190;114;57m[48;2;222;140;67m▄[38;2;175;99;56m[48;2;186;106;57m▄[38;2;190;110;53m[48;2;194;115;64m▄[38;2;139;83;55m[48;2;181;99;44m▄[38;2;120;151;184m[48;2;133;91;75m▄[38;2;131;177;216m[48;2;124;169;209m▄[38;2;132;172;208m[48;2;132;176;212m▄[38;2;130;174;209m[48;2;131;173;209m▄[38;2;139;186;226m[48;2;142;188;226m▄[0m
[38;2;168;127;86m[48;2;140;161;176m▄[38;2;178;149;123m[48;2;142;184;218m▄[38;2;142;160;173m[48;2;131;175;213m▄[38;2;132;176;212m[48;2;133;174;207m▄[38;2;135;174;207m[48;2;136;174;208m▄[38;2;137;173;205m[48;2;136;174;207m▄[38;2;137;174;206m[48;2;136;173;207m▄[38;2;136;173;207m[48;2;135;173;209m▄[38;2;140;181;216m[48;2;126;167;200m▄[38;2;92;118;147m[48;2;70;89;115m▄[38;2;118;166;203m[48;2;105;142;173m▄[38;2;102;114;133m[48;2;64;89;116m▄[38;2;133;58;28m[48;2;73;34;25m▄[38;2;107;37;23m[48;2;154;82;48m▄[38;2;22;3;14m[48;2;82;52;52m▄[38;2;6;15;36m[48;2;3;11;34m▄[38;2;3;27;65m[48;2;58;85;118m▄[38;2;114;127;142m[48;2;134;181;217m▄[38;2;211;168;127m[48;2;147;174;194m▄[38;2;207;159;113m[48;2;154;171;185m▄[38;2;160;165;171m[48;2;129;175;215m▄[38;2;150;123;95m[48;2;146;148;151m▄[38;2;178;130;80m[48;2;192;142;89m▄[38;2;194;144;90m[48;2;209;164;115m▄[38;2;199;150;100m[48;2;201;155;106m▄[38;2;200;153;105m[48;2;198;148;97m▄[38;2;194;148;101m[48;2;160;119;76m▄[38;2;147;105;64m[48;2;156;115;72m▄[38;2;183;133;82m[48;2;204;153;102m▄[38;2;213;159;104m[48;2;210;154;100m▄[38;2;215;162;108m[48;2;190;138;86m▄[38;2;191;142;93m[48;2;151;106;62m▄[38;2;150;107;64m[48;2;184;135;86m▄[38;2;159;118;75m[48;2;182;134;90m▄[38;2;188;140;93m[48;2;191;145;100m▄[38;2;172;130;90m[48;2;182;136;90m▄[38;2;165;126;88m[48;2;156;118;79m▄[38;2;178;134;92m[48;2;207;158;112m▄[38;2;150;111;74m[48;2;176;131;85m▄[38;2;149;109;70m[48;2;160;118;78m▄[38;2;204;153;105m[48;2;196;146;99m▄[38;2;181;133;88m[48;2;189;140;91m▄[38;2;166;120;74m[48;2;198;149;103m▄[38;2;203;151;102m[48;2;198;149;102m▄[38;2;202;151;104m[48;2;196;143;90m▄[38;2;199;147;98m[48;2;206;151;94m▄[38;2;198;148;97m[48;2;194;142;93m▄[38;2;198;148;102m[48;2;210;160;112m▄[38;2;180;108;64m[48;2;184;124;84m▄[38;2;202;120;55m[48;2;190;108;51m▄[38;2;183;113;65m[48;2;203;125;61m▄[38;2;163;102;75m[48;2;155;82;47m▄[38;2;196;104;43m[48;2;189;106;55m▄[38;2;152;119;103m[48;2;165;99;57m▄[38;2;118;173;222m[48;2;123;146;172m▄[38;2;128;172;214m[48;2;132;177;217m▄[38;2;131;175;214m[48;2;135;173;209m▄[38;2;133;173;210m[48;2;135;173;210m▄[38;2;136;171;203m[48;2;130;174;210m▄[38;2;147;185;216m[48;2;136;186;227m▄[0m
[38;2;151;110;73m[48;2;183;136;88m▄[38;2;152;115;78m[48;2;205;150;95m▄[38;2;143;108;73m[48;2;166;122;77m▄[38;2;131;94;58m[48;2;129;129;123m▄[38;2;109;104;97m[48;2;131;170;200m▄[38;2;118;147;168m[48;2;134;174;209m▄[38;2;132;173;208m[48;2;132;170;205m▄[38;2;132;172;209m[48;2;134;172;206m▄[38;2;132;171;205m[48;2;135;173;206m▄[38;2;130;178;217m[48;2;128;168;203m▄[38;2;167;180;190m[48;2;123;163;199m▄[38;2;188;141;113m[48;2;108;64;54m▄[38;2;113;127;150m[48;2;111;45;33m▄[38;2;132;185;223m[48;2;73;84;108m▄[38;2;119;160;192m[48;2;18;30;49m▄[38;2;44;63;90m[48;2;4;16;43m▄[38;2;3;20;49m[48;2;5;29;64m▄[38;2;0;29;67m[48;2;51;59;77m▄[38;2;127;112;99m[48;2;214;163;113m▄[38;2;203;152;102m[48;2;205;153;102m▄[38;2;164;124;82m[48;2;180;139;98m▄[38;2;143;106;64m[48;2;173;131;87m▄[38;2;170;126;81m[48;2;187;137;90m▄[38;2;210;157;104m[48;2;204;155;104m▄[38;2;148;106;64m[48;2;197;148;99m▄[38;2;173;125;77m[48;2;210;160;109m▄[38;2;210;158;103m[48;2;213;161;108m▄[38;2;210;158;105m[48;2;208;158;106m▄[38;2;208;155;103m[48;2;176;128;79m▄[38;2;184;132;80m[48;2;199;147;93m▄[38;2;201;145;90m[48;2;208;154;98m▄[38;2;195;146;99m[48;2;207;154;101m▄[38;2;209;162;114m[48;2;201;155;111m▄[38;2;197;149;103m[48;2;170;128;85m▄[38;2;147;109;74m[48;2;172;127;84m▄[38;2;141;101;64m[48;2;154;116;81m▄[38;2;152;109;70m[48;2;139;104;71m▄[38;2;152;110;73m[48;2;150;111;75m▄[38;2;185;136;91m[48;2;182;137;97m▄[38;2;177;130;84m[48;2;171;126;83m▄[38;2;145;102;63m[48;2;192;144;99m▄[38;2;173;126;82m[48;2;213;162;115m▄[38;2;180;133;89m[48;2;193;145;98m▄[38;2;212;165;117m[48;2;194;145;97m▄[38;2;205;155;104m[48;2;206;154;104m▄[38;2;211;162;110m[48;2;202;153;106m▄[38;2;199;152;105m[48;2;191;141;95m▄[38;2;200;158;119m[48;2;202;153;107m▄[38;2;174;112;72m[48;2;176;107;64m▄[38;2;199;117;59m[48;2;199;117;55m▄[38;2;195;130;84m[48;2;196;134;90m▄[38;2;151;134;119m[48;2;205;156;117m▄[38;2;118;83;72m[48;2;179;104;59m▄[38;2;198;111;47m[48;2;179;111;64m▄[38;2;167;104;63m[48;2;139;142;153m▄[38;2;187;137;93m[48;2;159;158;154m▄[38;2;189;136;91m[48;2;165;154;146m▄[38;2;192;140;96m[48;2;178;151;132m▄[38;2;186;135;90m[48;2;182;145;115m▄[38;2;204;147;97m[48;2;202;161;126m▄[0m
[38;2;50;50;46m[48;2;58;50;43m▄[38;2;53;53;48m[48;2;56;52;45m▄[38;2;51;51;46m[48;2;51;48;43m▄[38;2;50;49;44m[48;2;63;56;45m▄[38;2;50;49;44m[48;2;64;53;42m▄[38;2;54;51;45m[48;2;60;55;49m▄[38;2;68;53;42m[48;2;89;100;106m▄[38;2;108;91;74m[48;2;124;158;183m▄[38;2;118;114;109m[48;2;122;172;211m▄[38;2;113;88;75m[48;2;123;140;159m▄[38;2;195;151;114m[48;2;192;160;132m▄[38;2;151;152;154m[48;2;181;171;156m▄[38;2;127;172;209m[48;2;133;177;211m▄[38;2;127;175;213m[48;2;129;172;206m▄[38;2;141;170;194m[48;2;131;177;211m▄[38;2;157;117;84m[48;2;153;148;142m▄[38;2;149;84;48m[48;2;35;34;48m▄[38;2;123;63;45m[48;2;0;21;61m▄[38;2;157;112;83m[48;2;85;81;85m▄[38;2;168;128;82m[48;2;192;143;91m▄[38;2;164;125;84m[48;2;153;113;70m▄[38;2;171;128;84m[48;2;151;113;72m▄[38;2;167;122;75m[48;2;157;116;71m▄[38;2;184;137;90m[48;2;179;130;77m▄[38;2;199;152;104m[48;2;129;93;57m▄[38;2;201;152;101m[48;2;142;100;59m▄[38;2;173;126;77m[48;2;177;127;77m▄[38;2;180;130;78m[48;2;212;158;102m▄[38;2;205;150;93m[48;2;215;162;106m▄[38;2;212;156;98m[48;2;194;142;89m▄[38;2;167;121;72m[48;2;165;117;69m▄[38;2;165;119;72m[48;2;186;137;92m▄[38;2;201;149;97m[48;2;213;160;109m▄[38;2;192;143;97m[48;2;193;146;99m▄[38;2;183;134;92m[48;2;137;99;64m▄[38;2;191;140;98m[48;2;148;104;68m▄[38;2;200;147;101m[48;2;171;124;84m▄[38;2;163;119;78m[48;2;156;114;75m▄[38;2;157;112;71m[48;2;165;120;77m▄[38;2;205;152;102m[48;2;192;141;92m▄[38;2;174;126;80m[48;2;155;110;69m▄[38;2;180;128;80m[48;2;163;117;74m▄[38;2;199;147;94m[48;2;178;129;83m▄[38;2;210;159;106m[48;2;212;162;113m▄[38;2;204;151;97m[48;2;207;157;108m▄[38;2;181;131;81m[48;2;206;155;104m▄[38;2;194;148;102m[48;2;206;159;111m▄[38;2;205;160;121m[48;2;208;164;123m▄[38;2;183;116;72m[48;2;175;114;73m▄[38;2;197;121;66m[48;2;209;128;66m▄[38;2;172;123;86m[48;2;133;91;64m▄[38;2;131;105;79m[48;2;12;26;37m▄[38;2;11;19;30m[48;2;45;33;36m▄[38;2;141;76;42m[48;2;186;105;53m▄[38;2;184;114;65m[48;2;177;112;69m▄[38;2;200;154;106m[48;2;197;150;107m▄[38;2;198;149;102m[48;2;194;146;98m▄[38;2;201;152;104m[48;2;191;144;97m▄[38;2;202;154;104m[48;2;193;145;101m▄[38;2;218;166;113m[48;2;211;160;110m▄[0m
[38;2;88;73;56m[48;2;52;52;48m▄[38;2;77;68;56m[48;2;58;58;52m▄[38;2;59;56;48m[48;2;52;51;44m▄[38;2;54;51;45m[48;2;51;51;43m▄[38;2;55;50;44m[48;2;53;50;43m▄[38;2;57;52;45m[48;2;52;51;44m▄[38;2;58;53;47m[48;2;57;53;47m▄[38;2;62;53;47m[48;2;78;63;50m▄[38;2;90;70;52m[48;2;131;96;65m▄[38;2;140;105;72m[48;2;148;111;82m▄[38;2;127;93;63m[48;2;77;59;51m▄[38;2;135;133;130m[48;2;114;139;159m▄[38;2;129;175;212m[48;2;127;177;217m▄[38;2;166;155;146m[48;2;132;167;197m▄[38;2;203;151;100m[48;2;161;148;136m▄[38;2;156;105;70m[48;2;143;96;67m▄[38;2;159;84;40m[48;2;166;91;46m▄[38;2;144;74;47m[48;2;152;75;44m▄[38;2;157;114;72m[48;2;160;111;70m▄[38;2;151;115;74m[48;2;147;111;69m▄[38;2;168;127;84m[48;2;162;122;80m▄[38;2;163;120;73m[48;2;170;127;81m▄[38;2;176;128;75m[48;2;177;128;76m▄[38;2;172;124;73m[48;2;179;134;88m▄[38;2;198;145;88m[48;2;201;152;99m▄[38;2;208;155;97m[48;2;200;149;95m▄[38;2;189;139;87m[48;2;202;149;94m▄[38;2;181;136;94m[48;2;190;138;87m▄[38;2;197;151;107m[48;2;188;138;86m▄[38;2;204;156;111m[48;2;203;153;103m▄[38;2;208;158;110m[48;2;195;146;101m▄[38;2;207;154;105m[48;2;194;144;98m▄[38;2;194;144;101m[48;2;200;151;106m▄[38;2;190;143;105m[48;2;194;145;104m▄[38;2;212;164;122m[48;2;211;159;114m▄[38;2;210;162;117m[48;2;207;154;108m▄[38;2;213;163;112m[48;2;216;163;113m▄[38;2;197;148;100m[48;2;175;129;85m▄[38;2;186;136;89m[48;2;139;97;59m▄[38;2;205;151;99m[48;2;187;134;88m▄[38;2;211;155;100m[48;2;204;148;96m▄[38;2;202;149;94m[48;2;205;149;93m▄[38;2;197;146;96m[48;2;208;157;104m▄[38;2;194;141;90m[48;2;208;157;104m▄[38;2;191;138;84m[48;2;193;138;83m▄[38;2;176;127;76m[48;2;174;123;73m▄[38;2;162;120;77m[48;2;173;130;88m▄[38;2;142;105;72m[48;2;170;132;102m▄[38;2;196;177;151m[48;2;178;123;87m▄[38;2;214;188;155m[48;2;196;133;82m▄[38;2;192;142;101m[48;2;186;140;100m▄[38;2;204;153;109m[48;2;209;156;110m▄[38;2;177;132;95m[48;2;85;70;57m▄[38;2;151;115;88m[48;2;118;89;73m▄[38;2;221;192;147m[48;2;214;168;125m▄[38;2;203;160;114m[48;2;195;147;99m▄[38;2;204;156;107m[48;2;200;151;102m▄[38;2;204;155;107m[48;2;201;152;103m▄[38;2;203;156;106m[48;2;199;150;103m▄[38;2;221;170;116m[48;2;217;163;110m▄[0m
[38;2;58;50;41m[48;2;116;90;65m▄[38;2;60;57;49m[48;2;80;68;53m▄[38;2;59;55;48m[48;2;57;53;47m▄[38;2;68;59;50m[48;2;59;54;48m▄[38;2;64;58;51m[48;2;60;56;49m▄[38;2;59;57;52m[48;2;58;55;49m▄[38;2;61;56;51m[48;2;60;57;51m▄[38;2;61;55;48m[48;2;62;54;48m▄[38;2;57;51;44m[48;2;66;55;47m▄[38;2;56;47;41m[48;2;76;61;48m▄[38;2;79;62;48m[48;2;128;98;68m▄[38;2;133;103;73m[48;2;178;130;85m▄[38;2;174;129;85m[48;2;171;149;129m▄[38;2;186;140;96m[48;2;191;153;118m▄[38;2;202;151;103m[48;2;219;170;117m▄[38;2;209;172;130m[48;2;174;120;82m▄[38;2;219;214;191m[48;2;150;77;45m▄[38;2;172;137;103m[48;2;143;82;53m▄[38;2;151;109;69m[48;2;160;121;79m▄[38;2;170;127;82m[48;2;167;128;86m▄[38;2;183;138;88m[48;2;177;133;86m▄[38;2;210;164;115m[48;2;169;125;79m▄[38;2;213;165;115m[48;2;179;134;88m▄[38;2;211;160;107m[48;2;170;124;76m▄[38;2;199;149;96m[48;2;183;131;77m▄[38;2;167;126;83m[48;2;162;117;71m▄[38;2;179;135;90m[48;2;121;89;56m▄[38;2;195;146;95m[48;2;187;143;99m▄[38;2;206;156;102m[48;2;207;158;106m▄[38;2;197;148;99m[48;2;195;146;98m▄[38;2;189;140;97m[48;2;193;142;97m▄[38;2;203;153;107m[48;2;210;156;107m▄[38;2;182;134;90m[48;2;171;126;85m▄[38;2;194;142;97m[48;2;193;144;105m▄[38;2;202;151;104m[48;2;212;165;121m▄[38;2;200;148;102m[48;2;209;161;116m▄[38;2;204;153;102m[48;2;208;158;109m▄[38;2;199;144;89m[48;2;206;155;103m▄[38;2;202;149;93m[48;2;209;156;101m▄[38;2;207;157;103m[48;2;203;147;90m▄[38;2;211;163;110m[48;2;201;148;93m▄[38;2;216;166;112m[48;2;195;145;93m▄[38;2;213;165;114m[48;2;192;142;90m▄[38;2;205;159;112m[48;2;209;158;103m▄[38;2;196;150;107m[48;2;202;152;98m▄[38;2;195;150;107m[48;2;169;124;78m▄[38;2;160;121;88m[48;2;146;107;68m▄[38;2;174;142;109m[48;2;157;116;81m▄[38;2;216;190;138m[48;2;212;192;151m▄[38;2;210;170;113m[48;2;219;206;168m▄[38;2;206;158;110m[48;2;202;156;114m▄[38;2;195;146;103m[48;2;207;157;114m▄[38;2;196;156;117m[48;2;183;138;101m▄[38;2;222;202;163m[48;2;196;161;127m▄[38;2;196;154;107m[48;2;213;183;138m▄[38;2;194;143;91m[48;2;199;155;108m▄[38;2;210;161;108m[48;2;207;158;107m▄[38;2;210;166;114m[48;2;206;158;109m▄[38;2;211;168;116m[48;2;208;161;115m▄[38;2;231;185;129m[48;2;223;175;124m▄[0m
[38;2;50;50;43m[48;2;50;48;39m▄[38;2;59;59;52m[48;2;53;53;45m▄[38;2;51;51;45m[48;2;54;53;45m▄[38;2;52;48;40m[48;2;67;57;47m▄[38;2;57;50;41m[48;2;61;52;43m▄[38;2;58;50;41m[48;2;52;48;42m▄[38;2;74;60;49m[48;2;56;52;45m▄[38;2;106;78;58m[48;2;61;53;48m▄[38;2;116;87;65m[48;2;59;52;46m▄[38;2;117;85;60m[48;2;64;52;44m▄[38;2;150;111;75m[48;2;81;64;50m▄[38;2;173;132;93m[48;2;114;89;67m▄[38;2;185;139;95m[48;2;157;120;84m▄[38;2;192;143;95m[48;2;185;141;98m▄[38;2;201;153;103m[48;2;189;141;98m▄[38;2;206;154;107m[48;2;201;166;126m▄[38;2;215;172;129m[48;2;229;232;206m▄[38;2;183;144;111m[48;2;193;155;119m▄[38;2;166;126;90m[48;2;135;97;60m▄[38;2;180;133;84m[48;2;173;129;84m▄[38;2;122;91;57m[48;2;183;136;85m▄[38;2;195;147;97m[48;2;193;147;95m▄[38;2;215;161;104m[48;2;204;155;101m▄[38;2;216;162;100m[48;2;209;158;103m▄[38;2;194;141;83m[48;2;199;149;95m▄[38;2;171;126;78m[48;2;185;141;94m▄[38;2;207;156;104m[48;2;211;161;109m▄[38;2;196;143;86m[48;2;198;147;96m▄[38;2;210;152;91m[48;2;192;141;89m▄[38;2;191;138;82m[48;2;204;152;100m▄[38;2;205;148;93m[48;2;197;144;98m▄[38;2;160;111;69m[48;2;148;105;67m▄[38;2;120;83;53m[48;2;141;100;65m▄[38;2;181;128;86m[48;2;201;150;106m▄[38;2;218;160;111m[48;2;216;168;123m▄[38;2;229;174;124m[48;2;215;165;118m▄[38;2;220;165;115m[48;2;212;160;111m▄[38;2;229;174;116m[48;2;209;157;102m▄[38;2;224;169;112m[48;2;216;166;111m▄[38;2;222;168;115m[48;2;220;171;117m▄[38;2;197;148;101m[48;2;211;163;111m▄[38;2;189;141;96m[48;2;192;147;100m▄[38;2;217;162;111m[48;2;199;154;113m▄[38;2;219;165;110m[48;2;199;153;110m▄[38;2;220;163;106m[48;2;200;153;108m▄[38;2;206;153;100m[48;2;196;149;104m▄[38;2;186;141;95m[48;2;157;118;84m▄[38;2;225;180;123m[48;2;211;178;126m▄[38;2;225;180;126m[48;2;209;164;106m▄[38;2;216;168;117m[48;2;200;150;98m▄[38;2;220;171;117m[48;2;203;156;109m▄[38;2;224;177;122m[48;2;203;158;110m▄[38;2;225;177;119m[48;2;200;159;111m▄[38;2;225;178;118m[48;2;207;166;113m▄[38;2;226;176;115m[48;2;207;160;110m▄[38;2;225;171;111m[48;2;208;159;109m▄[38;2;223;172;115m[48;2;205;157;107m▄[38;2;224;174;120m[48;2;207;159;108m▄[38;2;224;172;119m[48;2;212;169;119m▄[38;2;244;190;133m[48;2;230;186;131m▄[0m
