[38;2;0;0;0m[48;2;0;0;0m▄[38;2;0;0;0m[48;2;0;0;0m▄[38;2;0;0;0m[48;2;0;0;0m▄[38;2;0;0;0m[48;2;0;0;0m▄[38;2;0;0;0m[48;2;0;0;0m▄[38;2;0;0;0m[48;2;0;0;0m▄[38;2;0;0;0m[48;2;0;0;0m▄[38;2;0;0;0m[48;2;0;0;0m▄[38;2;0;0;0m[48;2;0;0;0m▄[38;2;0;0;0m[48;2;0;0;0m▄[38;2;0;0;0m[48;2;0;0;0m▄[38;2;0;0;0m[48;2;0;0;0m▄[38;2;0;0;0m[48;2;0;0;0m▄[38;2;0;0;0m[48;2;0;0;0m▄[38;2;0;0;0m[48;2;0;0;0m▄[38;2;0;0;0m[48;2;0;0;0m▄[38;2;0;0;0m[48;2;0;0;0m▄[38;2;0;0;0m[48;2;0;0;0m▄[38;2;0;0;0m[48;2;0;0;0m▄[38;2;0;0;0m[48;2;0;0;0m▄[38;2;0;0;0m[48;2;0;0;0m▄[38;2;0;0;0m[48;2;0;0;0m▄[38;2;0;0;0m[48;2;0;0;0m▄[38;2;0;0;0m[48;2;0;0;0m▄[38;2;0;0;0m[48;2;0;0;0m▄[38;2;0;0;0m[48;2;0;0;0m▄[38;2;0;0;0m[48;2;0;0;0m▄[38;2;0;0;0m[48;2;0;0;0m▄[38;2;0;0;0m[48;2;0;0;0m▄[38;2;0;0;0m[48;2;0;0;0m▄[38;2;0;0;0m[48;2;0;0;0m▄[38;2;0;0;0m[48;2;0;0;0m▄[38;2;0;0;0m[48;2;0;0;0m▄[38;2;0;0;0m[48;2;0;0;0m▄[38;2;0;0;0m[48;2;0;0;0m▄[38;2;0;0;0m[48;2;0;0;0m▄[38;2;0;0;0m[48;2;0;0;0m▄[38;2;0;0;0m[48;2;0;0;0m▄[38;2;0;0;0m[48;2;0;0;0m▄[38;2;0;0;0m[48;2;0;0;0m▄[38;2;0;0;0m[48;2;0;0;0m▄[38;2;0;0;0m[48;2;0;0;0m▄[38;2;0;0;0m[48;2;0;0;0m▄[38;2;0;0;0m[48;2;0;0;0m▄[38;2;0;0;0m[48;2;0;0;0m▄[38;2;0;0;0m[48;2;0;0;0m▄[38;2;0;0;0m[48;2;0;0;0m▄[38;2;0;0;0m[48;2;0;0;0m▄[38;2;0;0;0m[48;2;0;0;0m▄[38;2;0;0;0m[48;2;0;0;0m▄[38;2;0;0;0m[48;2;0;0;0m▄[38;2;0;0;0m[48;2;0;0;0m▄[38;2;0;0;0m[48;2;0;0;0m▄[38;2;0;0;0m[48;2;0;0;0m▄[38;2;0;0;0m[48;2;0;0;0m▄[38;2;0;0;0m[48;2;0;0;0m▄[38;2;0;0;0m[48;2;0;0;0m▄[38;2;0;0;0m[48;2;0;0;0m▄[38;2;0;0;0m[48;2;0;0;0m▄[38;2;0;0;0m[48;2;0;0;0m▄[0m
[38;2;0;0;0m[48;2;0;0;0m▄[38;2;0;0;0m[48;2;0;0;0m▄[38;2;0;0;0m[48;2;0;0;0m▄[38;2;0;0;0m[48;2;0;0;0m▄[38;2;0;0;0m[48;2;0;0;0m▄[38;2;0;0;0m[48;2;0;0;0m▄[38;2;0;0;0m[48;2;0;0;0m▄[38;2;0;0;0m[48;2;0;0;0m▄[38;2;0;0;0m[48;2;0;0;0m▄[38;2;0;0;0m[48;2;0;0;0m▄[38;2;0;0;0m[48;2;0;0;0m▄[38;2;0;0;0m[48;2;0;0;0m▄[38;2;0;0;0m[48;2;0;0;0m▄[38;2;0;0;0m[48;2;0;0;0m▄[38;2;0;0;0m[48;2;0;0;0m▄[38;2;0;0;0m[48;2;0;0;0m▄[38;2;0;0;0m[48;2;0;0;0m▄[38;2;0;0;0m[48;2;0;0;0m▄[38;2;5;5;7m[48;2;0;0;0m▄[38;2;24;27;27m[48;2;0;0;0m▄[38;2;50;53;51m[48;2;0;0;0m▄[38;2;58;59;59m[48;2;0;0;0m▄[38;2;51;51;51m[48;2;0;0;0m▄[38;2;64;66;65m[48;2;0;0;0m▄[38;2;76;78;77m[48;2;0;0;0m▄[38;2;115;112;110m[48;2;0;0;0m▄[38;2;163;157;152m[48;2;0;0;0m▄[38;2;189;179;178m[48;2;30;30;30m▄[38;2;145;139;147m[48;2;102;97;93m▄[38;2;105;101;108m[48;2;144;138;131m▄[38;2;86;83;93m[48;2;149;143;136m▄[38;2;96;98;111m[48;2;147;139;132m▄[38;2;132;137;148m[48;2;117;110;104m▄[38;2;190;182;175m[48;2;58;56;54m▄[38;2;192;179;169m[48;2;9;9;11m▄[38;2;129;126;120m[48;2;0;0;0m▄[38;2;82;81;79m[48;2;0;0;0m▄[38;2;52;52;51m[48;2;0;0;0m▄[38;2;28;29;29m[48;2;0;0;0m▄[38;2;21;22;23m[48;2;0;0;0m▄[38;2;16;17;18m[48;2;0;0;0m▄[38;2;3;6;6m[48;2;0;0;0m▄[38;2;0;0;0m[48;2;0;0;0m▄[38;2;0;0;0m[48;2;0;0;0m▄[38;2;0;0;0m[48;2;0;0;0m▄[38;2;0;0;0m[48;2;0;0;0m▄[38;2;0;0;0m[48;2;0;0;0m▄[38;2;0;0;0m[48;2;0;0;0m▄[38;2;0;0;0m[48;2;0;0;0m▄[38;2;0;0;0m[48;2;0;0;0m▄[38;2;0;0;0m[48;2;0;0;0m▄[38;2;0;0;0m[48;2;0;0;0m▄[38;2;0;0;0m[48;2;0;0;0m▄[38;2;0;0;0m[48;2;0;0;0m▄[38;2;0;0;0m[48;2;0;0;0m▄[38;2;0;0;0m[48;2;0;0;0m▄[38;2;0;0;0m[48;2;0;0;0m▄[38;2;0;0;0m[48;2;0;0;0m▄[38;2;0;0;0m[48;2;0;0;0m▄[38;2;0;0;0m[48;2;0;0;0m▄[0m
[38;2;0;0;0m[48;2;0;0;0m▄[38;2;0;0;0m[48;2;0;0;0m▄[38;2;0;0;0m[48;2;0;0;0m▄[38;2;0;0;0m[48;2;0;0;0m▄[38;2;0;0;0m[48;2;0;0;0m▄[38;2;0;0;0m[48;2;0;0;0m▄[38;2;0;0;0m[48;2;0;0;0m▄[38;2;0;0;0m[48;2;0;0;0m▄[38;2;0;0;0m[48;2;0;0;0m▄[38;2;0;0;0m[48;2;0;0;0m▄[38;2;0;0;0m[48;2;0;0;0m▄[38;2;0;0;0m[48;2;0;0;0m▄[38;2;28;28;29m[48;2;0;0;0m▄[38;2;79;77;75m[48;2;0;0;0m▄[38;2;139;132;128m[48;2;0;0;0m▄[38;2;205;190;183m[48;2;17;18;18m▄[38;2;217;198;185m[48;2;67;66;66m▄[38;2;216;193;170m[48;2;135;132;129m▄[38;2;232;210;179m[48;2;185;173;162m▄[38;2;177;134;118m[48;2;180;150;146m▄[38;2;152;117;104m[48;2;162;130;126m▄[38;2;196;179;149m[48;2;194;172;153m▄[38;2;216;208;168m[48;2;211;191;173m▄[38;2;206;198;158m[48;2;208;185;171m▄[38;2;205;195;153m[48;2;214;191;176m▄[38;2;202;191;148m[48;2;220;191;177m▄[38;2;194;187;148m[48;2;231;203;181m▄[38;2;195;187;158m[48;2;192;180;176m▄[38;2;185;176;157m[48;2;56;59;77m▄[38;2;166;163;153m[48;2;16;19;31m▄[38;2;163;164;156m[48;2;23;32;55m▄[38;2;174;174;165m[48;2;31;51;81m▄[38;2;183;180;166m[48;2;58;77;110m▄[38;2;194;188;164m[48;2;132;128;140m▄[38;2;200;192;161m[48;2;220;196;169m▄[38;2;191;178;149m[48;2;222;196;172m▄[38;2;194;177;149m[48;2;219;194;179m▄[38;2;200;186;152m[48;2;210;193;181m▄[38;2;206;195;163m[48;2;198;183;171m▄[38;2;209;198;167m[48;2;184;170;157m▄[38;2;210;182;156m[48;2;181;166;155m▄[38;2;138;91;88m[48;2;153;138;134m▄[38;2;177;136;126m[48;2;143;130;128m▄[38;2;236;210;188m[48;2;118;112;112m▄[38;2;212;190;177m[48;2;59;60;60m▄[38;2;182;171;164m[48;2;7;8;8m▄[38;2;111;110;105m[48;2;0;0;0m▄[38;2;45;44;44m[48;2;0;0;0m▄[38;2;0;0;0m[48;2;0;0;0m▄[38;2;0;0;0m[48;2;0;0;0m▄[38;2;0;0;0m[48;2;0;0;0m▄[38;2;0;0;0m[48;2;0;0;0m▄[38;2;0;0;0m[48;2;0;0;0m▄[38;2;0;0;0m[48;2;0;0;0m▄[38;2;0;0;0m[48;2;0;0;0m▄[38;2;0;0;0m[48;2;0;0;0m▄[38;2;0;0;0m[48;2;0;0;0m▄[38;2;0;0;0m[48;2;0;0;0m▄[38;2;0;0;0m[48;2;0;0;0m▄[38;2;0;0;0m[48;2;0;0;0m▄[0m
[38;2;0;0;0m[48;2;0;0;0m▄[38;2;0;0;0m[48;2;0;0;0m▄[38;2;0;0;0m[48;2;0;0;0m▄[38;2;0;0;0m[48;2;0;0;0m▄[38;2;0;0;0m[48;2;0;0;0m▄[38;2;0;0;0m[48;2;0;0;0m▄[38;2;0;0;0m[48;2;0;0;0m▄[38;2;10;10;10m[48;2;0;0;0m▄[38;2;114;113;111m[48;2;0;0;0m▄[38;2;203;191;183m[48;2;16;16;17m▄[38;2;227;208;186m[48;2;77;77;75m▄[38;2;232;217;193m[48;2;149;142;135m▄[38;2;208;193;165m[48;2;207;191;183m▄[38;2;204;195;163m[48;2;222;207;190m▄[38;2;202;201;166m[48;2;231;215;191m▄[38;2;190;192;155m[48;2;204;183;160m▄[38;2;194;189;156m[48;2;194;183;157m▄[38;2;207;199;169m[48;2;196;189;155m▄[38;2;213;200;144m[48;2;200;193;154m▄[38;2;220;205;101m[48;2;197;197;167m▄[38;2;199;190;115m[48;2;199;198;166m▄[38;2;177;118;99m[48;2;199;192;150m▄[38;2;109;34;38m[48;2;193;166;134m▄[38;2;90;20;27m[48;2;187;156;129m▄[38;2;148;47;52m[48;2;198;178;143m▄[38;2;175;106;92m[48;2;205;196;157m▄[38;2;237;228;198m[48;2;208;197;164m▄[38;2;167;170;172m[48;2;215;201;167m▄[38;2;55;55;65m[48;2;210;201;174m▄[38;2;30;32;48m[48;2;192;185;164m▄[38;2;26;36;62m[48;2;179;175;151m▄[38;2;26;46;77m[48;2;179;174;151m▄[38;2;36;56;90m[48;2;185;175;150m▄[38;2;82;94;117m[48;2;193;180;142m▄[38;2;172;166;142m[48;2;205;191;151m▄[38;2;240;207;159m[48;2;205;195;153m▄[38;2;160;85;73m[48;2;203;193;151m▄[38;2;98;33;33m[48;2;198;178;140m▄[38;2;112;30;31m[48;2;193;173;136m▄[38;2;162;74;68m[48;2;189;182;146m▄[38;2;201;170;122m[48;2;185;184;153m▄[38;2;218;210;103m[48;2;179;174;154m▄[38;2;191;179;109m[48;2;185;176;160m▄[38;2;182;174;143m[48;2;201;193;161m▄[38;2;190;186;155m[48;2;199;184;155m▄[38;2;185;185;154m[48;2;205;180;160m▄[38;2;197;190;158m[48;2;218;196;180m▄[38;2;219;203;173m[48;2;213;199;181m▄[38;2;217;199;178m[48;2;168;159;152m▄[38;2;211;190;176m[48;2;104;102;100m▄[38;2;199;183;168m[48;2;46;44;44m▄[38;2;151;144;139m[48;2;0;0;0m▄[38;2;75;72;73m[48;2;0;0;0m▄[38;2;0;0;0m[48;2;0;0;0m▄[38;2;0;0;0m[48;2;0;0;0m▄[38;2;0;0;0m[48;2;0;0;0m▄[38;2;0;0;0m[48;2;0;0;0m▄[38;2;0;0;0m[48;2;0;0;0m▄[38;2;0;0;0m[48;2;0;0;0m▄[38;2;0;0;0m[48;2;0;0;0m▄[0m
[38;2;0;0;0m[48;2;0;0;0m▄[38;2;0;0;0m[48;2;0;0;0m▄[38;2;0;0;0m[48;2;0;0;0m▄[38;2;0;0;0m[48;2;0;0;0m▄[38;2;0;0;0m[48;2;0;0;0m▄[38;2;51;50;51m[48;2;0;0;0m▄[38;2;220;209;201m[48;2;49;47;45m▄[38;2;231;210;185m[48;2;198;187;179m▄[38;2;206;188;161m[48;2;231;208;191m▄[38;2;211;202;165m[48;2;214;181;164m▄[38;2;219;218;174m[48;2;204;189;163m▄[38;2;214;208;170m[48;2;213;208;172m▄[38;2;116;117;116m[48;2;199;201;167m▄[38;2;85;90;105m[48;2;161;161;149m▄[38;2;172;176;159m[48;2;189;177;144m▄[38;2;210;222;192m[48;2;215;199;157m▄[38;2;201;221;192m[48;2;220;210;168m▄[38;2;196;218;194m[48;2;227;225;185m▄[38;2;199;215;197m[48;2;217;219;178m▄[38;2;203;218;205m[48;2;196;199;149m▄[38;2;205;221;206m[48;2;200;203;164m▄[38;2;204;222;203m[48;2;206;194;164m▄[38;2;206;228;205m[48;2;174;140;118m▄[38;2;206;230;205m[48;2;163;119;105m▄[38;2;207;232;203m[48;2;166;124;109m▄[38;2;210;231;201m[48;2;187;156;134m▄[38;2;206;216;185m[48;2;243;236;200m▄[38;2;211;208;173m[48;2;166;165;160m▄[38;2;191;183;155m[48;2;60;60;73m▄[38;2;163;155;138m[48;2;39;54;73m▄[38;2;150;144;130m[48;2;46;72;107m▄[38;2;161;154;138m[48;2;56;84;122m▄[38;2;174;167;150m[48;2;72;95;129m▄[38;2;185;177;151m[48;2;109;117;139m▄[38;2;205;199;170m[48;2;186;176;157m▄[38;2;206;212;181m[48;2;236;209;162m▄[38;2;205;223;192m[48;2;157;103;84m▄[38;2;204;226;197m[48;2;138;81;71m▄[38;2;205;229;203m[48;2;149;94;85m▄[38;2;206;230;208m[48;2;170;128;111m▄[38;2;203;226;208m[48;2;206;189;151m▄[38;2;199;220;208m[48;2;205;199;119m▄[38;2;203;223;208m[48;2;183;175;115m▄[38;2;204;224;200m[48;2;205;195;160m▄[38;2;201;221;193m[48;2;223;211;171m▄[38;2;215;222;188m[48;2;212;198;161m▄[38;2;202;199;177m[48;2;195;184;153m▄[38;2;86;85;97m[48;2;180;174;151m▄[38;2;106;105;114m[48;2;200;196;166m▄[38;2;181;179;156m[48;2;200;189;154m▄[38;2;207;201;165m[48;2;208;190;162m▄[38;2;210;202;164m[48;2;214;185;164m▄[38;2;220;200;168m[48;2;214;193;180m▄[38;2;222;193;177m[48;2;152;145;142m▄[38;2;188;179;174m[48;2;22;21;22m▄[38;2;50;48;48m[48;2;0;0;0m▄[38;2;0;0;0m[48;2;0;0;0m▄[38;2;0;0;0m[48;2;0;0;0m▄[38;2;0;0;0m[48;2;0;0;0m▄[38;2;0;0;0m[48;2;0;0;0m▄[0m
[38;2;0;0;0m[48;2;0;0;0m▄[38;2;0;0;0m[48;2;0;0;0m▄[38;2;0;0;0m[48;2;0;0;0m▄[38;2;5;5;6m[48;2;0;0;0m▄[38;2;173;170;167m[48;2;37;36;36m▄[38;2;216;194;176m[48;2;217;208;201m▄[38;2;202;188;162m[48;2;220;198;175m▄[38;2;218;215;176m[48;2;212;197;168m▄[38;2;213;211;173m[48;2;216;213;171m▄[38;2;199;188;152m[48;2;215;212;171m▄[38;2;201;187;147m[48;2;211;201;162m▄[38;2;204;215;190m[48;2;206;191;153m▄[38;2;208;230;211m[48;2;183;189;165m▄[38;2;201;206;193m[48;2;202;226;203m▄[38;2;199;183;179m[48;2;207;230;211m▄[38;2;200;166;170m[48;2;198;207;193m▄[38;2;198;158;164m[48;2;199;188;181m▄[38;2;196;155;161m[48;2;202;178;177m▄[38;2;184;147;151m[48;2;200;167;171m▄[38;2;187;149;154m[48;2;205;168;173m▄[38;2;186;147;152m[48;2;204;168;172m▄[38;2;200;162;167m[48;2;204;168;172m▄[38;2;199;160;166m[48;2;201;173;174m▄[38;2;194;154;160m[48;2;201;183;182m▄[38;2;199;155;162m[48;2;204;197;190m▄[38;2;206;167;173m[48;2;205;216;203m▄[38;2;207;183;183m[48;2;206;228;211m▄[38;2;207;212;201m[48;2;204;231;211m▄[38;2;208;233;208m[48;2;204;227;205m▄[38;2;209;231;211m[48;2;206;225;200m▄[38;2;209;233;212m[48;2;208;226;198m▄[38;2;210;234;213m[48;2;210;226;198m▄[38;2;211;233;213m[48;2;207;225;197m▄[38;2;210;222;207m[48;2;206;229;204m▄[38;2;200;194;187m[48;2;206;228;210m▄[38;2;202;176;178m[48;2;203;222;205m▄[38;2;205;166;172m[48;2;202;208;198m▄[38;2;200;157;164m[48;2;203;196;191m▄[38;2;199;158;165m[48;2;207;189;188m▄[38;2;199;160;165m[48;2;205;182;181m▄[38;2;197;157;162m[48;2;201;178;177m▄[38;2;193;151;157m[48;2;205;181;181m▄[38;2;191;148;155m[48;2;205;183;183m▄[38;2;194;151;159m[48;2;204;194;191m▄[38;2;201;159;166m[48;2;206;210;201m▄[38;2;202;166;171m[48;2;206;224;210m▄[38;2;210;197;194m[48;2;210;233;215m▄[38;2;216;228;210m[48;2;192;212;194m▄[38;2;213;241;216m[48;2;149;156;150m▄[38;2;203;221;196m[48;2;192;179;159m▄[38;2;217;206;173m[48;2;212;201;168m▄[38;2;222;212;172m[48;2;213;214;169m▄[38;2;217;217;170m[48;2;208;207;160m▄[38;2;211;210;166m[48;2;210;195;178m▄[38;2;212;187;165m[48;2;212;184;169m▄[38;2;213;181;159m[48;2;200;195;184m▄[38;2;166;161;154m[48;2;30;30;30m▄[38;2;0;0;0m[48;2;0;0;0m▄[38;2;0;0;0m[48;2;0;0;0m▄[38;2;0;0;0m[48;2;0;0;0m▄[0m
[38;2;0;0;0m[48;2;0;0;0m▄[38;2;0;0;0m[48;2;0;0;0m▄[38;2;0;0;0m[48;2;0;0;0m▄[38;2;142;140;136m[48;2;88;88;86m▄[38;2;212;185;165m[48;2;219;204;189m▄[38;2;215;195;171m[48;2;206;178;157m▄[38;2;224;219;174m[48;2;217;209;173m▄[38;2;199;191;154m[48;2;215;214;176m▄[38;2;208;190;143m[48;2;187;177;141m▄[38;2;197;204;173m[48;2;199;188;144m▄[38;2;212;235;216m[48;2;202;218;195m▄[38;2;207;201;196m[48;2;211;230;212m▄[38;2;206;165;172m[48;2;202;190;185m▄[38;2;193;153;159m[48;2;207;170;175m▄[38;2;186;148;153m[48;2;196;159;163m▄[38;2;185;151;155m[48;2;189;153;157m▄[38;2;183;148;152m[48;2;187;153;156m▄[38;2;187;155;158m[48;2;183;148;152m▄[38;2;202;172;176m[48;2;189;153;157m▄[38;2;208;166;170m[48;2;190;157;160m▄[38;2;198;161;165m[48;2;181;148;152m▄[38;2;193;158;165m[48;2;184;148;154m▄[38;2;190;153;157m[48;2;186;149;151m▄[38;2;188;149;153m[48;2;173;137;138m▄[38;2;180;145;148m[48;2;182;145;148m▄[38;2;189;151;156m[48;2;198;160;165m▄[38;2;204;162;169m[48;2;205;162;168m▄[38;2;204;166;171m[48;2;200;168;171m▄[38;2;204;198;192m[48;2;202;217;198m▄[38;2;207;217;202m[48;2;209;236;213m▄[38;2;210;233;210m[48;2;208;228;209m▄[38;2;210;226;206m[48;2;211;228;209m▄[38;2;208;208;197m[48;2;208;232;211m▄[38;2;210;186;187m[48;2;207;200;194m▄[38;2;205;161;169m[48;2;206;160;170m▄[38;2;199;161;166m[48;2;203;162;168m▄[38;2;186;150;154m[48;2;200;162;167m▄[38;2;184;148;152m[48;2;184;147;152m▄[38;2;182;147;151m[48;2;185;149;153m▄[38;2;183;147;151m[48;2;189;153;157m▄[38;2;196;163;168m[48;2;185;148;152m▄[38;2;205;165;171m[48;2;180;144;148m▄[38;2;203;165;170m[48;2;184;145;150m▄[38;2;184;146;152m[48;2;188;148;153m▄[38;2;184;144;149m[48;2;194;154;159m▄[38;2;185;145;150m[48;2;194;152;158m▄[38;2;189;149;154m[48;2;193;150;156m▄[38;2;195;155;159m[48;2;205;168;169m▄[38;2;202;158;163m[48;2;201;190;181m▄[38;2;201;185;180m[48;2;206;231;209m▄[38;2;209;233;209m[48;2;199;216;192m▄[38;2;205;222;193m[48;2;225;213;178m▄[38;2;237;223;188m[48;2;215;209;172m▄[38;2;206;199;161m[48;2;220;218;175m▄[38;2;221;213;163m[48;2;209;201;159m▄[38;2;210;195;167m[48;2;203;178;157m▄[38;2;202;167;147m[48;2;217;200;178m▄[38;2;185;172;162m[48;2;87;83;79m▄[38;2;6;6;6m[48;2;0;0;0m▄[38;2;0;0;0m[48;2;0;0;0m▄[0m
[38;2;0;0;0m[48;2;0;0;0m▄[38;2;0;0;0m[48;2;0;0;0m▄[38;2;0;0;0m[48;2;0;0;0m▄[38;2;144;141;138m[48;2;140;135;135m▄[38;2;235;211;188m[48;2;237;218;194m▄[38;2;216;202;169m[48;2;224;215;183m▄[38;2;217;212;168m[48;2;209;205;163m▄[38;2;208;193;157m[48;2;206;193;159m▄[38;2;225;213;162m[48;2;223;211;164m▄[38;2;203;228;201m[48;2;203;224;201m▄[38;2;207;214;200m[48;2;210;221;207m▄[38;2;211;170;176m[48;2;207;176;181m▄[38;2;191;155;159m[48;2;198;162;167m▄[38;2;192;158;162m[48;2;185;150;154m▄[38;2;188;154;157m[48;2;182;147;151m▄[38;2;188;153;157m[48;2;182;150;153m▄[38;2;194;158;162m[48;2;195;164;167m▄[38;2;204;165;170m[48;2;205;168;172m▄[38;2;178;117;120m[48;2;178;109;112m▄[38;2;136;89;92m[48;2;105;60;60m▄[38;2;161;110;113m[48;2;164;92;93m▄[38;2;190;154;155m[48;2;192;151;153m▄[38;2;198;164;168m[48;2;197;166;168m▄[38;2;189;155;157m[48;2;193;156;161m▄[38;2;175;139;141m[48;2;189;153;158m▄[38;2;185;149;152m[48;2;186;150;154m▄[38;2;198;162;166m[48;2;197;160;164m▄[38;2;204;168;173m[48;2;205;169;174m▄[38;2;196;178;174m[48;2;197;174;174m▄[38;2;195;190;178m[48;2;213;205;198m▄[38;2;187;180;170m[48;2;206;212;197m▄[38;2;192;191;181m[48;2;215;232;214m▄[38;2;203;199;193m[48;2;199;187;182m▄[38;2;208;177;179m[48;2;202;165;170m▄[38;2;203;165;169m[48;2;201;162;167m▄[38;2;192;156;160m[48;2;197;160;164m▄[38;2;188;152;156m[48;2;190;154;158m▄[38;2;188;153;157m[48;2;188;152;156m▄[38;2;192;155;160m[48;2;184;145;150m▄[38;2;204;165;169m[48;2;199;166;169m▄[38;2;187;121;121m[48;2;202;156;155m▄[38;2;120;70;73m[48;2;148;99;100m▄[38;2;135;79;81m[48;2;166;107;111m▄[38;2;180;131;132m[48;2;200;152;155m▄[38;2;199;165;169m[48;2;194;161;165m▄[38;2;191;157;160m[48;2;184;148;152m▄[38;2;183;149;153m[48;2;185;150;154m▄[38;2;188;154;158m[48;2;181;145;149m▄[38;2;192;153;158m[48;2;199;160;165m▄[38;2;202;158;166m[48;2;203;166;170m▄[38;2;201;192;184m[48;2;198;205;188m▄[38;2;209;230;209m[48;2;208;229;210m▄[38;2;223;225;194m[48;2;232;230;201m▄[38;2;227;220;180m[48;2;213;204;166m▄[38;2;199;195;152m[48;2;210;202;158m▄[38;2;203;196;158m[48;2;201;192;158m▄[38;2;213;186;167m[48;2;205;178;156m▄[38;2;171;154;142m[48;2;195;177;166m▄[38;2;2;2;3m[48;2;13;11;12m▄[38;2;0;0;0m[48;2;0;0;0m▄[0m
[38;2;0;0;0m[48;2;0;0;0m▄[38;2;0;0;0m[48;2;0;0;0m▄[38;2;0;0;0m[48;2;0;0;0m▄[38;2;184;180;170m[48;2;174;170;161m▄[38;2;236;206;181m[48;2;218;189;165m▄[38;2;204;183;160m[48;2;210;193;161m▄[38;2;240;244;187m[48;2;236;239;188m▄[38;2;192;173;144m[48;2;173;122;107m▄[38;2;146;97;77m[48;2;157;100;78m▄[38;2;194;189;159m[48;2;206;225;195m▄[38;2;214;242;219m[48;2;211;228;212m▄[38;2;202;194;185m[48;2;212;176;180m▄[38;2;205;163;169m[48;2;202;166;171m▄[38;2;196;163;166m[48;2;184;153;156m▄[38;2;193;163;166m[48;2;190;160;162m▄[38;2;189;154;158m[48;2;188;156;159m▄[38;2;187;150;154m[48;2;183;146;150m▄[38;2;185;148;152m[48;2;195;159;163m▄[38;2;188;154;157m[48;2;197;165;169m▄[38;2;185;150;154m[48;2;190;156;160m▄[38;2;189;154;158m[48;2;196;162;167m▄[38;2;188;155;158m[48;2;193;157;162m▄[38;2;189;158;160m[48;2;189;156;159m▄[38;2;194;159;163m[48;2;180;149;151m▄[38;2;199;159;164m[48;2;189;154;155m▄[38;2;198;162;166m[48;2;196;159;162m▄[38;2;199;171;172m[48;2;200;164;170m▄[38;2;201;187;181m[48;2;205;164;171m▄[38;2;198;209;192m[48;2;196;169;168m▄[38;2;209;232;213m[48;2;198;202;188m▄[38;2;214;238;217m[48;2;196;208;191m▄[38;2;217;242;219m[48;2;192;195;182m▄[38;2;201;213;195m[48;2;201;182;180m▄[38;2;194;181;175m[48;2;206;172;177m▄[38;2;196;170;171m[48;2;199;162;168m▄[38;2;200;166;170m[48;2;191;156;160m▄[38;2;196;159;164m[48;2;192;156;160m▄[38;2;192;159;162m[48;2;184;151;154m▄[38;2;183;149;153m[48;2;188;154;158m▄[38;2;189;155;159m[48;2;188;149;153m▄[38;2;185;149;153m[48;2;193;159;163m▄[38;2;187;151;155m[48;2;189;153;156m▄[38;2;185;149;153m[48;2;188;152;156m▄[38;2;184;148;153m[48;2;196;160;164m▄[38;2;181;145;149m[48;2;190;151;156m▄[38;2;184;148;152m[48;2;183;147;151m▄[38;2;180;148;150m[48;2;184;149;153m▄[38;2;184;150;154m[48;2;185;149;153m▄[38;2;200;158;162m[48;2;197;157;161m▄[38;2;196;163;161m[48;2;201;158;164m▄[38;2;203;216;198m[48;2;199;189;181m▄[38;2;210;221;200m[48;2;210;235;214m▄[38;2;123;66;59m[48;2;194;174;147m▄[38;2;127;78;69m[48;2;195;154;125m▄[38;2;217;212;161m[48;2;202;198;149m▄[38;2;208;198;165m[48;2;202;195;156m▄[38;2;206;175;153m[48;2;209;178;159m▄[38;2;184;169;157m[48;2;165;148;138m▄[38;2;7;8;9m[48;2;0;1;1m▄[38;2;0;0;0m[48;2;0;0;0m▄[0m
[38;2;0;0;0m[48;2;0;0;0m▄[38;2;0;0;0m[48;2;0;0;0m▄[38;2;0;0;0m[48;2;0;0;0m▄[38;2;0;0;1m[48;2;103;104;102m▄[38;2;140;137;129m[48;2;255;239;213m▄[38;2;255;242;211m[48;2;216;187;157m▄[38;2;228;214;184m[48;2;231;229;185m▄[38;2;231;229;173m[48;2;230;232;177m▄[38;2;222;220;172m[48;2;230;223;180m▄[38;2;239;225;183m[48;2;213;196;150m▄[38;2;200;195;152m[48;2;199;218;190m▄[38;2;201;223;195m[48;2;206;231;213m▄[38;2;211;234;215m[48;2;195;181;173m▄[38;2;195;192;181m[48;2;205;169;168m▄[38;2;194;168;163m[48;2;202;165;169m▄[38;2;199;163;164m[48;2;193;157;161m▄[38;2;201;166;170m[48;2;188;152;156m▄[38;2;193;160;163m[48;2;182;148;152m▄[38;2;198;164;168m[48;2;191;160;163m▄[38;2;197;162;167m[48;2;195;163;165m▄[38;2;186;164;160m[48;2;204;168;172m▄[38;2;186;187;174m[48;2;192;154;159m▄[38;2;185;199;182m[48;2;193;162;164m▄[38;2;164;179;165m[48;2;195;178;172m▄[38;2;167;181;162m[48;2;195;192;181m▄[38;2;189;189;157m[48;2;191;201;185m▄[38;2;181;175;153m[48;2;193;205;188m▄[38;2;129;127;128m[48;2;180;200;186m▄[38;2;170;162;147m[48;2;188;202;183m▄[38;2;207;196;165m[48;2;197;206;179m▄[38;2;186;176;156m[48;2;186;197;179m▄[38;2;143;136;133m[48;2;170;183;172m▄[38;2;195;187;165m[48;2;196;210;186m▄[38;2;224;220;183m[48;2;201;217;188m▄[38;2;225;222;187m[48;2;198;209;188m▄[38;2;157;167;152m[48;2;205;207;191m▄[38;2;169;186;170m[48;2;200;193;179m▄[38;2;205;220;189m[48;2;196;173;173m▄[38;2;195;206;189m[48;2;200;165;170m▄[38;2;195;187;179m[48;2;196;158;163m▄[38;2;195;164;167m[48;2;194;155;160m▄[38;2;200;165;169m[48;2;194;158;162m▄[38;2;202;167;171m[48;2;193;157;161m▄[38;2;191;153;158m[48;2;189;153;157m▄[38;2;196;157;162m[48;2;188;151;155m▄[38;2;202;162;169m[48;2;184;149;153m▄[38;2;200;160;166m[48;2;188;155;159m▄[38;2;186;161;158m[48;2;203;166;171m▄[38;2;187;196;179m[48;2;190;157;159m▄[38;2;210;238;211m[48;2;193;194;178m▄[38;2;198;203;176m[48;2;214;238;213m▄[38;2;224;215;183m[48;2;197;195;166m▄[38;2;205;200;165m[48;2;202;173;144m▄[38;2;221;217;164m[48;2;184;180;144m▄[38;2;206;196;166m[48;2;214;210;161m▄[38;2;207;173;155m[48;2;203;189;165m▄[38;2;237;221;201m[48;2;240;212;182m▄[38;2;77;76;75m[48;2;177;167;156m▄[38;2;0;0;0m[48;2;2;2;2m▄[38;2;0;0;0m[48;2;0;0;0m▄[0m
[38;2;0;0;0m[48;2;0;0;0m▄[38;2;0;0;0m[48;2;0;0;0m▄[38;2;0;0;0m[48;2;0;0;0m▄[38;2;0;0;0m[48;2;0;0;0m▄[38;2;0;0;0m[48;2;0;0;0m▄[38;2;1;1;3m[48;2;142;137;134m▄[38;2;189;177;168m[48;2;241;212;195m▄[38;2;240;218;189m[48;2;203;189;157m▄[38;2;214;202;171m[48;2;223;222;164m▄[38;2;212;206;156m[48;2;217;210;163m▄[38;2;204;199;150m[48;2;241;228;183m▄[38;2;239;230;186m[48;2;208;200;159m▄[38;2;223;211;174m[48;2;190;202;170m▄[38;2;155;151;136m[48;2;213;236;213m▄[38;2;176;186;168m[48;2;199;218;199m▄[38;2;194;215;188m[48;2;183;182;171m▄[38;2;195;214;190m[48;2;183;169;163m▄[38;2;197;212;189m[48;2;182;167;160m▄[38;2;206;219;190m[48;2;188;181;171m▄[38;2;212;219;190m[48;2;189;197;182m▄[38;2;110;111;118m[48;2;191;211;188m▄[38;2;125;120;118m[48;2;194;201;172m▄[38;2;215;203;185m[48;2;174;174;147m▄[38;2;238;211;201m[48;2;142;143;140m▄[38;2;237;202;195m[48;2;195;185;177m▄[38;2;215;186;183m[48;2;217;195;181m▄[38;2;181;154;151m[48;2;229;205;193m▄[38;2;161;138;134m[48;2;248;223;210m▄[38;2;150;125;124m[48;2;244;219;209m▄[38;2;147;120;121m[48;2;240;214;207m▄[38;2;152;124;122m[48;2;250;223;216m▄[38;2;157;132;128m[48;2;237;211;201m▄[38;2;171;140;138m[48;2;225;202;191m▄[38;2;188;154;152m[48;2;234;211;202m▄[38;2;205;174;169m[48;2;229;209;198m▄[38;2;235;203;196m[48;2;206;194;183m▄[38;2;229;198;191m[48;2;203;193;180m▄[38;2;223;198;189m[48;2;228;221;183m▄[38;2;234;224;193m[48;2;218;220;175m▄[38;2;150;147;141m[48;2;213;224;193m▄[38;2;130;134;123m[48;2;202;216;192m▄[38;2;198;211;184m[48;2;189;187;174m▄[38;2;198;216;195m[48;2;189;170;162m▄[38;2;198;214;194m[48;2;192;164;162m▄[38;2;199;213;194m[48;2;198;167;168m▄[38;2;205;221;201m[48;2;196;171;170m▄[38;2;212;232;208m[48;2;194;190;176m▄[38;2;184;198;177m[48;2;203;225;199m▄[38;2;196;190;166m[48;2;208;227;203m▄[38;2;219;205;176m[48;2;196;203;173m▄[38;2;199;188;150m[48;2;231;220;184m▄[38;2;213;208;161m[48;2;200;190;156m▄[38;2;227;222;186m[48;2;202;202;147m▄[38;2;212;190;166m[48;2;221;219;173m▄[38;2;244;233;210m[48;2;209;183;165m▄[38;2;71;73;73m[48;2;222;200;190m▄[38;2;0;0;0m[48;2;77;78;78m▄[38;2;0;0;0m[48;2;0;0;0m▄[38;2;0;0;0m[48;2;0;0;0m▄[38;2;0;0;0m[48;2;0;0;0m▄[0m
[38;2;0;0;0m[48;2;0;0;0m▄[38;2;0;0;0m[48;2;0;0;0m▄[38;2;0;0;0m[48;2;0;0;0m▄[38;2;0;0;0m[48;2;0;0;0m▄[38;2;0;0;0m[48;2;0;0;0m▄[38;2;0;0;0m[48;2;0;0;0m▄[38;2;0;0;0m[48;2;39;39;39m▄[38;2;46;46;48m[48;2;231;224;217m▄[38;2;207;197;186m[48;2;232;207;188m▄[38;2;241;215;191m[48;2;205;187;162m▄[38;2;229;198;174m[48;2;208;206;166m▄[38;2;213;201;169m[48;2;206;201;154m▄[38;2;206;203;158m[48;2;221;213;179m▄[38;2;208;207;165m[48;2;108;107;108m▄[38;2;197;193;156m[48;2;94;90;96m▄[38;2;231;226;191m[48;2;201;196;173m▄[38;2;254;251;216m[48;2;234;231;205m▄[38;2;255;254;215m[48;2;233;229;198m▄[38;2;255;250;208m[48;2;241;233;189m▄[38;2;255;247;194m[48;2;242;234;195m▄[38;2;245;237;191m[48;2;147;147;143m▄[38;2;185;180;152m[48;2;176;173;154m▄[38;2;207;197;174m[48;2;236;218;212m▄[38;2;224;202;195m[48;2;218;185;181m▄[38;2;221;191;186m[48;2;240;211;206m▄[38;2;230;200;194m[48;2;191;170;168m▄[38;2;237;210;205m[48;2;95;65;67m▄[38;2;225;196;194m[48;2;93;54;55m▄[38;2;224;192;188m[48;2;107;63;57m▄[38;2;231;197;191m[48;2;119;70;62m▄[38;2;229;196;188m[48;2;133;84;75m▄[38;2;230;198;189m[48;2;145;97;87m▄[38;2;235;204;199m[48;2;152;102;93m▄[38;2;240;211;207m[48;2;155;109;102m▄[38;2;236;208;202m[48;2;164;124;116m▄[38;2;237;209;202m[48;2;222;197;190m▄[38;2;229;203;196m[48;2;228;201;195m▄[38;2;213;193;187m[48;2;220;185;182m▄[38;2;213;205;188m[48;2;233;211;204m▄[38;2;213;205;184m[48;2;180;180;166m▄[38;2;217;212;184m[48;2;113;113;121m▄[38;2;254;244;200m[48;2;199;192;170m▄[38;2;255;250;208m[48;2;226;225;199m▄[38;2;255;247;211m[48;2;216;214;189m▄[38;2;253;244;214m[48;2;218;216;187m▄[38;2;215;206;184m[48;2;205;200;176m▄[38;2;134;128;117m[48;2;105;101;106m▄[38;2;160;155;124m[48;2;90;86;101m▄[38;2;207;202;161m[48;2;192;182;159m▄[38;2;225;219;179m[48;2;199;194;153m▄[38;2;211;201;170m[48;2;222;220;166m▄[38;2;229;207;181m[48;2;218;208;176m▄[38;2;246;227;208m[48;2;207;172;157m▄[38;2;135;134;128m[48;2;240;217;199m▄[38;2;0;0;0m[48;2;116;116;113m▄[38;2;0;0;0m[48;2;0;0;0m▄[38;2;0;0;0m[48;2;0;0;0m▄[38;2;0;0;0m[48;2;0;0;0m▄[38;2;0;0;0m[48;2;0;0;0m▄[38;2;0;0;0m[48;2;0;0;0m▄[0m
[38;2;0;0;0m[48;2;0;0;0m▄[38;2;0;0;0m[48;2;0;0;0m▄[38;2;0;0;0m[48;2;0;0;0m▄[38;2;0;0;0m[48;2;0;0;0m▄[38;2;0;0;0m[48;2;0;0;0m▄[38;2;0;0;0m[48;2;0;0;0m▄[38;2;0;0;0m[48;2;0;0;0m▄[38;2;0;0;0m[48;2;0;0;0m▄[38;2;0;0;0m[48;2;12;12;13m▄[38;2;0;0;0m[48;2;104;105;101m▄[38;2;0;0;0m[48;2;162;152;143m▄[38;2;16;17;18m[48;2;203;186;173m▄[38;2;77;74;72m[48;2;238;221;198m▄[38;2;159;152;145m[48;2;239;225;192m▄[38;2;217;202;187m[48;2;216;210;173m▄[38;2;233;217;193m[48;2;205;202;160m▄[38;2;219;207;175m[48;2;213;210;165m▄[38;2;218;206;170m[48;2;222;220;176m▄[38;2;211;208;165m[48;2;229;225;179m▄[38;2;210;207;166m[48;2;240;234;183m▄[38;2;217;215;168m[48;2;216;210;175m▄[38;2;208;206;161m[48;2;102;102;112m▄[38;2;202;203;162m[48;2;177;171;148m▄[38;2;230;229;185m[48;2;233;226;180m▄[38;2;186;185;153m[48;2;205;193;170m▄[38;2;135;135;121m[48;2;192;177;165m▄[38;2;196;191;158m[48;2;218;203;184m▄[38;2;213;205;166m[48;2;220;204;193m▄[38;2;209;202;167m[48;2;219;201;192m▄[38;2;200;191;159m[48;2;225;205;195m▄[38;2;198;188;156m[48;2;218;194;183m▄[38;2;200;192;159m[48;2;218;193;181m▄[38;2;200;193;160m[48;2;224;202;194m▄[38;2;202;195;163m[48;2;223;203;196m▄[38;2;204;201;169m[48;2;220;203;190m▄[38;2;130;129;121m[48;2;203;187;174m▄[38;2;147;144;126m[48;2;203;193;175m▄[38;2;228;223;179m[48;2;221;214;182m▄[38;2;216;207;168m[48;2;216;204;174m▄[38;2;186;179;147m[48;2;107;106;115m▄[38;2;197;193;148m[48;2;164;158;138m▄[38;2;199;195;157m[48;2;240;226;175m▄[38;2;202;198;156m[48;2;220;206;166m▄[38;2;210;203;162m[48;2;207;196;155m▄[38;2;219;207;170m[48;2;204;196;154m▄[38;2;229;214;183m[48;2;203;200;156m▄[38;2;228;208;189m[48;2;210;203;162m▄[38;2;208;191;180m[48;2;224;213;172m▄[38;2;158;150;142m[48;2;237;221;188m▄[38;2;88;86;85m[48;2;242;220;197m▄[38;2;41;41;42m[48;2;226;210;189m▄[38;2;1;2;3m[48;2;194;188;175m▄[38;2;0;0;0m[48;2;89;90;90m▄[38;2;0;0;0m[48;2;0;0;0m▄[38;2;0;0;0m[48;2;0;0;0m▄[38;2;0;0;0m[48;2;0;0;0m▄[38;2;0;0;0m[48;2;0;0;0m▄[38;2;0;0;0m[48;2;0;0;0m▄[38;2;0;0;0m[48;2;0;0;0m▄[38;2;0;0;0m[48;2;0;0;0m▄[0m
[38;2;0;0;0m[48;2;0;0;0m▄[38;2;0;0;0m[48;2;0;0;0m▄[38;2;0;0;0m[48;2;0;0;0m▄[38;2;0;0;0m[48;2;0;0;0m▄[38;2;0;0;0m[48;2;0;0;0m▄[38;2;0;0;0m[48;2;0;0;0m▄[38;2;0;0;0m[48;2;0;0;0m▄[38;2;0;0;0m[48;2;0;0;0m▄[38;2;0;0;0m[48;2;0;0;0m▄[38;2;0;0;0m[48;2;0;0;0m▄[38;2;0;0;0m[48;2;0;0;0m▄[38;2;0;0;0m[48;2;0;0;0m▄[38;2;0;0;0m[48;2;0;0;0m▄[38;2;0;0;0m[48;2;0;0;0m▄[38;2;0;0;0m[48;2;38;38;39m▄[38;2;0;0;0m[48;2;129;125;122m▄[38;2;1;3;4m[48;2;201;192;181m▄[38;2;42;43;44m[48;2;239;224;204m▄[38;2;90;88;86m[48;2;247;226;204m▄[38;2;122;116;109m[48;2;231;207;188m▄[38;2;140;132;123m[48;2;228;211;184m▄[38;2;147;139;131m[48;2;224;213;182m▄[38;2;167;156;148m[48;2;231;221;184m▄[38;2;187;176;164m[48;2;230;221;180m▄[38;2;201;192;181m[48;2;229;221;177m▄[38;2;219;208;191m[48;2;227;221;177m▄[38;2;226;210;196m[48;2;216;209;170m▄[38;2;220;199;183m[48;2;211;203;163m▄[38;2;227;203;185m[48;2;213;204;166m▄[38;2;227;204;187m[48;2;210;202;166m▄[38;2;224;201;184m[48;2;205;199;164m▄[38;2;231;213;192m[48;2;204;199;161m▄[38;2;238;225;198m[48;2;207;203;164m▄[38;2;226;206;186m[48;2;208;201;166m▄[38;2;229;211;193m[48;2;208;201;166m▄[38;2;230;215;196m[48;2;213;205;166m▄[38;2;217;205;189m[48;2;222;213;171m▄[38;2;197;184;174m[48;2;215;207;169m▄[38;2;187;174;164m[48;2;215;203;167m▄[38;2;202;192;179m[48;2;228;219;177m▄[38;2;194;183;173m[48;2;234;225;186m▄[38;2;172;163;153m[48;2;234;216;191m▄[38;2;130;125;118m[48;2;233;208;186m▄[38;2;88;87;84m[48;2;228;204;184m▄[38;2;37;39;38m[48;2;213;194;182m▄[38;2;0;0;0m[48;2;170;156;151m▄[38;2;0;0;0m[48;2;94;88;86m▄[38;2;0;0;0m[48;2;21;22;23m▄[38;2;0;0;0m[48;2;0;0;0m▄[38;2;0;0;0m[48;2;0;0;0m▄[38;2;0;0;0m[48;2;0;0;0m▄[38;2;0;0;0m[48;2;0;0;0m▄[38;2;0;0;0m[48;2;0;0;0m▄[38;2;0;0;0m[48;2;0;0;0m▄[38;2;0;0;0m[48;2;0;0;0m▄[38;2;0;0;0m[48;2;0;0;0m▄[38;2;0;0;0m[48;2;0;0;0m▄[38;2;0;0;0m[48;2;0;0;0m▄[38;2;0;0;0m[48;2;0;0;0m▄[38;2;0;0;0m[48;2;0;0;0m▄[0m
[38;2;0;0;0m[48;2;0;0;0m▄[38;2;0;0;0m[48;2;0;0;0m▄[38;2;0;0;0m[48;2;0;0;0m▄[38;2;0;0;0m[48;2;0;0;0m▄[38;2;0;0;0m[48;2;0;0;0m▄[38;2;0;0;0m[48;2;0;0;0m▄[38;2;0;0;0m[48;2;0;0;0m▄[38;2;0;0;0m[48;2;0;0;0m▄[38;2;0;0;0m[48;2;0;0;0m▄[38;2;0;0;0m[48;2;0;0;0m▄[38;2;0;0;0m[48;2;0;0;0m▄[38;2;0;0;0m[48;2;0;0;0m▄[38;2;0;0;0m[48;2;0;0;0m▄[38;2;0;0;0m[48;2;0;0;0m▄[38;2;0;0;0m[48;2;0;0;0m▄[38;2;0;0;0m[48;2;0;0;0m▄[38;2;0;0;0m[48;2;0;0;0m▄[38;2;0;0;0m[48;2;0;0;0m▄[38;2;0;0;0m[48;2;0;0;0m▄[38;2;0;0;0m[48;2;0;0;0m▄[38;2;0;0;0m[48;2;0;0;0m▄[38;2;0;0;0m[48;2;0;0;0m▄[38;2;0;0;0m[48;2;0;0;0m▄[38;2;0;0;0m[48;2;0;0;0m▄[38;2;0;0;0m[48;2;3;5;7m▄[38;2;0;0;0m[48;2;19;20;22m▄[38;2;0;0;0m[48;2;42;41;42m▄[38;2;0;0;0m[48;2;61;60;59m▄[38;2;0;0;0m[48;2;68;67;66m▄[38;2;0;0;0m[48;2;67;67;65m▄[38;2;0;0;0m[48;2;65;64;62m▄[38;2;0;0;0m[48;2;72;69;68m▄[38;2;0;0;0m[48;2;76;73;71m▄[38;2;0;0;0m[48;2;71;69;66m▄[38;2;0;0;0m[48;2;52;50;50m▄[38;2;0;0;0m[48;2;32;32;33m▄[38;2;0;0;0m[48;2;15;16;18m▄[38;2;0;0;0m[48;2;9;10;12m▄[38;2;0;0;0m[48;2;2;4;6m▄[38;2;0;0;0m[48;2;0;0;2m▄[38;2;0;0;0m[48;2;0;0;0m▄[38;2;0;0;0m[48;2;0;0;0m▄[38;2;0;0;0m[48;2;0;0;0m▄[38;2;0;0;0m[48;2;0;0;0m▄[38;2;0;0;0m[48;2;0;0;0m▄[38;2;0;0;0m[48;2;0;0;0m▄[38;2;0;0;0m[48;2;0;0;0m▄[38;2;0;0;0m[48;2;0;0;0m▄[38;2;0;0;0m[48;2;0;0;0m▄[38;2;0;0;0m[48;2;0;0;0m▄[38;2;0;0;0m[48;2;0;0;0m▄[38;2;0;0;0m[48;2;0;0;0m▄[38;2;0;0;0m[48;2;0;0;0m▄[38;2;0;0;0m[48;2;0;0;0m▄[38;2;0;0;0m[48;2;0;0;0m▄[38;2;0;0;0m[48;2;0;0;0m▄[38;2;0;0;0m[48;2;0;0;0m▄[38;2;0;0;0m[48;2;0;0;0m▄[38;2;0;0;0m[48;2;0;0;0m▄[38;2;0;0;0m[48;2;0;0;0m▄[0m
