[38;2;208;39;29m[48;2;205;38;31m▄[38;2;241;46;31m[48;2;222;44;32m▄[38;2;223;43;28m[48;2;206;42;25m▄[38;2;225;43;27m[48;2;208;38;25m▄[38;2;228;43;28m[48;2;208;38;27m▄[38;2;230;43;30m[48;2;208;38;30m▄[38;2;230;44;30m[48;2;210;38;30m▄[38;2;229;44;29m[48;2;208;40;25m▄[38;2;229;43;27m[48;2;208;40;25m▄[38;2;228;44;26m[48;2;208;40;25m▄[38;2;228;43;25m[48;2;208;38;25m▄[38;2;228;42;24m[48;2;208;40;21m▄[38;2;228;41;24m[48;2;208;40;21m▄[38;2;228;41;25m[48;2;208;38;21m▄[38;2;230;43;25m[48;2;210;40;19m▄[38;2;231;43;25m[48;2;212;40;23m▄[38;2;232;43;26m[48;2;214;38;25m▄[38;2;235;44;26m[48;2;214;40;27m▄[38;2;244;46;26m[48;2;214;40;25m▄[38;2;253;46;25m[48;2;214;40;21m▄[38;2;253;64;37m[48;2;222;52;27m▄[38;2;243;100;61m[48;2;229;92;54m▄[38;2;227;128;81m[48;2;237;142;90m▄[38;2;212;133;91m[48;2;249;177;119m▄[38;2;190;120;84m[48;2;254;189;137m▄[38;2;171;106;72m[48;2;254;193;142m▄[38;2;160;97;64m[48;2;251;189;137m▄[38;2;154;92;65m[48;2;241;177;127m▄[38;2;147;83;57m[48;2;237;158;110m▄[38;2;141;72;44m[48;2;233;131;84m▄[38;2;146;56;33m[48;2;233;88;54m▄[38;2;151;39;19m[48;2;231;46;27m▄[38;2;165;37;17m[48;2;233;34;23m▄[38;2;179;40;20m[48;2;231;38;25m▄[38;2;192;42;24m[48;2;229;36;23m▄[38;2;209;43;26m[48;2;226;34;21m▄[38;2;220;36;18m[48;2;222;36;21m▄[38;2;231;32;17m[48;2;218;38;23m▄[38;2;241;33;19m[48;2;216;36;21m▄[38;2;246;37;24m[48;2;216;36;25m▄[38;2;244;40;27m[48;2;218;36;23m▄[38;2;240;41;24m[48;2;216;36;19m▄[38;2;240;41;21m[48;2;220;36;17m▄[38;2;243;40;21m[48;2;220;36;19m▄[38;2;245;41;20m[48;2;222;36;19m▄[38;2;247;40;20m[48;2;226;38;19m▄[38;2;248;39;22m[48;2;226;36;19m▄[38;2;248;38;21m[48;2;226;36;19m▄[38;2;246;39;20m[48;2;226;34;19m▄[38;2;245;38;18m[48;2;226;34;19m▄[38;2;247;38;21m[48;2;227;34;21m▄[38;2;248;37;20m[48;2;227;32;17m▄[38;2;250;37;20m[48;2;227;34;17m▄[38;2;251;38;20m[48;2;227;36;19m▄[38;2;252;38;18m[48;2;229;34;15m▄[38;2;252;38;17m[48;2;229;34;13m▄[38;2;252;37;20m[48;2;229;32;19m▄[38;2;253;37;19m[48;2;231;32;19m▄[38;2;252;37;18m[48;2;227;34;17m▄[38;2;255;39;18m[48;2;243;36;17m▄[0m
[38;2;210;42;29m[48;2;206;42;27m▄[38;2;229;47;35m[48;2;224;44;30m▄[38;2;213;42;34m[48;2;210;41;28m▄[38;2;213;42;31m[48;2;209;42;26m▄[38;2;212;43;32m[48;2;210;42;26m▄[38;2;214;42;33m[48;2;213;41;27m▄[38;2;214;42;33m[48;2;214;41;30m▄[38;2;214;41;31m[48;2;216;40;31m▄[38;2;214;41;30m[48;2;216;40;30m▄[38;2;214;40;30m[48;2;214;40;28m▄[38;2;214;41;29m[48;2;214;41;27m▄[38;2;214;41;28m[48;2;212;39;25m▄[38;2;213;40;30m[48;2;212;39;25m▄[38;2;215;41;30m[48;2;212;40;27m▄[38;2;226;44;27m[48;2;213;40;26m▄[38;2;211;40;24m[48;2;219;41;27m▄[38;2;156;29;17m[48;2;230;43;30m▄[38;2;103;22;10m[48;2;224;40;27m▄[38;2;71;22;11m[48;2;197;35;21m▄[38;2;65;31;13m[48;2;162;29;17m▄[38;2;79;49;25m[48;2;132;37;20m▄[38;2;102;70;47m[48;2;119;51;32m▄[38;2;107;71;50m[48;2;109;54;37m▄[38;2;103;61;41m[48;2;97;48;32m▄[38;2;115;76;54m[48;2;94;46;31m▄[38;2;118;80;59m[48;2;101;57;41m▄[38;2;149;115;93m[48;2;109;69;52m▄[38;2;168;143;121m[48;2;120;84;71m▄[38;2;165;142;122m[48;2;124;97;82m▄[38;2;166;142;123m[48;2;144;122;109m▄[38;2;156;133;118m[48;2;168;155;146m▄[38;2;136;106;92m[48;2;149;134;121m▄[38;2;115;74;58m[48;2;115;83;64m▄[38;2;103;52;33m[48;2;100;59;39m▄[38;2;96;41;23m[48;2;97;60;40m▄[38;2;111;61;42m[48;2;125;90;71m▄[38;2;181;160;145m[48;2;162;126;107m▄[38;2;203;198;183m[48;2;166;109;95m▄[38;2;155;146;123m[48;2;164;76;61m▄[38;2;112;90;66m[48;2;170;47;30m▄[38;2;94;51;32m[48;2;196;37;24m▄[38;2;109;36;18m[48;2;226;38;22m▄[38;2;157;33;19m[48;2;239;38;22m▄[38;2;218;37;24m[48;2;234;37;24m▄[38;2;244;40;24m[48;2;231;38;24m▄[38;2;234;39;21m[48;2;231;38;23m▄[38;2;232;38;22m[48;2;231;37;21m▄[38;2;233;38;23m[48;2;231;37;21m▄[38;2;234;37;22m[48;2;231;36;22m▄[38;2;233;38;21m[48;2;231;36;21m▄[38;2;233;38;22m[48;2;231;36;20m▄[38;2;235;37;23m[48;2;231;36;20m▄[38;2;237;37;25m[48;2;232;35;24m▄[38;2;237;37;23m[48;2;235;36;25m▄[38;2;237;37;21m[48;2;235;35;21m▄[38;2;237;36;20m[48;2;235;35;18m▄[38;2;238;36;20m[48;2;236;35;20m▄[38;2;238;35;21m[48;2;235;35;21m▄[38;2;236;35;22m[48;2;234;35;21m▄[38;2;251;39;22m[48;2;252;37;20m▄[0m
[38;2;214;44;29m[48;2;212;44;27m▄[38;2;230;48;32m[48;2;230;48;32m▄[38;2;214;43;31m[48;2;214;44;31m▄[38;2;214;44;33m[48;2;213;44;31m▄[38;2;214;44;31m[48;2;214;44;30m▄[38;2;216;45;30m[48;2;214;44;30m▄[38;2;215;44;29m[48;2;214;44;28m▄[38;2;216;44;31m[48;2;213;42;28m▄[38;2;217;43;32m[48;2;214;42;30m▄[38;2;216;42;28m[48;2;214;42;28m▄[38;2;216;42;28m[48;2;215;41;25m▄[38;2;216;42;27m[48;2;215;42;26m▄[38;2;224;46;29m[48;2;217;42;29m▄[38;2;157;27;18m[48;2;225;43;33m▄[38;2;48;5;2m[48;2;163;29;19m▄[38;2;41;9;2m[48;2;74;15;6m▄[38;2;47;13;7m[48;2;44;15;5m▄[38;2;50;17;9m[48;2;51;22;9m▄[38;2;60;27;12m[48;2;65;35;19m▄[38;2;61;25;13m[48;2;65;35;19m▄[38;2;62;26;17m[48;2;61;31;14m▄[38;2;78;44;28m[48;2;80;50;32m▄[38;2;92;57;41m[48;2;95;60;43m▄[38;2;85;49;35m[48;2;82;42;22m▄[38;2;82;50;38m[48;2;109;77;58m▄[38;2;78;48;36m[48;2;119;89;72m▄[38;2;81;51;35m[48;2;131;102;80m▄[38;2;96;69;51m[48;2;142;117;97m▄[38;2;104;81;64m[48;2;136;109;90m▄[38;2;110;86;69m[48;2;117;83;68m▄[38;2;92;61;45m[48;2;98;56;40m▄[38;2;85;49;36m[48;2;87;38;18m▄[38;2;79;39;25m[48;2;86;31;13m▄[38;2;78;34;20m[48;2;87;29;10m▄[38;2;83;39;25m[48;2;88;29;11m▄[38;2;87;43;26m[48;2;86;27;9m▄[38;2;92;45;34m[48;2;86;26;8m▄[38;2;99;53;42m[48;2;101;44;20m▄[38;2;101;54;39m[48;2;109;58;35m▄[38;2;105;59;45m[48;2;102;53;33m▄[38;2;112;72;53m[48;2;95;45;27m▄[38;2;119;86;73m[48;2;90;48;31m▄[38;2;118;88;76m[48;2;83;52;37m▄[38;2;90;58;42m[48;2;87;33;20m▄[38;2;52;27;12m[48;2;152;30;18m▄[38;2;99;25;15m[48;2;237;41;23m▄[38;2;227;40;26m[48;2;243;40;26m▄[38;2;251;43;24m[48;2;234;39;27m▄[38;2;238;42;23m[48;2;235;38;24m▄[38;2;238;41;24m[48;2;235;39;23m▄[38;2;238;40;23m[48;2;236;39;21m▄[38;2;241;40;24m[48;2;239;39;23m▄[38;2;242;41;25m[48;2;240;39;23m▄[38;2;243;40;23m[48;2;240;39;22m▄[38;2;242;41;21m[48;2;240;38;22m▄[38;2;241;40;20m[48;2;239;37;20m▄[38;2;241;40;23m[48;2;239;37;21m▄[38;2;240;40;24m[48;2;239;36;23m▄[38;2;240;40;22m[48;2;239;36;21m▄[38;2;255;42;23m[48;2;255;40;19m▄[0m
[38;2;205;44;27m[48;2;208;42;33m▄[38;2;225;47;33m[48;2;228;47;33m▄[38;2;213;44;33m[48;2;213;44;30m▄[38;2;214;44;32m[48;2;214;45;31m▄[38;2;214;45;33m[48;2;215;46;32m▄[38;2;215;46;32m[48;2;215;45;31m▄[38;2;218;45;31m[48;2;216;45;30m▄[38;2;219;46;31m[48;2;217;46;31m▄[38;2;219;47;31m[48;2;218;45;30m▄[38;2;218;46;31m[48;2;217;45;29m▄[38;2;218;46;31m[48;2;216;44;28m▄[38;2;228;49;31m[48;2;222;45;29m▄[38;2;161;27;17m[48;2;203;38;26m▄[38;2;55;7;2m[48;2;75;7;3m▄[38;2;53;8;3m[48;2;48;6;1m▄[38;2;47;7;2m[48;2;51;8;2m▄[38;2;43;8;3m[48;2;48;9;2m▄[38;2;41;8;2m[48;2;46;12;3m▄[38;2;42;12;3m[48;2;51;16;6m▄[38;2;46;16;7m[48;2;58;22;8m▄[38;2;49;19;10m[48;2;63;30;18m▄[38;2;50;21;11m[48;2;58;25;13m▄[38;2;51;21;10m[48;2;68;36;19m▄[38;2;65;34;21m[48;2;79;50;33m▄[38;2;73;40;26m[48;2;83;52;36m▄[38;2;70;39;26m[48;2;70;41;24m▄[38;2;64;38;25m[48;2;60;32;18m▄[38;2;67;40;28m[48;2;71;44;30m▄[38;2;75;47;31m[48;2;70;46;28m▄[38;2;75;45;29m[48;2;77;50;33m▄[38;2;68;39;26m[48;2;81;52;38m▄[38;2;63;34;24m[48;2;73;44;34m▄[38;2;62;31;21m[48;2;70;41;24m▄[38;2;66;33;22m[48;2;72;38;23m▄[38;2;71;37;29m[48;2;74;40;29m▄[38;2;81;49;46m[48;2;77;45;38m▄[38;2;90;64;63m[48;2;92;63;58m▄[38;2;101;78;80m[48;2;115;93;92m▄[38;2;105;84;83m[48;2;111;89;85m▄[38;2;96;66;62m[48;2;103;75;68m▄[38;2;82;48;42m[48;2;92;56;45m▄[38;2;80;42;35m[48;2;101;67;55m▄[38;2;85;46;42m[48;2;106;76;67m▄[38;2;78;43;39m[48;2;92;60;46m▄[38;2;69;36;26m[48;2;70;36;17m▄[38;2;61;27;15m[48;2;48;25;10m▄[38;2;41;22;12m[48;2;89;25;13m▄[38;2;101;29;20m[48;2;227;43;25m▄[38;2;247;45;31m[48;2;251;44;24m▄[38;2;247;43;30m[48;2;243;42;24m▄[38;2;244;43;26m[48;2;243;42;25m▄[38;2;245;43;25m[48;2;243;42;25m▄[38;2;245;42;25m[48;2;244;42;22m▄[38;2;245;42;26m[48;2;244;42;22m▄[38;2;244;42;27m[48;2;243;43;23m▄[38;2;243;42;26m[48;2;243;42;22m▄[38;2;241;41;23m[48;2;242;40;23m▄[38;2;239;40;21m[48;2;241;40;21m▄[38;2;236;40;20m[48;2;241;40;22m▄[38;2;254;44;24m[48;2;255;43;27m▄[0m
[38;2;214;48;35m[48;2;206;46;31m▄[38;2;232;52;37m[48;2;227;50;34m▄[38;2;216;49;33m[48;2;214;46;31m▄[38;2;216;49;32m[48;2;213;47;29m▄[38;2;217;49;32m[48;2;213;47;29m▄[38;2;219;49;35m[48;2;216;47;31m▄[38;2;220;49;34m[48;2;218;46;33m▄[38;2;223;48;32m[48;2;221;47;33m▄[38;2;225;48;35m[48;2;221;47;33m▄[38;2;224;47;35m[48;2;221;47;33m▄[38;2;225;49;32m[48;2;221;46;31m▄[38;2;241;54;35m[48;2;229;50;33m▄[38;2;137;22;14m[48;2;134;21;14m▄[38;2;58;11;4m[48;2;58;8;4m▄[38;2;42;2;0m[48;2;54;7;3m▄[38;2;39;4;0m[48;2;43;6;1m▄[38;2;43;6;3m[48;2;40;6;2m▄[38;2;43;5;3m[48;2;41;6;2m▄[38;2;41;5;4m[48;2;40;10;2m▄[38;2;36;7;3m[48;2;41;13;5m▄[38;2;37;7;1m[48;2;43;15;6m▄[38;2;39;8;1m[48;2;45;16;7m▄[38;2;42;9;1m[48;2;49;16;8m▄[38;2;49;12;4m[48;2;52;18;7m▄[38;2;54;15;7m[48;2;59;26;15m▄[38;2;56;20;10m[48;2;56;22;16m▄[38;2;63;30;18m[48;2;65;31;23m▄[38;2;59;29;19m[48;2;62;30;17m▄[38;2;57;24;13m[48;2;67;36;23m▄[38;2;79;42;26m[48;2;76;48;39m▄[38;2;93;55;37m[48;2;76;48;36m▄[38;2;93;54;37m[48;2;75;44;33m▄[38;2;94;52;35m[48;2;75;41;34m▄[38;2;95;51;37m[48;2;73;40;31m▄[38;2;99;53;38m[48;2;74;37;27m▄[38;2;105;58;46m[48;2;87;51;44m▄[38;2;124;84;79m[48;2;102;73;69m▄[38;2;134;99;98m[48;2;105;78;77m▄[38;2;122;84;78m[48;2;110;82;82m▄[38;2;121;81;77m[48;2;106;75;73m▄[38;2;118;74;66m[48;2;100;70;66m▄[38;2;127;86;76m[48;2;97;61;57m▄[38;2;138;96;89m[48;2;91;51;47m▄[38;2;129;83;74m[48;2;88;50;48m▄[38;2;121;70;63m[48;2;93;57;48m▄[38;2;110;66;55m[48;2;100;59;45m▄[38;2;75;41;27m[48;2;97;51;32m▄[38;2;54;27;20m[48;2;65;35;18m▄[38;2;54;25;17m[48;2;157;40;24m▄[38;2;202;41;23m[48;2;255;48;30m▄[38;2;254;46;29m[48;2;246;44;29m▄[38;2;248;45;28m[48;2;245;43;26m▄[38;2;248;46;26m[48;2;245;43;23m▄[38;2;249;45;28m[48;2;245;43;23m▄[38;2;249;45;28m[48;2;245;42;24m▄[38;2;248;43;29m[48;2;243;42;27m▄[38;2;246;43;28m[48;2;241;41;25m▄[38;2;244;43;27m[48;2;239;40;24m▄[38;2;241;42;26m[48;2;236;40;24m▄[38;2;255;43;25m[48;2;254;43;24m▄[0m
[38;2;223;49;36m[48;2;221;49;33m▄[38;2;242;54;39m[48;2;239;53;39m▄[38;2;223;51;37m[48;2;220;50;38m▄[38;2;223;52;37m[48;2;221;50;39m▄[38;2;223;51;37m[48;2;221;50;38m▄[38;2;224;51;37m[48;2;221;50;37m▄[38;2;224;52;38m[48;2;222;50;35m▄[38;2;227;51;39m[48;2;224;50;36m▄[38;2;229;51;37m[48;2;226;50;37m▄[38;2;237;52;37m[48;2;225;49;35m▄[38;2;199;44;30m[48;2;235;52;35m▄[38;2;38;5;3m[48;2;172;34;22m▄[38;2;18;3;0m[48;2;76;26;16m▄[38;2;57;26;17m[48;2;71;40;28m▄[38;2;55;28;21m[48;2;60;28;20m▄[38;2;49;20;14m[48;2;45;15;11m▄[38;2;32;9;4m[48;2;33;5;2m▄[38;2;30;4;1m[48;2;35;4;2m▄[38;2;35;4;2m[48;2;37;4;2m▄[38;2;39;4;1m[48;2;37;5;1m▄[38;2;42;4;0m[48;2;40;5;1m▄[38;2;41;6;0m[48;2;43;6;1m▄[38;2;47;9;1m[48;2;44;9;2m▄[38;2;51;12;3m[48;2;48;12;3m▄[38;2;52;14;4m[48;2;50;14;6m▄[38;2;46;13;2m[48;2;52;15;6m▄[38;2;41;11;1m[48;2;55;19;7m▄[38;2;42;11;1m[48;2;63;24;10m▄[38;2;43;11;4m[48;2;70;26;14m▄[38;2;45;13;3m[48;2;74;31;12m▄[38;2;52;16;5m[48;2;75;35;16m▄[38;2;66;24;12m[48;2;73;33;20m▄[38;2;73;30;17m[48;2;67;30;20m▄[38;2;78;40;27m[48;2;68;33;21m▄[38;2;79;43;32m[48;2;67;32;25m▄[38;2;62;24;12m[48;2;61;26;19m▄[38;2;50;11;3m[48;2;63;25;15m▄[38;2;56;15;6m[48;2;78;34;26m▄[38;2;40;8;2m[48;2;83;38;29m▄[38;2;57;15;7m[48;2;98;45;37m▄[38;2;101;43;34m[48;2;111;49;36m▄[38;2;113;59;48m[48;2;111;52;37m▄[38;2;77;27;13m[48;2;111;54;41m▄[38;2;56;18;8m[48;2;100;43;29m▄[38;2;70;26;16m[48;2;81;30;18m▄[38;2;87;47;39m[48;2;69;27;15m▄[38;2;55;35;30m[48;2;76;39;28m▄[38;2;48;23;15m[48;2;83;42;31m▄[38;2;53;29;17m[48;2;65;30;20m▄[38;2;194;45;28m[48;2;176;38;24m▄[38;2;255;50;32m[48;2;255;49;35m▄[38;2;253;48;31m[48;2;252;46;32m▄[38;2;253;49;31m[48;2;253;47;30m▄[38;2;254;49;31m[48;2;253;48;29m▄[38;2;254;48;32m[48;2;253;48;28m▄[38;2;253;49;28m[48;2;253;48;29m▄[38;2;251;49;28m[48;2;251;46;30m▄[38;2;249;47;27m[48;2;249;44;31m▄[38;2;245;46;26m[48;2;245;44;28m▄[38;2;255;49;27m[48;2;255;48;26m▄[0m
[38;2;227;53;40m[48;2;227;53;38m▄[38;2;245;57;42m[48;2;244;56;43m▄[38;2;225;52;37m[48;2;225;51;41m▄[38;2;226;53;37m[48;2;225;51;40m▄[38;2;226;52;39m[48;2;225;52;37m▄[38;2;227;53;40m[48;2;226;53;37m▄[38;2;229;53;40m[48;2;227;54;39m▄[38;2;230;53;41m[48;2;230;52;38m▄[38;2;232;53;41m[48;2;232;52;37m▄[38;2;242;54;43m[48;2;242;53;42m▄[38;2;135;31;23m[48;2;138;34;28m▄[38;2;68;38;27m[48;2;54;19;10m▄[38;2;91;39;28m[48;2;77;20;6m▄[38;2;55;18;12m[48;2;57;17;9m▄[38;2;21;1;2m[48;2;21;4;3m▄[38;2;44;13;7m[48;2;17;1;0m▄[38;2;70;28;15m[48;2;48;16;8m▄[38;2;49;11;1m[48;2;43;10;3m▄[38;2;45;8;0m[48;2;39;5;1m▄[38;2;39;8;2m[48;2;37;3;0m▄[38;2;33;6;2m[48;2;34;3;1m▄[38;2;31;6;2m[48;2;35;5;2m▄[38;2;33;8;2m[48;2;38;6;3m▄[38;2;42;9;3m[48;2;45;9;3m▄[38;2;55;14;4m[48;2;57;15;2m▄[38;2;65;19;7m[48;2;65;21;7m▄[38;2;90;31;11m[48;2;69;25;8m▄[38;2;120;52;21m[48;2;72;29;11m▄[38;2;136;71;39m[48;2;59;22;8m▄[38;2;118;57;30m[48;2;52;13;1m▄[38;2;104;39;12m[48;2;60;18;6m▄[38;2;99;34;12m[48;2;58;18;7m▄[38;2;91;30;12m[48;2;67;24;15m▄[38;2;90;34;19m[48;2;53;21;16m▄[38;2;89;41;32m[48;2;49;21;14m▄[38;2;107;68;62m[48;2;74;32;24m▄[38;2;118;73;66m[48;2;75;46;43m▄[38;2;101;48;35m[48;2;92;49;39m▄[38;2;91;40;28m[48;2;81;30;16m▄[38;2;85;24;14m[48;2;61;11;3m▄[38;2;99;33;23m[48;2;103;42;32m▄[38;2;120;45;29m[48;2;137;77;67m▄[38;2;131;50;33m[48;2;103;44;32m▄[38;2;109;35;19m[48;2;89;41;34m▄[38;2;93;35;21m[48;2;100;59;53m▄[38;2;93;42;29m[48;2;88;43;33m▄[38;2;98;44;27m[48;2;66;20;4m▄[38;2;97;43;32m[48;2;74;23;9m▄[38;2;103;47;28m[48;2;89;43;24m▄[38;2;129;44;20m[48;2;163;51;31m▄[38;2;247;50;34m[48;2;255;50;32m▄[38;2;255;52;33m[48;2;254;51;32m▄[38;2;254;52;31m[48;2;254;51;32m▄[38;2;254;52;31m[48;2;254;51;31m▄[38;2;254;52;31m[48;2;255;50;34m▄[38;2;253;50;33m[48;2;254;49;31m▄[38;2;254;50;31m[48;2;253;50;26m▄[38;2;253;50;29m[48;2;251;49;27m▄[38;2;252;49;31m[48;2;248;47;31m▄[38;2;255;52;34m[48;2;255;50;33m▄[0m
[38;2;227;55;38m[48;2;227;53;42m▄[38;2;244;58;43m[48;2;245;58;43m▄[38;2;227;54;42m[48;2;226;53;39m▄[38;2;228;54;42m[48;2;226;53;39m▄[38;2;228;55;39m[48;2;227;53;41m▄[38;2;231;56;39m[48;2;228;55;40m▄[38;2;232;56;41m[48;2;228;54;38m▄[38;2;232;56;43m[48;2;230;55;41m▄[38;2;232;56;42m[48;2;231;55;41m▄[38;2;232;54;40m[48;2;236;56;38m▄[38;2;240;49;37m[48;2;222;48;34m▄[38;2;246;47;35m[48;2;124;33;22m▄[38;2;200;47;32m[48;2;73;36;25m▄[38;2;108;32;17m[48;2;68;33;20m▄[38;2;73;30;12m[48;2;86;41;24m▄[38;2;87;36;20m[48;2;78;38;25m▄[38;2;56;21;13m[48;2;52;20;12m▄[38;2;37;9;3m[48;2;38;7;0m▄[38;2;39;12;2m[48;2;43;10;0m▄[38;2;34;12;2m[48;2;39;10;2m▄[38;2;32;12;3m[48;2;36;11;3m▄[38;2;32;12;2m[48;2;34;11;4m▄[38;2;33;10;3m[48;2;34;8;3m▄[38;2;34;8;3m[48;2;40;7;2m▄[38;2;37;9;2m[48;2;47;11;2m▄[38;2;44;14;6m[48;2;53;14;4m▄[38;2;55;18;9m[48;2;63;16;3m▄[38;2;65;18;8m[48;2;81;22;4m▄[38;2;79;22;9m[48;2;109;37;14m▄[38;2;100;37;17m[48;2;132;57;26m▄[38;2;119;53;30m[48;2;129;60;32m▄[38;2;120;52;29m[48;2;126;81;68m▄[38;2;135;80;69m[48;2;124;81;76m▄[38;2;150;104;103m[48;2;144;98;94m▄[38;2;135;89;86m[48;2;156;125;127m▄[38;2;121;75;70m[48;2;149;117;115m▄[38;2;65;29;26m[48;2;110;65;56m▄[38;2;52;4;0m[48;2;70;22;14m▄[38;2;99;37;24m[48;2;87;32;18m▄[38;2;102;47;34m[48;2;127;66;46m▄[38;2;99;45;32m[48;2;153;91;72m▄[38;2;101;36;22m[48;2;148;70;43m▄[38;2;125;57;45m[48;2;153;65;37m▄[38;2;139;74;61m[48;2;149;72;50m▄[38;2;124;51;33m[48;2;113;43;21m▄[38;2;107;35;18m[48;2;110;41;20m▄[38;2;102;43;27m[48;2;121;58;42m▄[38;2;104;50;35m[48;2;131;76;64m▄[38;2;100;47;32m[48;2;123;66;49m▄[38;2;80;32;10m[48;2;110;42;20m▄[38;2;202;45;26m[48;2;226;49;30m▄[38;2;255;56;39m[48;2;255;54;35m▄[38;2;255;54;36m[48;2;254;53;32m▄[38;2;254;54;36m[48;2;255;53;34m▄[38;2;254;53;35m[48;2;254;51;35m▄[38;2;255;53;32m[48;2;253;51;32m▄[38;2;254;52;33m[48;2;253;51;32m▄[38;2;253;51;33m[48;2;252;50;31m▄[38;2;253;51;35m[48;2;252;50;34m▄[38;2;255;54;38m[48;2;255;53;35m▄[0m
[38;2;230;57;48m[48;2;229;55;44m▄[38;2;249;61;49m[48;2;247;59;47m▄[38;2;231;57;45m[48;2;229;55;44m▄[38;2;233;55;40m[48;2;229;56;45m▄[38;2;234;51;36m[48;2;230;56;46m▄[38;2;233;47;36m[48;2;232;55;45m▄[38;2;233;48;36m[48;2;233;56;45m▄[38;2;228;72;56m[48;2;234;53;38m▄[38;2;217;109;92m[48;2;233;46;30m▄[38;2;211;162;143m[48;2;232;53;36m▄[38;2;168;162;144m[48;2;229;87;74m▄[38;2;72;78;70m[48;2;208;105;90m▄[38;2;96;102;91m[48;2;175;99;84m▄[38;2;189;185;174m[48;2;125;78;65m▄[38;2;93;69;59m[48;2;58;23;10m▄[38;2;41;8;0m[48;2;53;16;8m▄[38;2;44;14;6m[48;2;33;3;0m▄[38;2;39;12;7m[48;2;48;14;10m▄[38;2;45;21;17m[48;2;48;17;14m▄[38;2;41;20;18m[48;2;37;14;10m▄[38;2;35;16;14m[48;2;33;12;8m▄[38;2;33;13;9m[48;2;33;10;5m▄[38;2;32;12;7m[48;2;34;11;4m▄[38;2;34;14;9m[48;2;34;10;5m▄[38;2;37;14;8m[48;2;38;11;6m▄[38;2;41;12;7m[48;2;45;14;8m▄[38;2;46;15;6m[48;2;56;21;13m▄[38;2;43;17;7m[48;2;59;20;13m▄[38;2;38;15;8m[48;2;60;19;9m▄[38;2;42;14;9m[48;2;67;23;11m▄[38;2;54;19;12m[48;2;81;31;15m▄[38;2;58;19;11m[48;2;85;29;10m▄[38;2;58;19;6m[48;2;87;29;14m▄[38;2;76;38;25m[48;2;98;45;34m▄[38;2;94;55;47m[48;2;108;57;50m▄[38;2;93;49;40m[48;2;124;70;64m▄[38;2;98;47;33m[48;2;101;53;47m▄[38;2;105;54;39m[48;2;89;41;34m▄[38;2;98;53;40m[48;2;90;39;35m▄[38;2;96;53;41m[48;2;72;32;28m▄[38;2;107;66;56m[48;2;74;46;43m▄[38;2;119;84;81m[48;2;72;52;54m▄[38;2;123;84;82m[48;2;82;45;42m▄[38;2;127;89;84m[48;2;119;76;69m▄[38;2;99;58;53m[48;2;103;60;53m▄[38;2;73;33;27m[48;2;84;40;33m▄[38;2;48;22;17m[48;2;91;46;35m▄[38;2;46;30;23m[48;2;91;49;37m▄[38;2;63;35;27m[48;2;63;34;21m▄[38;2;204;43;29m[48;2;86;24;15m▄[38;2;255;58;40m[48;2;239;51;37m▄[38;2;255;55;37m[48;2;255;55;38m▄[38;2;255;56;37m[48;2;255;55;38m▄[38;2;255;56;38m[48;2;255;55;38m▄[38;2;255;55;38m[48;2;255;54;35m▄[38;2;255;55;37m[48;2;255;54;35m▄[38;2;255;55;37m[48;2;255;54;35m▄[38;2;255;54;35m[48;2;255;54;37m▄[38;2;255;54;34m[48;2;254;52;38m▄[38;2;255;58;36m[48;2;255;56;39m▄[0m
[38;2;221;101;88m[48;2;232;48;29m▄[38;2;236;134;117m[48;2;250;49;33m▄[38;2;217;163;147m[48;2;231;51;38m▄[38;2;212;185;169m[48;2;231;67;53m▄[38;2;203;191;174m[48;2;227;82;65m▄[38;2;198;195;181m[48;2;222;102;86m▄[38;2;188;185;173m[48;2;214;147;130m▄[38;2;178;168;158m[48;2;196;178;162m▄[38;2;171;157;149m[48;2;181;179;163m▄[38;2;167;154;148m[48;2;183;178;163m▄[38;2;148;140;139m[48;2;122;116;105m▄[38;2;146;142;136m[48;2;121;117;105m▄[38;2;222;214;204m[48;2;247;240;225m▄[38;2;214;201;192m[48;2;240;227;218m▄[38;2;224;209;200m[48;2;196;184;174m▄[38;2;199;186;177m[48;2;57;40;30m▄[38;2;84;68;61m[48;2;28;5;0m▄[38;2;20;2;0m[48;2;39;16;9m▄[38;2;23;5;1m[48;2;39;18;14m▄[38;2;31;15;14m[48;2;39;25;21m▄[38;2;32;19;18m[48;2;35;25;21m▄[38;2;34;23;22m[48;2;31;21;19m▄[38;2;33;25;24m[48;2;28;17;15m▄[38;2;29;22;20m[48;2;27;16;14m▄[38;2;28;22;20m[48;2;32;21;18m▄[38;2;31;24;24m[48;2;34;17;14m▄[38;2;33;22;21m[48;2;35;13;7m▄[38;2;33;17;12m[48;2;37;14;8m▄[38;2;28;13;8m[48;2;29;10;4m▄[38;2;23;12;8m[48;2;32;12;7m▄[38;2;25;13;9m[48;2;43;15;9m▄[38;2;40;17;14m[48;2;50;14;6m▄[38;2;59;38;34m[48;2;57;28;17m▄[38;2;62;50;43m[48;2;60;34;24m▄[38;2;58;42;35m[48;2;49;29;22m▄[38;2;54;29;24m[48;2;31;16;10m▄[38;2;57;26;20m[48;2;38;16;10m▄[38;2;68;34;24m[48;2;50;19;12m▄[38;2;76;38;27m[48;2;60;22;13m▄[38;2;82;41;35m[48;2;72;29;21m▄[38;2;84;49;45m[48;2;100;58;53m▄[38;2;66;40;37m[48;2;105;68;65m▄[38;2;58;32;29m[48;2;97;53;50m▄[38;2;68;37;33m[48;2;101;52;50m▄[38;2;84;49;42m[48;2;100;52;50m▄[38;2;83;50;43m[48;2;87;43;37m▄[38;2;52;39;35m[48;2;50;32;28m▄[38;2;136;38;33m[48;2;22;27;26m▄[38;2;252;58;42m[48;2;140;38;24m▄[38;2;255;61;41m[48;2;255;60;35m▄[38;2;255;59;41m[48;2;255;58;38m▄[38;2;255;58;44m[48;2;255;56;42m▄[38;2;255;58;42m[48;2;255;56;38m▄[38;2;255;58;42m[48;2;255;57;38m▄[38;2;255;57;41m[48;2;255;56;39m▄[38;2;255;57;37m[48;2;255;56;37m▄[38;2;255;57;39m[48;2;255;55;37m▄[38;2;255;56;40m[48;2;255;54;36m▄[38;2;255;56;38m[48;2;255;54;35m▄[38;2;255;60;37m[48;2;255;58;36m▄[0m
[38;2;201;197;203m[48;2;210;212;201m▄[38;2;214;213;219m[48;2;225;232;222m▄[38;2;184;184;187m[48;2;197;200;190m▄[38;2;172;165;162m[48;2;192;184;172m▄[38;2;189;183;179m[48;2;192;185;175m▄[38;2;185;179;176m[48;2;183;176;167m▄[38;2;179;173;172m[48;2;176;168;161m▄[38;2;174;168;167m[48;2;171;163;158m▄[38;2;169;165;161m[48;2;163;156;150m▄[38;2;162;158;155m[48;2;154;146;142m▄[38;2;158;152;150m[48;2;156;150;147m▄[38;2;155;149;152m[48;2;159;153;153m▄[38;2;171;168;175m[48;2;203;199;198m▄[38;2;210;210;215m[48;2;217;214;211m▄[38;2;214;212;216m[48;2;208;201;199m▄[38;2;209;206;212m[48;2;214;203;203m▄[38;2;206;204;211m[48;2;215;208;208m▄[38;2;218;216;226m[48;2;150;143;141m▄[38;2;213;213;220m[48;2;62;54;51m▄[38;2;160;158;163m[48;2;15;2;0m▄[38;2;86;80;80m[48;2;12;0;0m▄[38;2;34;21;16m[48;2;22;10;5m▄[38;2;11;0;0m[48;2;26;16;13m▄[38;2;9;0;0m[48;2;29;21;19m▄[38;2;16;10;4m[48;2;29;23;21m▄[38;2;23;19;13m[48;2;27;22;19m▄[38;2;26;22;17m[48;2;31;24;23m▄[38;2;28;24;21m[48;2;33;26;24m▄[38;2;35;28;26m[48;2;30;23;21m▄[38;2;38;32;28m[48;2;23;15;10m▄[38;2;33;27;24m[48;2;19;12;7m▄[38;2;29;22;19m[48;2;19;13;11m▄[38;2;26;18;15m[48;2;31;19;15m▄[38;2;22;10;7m[48;2;55;37;30m▄[38;2;29;17;11m[48;2;65;46;41m▄[38;2;41;28;22m[48;2;66;47;42m▄[38;2;47;33;27m[48;2;68;45;39m▄[38;2;53;35;31m[48;2;85;53;48m▄[38;2;55;37;33m[48;2;98;62;57m▄[38;2;63;46;41m[48;2;108;74;68m▄[38;2;70;50;46m[48;2;102;71;64m▄[38;2;68;47;43m[48;2;77;54;50m▄[38;2;58;40;34m[48;2;74;52;53m▄[38;2;41;27;25m[48;2;78;56;55m▄[38;2;18;11;9m[48;2;84;60;53m▄[38;2;41;32;32m[48;2;56;42;36m▄[38;2;208;72;66m[48;2;108;26;20m▄[38;2;255;70;48m[48;2;255;59;42m▄[38;2;255;57;32m[48;2;255;62;45m▄[38;2;255;52;28m[48;2;254;61;41m▄[38;2;255;53;29m[48;2;254;60;40m▄[38;2;255;57;34m[48;2;255;61;41m▄[38;2;255;61;39m[48;2;255;61;40m▄[38;2;255;63;40m[48;2;255;61;41m▄[38;2;255;63;39m[48;2;255;59;41m▄[38;2;254;61;43m[48;2;254;59;40m▄[38;2;254;60;39m[48;2;255;60;39m▄[38;2;255;59;36m[48;2;255;58;36m▄[38;2;254;59;40m[48;2;255;57;35m▄[38;2;255;63;43m[48;2;255;62;39m▄[0m
[38;2;194;194;201m[48;2;188;188;195m▄[38;2;206;206;215m[48;2;205;205;215m▄[38;2;198;199;207m[48;2;189;190;198m▄[38;2;158;154;157m[48;2;163;158;157m▄[38;2;169;163;161m[48;2;179;176;172m▄[38;2;179;178;182m[48;2;179;177;179m▄[38;2;179;177;184m[48;2;180;178;183m▄[38;2;179;177;182m[48;2;180;176;178m▄[38;2;178;176;180m[48;2;177;173;174m▄[38;2;177;174;179m[48;2;173;169;173m▄[38;2;177;173;179m[48;2;172;168;172m▄[38;2;175;173;178m[48;2;166;164;168m▄[38;2;175;173;179m[48;2;162;160;166m▄[38;2;175;173;182m[48;2;183;182;190m▄[38;2;194;194;206m[48;2;214;213;222m▄[38;2;217;219;230m[48;2;213;211;219m▄[38;2;216;217;228m[48;2;212;211;219m▄[38;2;217;218;231m[48;2;211;210;219m▄[38;2;218;220;234m[48;2;209;207;219m▄[38;2;216;219;232m[48;2;218;218;230m▄[38;2;213;216;229m[48;2;221;222;233m▄[38;2;217;221;236m[48;2;194;194;203m▄[38;2;226;231;247m[48;2;139;136;141m▄[38;2;223;228;243m[48;2;77;71;72m▄[38;2;196;199;212m[48;2;28;19;15m▄[38;2;140;139;148m[48;2;2;0;0m▄[38;2;62;56;60m[48;2;6;0;0m▄[38;2;10;1;0m[48;2;16;7;5m▄[38;2;0;0;0m[48;2;18;11;8m▄[38;2;1;0;0m[48;2;20;13;11m▄[38;2;10;1;0m[48;2;25;18;19m▄[38;2;8;1;0m[48;2;29;22;23m▄[38;2;0;0;0m[48;2;30;25;24m▄[38;2;0;0;0m[48;2;25;23;24m▄[38;2;14;9;7m[48;2;17;16;15m▄[38;2;57;51;53m[48;2;5;4;1m▄[38;2;120;117;121m[48;2;0;0;0m▄[38;2;156;156;163m[48;2;5;2;0m▄[38;2;170;172;186m[48;2;7;3;0m▄[38;2;163;165;178m[48;2;15;8;4m▄[38;2;166;167;174m[48;2;19;10;8m▄[38;2;190;192;200m[48;2;30;24;23m▄[38;2;194;195;206m[48;2;41;37;35m▄[38;2;192;192;204m[48;2;54;51;51m▄[38;2;183;182;192m[48;2;94;92;95m▄[38;2;177;176;185m[48;2;162;160;165m▄[38;2;174;177;185m[48;2;201;190;194m▄[38;2;179;185;193m[48;2;203;175;175m▄[38;2;182;194;200m[48;2;215;162;158m▄[38;2;184;199;206m[48;2;226;139;132m▄[38;2;188;198;207m[48;2;237;110;97m▄[38;2;197;194;201m[48;2;248;86;67m▄[38;2;207;177;180m[48;2;255;66;44m▄[38;2;216;151;151m[48;2;255;56;35m▄[38;2;227;124;116m[48;2;255;54;30m▄[38;2;238;94;78m[48;2;255;58;31m▄[38;2;250;65;46m[48;2;255;62;39m▄[38;2;255;55;37m[48;2;255;62;44m▄[38;2;255;55;32m[48;2;254;61;43m▄[38;2;255;62;37m[48;2;255;66;43m▄[0m
[38;2;188;188;197m[48;2;192;194;199m▄[38;2;202;201;212m[48;2;206;206;215m▄[38;2;193;194;204m[48;2;199;199;208m▄[38;2;176;176;185m[48;2;166;166;171m▄[38;2;165;159;162m[48;2;161;157;156m▄[38;2;186;182;187m[48;2;183;181;186m▄[38;2;185;182;188m[48;2;181;179;185m▄[38;2;187;184;192m[48;2;182;180;186m▄[38;2;187;185;195m[48;2;184;183;191m▄[38;2;187;188;196m[48;2;184;182;191m▄[38;2;189;190;197m[48;2;182;181;187m▄[38;2;190;189;197m[48;2;183;183;190m▄[38;2;188;188;196m[48;2;184;182;190m▄[38;2;188;188;196m[48;2;184;182;191m▄[38;2;191;191;199m[48;2;185;183;193m▄[38;2;196;195;205m[48;2;202;203;216m▄[38;2;209;212;226m[48;2;222;225;239m▄[38;2;230;234;248m[48;2;218;221;235m▄[38;2;224;228;242m[48;2;217;220;236m▄[38;2;221;224;240m[48;2;218;221;238m▄[38;2;221;225;240m[48;2;219;223;237m▄[38;2;223;227;243m[48;2;219;222;236m▄[38;2;223;228;243m[48;2;216;221;238m▄[38;2;222;227;243m[48;2;215;221;238m▄[38;2;223;226;242m[48;2;223;229;247m▄[38;2;224;230;245m[48;2;236;243;255m▄[38;2;231;236;251m[48;2;228;234;249m▄[38;2;244;248;255m[48;2;179;184;194m▄[38;2;255;255;255m[48;2;130;130;135m▄[38;2;174;180;187m[48;2;83;81;80m▄[38;2;19;21;27m[48;2;18;15;12m▄[38;2;27;28;31m[48;2;18;16;13m▄[38;2;61;61;67m[48;2;75;72;70m▄[38;2;226;229;235m[48;2;133;131;128m▄[38;2;255;255;255m[48;2;175;174;181m▄[38;2;232;240;255m[48;2;216;218;229m▄[38;2;221;229;249m[48;2;227;231;247m▄[38;2;221;229;249m[48;2;227;232;252m▄[38;2;206;214;233m[48;2;229;236;255m▄[38;2;169;171;186m[48;2;182;186;204m▄[38;2;198;200;212m[48;2;198;199;210m▄[38;2;200;203;215m[48;2;207;211;220m▄[38;2;201;203;214m[48;2;199;202;213m▄[38;2;198;200;212m[48;2;195;198;210m▄[38;2;199;200;211m[48;2;183;184;196m▄[38;2;184;185;195m[48;2;170;169;180m▄[38;2;175;174;182m[48;2;176;175;184m▄[38;2;179;179;186m[48;2;182;182;190m▄[38;2;182;182;190m[48;2;184;184;191m▄[38;2;184;184;193m[48;2;186;185;192m▄[38;2;185;185;193m[48;2;187;185;194m▄[38;2;185;186;194m[48;2;187;187;197m▄[38;2;187;186;194m[48;2;188;194;204m▄[38;2;189;189;197m[48;2;188;200;210m▄[38;2;189;189;198m[48;2;187;202;211m▄[38;2;189;191;199m[48;2;189;194;203m▄[38;2;187;195;204m[48;2;194;169;173m▄[38;2;179;193;203m[48;2;201;134;131m▄[38;2;169;182;193m[48;2;217;106;98m▄[38;2;186;183;190m[48;2;244;87;69m▄[0m
[38;2;186;186;197m[48;2;186;186;197m▄[38;2;200;200;213m[48;2;200;200;210m▄[38;2;188;188;200m[48;2;189;190;200m▄[38;2;179;179;189m[48;2;180;179;190m▄[38;2;162;159;164m[48;2;164;158;162m▄[38;2;184;183;189m[48;2;183;180;187m▄[38;2;184;183;191m[48;2;183;181;189m▄[38;2;185;185;193m[48;2;184;183;191m▄[38;2;186;186;194m[48;2;183;183;191m▄[38;2;190;188;198m[48;2;185;185;193m▄[38;2;193;193;202m[48;2;189;188;196m▄[38;2;195;197;207m[48;2;193;192;202m▄[38;2;196;197;206m[48;2;192;193;202m▄[38;2;197;198;208m[48;2;190;190;198m▄[38;2;195;197;209m[48;2;198;198;206m▄[38;2;194;195;205m[48;2;196;197;208m▄[38;2;207;206;218m[48;2;194;196;209m▄[38;2;199;200;212m[48;2;213;216;230m▄[38;2;212;216;228m[48;2;236;239;254m▄[38;2;238;242;255m[48;2;230;234;249m▄[38;2;236;239;254m[48;2;227;231;243m▄[38;2;233;235;252m[48;2;229;231;245m▄[38;2;232;235;250m[48;2;228;232;248m▄[38;2;232;235;248m[48;2;228;232;247m▄[38;2;231;234;249m[48;2;227;230;245m▄[38;2;232;234;250m[48;2;226;230;244m▄[38;2;233;236;250m[48;2;228;232;246m▄[38;2;240;247;255m[48;2;238;240;252m▄[38;2;103;111;125m[48;2;173;177;186m▄[38;2;16;18;22m[48;2;18;21;25m▄[38;2;10;11;10m[48;2;3;4;2m▄[38;2;14;12;15m[48;2;27;28;30m▄[38;2;25;24;27m[48;2;12;14;16m▄[38;2;38;37;42m[48;2;92;93;99m▄[38;2;209;214;234m[48;2;244;249;255m▄[38;2;235;241;255m[48;2;223;229;250m▄[38;2;228;233;254m[48;2;221;228;246m▄[38;2;229;235;253m[48;2;230;237;255m▄[38;2;187;190;208m[48;2;192;198;218m▄[38;2;176;179;193m[48;2;175;176;192m▄[38;2;171;174;186m[48;2;200;202;214m▄[38;2;203;205;217m[48;2;200;202;214m▄[38;2;201;205;216m[48;2;199;202;213m▄[38;2;200;203;214m[48;2;198;201;211m▄[38;2;197;199;211m[48;2;199;201;213m▄[38;2;197;199;212m[48;2;198;201;213m▄[38;2;194;197;207m[48;2;184;185;196m▄[38;2;185;186;195m[48;2;180;180;190m▄[38;2;183;183;194m[48;2;182;181;192m▄[38;2;183;184;196m[48;2;184;183;193m▄[38;2;185;185;197m[48;2;184;185;194m▄[38;2;185;185;197m[48;2;185;186;194m▄[38;2;185;185;196m[48;2;186;185;193m▄[38;2;185;185;196m[48;2;187;187;194m▄[38;2;185;184;196m[48;2;187;187;195m▄[38;2;184;184;196m[48;2;187;188;197m▄[38;2;185;185;196m[48;2;188;188;199m▄[38;2;186;186;195m[48;2;188;187;198m▄[38;2;188;188;198m[48;2;185;187;197m▄[38;2;205;205;218m[48;2;195;198;209m▄[0m
[38;2;195;195;207m[48;2;190;188;201m▄[38;2;232;233;246m[48;2;205;204;217m▄[38;2;218;219;232m[48;2;192;192;204m▄[38;2;197;197;210m[48;2;181;181;193m▄[38;2;181;178;187m[48;2;165;162;169m▄[38;2;213;212;223m[48;2;192;192;199m▄[38;2;212;214;226m[48;2;194;193;204m▄[38;2;214;215;226m[48;2;196;196;206m▄[38;2;218;218;229m[48;2;199;199;209m▄[38;2;218;219;231m[48;2;198;198;209m▄[38;2;217;219;230m[48;2;196;198;208m▄[38;2;218;221;230m[48;2;196;198;206m▄[38;2;216;219;229m[48;2;198;199;210m▄[38;2;215;216;229m[48;2;200;201;214m▄[38;2;222;223;236m[48;2;197;199;210m▄[38;2;222;224;237m[48;2;204;207;217m▄[38;2;220;222;233m[48;2;204;206;217m▄[38;2;219;221;230m[48;2;204;206;215m▄[38;2;219;221;231m[48;2;197;201;211m▄[38;2;213;215;227m[48;2;208;212;223m▄[38;2;222;225;242m[48;2;236;242;255m▄[38;2;243;250;255m[48;2;238;242;255m▄[38;2;240;247;255m[48;2;235;238;254m▄[38;2;245;252;255m[48;2;232;236;248m▄[38;2;240;249;255m[48;2;230;234;249m▄[38;2;216;226;244m[48;2;218;223;239m▄[38;2;153;160;170m[48;2;238;244;255m▄[38;2;21;24;28m[48;2;185;194;210m▄[38;2;11;10;8m[48;2;55;62;72m▄[38;2;25;25;24m[48;2;11;12;11m▄[38;2;31;30;32m[48;2;25;26;23m▄[38;2;35;34;39m[48;2;26;25;28m▄[38;2;27;27;33m[48;2;7;7;10m▄[38;2;19;17;22m[48;2;8;6;7m▄[38;2;6;3;8m[48;2;91;91;100m▄[38;2;134;135;146m[48;2;238;243;254m▄[38;2;246;252;255m[48;2;240;245;255m▄[38;2;137;141;156m[48;2;194;199;214m▄[38;2;207;209;225m[48;2;181;183;198m▄[38;2;187;189;206m[48;2;180;182;198m▄[38;2;182;183;199m[48;2;159;160;175m▄[38;2;178;179;193m[48;2;179;180;193m▄[38;2;197;199;211m[48;2;204;208;219m▄[38;2;218;222;234m[48;2;202;206;217m▄[38;2;220;224;236m[48;2;201;204;215m▄[38;2;220;222;236m[48;2;199;201;213m▄[38;2;219;221;236m[48;2;199;202;213m▄[38;2;220;223;236m[48;2;196;200;208m▄[38;2;217;219;231m[48;2;187;188;198m▄[38;2;204;205;220m[48;2;187;186;199m▄[38;2;201;200;216m[48;2;186;186;199m▄[38;2;201;201;216m[48;2;184;186;198m▄[38;2;201;202;216m[48;2;185;186;199m▄[38;2;199;201;215m[48;2;186;186;200m▄[38;2;199;199;215m[48;2;185;185;198m▄[38;2;199;200;217m[48;2;183;184;196m▄[38;2;200;201;219m[48;2;183;184;196m▄[38;2;202;202;219m[48;2;186;186;199m▄[38;2;203;202;218m[48;2;188;187;200m▄[38;2;220;219;235m[48;2;205;205;216m▄[0m
