[38;2;64;48;32m[48;2;61;46;28m▄[38;2;76;57;39m[48;2;67;50;34m▄[38;2;72;55;38m[48;2;63;48;32m▄[38;2;74;56;39m[48;2;65;48;34m▄[38;2;76;58;41m[48;2;67;50;34m▄[38;2;77;60;40m[48;2;67;52;36m▄[38;2;78;61;41m[48;2;69;54;36m▄[38;2;80;61;42m[48;2;71;54;38m▄[38;2;81;62;43m[48;2;73;56;36m▄[38;2;82;63;42m[48;2;73;56;38m▄[38;2;84;63;43m[48;2;75;56;38m▄[38;2;85;64;45m[48;2;75;57;38m▄[38;2;86;65;45m[48;2;77;57;40m▄[38;2;87;66;46m[48;2;79;59;42m▄[38;2;88;67;46m[48;2;79;59;42m▄[38;2;89;66;47m[48;2;79;59;42m▄[38;2;90;67;47m[48;2;81;59;40m▄[38;2;91;67;47m[48;2;81;59;40m▄[38;2;91;68;48m[48;2;81;61;40m▄[38;2;91;69;48m[48;2;81;61;42m▄[38;2;92;68;48m[48;2;83;61;42m▄[38;2;92;69;49m[48;2;83;61;42m▄[38;2;92;69;48m[48;2;83;61;42m▄[38;2;93;70;49m[48;2;83;61;42m▄[38;2;93;70;49m[48;2;83;61;42m▄[38;2;93;70;49m[48;2;83;61;42m▄[38;2;93;70;49m[48;2;83;63;42m▄[38;2;94;70;49m[48;2;84;61;42m▄[38;2;94;70;49m[48;2;84;61;42m▄[38;2;94;70;48m[48;2;83;63;44m▄[38;2;93;69;48m[48;2;83;63;42m▄[38;2;93;69;48m[48;2;83;61;42m▄[38;2;93;68;49m[48;2;84;61;42m▄[38;2;92;68;48m[48;2;83;61;42m▄[38;2;92;68;48m[48;2;83;61;42m▄[38;2;91;68;48m[48;2;81;61;42m▄[38;2;90;68;48m[48;2;81;61;42m▄[38;2;89;67;47m[48;2;79;61;42m▄[38;2;88;67;47m[48;2;79;59;42m▄[38;2;87;66;46m[48;2;77;59;40m▄[38;2;86;65;47m[48;2;77;57;40m▄[38;2;85;64;46m[48;2;77;57;40m▄[38;2;85;64;45m[48;2;77;57;40m▄[38;2;85;63;45m[48;2;75;57;40m▄[38;2;82;62;44m[48;2;75;56;38m▄[38;2;79;60;42m[48;2;75;56;38m▄[38;2;73;56;38m[48;2;75;56;40m▄[38;2;68;53;35m[48;2;69;52;38m▄[38;2;75;58;36m[48;2;71;54;38m▄[38;2;83;62;36m[48;2;79;59;40m▄[38;2;88;66;36m[48;2;86;67;44m▄[38;2;87;64;38m[48;2;90;71;46m▄[38;2;83;62;37m[48;2;88;67;42m▄[38;2;82;63;38m[48;2;86;65;40m▄[38;2;84;64;39m[48;2;83;63;38m▄[38;2;84;64;39m[48;2;81;61;38m▄[38;2;84;64;38m[48;2;81;61;38m▄[38;2;83;63;39m[48;2;79;61;38m▄[38;2;83;62;38m[48;2;79;61;38m▄[38;2;87;64;39m[48;2;84;65;40m▄[0m
[38;2;73;56;39m[48;2;69;52;37m▄[38;2;80;61;44m[48;2;75;57;41m▄[38;2;76;58;41m[48;2;71;55;39m▄[38;2;78;58;42m[48;2;73;56;40m▄[38;2;78;59;42m[48;2;74;56;39m▄[38;2;80;60;43m[48;2;75;57;40m▄[38;2;82;61;45m[48;2;77;58;41m▄[38;2;84;62;45m[48;2;78;59;42m▄[38;2;85;63;45m[48;2;79;60;43m▄[38;2;86;63;46m[48;2;82;61;44m▄[38;2;87;64;46m[48;2;82;61;44m▄[38;2;88;65;46m[48;2;84;62;44m▄[38;2;89;66;46m[48;2;85;63;44m▄[38;2;90;67;46m[48;2;85;63;44m▄[38;2;91;67;47m[48;2;86;63;45m▄[38;2;91;68;47m[48;2;87;64;45m▄[38;2;93;68;48m[48;2;87;65;45m▄[38;2;94;69;48m[48;2;88;65;46m▄[38;2;94;69;48m[48;2;89;65;46m▄[38;2;95;69;48m[48;2;90;66;46m▄[38;2;95;69;48m[48;2;90;66;47m▄[38;2;95;70;48m[48;2;91;67;46m▄[38;2;96;70;49m[48;2;91;66;47m▄[38;2;96;71;50m[48;2;91;67;48m▄[38;2;96;70;49m[48;2;92;67;48m▄[38;2;96;71;50m[48;2;91;67;47m▄[38;2;96;70;50m[48;2;92;67;48m▄[38;2;95;70;50m[48;2;91;67;48m▄[38;2;95;70;50m[48;2;91;67;47m▄[38;2;95;70;50m[48;2;91;66;48m▄[38;2;94;69;49m[48;2;90;66;48m▄[38;2;94;69;49m[48;2;89;66;48m▄[38;2;94;69;49m[48;2;89;66;48m▄[38;2;93;69;48m[48;2;88;66;47m▄[38;2;92;69;48m[48;2;88;65;47m▄[38;2;92;68;48m[48;2;87;65;46m▄[38;2;92;67;47m[48;2;87;64;46m▄[38;2;92;67;47m[48;2;86;63;45m▄[38;2;91;66;46m[48;2;85;63;45m▄[38;2;90;66;47m[48;2;85;62;46m▄[38;2;87;64;46m[48;2;85;62;45m▄[38;2;87;63;45m[48;2;83;62;45m▄[38;2;82;61;43m[48;2;83;62;45m▄[38;2;72;55;37m[48;2;81;60;43m▄[38;2;78;60;39m[48;2;75;56;38m▄[38;2;87;67;44m[48;2;74;57;36m▄[38;2;81;62;39m[48;2;73;54;35m▄[38;2;74;57;34m[48;2;74;54;33m▄[38;2;75;57;34m[48;2;74;52;30m▄[38;2;71;55;31m[48;2;75;53;30m▄[38;2;62;48;28m[48;2;80;55;27m▄[38;2;60;45;25m[48;2;80;54;27m▄[38;2;64;46;23m[48;2;75;53;31m▄[38;2;70;48;24m[48;2;71;52;31m▄[38;2;70;46;23m[48;2;64;48;27m▄[38;2;64;40;18m[48;2;62;46;25m▄[38;2;58;36;14m[48;2;60;44;24m▄[38;2;60;35;12m[48;2;58;43;24m▄[38;2;65;38;11m[48;2;56;41;22m▄[38;2;71;39;6m[48;2;56;41;21m▄[0m
[38;2;84;61;43m[48;2;78;60;43m▄[38;2;92;68;48m[48;2;86;64;46m▄[38;2;86;64;45m[48;2;81;61;43m▄[38;2;87;65;45m[48;2;83;62;44m▄[38;2;88;67;45m[48;2;84;63;44m▄[38;2;90;68;47m[48;2;86;64;45m▄[38;2;91;68;48m[48;2;87;64;46m▄[38;2;93;69;49m[48;2;88;65;47m▄[38;2;94;70;49m[48;2;89;66;47m▄[38;2;96;71;50m[48;2;90;67;48m▄[38;2;97;72;50m[48;2;92;67;48m▄[38;2;98;73;51m[48;2;93;68;49m▄[38;2;98;73;51m[48;2;94;69;49m▄[38;2;99;74;52m[48;2;95;70;49m▄[38;2;100;74;52m[48;2;96;70;49m▄[38;2;101;74;53m[48;2;97;71;50m▄[38;2;101;75;53m[48;2;97;71;50m▄[38;2;102;76;54m[48;2;98;72;51m▄[38;2;102;76;55m[48;2;98;72;51m▄[38;2;103;77;55m[48;2;99;71;52m▄[38;2;103;77;55m[48;2;99;72;53m▄[38;2;103;78;55m[48;2;99;72;53m▄[38;2;104;78;55m[48;2;99;72;53m▄[38;2;104;78;55m[48;2;99;72;53m▄[38;2;104;78;55m[48;2;100;73;53m▄[38;2;104;78;55m[48;2;99;72;52m▄[38;2;104;78;55m[48;2;99;72;51m▄[38;2;104;78;55m[48;2;99;72;51m▄[38;2;103;78;55m[48;2;99;72;51m▄[38;2;103;77;55m[48;2;99;72;51m▄[38;2;103;77;54m[48;2;99;72;52m▄[38;2;102;76;54m[48;2;98;72;51m▄[38;2;102;75;54m[48;2;97;71;50m▄[38;2;101;75;53m[48;2;98;70;50m▄[38;2;100;75;53m[48;2;97;70;50m▄[38;2;99;75;54m[48;2;97;70;50m▄[38;2;99;75;55m[48;2;96;70;50m▄[38;2;98;74;54m[48;2;95;69;50m▄[38;2;100;74;51m[48;2;94;69;49m▄[38;2;106;76;45m[48;2;93;69;48m▄[38;2;110;77;36m[48;2;98;73;49m▄[38;2;96;64;22m[48;2;95;73;46m▄[38;2;84;51;13m[48;2;79;66;43m▄[38;2;75;41;5m[48;2;80;67;43m▄[38;2;72;37;0m[48;2;93;75;48m▄[38;2;75;39;0m[48;2;94;75;49m▄[38;2;82;43;1m[48;2;84;68;44m▄[38;2;92;52;4m[48;2;82;68;46m▄[38;2;88;53;7m[48;2;78;66;43m▄[38;2;68;43;10m[48;2;65;54;34m▄[38;2;57;38;15m[48;2;63;49;29m▄[38;2;50;35;16m[48;2;62;46;25m▄[38;2;53;37;17m[48;2;57;41;20m▄[38;2;61;40;17m[48;2;54;36;13m▄[38;2;68;41;12m[48;2;62;35;8m▄[38;2;99;54;9m[48;2;73;38;3m▄[38;2;123;66;5m[48;2;87;46;2m▄[38;2;132;72;4m[48;2;104;56;3m▄[38;2;145;82;8m[48;2;110;59;4m▄[38;2;144;79;8m[48;2;118;62;6m▄[0m
[38;2;95;69;52m[48;2;90;65;46m▄[38;2;103;76;56m[48;2;96;72;52m▄[38;2;97;72;52m[48;2;91;68;47m▄[38;2;98;73;53m[48;2;93;69;48m▄[38;2;100;74;54m[48;2;94;71;50m▄[38;2;101;74;54m[48;2;95;71;51m▄[38;2;102;75;55m[48;2;97;72;51m▄[38;2;103;76;56m[48;2;98;72;52m▄[38;2;104;78;57m[48;2;99;74;53m▄[38;2;106;79;58m[48;2;100;75;53m▄[38;2;107;80;58m[48;2;102;76;54m▄[38;2;108;81;59m[48;2;102;77;54m▄[38;2;109;82;60m[48;2;103;77;55m▄[38;2;110;84;61m[48;2;104;78;56m▄[38;2;111;84;61m[48;2;105;80;57m▄[38;2;111;85;62m[48;2;106;81;58m▄[38;2;112;84;62m[48;2;107;81;58m▄[38;2;113;85;63m[48;2;108;82;59m▄[38;2;113;85;63m[48;2;108;82;59m▄[38;2;113;85;63m[48;2;108;82;59m▄[38;2;113;85;63m[48;2;108;83;59m▄[38;2;113;86;63m[48;2;108;83;59m▄[38;2;114;86;64m[48;2;109;82;59m▄[38;2;113;86;64m[48;2;109;83;59m▄[38;2;113;86;64m[48;2;109;82;59m▄[38;2;113;85;64m[48;2;109;82;59m▄[38;2;112;85;65m[48;2;109;82;59m▄[38;2;111;85;66m[48;2;108;82;59m▄[38;2;111;85;66m[48;2;108;81;59m▄[38;2;113;86;64m[48;2;107;81;59m▄[38;2;117;87;59m[48;2;106;80;59m▄[38;2;123;89;51m[48;2;105;80;61m▄[38;2;125;85;39m[48;2;105;81;61m▄[38;2;115;71;25m[48;2;107;81;60m▄[38;2;106;60;13m[48;2;109;81;56m▄[38;2;101;54;6m[48;2;110;78;49m▄[38;2;101;53;3m[48;2;109;74;39m▄[38;2;105;54;3m[48;2;106;67;27m▄[38;2;113;60;4m[48;2;102;60;16m▄[38;2;125;70;6m[48;2;98;54;9m▄[38;2;138;81;8m[48;2;92;46;3m▄[38;2;148;90;9m[48;2;95;47;1m▄[38;2;154;94;11m[48;2;106;56;3m▄[38;2;151;91;10m[48;2;118;66;5m▄[38;2;144;83;8m[48;2;127;73;7m▄[38;2;142;79;6m[48;2;131;75;7m▄[38;2;151;85;7m[48;2;128;71;5m▄[38;2;163;95;10m[48;2;125;66;4m▄[38;2;176;104;11m[48;2;123;64;3m▄[38;2;186;110;11m[48;2;131;69;4m▄[38;2;191;114;11m[48;2;137;77;7m▄[38;2;195;115;12m[48;2;140;83;12m▄[38;2;199;118;14m[48;2;105;62;12m▄[38;2;174;102;15m[48;2;79;46;13m▄[38;2;116;67;11m[48;2;76;44;12m▄[38;2;109;63;10m[48;2;82;45;10m▄[38;2;113;65;10m[48;2;116;66;8m▄[38;2;141;81;12m[48;2;155;88;9m▄[38;2;185;104;11m[48;2;162;90;9m▄[38;2;210;118;11m[48;2;180;99;10m▄[0m
[38;2;105;76;60m[48;2;99;75;54m▄[38;2;114;85;63m[48;2;108;81;59m▄[38;2;107;80;59m[48;2;101;76;56m▄[38;2;107;81;59m[48;2;103;77;56m▄[38;2;109;82;61m[48;2;104;77;56m▄[38;2;111;84;62m[48;2;105;78;57m▄[38;2;113;86;64m[48;2;107;80;59m▄[38;2;113;88;64m[48;2;108;82;60m▄[38;2;115;89;66m[48;2;110;83;61m▄[38;2;115;89;67m[48;2;111;85;62m▄[38;2;123;97;68m[48;2;111;85;63m▄[38;2;135;117;59m[48;2;111;83;64m▄[38;2;117;98;49m[48;2;114;86;66m▄[38;2;118;99;40m[48;2;116;88;69m▄[38;2;124;99;63m[48;2;116;88;67m▄[38;2;124;95;74m[48;2;117;89;67m▄[38;2;125;96;71m[48;2;117;89;67m▄[38;2;124;95;72m[48;2;117;89;68m▄[38;2;123;95;72m[48;2;118;90;68m▄[38;2;121;91;72m[48;2;119;91;68m▄[38;2;122;93;75m[48;2;120;90;68m▄[38;2;132;101;73m[48;2;117;89;68m▄[38;2;141;107;60m[48;2;116;88;70m▄[38;2;156;122;57m[48;2;115;87;70m▄[38;2;163;119;34m[48;2;117;89;71m▄[38;2;157;100;21m[48;2;120;91;67m▄[38;2;166;114;26m[48;2;124;90;58m▄[38;2;155;101;13m[48;2;132;94;50m▄[38;2;135;78;2m[48;2;137;95;39m▄[38;2;139;77;2m[48;2;134;88;26m▄[38;2;144;80;5m[48;2;129;78;14m▄[38;2;150;87;9m[48;2;124;69;5m▄[38;2;158;97;12m[48;2;119;63;2m▄[38;2;166;105;14m[48;2;117;62;2m▄[38;2;174;112;15m[48;2;121;65;5m▄[38;2;180;117;15m[48;2;133;76;8m▄[38;2;183;120;17m[48;2;149;89;11m▄[38;2;183;117;16m[48;2;161;100;12m▄[38;2;180;111;12m[48;2;168;106;12m▄[38;2;180;110;11m[48;2;170;108;13m▄[38;2;185;115;13m[48;2;168;105;12m▄[38;2;196;126;18m[48;2;163;98;9m▄[38;2;208;138;20m[48;2;162;95;8m▄[38;2;218;146;21m[48;2;169;100;10m▄[38;2;221;145;20m[48;2;182;111;14m▄[38;2;219;142;17m[48;2;195;122;16m▄[38;2;219;144;19m[48;2;204;128;16m▄[38;2;224;150;24m[48;2;207;128;15m▄[38;2;227;152;28m[48;2;207;128;15m▄[38;2;229;151;27m[48;2;209;129;17m▄[38;2;229;147;25m[48;2;215;133;20m▄[38;2;228;147;23m[48;2;218;136;22m▄[38;2;230;149;23m[48;2;220;137;21m▄[38;2;231;151;25m[48;2;226;139;21m▄[38;2;239;156;28m[48;2;210;124;16m▄[38;2;213;132;19m[48;2;147;88;12m▄[38;2;154;94;15m[48;2;140;83;10m▄[38;2;176;114;37m[48;2;152;94;23m▄[38;2;208;134;35m[48;2;206;131;37m▄[38;2;230;146;39m[48;2;221;133;24m▄[0m
[38;2;114;90;65m[48;2;110;82;61m▄[38;2;124;97;72m[48;2;119;90;67m▄[38;2;117;91;68m[48;2;111;85;63m▄[38;2;118;93;69m[48;2;112;87;64m▄[38;2;119;94;70m[48;2;114;88;65m▄[38;2;120;95;71m[48;2;115;90;66m▄[38;2;122;96;72m[48;2;117;91;68m▄[38;2;124;97;73m[48;2;119;92;69m▄[38;2;126;99;74m[48;2;120;93;70m▄[38;2;128;99;75m[48;2;120;91;70m▄[38;2;128;99;74m[48;2;130;104;71m▄[38;2;134;106;76m[48;2;169;160;72m▄[38;2;149;126;81m[48;2;187;187;99m▄[38;2;157;119;80m[48;2;128;115;31m▄[38;2;149;101;81m[48;2;103;62;39m▄[38;2;169;138;100m[48;2;119;85;68m▄[38;2;111;83;48m[48;2;121;88;68m▄[38;2;95;80;38m[48;2;132;98;75m▄[38;2;119;90;29m[48;2;141;104;72m▄[38;2;123;74;10m[48;2;168;130;70m▄[38;2;141;76;0m[48;2;179;135;47m▄[38;2;132;71;12m[48;2;200;152;46m▄[38;2;138;81;17m[48;2;200;147;36m▄[38;2;123;43;0m[48;2;209;155;40m▄[38;2;112;62;13m[48;2;176;109;8m▄[38;2;167;174;86m[48;2;124;87;9m▄[38;2;60;63;3m[48;2;99;86;17m▄[38;2;76;67;11m[48;2;125;95;26m▄[38;2;176;144;55m[48;2;176;131;39m▄[38;2;228;186;62m[48;2;195;143;30m▄[38;2;233;190;66m[48;2;196;135;17m▄[38;2;230;178;40m[48;2;192;126;18m▄[38;2;216;147;17m[48;2;194;132;20m▄[38;2;210;135;15m[48;2;199;136;21m▄[38;2;211;140;20m[48;2;199;135;20m▄[38;2;218;150;28m[48;2;196;127;16m▄[38;2;226;161;33m[48;2;193;121;13m▄[38;2;233;170;33m[48;2;198;127;16m▄[38;2;238;175;32m[48;2;208;140;22m▄[38;2;240;176;34m[48;2;219;151;26m▄[38;2;241;176;35m[48;2;227;159;27m▄[38;2;241;173;35m[48;2;232;164;27m▄[38;2;240;168;33m[48;2;233;164;27m▄[38;2;240;168;32m[48;2;232;159;25m▄[38;2;245;179;39m[48;2;231;160;26m▄[38;2;245;176;37m[48;2;236;167;33m▄[38;2;245;173;36m[48;2;238;168;34m▄[38;2;246;173;36m[48;2;238;165;32m▄[38;2;246;172;37m[48;2;237;162;30m▄[38;2;247;168;35m[48;2;238;162;30m▄[38;2;246;164;33m[48;2;239;161;30m▄[38;2;246;163;33m[48;2;240;161;30m▄[38;2;246;164;34m[48;2;240;160;30m▄[38;2;245;165;34m[48;2;239;157;28m▄[38;2;245;166;34m[48;2;239;157;29m▄[38;2;251;167;32m[48;2;243;159;29m▄[38;2;184;116;20m[48;2;170;106;17m▄[38;2;138;90;23m[48;2;164;112;45m▄[38;2;192;121;30m[48;2;208;138;49m▄[38;2;206;127;29m[48;2;228;139;25m▄[0m
[38;2;125;99;76m[48;2;120;93;71m▄[38;2;136;107;82m[48;2;130;101;76m▄[38;2;128;101;76m[48;2;121;95;71m▄[38;2;130;102;78m[48;2;122;96;72m▄[38;2;131;104;79m[48;2;125;98;74m▄[38;2;133;106;80m[48;2;127;99;75m▄[38;2;134;107;79m[48;2;128;101;74m▄[38;2;134;108;80m[48;2;130;103;75m▄[38;2;136;109;80m[48;2;131;104;76m▄[38;2;138;110;81m[48;2;133;105;78m▄[38;2;141;112;83m[48;2;135;106;77m▄[38;2;142;113;84m[48;2;136;106;79m▄[38;2;142;112;84m[48;2;135;103;78m▄[38;2;163;130;82m[48;2;129;100;79m▄[38;2;211;168;66m[48;2;145;118;90m▄[38;2;235;190;49m[48;2;198;164;93m▄[38;2;224;161;15m[48;2;208;161;29m▄[38;2;201;107;2m[48;2;182;148;43m▄[38;2;183;99;14m[48;2;174;169;85m▄[38;2;194;141;41m[48;2;89;86;29m▄[38;2;153;131;128m[48;2;65;55;40m▄[38;2;139;123;165m[48;2;41;25;52m▄[38;2;108;92;133m[48;2;50;29;44m▄[38;2;95;82;120m[48;2;46;23;28m▄[38;2;84;70;111m[48;2;41;30;16m▄[38;2;61;52;48m[48;2;69;69;26m▄[38;2;108;103;33m[48;2;43;34;2m▄[38;2;88;78;24m[48;2;33;19;5m▄[38;2;90;69;18m[48;2;151;114;51m▄[38;2;120;58;11m[48;2;202;147;45m▄[38;2;186;115;41m[48;2;221;163;48m▄[38;2;219;170;57m[48;2;232;173;50m▄[38;2;240;187;44m[48;2;239;180;46m▄[38;2;223;173;29m[48;2;240;176;43m▄[38;2;199;161;30m[48;2;246;183;44m▄[38;2;238;191;48m[48;2;244;183;40m▄[38;2;250;193;51m[48;2;243;184;39m▄[38;2;249;189;48m[48;2;245;184;40m▄[38;2;248;188;45m[48;2;246;185;41m▄[38;2;250;191;47m[48;2;246;183;43m▄[38;2;251;195;50m[48;2;245;180;40m▄[38;2;252;195;52m[48;2;245;180;39m▄[38;2;252;192;52m[48;2;247;183;41m▄[38;2;253;190;50m[48;2;249;185;43m▄[38;2;254;187;49m[48;2;249;184;44m▄[38;2;254;183;46m[48;2;250;182;44m▄[38;2;254;182;46m[48;2;251;179;43m▄[38;2;253;182;47m[48;2;251;177;41m▄[38;2;252;184;47m[48;2;251;175;40m▄[38;2;251;184;48m[48;2;251;173;41m▄[38;2;251;181;44m[48;2;251;173;40m▄[38;2;253;179;40m[48;2;251;172;39m▄[38;2;255;177;39m[48;2;251;171;37m▄[38;2;253;176;38m[48;2;249;169;35m▄[38;2;247;166;34m[48;2;248;170;35m▄[38;2;190;126;28m[48;2;248;164;30m▄[38;2;133;92;27m[48;2;160;105;25m▄[38;2;161;108;39m[48;2;155;103;30m▄[38;2;168;110;38m[48;2;179;116;37m▄[38;2;208;133;29m[48;2;174;108;31m▄[0m
[38;2;136;112;88m[48;2;131;105;80m▄[38;2;148;122;95m[48;2;142;114;88m▄[38;2;138;113;88m[48;2;134;107;82m▄[38;2;141;114;89m[48;2;137;108;85m▄[38;2;142;116;88m[48;2;137;110;84m▄[38;2;143;117;88m[48;2;139;112;84m▄[38;2;143;118;89m[48;2;139;112;84m▄[38;2;146;118;89m[48;2;140;113;84m▄[38;2;146;119;90m[48;2;142;114;86m▄[38;2;149;121;90m[48;2;145;116;86m▄[38;2;150;120;89m[48;2;146;116;86m▄[38;2;151;121;89m[48;2;147;116;86m▄[38;2;147;117;88m[48;2;142;112;86m▄[38;2;186;153;99m[48;2;200;167;102m▄[38;2;236;182;39m[48;2;242;190;31m▄[38;2;227;155;0m[48;2;220;147;0m▄[38;2;222;157;24m[48;2;210;133;15m▄[38;2;209;122;15m[48;2;206;113;16m▄[38;2;213;144;38m[48;2;217;154;53m▄[38;2;217;152;35m[48;2;220;156;18m▄[38;2;179;118;115m[48;2;162;122;95m▄[38;2;98;71;105m[48;2;115;102;145m▄[38;2;83;69;95m[48;2;160;145;163m▄[38;2;63;55;81m[48;2;145;129;151m▄[38;2;46;38;47m[48;2;119;104;138m▄[38;2;34;18;22m[48;2;95;85;63m▄[38;2;36;22;13m[48;2;200;192;83m▄[38;2;133;96;30m[48;2;185;180;77m▄[38;2;198;150;48m[48;2;158;152;45m▄[38;2;227;172;71m[48;2;171;152;88m▄[38;2;245;203;103m[48;2;173;147;120m▄[38;2;247;201;81m[48;2;153;94;81m▄[38;2;241;200;74m[48;2;162;129;61m▄[38;2;217;192;68m[48;2;146;149;51m▄[38;2;192;169;40m[48;2;112;111;12m▄[38;2;228;188;53m[48;2;188;160;32m▄[38;2;253;202;59m[48;2;246;197;54m▄[38;2;253;197;56m[48;2;254;201;57m▄[38;2;253;198;58m[48;2;253;200;56m▄[38;2;254;199;62m[48;2;252;198;54m▄[38;2;254;198;62m[48;2;253;196;54m▄[38;2;254;196;58m[48;2;253;196;56m▄[38;2;254;195;57m[48;2;254;193;55m▄[38;2;254;197;57m[48;2;254;190;53m▄[38;2;255;198;58m[48;2;255;189;53m▄[38;2;255;200;58m[48;2;254;190;53m▄[38;2;255;200;57m[48;2;254;192;53m▄[38;2;255;194;56m[48;2;254;192;53m▄[38;2;247;182;59m[48;2;255;190;50m▄[38;2;227;166;63m[48;2;255;187;47m▄[38;2;197;142;60m[48;2;255;183;44m▄[38;2;169;121;54m[48;2;247;174;44m▄[38;2;161;116;59m[48;2;224;157;42m▄[38;2;170;126;72m[48;2;204;140;41m▄[38;2;182;139;84m[48;2;165;113;38m▄[38;2;198;149;89m[48;2;135;96;36m▄[38;2;203;151;92m[48;2;158;112;50m▄[38;2;198;146;84m[48;2;172;117;52m▄[38;2;195;141;80m[48;2;188;124;44m▄[38;2;200;144;83m[48;2;202;132;46m▄[0m
[38;2;146;120;97m[48;2;142;118;93m▄[38;2;159;132;107m[48;2;154;128;102m▄[38;2;148;123;99m[48;2;144;119;95m▄[38;2;149;122;97m[48;2;146;121;95m▄[38;2;151;123;98m[48;2;147;120;94m▄[38;2;151;124;96m[48;2;147;122;93m▄[38;2;152;125;96m[48;2;148;122;93m▄[38;2;154;125;96m[48;2;150;122;93m▄[38;2;157;127;96m[48;2;152;124;94m▄[38;2;157;126;95m[48;2;153;124;93m▄[38;2;159;128;93m[48;2;155;125;92m▄[38;2;161;129;92m[48;2;155;125;91m▄[38;2;163;130;92m[48;2;156;125;90m▄[38;2;161;128;91m[48;2;165;132;94m▄[38;2;185;151;97m[48;2;226;183;81m▄[38;2;226;186;89m[48;2;235;180;32m▄[38;2;228;167;13m[48;2;228;164;9m▄[38;2;226;140;0m[48;2;222;149;31m▄[38;2;184;125;103m[48;2;192;104;10m▄[38;2;145;125;170m[48;2;147;69;56m▄[38;2;110;93;127m[48;2;181;98;116m▄[38;2;82;52;90m[48;2;185;81;92m▄[38;2;100;51;81m[48;2;152;35;49m▄[38;2;108;49;62m[48;2;135;40;45m▄[38;2;75;15;7m[48;2;90;19;14m▄[38;2;107;44;5m[48;2;80;47;20m▄[38;2;192;115;32m[48;2;148;93;26m▄[38;2;189;125;35m[48;2;208;143;42m▄[38;2;196;133;47m[48;2;209;146;36m▄[38;2;249;211;101m[48;2;241;194;77m▄[38;2;253;209;72m[48;2;255;224;97m▄[38;2;252;213;80m[48;2;255;224;75m▄[38;2;252;209;69m[48;2;255;213;59m▄[38;2;253;207;70m[48;2;255;206;61m▄[38;2;254;209;75m[48;2;255;205;64m▄[38;2;254;208;74m[48;2;255;206;67m▄[38;2;254;205;66m[48;2;253;204;68m▄[38;2;254;203;60m[48;2;254;203;69m▄[38;2;254;206;61m[48;2;254;201;64m▄[38;2;255;210;66m[48;2;254;200;60m▄[38;2;255;210;70m[48;2;254;200;59m▄[38;2;252;202;72m[48;2;255;202;60m▄[38;2;242;188;73m[48;2;255;206;63m▄[38;2;228;170;75m[48;2;255;206;65m▄[38;2;214;153;77m[48;2;254;199;65m▄[38;2;204;143;79m[48;2;243;185;63m▄[38;2;201;140;81m[48;2;226;166;67m▄[38;2;203;143;82m[48;2;209;150;76m▄[38;2;206;146;82m[48;2;197;144;88m▄[38;2;207;146;80m[48;2;190;141;93m▄[38;2;207;147;82m[48;2;189;140;94m▄[38;2;206;146;81m[48;2;192;142;91m▄[38;2;202;142;77m[48;2;201;147;91m▄[38;2;199;138;73m[48;2;206;152;96m▄[38;2;197;134;69m[48;2;207;153;95m▄[38;2;194;130;66m[48;2;206;150;90m▄[38;2;191;128;66m[48;2;203;146;83m▄[38;2;188;126;64m[48;2;201;141;78m▄[38;2;184;123;62m[48;2;196;136;74m▄[38;2;195;128;66m[48;2;208;142;75m▄[0m
[38;2;153;127;105m[48;2;150;123;99m▄[38;2;166;138;113m[48;2;161;133;108m▄[38;2;154;127;105m[48;2;150;125;102m▄[38;2;153;127;104m[48;2;152;125;100m▄[38;2;156;128;102m[48;2;153;126;99m▄[38;2;156;127;98m[48;2;154;126;98m▄[38;2;158;127;99m[48;2;156;127;98m▄[38;2;158;128;99m[48;2;157;127;99m▄[38;2;159;129;97m[48;2;159;129;97m▄[38;2;165;132;98m[48;2;160;130;97m▄[38;2;173;138;101m[48;2;164;131;96m▄[38;2;179;142;102m[48;2;167;133;96m▄[38;2;181;145;104m[48;2;167;133;96m▄[38;2;181;145;104m[48;2;169;135;95m▄[38;2;178;142;99m[48;2;166;133;94m▄[38;2;186;147;100m[48;2;179;143;99m▄[38;2;160;130;149m[48;2;205;165;83m▄[38;2;99;77;142m[48;2;177;131;71m▄[38;2;56;38;78m[48;2;144;116;153m▄[38;2;25;11;25m[48;2;142;115;146m▄[38;2;78;50;32m[48;2;130;109;145m▄[38;2;148;98;65m[48;2;78;61;124m▄[38;2;127;91;96m[48;2;62;50;102m▄[38;2;95;71;107m[48;2;56;47;72m▄[38;2;77;57;104m[48;2;50;40;45m▄[38;2;75;57;97m[48;2;40;24;20m▄[38;2;52;33;51m[48;2;81;48;12m▄[38;2;94;72;45m[48;2;96;45;5m▄[38;2;218;174;60m[48;2;199;146;53m▄[38;2;255;216;78m[48;2;252;202;71m▄[38;2;254;220;100m[48;2;251;203;72m▄[38;2;253;211;72m[48;2;252;205;63m▄[38;2;255;211;68m[48;2;253;211;76m▄[38;2;255;213;74m[48;2;253;207;68m▄[38;2;254;213;81m[48;2;253;205;62m▄[38;2;249;206;84m[48;2;255;208;61m▄[38;2;240;193;90m[48;2;255;212;69m▄[38;2;232;179;92m[48;2;255;212;76m▄[38;2;225;170;95m[48;2;250;205;81m▄[38;2;223;166;96m[48;2;242;191;81m▄[38;2;223;166;95m[48;2;230;174;83m▄[38;2;224;167;91m[48;2;221;162;88m▄[38;2;224;167;88m[48;2;215;155;89m▄[38;2;223;166;86m[48;2;214;155;89m▄[38;2;222;164;83m[48;2;216;158;88m▄[38;2;220;161;80m[48;2;218;159;85m▄[38;2;220;160;79m[48;2;217;158;82m▄[38;2;218;157;76m[48;2;217;157;81m▄[38;2;216;154;74m[48;2;216;153;78m▄[38;2;212;150;74m[48;2;213;151;75m▄[38;2;209;146;74m[48;2;211;147;74m▄[38;2;205;142;71m[48;2;207;144;72m▄[38;2;201;138;68m[48;2;203;141;69m▄[38;2;195;133;67m[48;2;199;136;67m▄[38;2;191;129;66m[48;2;194;132;67m▄[38;2;188;125;64m[48;2;190;127;65m▄[38;2;183;122;63m[48;2;186;124;62m▄[38;2;178;119;62m[48;2;182;120;60m▄[38;2;174;115;60m[48;2;178;117;60m▄[38;2;184;121;64m[48;2;189;122;63m▄[0m
[38;2;161;135;112m[48;2;159;131;110m▄[38;2;175;146;123m[48;2;172;143;119m▄[38;2;162;136;114m[48;2;158;133;109m▄[38;2;162;136;114m[48;2;158;133;109m▄[38;2;162;136;113m[48;2;159;132;108m▄[38;2;162;136;112m[48;2;159;130;104m▄[38;2;163;136;112m[48;2;159;130;102m▄[38;2;168;139;112m[48;2;159;129;99m▄[38;2;150;122;97m[48;2;164;132;101m▄[38;2;68;56;42m[48;2;168;134;99m▄[38;2;18;16;12m[48;2;130;103;75m▄[38;2;42;38;35m[48;2;91;72;52m▄[38;2;45;40;36m[48;2;105;83;58m▄[38;2;33;27;21m[48;2;139;109;75m▄[38;2;137;111;82m[48;2;180;141;96m▄[38;2;145;105;73m[48;2;176;136;89m▄[38;2;75;45;17m[48;2;117;100;95m▄[38;2;126;89;46m[48;2;73;55;77m▄[38;2;184;141;91m[48;2;98;72;67m▄[38;2;184;141;93m[48;2;126;95;66m▄[38;2;181;138;90m[48;2;201;156;91m▄[38;2;186;139;87m[48;2;211;158;61m▄[38;2;197;149;85m[48;2;221;168;55m▄[38;2;230;180;70m[48;2;217;167;64m▄[38;2;240;182;41m[48;2;186;127;48m▄[38;2;200;148;73m[48;2;164;98;67m▄[38;2;105;76;120m[48;2;135;94;136m▄[38;2;102;76;125m[48;2;127;97;116m▄[38;2;128;102;152m[48;2;132;99;99m▄[38;2;124;96;165m[48;2;200;167;110m▄[38;2;199;154;117m[48;2;247;209;92m▄[38;2;235;179;84m[48;2;251;212;89m▄[38;2;226;169;88m[48;2;247;204;91m▄[38;2;226;169;91m[48;2;239;190;91m▄[38;2;228;171;91m[48;2;232;179;94m▄[38;2;229;173;90m[48;2;227;171;95m▄[38;2;229;173;89m[48;2;226;169;95m▄[38;2;228;172;86m[48;2;226;170;93m▄[38;2;227;171;84m[48;2;226;171;89m▄[38;2;227;171;85m[48;2;227;171;88m▄[38;2;226;169;83m[48;2;227;169;85m▄[38;2;224;167;82m[48;2;225;168;84m▄[38;2;222;165;83m[48;2;223;167;83m▄[38;2;220;162;81m[48;2;223;165;83m▄[38;2;217;159;80m[48;2;220;162;80m▄[38;2;215;156;79m[48;2;218;160;78m▄[38;2;212;153;78m[48;2;218;157;77m▄[38;2;210;150;77m[48;2;215;153;74m▄[38;2;207;146;76m[48;2;212;150;74m▄[38;2;203;143;74m[48;2;209;146;73m▄[38;2;200;140;74m[48;2;205;142;71m▄[38;2;196;137;73m[48;2;202;139;70m▄[38;2;192;132;72m[48;2;197;135;69m▄[38;2;187;129;71m[48;2;192;131;68m▄[38;2;183;127;70m[48;2;187;127;66m▄[38;2;179;123;69m[48;2;184;123;65m▄[38;2;174;120;70m[48;2;178;121;65m▄[38;2;170;117;69m[48;2;173;117;64m▄[38;2;166;115;67m[48;2;170;114;63m▄[38;2;176;121;72m[48;2;179;121;69m▄[0m
[38;2;153;127;106m[48;2;163;135;114m▄[38;2;168;139;116m[48;2;176;146;124m▄[38;2;158;131;110m[48;2;164;137;116m▄[38;2;159;132;111m[48;2;164;137;116m▄[38;2;161;134;112m[48;2;166;138;116m▄[38;2;163;137;114m[48;2;166;139;117m▄[38;2;164;139;116m[48;2;166;139;117m▄[38;2;166;140;117m[48;2;170;142;119m▄[38;2;174;144;118m[48;2;153;127;105m▄[38;2;170;148;154m[48;2;109;94;92m▄[38;2;162;147;171m[48;2;67;62;60m▄[38;2;121;108;128m[48;2;60;56;48m▄[38;2;188;148;123m[48;2;71;62;53m▄[38;2;214;153;98m[48;2;139;108;85m▄[38;2;223;153;103m[48;2;170;116;81m▄[38;2;196;156;129m[48;2;160;123;93m▄[38;2;161;132;107m[48;2;146;112;82m▄[38;2;163;130;104m[48;2;156;119;84m▄[38;2;163;129;99m[48;2;157;123;86m▄[38;2;164;128;94m[48;2;168;131;93m▄[38;2;167;129;90m[48;2;182;140;100m▄[38;2;174;132;90m[48;2;193;150;105m▄[38;2;181;138;91m[48;2;203;158;108m▄[38;2;189;143;96m[48;2;215;171;110m▄[38;2;196;149;98m[48;2;227;180;110m▄[38;2;207;158;100m[48;2;219;177;128m▄[38;2;139;104;61m[48;2;137;117;138m▄[38;2;132;97;55m[48;2;98;82;128m▄[38;2;180;136;95m[48;2;115;93;141m▄[38;2;199;144;84m[48;2;160;125;156m▄[38;2;210;158;93m[48;2;219;172;121m▄[38;2;220;173;111m[48;2;233;182;104m▄[38;2;225;180;116m[48;2;231;181;107m▄[38;2;225;179;114m[48;2;230;181;106m▄[38;2;226;179;110m[48;2;230;181;105m▄[38;2;226;178;108m[48;2;230;181;104m▄[38;2;224;177;106m[48;2;229;179;100m▄[38;2;223;175;105m[48;2;228;177;98m▄[38;2;222;173;104m[48;2;227;175;97m▄[38;2;220;171;103m[48;2;226;173;96m▄[38;2;217;168;100m[48;2;224;171;94m▄[38;2;215;165;98m[48;2;221;168;92m▄[38;2;213;162;96m[48;2;219;164;90m▄[38;2;210;159;93m[48;2;216;161;88m▄[38;2;207;156;91m[48;2;214;159;87m▄[38;2;206;153;89m[48;2;212;157;86m▄[38;2;202;150;89m[48;2;209;153;85m▄[38;2;199;147;88m[48;2;206;149;84m▄[38;2;196;144;85m[48;2;203;146;83m▄[38;2;193;141;83m[48;2;199;143;81m▄[38;2;190;137;82m[48;2;196;139;80m▄[38;2;186;135;82m[48;2;191;136;79m▄[38;2;183;132;81m[48;2;188;133;78m▄[38;2;180;130;81m[48;2;183;130;77m▄[38;2;177;127;80m[48;2;179;127;77m▄[38;2;172;123;78m[48;2;176;124;75m▄[38;2;168;121;78m[48;2;172;121;74m▄[38;2;165;119;78m[48;2;168;118;74m▄[38;2;162;116;77m[48;2;165;115;73m▄[38;2;174;124;83m[48;2;175;122;78m▄[0m
[38;2;153;127;106m[48;2;150;121;101m▄[38;2;166;137;114m[48;2;162;132;110m▄[38;2;154;127;107m[48;2;149;122;101m▄[38;2;154;126;107m[48;2;150;123;102m▄[38;2;154;126;107m[48;2;150;124;102m▄[38;2;153;127;107m[48;2;151;124;102m▄[38;2;153;126;107m[48;2;153;127;105m▄[38;2;152;125;106m[48;2;156;129;106m▄[38;2;152;125;106m[48;2;158;131;105m▄[38;2;155;127;107m[48;2;161;135;137m▄[38;2;145;120;114m[48;2;132;102;132m▄[38;2;123;102;107m[48;2;66;39;81m▄[38;2;75;60;90m[48;2;101;74;103m▄[38;2;63;48;99m[48;2;119;92;99m▄[38;2;146;116;117m[48;2;170;143;129m▄[38;2;164;131;102m[48;2;171;140;114m▄[38;2;162;129;102m[48;2;170;138;113m▄[38;2;163;130;103m[48;2;171;139;115m▄[38;2;164;130;104m[48;2;173;140;115m▄[38;2;164;131;105m[48;2;174;140;114m▄[38;2;166;134;106m[48;2;174;140;112m▄[38;2;167;135;106m[48;2;173;139;109m▄[38;2;168;134;105m[48;2;174;138;107m▄[38;2;168;134;104m[48;2;175;137;104m▄[38;2;169;134;102m[48;2;176;137;101m▄[38;2;167;132;98m[48;2;173;132;96m▄[38;2;170;135;100m[48;2;143;101;71m▄[38;2;172;136;102m[48;2;163;113;75m▄[38;2;173;133;96m[48;2;171;124;84m▄[38;2;179;137;97m[48;2;159;112;74m▄[38;2;186;143;99m[48;2;167;116;70m▄[38;2;191;144;97m[48;2;198;146;89m▄[38;2;194;145;94m[48;2;210;159;98m▄[38;2;197;147;94m[48;2;210;159;95m▄[38;2;197;148;93m[48;2;211;159;93m▄[38;2;199;149;93m[48;2;211;158;92m▄[38;2;200;150;93m[48;2;211;158;92m▄[38;2;200;151;94m[48;2;210;158;91m▄[38;2;200;151;94m[48;2;209;157;92m▄[38;2;199;150;93m[48;2;208;157;92m▄[38;2;198;148;93m[48;2;207;155;91m▄[38;2;196;147;94m[48;2;205;152;89m▄[38;2;195;147;94m[48;2;203;150;88m▄[38;2;194;145;94m[48;2;201;149;88m▄[38;2;192;144;92m[48;2;199;147;88m▄[38;2;190;142;91m[48;2;196;145;86m▄[38;2;189;140;91m[48;2;195;143;86m▄[38;2;186;139;91m[48;2;192;142;86m▄[38;2;185;138;92m[48;2;189;139;85m▄[38;2;183;137;92m[48;2;187;137;86m▄[38;2;180;135;90m[48;2;185;135;86m▄[38;2;176;132;89m[48;2;181;133;86m▄[38;2;174;130;89m[48;2;178;131;85m▄[38;2;171;127;88m[48;2;176;128;84m▄[38;2;169;125;87m[48;2;172;126;83m▄[38;2;167;124;86m[48;2;169;123;83m▄[38;2;165;122;86m[48;2;166;121;82m▄[38;2;164;121;87m[48;2;165;120;82m▄[38;2;162;122;87m[48;2;163;120;84m▄[38;2;174;131;93m[48;2;174;128;90m▄[0m
[38;2;148;123;103m[48;2;153;129;108m▄[38;2;162;135;113m[48;2;166;138;116m▄[38;2;150;125;105m[48;2;155;129;109m▄[38;2;151;126;106m[48;2;156;129;110m▄[38;2;152;127;108m[48;2;156;131;111m▄[38;2;152;126;109m[48;2;157;132;112m▄[38;2;154;128;111m[48;2;157;131;113m▄[38;2;154;128;112m[48;2;156;130;114m▄[38;2;155;129;113m[48;2;155;129;114m▄[38;2;156;129;115m[48;2;151;126;112m▄[38;2;155;129;115m[48;2;151;127;111m▄[38;2;155;129;114m[48;2;164;135;116m▄[38;2;160;134;115m[48;2;139;108;91m▄[38;2;163;137;116m[48;2;130;93;74m▄[38;2;164;134;114m[48;2;166;127;100m▄[38;2;166;133;112m[48;2;166;134;111m▄[38;2;166;134;112m[48;2;164;131;107m▄[38;2;165;133;111m[48;2;164;131;105m▄[38;2;165;133;111m[48;2;164;131;105m▄[38;2;165;133;111m[48;2;164;131;105m▄[38;2;166;133;110m[48;2;163;132;105m▄[38;2;167;133;110m[48;2;164;131;104m▄[38;2;166;134;110m[48;2;163;129;101m▄[38;2;166;133;108m[48;2;161;128;98m▄[38;2;167;134;108m[48;2;161;127;95m▄[38;2;167;135;107m[48;2;161;127;93m▄[38;2;168;134;108m[48;2;161;126;92m▄[38;2;170;135;108m[48;2;163;126;92m▄[38;2;171;137;108m[48;2;167;129;93m▄[38;2;173;138;107m[48;2;169;130;94m▄[38;2;176;139;104m[48;2;173;132;92m▄[38;2;179;140;103m[48;2;178;133;91m▄[38;2;181;141;102m[48;2;181;136;91m▄[38;2;182;141;102m[48;2;183;138;92m▄[38;2;182;142;102m[48;2;185;139;93m▄[38;2;182;142;101m[48;2;187;140;92m▄[38;2;183;142;101m[48;2;188;141;92m▄[38;2;184;142;100m[48;2;188;141;92m▄[38;2;183;141;99m[48;2;188;142;93m▄[38;2;183;141;100m[48;2;187;141;93m▄[38;2;184;142;100m[48;2;188;142;94m▄[38;2;184;143;101m[48;2;188;143;95m▄[38;2;183;142;101m[48;2;186;141;95m▄[38;2;181;141;99m[48;2;185;140;95m▄[38;2;179;139;99m[48;2;184;139;94m▄[38;2;179;138;99m[48;2;182;138;93m▄[38;2;178;137;97m[48;2;181;136;92m▄[38;2;176;135;97m[48;2;179;135;92m▄[38;2;174;134;97m[48;2;177;134;93m▄[38;2;172;133;97m[48;2;176;133;92m▄[38;2;171;133;96m[48;2;174;132;92m▄[38;2;170;132;96m[48;2;172;130;90m▄[38;2;170;132;96m[48;2;170;129;90m▄[38;2;167;130;95m[48;2;168;128;90m▄[38;2;166;128;93m[48;2;166;127;89m▄[38;2;165;126;92m[48;2;165;125;88m▄[38;2;163;127;92m[48;2;164;124;88m▄[38;2;163;127;93m[48;2;164;124;89m▄[38;2;163;126;93m[48;2;163;124;88m▄[38;2;176;136;103m[48;2;176;134;97m▄[0m
[38;2;138;114;95m[48;2;144;118;101m▄[38;2;162;134;112m[48;2;156;129;109m▄[38;2;152;127;104m[48;2;146;121;101m▄[38;2;153;128;106m[48;2;147;122;102m▄[38;2;154;129;106m[48;2;148;122;104m▄[38;2;154;129;108m[48;2;148;122;105m▄[38;2;155;130;108m[48;2;149;123;106m▄[38;2;156;130;108m[48;2;149;123;106m▄[38;2;157;130;109m[48;2;150;124;107m▄[38;2;157;130;109m[48;2;150;124;108m▄[38;2;157;130;109m[48;2;149;123;107m▄[38;2;157;130;109m[48;2;149;123;106m▄[38;2;159;131;110m[48;2;151;124;108m▄[38;2;160;132;110m[48;2;152;125;107m▄[38;2;162;133;110m[48;2;155;127;106m▄[38;2;165;135;111m[48;2;158;129;107m▄[38;2;166;136;112m[48;2;159;130;108m▄[38;2;166;136;112m[48;2;160;130;109m▄[38;2;166;136;112m[48;2;160;130;109m▄[38;2;167;137;113m[48;2;161;131;110m▄[38;2;167;137;113m[48;2;161;132;110m▄[38;2;168;137;113m[48;2;162;132;108m▄[38;2;169;138;113m[48;2;163;133;109m▄[38;2;170;138;114m[48;2;164;133;109m▄[38;2;172;140;115m[48;2;164;133;108m▄[38;2;174;141;114m[48;2;166;133;107m▄[38;2;175;141;114m[48;2;167;134;107m▄[38;2;176;142;113m[48;2;168;135;108m▄[38;2;179;144;114m[48;2;171;137;108m▄[38;2;181;147;115m[48;2;173;139;107m▄[38;2;184;148;117m[48;2;175;139;106m▄[38;2;186;148;116m[48;2;176;140;107m▄[38;2;186;148;115m[48;2;177;141;106m▄[38;2;186;147;113m[48;2;178;142;106m▄[38;2;187;149;113m[48;2;178;141;105m▄[38;2;188;149;113m[48;2;180;142;105m▄[38;2;187;150;112m[48;2;180;142;105m▄[38;2;188;150;113m[48;2;180;143;105m▄[38;2;188;150;113m[48;2;180;143;105m▄[38;2;188;150;113m[48;2;181;143;105m▄[38;2;189;150;112m[48;2;181;143;105m▄[38;2;189;150;112m[48;2;181;143;105m▄[38;2;189;150;112m[48;2;181;142;105m▄[38;2;189;150;112m[48;2;180;142;104m▄[38;2;188;150;112m[48;2;178;141;103m▄[38;2;187;149;112m[48;2;177;140;103m▄[38;2;186;149;111m[48;2;176;138;102m▄[38;2;186;149;111m[48;2;176;138;102m▄[38;2;186;147;110m[48;2;173;136;101m▄[38;2;185;146;110m[48;2;171;135;101m▄[38;2;183;145;111m[48;2;171;135;101m▄[38;2;184;146;112m[48;2;171;133;100m▄[38;2;183;145;111m[48;2;168;132;99m▄[38;2;182;143;110m[48;2;167;130;97m▄[38;2;182;144;111m[48;2;167;130;98m▄[38;2;180;143;111m[48;2;166;130;98m▄[38;2;181;144;112m[48;2;165;130;100m▄[38;2;182;145;114m[48;2;165;130;100m▄[38;2;183;146;116m[48;2;164;130;100m▄[38;2;198;158;125m[48;2;178;141;109m▄[0m
