[38;2;220;197;169m[48;2;216;208;191m▄[38;2;255;226;175m[48;2;194;188;171m▄[38;2;143;132;105m[48;2;114;108;95m▄[38;2;107;101;84m[48;2;159;159;138m▄[38;2;143;135;110m[48;2;171;171;152m▄[38;2;166;155;133m[48;2;157;146;125m▄[38;2;188;172;146m[48;2;165;150;125m▄[38;2;190;173;147m[48;2;173;157;135m▄[38;2;192;178;153m[48;2;171;154;131m▄[38;2;200;188;162m[48;2;171;157;133m▄[38;2;255;253;230m[48;2;232;218;192m▄[38;2;255;255;243m[48;2;253;243;222m▄[38;2;214;203;182m[48;2;216;207;194m▄[38;2;210;196;172m[48;2;205;199;180m▄[38;2;236;225;202m[48;2;239;232;205m▄[38;2;253;245;223m[48;2;253;245;226m▄[38;2;221;215;204m[48;2;220;213;203m▄[38;2;242;238;231m[48;2;228;224;216m▄[38;2;255;255;255m[48;2;245;243;239m▄[38;2;255;255;255m[48;2;254;254;254m▄[38;2;255;255;255m[48;2;254;254;253m▄[38;2;255;255;255m[48;2;254;254;253m▄[38;2;255;255;255m[48;2;253;253;245m▄[38;2;255;255;255m[48;2;254;254;251m▄[38;2;255;255;255m[48;2;254;254;254m▄[38;2;255;255;255m[48;2;254;254;254m▄[38;2;255;255;255m[48;2;253;251;241m▄[38;2;255;255;248m[48;2;251;245;234m▄[38;2;255;255;255m[48;2;254;253;247m▄[38;2;255;255;255m[48;2;251;245;230m▄[38;2;255;255;240m[48;2;249;239;224m▄[38;2;255;255;250m[48;2;251;247;235m▄[38;2;255;255;255m[48;2;249;245;232m▄[38;2;255;255;255m[48;2;251;245;232m▄[38;2;253;238;224m[48;2;234;226;218m▄[38;2;246;229;218m[48;2;237;230;234m▄[38;2;231;220;203m[48;2;224;213;207m▄[38;2;209;190;162m[48;2;186;173;152m▄[38;2;153;136;111m[48;2;178;173;161m▄[38;2;149;139;110m[48;2;184;175;159m▄[38;2;155;154;118m[48;2;161;156;135m▄[38;2;131;128;110m[48;2;116;110;100m▄[38;2;101;99;93m[48;2;89;91;85m▄[38;2;153;135;121m[48;2;142;127;112m▄[38;2;255;216;188m[48;2;249;207;180m▄[38;2;255;228;200m[48;2;254;218;194m▄[38;2;255;224;198m[48;2;254;215;192m▄[38;2;255;222;196m[48;2;254;211;186m▄[38;2;255;218;192m[48;2;254;209;182m▄[38;2;255;208;182m[48;2;247;197;167m▄[38;2;242;193;165m[48;2;234;178;150m▄[38;2;194;177;160m[48;2;184;167;154m▄[38;2;145;143;136m[48;2;137;137;131m▄[38;2;143;139;133m[48;2;131;127;121m▄[38;2;153;149;141m[48;2;142;138;131m▄[38;2;159;152;142m[48;2;148;142;133m▄[38;2;130;122;111m[48;2;121;114;104m▄[38;2;62;55;45m[48;2;58;51;41m▄[38;2;46;39;32m[48;2;41;34;28m▄[38;2;61;53;44m[48;2;55;47;39m▄[0m
[38;2;223;210;181m[48;2;215;183;144m▄[38;2;250;240;206m[48;2;245;203;144m▄[38;2;158;153;119m[48;2;144;137;105m▄[38;2;91;77;57m[48;2;74;65;49m▄[38;2;177;160;134m[48;2;166;145;116m▄[38;2;237;235;216m[48;2;232;219;196m▄[38;2;185;177;158m[48;2;213;198;171m▄[38;2;231;225;211m[48;2;221;209;187m▄[38;2;251;248;237m[48;2;238;232;216m▄[38;2;245;236;218m[48;2;234;224;203m▄[38;2;255;252;243m[48;2;255;252;242m▄[38;2;247;242;232m[48;2;251;247;239m▄[38;2;170;160;144m[48;2;190;177;155m▄[38;2;171;160;146m[48;2;153;137;114m▄[38;2;190;180;166m[48;2;162;152;137m▄[38;2;211;203;190m[48;2;206;197;181m▄[38;2;216;210;198m[48;2;199;194;184m▄[38;2;226;225;218m[48;2;228;226;222m▄[38;2;247;246;243m[48;2;245;245;241m▄[38;2;255;255;251m[48;2;253;252;246m▄[38;2;252;249;239m[48;2;246;244;238m▄[38;2;253;249;236m[48;2;249;245;235m▄[38;2;250;244;227m[48;2;241;239;230m▄[38;2;255;253;243m[48;2;254;250;240m▄[38;2;253;249;238m[48;2;243;240;230m▄[38;2;254;252;245m[48;2;250;248;241m▄[38;2;250;245;233m[48;2;252;247;237m▄[38;2;247;241;226m[48;2;246;240;225m▄[38;2;255;252;243m[48;2;254;254;249m▄[38;2;248;240;223m[48;2;251;251;246m▄[38;2;241;233;216m[48;2;243;237;222m▄[38;2;252;247;234m[48;2;249;244;230m▄[38;2;255;250;235m[48;2;254;251;244m▄[38;2;255;249;234m[48;2;250;247;236m▄[38;2;225;205;187m[48;2;232;208;188m▄[38;2;212;188;159m[48;2;227;194;161m▄[38;2;212;201;178m[48;2;214;199;170m▄[38;2;201;187;166m[48;2;197;180;155m▄[38;2;145;141;114m[48;2;141;126;91m▄[38;2;113;114;89m[48;2;139;142;95m▄[38;2;122;110;93m[48;2;143;143;103m▄[38;2;152;142;132m[48;2;136;126;111m▄[38;2;169;168;164m[48;2;113;112;107m▄[38;2;155;136;122m[48;2;148;129;115m▄[38;2;205;170;150m[48;2;239;198;174m▄[38;2;206;173;153m[48;2;247;207;181m▄[38;2;205;171;150m[48;2;243;200;176m▄[38;2;206;173;152m[48;2;241;196;171m▄[38;2;208;173;152m[48;2;237;192;167m▄[38;2;205;164;142m[48;2;232;186;161m▄[38;2;198;159;139m[48;2;215;173;149m▄[38;2;165;156;146m[48;2;168;155;139m▄[38;2;147;148;144m[48;2;131;129;120m▄[38;2;140;136;131m[48;2;137;132;126m▄[38;2;137;133;127m[48;2;143;138;132m▄[38;2;137;132;125m[48;2;147;140;131m▄[38;2;111;105;94m[48;2;121;113;102m▄[38;2;52;46;37m[48;2;58;51;42m▄[38;2;34;28;24m[48;2;44;38;31m▄[38;2;58;50;39m[48;2;56;49;40m▄[0m
[38;2;180;172;155m[48;2;228;225;202m▄[38;2;150;143;116m[48;2;213;206;173m▄[38;2;142;133;98m[48;2;147;138;101m▄[38;2;122;104;78m[48;2;108;90;66m▄[38;2;198;175;141m[48;2;178;162;131m▄[38;2;198;189;161m[48;2;225;228;209m▄[38;2;170;167;151m[48;2;136;138;125m▄[38;2;215;209;197m[48;2;201;195;184m▄[38;2;239;234;223m[48;2;236;233;222m▄[38;2;231;225;211m[48;2;234;225;209m▄[38;2;239;225;200m[48;2;254;249;232m▄[38;2;209;197;179m[48;2;244;237;225m▄[38;2;170;161;147m[48;2;169;160;142m▄[38;2;195;186;169m[48;2;207;197;179m▄[38;2;221;213;201m[48;2;239;231;219m▄[38;2;226;218;206m[48;2;221;215;203m▄[38;2;183;177;164m[48;2;211;205;192m▄[38;2;175;168;153m[48;2;210;207;195m▄[38;2;232;226;213m[48;2;240;238;231m▄[38;2;255;255;250m[48;2;255;255;255m▄[38;2;247;247;239m[48;2;255;254;249m▄[38;2;252;251;243m[48;2;255;254;248m▄[38;2;241;239;226m[48;2;250;246;231m▄[38;2;248;246;236m[48;2;255;255;249m▄[38;2;246;245;234m[48;2;253;252;244m▄[38;2;253;252;243m[48;2;255;255;249m▄[38;2;249;242;229m[48;2;251;244;232m▄[38;2;243;236;220m[48;2;245;239;223m▄[38;2;252;250;243m[48;2;250;247;235m▄[38;2;246;243;235m[48;2;240;233;218m▄[38;2;212;195;177m[48;2;249;241;225m▄[38;2;159;135;116m[48;2;246;235;217m▄[38;2;115;88;71m[48;2;200;180;158m▄[38;2;103;80;66m[48;2;186;168;146m▄[38;2;104;85;73m[48;2;215;193;172m▄[38;2;119;98;82m[48;2;196;176;156m▄[38;2;172;163;147m[48;2;182;176;162m▄[38;2;209;197;179m[48;2;204;191;171m▄[38;2;140;132;117m[48;2;157;155;130m▄[38;2;117;107;93m[48;2;119;115;97m▄[38;2;127;112;93m[48;2;127;116;101m▄[38;2;116;100;81m[48;2;153;140;126m▄[38;2;104;90;74m[48;2;167;156;144m▄[38;2;100;88;73m[48;2;160;146;131m▄[38;2;120;105;86m[48;2;152;137;121m▄[38;2;130;114;93m[48;2;151;137;120m▄[38;2;128;111;91m[48;2;163;148;130m▄[38;2;124;107;87m[48;2;164;149;131m▄[38;2;124;107;85m[48;2;169;153;135m▄[38;2;120;103;83m[48;2;168;150;132m▄[38;2;120;104;84m[48;2;175;156;138m▄[38;2;119;102;81m[48;2;173;161;148m▄[38;2;117;99;78m[48;2;181;174;165m▄[38;2;119;101;81m[48;2;178;169;160m▄[38;2;115;97;78m[48;2;159;149;137m▄[38;2;109;92;74m[48;2;157;146;134m▄[38;2;106;92;76m[48;2;129;119;108m▄[38;2;173;160;139m[48;2;89;79;64m▄[38;2;191;176;150m[48;2;88;77;59m▄[38;2;167;152;116m[48;2;167;152;111m▄[0m
[38;2;195;178;153m[48;2;176;161;146m▄[38;2;178;163;124m[48;2;134;124;95m▄[38;2;131;127;99m[48;2;126;120;87m▄[38;2;66;62;51m[48;2;90;82;66m▄[38;2;186;179;160m[48;2;214;206;182m▄[38;2;152;151;136m[48;2;210;204;181m▄[38;2;141;140;127m[48;2;168;161;139m▄[38;2;160;152;136m[48;2;232;225;210m▄[38;2;195;188;171m[48;2;249;244;232m▄[38;2;231;221;204m[48;2;239;233;220m▄[38;2;245;236;221m[48;2;254;244;226m▄[38;2;219;213;203m[48;2;207;196;180m▄[38;2;183;180;171m[48;2;163;158;148m▄[38;2;224;219;208m[48;2;210;202;189m▄[38;2;226;223;214m[48;2;205;200;190m▄[38;2;160;144;126m[48;2;204;197;184m▄[38;2;148;123;103m[48;2;152;141;124m▄[38;2;208;184;170m[48;2;179;168;152m▄[38;2;187;161;143m[48;2;231;219;201m▄[38;2;172;146;121m[48;2;247;238;219m▄[38;2;206;185;159m[48;2;243;239;224m▄[38;2;239;233;213m[48;2;242;237;221m▄[38;2;237;233;214m[48;2;226;219;202m▄[38;2;238;227;208m[48;2;214;209;193m▄[38;2;220;212;195m[48;2;209;208;200m▄[38;2;238;230;213m[48;2;243;238;223m▄[38;2;237;228;210m[48;2;246;238;221m▄[38;2;234;224;208m[48;2;243;236;220m▄[38;2;229;220;205m[48;2;255;255;252m▄[38;2;161;148;131m[48;2;188;174;158m▄[38;2;110;77;53m[48;2;84;58;39m▄[38;2;182;127;94m[48;2;107;74;54m▄[38;2;182;132;104m[48;2;190;145;120m▄[38;2;196;147;124m[48;2;209;164;140m▄[38;2;214;163;138m[48;2;113;85;67m▄[38;2;160;114;93m[48;2;64;45;33m▄[38;2;189;128;108m[48;2;129;101;86m▄[38;2;188;176;159m[48;2;202;193;176m▄[38;2;210;206;197m[48;2;183;175;164m▄[38;2;169;165;154m[48;2;132;122;108m▄[38;2;124;113;98m[48;2;98;84;70m▄[38;2;126;106;84m[48;2;87;73;59m▄[38;2;110;98;85m[48;2;89;77;65m▄[38;2;116;108;95m[48;2;106;95;81m▄[38;2;222;206;184m[48;2;192;173;149m▄[38;2;228;211;187m[48;2;198;181;154m▄[38;2;206;184;158m[48;2;177;157;132m▄[38;2;189;169;143m[48;2;169;148;123m▄[38;2;196;178;154m[48;2;168;146;122m▄[38;2;187;174;155m[48;2;169;149;125m▄[38;2;138;134;117m[48;2;170;152;130m▄[38;2;143;136;120m[48;2;166;147;125m▄[38;2;144;137;119m[48;2;165;146;121m▄[38;2;143;136;118m[48;2;162;142;117m▄[38;2;142;134;117m[48;2;159;139;115m▄[38;2;146;138;119m[48;2;158;138;114m▄[38;2;126;115;99m[48;2;121;106;87m▄[38;2;61;52;42m[48;2;95;86;75m▄[38;2;39;34;26m[48;2;105;97;86m▄[38;2;77;66;55m[48;2;75;65;54m▄[0m
[38;2;228;211;178m[48;2;219;202;170m▄[38;2;202;190;152m[48;2;199;186;144m▄[38;2;136;130;104m[48;2;138;134;111m▄[38;2;83;76;64m[48;2;70;65;54m▄[38;2;168;162;142m[48;2;187;178;159m▄[38;2;128;133;119m[48;2;176;175;160m▄[38;2;106;106;96m[48;2;108;109;99m▄[38;2;138;122;102m[48;2;110;95;80m▄[38;2;134;119;98m[48;2;100;86;69m▄[38;2;155;147;131m[48;2;161;151;133m▄[38;2;198;192;181m[48;2;213;203;188m▄[38;2;225;220;213m[48;2;206;200;189m▄[38;2;226;222;212m[48;2;207;203;194m▄[38;2;189;176;158m[48;2;229;224;211m▄[38;2;82;53;33m[48;2;166;146;126m▄[38;2;200;147;115m[48;2;144;104;77m▄[38;2;243;190;163m[48;2;206;160;135m▄[38;2;247;207;188m[48;2;238;202;187m▄[38;2;250;206;188m[48;2;222;185;172m▄[38;2;235;178;147m[48;2;164;123;101m▄[38;2;131;92;69m[48;2;123;91;67m▄[38;2;67;42;26m[48;2;175;149;121m▄[38;2;193;170;142m[48;2;226;216;191m▄[38;2;255;251;231m[48;2;255;246;225m▄[38;2;255;248;232m[48;2;253;243;223m▄[38;2;250;243;227m[48;2;245;236;219m▄[38;2;234;224;207m[48;2;233;224;207m▄[38;2;228;218;200m[48;2;225;214;196m▄[38;2;224;216;207m[48;2;203;189;174m▄[38;2;184;168;159m[48;2;161;140;120m▄[38;2;170;155;145m[48;2;147;119;96m▄[38;2;170;139;125m[48;2;136;94;72m▄[38;2;180;123;104m[48;2;183;131;114m▄[38;2;207;150;128m[48;2;184;126;106m▄[38;2;198;145;120m[48;2;227;166;141m▄[38;2;158;108;82m[48;2;204;150;121m▄[38;2;151;111;92m[48;2;171;121;99m▄[38;2;160;150;154m[48;2;168;151;131m▄[38;2;129;123;114m[48;2;192;187;174m▄[38;2;107;90;71m[48;2;174;163;149m▄[38;2;145;119;88m[48;2;160;133;102m▄[38;2;143;124;99m[48;2;143;122;96m▄[38;2;124;108;88m[48;2;109;92;74m▄[38;2;168;157;140m[48;2;136;126;109m▄[38;2;250;239;222m[48;2;241;229;212m▄[38;2;244;230;208m[48;2;235;219;197m▄[38;2;211;189;164m[48;2;216;196;170m▄[38;2;177;145;122m[48;2;189;170;146m▄[38;2;157;133;120m[48;2;184;167;146m▄[38;2;124;108;102m[48;2;197;184;168m▄[38;2;130;111;103m[48;2;165;159;144m▄[38;2;131;116;102m[48;2;169;167;153m▄[38;2;139;135;120m[48;2;166;165;151m▄[38;2;135;135;119m[48;2;165;163;148m▄[38;2;135;132;116m[48;2;164;162;147m▄[38;2;147;147;131m[48;2;166;163;149m▄[38;2;125;119;106m[48;2;135;128;115m▄[38;2;68;57;47m[48;2;66;57;47m▄[38;2;50;45;37m[48;2;48;43;34m▄[38;2;77;66;56m[48;2;78;68;57m▄[0m
[38;2;232;213;185m[48;2;230;213;183m▄[38;2;199;188;156m[48;2;200;188;154m▄[38;2;166;158;133m[48;2;137;130;106m▄[38;2;77;69;55m[48;2;88;82;69m▄[38;2;120;111;94m[48;2;155;152;132m▄[38;2;97;109;96m[48;2;85;98;84m▄[38;2;109;108;98m[48;2;109;108;99m▄[38;2;135;120;103m[48;2;143;128;107m▄[38;2;134;121;104m[48;2;142;128;108m▄[38;2;175;168;154m[48;2;171;164;149m▄[38;2;209;206;195m[48;2;209;203;192m▄[38;2;230;228;218m[48;2;230;224;214m▄[38;2;222;215;201m[48;2;237;233;220m▄[38;2;117;81;63m[48;2;139;123;108m▄[38;2;162;112;86m[48;2;88;57;38m▄[38;2;173;126;105m[48;2;165;120;97m▄[38;2;181;133;117m[48;2;169;124;103m▄[38;2;226;170;152m[48;2;213;166;144m▄[38;2;178;131;116m[48;2;169;124;107m▄[38;2;181;136;120m[48;2;181;133;112m▄[38;2;201;149;120m[48;2;167;119;92m▄[38;2;101;64;47m[48;2;47;27;18m▄[38;2;87;58;40m[48;2;113;89;71m▄[38;2;194;170;143m[48;2;239;224;203m▄[38;2;244;239;226m[48;2;251;244;230m▄[38;2;251;247;234m[48;2;246;241;226m▄[38;2;227;218;202m[48;2;226;215;197m▄[38;2;216;205;191m[48;2;222;212;194m▄[38;2;191;183;174m[48;2;220;214;209m▄[38;2;149;141;134m[48;2;169;157;153m▄[38;2;154;142;133m[48;2;153;138;134m▄[38;2;165;156;149m[48;2;197;194;194m▄[38;2;176;172;165m[48;2;158;131;122m▄[38;2;178;155;137m[48;2;144;88;67m▄[38;2;125;94;77m[48;2;181;135;106m▄[38;2;113;119;139m[48;2;113;85;74m▄[38;2;199;216;238m[48;2;152;157;176m▄[38;2;186;204;227m[48;2;195;213;237m▄[38;2;146;161;190m[48;2;203;211;218m▄[38;2;181;196;220m[48;2;160;156;150m▄[38;2;203;211;218m[48;2;152;137;114m▄[38;2;181;172;159m[48;2;159;141;116m▄[38;2;131;115;92m[48;2;128;115;96m▄[38;2;178;170;152m[48;2;171;164;146m▄[38;2;255;243;233m[48;2;254;243;235m▄[38;2;246;227;212m[48;2;252;236;225m▄[38;2;181;151;128m[48;2;201;172;145m▄[38;2;169;127;107m[48;2;214;167;134m▄[38;2;198;154;132m[48;2;225;185;158m▄[38;2;193;144;117m[48;2;103;78;63m▄[38;2;61;41;31m[48;2;60;47;41m▄[38;2;45;32;26m[48;2;55;40;34m▄[38;2;64;47;34m[48;2;89;71;54m▄[38;2;150;117;78m[48;2;138;113;77m▄[38;2;186;164;126m[48;2;150;123;81m▄[38;2;255;255;255m[48;2;228;228;221m▄[38;2;222;223;218m[48;2;206;209;203m▄[38;2;67;60;50m[48;2;69;62;51m▄[38;2;52;46;38m[48;2;50;44;36m▄[38;2;76;65;56m[48;2;75;64;55m▄[0m
[38;2;226;183;153m[48;2;232;219;191m▄[38;2;203;177;146m[48;2;199;190;159m▄[38;2;182;175;156m[48;2;190;181;157m▄[38;2;125;112;98m[48;2;89;81;66m▄[38;2;116;111;96m[48;2;102;95;79m▄[38;2;96;105;93m[48;2;93;105;93m▄[38;2;105;100;91m[48;2;106;104;94m▄[38;2;134;119;103m[48;2;130;116;98m▄[38;2;128;122;113m[48;2;137;125;108m▄[38;2;143;140;134m[48;2;185;179;167m▄[38;2;208;206;198m[48;2;214;211;202m▄[38;2;232;226;214m[48;2;235;233;226m▄[38;2;130;104;84m[48;2;181;167;150m▄[38;2;30;16;10m[48;2;80;48;33m▄[38;2;103;68;50m[48;2;182;125;99m▄[38;2;191;134;103m[48;2;222;162;139m▄[38;2;165;110;91m[48;2;210;153;135m▄[38;2;166;108;94m[48;2;210;150;135m▄[38;2;183;127;106m[48;2;221;166;146m▄[38;2;195;138;106m[48;2;230;172;152m▄[38;2;156;104;79m[48;2;191;134;107m▄[38;2;83;55;45m[48;2;174;121;98m▄[38;2;53;32;22m[48;2;95;60;48m▄[38;2;135;107;85m[48;2;168;147;123m▄[38;2;231;218;204m[48;2;218;213;203m▄[38;2;179;141;139m[48;2;238;213;209m▄[38;2;75;68;67m[48;2;224;200;194m▄[38;2;108;102;96m[48;2;223;199;194m▄[38;2;120;107;98m[48;2;214;189;184m▄[38;2;128;120;115m[48;2;215;190;185m▄[38;2;157;152;148m[48;2;228;205;200m▄[38;2;124;120;120m[48;2;219;195;190m▄[38;2;112;103;98m[48;2;226;204;199m▄[38;2;112;102;100m[48;2;234;219;215m▄[38;2;105;112;128m[48;2;144;144;151m▄[38;2;137;157;190m[48;2;155;171;198m▄[38;2;126;142;173m[48;2;146;157;180m▄[38;2;98;114;148m[48;2;132;147;177m▄[38;2;128;147;178m[48;2;131;146;176m▄[38;2;98;108;133m[48;2;127;138;161m▄[38;2;94;101;123m[48;2;136;151;178m▄[38;2;147;160;186m[48;2;198;216;238m▄[38;2;152;170;201m[48;2;165;168;169m▄[38;2;183;184;184m[48;2;188;181;162m▄[38;2;255;251;231m[48;2;255;252;238m▄[38;2;231;214;194m[48;2;232;221;201m▄[38;2;71;45;32m[48;2;151;115;95m▄[38;2;153;104;86m[48;2;200;146;123m▄[38;2;198;145;110m[48;2;204;144;115m▄[38;2;201;149;113m[48;2;213;157;124m▄[38;2;192;143;110m[48;2;137;95;72m▄[38;2;66;39;24m[48;2;43;28;21m▄[38;2;46;24;10m[48;2;54;38;29m▄[38;2;133;89;50m[48;2;123;87;46m▄[38;2;159;84;32m[48;2;138;89;41m▄[38;2;171;109;62m[48;2;167;139;110m▄[38;2;110;91;76m[48;2;129;118;105m▄[38;2;63;56;49m[48;2;66;57;49m▄[38;2;63;58;51m[48;2;55;49;42m▄[38;2;163;149;140m[48;2;75;65;55m▄[0m
[38;2;213;176;151m[48;2;202;146;127m▄[38;2;200;183;159m[48;2;219;186;162m▄[38;2;193;169;138m[48;2;174;155;132m▄[38;2;218;178;149m[48;2;97;75;62m▄[38;2;190;158;139m[48;2;111;97;81m▄[38;2;132;127;107m[48;2;99;104;91m▄[38;2;83;82;76m[48;2;98;94;87m▄[38;2;143;123;104m[48;2;127;111;93m▄[38;2;215;172;142m[48;2;131;97;76m▄[38;2;251;219;197m[48;2;119;92;76m▄[38;2;251;229;207m[48;2;185;175;162m▄[38;2;181;151;125m[48;2;214;200;182m▄[38;2;69;36;19m[48;2;92;60;40m▄[38;2;51;32;23m[48;2;41;26;19m▄[38;2;32;22;17m[48;2;49;32;24m▄[38;2;106;64;41m[48;2;155;106;76m▄[38;2;177;114;83m[48;2;195;140;113m▄[38;2;192;130;103m[48;2;205;150;134m▄[38;2;179;114;84m[48;2;202;150;122m▄[38;2;169;103;71m[48;2;188;126;93m▄[38;2;87;52;36m[48;2;112;67;48m▄[38;2;31;20;16m[48;2;28;18;13m▄[38;2;59;34;24m[48;2;55;33;23m▄[38;2;66;33;19m[48;2;79;42;23m▄[38;2;127;82;53m[48;2;196;170;150m▄[38;2;228;192;171m[48;2;221;198;190m▄[38;2;255;198;191m[48;2;166;128;129m▄[38;2;253;206;195m[48;2;174;126;119m▄[38;2;207;190;182m[48;2;218;189;177m▄[38;2;227;226;234m[48;2;237;238;240m▄[38;2;226;207;211m[48;2;207;193;196m▄[38;2;177;159;147m[48;2;181;162;152m▄[38;2;147;146;163m[48;2;131;110;112m▄[38;2;124;133;160m[48;2;118;113;127m▄[38;2;68;75;94m[48;2;114;125;145m▄[38;2;122;133;156m[48;2;110;125;154m▄[38;2;174;195;225m[48;2;130;144;167m▄[38;2;129;141;166m[48;2;112;120;143m▄[38;2;126;143;178m[48;2;159;176;204m▄[38;2;166;188;223m[48;2;157;169;193m▄[38;2;106;115;139m[48;2;92;101;124m▄[38;2;90;95;108m[48;2;107;115;134m▄[38;2;111;123;147m[48;2;145;159;187m▄[38;2;107;120;147m[48;2;158;169;191m▄[38;2;232;224;212m[48;2;248;237;218m▄[38;2;231;205;176m[48;2;225;203;179m▄[38;2;82;49;28m[48;2;60;37;22m▄[38;2;36;23;15m[48;2;86;61;47m▄[38;2;9;5;4m[48;2;101;72;54m▄[38;2;140;107;81m[48;2;149;103;70m▄[38;2;251;214;185m[48;2;223;181;149m▄[38;2;244;193;157m[48;2;199;185;173m▄[38;2;229;218;204m[48;2;142;145;141m▄[38;2;197;215;225m[48;2;152;114;80m▄[38;2;156;141;112m[48;2;154;104;71m▄[38;2;130;114;80m[48;2;171;121;85m▄[38;2;127;107;82m[48;2;141;105;80m▄[38;2;121;110;93m[48;2;66;54;47m▄[38;2;224;222;201m[48;2;84;76;64m▄[38;2;255;255;249m[48;2;216;198;180m▄[0m
[38;2;255;255;255m[48;2;243;221;204m▄[38;2;244;241;231m[48;2;206;194;169m▄[38;2;178;162;135m[48;2;196;170;137m▄[38;2;176;157;153m[48;2;212;171;146m▄[38;2;210;209;220m[48;2;199;176;168m▄[38;2;220;215;205m[48;2;212;199;181m▄[38;2;228;195;168m[48;2;127;121;111m▄[38;2;206;161;130m[48;2;201;160;131m▄[38;2;183;168;154m[48;2;225;175;136m▄[38;2;212;215;215m[48;2;227;211;201m▄[38;2;221;230;229m[48;2;245;238;234m▄[38;2;167;135;109m[48;2;171;133;106m▄[38;2;82;40;19m[48;2;75;39;18m▄[38;2;44;31;22m[48;2;38;22;16m▄[38;2;102;71;51m[48;2;27;16;11m▄[38;2;160;110;76m[48;2;121;76;50m▄[38;2;170;121;89m[48;2;159;101;68m▄[38;2;178;132;104m[48;2;159;101;72m▄[38;2;186;141;113m[48;2;171;116;88m▄[38;2;187;138;109m[48;2;182;127;96m▄[38;2;194;145;116m[48;2;120;77;55m▄[38;2;154;116;93m[48;2;33;21;14m▄[38;2;85;67;51m[48;2;44;24;16m▄[38;2;69;35;23m[48;2;61;32;21m▄[38;2;107;49;32m[48;2;103;59;33m▄[38;2;234;223;209m[48;2;233;213;195m▄[38;2;255;255;255m[48;2;254;249;246m▄[38;2;255;255;255m[48;2;243;234;229m▄[38;2;221;211;208m[48;2;191;183;181m▄[38;2;194;177;163m[48;2;198;194;200m▄[38;2;250;247;242m[48;2;224;217;214m▄[38;2;255;255;255m[48;2;198;190;178m▄[38;2;163;165;167m[48;2;156;155;152m▄[38;2;95;105;124m[48;2;105;117;140m▄[38;2;87;98;123m[48;2;95;101;116m▄[38;2;47;46;55m[48;2;77;84;103m▄[38;2;130;141;166m[48;2;128;150;188m▄[38;2;179;196;222m[48;2;127;141;170m▄[38;2;142;157;185m[48;2;95;106;132m▄[38;2;150;173;210m[48;2;154;170;201m▄[38;2;165;189;224m[48;2;150;161;185m▄[38;2;110;127;158m[48;2;136;145;165m▄[38;2;94;109;137m[48;2;128;140;162m▄[38;2;82;91;114m[48;2;101;107;124m▄[38;2;206;190;179m[48;2;218;207;193m▄[38;2;247;227;200m[48;2;248;228;200m▄[38;2;174;130;89m[48;2;125;85;54m▄[38;2;122;106;92m[48;2;60;35;19m▄[38;2;167;165;162m[48;2;97;94;91m▄[38;2;199;143;103m[48;2;207;167;134m▄[38;2;229;178;141m[48;2;236;185;146m▄[38;2;224;166;122m[48;2;224;164;118m▄[38;2;182;130;93m[48;2;205;143;96m▄[38;2;171;186;197m[48;2;194;209;222m▄[38;2;187;211;215m[48;2;203;236;226m▄[38;2;153;200;150m[48;2;180;220;172m▄[38;2;146;179;134m[48;2;176;218;176m▄[38;2;211;177;146m[48;2;217;231;195m▄[38;2;237;216;174m[48;2;255;248;213m▄[38;2;255;255;212m[48;2;255;252;220m▄[0m
[38;2;189;148;118m[48;2;191;157;142m▄[38;2;201;176;145m[48;2;200;180;161m▄[38;2;202;162;130m[48;2;199;185;167m▄[38;2;197;142;115m[48;2;176;168;167m▄[38;2;198;152;128m[48;2;181;178;178m▄[38;2;150;135;117m[48;2;181;153;130m▄[38;2;108;104;98m[48;2;173;139;116m▄[38;2;184;181;173m[48;2;161;148;139m▄[38;2;218;215;207m[48;2;196;196;193m▄[38;2;250;155;148m[48;2;229;219;221m▄[38;2;255;86;96m[48;2;237;191;191m▄[38;2;255;79;87m[48;2;227;108;102m▄[38;2;255;75;82m[48;2;218;60;59m▄[38;2;255;63;69m[48;2;208;90;78m▄[38;2;240;66;68m[48;2;205;141;113m▄[38;2;226;75;72m[48;2;189;138;108m▄[38;2;230;91;87m[48;2;188;145;119m▄[38;2;232;99;93m[48;2;198;160;136m▄[38;2;237;103;98m[48;2;201;162;137m▄[38;2;246;106;102m[48;2;213;173;149m▄[38;2;251;98;99m[48;2;225;184;162m▄[38;2;255;82;85m[48;2;238;181;160m▄[38;2;255;69;76m[48;2;237;134;119m▄[38;2;255;81;89m[48;2;231;76;75m▄[38;2;255;82;89m[48;2;236;73;76m▄[38;2;255;84;92m[48;2;247;145;146m▄[38;2;240;142;125m[48;2;254;215;217m▄[38;2;240;211;194m[48;2;252;249;248m▄[38;2;252;252;247m[48;2;248;243;239m▄[38;2;251;245;237m[48;2;250;234;221m▄[38;2;255;252;245m[48;2;253;246;238m▄[38;2;253;253;253m[48;2;255;255;255m▄[38;2;134;139;154m[48;2;127;132;148m▄[38;2;121;129;148m[48;2;91;100;121m▄[38;2;107;117;140m[48;2;80;89;110m▄[38;2;86;89;101m[48;2;54;50;51m▄[38;2;60;60;63m[48;2;108;116;135m▄[38;2;33;30;35m[48;2;135;155;189m▄[38;2;155;109;81m[48;2;120;123;143m▄[38;2;233;173;137m[48;2;148;135;144m▄[38;2;218;150;115m[48;2;164;141;140m▄[38;2;159;136;136m[48;2;122;123;136m▄[38;2;114;134;166m[48;2;102;115;138m▄[38;2;106;118;137m[48;2;70;78;96m▄[38;2;145;146;161m[48;2;175;163;161m▄[38;2;229;179;144m[48;2;239;202;164m▄[38;2;187;178;170m[48;2;207;180;148m▄[38;2;162;199;223m[48;2;190;212;225m▄[38;2;151;153;156m[48;2;161;167;171m▄[38;2;198;135;96m[48;2;192;134;96m▄[38;2;223;166;129m[48;2;229;175;139m▄[38;2;191;135;101m[48;2;214;152;112m▄[38;2;145;161;168m[48;2;154;147;141m▄[38;2;158;180;193m[48;2;157;180;196m▄[38;2;170;188;190m[48;2;172;192;195m▄[38;2;186;227;194m[48;2;163;221;170m▄[38;2;175;207;173m[48;2;147;190;142m▄[38;2;163;136;115m[48;2;168;128;103m▄[38;2;88;83;100m[48;2;177;156;136m▄[38;2;76;95;130m[48;2;218;220;200m▄[0m
[38;2;148;127;99m[48;2;142;144;120m▄[38;2;188;156;125m[48;2;210;203;175m▄[38;2;209;178;155m[48;2;195;151;122m▄[38;2;181;178;167m[48;2;134;101;80m▄[38;2;182;164;147m[48;2;181;144;122m▄[38;2;115;103;93m[48;2;147;141;128m▄[38;2;132;121;112m[48;2;174;172;164m▄[38;2;127;116;112m[48;2;235;232;225m▄[38;2;166;120;92m[48;2;181;152;128m▄[38;2;192;139;102m[48;2;212;133;103m▄[38;2;238;83;79m[48;2;253;80;85m▄[38;2;255;77;84m[48;2;255;81;89m▄[38;2;254;79;85m[48;2;255;78;85m▄[38;2;255;76;81m[48;2;255;71;76m▄[38;2;255;71;76m[48;2;255;63;69m▄[38;2;255;69;73m[48;2;246;54;59m▄[38;2;250;64;69m[48;2;239;48;53m▄[38;2;246;60;64m[48;2;250;53;59m▄[38;2;253;68;72m[48;2;254;57;63m▄[38;2;255;73;79m[48;2;255;59;67m▄[38;2;255;76;83m[48;2;255;65;71m▄[38;2;255;81;88m[48;2;255;71;78m▄[38;2;255;83;90m[48;2;255;82;88m▄[38;2;255;74;80m[48;2;254;79;84m▄[38;2;251;67;70m[48;2;255;61;69m▄[38;2;227;153;127m[48;2;244;115;106m▄[38;2;226;179;146m[48;2;228;184;150m▄[38;2;210;152;118m[48;2;228;183;156m▄[38;2;247;236;230m[48;2;252;251;247m▄[38;2;255;255;255m[48;2;251;249;245m▄[38;2;255;255;255m[48;2;254;253;251m▄[38;2;197;199;205m[48;2;235;237;241m▄[38;2;88;93;108m[48;2;107;115;136m▄[38;2;125;133;150m[48;2;86;96;118m▄[38;2;82;89;106m[48;2;86;100;128m▄[38;2;83;89;101m[48;2;66;70;85m▄[38;2;73;80;91m[48;2;42;44;50m▄[38;2;124;100;91m[48;2;70;55;50m▄[38;2;208;150;117m[48;2;205;150;118m▄[38;2;213;159;130m[48;2;227;176;147m▄[38;2;152;113;95m[48;2;186;130;103m▄[38;2;119;132;154m[48;2;101;100;114m▄[38;2;122;133;155m[48;2;82;98;128m▄[38;2;89;97;116m[48;2;84;96;121m▄[38;2;131;94;81m[48;2;123;107;113m▄[38;2;161;105;72m[48;2;209;160;131m▄[38;2;159;149;143m[48;2;168;159;152m▄[38;2;160;194;218m[48;2;146;179;199m▄[38;2;170;147;135m[48;2;155;142;137m▄[38;2;211;144;106m[48;2;203;135;97m▄[38;2;199;131;94m[48;2;214;149;113m▄[38;2;146;131;120m[48;2;169;128;103m▄[38;2;146;170;182m[48;2;148;171;185m▄[38;2;138;154;160m[48;2;152;172;180m▄[38;2;174;186;194m[48;2;177;189;196m▄[38;2;229;224;233m[48;2;219;212;218m▄[38;2;205;195;192m[48;2;205;195;195m▄[38;2;209;199;190m[48;2;166;145;137m▄[38;2;117;125;140m[48;2;80;82;98m▄[38;2;108;114;130m[48;2;59;72;98m▄[0m
[38;2;206;208;221m[48;2;135;118;91m▄[38;2;234;234;232m[48;2;158;141;115m▄[38;2;252;250;242m[48;2;245;237;224m▄[38;2;255;255;255m[48;2;255;255;255m▄[38;2;247;246;242m[48;2;202;189;173m▄[38;2;195;176;145m[48;2;134;107;79m▄[38;2;186;154;112m[48;2;167;136;104m▄[38;2;161;130;99m[48;2;152;128;108m▄[38;2;165;115;81m[48;2;167;117;86m▄[38;2;166;115;81m[48;2;173;122;87m▄[38;2;199;72;62m[48;2;208;72;63m▄[38;2;255;80;84m[48;2;255;74;80m▄[38;2;255;84;88m[48;2;255;80;86m▄[38;2;255;81;86m[48;2;255;78;84m▄[38;2;255;77;83m[48;2;255;77;82m▄[38;2;255;75;80m[48;2;255;74;79m▄[38;2;255;75;80m[48;2;255;72;78m▄[38;2;255;76;82m[48;2;254;72;76m▄[38;2;255;78;84m[48;2;252;69;73m▄[38;2;255;79;85m[48;2;254;75;80m▄[38;2;255;83;88m[48;2;255;80;86m▄[38;2;255;86;92m[48;2;255;84;90m▄[38;2;255;84;88m[48;2;255;81;86m▄[38;2;254;73;78m[48;2;251;60;68m▄[38;2;221;85;73m[48;2;228;85;75m▄[38;2;210;152;118m[48;2;219;165;131m▄[38;2;215;161;127m[48;2;219;165;132m▄[38;2;191;129;90m[48;2;195;133;94m▄[38;2;216;180;158m[48;2;228;201;185m▄[38;2;255;255;255m[48;2;255;255;255m▄[38;2;255;255;255m[48;2;255;255;255m▄[38;2;157;163;178m[48;2;208;212;219m▄[38;2;64;69;86m[48;2;108;120;145m▄[38;2;78;82;94m[48;2;91;95;109m▄[38;2;110;116;133m[48;2;60;65;78m▄[38;2;108;116;136m[48;2;69;76;97m▄[38;2;88;96;113m[48;2;78;91;113m▄[38;2;145;103;82m[48;2;131;102;92m▄[38;2;205;147;118m[48;2;208;150;118m▄[38;2;155;112;89m[48;2;192;137;107m▄[38;2;83;87;99m[48;2;112;97;97m▄[38;2;98;111;137m[48;2;100;120;151m▄[38;2;89;98;120m[48;2;105;120;151m▄[38;2;88;95;112m[48;2;88;99;122m▄[38;2;144;117;111m[48;2;142;113;103m▄[38;2;255;254;248m[48;2;214;190;174m▄[38;2;203;220;227m[48;2;184;189;190m▄[38;2;187;161;147m[48;2;167;191;208m▄[38;2;210;146;107m[48;2;203;156;129m▄[38;2;190;124;87m[48;2;207;141;103m▄[38;2;139;120;108m[48;2;178;119;88m▄[38;2;151;177;190m[48;2;137;151;156m▄[38;2;154;175;183m[48;2;150;171;179m▄[38;2;133;154;161m[48;2;133;150;154m▄[38;2;188;197;204m[48;2;173;186;193m▄[38;2;246;241;247m[48;2;244;242;255m▄[38;2;245;242;239m[48;2;220;213;211m▄[38;2;254;251;245m[48;2;233;224;215m▄[38;2;167;174;187m[48;2;138;147;165m▄[38;2;164;172;187m[48;2;151;156;170m▄[0m
[38;2;251;241;226m[48;2;251;249;255m▄[38;2;253;252;251m[48;2;255;255;255m▄[38;2;254;254;253m[48;2;255;255;255m▄[38;2;146;145;133m[48;2;238;240;237m▄[38;2;194;193;182m[48;2;249;249;246m▄[38;2;198;196;187m[48;2;150;146;131m▄[38;2;88;84;75m[48;2;62;46;32m▄[38;2;108;99;86m[48;2;68;49;36m▄[38;2;164;112;80m[48;2;157;107;75m▄[38;2;174;119;89m[48;2;166;115;83m▄[38;2;169;59;47m[48;2;194;74;63m▄[38;2;202;39;39m[48;2;248;69;71m▄[38;2;217;47;47m[48;2;250;68;72m▄[38;2;227;52;53m[48;2;253;70;75m▄[38;2;233;54;57m[48;2;254;70;74m▄[38;2;234;55;57m[48;2;255;70;75m▄[38;2;235;56;58m[48;2;255;70;76m▄[38;2;236;57;59m[48;2;255;71;77m▄[38;2;238;58;60m[48;2;255;72;78m▄[38;2;240;58;61m[48;2;255;74;80m▄[38;2;244;61;65m[48;2;255;77;82m▄[38;2;244;61;65m[48;2;255;80;84m▄[38;2;239;58;61m[48;2;255;81;85m▄[38;2;233;55;57m[48;2;255;81;85m▄[38;2;216;64;58m[48;2;239;80;76m▄[38;2;213;145;115m[48;2;213;143;113m▄[38;2;216;157;124m[48;2;215;161;127m▄[38;2;189;125;89m[48;2;192;128;92m▄[38;2;225;199;185m[48;2;218;186;166m▄[38;2;255;255;255m[48;2;255;255;255m▄[38;2;169;172;181m[48;2;252;253;254m▄[38;2;58;62;77m[48;2;101;106;121m▄[38;2;77;81;95m[48;2;70;74;90m▄[38;2;122;131;152m[48;2;94;103;126m▄[38;2;109;118;144m[48;2;108;120;149m▄[38;2;81;95;119m[48;2;125;140;166m▄[38;2;113;96;97m[48;2;123;119;129m▄[38;2;206;145;116m[48;2;181;124;94m▄[38;2;135;100;87m[48;2;192;136;110m▄[38;2;59;63;76m[48;2;108;93;90m▄[38;2;98;113;144m[48;2;116;132;157m▄[38;2;107;120;148m[48;2;138;151;175m▄[38;2;99;114;147m[48;2;122;134;157m▄[38;2;100;109;136m[48;2;126;135;155m▄[38;2;182;163;158m[48;2;157;131;125m▄[38;2;254;252;248m[48;2;255;255;255m▄[38;2;192;144;118m[48;2;203;193;186m▄[38;2;187;125;91m[48;2;196;136;103m▄[38;2;154;115;92m[48;2;197;136;100m▄[38;2;144;163;172m[48;2;146;111;90m▄[38;2;172;201;215m[48;2;141;163;173m▄[38;2;178;203;215m[48;2;169;193;206m▄[38;2;168;191;203m[48;2;161;182;192m▄[38;2;146;165;173m[48;2;134;158;167m▄[38;2;229;228;224m[48;2;211;214;214m▄[38;2;219;209;201m[48;2;229;211;197m▄[38;2;234;230;224m[48;2;250;246;241m▄[38;2;246;243;237m[48;2;255;255;255m▄[38;2;232;223;215m[48;2;188;188;194m▄[38;2;245;237;230m[48;2;184;187;196m▄[0m
[38;2;234;232;226m[48;2;202;200;187m▄[38;2;255;255;255m[48;2;228;227;220m▄[38;2;253;253;249m[48;2;251;252;249m▄[38;2;248;245;238m[48;2;203;201;188m▄[38;2;243;241;233m[48;2;248;248;245m▄[38;2;228;225;216m[48;2;255;255;255m▄[38;2;209;205;196m[48;2;224;223;210m▄[38;2;210;201;188m[48;2;249;249;242m▄[38;2;177;124;92m[48;2;184;135;105m▄[38;2;180;123;94m[48;2;176;118;88m▄[38;2;163;79;62m[48;2;152;66;50m▄[38;2;190;94;87m[48;2;170;25;20m▄[38;2;183;40;37m[48;2;188;35;33m▄[38;2;191;37;36m[48;2;196;38;37m▄[38;2;204;41;41m[48;2;204;41;41m▄[38;2;206;42;41m[48;2;208;43;42m▄[38;2;206;42;41m[48;2;211;44;43m▄[38;2;207;42;42m[48;2;211;44;43m▄[38;2;206;41;41m[48;2;211;44;44m▄[38;2;202;40;40m[48;2;210;43;43m▄[38;2;198;38;39m[48;2;212;46;45m▄[38;2;196;39;38m[48;2;213;46;45m▄[38;2;193;38;36m[48;2;211;45;45m▄[38;2;182;31;29m[48;2;203;41;39m▄[38;2;171;65;52m[48;2;182;55;44m▄[38;2;205;150;117m[48;2;203;142;110m▄[38;2;209;149;114m[48;2;211;152;118m▄[38;2;195;138;105m[48;2;192;129;93m▄[38;2;255;253;247m[48;2;241;226;216m▄[38;2;190;195;204m[48;2;249;250;251m▄[38;2;76;82;102m[48;2;81;84;95m▄[38;2;121;134;163m[48;2;113;122;141m▄[38;2;97;105;126m[48;2;129;138;160m▄[38;2;94;104;127m[48;2;138;153;181m▄[38;2;90;100;123m[48;2;117;124;144m▄[38;2;131;145;175m[48;2;118;131;153m▄[38;2;167;125;110m[48;2;135;111;105m▄[38;2;217;165;144m[48;2;209;153;129m▄[38;2;146;131;136m[48;2;124;107;105m▄[38;2;84;96;119m[48;2;81;88;100m▄[38;2;130;144;171m[48;2;127;136;157m▄[38;2;120;131;156m[48;2;120;129;149m▄[38;2;134;149;176m[48;2;130;141;166m▄[38;2;122;139;169m[48;2;114;120;139m▄[38;2;168;153;154m[48;2;206;202;201m▄[38;2;168;105;74m[48;2;213;177;156m▄[38;2;136;105;91m[48;2;175;112;80m▄[38;2;128;150;161m[48;2;149;117;98m▄[38;2;115;136;155m[48;2;147;168;178m▄[38;2;64;74;98m[48;2;150;178;195m▄[38;2;150;174;189m[48;2;172;198;212m▄[38;2;188;217;231m[48;2;182;209;223m▄[38;2;193;220;234m[48;2;181;206;220m▄[38;2;196;221;235m[48;2;182;199;208m▄[38;2;244;250;252m[48;2;252;252;250m▄[38;2;255;255;255m[48;2;255;255;254m▄[38;2;255;255;254m[48;2;246;244;241m▄[38;2;255;255;253m[48;2;244;241;237m▄[38;2;254;253;251m[48;2;248;246;241m▄[38;2;255;255;255m[48;2;255;255;255m▄[0m
[38;2;254;254;254m[48;2;255;255;255m▄[38;2;255;255;255m[48;2;255;255;255m▄[38;2;255;255;255m[48;2;253;252;247m▄[38;2;255;255;255m[48;2;253;252;248m▄[38;2;255;255;255m[48;2;250;249;244m▄[38;2;255;255;255m[48;2;246;242;237m▄[38;2;255;255;255m[48;2;238;236;233m▄[38;2;235;202;181m[48;2;209;196;183m▄[38;2;190;128;97m[48;2;172;119;87m▄[38;2;196;123;99m[48;2;180;119;93m▄[38;2;219;139;126m[48;2;184;103;89m▄[38;2;255;208;206m[48;2;231;192;187m▄[38;2;210;39;39m[48;2;185;42;40m▄[38;2;228;48;47m[48;2;202;41;41m▄[38;2;247;57;58m[48;2;216;47;47m▄[38;2;249;57;59m[48;2;221;50;49m▄[38;2;249;56;59m[48;2;220;49;49m▄[38;2;248;57;59m[48;2;218;48;48m▄[38;2;246;56;57m[48;2;216;47;47m▄[38;2;242;54;55m[48;2;213;46;45m▄[38;2;238;53;53m[48;2;209;43;43m▄[38;2;235;51;51m[48;2;206;41;42m▄[38;2;229;48;48m[48;2;201;40;40m▄[38;2;215;38;39m[48;2;188;32;32m▄[38;2;188;76;62m[48;2;173;73;59m▄[38;2;232;174;142m[48;2;207;154;122m▄[38;2;241;178;144m[48;2;215;153;120m▄[38;2;241;196;171m[48;2;209;160;132m▄[38;2;220;226;233m[48;2;230;232;233m▄[38;2;101;109;129m[48;2;89;97;118m▄[38;2;149;158;178m[48;2;94;99;114m▄[38;2;92;90;96m[48;2;129;136;153m▄[38;2;43;35;33m[48;2;107;109;120m▄[38;2;38;31;26m[48;2;83;82;90m▄[38;2;36;29;25m[48;2;50;51;58m▄[38;2;48;33;27m[48;2;99;89;95m▄[38;2;144;95;78m[48;2;177;119;98m▄[38;2;168;111;95m[48;2;190;135;118m▄[38;2;136;102;96m[48;2;107;100;110m▄[38;2;98;96;103m[48;2;67;74;92m▄[38;2;121;127;143m[48;2;98;109;130m▄[38;2;113;118;133m[48;2;90;99;122m▄[38;2;137;147;168m[48;2;106;118;144m▄[38;2;128;139;161m[48;2;90;104;130m▄[38;2;136;127;133m[48;2;118;101;103m▄[38;2;255;255;244m[48;2;181;147;125m▄[38;2;153;164;181m[48;2;107;115;126m▄[38;2;53;72;110m[48;2;64;77;104m▄[38;2;80;97;135m[48;2;65;76;106m▄[38;2;79;98;140m[48;2;56;70;107m▄[38;2;83;98;133m[48;2;108;125;147m▄[38;2;87;104;136m[48;2;183;210;223m▄[38;2;73;92;127m[48;2;165;191;206m▄[38;2;54;70;101m[48;2;152;176;193m▄[38;2;176;180;184m[48;2;207;214;218m▄[38;2;255;255;255m[48;2;255;255;255m▄[38;2;255;255;255m[48;2;255;254;253m▄[38;2;255;255;255m[48;2;255;253;252m▄[38;2;255;255;255m[48;2;254;253;250m▄[38;2;255;255;255m[48;2;255;255;255m▄[0m
