[38;2;199;152;5m[48;2;193;150;10m▄[38;2;234;180;5m[48;2;216;164;7m▄[38;2;218;168;2m[48;2;200;154;3m▄[38;2;225;175;2m[48;2;202;154;1m▄[38;2;218;167;4m[48;2;206;162;0m▄[38;2;192;140;6m[48;2;216;169;3m▄[38;2;175;120;5m[48;2;212;166;5m▄[38;2;170;113;4m[48;2;204;158;5m▄[38;2;167;111;4m[48;2;204;156;7m▄[38;2;174;117;5m[48;2;210;160;7m▄[38;2;178;124;7m[48;2;216;169;9m▄[38;2;197;145;8m[48;2;220;175;9m▄[38;2;232;177;9m[48;2;212;168;7m▄[38;2;241;179;9m[48;2;208;168;7m▄[38;2;239;172;10m[48;2;210;173;9m▄[38;2;240;151;10m[48;2;214;181;9m▄[38;2;248;150;9m[48;2;214;181;9m▄[38;2;239;153;10m[48;2;220;183;11m▄[38;2;240;157;11m[48;2;220;183;11m▄[38;2;244;166;11m[48;2;218;181;11m▄[38;2;247;184;10m[48;2;216;175;11m▄[38;2;238;193;10m[48;2;218;169;9m▄[38;2;235;191;10m[48;2;218;169;11m▄[38;2;237;187;10m[48;2;218;169;11m▄[38;2;238;186;9m[48;2;220;171;9m▄[38;2;237;186;9m[48;2;220;171;9m▄[38;2;238;187;9m[48;2;220;171;9m▄[38;2;239;188;9m[48;2;220;171;9m▄[38;2;238;187;9m[48;2;220;171;9m▄[38;2;235;180;0m[48;2;216;166;0m▄[38;2;255;234;157m[48;2;235;216;146m▄[38;2;255;255;255m[48;2;254;254;254m▄[38;2;255;255;255m[48;2;254;254;254m▄[38;2;255;255;255m[48;2;254;254;254m▄[38;2;255;255;255m[48;2;254;254;254m▄[38;2;255;255;255m[48;2;254;254;254m▄[38;2;255;255;255m[48;2;254;254;254m▄[38;2;255;255;255m[48;2;254;254;254m▄[38;2;255;255;255m[48;2;254;254;254m▄[38;2;255;255;255m[48;2;254;254;254m▄[38;2;255;255;255m[48;2;254;254;254m▄[38;2;255;255;255m[48;2;254;254;254m▄[38;2;255;255;255m[48;2;254;254;254m▄[38;2;255;255;255m[48;2;254;254;254m▄[38;2;255;255;255m[48;2;254;254;254m▄[38;2;255;255;255m[48;2;254;254;254m▄[38;2;255;255;255m[48;2;254;254;254m▄[38;2;255;255;255m[48;2;254;254;254m▄[38;2;255;255;255m[48;2;254;254;254m▄[38;2;255;255;255m[48;2;254;254;254m▄[38;2;255;255;255m[48;2;254;254;254m▄[38;2;255;255;255m[48;2;254;254;254m▄[38;2;255;255;255m[48;2;254;254;254m▄[38;2;255;255;255m[48;2;254;254;254m▄[38;2;255;255;255m[48;2;254;254;254m▄[38;2;255;255;255m[48;2;254;254;254m▄[38;2;255;255;255m[48;2;254;254;254m▄[38;2;255;255;255m[48;2;254;254;254m▄[38;2;255;255;255m[48;2;254;254;254m▄[38;2;255;255;255m[48;2;254;254;254m▄[0m
[38;2;202;157;1m[48;2;202;155;1m▄[38;2;224;174;1m[48;2;218;169;1m▄[38;2;191;145;6m[48;2;207;161;2m▄[38;2;102;57;4m[48;2;180;133;6m▄[38;2;92;44;2m[48;2;133;83;4m▄[38;2;105;51;2m[48;2;119;67;3m▄[38;2;127;65;2m[48;2;119;68;3m▄[38;2;141;73;3m[48;2;128;75;4m▄[38;2;128;68;3m[48;2;122;70;2m▄[38;2;128;68;4m[48;2;127;73;2m▄[38;2;138;73;3m[48;2;133;76;2m▄[38;2;146;77;3m[48;2;140;85;4m▄[38;2;157;74;6m[48;2;173;97;7m▄[38;2;160;44;6m[48;2;181;49;7m▄[38;2;166;30;8m[48;2;170;34;7m▄[38;2;191;61;9m[48;2;174;25;8m▄[38;2;190;52;9m[48;2;157;19;8m▄[38;2;116;13;8m[48;2;133;10;7m▄[38;2;114;9;8m[48;2;144;13;8m▄[38;2;161;31;9m[48;2;162;24;7m▄[38;2;183;30;9m[48;2;194;52;7m▄[38;2;211;50;6m[48;2;234;109;7m▄[38;2;241;75;5m[48;2;237;154;7m▄[38;2;247;109;5m[48;2;223;177;6m▄[38;2;227;168;4m[48;2;221;178;5m▄[38;2;223;180;2m[48;2;222;174;3m▄[38;2;224;177;2m[48;2;223;175;4m▄[38;2;224;177;3m[48;2;222;176;5m▄[38;2;224;177;3m[48;2;222;175;5m▄[38;2;220;171;0m[48;2;218;169;0m▄[38;2;238;218;146m[48;2;237;217;146m▄[38;2;255;255;255m[48;2;255;255;255m▄[38;2;255;255;255m[48;2;255;255;255m▄[38;2;255;255;255m[48;2;255;255;255m▄[38;2;255;255;255m[48;2;255;255;255m▄[38;2;255;255;255m[48;2;255;255;255m▄[38;2;255;255;255m[48;2;255;255;255m▄[38;2;255;255;255m[48;2;255;255;255m▄[38;2;255;255;255m[48;2;255;255;255m▄[38;2;255;255;255m[48;2;255;255;255m▄[38;2;255;255;255m[48;2;255;255;255m▄[38;2;255;255;255m[48;2;255;255;255m▄[38;2;255;255;255m[48;2;255;255;255m▄[38;2;255;255;255m[48;2;255;255;255m▄[38;2;255;255;255m[48;2;255;255;255m▄[38;2;255;255;255m[48;2;255;255;255m▄[38;2;255;255;255m[48;2;255;255;255m▄[38;2;255;255;255m[48;2;255;255;255m▄[38;2;255;255;255m[48;2;255;255;255m▄[38;2;255;255;255m[48;2;255;255;255m▄[38;2;255;255;255m[48;2;255;255;255m▄[38;2;255;255;255m[48;2;255;255;255m▄[38;2;255;255;255m[48;2;255;255;255m▄[38;2;255;255;255m[48;2;255;255;255m▄[38;2;255;255;255m[48;2;255;255;255m▄[38;2;255;255;255m[48;2;255;255;255m▄[38;2;255;255;255m[48;2;255;255;255m▄[38;2;255;255;255m[48;2;255;255;255m▄[38;2;255;255;255m[48;2;255;255;255m▄[38;2;255;255;255m[48;2;255;255;255m▄[0m
[38;2;206;157;1m[48;2;204;155;1m▄[38;2;225;172;3m[48;2;227;174;2m▄[38;2;214;166;7m[48;2;200;151;7m▄[38;2;215;157;8m[48;2;147;87;3m▄[38;2;166;95;4m[48;2;143;71;2m▄[38;2;152;75;4m[48;2;148;70;2m▄[38;2;123;54;4m[48;2;148;68;5m▄[38;2;97;42;5m[48;2;149;68;5m▄[38;2;118;51;5m[48;2;147;69;4m▄[38;2;145;65;4m[48;2;155;75;3m▄[38;2;163;74;3m[48;2;162;82;3m▄[38;2;151;70;3m[48;2;151;73;3m▄[38;2;110;42;3m[48;2;149;50;4m▄[38;2;151;61;6m[48;2;162;60;4m▄[38;2;191;96;7m[48;2;184;82;6m▄[38;2;188;97;5m[48;2;200;97;7m▄[38;2;189;99;7m[48;2;201;91;5m▄[38;2;175;63;8m[48;2;187;47;8m▄[38;2;152;21;6m[48;2;179;24;9m▄[38;2;198;70;8m[48;2;195;39;9m▄[38;2;176;44;11m[48;2;188;33;9m▄[38;2;162;20;10m[48;2;190;41;7m▄[38;2;188;26;10m[48;2;209;59;5m▄[38;2;225;71;5m[48;2;237;71;3m▄[38;2;239;144;5m[48;2;231;140;5m▄[38;2;232;176;3m[48;2;223;187;3m▄[38;2;224;185;3m[48;2;224;179;1m▄[38;2;223;186;3m[48;2;225;179;3m▄[38;2;224;180;0m[48;2;225;178;1m▄[38;2;223;173;0m[48;2;222;173;0m▄[38;2;240;219;148m[48;2;239;219;146m▄[38;2;255;255;255m[48;2;255;255;255m▄[38;2;255;255;255m[48;2;255;255;255m▄[38;2;255;255;255m[48;2;255;255;255m▄[38;2;255;255;255m[48;2;255;255;255m▄[38;2;255;255;255m[48;2;255;255;255m▄[38;2;255;255;255m[48;2;255;255;255m▄[38;2;255;255;255m[48;2;255;255;255m▄[38;2;255;255;255m[48;2;255;255;255m▄[38;2;255;255;255m[48;2;255;255;255m▄[38;2;255;255;255m[48;2;255;255;255m▄[38;2;255;255;255m[48;2;255;255;255m▄[38;2;255;255;255m[48;2;255;255;255m▄[38;2;255;255;255m[48;2;255;255;255m▄[38;2;255;255;255m[48;2;255;255;255m▄[38;2;255;255;255m[48;2;255;255;255m▄[38;2;255;255;255m[48;2;255;255;255m▄[38;2;255;255;255m[48;2;255;255;255m▄[38;2;255;255;255m[48;2;255;255;255m▄[38;2;255;255;255m[48;2;255;255;255m▄[38;2;255;255;255m[48;2;255;255;255m▄[38;2;255;255;255m[48;2;255;255;255m▄[38;2;255;255;255m[48;2;255;255;255m▄[38;2;255;255;255m[48;2;255;255;255m▄[38;2;255;255;255m[48;2;255;255;255m▄[38;2;255;255;255m[48;2;255;255;255m▄[38;2;255;255;255m[48;2;255;255;255m▄[38;2;255;255;255m[48;2;255;255;255m▄[38;2;255;255;255m[48;2;255;255;255m▄[38;2;255;255;255m[48;2;255;255;255m▄[0m
[38;2;206;159;3m[48;2;208;159;3m▄[38;2;223;173;5m[48;2;224;174;4m▄[38;2;208;164;6m[48;2;208;161;6m▄[38;2;213;164;9m[48;2;216;171;9m▄[38;2;184;69;7m[48;2;196;139;12m▄[38;2;134;13;8m[48;2;163;86;8m▄[38;2;131;36;7m[48;2;150;73;3m▄[38;2;101;33;5m[48;2;125;52;2m▄[38;2;91;35;4m[48;2;133;58;4m▄[38;2;99;36;3m[48;2;145;64;5m▄[38;2;94;33;3m[48;2;138;56;4m▄[38;2;44;18;1m[48;2;102;39;3m▄[38;2;92;17;6m[48;2;35;16;0m▄[38;2;154;17;7m[48;2;79;23;3m▄[38;2;154;34;7m[48;2;193;85;7m▄[38;2;186;105;5m[48;2;199;110;6m▄[38;2;201;115;6m[48;2;206;116;7m▄[38;2;193;111;6m[48;2;185;94;5m▄[38;2;198;106;5m[48;2;164;62;5m▄[38;2;160;64;6m[48;2;167;62;4m▄[38;2;140;7;6m[48;2;144;28;9m▄[38;2;178;27;9m[48;2;185;25;11m▄[38;2;198;48;8m[48;2;217;52;10m▄[38;2;200;51;6m[48;2;244;84;6m▄[38;2;208;55;6m[48;2;251;88;6m▄[38;2;225;63;6m[48;2;251;94;6m▄[38;2;238;69;6m[48;2;249;122;5m▄[38;2;245;76;4m[48;2;240;153;4m▄[38;2;249;102;5m[48;2;228;179;3m▄[38;2;242;133;0m[48;2;221;181;0m▄[38;2;244;211;144m[48;2;239;222;149m▄[38;2;255;255;255m[48;2;255;255;255m▄[38;2;255;255;255m[48;2;255;255;255m▄[38;2;255;255;255m[48;2;255;255;255m▄[38;2;255;255;255m[48;2;255;255;255m▄[38;2;255;255;255m[48;2;255;255;255m▄[38;2;255;255;255m[48;2;255;255;255m▄[38;2;255;255;255m[48;2;255;255;255m▄[38;2;255;255;255m[48;2;255;255;255m▄[38;2;255;255;255m[48;2;255;255;255m▄[38;2;255;255;255m[48;2;255;255;255m▄[38;2;255;255;255m[48;2;255;255;255m▄[38;2;255;255;255m[48;2;255;255;255m▄[38;2;255;255;255m[48;2;255;255;255m▄[38;2;255;255;255m[48;2;255;255;255m▄[38;2;255;255;255m[48;2;255;255;255m▄[38;2;255;255;255m[48;2;255;255;255m▄[38;2;255;255;255m[48;2;255;255;255m▄[38;2;255;255;255m[48;2;255;255;255m▄[38;2;255;255;255m[48;2;255;255;255m▄[38;2;255;255;255m[48;2;255;255;255m▄[38;2;255;255;255m[48;2;255;255;255m▄[38;2;255;255;255m[48;2;255;255;255m▄[38;2;255;255;255m[48;2;255;255;255m▄[38;2;255;255;255m[48;2;255;255;255m▄[38;2;255;255;255m[48;2;255;255;255m▄[38;2;255;255;255m[48;2;255;255;255m▄[38;2;255;255;255m[48;2;255;255;255m▄[38;2;255;255;255m[48;2;255;255;255m▄[38;2;255;255;255m[48;2;255;255;255m▄[0m
[38;2;206;159;3m[48;2;206;159;3m▄[38;2;222;173;5m[48;2;223;173;5m▄[38;2;206;164;6m[48;2;208;162;7m▄[38;2;214;161;8m[48;2;209;172;8m▄[38;2;232;95;4m[48;2;221;142;8m▄[38;2;216;65;5m[48;2;195;48;5m▄[38;2;183;38;6m[48;2;160;28;7m▄[38;2;188;42;5m[48;2;139;25;6m▄[38;2;168;31;6m[48;2;121;22;7m▄[38;2;153;22;6m[48;2;103;24;4m▄[38;2;164;33;6m[48;2;69;18;3m▄[38;2;174;37;6m[48;2;40;10;2m▄[38;2;178;37;7m[48;2;95;13;6m▄[38;2;172;24;9m[48;2;133;11;8m▄[38;2;179;26;9m[48;2;154;20;8m▄[38;2;166;25;7m[48;2;170;80;7m▄[38;2;152;47;6m[48;2;182;104;4m▄[38;2;122;25;6m[48;2;185;101;6m▄[38;2;127;10;7m[48;2;132;52;5m▄[38;2;151;12;8m[48;2;118;15;6m▄[38;2;171;19;8m[48;2;158;15;7m▄[38;2;182;29;8m[48;2;182;33;8m▄[38;2;181;29;9m[48;2;184;34;8m▄[38;2;164;17;8m[48;2;178;27;9m▄[38;2;174;24;9m[48;2;182;30;9m▄[38;2;183;30;8m[48;2;202;53;6m▄[38;2;185;34;8m[48;2;211;60;6m▄[38;2;188;36;8m[48;2;218;63;6m▄[38;2;198;45;8m[48;2;221;60;5m▄[38;2;224;46;0m[48;2;231;48;0m▄[38;2;248;174;141m[48;2;249;174;140m▄[38;2;255;255;255m[48;2;255;255;255m▄[38;2;255;255;255m[48;2;255;255;255m▄[38;2;255;255;255m[48;2;255;255;255m▄[38;2;255;255;255m[48;2;255;255;255m▄[38;2;255;255;255m[48;2;255;255;255m▄[38;2;255;255;255m[48;2;255;255;255m▄[38;2;255;255;255m[48;2;255;255;255m▄[38;2;255;255;255m[48;2;255;255;255m▄[38;2;255;255;255m[48;2;255;255;255m▄[38;2;255;255;255m[48;2;255;255;255m▄[38;2;255;255;255m[48;2;255;255;255m▄[38;2;255;255;255m[48;2;255;255;255m▄[38;2;255;255;255m[48;2;255;255;255m▄[38;2;255;255;255m[48;2;255;255;255m▄[38;2;255;255;255m[48;2;255;255;255m▄[38;2;255;255;255m[48;2;255;255;255m▄[38;2;255;255;255m[48;2;255;255;255m▄[38;2;255;255;255m[48;2;255;255;255m▄[38;2;255;255;255m[48;2;255;255;255m▄[38;2;255;255;255m[48;2;255;255;255m▄[38;2;255;255;255m[48;2;255;255;255m▄[38;2;255;255;255m[48;2;255;255;255m▄[38;2;255;255;255m[48;2;255;255;255m▄[38;2;255;255;255m[48;2;255;255;255m▄[38;2;255;255;255m[48;2;255;255;255m▄[38;2;255;255;255m[48;2;255;255;255m▄[38;2;255;255;255m[48;2;255;255;255m▄[38;2;255;255;255m[48;2;255;255;255m▄[38;2;255;255;255m[48;2;255;255;255m▄[0m
[38;2;206;165;5m[48;2;206;159;3m▄[38;2;226;162;7m[48;2;222;176;5m▄[38;2;205;90;8m[48;2;210;173;7m▄[38;2;201;51;5m[48;2;227;119;7m▄[38;2;212;62;6m[48;2;218;60;5m▄[38;2;217;69;5m[48;2;200;59;6m▄[38;2;214;66;5m[48;2;181;39;6m▄[38;2;212;62;7m[48;2;175;29;7m▄[38;2;182;33;8m[48;2;185;43;8m▄[38;2;170;30;7m[48;2;198;53;6m▄[38;2;177;34;7m[48;2;205;54;6m▄[38;2;164;22;7m[48;2;196;41;7m▄[38;2;161;26;5m[48;2;182;30;7m▄[38;2;165;28;5m[48;2;173;27;8m▄[38;2;167;26;7m[48;2;161;22;8m▄[38;2;124;17;7m[48;2;163;19;8m▄[38;2;114;12;6m[48;2;158;18;9m▄[38;2;149;15;7m[48;2;142;10;8m▄[38;2;155;16;8m[48;2;160;19;9m▄[38;2;157;18;8m[48;2;160;17;8m▄[38;2;158;23;6m[48;2;167;27;7m▄[38;2;167;29;6m[48;2;174;28;7m▄[38;2;174;30;7m[48;2;175;20;9m▄[38;2;157;18;8m[48;2;157;19;7m▄[38;2;113;9;7m[48;2;157;22;7m▄[38;2;156;22;7m[48;2;171;25;7m▄[38;2;176;26;8m[48;2;161;17;8m▄[38;2;169;19;7m[48;2;168;25;8m▄[38;2;164;20;8m[48;2;197;46;9m▄[38;2;152;4;0m[48;2;200;37;0m▄[38;2;204;148;139m[48;2;222;160;140m▄[38;2;255;255;255m[48;2;255;255;255m▄[38;2;255;255;255m[48;2;255;255;255m▄[38;2;255;255;255m[48;2;255;255;255m▄[38;2;255;255;255m[48;2;255;255;255m▄[38;2;255;255;255m[48;2;255;255;255m▄[38;2;255;255;255m[48;2;255;255;255m▄[38;2;255;255;255m[48;2;255;255;255m▄[38;2;255;255;255m[48;2;255;255;255m▄[38;2;255;255;255m[48;2;255;255;255m▄[38;2;255;255;255m[48;2;255;255;255m▄[38;2;255;255;255m[48;2;255;255;255m▄[38;2;255;255;255m[48;2;255;255;255m▄[38;2;255;255;255m[48;2;255;255;255m▄[38;2;255;255;255m[48;2;255;255;255m▄[38;2;255;255;255m[48;2;255;255;255m▄[38;2;255;255;255m[48;2;255;255;255m▄[38;2;255;255;255m[48;2;255;255;255m▄[38;2;255;255;255m[48;2;255;255;255m▄[38;2;255;255;255m[48;2;255;255;255m▄[38;2;255;255;255m[48;2;255;255;255m▄[38;2;255;255;255m[48;2;255;255;255m▄[38;2;255;255;255m[48;2;255;255;255m▄[38;2;255;255;255m[48;2;255;255;255m▄[38;2;255;255;255m[48;2;255;255;255m▄[38;2;255;255;255m[48;2;255;255;255m▄[38;2;255;255;255m[48;2;255;255;255m▄[38;2;255;255;255m[48;2;255;255;255m▄[38;2;255;255;255m[48;2;255;255;255m▄[38;2;255;255;255m[48;2;255;255;255m▄[0m
[38;2;204;157;1m[48;2;206;170;5m▄[38;2;221;174;3m[48;2;221;145;8m▄[38;2;206;126;5m[48;2;184;28;6m▄[38;2;210;72;4m[48;2;197;49;5m▄[38;2;189;42;4m[48;2;212;65;5m▄[38;2;171;37;6m[48;2;197;54;4m▄[38;2;168;37;3m[48;2;185;45;4m▄[38;2;161;33;2m[48;2;171;29;6m▄[38;2;160;31;3m[48;2;157;15;6m▄[38;2;156;19;4m[48;2;158;21;6m▄[38;2;156;19;5m[48;2;158;26;5m▄[38;2;145;18;7m[48;2;158;25;5m▄[38;2;133;16;7m[48;2;163;27;4m▄[38;2;140;23;6m[48;2;158;24;6m▄[38;2;136;18;7m[48;2;124;12;7m▄[38;2;120;12;7m[48;2;87;11;6m▄[38;2;122;24;4m[48;2;118;19;4m▄[38;2;169;25;7m[48;2;163;19;6m▄[38;2;178;31;8m[48;2;169;25;7m▄[38;2;170;16;8m[48;2;176;31;7m▄[38;2;169;16;9m[48;2;177;31;7m▄[38;2;167;16;8m[48;2;179;36;7m▄[38;2;167;19;8m[48;2;173;31;7m▄[38;2;169;25;7m[48;2;175;21;8m▄[38;2;175;24;8m[48;2;145;16;8m▄[38;2;144;15;9m[48;2;122;9;9m▄[38;2;129;12;8m[48;2;167;23;8m▄[38;2;149;14;8m[48;2;177;28;7m▄[38;2;175;27;7m[48;2;169;21;7m▄[38;2;167;6;0m[48;2;163;4;0m▄[38;2;208;146;140m[48;2;211;150;140m▄[38;2;255;255;255m[48;2;255;255;255m▄[38;2;255;255;255m[48;2;255;255;255m▄[38;2;255;255;255m[48;2;255;255;255m▄[38;2;255;255;255m[48;2;255;255;255m▄[38;2;255;255;255m[48;2;255;255;255m▄[38;2;255;255;255m[48;2;255;255;255m▄[38;2;255;255;255m[48;2;255;255;255m▄[38;2;255;255;255m[48;2;255;255;255m▄[38;2;255;255;255m[48;2;255;255;255m▄[38;2;255;255;255m[48;2;255;255;255m▄[38;2;255;255;255m[48;2;255;255;255m▄[38;2;255;255;255m[48;2;255;255;255m▄[38;2;255;255;255m[48;2;255;255;255m▄[38;2;255;255;255m[48;2;255;255;255m▄[38;2;255;255;255m[48;2;255;255;255m▄[38;2;255;255;255m[48;2;255;255;255m▄[38;2;255;255;255m[48;2;255;255;255m▄[38;2;255;255;255m[48;2;255;255;255m▄[38;2;255;255;255m[48;2;255;255;255m▄[38;2;255;255;255m[48;2;255;255;255m▄[38;2;255;255;255m[48;2;255;255;255m▄[38;2;255;255;255m[48;2;255;255;255m▄[38;2;255;255;255m[48;2;255;255;255m▄[38;2;255;255;255m[48;2;255;255;255m▄[38;2;255;255;255m[48;2;255;255;255m▄[38;2;255;255;255m[48;2;255;255;255m▄[38;2;255;255;255m[48;2;255;255;255m▄[38;2;255;255;255m[48;2;255;255;255m▄[38;2;255;255;255m[48;2;255;255;255m▄[0m
[38;2;210;163;7m[48;2;204;155;0m▄[38;2;227;177;7m[48;2;219;169;0m▄[38;2;210;164;7m[48;2;205;165;2m▄[38;2;210;169;7m[48;2;208;153;5m▄[38;2;214;173;8m[48;2;199;94;4m▄[38;2;212;155;9m[48;2;174;45;3m▄[38;2;206;139;9m[48;2;165;35;2m▄[38;2;203;129;9m[48;2;160;29;2m▄[38;2;203;139;10m[48;2;160;25;3m▄[38;2;216;175;10m[48;2;182;71;7m▄[38;2;212;142;8m[48;2;171;47;6m▄[38;2;193;102;7m[48;2;125;0;5m▄[38;2;188;99;7m[48;2;124;0;7m▄[38;2;186;97;7m[48;2;132;0;8m▄[38;2;175;92;8m[48;2;129;0;7m▄[38;2;178;94;7m[48;2;130;3;4m▄[38;2;163;113;7m[48;2;103;30;2m▄[38;2;179;109;7m[48;2;153;32;4m▄[38;2;193;98;7m[48;2;176;22;6m▄[38;2;187;96;6m[48;2;159;2;7m▄[38;2;185;96;5m[48;2;159;8;7m▄[38;2;187;99;5m[48;2;160;15;5m▄[38;2;187;97;5m[48;2;162;20;4m▄[38;2;185;94;6m[48;2;155;14;5m▄[38;2;178;89;6m[48;2;158;11;7m▄[38;2;182;92;5m[48;2;157;13;6m▄[38;2;177;88;6m[48;2;130;2;7m▄[38;2;169;84;8m[48;2;120;0;8m▄[38;2;164;83;9m[48;2;137;3;7m▄[38;2;165;72;1m[48;2;150;0;0m▄[38;2;215;178;143m[48;2;206;143;139m▄[38;2;255;255;255m[48;2;255;255;255m▄[38;2;255;255;255m[48;2;255;255;255m▄[38;2;255;255;255m[48;2;255;255;255m▄[38;2;255;255;255m[48;2;255;255;255m▄[38;2;255;255;255m[48;2;255;255;255m▄[38;2;255;255;255m[48;2;255;255;255m▄[38;2;255;255;255m[48;2;255;255;255m▄[38;2;255;255;255m[48;2;255;255;255m▄[38;2;255;255;255m[48;2;255;255;255m▄[38;2;255;255;255m[48;2;255;255;255m▄[38;2;255;255;255m[48;2;255;255;255m▄[38;2;255;255;255m[48;2;255;255;255m▄[38;2;255;255;255m[48;2;255;255;255m▄[38;2;255;255;255m[48;2;255;255;255m▄[38;2;255;255;255m[48;2;255;255;255m▄[38;2;255;255;255m[48;2;255;255;255m▄[38;2;255;255;255m[48;2;255;255;255m▄[38;2;255;255;255m[48;2;255;255;255m▄[38;2;255;255;255m[48;2;255;255;255m▄[38;2;255;255;255m[48;2;255;255;255m▄[38;2;255;255;255m[48;2;255;255;255m▄[38;2;255;255;255m[48;2;255;255;255m▄[38;2;255;255;255m[48;2;255;255;255m▄[38;2;255;255;255m[48;2;255;255;255m▄[38;2;255;255;255m[48;2;255;255;255m▄[38;2;255;255;255m[48;2;255;255;255m▄[38;2;255;255;255m[48;2;255;255;255m▄[38;2;255;255;255m[48;2;255;255;255m▄[38;2;255;255;255m[48;2;255;255;255m▄[0m
[38;2;221;174;5m[48;2;221;174;9m▄[38;2;240;189;6m[48;2;239;187;10m▄[38;2;222;175;6m[48;2;220;174;9m▄[38;2;221;175;6m[48;2;221;174;9m▄[38;2;222;175;6m[48;2;220;173;9m▄[38;2;221;175;5m[48;2;220;177;9m▄[38;2;221;174;7m[48;2;221;179;11m▄[38;2;220;174;8m[48;2;221;180;11m▄[38;2;220;173;8m[48;2;220;178;11m▄[38;2;220;173;9m[48;2;217;171;11m▄[38;2;218;172;10m[48;2;216;175;12m▄[38;2;218;171;10m[48;2;220;181;12m▄[38;2;218;170;11m[48;2;219;181;11m▄[38;2;218;170;12m[48;2;218;180;10m▄[38;2;216;169;11m[48;2;219;179;9m▄[38;2;214;168;10m[48;2;218;178;9m▄[38;2;214;169;9m[48;2;219;174;9m▄[38;2;213;165;9m[48;2;216;175;9m▄[38;2;208;152;9m[48;2;212;177;8m▄[38;2;199;137;9m[48;2;211;174;7m▄[38;2;194;130;10m[48;2;209;172;6m▄[38;2;197;136;11m[48;2;210;173;5m▄[38;2;203;150;8m[48;2;210;173;3m▄[38;2;207;162;5m[48;2;207;169;2m▄[38;2;205;160;4m[48;2;207;168;2m▄[38;2;204;158;2m[48;2;206;167;1m▄[38;2;203;157;1m[48;2;206;167;2m▄[38;2;202;156;1m[48;2;205;165;4m▄[38;2;201;155;3m[48;2;203;163;7m▄[38;2;194;144;0m[48;2;195;152;0m▄[38;2;226;206;144m[48;2;226;210;144m▄[38;2;255;255;255m[48;2;255;255;255m▄[38;2;255;255;255m[48;2;255;255;255m▄[38;2;255;255;255m[48;2;255;255;255m▄[38;2;255;255;255m[48;2;255;255;255m▄[38;2;255;255;255m[48;2;255;255;255m▄[38;2;255;255;255m[48;2;255;255;255m▄[38;2;255;255;255m[48;2;255;255;255m▄[38;2;255;255;255m[48;2;255;255;255m▄[38;2;255;255;255m[48;2;255;255;255m▄[38;2;255;255;255m[48;2;255;255;255m▄[38;2;255;255;255m[48;2;255;255;255m▄[38;2;255;255;255m[48;2;255;255;255m▄[38;2;255;255;255m[48;2;255;255;255m▄[38;2;255;255;255m[48;2;255;255;255m▄[38;2;255;255;255m[48;2;255;255;255m▄[38;2;255;255;255m[48;2;255;255;255m▄[38;2;255;255;255m[48;2;255;255;255m▄[38;2;255;255;255m[48;2;255;255;255m▄[38;2;255;255;255m[48;2;255;255;255m▄[38;2;255;255;255m[48;2;255;255;255m▄[38;2;255;255;255m[48;2;255;255;255m▄[38;2;255;255;255m[48;2;255;255;255m▄[38;2;255;255;255m[48;2;255;255;255m▄[38;2;255;255;255m[48;2;255;255;255m▄[38;2;255;255;255m[48;2;255;255;255m▄[38;2;255;255;255m[48;2;255;255;255m▄[38;2;255;255;255m[48;2;255;255;255m▄[38;2;255;255;255m[48;2;255;255;255m▄[38;2;255;255;255m[48;2;255;255;255m▄[0m
[38;2;228;178;1m[48;2;223;176;3m▄[38;2;245;192;2m[48;2;241;192;4m▄[38;2;225;178;2m[48;2;223;177;3m▄[38;2;225;178;2m[48;2;223;177;3m▄[38;2;225;178;2m[48;2;223;177;3m▄[38;2;225;178;2m[48;2;223;177;4m▄[38;2;224;178;2m[48;2;223;176;5m▄[38;2;224;177;3m[48;2;222;175;5m▄[38;2;223;177;4m[48;2;222;175;5m▄[38;2;223;177;4m[48;2;221;174;7m▄[38;2;222;176;4m[48;2;221;174;8m▄[38;2;221;174;6m[48;2;220;173;7m▄[38;2;220;174;7m[48;2;219;172;8m▄[38;2;218;172;8m[48;2;218;172;11m▄[38;2;218;176;7m[48;2;218;171;12m▄[38;2;222;180;8m[48;2;217;172;10m▄[38;2;212;148;9m[48;2;213;166;9m▄[38;2;188;109;10m[48;2;188;123;11m▄[38;2;159;82;11m[48;2;160;89;11m▄[38;2;164;86;11m[48;2;192;110;12m▄[38;2;155;79;13m[48;2;189;105;13m▄[38;2;153;77;11m[48;2;153;80;11m▄[38;2;171;91;12m[48;2;173;98;13m▄[38;2;178;110;10m[48;2;190;131;11m▄[38;2;204;159;8m[48;2;205;161;7m▄[38;2;208;164;5m[48;2;206;159;4m▄[38;2;205;159;4m[48;2;204;157;2m▄[38;2;204;158;2m[48;2;203;157;1m▄[38;2;203;157;1m[48;2;202;156;1m▄[38;2;198;148;0m[48;2;198;146;0m▄[38;2;228;208;145m[48;2;227;207;145m▄[38;2;255;255;255m[48;2;255;255;255m▄[38;2;255;255;255m[48;2;255;255;255m▄[38;2;255;255;255m[48;2;255;255;255m▄[38;2;255;255;255m[48;2;255;255;255m▄[38;2;255;255;255m[48;2;255;255;255m▄[38;2;255;255;255m[48;2;255;255;255m▄[38;2;255;255;255m[48;2;255;255;255m▄[38;2;255;255;255m[48;2;255;255;255m▄[38;2;255;255;255m[48;2;255;255;255m▄[38;2;255;255;255m[48;2;255;255;255m▄[38;2;255;255;255m[48;2;255;255;255m▄[38;2;255;255;255m[48;2;255;255;255m▄[38;2;255;255;255m[48;2;255;255;255m▄[38;2;255;255;255m[48;2;255;255;255m▄[38;2;255;255;255m[48;2;255;255;255m▄[38;2;255;255;255m[48;2;255;255;255m▄[38;2;255;255;255m[48;2;255;255;255m▄[38;2;255;255;255m[48;2;255;255;255m▄[38;2;255;255;255m[48;2;255;255;255m▄[38;2;255;255;255m[48;2;255;255;255m▄[38;2;255;255;255m[48;2;255;255;255m▄[38;2;255;255;255m[48;2;255;255;255m▄[38;2;255;255;255m[48;2;255;255;255m▄[38;2;255;255;255m[48;2;255;255;255m▄[38;2;255;255;255m[48;2;255;255;255m▄[38;2;255;255;255m[48;2;255;255;255m▄[38;2;255;255;255m[48;2;255;255;255m▄[38;2;255;255;255m[48;2;255;255;255m▄[38;2;255;255;255m[48;2;255;255;255m▄[0m
[38;2;225;180;3m[48;2;226;180;1m▄[38;2;244;195;4m[48;2;245;193;3m▄[38;2;225;180;3m[48;2;226;179;3m▄[38;2;226;180;3m[48;2;225;179;3m▄[38;2;225;180;3m[48;2;225;179;3m▄[38;2;226;179;3m[48;2;225;179;2m▄[38;2;226;180;3m[48;2;225;179;2m▄[38;2;225;180;3m[48;2;225;178;2m▄[38;2;224;179;2m[48;2;224;178;2m▄[38;2;225;178;2m[48;2;223;177;3m▄[38;2;224;178;2m[48;2;223;177;3m▄[38;2;222;183;2m[48;2;222;175;4m▄[38;2;223;185;3m[48;2;221;176;5m▄[38;2;226;137;8m[48;2;221;183;6m▄[38;2;222;70;10m[48;2;217;166;8m▄[38;2;207;36;10m[48;2;210;128;10m▄[38;2;161;44;10m[48;2;175;91;11m▄[38;2;89;49;7m[48;2;133;70;9m▄[38;2;72;33;6m[48;2;146;70;10m▄[38;2;64;29;6m[48;2;134;53;10m▄[38;2;76;35;7m[48;2;137;57;11m▄[38;2;69;34;8m[48;2;123;56;9m▄[38;2;96;43;9m[48;2;152;83;9m▄[38;2;137;33;9m[48;2;167;87;11m▄[38;2;135;22;9m[48;2;197;130;11m▄[38;2;153;36;8m[48;2;214;166;8m▄[38;2;175;71;9m[48;2;212;171;6m▄[38;2;195;125;9m[48;2;207;166;3m▄[38;2;205;162;2m[48;2;203;158;1m▄[38;2;199;149;0m[48;2;199;149;0m▄[38;2;229;208;144m[48;2;228;208;144m▄[38;2;255;255;255m[48;2;255;255;255m▄[38;2;255;255;255m[48;2;255;255;255m▄[38;2;255;255;255m[48;2;255;255;255m▄[38;2;255;255;255m[48;2;255;255;255m▄[38;2;255;255;255m[48;2;255;255;255m▄[38;2;255;255;255m[48;2;255;255;255m▄[38;2;255;255;255m[48;2;255;255;255m▄[38;2;255;255;255m[48;2;255;255;255m▄[38;2;255;255;255m[48;2;255;255;255m▄[38;2;255;255;255m[48;2;255;255;255m▄[38;2;255;255;255m[48;2;255;255;255m▄[38;2;255;255;255m[48;2;255;255;255m▄[38;2;255;255;255m[48;2;255;255;255m▄[38;2;255;255;255m[48;2;255;255;255m▄[38;2;255;255;255m[48;2;255;255;255m▄[38;2;255;255;255m[48;2;255;255;255m▄[38;2;255;255;255m[48;2;255;255;255m▄[38;2;255;255;255m[48;2;255;255;255m▄[38;2;255;255;255m[48;2;255;255;255m▄[38;2;255;255;255m[48;2;255;255;255m▄[38;2;255;255;255m[48;2;255;255;255m▄[38;2;255;255;255m[48;2;255;255;255m▄[38;2;255;255;255m[48;2;255;255;255m▄[38;2;255;255;255m[48;2;255;255;255m▄[38;2;255;255;255m[48;2;255;255;255m▄[38;2;255;255;255m[48;2;255;255;255m▄[38;2;255;255;255m[48;2;255;255;255m▄[38;2;255;255;255m[48;2;255;255;255m▄[38;2;255;255;255m[48;2;255;255;255m▄[0m
[38;2;226;181;3m[48;2;225;180;3m▄[38;2;245;196;4m[48;2;244;195;3m▄[38;2;226;181;4m[48;2;225;181;3m▄[38;2;226;181;4m[48;2;225;180;3m▄[38;2;226;181;4m[48;2;225;181;4m▄[38;2;226;181;4m[48;2;226;181;4m▄[38;2;226;180;3m[48;2;226;180;3m▄[38;2;224;188;3m[48;2;225;179;3m▄[38;2;230;176;5m[48;2;224;181;2m▄[38;2;229;115;7m[48;2;224;185;2m▄[38;2;238;91;6m[48;2;224;182;3m▄[38;2;249;77;6m[48;2;230;167;4m▄[38;2;218;41;8m[48;2;232;103;8m▄[38;2;177;24;9m[48;2;220;48;10m▄[38;2;172;18;8m[48;2;215;46;10m▄[38;2;121;20;5m[48;2;166;19;7m▄[38;2;115;44;3m[48;2;137;44;5m▄[38;2;150;61;4m[48;2;157;79;4m▄[38;2;155;63;4m[48;2;123;59;6m▄[38;2;149;58;5m[48;2;102;46;7m▄[38;2;130;47;2m[48;2;95;39;6m▄[38;2;139;36;4m[48;2;112;51;5m▄[38;2;184;30;7m[48;2;139;39;6m▄[38;2;207;47;9m[48;2;190;41;7m▄[38;2;199;40;9m[48;2;183;43;9m▄[38;2;192;40;9m[48;2;112;0;9m▄[38;2;180;30;9m[48;2;138;0;8m▄[38;2;200;53;7m[48;2;183;36;10m▄[38;2;210;147;5m[48;2;209;149;5m▄[38;2;198;156;0m[48;2;199;153;0m▄[38;2;229;208;142m[48;2;229;209;144m▄[38;2;255;255;255m[48;2;255;255;255m▄[38;2;255;255;255m[48;2;255;255;255m▄[38;2;255;255;255m[48;2;255;255;255m▄[38;2;255;255;255m[48;2;255;255;255m▄[38;2;255;255;255m[48;2;255;255;255m▄[38;2;255;255;255m[48;2;255;255;255m▄[38;2;255;255;255m[48;2;255;255;255m▄[38;2;255;255;255m[48;2;255;255;255m▄[38;2;255;255;255m[48;2;255;255;255m▄[38;2;255;255;255m[48;2;255;255;255m▄[38;2;255;255;255m[48;2;255;255;255m▄[38;2;255;255;255m[48;2;255;255;255m▄[38;2;255;255;255m[48;2;255;255;255m▄[38;2;255;255;255m[48;2;255;255;255m▄[38;2;255;255;255m[48;2;255;255;255m▄[38;2;255;255;255m[48;2;255;255;255m▄[38;2;255;255;255m[48;2;255;255;255m▄[38;2;255;255;255m[48;2;255;255;255m▄[38;2;255;255;255m[48;2;255;255;255m▄[38;2;255;255;255m[48;2;255;255;255m▄[38;2;255;255;255m[48;2;255;255;255m▄[38;2;255;255;255m[48;2;255;255;255m▄[38;2;255;255;255m[48;2;255;255;255m▄[38;2;255;255;255m[48;2;255;255;255m▄[38;2;255;255;255m[48;2;255;255;255m▄[38;2;255;255;255m[48;2;255;255;255m▄[38;2;255;255;255m[48;2;255;255;255m▄[38;2;255;255;255m[48;2;255;255;255m▄[38;2;255;255;255m[48;2;255;255;255m▄[0m
[38;2;225;180;3m[48;2;226;181;3m▄[38;2;244;195;3m[48;2;245;196;4m▄[38;2;225;179;3m[48;2;226;180;3m▄[38;2;226;179;3m[48;2;226;181;4m▄[38;2;224;183;3m[48;2;226;179;3m▄[38;2;228;178;4m[48;2;225;183;3m▄[38;2;248;121;6m[48;2;225;186;4m▄[38;2;246;65;4m[48;2;241;146;4m▄[38;2;219;46;8m[48;2;249;91;5m▄[38;2;233;62;8m[48;2;234;59;8m▄[38;2;227;64;6m[48;2;217;58;9m▄[38;2;205;46;7m[48;2;197;31;11m▄[38;2;213;54;7m[48;2;187;24;11m▄[38;2;188;38;8m[48;2;162;25;8m▄[38;2;128;63;6m[48;2;111;37;4m▄[38;2;178;141;7m[48;2;154;107;7m▄[38;2;199;156;8m[48;2;182;128;6m▄[38;2;206;162;4m[48;2;177;113;7m▄[38;2;204;160;5m[48;2;166;100;6m▄[38;2;202;165;5m[48;2;165;101;7m▄[38;2;192;105;9m[48;2;158;95;8m▄[38;2;177;16;8m[48;2;168;32;8m▄[38;2;172;19;9m[48;2;167;15;8m▄[38;2;157;21;7m[48;2;148;14;9m▄[38;2;184;58;7m[48;2;166;15;9m▄[38;2;199;67;7m[48;2;197;42;9m▄[38;2;182;37;8m[48;2;199;47;8m▄[38;2;185;41;6m[48;2;203;67;7m▄[38;2;200;45;6m[48;2;212;128;5m▄[38;2;199;57;0m[48;2;203;148;0m▄[38;2;231;186;141m[48;2;230;213;142m▄[38;2;255;255;255m[48;2;255;255;255m▄[38;2;255;255;255m[48;2;255;255;255m▄[38;2;255;255;255m[48;2;255;255;255m▄[38;2;255;255;255m[48;2;255;255;255m▄[38;2;255;255;255m[48;2;255;255;255m▄[38;2;255;255;255m[48;2;255;255;255m▄[38;2;255;255;255m[48;2;255;255;255m▄[38;2;255;255;255m[48;2;255;255;255m▄[38;2;255;255;255m[48;2;255;255;255m▄[38;2;255;255;255m[48;2;255;255;255m▄[38;2;255;255;255m[48;2;255;255;255m▄[38;2;255;255;255m[48;2;255;255;255m▄[38;2;255;255;255m[48;2;255;255;255m▄[38;2;255;255;255m[48;2;255;255;255m▄[38;2;255;255;255m[48;2;255;255;255m▄[38;2;255;255;255m[48;2;255;255;255m▄[38;2;255;255;255m[48;2;255;255;255m▄[38;2;255;255;255m[48;2;255;255;255m▄[38;2;255;255;255m[48;2;255;255;255m▄[38;2;255;255;255m[48;2;255;255;255m▄[38;2;255;255;255m[48;2;255;255;255m▄[38;2;255;255;255m[48;2;255;255;255m▄[38;2;255;255;255m[48;2;255;255;255m▄[38;2;255;255;255m[48;2;255;255;255m▄[38;2;255;255;255m[48;2;255;255;255m▄[38;2;255;255;255m[48;2;255;255;255m▄[38;2;255;255;255m[48;2;255;255;255m▄[38;2;255;255;255m[48;2;255;255;255m▄[38;2;255;255;255m[48;2;255;255;255m▄[0m
[38;2;225;180;1m[48;2;225;180;3m▄[38;2;243;193;2m[48;2;244;195;3m▄[38;2;223;182;2m[48;2;225;178;2m▄[38;2;231;170;3m[48;2;223;184;2m▄[38;2;246;98;5m[48;2;231;178;4m▄[38;2;236;63;5m[48;2;247;101;5m▄[38;2;209;52;6m[48;2;237;61;5m▄[38;2;196;41;9m[48;2;214;54;8m▄[38;2;186;29;9m[48;2;202;41;9m▄[38;2;226;59;7m[48;2;234;70;7m▄[38;2;225;58;6m[48;2;222;54;7m▄[38;2;218;55;7m[48;2;210;49;7m▄[38;2;216;54;8m[48;2;207;52;8m▄[38;2;213;55;8m[48;2;204;42;9m▄[38;2;193;33;8m[48;2;187;48;7m▄[38;2;183;102;9m[48;2;178;130;5m▄[38;2;152;119;12m[48;2;198;155;6m▄[38;2;130;96;12m[48;2;181;139;9m▄[38;2;193;155;9m[48;2;197;154;3m▄[38;2;192;113;9m[48;2;205;154;3m▄[38;2;192;44;9m[48;2;203;92;7m▄[38;2;187;91;6m[48;2;200;75;6m▄[38;2;185;104;5m[48;2;201;76;7m▄[38;2;183;101;5m[48;2;199;98;6m▄[38;2;188;102;6m[48;2;190;88;7m▄[38;2;199;56;6m[48;2;173;36;7m▄[38;2;192;40;9m[48;2;175;33;7m▄[38;2;178;28;9m[48;2;182;40;6m▄[38;2;195;44;7m[48;2;182;38;8m▄[38;2;180;24;0m[48;2;187;26;0m▄[38;2;216;154;140m[48;2;227;159;139m▄[38;2;255;255;255m[48;2;255;255;255m▄[38;2;255;255;255m[48;2;255;255;255m▄[38;2;255;255;255m[48;2;255;255;255m▄[38;2;255;255;255m[48;2;255;255;255m▄[38;2;255;255;255m[48;2;255;255;255m▄[38;2;255;255;255m[48;2;255;255;255m▄[38;2;255;255;255m[48;2;255;255;255m▄[38;2;255;255;255m[48;2;255;255;255m▄[38;2;255;255;255m[48;2;255;255;255m▄[38;2;255;255;255m[48;2;255;255;255m▄[38;2;255;255;255m[48;2;255;255;255m▄[38;2;255;255;255m[48;2;255;255;255m▄[38;2;255;255;255m[48;2;255;255;255m▄[38;2;255;255;255m[48;2;255;255;255m▄[38;2;255;255;255m[48;2;255;255;255m▄[38;2;255;255;255m[48;2;255;255;255m▄[38;2;255;255;255m[48;2;255;255;255m▄[38;2;255;255;255m[48;2;255;255;255m▄[38;2;255;255;255m[48;2;255;255;255m▄[38;2;255;255;255m[48;2;255;255;255m▄[38;2;255;255;255m[48;2;255;255;255m▄[38;2;255;255;255m[48;2;255;255;255m▄[38;2;255;255;255m[48;2;255;255;255m▄[38;2;255;255;255m[48;2;255;255;255m▄[38;2;255;255;255m[48;2;255;255;255m▄[38;2;255;255;255m[48;2;255;255;255m▄[38;2;255;255;255m[48;2;255;255;255m▄[38;2;255;255;255m[48;2;255;255;255m▄[38;2;255;255;255m[48;2;255;255;255m▄[0m
[38;2;222;175;6m[48;2;223;178;1m▄[38;2;255;207;8m[48;2;240;192;3m▄[38;2;244;181;9m[48;2;224;180;5m▄[38;2;242;72;8m[48;2;235;94;6m▄[38;2;206;34;10m[48;2;224;50;7m▄[38;2;189;24;10m[48;2;202;42;9m▄[38;2;189;23;10m[48;2;197;39;9m▄[38;2;187;18;10m[48;2;190;32;10m▄[38;2;197;48;10m[48;2;186;20;9m▄[38;2;241;78;8m[48;2;232;67;7m▄[38;2;234;66;7m[48;2;224;66;5m▄[38;2;230;66;7m[48;2;224;62;5m▄[38;2;220;54;7m[48;2;220;56;5m▄[38;2;194;19;11m[48;2;210;48;8m▄[38;2;182;36;7m[48;2;178;25;8m▄[38;2;185;126;6m[48;2;170;96;10m▄[38;2;200;149;7m[48;2;181;140;8m▄[38;2;205;154;7m[48;2;180;135;9m▄[38;2;196;153;4m[48;2;171;136;10m▄[38;2;184;90;9m[48;2;182;88;9m▄[38;2;199;26;9m[48;2;193;24;9m▄[38;2;197;20;10m[48;2;173;38;7m▄[38;2;177;25;9m[48;2;138;56;7m▄[38;2;149;39;6m[48;2;181;107;6m▄[38;2;153;30;7m[48;2;175;99;6m▄[38;2;171;24;7m[48;2;188;54;7m▄[38;2;187;36;6m[48;2;190;37;8m▄[38;2;232;76;7m[48;2;200;48;8m▄[38;2;223;64;7m[48;2;196;45;6m▄[38;2;206;32;0m[48;2;186;25;0m▄[38;2;238;169;152m[48;2;217;154;140m▄[38;2;255;255;255m[48;2;255;255;255m▄[38;2;255;255;255m[48;2;255;255;255m▄[38;2;255;255;255m[48;2;255;255;255m▄[38;2;255;255;255m[48;2;255;255;255m▄[38;2;255;255;255m[48;2;255;255;255m▄[38;2;255;255;255m[48;2;255;255;255m▄[38;2;255;255;255m[48;2;255;255;255m▄[38;2;255;255;255m[48;2;255;255;255m▄[38;2;255;255;255m[48;2;255;255;255m▄[38;2;255;255;255m[48;2;255;255;255m▄[38;2;255;255;255m[48;2;255;255;255m▄[38;2;255;255;255m[48;2;255;255;255m▄[38;2;255;255;255m[48;2;255;255;255m▄[38;2;255;255;255m[48;2;255;255;255m▄[38;2;255;255;255m[48;2;255;255;255m▄[38;2;255;255;255m[48;2;255;255;255m▄[38;2;255;255;255m[48;2;255;255;255m▄[38;2;255;255;255m[48;2;255;255;255m▄[38;2;255;255;255m[48;2;255;255;255m▄[38;2;255;255;255m[48;2;255;255;255m▄[38;2;255;255;255m[48;2;255;255;255m▄[38;2;255;255;255m[48;2;255;255;255m▄[38;2;255;255;255m[48;2;255;255;255m▄[38;2;255;255;255m[48;2;255;255;255m▄[38;2;255;255;255m[48;2;255;255;255m▄[38;2;255;255;255m[48;2;255;255;255m▄[38;2;255;255;255m[48;2;255;255;255m▄[38;2;255;255;255m[48;2;255;255;255m▄[38;2;255;255;255m[48;2;255;255;255m▄[0m
