[38;2;16;10;6m[48;2;13;6;3m▄[38;2;18;11;8m[48;2;17;7;5m▄[38;2;15;9;5m[48;2;15;9;5m▄[38;2;15;10;6m[48;2;15;9;7m▄[38;2;13;9;5m[48;2;15;9;7m▄[38;2;10;7;3m[48;2;15;9;7m▄[38;2;9;8;5m[48;2;13;9;7m▄[38;2;14;13;12m[48;2;11;11;9m▄[38;2;22;23;21m[48;2;11;9;7m▄[38;2;37;39;37m[48;2;9;7;5m▄[38;2;57;60;59m[48;2;5;3;1m▄[38;2;77;80;80m[48;2;0;0;0m▄[38;2;102;106;106m[48;2;0;0;0m▄[38;2;127;133;132m[48;2;0;0;0m▄[38;2;153;159;158m[48;2;3;5;1m▄[38;2;176;182;180m[48;2;19;21;19m▄[38;2;193;199;197m[48;2;40;44;44m▄[38;2;211;216;215m[48;2;79;83;81m▄[38;2;202;207;207m[48;2;59;63;63m▄[38;2;121;124;126m[48;2;0;0;0m▄[38;2;39;40;43m[48;2;27;28;28m▄[38;2;48;50;52m[48;2;168;175;175m▄[38;2;172;179;179m[48;2;237;251;249m▄[38;2;123;130;131m[48;2;115;123;123m▄[38;2;18;17;20m[48;2;11;9;11m▄[38;2;120;123;124m[48;2;94;100;98m▄[38;2;241;250;247m[48;2;212;222;222m▄[38;2;230;237;234m[48;2;204;212;212m▄[38;2;232;238;235m[48;2;204;214;210m▄[38;2;234;241;236m[48;2;206;214;210m▄[38;2;238;243;240m[48;2;210;216;214m▄[38;2;242;246;244m[48;2;212;218;216m▄[38;2;242;244;237m[48;2;216;222;218m▄[38;2;227;223;203m[48;2;227;227;224m▄[38;2;216;215;191m[48;2;235;235;227m▄[38;2;203;202;179m[48;2;237;237;235m▄[38;2;226;226;207m[48;2;231;233;229m▄[38;2;244;242;228m[48;2;227;229;226m▄[38;2;226;222;205m[48;2;231;233;229m▄[38;2;224;216;190m[48;2;222;222;212m▄[38;2;232;226;204m[48;2;212;208;197m▄[38;2;225;218;200m[48;2;210;208;195m▄[38;2;230;226;210m[48;2;226;226;212m▄[38;2;252;253;237m[48;2;233;233;220m▄[38;2;255;255;242m[48;2;229;229;220m▄[38;2;255;255;242m[48;2;231;231;224m▄[38;2;255;255;243m[48;2;231;231;224m▄[38;2;255;255;244m[48;2;231;231;224m▄[38;2;255;255;244m[48;2;231;231;224m▄[38;2;255;255;245m[48;2;227;227;220m▄[38;2;255;254;245m[48;2;226;224;214m▄[38;2;255;255;248m[48;2;231;231;224m▄[38;2;255;255;248m[48;2;231;231;222m▄[38;2;255;255;246m[48;2;229;229;222m▄[38;2;254;254;245m[48;2;229;229;222m▄[38;2;254;255;248m[48;2;227;227;220m▄[38;2;252;252;246m[48;2;226;224;220m▄[38;2;247;248;242m[48;2;227;226;222m▄[38;2;241;244;238m[48;2;229;229;222m▄[38;2;254;255;252m[48;2;249;249;235m▄[0m
[38;2;127;127;127m[48;2;14;10;10m▄[38;2;187;191;188m[48;2;28;25;24m▄[38;2;196;201;199m[48;2;40;38;38m▄[38;2;197;201;203m[48;2;39;39;39m▄[38;2;198;204;207m[48;2;53;54;55m▄[38;2;197;201;195m[48;2;86;89;92m▄[38;2;192;191;176m[48;2;119;124;125m▄[38;2;194;195;185m[48;2;147;152;152m▄[38;2;195;198;194m[48;2;173;178;178m▄[38;2;176;174;171m[48;2;191;195;194m▄[38;2;153;151;148m[48;2;196;199;197m▄[38;2;190;196;194m[48;2;224;229;227m▄[38;2;179;184;184m[48;2;234;239;237m▄[38;2;161;166;166m[48;2;240;246;243m▄[38;2;198;204;203m[48;2;233;238;235m▄[38;2;198;204;204m[48;2;230;236;231m▄[38;2;203;209;208m[48;2;227;232;227m▄[38;2;206;212;209m[48;2;223;228;224m▄[38;2;209;216;211m[48;2;225;230;226m▄[38;2;213;218;213m[48;2;234;239;237m▄[38;2;224;228;223m[48;2;199;204;202m▄[38;2;233;237;232m[48;2;101;104;103m▄[38;2;184;187;183m[48;2;29;30;31m▄[38;2;65;65;66m[48;2;42;43;46m▄[38;2;31;31;35m[48;2;32;32;35m▄[38;2;150;152;150m[48;2;132;135;134m▄[38;2;248;249;242m[48;2;236;241;235m▄[38;2;234;236;229m[48;2;223;227;221m▄[38;2;236;240;232m[48;2;225;229;223m▄[38;2;238;236;218m[48;2;228;231;224m▄[38;2;237;230;204m[48;2;222;219;205m▄[38;2;239;237;217m[48;2;217;214;200m▄[38;2;215;207;177m[48;2;204;198;170m▄[38;2;190;182;151m[48;2;178;165;125m▄[38;2;163;154;121m[48;2;163;154;112m▄[38;2;140;129;89m[48;2;155;144;95m▄[38;2;112;103;64m[48;2;131;122;79m▄[38;2;82;77;49m[48;2;97;94;65m▄[38;2;88;82;57m[48;2;119;112;85m▄[38;2;131;119;86m[48;2;159;154;133m▄[38;2;148;132;97m[48;2;163;158;138m▄[38;2;187;174;145m[48;2;191;183;161m▄[38;2;196;183;154m[48;2;213;204;183m▄[38;2;215;203;179m[48;2;227;222;207m▄[38;2;202;189;166m[48;2;244;245;232m▄[38;2;224;217;197m[48;2;246;249;235m▄[38;2;247;248;235m[48;2;243;243;230m▄[38;2;246;246;233m[48;2;243;243;230m▄[38;2;244;244;233m[48;2;241;242;229m▄[38;2;243;244;236m[48;2;242;242;233m▄[38;2;241;243;237m[48;2;244;244;236m▄[38;2;238;240;233m[48;2;244;244;236m▄[38;2;238;240;231m[48;2;242;242;234m▄[38;2;238;240;233m[48;2;241;241;235m▄[38;2;241;242;236m[48;2;240;241;235m▄[38;2;243;245;242m[48;2;236;237;231m▄[38;2;242;243;241m[48;2;229;230;226m▄[38;2;237;240;236m[48;2;221;224;222m▄[38;2;239;242;237m[48;2;218;224;223m▄[38;2;250;255;254m[48;2;241;245;243m▄[0m
[38;2;222;224;214m[48;2;233;234;229m▄[38;2;244;246;237m[48;2;245;248;242m▄[38;2;228;231;223m[48;2;222;226;220m▄[38;2;219;213;192m[48;2;221;220;211m▄[38;2;211;201;181m[48;2;217;212;195m▄[38;2;145;134;119m[48;2;146;138;110m▄[38;2;172;169;153m[48;2;92;89;66m▄[38;2;135;137;123m[48;2;111;112;95m▄[38;2;154;157;144m[48;2;153;155;140m▄[38;2;144;140;124m[48;2;165;163;152m▄[38;2;138;131;115m[48;2;174;173;165m▄[38;2;252;252;242m[48;2;234;237;231m▄[38;2;191;192;189m[48;2;189;192;190m▄[38;2;163;163;161m[48;2;128;130;132m▄[38;2;255;255;245m[48;2;227;229;224m▄[38;2;246;246;237m[48;2;216;218;215m▄[38;2;244;244;234m[48;2;213;216;213m▄[38;2;241;241;232m[48;2;211;214;211m▄[38;2;238;238;229m[48;2;209;213;210m▄[38;2;240;240;230m[48;2;208;211;209m▄[38;2;242;242;231m[48;2;205;209;205m▄[38;2;243;243;232m[48;2;205;208;204m▄[38;2;245;245;236m[48;2;219;222;219m▄[38;2;88;88;87m[48;2;98;101;104m▄[38;2;41;40;44m[48;2;41;42;49m▄[38;2;191;190;180m[48;2;152;155;154m▄[38;2;255;255;247m[48;2;220;222;216m▄[38;2;209;208;199m[48;2;218;220;214m▄[38;2;93;91;88m[48;2;227;227;218m▄[38;2;70;63;61m[48;2;214;213;202m▄[38;2;63;51;49m[48;2;200;201;191m▄[38;2;57;42;39m[48;2;186;187;178m▄[38;2;65;52;50m[48;2;202;202;195m▄[38;2;76;60;51m[48;2;230;221;198m▄[38;2;163;144;121m[48;2;213;186;134m▄[38;2;234;228;208m[48;2;180;151;103m▄[38;2;213;193;173m[48;2;186;162;128m▄[38;2;174;151;133m[48;2;151;131;102m▄[38;2;243;241;229m[48;2;167;153;117m▄[38;2;236;235;222m[48;2;172;155;113m▄[38;2;237;236;222m[48;2;170;156;120m▄[38;2;239;236;223m[48;2;204;194;165m▄[38;2;226;220;209m[48;2;237;231;215m▄[38;2;204;199;187m[48;2;247;244;229m▄[38;2;243;244;231m[48;2;239;235;218m▄[38;2;243;244;232m[48;2;227;222;204m▄[38;2;241;242;228m[48;2;242;243;229m▄[38;2;242;242;230m[48;2;248;249;235m▄[38;2;238;233;209m[48;2;246;247;231m▄[38;2;188;177;147m[48;2;247;247;232m▄[38;2;194;189;166m[48;2;244;244;232m▄[38;2;241;242;227m[48;2;249;250;238m▄[38;2;254;252;228m[48;2;247;249;236m▄[38;2;253;245;213m[48;2;247;248;236m▄[38;2;235;220;172m[48;2;244;243;224m▄[38;2;185;168;108m[48;2;227;225;202m▄[38;2;144;135;75m[48;2;217;219;199m▄[38;2;120;121;76m[48;2;222;229;218m▄[38;2;105;109;76m[48;2;209;218;206m▄[38;2;132;137;102m[48;2;209;219;200m▄[0m
[38;2;194;183;169m[48;2;122;114;105m▄[38;2;146;135;124m[48;2;131;124;116m▄[38;2;144;127;114m[48;2;139;132;124m▄[38;2;111;96;85m[48;2;141;135;128m▄[38;2;96;82;74m[48;2;129;122;115m▄[38;2;178;167;154m[48;2;137;129;121m▄[38;2;234;233;213m[48;2;200;197;185m▄[38;2;220;213;194m[48;2;212;207;191m▄[38;2;76;75;74m[48;2;204;199;183m▄[38;2;81;82;80m[48;2;169;163;149m▄[38;2;91;94;91m[48;2;142;132;118m▄[38;2;89;87;83m[48;2;174;169;159m▄[38;2;74;74;75m[48;2;128;126;125m▄[38;2;174;167;162m[48;2;126;124;124m▄[38;2;211;199;188m[48;2;168;165;159m▄[38;2;212;199;184m[48;2;168;168;158m▄[38;2;207;197;182m[48;2;201;200;189m▄[38;2;206;195;180m[48;2;226;224;212m▄[38;2;228;220;201m[48;2;228;227;214m▄[38;2;213;205;186m[48;2;181;180;161m▄[38;2;192;184;166m[48;2;114;115;101m▄[38;2;186;179;161m[48;2;164;163;148m▄[38;2;139;133;117m[48;2;191;189;170m▄[38;2;47;45;42m[48;2;65;65;60m▄[38;2;42;41;39m[48;2;48;46;46m▄[38;2;56;54;49m[48;2;154;148;126m▄[38;2;96;96;84m[48;2;170;165;137m▄[38;2;135;121;103m[48;2;150;142;114m▄[38;2;153;100;85m[48;2;96;90;72m▄[38;2;137;89;80m[48;2;95;78;68m▄[38;2;137;85;76m[48;2;115;64;52m▄[38;2;160;96;80m[48;2;142;82;70m▄[38;2;145;97;91m[48;2;136;82;72m▄[38;2;120;104;100m[48;2;130;86;73m▄[38;2;172;156;128m[48;2;210;193;174m▄[38;2;147;134;109m[48;2;255;254;231m▄[38;2;187;167;140m[48;2;221;205;175m▄[38;2;149;130;112m[48;2;176;159;139m▄[38;2;179;164;148m[48;2;229;225;204m▄[38;2;189;176;161m[48;2;255;255;238m▄[38;2;168;164;151m[48;2;255;255;243m▄[38;2;162;157;146m[48;2;255;255;244m▄[38;2;187;174;162m[48;2;229;216;199m▄[38;2;145;138;136m[48;2;178;163;151m▄[38;2;170;170;167m[48;2;196;193;183m▄[38;2;200;200;194m[48;2;255;250;236m▄[38;2;224;220;202m[48;2;247;244;232m▄[38;2;219;212;188m[48;2;245;244;233m▄[38;2;230;217;191m[48;2;246;245;236m▄[38;2;204;181;171m[48;2;215;212;199m▄[38;2;173;132;123m[48;2;227;224;211m▄[38;2;103;75;65m[48;2;192;181;171m▄[38;2;83;65;57m[48;2;153;142;126m▄[38;2;72;56;49m[48;2;146;141;130m▄[38;2;73;58;53m[48;2;161;152;141m▄[38;2;71;57;55m[48;2;178;166;143m▄[38;2;116;104;99m[48;2;195;185;149m▄[38;2;201;181;162m[48;2;144;135;102m▄[38;2;219;194;163m[48;2;116;109;84m▄[38;2;219;202;168m[48;2;159;157;131m▄[0m
[38;2;129;147;149m[48;2;162;151;132m▄[38;2;128;151;157m[48;2;156;144;130m▄[38;2;105;125;133m[48;2;94;83;77m▄[38;2;157;170;168m[48;2;185;169;150m▄[38;2;88;107;116m[48;2;95;83;73m▄[38;2;159;171;169m[48;2;153;140;124m▄[38;2;178;186;179m[48;2;173;162;142m▄[38;2;136;154;158m[48;2;124;118;109m▄[38;2;151;174;178m[48;2;79;78;77m▄[38;2;169;185;184m[48;2;131;123;112m▄[38;2;169;183;183m[48;2;147;136;122m▄[38;2;166;182;183m[48;2;149;137;124m▄[38;2;104;127;136m[48;2;106;100;97m▄[38;2;109;128;132m[48;2;194;179;166m▄[38;2;122;134;130m[48;2;208;186;167m▄[38;2;107;127;131m[48;2;210;191;172m▄[38;2;124;142;146m[48;2;215;198;180m▄[38;2;136;150;148m[48;2;206;191;173m▄[38;2;139;149;148m[48;2;216;201;182m▄[38;2;141;151;150m[48;2;214;198;178m▄[38;2;142;152;150m[48;2;222;205;185m▄[38;2;147;154;153m[48;2;216;199;180m▄[38;2;127;134;135m[48;2;181;165;151m▄[38;2;49;66;73m[48;2;35;31;28m▄[38;2;60;74;78m[48;2;45;42;37m▄[38;2;120;131;126m[48;2;150;142;131m▄[38;2;150;148;139m[48;2;143;123;111m▄[38;2;89;86;84m[48;2;133;81;69m▄[38;2;64;44;52m[48;2;155;90;75m▄[38;2;59;30;40m[48;2;134;87;71m▄[38;2;22;25;35m[48;2;129;88;71m▄[38;2;39;34;45m[48;2;141;96;79m▄[38;2;82;64;65m[48;2;154;113;101m▄[38;2;147;113;98m[48;2;118;91;93m▄[38;2;157;113;97m[48;2;120;84;73m▄[38;2;140;114;105m[48;2;66;44;37m▄[38;2;146;118;105m[48;2;121;93;80m▄[38;2;158;145;135m[48;2;136;99;85m▄[38;2;186;190;181m[48;2;118;75;66m▄[38;2;164;163;156m[48;2;122;75;64m▄[38;2;142;138;134m[48;2;115;92;82m▄[38;2;152;140;133m[48;2;158;152;146m▄[38;2;161;140;129m[48;2;212;210;203m▄[38;2;177;157;143m[48;2;139;140;137m▄[38;2;200;187;174m[48;2;150;146;138m▄[38;2;211;206;195m[48;2;175;171;161m▄[38;2;178;187;188m[48;2;167;164;162m▄[38;2;207;218;211m[48;2;157;141;119m▄[38;2;168;157;146m[48;2;180;142;116m▄[38;2;132;103;97m[48;2;157;95;89m▄[38;2;137;82;71m[48;2;149;91;86m▄[38;2;141;81;67m[48;2;127;76;68m▄[38;2;89;53;44m[48;2;100;67;56m▄[38;2;34;32;28m[48;2;73;61;49m▄[38;2;31;31;28m[48;2;75;62;52m▄[38;2;31;29;27m[48;2;55;44;41m▄[38;2;33;32;30m[48;2;53;40;36m▄[38;2;69;69;67m[48;2;65;50;41m▄[38;2;162;148;130m[48;2;120;98;81m▄[38;2;247;244;221m[48;2;247;228;199m▄[0m
[38;2;52;100;129m[48;2;47;109;142m▄[38;2;54;106;138m[48;2;55;121;156m▄[38;2;51;99;130m[48;2;57;117;149m▄[38;2;54;101;131m[48;2;54;114;146m▄[38;2;56;104;131m[48;2;68;127;156m▄[38;2;55;101;126m[48;2;64;120;149m▄[38;2;62;103;128m[48;2;69;119;147m▄[38;2;70;117;142m[48;2;79;130;158m▄[38;2;74;114;135m[48;2;68;126;153m▄[38;2;75;89;102m[48;2;61;124;154m▄[38;2;70;59;60m[48;2;59;116;143m▄[38;2;42;30;27m[48;2;60;101;121m▄[38;2;49;33;30m[48;2;60;89;104m▄[38;2;89;59;59m[48;2;61;78;90m▄[38;2;133;90;89m[48;2;67;84;96m▄[38;2;126;83;82m[48;2;61;89;104m▄[38;2;135;94;92m[48;2;65;100;116m▄[38;2;139;102;99m[48;2;81;121;138m▄[38;2;121;106;111m[48;2;74;123;148m▄[38;2;89;112;126m[48;2;63;113;141m▄[38;2;55;116;139m[48;2;59;104;131m▄[38;2;41;108;131m[48;2;56;102;126m▄[38;2;50;106;127m[48;2;56;101;125m▄[38;2;63;115;134m[48;2;61;103;129m▄[38;2;66;119;139m[48;2;59;101;124m▄[38;2;58;111;129m[48;2;66;108;124m▄[38;2;65;116;134m[48;2;73;122;137m▄[38;2;79;87;103m[48;2;103;91;112m▄[38;2;86;57;59m[48;2;93;42;56m▄[38;2;94;71;65m[48;2;79;50;56m▄[38;2;97;75;73m[48;2;59;40;48m▄[38;2;73;68;73m[48;2;44;31;45m▄[38;2;83;111;121m[48;2;28;29;49m▄[38;2;120;140;144m[48;2;110;122;132m▄[38;2;68;68;70m[48;2;139;122;114m▄[38;2;76;74;74m[48;2;153;122;110m▄[38;2;93;91;88m[48;2;157;113;97m▄[38;2;90;93;88m[48;2;161;123;110m▄[38;2;93;96;92m[48;2;165;149;144m▄[38;2;117;101;99m[48;2;170;170;170m▄[38;2;144;109;101m[48;2;169;171;172m▄[38;2;158;109;99m[48;2;159;157;158m▄[38;2;165;107;98m[48;2;149;134;131m▄[38;2;164;100;91m[48;2;155;119;110m▄[38;2;165;100;91m[48;2;171;122;114m▄[38;2;164;96;84m[48;2;170;121;115m▄[38;2;158;89;78m[48;2;170;130;124m▄[38;2;160;84;73m[48;2;170;146;145m▄[38;2;130;88;76m[48;2;130;164;173m▄[38;2;61;92;106m[48;2;135;164;171m▄[38;2;135;99;106m[48;2;156;101;87m▄[38;2;163;92;80m[48;2;148;83;70m▄[38;2;154;85;74m[48;2;134;73;62m▄[38;2;160;91;81m[48;2;105;57;50m▄[38;2;154;87;80m[48;2;90;53;48m▄[38;2;158;93;88m[48;2;99;64;59m▄[38;2;191;131;120m[48;2;139;130;126m▄[38;2;204;158;139m[48;2;171;194;198m▄[38;2;184;188;179m[48;2;173;200;208m▄[38;2;176;219;222m[48;2;185;208;214m▄[0m
[38;2;25;91;114m[48;2;38;87;112m▄[38;2;30;99;124m[48;2;33;88;116m▄[38;2;39;101;125m[48;2;24;78;105m▄[38;2;51;115;138m[48;2;22;80;106m▄[38;2;50;117;140m[48;2;25;83;109m▄[38;2;53;123;144m[48;2;32;93;119m▄[38;2;47;79;92m[48;2;35;102;129m▄[38;2;34;22;22m[48;2;44;79;96m▄[38;2;36;21;19m[48;2;57;50;49m▄[38;2;51;33;28m[48;2;86;53;43m▄[38;2;124;86;78m[48;2;123;82;71m▄[38;2;150;100;93m[48;2;107;71;66m▄[38;2;140;87;82m[48;2;116;75;75m▄[38;2;136;81;78m[48;2;101;64;67m▄[38;2;138;77;77m[48;2;94;57;59m▄[38;2;148;85;85m[48;2;123;74;76m▄[38;2;126;77;79m[48;2;155;97;95m▄[38;2;90;56;61m[48;2;130;78;79m▄[38;2;66;37;43m[48;2;124;75;76m▄[38;2;79;44;50m[48;2;139;94;92m▄[38;2;124;71;75m[48;2;134;120;127m▄[38;2;172;108;106m[48;2;81;124;141m▄[38;2;98;129;137m[48;2;18;116;141m▄[38;2;3;112;141m[48;2;37;130;153m▄[38;2;14;117;143m[48;2;70;156;177m▄[38;2;17;121;147m[48;2;64;151;171m▄[38;2;13;120;145m[48;2;56;140;161m▄[38;2;11;119;144m[48;2;49;118;137m▄[38;2;4;116;144m[48;2;16;83;100m▄[38;2;8;116;145m[48;2;13;90;111m▄[38;2;6;115;143m[48;2;10;95;116m▄[38;2;9;116;142m[48;2;6;96;120m▄[38;2;17;123;147m[48;2;52;134;152m▄[38;2;21;127;151m[48;2;78;155;171m▄[38;2;29;132;153m[48;2;75;152;167m▄[38;2;38;136;157m[48;2;48;137;153m▄[38;2;47;140;163m[48;2;43;139;160m▄[38;2;47;143;167m[48;2;39;139;162m▄[38;2;42;141;163m[48;2;20;130;154m▄[38;2;47;142;164m[48;2;27;127;149m▄[38;2;32;135;158m[48;2;29;120;141m▄[38;2;33;138;162m[48;2;38;115;133m▄[38;2;38;136;159m[48;2;54;111;127m▄[38;2;41;135;155m[48;2;61;101;112m▄[38;2;51;138;159m[48;2;70;95;102m▄[38;2;52;140;163m[48;2;67;88;98m▄[38;2;50;130;152m[48;2;74;83;90m▄[38;2;48;125;150m[48;2;80;78;84m▄[38;2;43;116;146m[48;2;79;81;86m▄[38;2;31;86;120m[48;2;61;80;104m▄[38;2;25;73;105m[48;2;48;76;114m▄[38;2;26;70;103m[48;2;89;81;93m▄[38;2;31;66;96m[48;2;105;88;94m▄[38;2;30;64;94m[48;2;103;93;97m▄[38;2;31;73;103m[48;2;98;91;92m▄[38;2;31;81;110m[48;2;102;93;92m▄[38;2;34;95;123m[48;2;124;115;115m▄[38;2;48;116;142m[48;2;148;137;129m▄[38;2;65;136;162m[48;2;172;169;160m▄[38;2;100;169;191m[48;2;154;211;218m▄[0m
[38;2;20;94;122m[48;2;32;103;127m▄[38;2;18;97;125m[48;2;37;111;137m▄[38;2;19;93;118m[48;2;39;107;130m▄[38;2;20;93;116m[48;2;41;109;130m▄[38;2;10;84;106m[48;2;39;111;134m▄[38;2;14;58;71m[48;2;41;95;111m▄[38;2;23;24;25m[48;2;26;22;24m▄[38;2;20;14;11m[48;2;23;18;17m▄[38;2;25;12;9m[48;2;23;16;15m▄[38;2;31;13;12m[48;2;27;16;15m▄[38;2;45;24;21m[48;2;64;42;36m▄[38;2;61;37;31m[48;2;97;65;58m▄[38;2;64;44;41m[48;2;110;73;66m▄[38;2;72;53;52m[48;2;119;73;68m▄[38;2;74;54;53m[48;2;123;71;69m▄[38;2;74;62;62m[48;2;130;78;76m▄[38;2;77;72;73m[48;2;109;66;66m▄[38;2;73;77;80m[48;2;82;49;50m▄[38;2;54;74;80m[48;2;91;54;56m▄[38;2;50;81;87m[48;2;104;65;68m▄[38;2;60;96;102m[48;2;110;75;80m▄[38;2;58;103;111m[48;2;124;96;98m▄[38;2;54;109;123m[48;2;64;112;127m▄[38;2;64;105;118m[48;2;7;106;133m▄[38;2;67;100;114m[48;2;19;113;140m▄[38;2;75;103;119m[48;2;41;129;156m▄[38;2;75;110;132m[48;2;57;142;165m▄[38;2;70;108;126m[48;2;47;131;151m▄[38;2;74;121;138m[48;2;51;123;141m▄[38;2;57;115;129m[48;2;34;113;132m▄[38;2;57;111;123m[48;2;25;108;128m▄[38;2;53;118;132m[48;2;31;121;140m▄[38;2;38;128;150m[48;2;36;132;154m▄[38;2;41;133;157m[48;2;36;131;153m▄[38;2;40;137;162m[48;2;38;135;155m▄[38;2;35;138;166m[48;2;35;133;154m▄[38;2;40;143;169m[48;2;44;137;156m▄[38;2;47;148;174m[48;2;55;144;162m▄[38;2;43;145;170m[48;2;55;145;165m▄[38;2;48;148;170m[48;2;57;148;166m▄[38;2;57;150;171m[48;2;80;160;176m▄[38;2;52;144;166m[48;2;92;169;183m▄[38;2;49;146;169m[48;2;86;167;183m▄[38;2;51;146;167m[48;2;87;170;186m▄[38;2;54;140;160m[48;2;81;166;182m▄[38;2;59;138;157m[48;2;87;170;187m▄[38;2;74;147;164m[48;2;94;173;190m▄[38;2;67;139;158m[48;2;98;169;186m▄[38;2;53;125;146m[48;2;94;147;163m▄[38;2;57;130;152m[48;2;59;119;142m▄[38;2;50;119;140m[48;2;39;99;121m▄[38;2;37;91;111m[48;2;39;88;103m▄[38;2;35;88;107m[48;2;39;76;86m▄[38;2;34;92;109m[48;2;42;78;90m▄[38;2;29;89;108m[48;2;37;77;94m▄[38;2;27;97;119m[48;2;32;80;102m▄[38;2;31;110;133m[48;2;37;91;115m▄[38;2;37;122;144m[48;2;53;110;131m▄[38;2;57;139;163m[48;2;81;140;160m▄[38;2;82;164;187m[48;2;110;170;191m▄[0m
[38;2;125;167;165m[48;2;5;83;111m▄[38;2;143;189;187m[48;2;15;96;128m▄[38;2;138;182;182m[48;2;19;95;124m▄[38;2;142;189;188m[48;2;14;91;117m▄[38;2;149;195;193m[48;2;13;83;110m▄[38;2;159;202;200m[48;2;25;82;104m▄[38;2;151;202;199m[48;2;16;61;76m▄[38;2;151;205;201m[48;2;16;45;54m▄[38;2;154;205;200m[48;2;19;32;39m▄[38;2;157;208;201m[48;2;41;45;52m▄[38;2;155;201;193m[48;2;53;42;45m▄[38;2;157;209;202m[48;2;43;37;40m▄[38;2;163;217;213m[48;2;42;50;57m▄[38;2;164;213;209m[48;2;48;52;59m▄[38;2;166;213;211m[48;2;46;48;56m▄[38;2;166;216;216m[48;2;55;74;84m▄[38;2;166;219;222m[48;2;76;107;119m▄[38;2;166;220;224m[48;2;90;126;142m▄[38;2;167;223;227m[48;2;67;113;130m▄[38;2;163;220;223m[48;2;54;102;116m▄[38;2;163;219;222m[48;2;60;111;125m▄[38;2;164;220;225m[48;2;60;115;129m▄[38;2;165;223;228m[48;2;64;111;126m▄[38;2;164;221;223m[48;2;68;99;111m▄[38;2;166;222;225m[48;2;68;89;102m▄[38;2;161;220;223m[48;2;54;79;94m▄[38;2;157;219;223m[48;2;41;84;104m▄[38;2;156;220;226m[48;2;35;99;125m▄[38;2;155;221;227m[48;2;31;107;134m▄[38;2;158;224;230m[48;2;26;100;124m▄[38;2;161;227;233m[48;2;28;103;127m▄[38;2;155;223;227m[48;2;25;106;132m▄[38;2;150;223;228m[48;2;26;119;147m▄[38;2;147;225;232m[48;2;28;123;154m▄[38;2;146;225;232m[48;2;26;127;156m▄[38;2;149;226;232m[48;2;38;131;159m▄[38;2;154;226;231m[48;2;47;134;162m▄[38;2;158;229;233m[48;2;46;138;166m▄[38;2;154;228;232m[48;2;32;132;160m▄[38;2;151;228;233m[48;2;28;135;163m▄[38;2;153;231;236m[48;2;26;134;161m▄[38;2;154;232;236m[48;2;35;138;165m▄[38;2;149;228;232m[48;2;35;138;166m▄[38;2;146;225;230m[48;2;40;137;164m▄[38;2;149;226;230m[48;2;42;126;149m▄[38;2;149;225;228m[48;2;52;120;140m▄[38;2;147;224;227m[48;2;63;123;141m▄[38;2;146;224;223m[48;2;71;128;144m▄[38;2;144;223;222m[48;2;79;140;159m▄[38;2;136;217;217m[48;2;76;144;165m▄[38;2;137;216;218m[48;2;61;136;158m▄[38;2;134;210;213m[48;2;54;128;151m▄[38;2;132;205;210m[48;2;50;122;144m▄[38;2;128;200;206m[48;2;34;102;123m▄[38;2;127;196;201m[48;2;27;91;111m▄[38;2;131;195;201m[48;2;30;92;111m▄[38;2;136;195;200m[48;2;35;95;113m▄[38;2;138;195;199m[48;2;54;119;136m▄[38;2;134;191;194m[48;2;68;135;150m▄[38;2;146;203;209m[48;2;88;163;182m▄[0m
[38;2;138;182;165m[48;2;156;194;180m▄[38;2;154;202;184m[48;2;174;216;201m▄[38;2;146;193;179m[48;2;166;206;195m▄[38;2;148;197;185m[48;2;169;212;201m▄[38;2;149;201;188m[48;2;172;218;205m▄[38;2;150;205;192m[48;2;173;221;208m▄[38;2;151;208;195m[48;2;175;226;213m▄[38;2;152;212;198m[48;2;175;230;215m▄[38;2;154;215;200m[48;2;177;235;220m▄[38;2;154;218;202m[48;2;177;239;223m▄[38;2;154;220;205m[48;2;180;243;227m▄[38;2;153;224;208m[48;2;180;246;231m▄[38;2;152;227;212m[48;2;180;249;233m▄[38;2;151;230;217m[48;2;183;255;240m▄[38;2;151;234;220m[48;2;184;255;246m▄[38;2;150;237;222m[48;2;183;255;249m▄[38;2;149;240;224m[48;2;183;255;253m▄[38;2;149;243;228m[48;2;182;255;255m▄[38;2;149;246;231m[48;2;181;255;255m▄[38;2;149;248;235m[48;2;181;255;255m▄[38;2;149;250;237m[48;2;181;255;255m▄[38;2;149;250;239m[48;2;180;255;255m▄[38;2;148;252;241m[48;2;179;255;255m▄[38;2;147;254;243m[48;2;179;255;255m▄[38;2;146;255;246m[48;2;176;255;255m▄[38;2;147;255;247m[48;2;176;255;255m▄[38;2;146;255;246m[48;2;176;255;255m▄[38;2;144;255;247m[48;2;175;255;255m▄[38;2;144;255;247m[48;2;176;255;255m▄[38;2;142;255;248m[48;2;175;255;255m▄[38;2;141;255;248m[48;2;173;255;255m▄[38;2;142;255;249m[48;2;173;255;255m▄[38;2;139;255;250m[48;2;173;255;255m▄[38;2;138;255;250m[48;2;173;255;255m▄[38;2;137;255;250m[48;2;171;255;255m▄[38;2;136;255;248m[48;2;170;255;255m▄[38;2;137;253;245m[48;2;169;255;255m▄[38;2;135;254;245m[48;2;168;255;255m▄[38;2;134;253;243m[48;2;167;255;255m▄[38;2;134;251;241m[48;2;167;255;255m▄[38;2;132;249;238m[48;2;164;255;255m▄[38;2;130;247;235m[48;2;163;255;255m▄[38;2;128;244;233m[48;2;162;255;255m▄[38;2;127;241;229m[48;2;163;255;254m▄[38;2;127;238;226m[48;2;160;255;250m▄[38;2;127;234;225m[48;2;160;255;248m▄[38;2;127;232;225m[48;2;158;252;244m▄[38;2;127;229;223m[48;2;154;248;239m▄[38;2;127;226;221m[48;2;153;243;234m▄[38;2;127;223;220m[48;2;151;240;231m▄[38;2;127;220;215m[48;2;151;236;228m▄[38;2;126;216;209m[48;2;152;232;226m▄[38;2;125;214;206m[48;2;151;228;222m▄[38;2;124;211;203m[48;2;150;225;220m▄[38;2;123;207;200m[48;2;150;222;217m▄[38;2;123;203;197m[48;2;150;217;213m▄[38;2;123;200;193m[48;2;148;212;210m▄[38;2;123;195;192m[48;2;147;207;206m▄[38;2;124;190;187m[48;2;145;202;200m▄[38;2;133;200;198m[48;2;152;211;209m▄[0m
[38;2;123;169;151m[48;2;129;174;158m▄[38;2;135;187;167m[48;2;143;195;176m▄[38;2;126;176;158m[48;2;135;185;168m▄[38;2;127;178;160m[48;2;136;188;171m▄[38;2;127;183;161m[48;2;137;192;175m▄[38;2;127;187;164m[48;2;137;197;179m▄[38;2;127;190;170m[48;2;138;200;184m▄[38;2;128;191;174m[48;2;139;201;186m▄[38;2;127;193;177m[48;2;140;204;188m▄[38;2;127;197;179m[48;2;139;208;190m▄[38;2;125;200;182m[48;2;138;211;194m▄[38;2;123;203;184m[48;2;135;214;197m▄[38;2;122;204;187m[48;2;134;216;202m▄[38;2;122;206;190m[48;2;135;218;204m▄[38;2;120;209;194m[48;2;132;221;205m▄[38;2;119;211;195m[48;2;132;224;210m▄[38;2;118;213;197m[48;2;130;225;212m▄[38;2;114;214;198m[48;2;128;226;214m▄[38;2;113;216;200m[48;2;127;229;215m▄[38;2;112;217;202m[48;2;125;230;216m▄[38;2;110;218;204m[48;2;123;232;218m▄[38;2;108;219;205m[48;2;123;233;220m▄[38;2;106;221;205m[48;2;122;235;221m▄[38;2;105;222;206m[48;2;120;238;221m▄[38;2;104;222;206m[48;2;120;239;222m▄[38;2;103;223;206m[48;2;120;240;223m▄[38;2;102;224;208m[48;2;120;241;224m▄[38;2;101;224;209m[48;2;119;242;226m▄[38;2;99;225;209m[48;2;117;243;225m▄[38;2;103;223;209m[48;2;115;244;226m▄[38;2;112;204;191m[48;2;116;245;229m▄[38;2;119;206;193m[48;2;115;244;230m▄[38;2;111;203;190m[48;2;123;235;221m▄[38;2;97;163;156m[48;2;137;218;206m▄[38;2;101;172;163m[48;2;137;214;201m▄[38;2;99;210;194m[48;2;120;228;215m▄[38;2;95;224;210m[48;2;110;238;224m▄[38;2;94;221;209m[48;2;109;237;224m▄[38;2;93;220;208m[48;2;109;236;223m▄[38;2;93;220;208m[48;2;109;234;221m▄[38;2;92;219;208m[48;2;108;232;220m▄[38;2;91;218;206m[48;2;108;231;219m▄[38;2;91;216;205m[48;2;108;229;217m▄[38;2;93;214;204m[48;2;109;227;216m▄[38;2;93;213;202m[48;2;107;225;214m▄[38;2;93;212;198m[48;2;106;223;212m▄[38;2;93;209;197m[48;2;107;221;211m▄[38;2;92;207;196m[48;2;109;218;210m▄[38;2;93;205;193m[48;2;110;215;207m▄[38;2;94;203;189m[48;2;109;214;203m▄[38;2;94;200;188m[48;2;108;211;201m▄[38;2;94;198;187m[48;2;109;208;198m▄[38;2;92;195;185m[48;2;109;204;195m▄[38;2;92;192;182m[48;2;108;201;192m▄[38;2;94;189;179m[48;2;106;199;189m▄[38;2;94;185;176m[48;2;106;194;186m▄[38;2;94;183;174m[48;2;107;191;183m▄[38;2;96;179;171m[48;2;108;188;181m▄[38;2;95;175;169m[48;2;108;183;178m▄[38;2;103;186;180m[48;2;116;193;189m▄[0m
[38;2;118;152;134m[48;2;118;162;142m▄[38;2;130;168;148m[48;2;131;178;157m▄[38;2;121;158;138m[48;2;121;166;147m▄[38;2;119;159;139m[48;2;120;169;148m▄[38;2;117;160;140m[48;2;119;171;150m▄[38;2;116;162;141m[48;2;119;175;153m▄[38;2;116;165;144m[48;2;119;178;156m▄[38;2;116;166;145m[48;2;120;180;160m▄[38;2;116;168;146m[48;2;119;182;162m▄[38;2;115;171;150m[48;2;118;184;165m▄[38;2;114;173;152m[48;2;117;186;168m▄[38;2;113;174;155m[48;2;115;189;170m▄[38;2;112;177;159m[48;2;114;192;172m▄[38;2;113;181;160m[48;2;112;195;174m▄[38;2;112;182;163m[48;2;111;196;178m▄[38;2;110;184;164m[48;2;109;197;179m▄[38;2;108;185;167m[48;2;108;199;183m▄[38;2;106;187;169m[48;2;106;200;184m▄[38;2;105;188;170m[48;2;104;202;185m▄[38;2;103;190;172m[48;2;102;205;187m▄[38;2;100;191;172m[48;2;101;205;188m▄[38;2;98;192;173m[48;2;101;207;189m▄[38;2;98;191;175m[48;2;99;207;190m▄[38;2;97;192;175m[48;2;97;208;190m▄[38;2;94;193;175m[48;2;95;209;191m▄[38;2;94;194;176m[48;2;93;209;192m▄[38;2;96;183;168m[48;2;93;212;194m▄[38;2;93;161;149m[48;2;94;211;193m▄[38;2;93;149;139m[48;2;95;211;193m▄[38;2;84;139;131m[48;2;101;188;174m▄[38;2;74;130;123m[48;2;94;155;144m▄[38;2;78;124;118m[48;2;110;155;146m▄[38;2;69;113;110m[48;2;114;161;153m▄[38;2;63;110;107m[48;2;102;154;145m▄[38;2;68;115;111m[48;2;93;156;148m▄[38;2;72;123;118m[48;2;86;162;152m▄[38;2;72;133;126m[48;2;88;170;159m▄[38;2;80;157;146m[48;2;87;190;174m▄[38;2;78;187;171m[48;2;80;207;190m▄[38;2;77;191;175m[48;2;81;205;190m▄[38;2;75;190;173m[48;2;79;206;190m▄[38;2;76;189;173m[48;2;79;205;190m▄[38;2;75;188;173m[48;2;79;204;189m▄[38;2;75;188;172m[48;2;79;203;187m▄[38;2;74;187;171m[48;2;79;201;186m▄[38;2;75;187;171m[48;2;79;200;183m▄[38;2;75;185;170m[48;2;79;198;183m▄[38;2;77;183;169m[48;2;80;196;182m▄[38;2;78;180;169m[48;2;79;195;180m▄[38;2;79;180;167m[48;2;81;192;178m▄[38;2;78;178;165m[48;2;84;189;176m▄[38;2;78;175;162m[48;2;82;187;173m▄[38;2;79;173;161m[48;2;82;184;172m▄[38;2;78;170;159m[48;2;83;182;170m▄[38;2;79;167;157m[48;2;84;178;168m▄[38;2;81;164;155m[48;2;85;175;166m▄[38;2;80;163;153m[48;2;86;172;163m▄[38;2;79;160;151m[48;2;87;169;161m▄[38;2;77;158;148m[48;2;86;167;160m▄[38;2;86;168;157m[48;2;93;177;170m▄[0m
[38;2;120;134;116m[48;2;120;143;125m▄[38;2;129;145;126m[48;2;132;159;135m▄[38;2;116;133;114m[48;2;124;150;128m▄[38;2;119;139;118m[48;2;122;152;129m▄[38;2;122;143;122m[48;2;120;151;128m▄[38;2;126;148;127m[48;2;121;155;132m▄[38;2;124;151;128m[48;2;120;158;133m▄[38;2;122;151;128m[48;2;114;154;132m▄[38;2;123;154;130m[48;2;113;154;133m▄[38;2;127;158;134m[48;2;118;161;139m▄[38;2;127;161;135m[48;2;116;164;139m▄[38;2;124;162;136m[48;2;115;164;140m▄[38;2;122;160;134m[48;2;117;168;145m▄[38;2;116;158;133m[48;2;118;171;147m▄[38;2;113;157;135m[48;2;118;172;150m▄[38;2;117;162;139m[48;2;115;174;152m▄[38;2;119;166;141m[48;2;115;176;153m▄[38;2;117;166;142m[48;2;113;176;154m▄[38;2;116;167;144m[48;2;108;173;153m▄[38;2;117;169;145m[48;2;108;176;156m▄[38;2;115;169;146m[48;2;108;179;159m▄[38;2;114;170;146m[48;2;105;177;156m▄[38;2;115;172;148m[48;2;104;177;157m▄[38;2;115;174;149m[48;2;102;178;159m▄[38;2;111;171;146m[48;2;99;177;158m▄[38;2;125;165;142m[48;2;100;175;155m▄[38;2;118;148;130m[48;2;88;138;125m▄[38;2;55;97;89m[48;2;61;104;101m▄[38;2;46;82;78m[48;2;56;98;95m▄[38;2;39;76;73m[48;2;58;100;97m▄[38;2;48;85;80m[48;2;50;92;90m▄[38;2;53;89;85m[48;2;47;90;89m▄[38;2;53;89;84m[48;2;46;89;87m▄[38;2;54;91;85m[48;2;47;91;88m▄[38;2;54;92;87m[48;2;45;93;91m▄[38;2;51;89;85m[48;2;50;97;95m▄[38;2;46;84;80m[48;2;61;108;101m▄[38;2;69;109;102m[48;2;75;122;115m▄[38;2;89;129;114m[48;2;86;150;137m▄[38;2;88;125;108m[48;2;92;176;157m▄[38;2;94;141;128m[48;2;86;177;162m▄[38;2;99;153;137m[48;2;82;175;160m▄[38;2;97;165;147m[48;2;82;174;159m▄[38;2;93;163;148m[48;2;81;172;159m▄[38;2;90;160;145m[48;2;79;171;158m▄[38;2;89;158;145m[48;2;78;171;157m▄[38;2;87;155;141m[48;2;80;170;157m▄[38;2;86;154;140m[48;2;80;169;157m▄[38;2;86;153;140m[48;2;79;168;155m▄[38;2;86;153;140m[48;2;80;167;155m▄[38;2;86;151;137m[48;2;81;166;152m▄[38;2;84;150;136m[48;2;80;166;150m▄[38;2;83;149;135m[48;2;80;164;150m▄[38;2;83;147;133m[48;2;79;161;147m▄[38;2;81;143;131m[48;2;78;158;145m▄[38;2;80;141;130m[48;2;77;156;143m▄[38;2;80;138;129m[48;2;76;153;142m▄[38;2;79;137;127m[48;2;76;150;140m▄[38;2;78;134;123m[48;2;77;147;137m▄[38;2;85;141;131m[48;2;83;156;146m▄[0m
[38;2;98;101;85m[48;2;112;123;101m▄[38;2;112;118;100m[48;2;122;133;113m▄[38;2;108;116;97m[48;2;112;125;107m▄[38;2;105;115;95m[48;2;115;129;110m▄[38;2;107;117;95m[48;2;120;134;113m▄[38;2;113;125;102m[48;2;124;139;117m▄[38;2;117;131;106m[48;2;126;143;119m▄[38;2;119;132;108m[48;2;127;145;120m▄[38;2;118;133;110m[48;2;127;147;123m▄[38;2;117;133;111m[48;2;122;145;123m▄[38;2;112;129;112m[48;2;120;145;124m▄[38;2;107;128;110m[48;2;117;145;123m▄[38;2;111;135;115m[48;2;118;149;126m▄[38;2;118;144;123m[48;2;119;153;127m▄[38;2;119;145;124m[48;2;119;154;129m▄[38;2;119;146;124m[48;2;119;156;130m▄[38;2;119;147;124m[48;2;118;154;129m▄[38;2;124;152;129m[48;2;121;158;134m▄[38;2;127;159;134m[48;2;122;163;137m▄[38;2;129;161;134m[48;2;121;163;135m▄[38;2;127;159;132m[48;2;122;164;138m▄[38;2;122;157;130m[48;2;121;166;139m▄[38;2;121;156;130m[48;2;121;167;140m▄[38;2;124;158;133m[48;2;119;166;138m▄[38;2;124;158;133m[48;2;120;167;138m▄[38;2;96;129;108m[48;2;116;146;124m▄[38;2;60;92;79m[48;2;106;134;118m▄[38;2;91;119;103m[48;2;73;110;97m▄[38;2;103;122;104m[48;2;68;104;91m▄[38;2;116;132;113m[48;2;68;99;88m▄[38;2;81;98;86m[48;2;63;92;84m▄[38;2;59;75;71m[48;2;49;80;76m▄[38;2;66;80;75m[48;2;45;78;73m▄[38;2;65;82;76m[48;2;46;81;76m▄[38;2;65;84;76m[48;2;66;99;91m▄[38;2;75;93;84m[48;2;62;95;87m▄[38;2;79;98;86m[48;2;49;83;78m▄[38;2;99;123;104m[48;2;69;110;99m▄[38;2;105;136;116m[48;2;82;129;114m▄[38;2;111;146;123m[48;2;80;125;111m▄[38;2;109;148;126m[48;2;79;119;106m▄[38;2;96;137;118m[48;2;85;119;106m▄[38;2;72;109;97m[48;2;96;128;115m▄[38;2;94;133;114m[48;2;95;140;124m▄[38;2;94;134;116m[48;2;96;150;132m▄[38;2;99;138;120m[48;2;94;149;133m▄[38;2;100;140;122m[48;2;92;145;131m▄[38;2;99;138;122m[48;2;91;143;130m▄[38;2;98;138;122m[48;2;93;143;130m▄[38;2;95;134;118m[48;2;94;144;130m▄[38;2;94;131;117m[48;2;91;141;128m▄[38;2;93;129;115m[48;2;88;135;124m▄[38;2;91;127;113m[48;2;86;134;122m▄[38;2;93;129;115m[48;2;86;134;122m▄[38;2;90;126;113m[48;2;85;131;121m▄[38;2;88;122;110m[48;2;83;126;118m▄[38;2;88;121;107m[48;2;83;125;116m▄[38;2;89;119;107m[48;2;84;126;117m▄[38;2;86;114;106m[48;2;82;123;115m▄[38;2;86;116;109m[48;2;85;127;120m▄[0m
[38;2;90;90;68m[48;2;91;94;80m▄[38;2;110;109;85m[48;2;105;108;90m▄[38;2;106;105;82m[48;2;100;103;84m▄[38;2;112;113;88m[48;2;99;104;86m▄[38;2;113;115;91m[48;2;106;112;90m▄[38;2;118;121;95m[48;2;108;115;91m▄[38;2;120;123;96m[48;2;105;114;90m▄[38;2;120;126;99m[48;2;110;119;95m▄[38;2;124;130;101m[48;2;104;116;96m▄[38;2;129;135;108m[48;2;109;122;102m▄[38;2;132;138;112m[48;2;111;123;102m▄[38;2;130;139;110m[48;2;116;130;108m▄[38;2;130;140;111m[48;2;120;137;113m▄[38;2;131;142;114m[48;2;124;140;116m▄[38;2;136;149;117m[48;2;125;142;117m▄[38;2;138;151;119m[48;2;126;146;119m▄[38;2;134;148;119m[48;2;123;143;117m▄[38;2;135;151;122m[48;2;124;145;120m▄[38;2;135;152;122m[48;2;126;150;122m▄[38;2;131;147;119m[48;2;127;151;122m▄[38;2;127;142;115m[48;2;125;147;121m▄[38;2;125;143;115m[48;2;124;149;121m▄[38;2;123;144;116m[48;2;123;151;124m▄[38;2;120;138;113m[48;2;123;150;124m▄[38;2;113;131;107m[48;2;120;148;123m▄[38;2;96;115;95m[48;2;98;125;103m▄[38;2;51;74;61m[48;2;52;75;64m▄[38;2;55;73;63m[48;2;74;90;78m▄[38;2;55;76;64m[48;2;90;103;87m▄[38;2;50;71;59m[48;2;86;100;86m▄[38;2;39;64;55m[48;2;71;84;73m▄[38;2;29;56;52m[48;2;77;87;78m▄[38;2;31;57;53m[48;2;97;103;90m▄[38;2;36;59;53m[48;2;98;105;91m▄[38;2;39;62;56m[48;2;95;104;91m▄[38;2;40;64;59m[48;2;92;101;88m▄[38;2;44;66;58m[48;2;95;105;90m▄[38;2;55;74;63m[48;2;90;98;84m▄[38;2;57;76;65m[48;2;82;91;79m▄[38;2;67;88;73m[48;2;72;89;77m▄[38;2;78;99;85m[48;2;72;93;80m▄[38;2;66;89;77m[48;2;70;95;84m▄[38;2;104;126;106m[48;2;84;112;95m▄[38;2;108;128;111m[48;2;95;125;107m▄[38;2;107;128;111m[48;2;89;118;101m▄[38;2;102;123;108m[48;2;99;127;110m▄[38;2;105;125;110m[48;2;100;128;111m▄[38;2;109;128;113m[48;2;101;128;111m▄[38;2;111;130;114m[48;2;103;131;113m▄[38;2;114;132;117m[48;2;105;132;115m▄[38;2;115;134;118m[48;2;106;133;115m▄[38;2;116;133;117m[48;2;105;130;113m▄[38;2;118;133;118m[48;2;104;127;113m▄[38;2;109;124;112m[48;2;99;124;111m▄[38;2;104;118;108m[48;2;95;119;106m▄[38;2;101;114;105m[48;2;99;119;107m▄[38;2;107;119;110m[48;2;101;121;109m▄[38;2;111;122;114m[48;2;98;116;106m▄[38;2;108;119;110m[48;2;98;113;103m▄[38;2;115;125;116m[48;2;101;118;108m▄[0m
