[38;2;254;254;254m[48;2;254;254;254m▄[38;2;255;255;255m[48;2;254;254;254m▄[38;2;255;255;255m[48;2;254;254;254m▄[38;2;255;255;255m[48;2;254;254;254m▄[38;2;255;255;255m[48;2;254;254;254m▄[38;2;255;255;255m[48;2;254;254;254m▄[38;2;255;255;255m[48;2;254;254;254m▄[38;2;255;255;255m[48;2;254;254;254m▄[38;2;255;255;255m[48;2;254;254;254m▄[38;2;255;255;255m[48;2;254;254;254m▄[38;2;255;255;255m[48;2;254;254;254m▄[38;2;255;255;255m[48;2;254;254;254m▄[38;2;255;255;255m[48;2;254;254;254m▄[38;2;255;255;255m[48;2;254;254;254m▄[38;2;255;255;255m[48;2;254;254;254m▄[38;2;255;255;255m[48;2;254;254;254m▄[38;2;255;255;255m[48;2;254;254;254m▄[38;2;255;255;255m[48;2;254;254;254m▄[38;2;255;255;255m[48;2;254;254;254m▄[38;2;255;255;255m[48;2;254;254;254m▄[38;2;255;255;255m[48;2;254;254;254m▄[38;2;255;255;255m[48;2;254;254;254m▄[38;2;255;255;255m[48;2;254;254;254m▄[38;2;255;255;255m[48;2;254;254;254m▄[38;2;255;255;255m[48;2;254;254;254m▄[38;2;255;255;255m[48;2;254;254;254m▄[38;2;255;255;255m[48;2;254;254;254m▄[38;2;255;255;255m[48;2;254;254;254m▄[38;2;255;255;255m[48;2;254;254;254m▄[38;2;255;255;255m[48;2;254;254;254m▄[38;2;255;255;255m[48;2;254;254;254m▄[38;2;255;255;255m[48;2;254;254;254m▄[38;2;255;255;255m[48;2;254;254;254m▄[38;2;255;255;255m[48;2;254;254;254m▄[38;2;255;255;255m[48;2;254;254;254m▄[38;2;255;255;255m[48;2;254;254;254m▄[38;2;218;218;217m[48;2;200;200;200m▄[38;2;0;0;0m[48;2;0;0;0m▄[38;2;0;0;2m[48;2;0;0;1m▄[38;2;0;0;5m[48;2;0;0;3m▄[38;2;0;0;4m[48;2;0;0;3m▄[38;2;1;0;5m[48;2;1;0;5m▄[38;2;4;4;9m[48;2;0;0;1m▄[38;2;17;27;52m[48;2;0;0;0m▄[38;2;17;32;67m[48;2;3;0;1m▄[38;2;15;30;64m[48;2;9;13;23m▄[38;2;13;27;61m[48;2;15;23;42m▄[38;2;13;26;63m[48;2;17;27;52m▄[38;2;14;30;66m[48;2;17;27;56m▄[38;2;13;32;71m[48;2;17;27;54m▄[38;2;13;32;71m[48;2;15;23;44m▄[38;2;14;26;63m[48;2;11;15;30m▄[38;2;17;32;68m[48;2;3;1;3m▄[38;2;16;27;51m[48;2;0;0;0m▄[38;2;5;4;8m[48;2;0;0;1m▄[38;2;1;0;2m[48;2;0;0;5m▄[38;2;2;1;6m[48;2;0;0;3m▄[38;2;1;1;6m[48;2;0;0;3m▄[38;2;1;0;5m[48;2;0;0;3m▄[38;2;0;0;4m[48;2;0;0;3m▄[0m
[38;2;254;254;254m[48;2;254;254;254m▄[38;2;255;255;255m[48;2;255;255;255m▄[38;2;255;255;255m[48;2;255;255;255m▄[38;2;255;255;255m[48;2;255;255;255m▄[38;2;255;255;255m[48;2;255;255;255m▄[38;2;255;255;255m[48;2;255;255;255m▄[38;2;255;255;255m[48;2;255;255;255m▄[38;2;255;255;255m[48;2;255;255;255m▄[38;2;255;255;255m[48;2;255;255;255m▄[38;2;255;255;255m[48;2;255;255;255m▄[38;2;255;255;255m[48;2;255;255;255m▄[38;2;255;255;255m[48;2;255;255;255m▄[38;2;255;255;255m[48;2;255;255;255m▄[38;2;255;255;255m[48;2;255;255;255m▄[38;2;255;255;255m[48;2;255;255;255m▄[38;2;255;255;255m[48;2;255;255;255m▄[38;2;255;255;255m[48;2;255;255;255m▄[38;2;255;255;255m[48;2;255;255;255m▄[38;2;255;255;255m[48;2;255;255;255m▄[38;2;255;255;255m[48;2;255;255;255m▄[38;2;255;255;255m[48;2;255;255;255m▄[38;2;255;255;255m[48;2;255;255;255m▄[38;2;255;255;255m[48;2;255;255;255m▄[38;2;255;255;255m[48;2;255;255;255m▄[38;2;255;255;255m[48;2;255;255;255m▄[38;2;255;255;255m[48;2;255;255;255m▄[38;2;255;255;255m[48;2;255;255;255m▄[38;2;255;255;255m[48;2;255;255;255m▄[38;2;255;255;255m[48;2;255;255;255m▄[38;2;255;255;255m[48;2;255;255;255m▄[38;2;255;255;255m[48;2;255;255;255m▄[38;2;255;255;255m[48;2;255;255;255m▄[38;2;255;255;255m[48;2;255;255;255m▄[38;2;255;255;255m[48;2;255;255;255m▄[38;2;255;255;255m[48;2;255;255;255m▄[38;2;255;255;255m[48;2;255;255;255m▄[38;2;201;201;200m[48;2;201;201;200m▄[38;2;0;0;0m[48;2;0;0;0m▄[38;2;0;0;2m[48;2;0;0;2m▄[38;2;0;0;4m[48;2;0;0;4m▄[38;2;0;0;4m[48;2;0;0;4m▄[38;2;5;5;9m[48;2;2;1;3m▄[38;2;24;42;86m[48;2;24;39;70m▄[38;2;3;16;58m[48;2;12;31;71m▄[38;2;3;23;74m[48;2;0;14;41m▄[38;2;2;25;83m[48;2;0;10;35m▄[38;2;5;31;87m[48;2;7;30;68m▄[38;2;10;49;108m[48;2;14;61;133m▄[38;2;11;56;128m[48;2;14;65;144m▄[38;2;13;64;145m[48;2;14;71;154m▄[38;2;10;66;151m[48;2;12;63;139m▄[38;2;16;73;151m[48;2;14;59;121m▄[38;2;7;32;78m[48;2;6;27;65m▄[38;2;0;8;39m[48;2;11;28;76m▄[38;2;25;54;117m[48;2;27;49;98m▄[38;2;19;30;51m[48;2;7;9;16m▄[38;2;0;0;0m[48;2;1;1;4m▄[38;2;2;1;6m[48;2;2;1;6m▄[38;2;1;1;5m[48;2;1;0;5m▄[38;2;0;0;4m[48;2;0;0;4m▄[0m
[38;2;254;254;254m[48;2;254;254;254m▄[38;2;255;255;255m[48;2;255;255;255m▄[38;2;255;255;255m[48;2;255;255;255m▄[38;2;255;255;255m[48;2;255;255;255m▄[38;2;255;255;255m[48;2;255;255;255m▄[38;2;255;255;255m[48;2;255;255;255m▄[38;2;255;255;255m[48;2;255;255;255m▄[38;2;255;255;255m[48;2;255;255;255m▄[38;2;255;255;255m[48;2;255;255;255m▄[38;2;255;255;255m[48;2;255;255;255m▄[38;2;255;255;255m[48;2;255;255;255m▄[38;2;255;255;255m[48;2;255;255;255m▄[38;2;255;255;255m[48;2;255;255;255m▄[38;2;255;255;255m[48;2;255;255;255m▄[38;2;255;255;255m[48;2;255;255;255m▄[38;2;255;255;255m[48;2;255;255;255m▄[38;2;255;255;255m[48;2;255;255;255m▄[38;2;255;255;255m[48;2;255;255;255m▄[38;2;255;255;255m[48;2;255;255;255m▄[38;2;255;255;255m[48;2;255;255;255m▄[38;2;255;255;255m[48;2;255;255;255m▄[38;2;255;255;255m[48;2;255;255;255m▄[38;2;255;255;255m[48;2;255;255;255m▄[38;2;255;255;255m[48;2;255;255;255m▄[38;2;255;255;255m[48;2;255;255;255m▄[38;2;255;255;255m[48;2;255;255;255m▄[38;2;255;255;255m[48;2;255;255;255m▄[38;2;255;255;255m[48;2;255;255;255m▄[38;2;255;255;255m[48;2;255;255;255m▄[38;2;255;255;255m[48;2;255;255;255m▄[38;2;255;255;255m[48;2;255;255;255m▄[38;2;255;255;255m[48;2;255;255;255m▄[38;2;255;255;255m[48;2;255;255;255m▄[38;2;255;255;255m[48;2;255;255;255m▄[38;2;255;255;255m[48;2;255;255;255m▄[38;2;255;255;255m[48;2;255;255;255m▄[38;2;201;201;200m[48;2;201;201;200m▄[38;2;0;0;0m[48;2;0;0;0m▄[38;2;0;0;2m[48;2;0;0;2m▄[38;2;2;1;6m[48;2;2;1;6m▄[38;2;2;1;6m[48;2;2;1;6m▄[38;2;1;0;5m[48;2;2;0;3m▄[38;2;2;3;11m[48;2;7;15;42m▄[38;2;21;45;115m[48;2;14;41;109m▄[38;2;18;50;148m[48;2;12;52;162m▄[38;2;20;54;149m[48;2;11;57;186m▄[38;2;12;51;143m[48;2;9;48;150m▄[38;2;3;37;110m[48;2;5;32;113m▄[38;2;4;33;95m[48;2;9;36;125m▄[38;2;16;39;108m[48;2;18;51;144m▄[38;2;27;64;175m[48;2;12;48;128m▄[38;2;22;51;137m[48;2;6;30;89m▄[38;2;14;34;97m[48;2;7;31;94m▄[38;2;3;7;24m[48;2;9;29;85m▄[38;2;0;0;6m[48;2;17;30;64m▄[38;2;1;0;4m[48;2;6;7;11m▄[38;2;2;1;6m[48;2;1;1;4m▄[38;2;1;0;5m[48;2;2;1;6m▄[38;2;0;0;4m[48;2;1;0;5m▄[38;2;0;0;4m[48;2;0;0;4m▄[0m
[38;2;240;240;240m[48;2;254;254;254m▄[38;2;241;241;241m[48;2;255;255;255m▄[38;2;241;241;241m[48;2;255;255;255m▄[38;2;241;241;241m[48;2;255;255;255m▄[38;2;241;241;241m[48;2;255;255;255m▄[38;2;241;241;241m[48;2;255;255;255m▄[38;2;241;241;241m[48;2;255;255;255m▄[38;2;241;241;241m[48;2;255;255;255m▄[38;2;241;241;241m[48;2;255;255;255m▄[38;2;241;241;241m[48;2;255;255;255m▄[38;2;241;241;241m[48;2;255;255;255m▄[38;2;241;241;241m[48;2;255;255;255m▄[38;2;241;241;241m[48;2;255;255;255m▄[38;2;241;241;241m[48;2;255;255;255m▄[38;2;241;241;241m[48;2;255;255;255m▄[38;2;241;241;241m[48;2;255;255;255m▄[38;2;241;241;241m[48;2;255;255;255m▄[38;2;241;241;241m[48;2;255;255;255m▄[38;2;241;241;241m[48;2;255;255;255m▄[38;2;241;241;241m[48;2;255;255;255m▄[38;2;241;241;241m[48;2;255;255;255m▄[38;2;241;241;241m[48;2;255;255;255m▄[38;2;241;241;241m[48;2;255;255;255m▄[38;2;241;241;241m[48;2;255;255;255m▄[38;2;241;241;241m[48;2;255;255;255m▄[38;2;241;241;241m[48;2;255;255;255m▄[38;2;241;241;241m[48;2;255;255;255m▄[38;2;241;241;241m[48;2;255;255;255m▄[38;2;241;241;241m[48;2;255;255;255m▄[38;2;241;241;241m[48;2;255;255;255m▄[38;2;241;241;241m[48;2;255;255;255m▄[38;2;241;241;241m[48;2;255;255;255m▄[38;2;241;241;241m[48;2;255;255;255m▄[38;2;241;241;241m[48;2;255;255;255m▄[38;2;241;241;241m[48;2;255;255;255m▄[38;2;241;241;241m[48;2;255;255;255m▄[38;2;190;190;189m[48;2;203;203;202m▄[38;2;0;0;2m[48;2;0;0;0m▄[38;2;0;0;5m[48;2;0;0;0m▄[38;2;0;0;8m[48;2;0;0;1m▄[38;2;1;1;10m[48;2;0;0;1m▄[38;2;0;0;9m[48;2;1;0;2m▄[38;2;4;3;10m[48;2;0;0;0m▄[38;2;7;13;18m[48;2;16;23;57m▄[38;2;3;14;36m[48;2;19;38;97m▄[38;2;14;16;32m[48;2;8;27;75m▄[38;2;12;12;28m[48;2;4;26;76m▄[38;2;7;9;25m[48;2;0;20;63m▄[38;2;2;7;24m[48;2;0;15;47m▄[38;2;5;9;27m[48;2;0;7;29m▄[38;2;5;5;19m[48;2;14;32;78m▄[38;2;28;34;71m[48;2;23;53;145m▄[38;2;38;58;130m[48;2;18;44;119m▄[38;2;27;54;118m[48;2;7;10;29m▄[38;2;4;20;46m[48;2;0;0;1m▄[38;2;4;12;18m[48;2;0;0;1m▄[38;2;0;0;7m[48;2;1;0;3m▄[38;2;0;0;6m[48;2;0;0;1m▄[38;2;1;1;7m[48;2;0;0;2m▄[38;2;0;0;6m[48;2;0;0;2m▄[0m
[38;2;254;254;254m[48;2;242;242;242m▄[38;2;255;255;255m[48;2;242;242;242m▄[38;2;255;255;255m[48;2;241;241;241m▄[38;2;255;255;255m[48;2;241;241;241m▄[38;2;255;255;255m[48;2;241;241;241m▄[38;2;255;255;255m[48;2;241;241;241m▄[38;2;255;255;255m[48;2;241;241;241m▄[38;2;255;255;255m[48;2;241;241;241m▄[38;2;255;255;255m[48;2;241;241;241m▄[38;2;255;255;255m[48;2;241;241;241m▄[38;2;255;255;255m[48;2;241;241;241m▄[38;2;255;255;255m[48;2;241;241;241m▄[38;2;255;255;255m[48;2;241;241;241m▄[38;2;255;255;255m[48;2;241;241;241m▄[38;2;255;255;255m[48;2;241;241;241m▄[38;2;255;255;255m[48;2;241;241;241m▄[38;2;255;255;255m[48;2;241;241;241m▄[38;2;255;255;255m[48;2;241;241;241m▄[38;2;255;255;255m[48;2;241;241;241m▄[38;2;255;255;255m[48;2;241;241;241m▄[38;2;255;255;255m[48;2;241;241;241m▄[38;2;255;255;255m[48;2;241;241;241m▄[38;2;255;255;255m[48;2;241;241;241m▄[38;2;255;255;255m[48;2;241;241;241m▄[38;2;255;255;255m[48;2;241;241;241m▄[38;2;255;255;255m[48;2;241;241;241m▄[38;2;255;255;255m[48;2;241;241;241m▄[38;2;255;255;255m[48;2;241;241;241m▄[38;2;255;255;255m[48;2;241;241;241m▄[38;2;255;255;255m[48;2;241;241;241m▄[38;2;255;255;255m[48;2;241;241;241m▄[38;2;255;255;255m[48;2;241;241;241m▄[38;2;255;255;255m[48;2;241;241;241m▄[38;2;255;255;255m[48;2;241;241;241m▄[38;2;255;255;255m[48;2;241;241;241m▄[38;2;255;255;255m[48;2;242;242;242m▄[38;2;205;204;209m[48;2;190;190;194m▄[38;2;25;18;116m[48;2;6;7;77m▄[38;2;33;34;155m[48;2;12;17;112m▄[38;2;31;41;167m[48;2;13;24;129m▄[38;2;45;62;181m[48;2;7;22;139m▄[38;2;95;141;218m[48;2;36;61;159m▄[38;2;83;105;208m[48;2;74;134;203m▄[38;2;160;110;208m[48;2;67;115;202m▄[38;2;218;136;202m[48;2;77;99;191m▄[38;2;225;143;199m[48;2;106;106;189m▄[38;2;212;135;205m[48;2;134;105;187m▄[38;2;215;156;218m[48;2;150;111;187m▄[38;2;220;140;206m[48;2;164;123;191m▄[38;2;228;149;207m[48;2;161;113;189m▄[38;2;241;168;216m[48;2;188;119;185m▄[38;2;229;159;214m[48;2;209;143;181m▄[38;2;218;150;211m[48;2;175;103;182m▄[38;2;215;120;189m[48;2;128;98;191m▄[38;2;235;139;195m[48;2;107;103;199m▄[38;2;192;123;205m[48;2;72;113;201m▄[38;2;128;133;222m[48;2;57;108;185m▄[38;2;90;129;211m[48;2;23;38;137m▄[38;2;35;37;155m[48;2;10;14;114m▄[38;2;36;30;146m[48;2;14;17;102m▄[0m
[38;2;254;254;254m[48;2;254;254;254m▄[38;2;255;255;255m[48;2;255;255;255m▄[38;2;255;255;255m[48;2;255;255;255m▄[38;2;255;255;255m[48;2;255;255;255m▄[38;2;255;255;255m[48;2;255;255;255m▄[38;2;255;255;255m[48;2;255;255;255m▄[38;2;255;255;255m[48;2;255;255;255m▄[38;2;255;255;255m[48;2;255;255;255m▄[38;2;255;255;255m[48;2;255;255;255m▄[38;2;255;255;255m[48;2;255;255;255m▄[38;2;255;255;255m[48;2;255;255;255m▄[38;2;255;255;255m[48;2;255;255;255m▄[38;2;255;255;255m[48;2;255;255;255m▄[38;2;255;255;255m[48;2;255;255;255m▄[38;2;255;255;255m[48;2;255;255;255m▄[38;2;255;255;255m[48;2;255;255;255m▄[38;2;255;255;255m[48;2;255;255;255m▄[38;2;255;255;255m[48;2;255;255;255m▄[38;2;255;255;255m[48;2;255;255;255m▄[38;2;255;255;255m[48;2;255;255;255m▄[38;2;255;255;255m[48;2;255;255;255m▄[38;2;255;255;255m[48;2;255;255;255m▄[38;2;255;255;255m[48;2;255;255;255m▄[38;2;255;255;255m[48;2;255;255;255m▄[38;2;255;255;255m[48;2;255;255;255m▄[38;2;255;255;255m[48;2;255;255;255m▄[38;2;255;255;255m[48;2;255;255;255m▄[38;2;255;255;255m[48;2;255;255;255m▄[38;2;255;255;255m[48;2;255;255;255m▄[38;2;255;255;255m[48;2;255;255;255m▄[38;2;255;255;255m[48;2;255;255;255m▄[38;2;255;255;255m[48;2;255;255;255m▄[38;2;255;255;255m[48;2;255;255;255m▄[38;2;255;255;255m[48;2;255;255;255m▄[38;2;255;255;255m[48;2;255;255;255m▄[38;2;255;255;255m[48;2;255;255;255m▄[38;2;204;203;208m[48;2;203;203;208m▄[38;2;44;38;121m[48;2;38;30;124m▄[38;2;56;61;156m[48;2;48;48;159m▄[38;2;65;65;155m[48;2;42;55;170m▄[38;2;71;39;123m[48;2;84;104;189m▄[38;2;93;71;143m[48;2;100;107;184m▄[38;2;87;75;158m[48;2;74;44;138m▄[38;2;65;28;112m[48;2;145;70;154m▄[38;2;70;23;98m[48;2;201;107;170m▄[38;2;68;21;94m[48;2;193;100;166m▄[38;2;83;44;109m[48;2;188;104;175m▄[38;2;101;61;135m[48;2;201;136;195m▄[38;2;142;87;151m[48;2;203;112;181m▄[38;2;152;104;165m[48;2;240;136;181m▄[38;2;131;95;165m[48;2;207;111;176m▄[38;2;142;109;168m[48;2;204;132;189m▄[38;2;111;77;149m[48;2;189;131;188m▄[38;2;115;71;146m[48;2;210;102;165m▄[38;2;134;82;155m[48;2;229;119;170m▄[38;2;110;78;156m[48;2;206;116;181m▄[38;2;105;92;167m[48;2;141;110;189m▄[38;2;111;116;176m[48;2;109;133;201m▄[38;2;56;62;154m[48;2;65;69;165m▄[38;2;60;53;151m[48;2;49;41;154m▄[0m
[38;2;254;254;254m[48;2;254;254;254m▄[38;2;255;255;255m[48;2;255;255;255m▄[38;2;255;255;255m[48;2;255;255;255m▄[38;2;255;255;255m[48;2;255;255;255m▄[38;2;255;255;255m[48;2;255;255;255m▄[38;2;255;255;255m[48;2;255;255;255m▄[38;2;255;255;255m[48;2;255;255;255m▄[38;2;255;255;255m[48;2;255;255;255m▄[38;2;255;255;255m[48;2;255;255;255m▄[38;2;255;255;255m[48;2;255;255;255m▄[38;2;255;255;255m[48;2;255;255;255m▄[38;2;255;255;255m[48;2;255;255;255m▄[38;2;255;255;255m[48;2;255;255;255m▄[38;2;255;255;255m[48;2;255;255;255m▄[38;2;255;255;255m[48;2;255;255;255m▄[38;2;255;255;255m[48;2;255;255;255m▄[38;2;255;255;255m[48;2;255;255;255m▄[38;2;255;255;255m[48;2;255;255;255m▄[38;2;255;255;255m[48;2;255;255;255m▄[38;2;255;255;255m[48;2;255;255;255m▄[38;2;255;255;255m[48;2;255;255;255m▄[38;2;255;255;255m[48;2;255;255;255m▄[38;2;255;255;255m[48;2;255;255;255m▄[38;2;255;255;255m[48;2;255;255;255m▄[38;2;255;255;255m[48;2;255;255;255m▄[38;2;255;255;255m[48;2;255;255;255m▄[38;2;255;255;255m[48;2;255;255;255m▄[38;2;255;255;255m[48;2;255;255;255m▄[38;2;255;255;255m[48;2;255;255;255m▄[38;2;255;255;255m[48;2;255;255;255m▄[38;2;255;255;255m[48;2;255;255;255m▄[38;2;255;255;255m[48;2;255;255;255m▄[38;2;255;255;255m[48;2;255;255;255m▄[38;2;255;255;255m[48;2;255;255;255m▄[38;2;255;255;255m[48;2;255;255;255m▄[38;2;255;255;255m[48;2;255;255;255m▄[38;2;204;203;206m[48;2;204;203;207m▄[38;2;40;37;93m[48;2;44;41;111m▄[38;2;50;57;117m[48;2;59;65;141m▄[38;2;52;73;123m[48;2;74;53;120m▄[38;2;85;72;124m[48;2;80;37;106m▄[38;2;78;41;109m[48;2;91;74;146m▄[38;2;65;21;82m[48;2;76;43;124m▄[38;2;60;11;65m[48;2;70;20;88m▄[38;2;60;10;63m[48;2;67;12;70m▄[38;2;62;9;58m[48;2;66;10;65m▄[38;2;60;8;56m[48;2;63;6;61m▄[38;2;58;7;53m[48;2;63;7;60m▄[38;2;57;5;50m[48;2;61;12;73m▄[38;2;62;9;57m[48;2;72;29;95m▄[38;2;79;24;84m[48;2;95;46;115m▄[38;2;74;21;81m[48;2;109;59;125m▄[38;2;105;46;96m[48;2;111;61;131m▄[38;2;76;23;81m[48;2;97;48;119m▄[38;2;82;38;104m[48;2;109;64;130m▄[38;2;104;89;130m[48;2;110;78;143m▄[38;2;55;79;124m[48;2;105;101;152m▄[38;2;50;67;126m[48;2;62;78;143m▄[38;2;55;57;124m[48;2;54;62;140m▄[38;2;57;51;122m[48;2;62;56;139m▄[0m
[38;2;232;232;232m[48;2;254;254;254m▄[38;2;234;234;234m[48;2;254;254;254m▄[38;2;233;233;233m[48;2;254;254;254m▄[38;2;233;233;233m[48;2;254;254;254m▄[38;2;233;233;233m[48;2;254;254;254m▄[38;2;233;233;233m[48;2;254;254;254m▄[38;2;233;233;233m[48;2;254;254;254m▄[38;2;233;233;233m[48;2;254;254;254m▄[38;2;233;233;233m[48;2;254;254;254m▄[38;2;233;233;233m[48;2;254;254;254m▄[38;2;233;233;233m[48;2;254;254;254m▄[38;2;233;233;233m[48;2;254;254;254m▄[38;2;233;233;233m[48;2;254;254;254m▄[38;2;233;233;233m[48;2;254;254;254m▄[38;2;233;233;233m[48;2;254;254;254m▄[38;2;233;233;233m[48;2;254;254;254m▄[38;2;233;233;233m[48;2;254;254;254m▄[38;2;233;233;233m[48;2;254;254;254m▄[38;2;233;233;233m[48;2;254;254;254m▄[38;2;233;233;233m[48;2;254;254;254m▄[38;2;233;233;233m[48;2;254;254;254m▄[38;2;233;233;233m[48;2;254;254;254m▄[38;2;233;233;233m[48;2;254;254;254m▄[38;2;233;233;233m[48;2;254;254;254m▄[38;2;233;233;233m[48;2;254;254;254m▄[38;2;233;233;233m[48;2;254;254;254m▄[38;2;233;233;233m[48;2;254;254;254m▄[38;2;233;233;233m[48;2;254;254;254m▄[38;2;233;233;233m[48;2;254;254;254m▄[38;2;233;233;233m[48;2;254;254;254m▄[38;2;233;233;233m[48;2;254;254;254m▄[38;2;233;233;233m[48;2;254;254;254m▄[38;2;233;233;233m[48;2;254;254;254m▄[38;2;233;233;233m[48;2;254;254;254m▄[38;2;233;233;233m[48;2;254;254;254m▄[38;2;233;233;233m[48;2;254;254;254m▄[38;2;184;185;187m[48;2;202;202;205m▄[38;2;10;23;62m[48;2;28;26;66m▄[38;2;19;39;84m[48;2;38;42;84m▄[38;2;25;49;100m[48;2;36;52;86m▄[38;2;38;64;128m[48;2;60;50;83m▄[38;2;29;44;107m[48;2;59;20;62m▄[38;2;21;23;69m[48;2;57;19;60m▄[38;2;35;35;68m[48;2;59;18;60m▄[38;2;48;54;93m[48;2;57;16;57m▄[38;2;47;50;100m[48;2;53;10;53m▄[38;2;45;51;100m[48;2;48;5;46m▄[38;2;63;69;122m[48;2;45;2;44m▄[38;2;88;96;138m[48;2;44;0;42m▄[38;2;63;66;119m[48;2;51;0;39m▄[38;2;57;60;102m[48;2;51;0;39m▄[38;2;67;71;120m[48;2;65;10;53m▄[38;2;63;70;112m[48;2;55;2;39m▄[38;2;50;57;106m[48;2;42;0;42m▄[38;2;61;61;115m[48;2;79;28;73m▄[38;2;62;67;118m[48;2;74;64;93m▄[38;2;30;45;89m[48;2;34;57;96m▄[38;2;22;29;66m[48;2;45;55;104m▄[38;2;25;30;66m[48;2;45;46;98m▄[38;2;25;27;64m[48;2;49;41;97m▄[0m
[38;2;254;254;254m[48;2;254;254;254m▄[38;2;255;255;255m[48;2;255;255;255m▄[38;2;255;255;255m[48;2;255;255;255m▄[38;2;255;255;255m[48;2;255;255;255m▄[38;2;255;255;255m[48;2;255;255;255m▄[38;2;255;255;255m[48;2;255;255;255m▄[38;2;255;255;255m[48;2;255;255;255m▄[38;2;255;255;255m[48;2;255;255;255m▄[38;2;255;255;255m[48;2;255;255;255m▄[38;2;255;255;255m[48;2;255;255;255m▄[38;2;255;255;255m[48;2;255;255;255m▄[38;2;255;255;255m[48;2;255;255;255m▄[38;2;255;255;255m[48;2;255;255;255m▄[38;2;255;255;255m[48;2;255;255;255m▄[38;2;255;255;255m[48;2;255;255;255m▄[38;2;255;255;255m[48;2;255;255;255m▄[38;2;255;255;255m[48;2;255;255;255m▄[38;2;255;255;255m[48;2;255;255;255m▄[38;2;255;255;255m[48;2;255;255;255m▄[38;2;255;255;255m[48;2;255;255;255m▄[38;2;255;255;255m[48;2;255;255;255m▄[38;2;255;255;255m[48;2;255;255;255m▄[38;2;255;255;255m[48;2;255;255;255m▄[38;2;255;255;255m[48;2;255;255;255m▄[38;2;255;255;255m[48;2;255;255;255m▄[38;2;255;255;255m[48;2;255;255;255m▄[38;2;255;255;255m[48;2;255;255;255m▄[38;2;255;255;255m[48;2;255;255;255m▄[38;2;255;255;255m[48;2;255;255;255m▄[38;2;255;255;255m[48;2;255;255;255m▄[38;2;255;255;255m[48;2;255;255;255m▄[38;2;255;255;255m[48;2;255;255;255m▄[38;2;255;255;255m[48;2;255;255;255m▄[38;2;255;255;255m[48;2;255;255;255m▄[38;2;255;255;255m[48;2;255;255;255m▄[38;2;255;255;255m[48;2;255;255;255m▄[38;2;204;209;214m[48;2;202;203;208m▄[38;2;46;117;193m[48;2;5;26;102m▄[38;2;60;143;225m[48;2;15;44;136m▄[38;2;48;128;221m[48;2;26;62;164m▄[38;2;104;159;225m[48;2;35;74;206m▄[38;2;157;227;249m[48;2;77;124;222m▄[38;2;121;216;254m[48;2;93;141;203m▄[38;2;121;192;249m[48;2;81;136;202m▄[38;2;169;209;248m[48;2;88;138;224m▄[38;2;158;186;237m[48;2;82;118;209m▄[38;2;174;209;247m[48;2;98;143;232m▄[38;2;203;241;254m[48;2;132;165;233m▄[38;2;195;238;252m[48;2;158;200;252m▄[38;2;214;251;254m[48;2;135;184;250m▄[38;2;182;222;250m[48;2;130;181;243m▄[38;2;148;198;243m[48;2;104;149;227m▄[38;2;158;188;242m[48;2;106;152;232m▄[38;2;230;236;251m[48;2;116;155;235m▄[38;2;178;191;234m[48;2;95;140;224m▄[38;2;138;177;238m[48;2;93;138;221m▄[38;2;125;194;248m[48;2;88;118;193m▄[38;2;136;201;249m[48;2;65;83;152m▄[38;2;105;171;233m[48;2;35;47;125m▄[38;2;70;153;244m[48;2;17;31;120m▄[0m
[38;2;254;254;254m[48;2;254;254;254m▄[38;2;255;255;255m[48;2;255;255;255m▄[38;2;255;255;255m[48;2;255;255;255m▄[38;2;255;255;255m[48;2;255;255;255m▄[38;2;255;255;255m[48;2;255;255;255m▄[38;2;255;255;255m[48;2;255;255;255m▄[38;2;255;255;255m[48;2;255;255;255m▄[38;2;255;255;255m[48;2;255;255;255m▄[38;2;255;255;255m[48;2;255;255;255m▄[38;2;255;255;255m[48;2;255;255;255m▄[38;2;255;255;255m[48;2;255;255;255m▄[38;2;255;255;255m[48;2;255;255;255m▄[38;2;255;255;255m[48;2;255;255;255m▄[38;2;255;255;255m[48;2;255;255;255m▄[38;2;255;255;255m[48;2;255;255;255m▄[38;2;255;255;255m[48;2;255;255;255m▄[38;2;255;255;255m[48;2;255;255;255m▄[38;2;255;255;255m[48;2;255;255;255m▄[38;2;255;255;255m[48;2;255;255;255m▄[38;2;255;255;255m[48;2;255;255;255m▄[38;2;255;255;255m[48;2;255;255;255m▄[38;2;255;255;255m[48;2;255;255;255m▄[38;2;255;255;255m[48;2;255;255;255m▄[38;2;255;255;255m[48;2;255;255;255m▄[38;2;255;255;255m[48;2;255;255;255m▄[38;2;255;255;255m[48;2;255;255;255m▄[38;2;255;255;255m[48;2;255;255;255m▄[38;2;255;255;255m[48;2;255;255;255m▄[38;2;255;255;255m[48;2;255;255;255m▄[38;2;255;255;255m[48;2;255;255;255m▄[38;2;255;255;255m[48;2;255;255;255m▄[38;2;255;255;255m[48;2;255;255;255m▄[38;2;255;255;255m[48;2;255;255;255m▄[38;2;255;255;255m[48;2;255;255;255m▄[38;2;255;255;255m[48;2;255;255;255m▄[38;2;255;255;255m[48;2;255;255;255m▄[38;2;202;202;206m[48;2;205;210;215m▄[38;2;13;38;120m[48;2;43;124;209m▄[38;2;23;65;173m[48;2;46;130;236m▄[38;2;59;105;204m[48;2;67;118;227m▄[38;2;51;82;166m[48;2;163;226;255m▄[38;2;74;120;209m[48;2;99;173;234m▄[38;2;57;97;198m[48;2;95;164;230m▄[38;2;50;79;165m[48;2;101;141;223m▄[38;2;92;134;210m[48;2;111;138;215m▄[38;2;72;110;196m[48;2;128;168;234m▄[38;2;71;102;194m[48;2;131;170;227m▄[38;2;87;112;208m[48;2;135;185;241m▄[38;2;108;142;240m[48;2;147;203;243m▄[38;2;93;113;209m[48;2;161;188;237m▄[38;2;114;136;212m[48;2;204;215;248m▄[38;2;159;171;225m[48;2;224;243;255m▄[38;2;179;191;239m[48;2;237;253;255m▄[38;2;183;197;247m[48;2;248;250;254m▄[38;2;177;190;239m[48;2;255;255;255m▄[38;2;143;158;220m[48;2;249;255;255m▄[38;2;145;160;216m[48;2;215;241;254m▄[38;2;158;183;242m[48;2;140;177;240m▄[38;2;87;127;209m[48;2;100;151;231m▄[38;2;72;111;193m[48;2;94;159;240m▄[0m
[38;2;254;254;254m[48;2;254;254;254m▄[38;2;255;255;255m[48;2;255;255;255m▄[38;2;255;255;255m[48;2;255;255;255m▄[38;2;255;255;255m[48;2;255;255;255m▄[38;2;255;255;255m[48;2;255;255;255m▄[38;2;255;255;255m[48;2;255;255;255m▄[38;2;255;255;255m[48;2;255;255;255m▄[38;2;255;255;255m[48;2;255;255;255m▄[38;2;255;255;255m[48;2;255;255;255m▄[38;2;255;255;255m[48;2;255;255;255m▄[38;2;255;255;255m[48;2;255;255;255m▄[38;2;255;255;255m[48;2;255;255;255m▄[38;2;255;255;255m[48;2;255;255;255m▄[38;2;255;255;255m[48;2;255;255;255m▄[38;2;255;255;255m[48;2;255;255;255m▄[38;2;255;255;255m[48;2;255;255;255m▄[38;2;255;255;255m[48;2;255;255;255m▄[38;2;255;255;255m[48;2;255;255;255m▄[38;2;255;255;255m[48;2;255;255;255m▄[38;2;255;255;255m[48;2;255;255;255m▄[38;2;255;255;255m[48;2;255;255;255m▄[38;2;255;255;255m[48;2;255;255;255m▄[38;2;255;255;255m[48;2;255;255;255m▄[38;2;255;255;255m[48;2;255;255;255m▄[38;2;255;255;255m[48;2;255;255;255m▄[38;2;255;255;255m[48;2;255;255;255m▄[38;2;255;255;255m[48;2;255;255;255m▄[38;2;255;255;255m[48;2;255;255;255m▄[38;2;255;255;255m[48;2;255;255;255m▄[38;2;255;255;255m[48;2;255;255;255m▄[38;2;255;255;255m[48;2;255;255;255m▄[38;2;255;255;255m[48;2;255;255;255m▄[38;2;255;255;255m[48;2;255;255;255m▄[38;2;255;255;255m[48;2;255;255;255m▄[38;2;255;255;255m[48;2;255;255;255m▄[38;2;255;255;255m[48;2;255;255;255m▄[38;2;201;205;211m[48;2;201;203;208m▄[38;2;18;66;133m[48;2;16;51;115m▄[38;2;29;59;121m[48;2;37;69;135m▄[38;2;54;79;117m[48;2;10;25;84m▄[38;2;113;180;235m[48;2;70;112;177m▄[38;2;55;107;187m[48;2;112;176;238m▄[38;2;22;53;132m[48;2;44;88;173m▄[38;2;2;17;87m[48;2;4;19;97m▄[38;2;0;0;52m[48;2;25;35;87m▄[38;2;0;0;17m[48;2;58;82;130m▄[38;2;0;0;4m[48;2;79;113;168m▄[38;2;0;0;7m[48;2;63;89;155m▄[38;2;0;0;0m[48;2;56;79;149m▄[38;2;6;8;18m[48;2;83;110;175m▄[38;2;45;64;91m[48;2;108;147;217m▄[38;2;73;118;183m[48;2;103;143;217m▄[38;2;37;69;143m[48;2;97;129;208m▄[38;2;14;28;77m[48;2;85;109;185m▄[38;2;18;38;95m[48;2;80;104;179m▄[38;2;42;74;135m[48;2;68;96;173m▄[38;2;33;58;110m[48;2;68;107;191m▄[38;2;29;48;100m[48;2;77;107;179m▄[38;2;40;81;157m[48;2;71;104;175m▄[38;2;14;57;137m[48;2;49;93;171m▄[0m
[38;2;242;242;242m[48;2;240;240;240m▄[38;2;242;242;242m[48;2;241;241;241m▄[38;2;241;241;241m[48;2;241;241;241m▄[38;2;241;241;241m[48;2;241;241;241m▄[38;2;241;241;241m[48;2;241;241;241m▄[38;2;241;241;241m[48;2;241;241;241m▄[38;2;241;241;241m[48;2;241;241;241m▄[38;2;241;241;241m[48;2;241;241;241m▄[38;2;241;241;241m[48;2;241;241;241m▄[38;2;241;241;241m[48;2;241;241;241m▄[38;2;241;241;241m[48;2;241;241;241m▄[38;2;241;241;241m[48;2;241;241;241m▄[38;2;241;241;241m[48;2;241;241;241m▄[38;2;241;241;241m[48;2;241;241;241m▄[38;2;241;241;241m[48;2;241;241;241m▄[38;2;241;241;241m[48;2;241;241;241m▄[38;2;241;241;241m[48;2;241;241;241m▄[38;2;241;241;241m[48;2;241;241;241m▄[38;2;241;241;241m[48;2;241;241;241m▄[38;2;241;241;241m[48;2;241;241;241m▄[38;2;241;241;241m[48;2;241;241;241m▄[38;2;241;241;241m[48;2;241;241;241m▄[38;2;241;241;241m[48;2;241;241;241m▄[38;2;241;241;241m[48;2;241;241;241m▄[38;2;241;241;241m[48;2;241;241;241m▄[38;2;241;241;241m[48;2;241;241;241m▄[38;2;241;241;241m[48;2;241;241;241m▄[38;2;241;241;241m[48;2;241;241;241m▄[38;2;241;241;241m[48;2;241;241;241m▄[38;2;241;241;241m[48;2;241;241;241m▄[38;2;241;241;241m[48;2;241;241;241m▄[38;2;241;241;241m[48;2;241;241;241m▄[38;2;241;241;241m[48;2;241;241;241m▄[38;2;241;241;241m[48;2;241;241;241m▄[38;2;241;241;241m[48;2;241;241;241m▄[38;2;242;242;242m[48;2;241;241;241m▄[38;2;194;196;198m[48;2;190;193;197m▄[38;2;28;71;116m[48;2;6;49;115m▄[38;2;20;76;132m[48;2;21;67;142m▄[38;2;57;115;162m[48;2;83;132;190m▄[38;2;95;147;187m[48;2;69;121;184m▄[38;2;27;74;126m[48;2;20;45;112m▄[38;2;5;29;80m[48;2;4;14;73m▄[38;2;11;37;95m[48;2;7;24;86m▄[38;2;7;39;110m[48;2;0;5;59m▄[38;2;7;50;126m[48;2;0;0;22m▄[38;2;40;85;151m[48;2;0;0;2m▄[38;2;55;103;163m[48;2;0;0;4m▄[38;2;103;162;201m[48;2;5;7;13m▄[38;2;82;143;189m[48;2;3;3;8m▄[38;2;29;74;138m[48;2;0;0;0m▄[38;2;38;77;132m[48;2;6;10;28m▄[38;2;45;81;128m[48;2;9;17;37m▄[38;2;65;106;150m[48;2;10;10;13m▄[38;2;25;59;117m[48;2;16;22;47m▄[38;2;2;24;74m[48;2;5;13;47m▄[38;2;16;45;90m[48;2;25;45;92m▄[38;2;20;64;114m[48;2;35;78;163m▄[38;2;57;112;160m[48;2;32;72;151m▄[38;2;132;176;207m[48;2;36;66;131m▄[0m
[38;2;254;254;254m[48;2;254;254;254m▄[38;2;255;255;255m[48;2;255;255;255m▄[38;2;255;255;255m[48;2;255;255;255m▄[38;2;255;255;255m[48;2;255;255;255m▄[38;2;255;255;255m[48;2;255;255;255m▄[38;2;255;255;255m[48;2;255;255;255m▄[38;2;255;255;255m[48;2;255;255;255m▄[38;2;255;255;255m[48;2;255;255;255m▄[38;2;255;255;255m[48;2;255;255;255m▄[38;2;255;255;255m[48;2;255;255;255m▄[38;2;255;255;255m[48;2;255;255;255m▄[38;2;255;255;255m[48;2;255;255;255m▄[38;2;255;255;255m[48;2;255;255;255m▄[38;2;255;255;255m[48;2;255;255;255m▄[38;2;255;255;255m[48;2;255;255;255m▄[38;2;255;255;255m[48;2;255;255;255m▄[38;2;255;255;255m[48;2;255;255;255m▄[38;2;255;255;255m[48;2;255;255;255m▄[38;2;255;255;255m[48;2;255;255;255m▄[38;2;255;255;255m[48;2;255;255;255m▄[38;2;255;255;255m[48;2;255;255;255m▄[38;2;255;255;255m[48;2;255;255;255m▄[38;2;255;255;255m[48;2;255;255;255m▄[38;2;255;255;255m[48;2;255;255;255m▄[38;2;255;255;255m[48;2;255;255;255m▄[38;2;255;255;255m[48;2;255;255;255m▄[38;2;255;255;255m[48;2;255;255;255m▄[38;2;255;255;255m[48;2;255;255;255m▄[38;2;255;255;255m[48;2;255;255;255m▄[38;2;255;255;255m[48;2;255;255;255m▄[38;2;255;255;255m[48;2;255;255;255m▄[38;2;255;255;255m[48;2;255;255;255m▄[38;2;255;255;255m[48;2;255;255;255m▄[38;2;255;255;255m[48;2;255;255;255m▄[38;2;255;255;255m[48;2;255;255;255m▄[38;2;255;255;255m[48;2;255;255;255m▄[38;2;206;209;211m[48;2;217;220;220m▄[38;2;36;93;144m[48;2;115;166;198m▄[38;2;32;88;147m[48;2;75;136;184m▄[38;2;32;73;125m[48;2;70;124;170m▄[38;2;31;66;124m[48;2;71;121;169m▄[38;2;31;64;131m[48;2;46;89;147m▄[38;2;32;88;165m[48;2;40;76;140m▄[38;2;131;195;235m[48;2;33;79;154m▄[38;2;174;236;255m[48;2;68;127;195m▄[38;2;106;194;242m[48;2;114;187;239m▄[38;2;80;176;235m[48;2;123;205;250m▄[38;2;120;203;245m[48;2;125;205;249m▄[38;2;50;148;224m[48;2;92;184;242m▄[38;2;55;149;224m[48;2;86;178;240m▄[38;2;66;163;231m[48;2;118;195;244m▄[38;2;85;175;235m[48;2;149;215;249m▄[38;2;157;223;251m[48;2;140;201;238m▄[38;2;131;200;241m[48;2;48;118;189m▄[38;2;62;140;214m[48;2;69;128;190m▄[38;2;64;124;190m[48;2;73;128;180m▄[38;2;24;77;147m[48;2;30;76;131m▄[38;2;23;70;133m[48;2;28;63;113m▄[38;2;26;79;139m[48;2;27;69;116m▄[38;2;59;122;178m[48;2;31;85;135m▄[0m
[38;2;254;254;254m[48;2;254;254;254m▄[38;2;255;255;255m[48;2;255;255;255m▄[38;2;255;255;255m[48;2;255;255;255m▄[38;2;255;255;255m[48;2;255;255;255m▄[38;2;255;255;255m[48;2;255;255;255m▄[38;2;255;255;255m[48;2;255;255;255m▄[38;2;255;255;255m[48;2;255;255;255m▄[38;2;255;255;255m[48;2;255;255;255m▄[38;2;255;255;255m[48;2;255;255;255m▄[38;2;255;255;255m[48;2;255;255;255m▄[38;2;255;255;255m[48;2;255;255;255m▄[38;2;255;255;255m[48;2;255;255;255m▄[38;2;255;255;255m[48;2;255;255;255m▄[38;2;255;255;255m[48;2;255;255;255m▄[38;2;255;255;255m[48;2;255;255;255m▄[38;2;255;255;255m[48;2;255;255;255m▄[38;2;255;255;255m[48;2;255;255;255m▄[38;2;255;255;255m[48;2;255;255;255m▄[38;2;255;255;255m[48;2;255;255;255m▄[38;2;255;255;255m[48;2;255;255;255m▄[38;2;255;255;255m[48;2;255;255;255m▄[38;2;255;255;255m[48;2;255;255;255m▄[38;2;255;255;255m[48;2;255;255;255m▄[38;2;255;255;255m[48;2;255;255;255m▄[38;2;255;255;255m[48;2;255;255;255m▄[38;2;255;255;255m[48;2;255;255;255m▄[38;2;255;255;255m[48;2;255;255;255m▄[38;2;255;255;255m[48;2;255;255;255m▄[38;2;255;255;255m[48;2;255;255;255m▄[38;2;255;255;255m[48;2;255;255;255m▄[38;2;255;255;255m[48;2;255;255;255m▄[38;2;255;255;255m[48;2;255;255;255m▄[38;2;255;255;255m[48;2;255;255;255m▄[38;2;255;255;255m[48;2;255;255;255m▄[38;2;255;255;255m[48;2;255;255;255m▄[38;2;255;255;255m[48;2;255;255;255m▄[38;2;203;206;211m[48;2;207;211;213m▄[38;2;75;118;163m[48;2;103;151;187m▄[38;2;77;133;184m[48;2;73;139;194m▄[38;2;41;88;144m[48;2;20;77;140m▄[38;2;42;89;149m[48;2;18;67;134m▄[38;2;81;134;189m[48;2;44;93;159m▄[38;2;74;129;193m[48;2;41;93;168m▄[38;2;58;105;176m[48;2;104;160;213m▄[38;2;31;66;139m[48;2;89;171;230m▄[38;2;10;50;138m[48;2;69;157;225m▄[38;2;13;57;149m[48;2;47;142;225m▄[38;2;1;34;126m[48;2;30;115;212m▄[38;2;6;51;149m[48;2;36;122;216m▄[38;2;27;96;182m[48;2;70;164;233m▄[38;2;86;161;219m[48;2;72;172;238m▄[38;2;59;137;209m[48;2;82;178;239m▄[38;2;18;75;165m[48;2;130;201;241m▄[38;2;7;48;138m[48;2;90;155;217m▄[38;2;18;57;140m[48;2;22;79;170m▄[38;2;32;83;154m[48;2;22;63;144m▄[38;2;70;126;181m[48;2;24;67;139m▄[38;2;63;122;175m[48;2;33;84;150m▄[38;2;30;85;142m[48;2;45;109;170m▄[38;2;38;91;148m[48;2;97;172;225m▄[0m
[38;2;254;254;254m[48;2;254;254;254m▄[38;2;255;255;255m[48;2;255;255;255m▄[38;2;255;255;255m[48;2;255;255;255m▄[38;2;255;255;255m[48;2;255;255;255m▄[38;2;255;255;255m[48;2;255;255;255m▄[38;2;255;255;255m[48;2;255;255;255m▄[38;2;255;255;255m[48;2;255;255;255m▄[38;2;255;255;255m[48;2;255;255;255m▄[38;2;255;255;255m[48;2;255;255;255m▄[38;2;255;255;255m[48;2;255;255;255m▄[38;2;255;255;255m[48;2;255;255;255m▄[38;2;255;255;255m[48;2;255;255;255m▄[38;2;255;255;255m[48;2;255;255;255m▄[38;2;255;255;255m[48;2;255;255;255m▄[38;2;255;255;255m[48;2;255;255;255m▄[38;2;255;255;255m[48;2;255;255;255m▄[38;2;255;255;255m[48;2;255;255;255m▄[38;2;255;255;255m[48;2;255;255;255m▄[38;2;255;255;255m[48;2;255;255;255m▄[38;2;255;255;255m[48;2;255;255;255m▄[38;2;255;255;255m[48;2;255;255;255m▄[38;2;255;255;255m[48;2;255;255;255m▄[38;2;255;255;255m[48;2;255;255;255m▄[38;2;255;255;255m[48;2;255;255;255m▄[38;2;255;255;255m[48;2;255;255;255m▄[38;2;255;255;255m[48;2;255;255;255m▄[38;2;255;255;255m[48;2;255;255;255m▄[38;2;255;255;255m[48;2;255;255;255m▄[38;2;255;255;255m[48;2;255;255;255m▄[38;2;255;255;255m[48;2;255;255;255m▄[38;2;255;255;255m[48;2;255;255;255m▄[38;2;255;255;255m[48;2;255;255;255m▄[38;2;255;255;255m[48;2;255;255;255m▄[38;2;255;255;255m[48;2;255;255;255m▄[38;2;255;255;255m[48;2;255;255;255m▄[38;2;255;255;255m[48;2;255;255;255m▄[38;2;218;218;220m[48;2;202;204;207m▄[38;2;0;2;45m[48;2;16;41;83m▄[38;2;0;11;68m[48;2;23;49;102m▄[38;2;0;15;63m[48;2;19;40;86m▄[38;2;2;20;74m[48;2;7;28;89m▄[38;2;2;17;71m[48;2;0;19;92m▄[38;2;3;20;80m[48;2;0;21;100m▄[38;2;1;39;101m[48;2;15;42;112m▄[38;2;27;58;115m[48;2;43;72;130m▄[38;2;27;58;113m[48;2;8;39;112m▄[38;2;18;60;118m[48;2;0;35;110m▄[38;2;64;112;162m[48;2;2;47;118m▄[38;2;65;112;163m[48;2;28;80;149m▄[38;2;32;64;120m[48;2;48;102;166m▄[38;2;5;46;111m[48;2;75;124;180m▄[38;2;82;137;188m[48;2;126;165;203m▄[38;2;112;166;212m[48;2;24;64;133m▄[38;2;33;86;145m[48;2;8;35;104m▄[38;2;28;60;111m[48;2;1;30;97m▄[38;2;17;41;91m[48;2;12;58;124m▄[38;2;0;22;73m[48;2;72;122;172m▄[38;2;0;24;76m[48;2;62;116;169m▄[38;2;6;34;81m[48;2;25;71;124m▄[38;2;13;41;87m[48;2;15;48;103m▄[0m
