[38;2;254;254;254m[48;2;254;254;254m▄[38;2;255;255;255m[48;2;254;254;254m▄[38;2;238;217;214m[48;2;254;254;254m▄[38;2;213;177;176m[48;2;254;254;254m▄[38;2;207;181;180m[48;2;254;254;254m▄[38;2;212;179;180m[48;2;254;254;254m▄[38;2;204;179;179m[48;2;254;254;254m▄[38;2;206;178;179m[48;2;254;254;254m▄[38;2;206;178;179m[48;2;254;254;254m▄[38;2;212;179;179m[48;2;254;254;254m▄[38;2;209;180;180m[48;2;254;254;254m▄[38;2;210;180;179m[48;2;254;254;254m▄[38;2;206;178;178m[48;2;254;254;254m▄[38;2;205;177;177m[48;2;254;254;254m▄[38;2;205;178;177m[48;2;254;254;254m▄[38;2;205;178;177m[48;2;254;254;254m▄[38;2;205;178;177m[48;2;254;254;254m▄[38;2;205;177;177m[48;2;254;254;254m▄[38;2;205;177;177m[48;2;254;254;254m▄[38;2;206;178;177m[48;2;254;254;254m▄[38;2;205;178;178m[48;2;254;254;254m▄[38;2;206;177;177m[48;2;254;254;254m▄[38;2;206;177;176m[48;2;254;254;254m▄[38;2;204;176;177m[48;2;254;254;254m▄[38;2;201;178;178m[48;2;254;254;254m▄[38;2;201;179;179m[48;2;254;254;254m▄[38;2;204;178;178m[48;2;254;254;254m▄[38;2;210;181;179m[48;2;254;254;254m▄[38;2;203;177;177m[48;2;254;254;254m▄[38;2;209;186;187m[48;2;254;254;254m▄[38;2;255;255;255m[48;2;254;254;254m▄[38;2;228;213;212m[48;2;254;254;254m▄[38;2;199;175;175m[48;2;254;254;254m▄[38;2;205;177;177m[48;2;254;254;254m▄[38;2;204;177;177m[48;2;254;254;254m▄[38;2;204;177;177m[48;2;254;254;254m▄[38;2;205;177;177m[48;2;254;254;254m▄[38;2;205;178;177m[48;2;254;254;254m▄[38;2;204;178;177m[48;2;254;254;254m▄[38;2;204;177;176m[48;2;254;254;254m▄[38;2;202;174;174m[48;2;254;254;254m▄[38;2;202;175;175m[48;2;254;254;254m▄[38;2;202;175;175m[48;2;254;254;254m▄[38;2;205;178;177m[48;2;254;254;254m▄[38;2;204;178;177m[48;2;254;254;254m▄[38;2;204;176;176m[48;2;254;254;254m▄[38;2;200;170;174m[48;2;254;254;254m▄[38;2;202;175;177m[48;2;254;254;254m▄[38;2;195;166;168m[48;2;254;254;254m▄[38;2;217;195;190m[48;2;254;254;254m▄[38;2;217;196;190m[48;2;254;254;254m▄[38;2;193;166;170m[48;2;254;254;254m▄[38;2;205;177;177m[48;2;254;254;254m▄[38;2;204;177;177m[48;2;254;254;254m▄[38;2;205;178;177m[48;2;254;254;254m▄[38;2;204;178;177m[48;2;254;254;254m▄[38;2;204;177;177m[48;2;254;254;254m▄[38;2;200;175;175m[48;2;254;254;254m▄[38;2;219;201;200m[48;2;254;254;254m▄[38;2;255;255;255m[48;2;254;254;254m▄[0m
[38;2;255;255;255m[48;2;255;255;255m▄[38;2;255;255;255m[48;2;255;255;255m▄[38;2;202;116;108m[48;2;190;97;90m▄[38;2;183;3;0m[48;2;162;0;0m▄[38;2;190;29;12m[48;2;144;8;0m▄[38;2;187;42;12m[48;2;147;7;0m▄[38;2;191;36;12m[48;2;150;2;0m▄[38;2;190;30;13m[48;2;132;7;0m▄[38;2;177;35;12m[48;2;119;3;0m▄[38;2;126;24;11m[48;2;103;0;0m▄[38;2;119;22;12m[48;2;95;0;0m▄[38;2;110;24;14m[48;2;73;0;0m▄[38;2;112;24;12m[48;2;59;0;0m▄[38;2;115;28;13m[48;2;55;0;0m▄[38;2;119;31;15m[48;2;54;0;0m▄[38;2;125;36;16m[48;2;53;0;0m▄[38;2;133;41;18m[48;2;53;0;0m▄[38;2;135;42;18m[48;2;54;0;0m▄[38;2;138;33;11m[48;2;55;0;0m▄[38;2;172;44;11m[48;2;59;0;0m▄[38;2;169;40;12m[48;2;74;0;0m▄[38;2;146;34;12m[48;2;68;0;0m▄[38;2;141;30;13m[48;2;64;0;0m▄[38;2;157;36;13m[48;2;73;0;0m▄[38;2;184;25;13m[48;2;96;0;0m▄[38;2;184;31;12m[48;2;124;0;0m▄[38;2;168;38;12m[48;2;105;0;0m▄[38;2;191;22;12m[48;2;155;0;0m▄[38;2;193;15;3m[48;2;134;0;0m▄[38;2;187;41;22m[48;2;140;24;9m▄[38;2;254;254;251m[48;2;255;255;254m▄[38;2;137;96;94m[48;2;126;81;81m▄[38;2;64;0;0m[48;2;49;0;0m▄[38;2;77;2;3m[48;2;63;0;0m▄[38;2;76;3;3m[48;2;62;0;0m▄[38;2;76;2;2m[48;2;62;0;0m▄[38;2;74;2;3m[48;2;62;0;0m▄[38;2;72;1;3m[48;2;62;0;0m▄[38;2;68;0;2m[48;2;63;0;0m▄[38;2;98;37;19m[48;2;62;0;0m▄[38;2;204;176;110m[48;2;69;0;0m▄[38;2;111;47;28m[48;2;79;7;0m▄[38;2;132;76;46m[48;2;70;0;0m▄[38;2;77;12;10m[48;2;57;0;0m▄[38;2;61;0;0m[48;2;61;0;0m▄[38;2;113;57;34m[48;2;67;0;0m▄[38;2;229;211;144m[48;2;86;15;0m▄[38;2;176;145;92m[48;2;54;0;0m▄[38;2;184;183;133m[48;2;173;125;70m▄[38;2;195;193;142m[48;2;117;57;26m▄[38;2;227;229;168m[48;2;123;65;30m▄[38;2;228;186;114m[48;2;109;44;16m▄[38;2;99;17;4m[48;2;47;0;0m▄[38;2;98;10;2m[48;2;58;0;0m▄[38;2;106;15;4m[48;2;57;0;0m▄[38;2;113;18;4m[48;2;56;0;0m▄[38;2;119;20;4m[48;2;56;0;0m▄[38;2;116;10;0m[48;2;46;0;0m▄[38;2;148;75;65m[48;2;101;48;48m▄[38;2;255;255;255m[48;2;255;255;255m▄[0m
[38;2;255;255;255m[48;2;255;255;255m▄[38;2;255;255;255m[48;2;255;255;255m▄[38;2;196;123;106m[48;2;197;119;106m▄[38;2;179;30;0m[48;2;177;21;0m▄[38;2;182;47;14m[48;2;183;42;13m▄[38;2;182;42;15m[48;2;183;44;14m▄[38;2;183;45;14m[48;2;183;43;13m▄[38;2;183;47;15m[48;2;185;37;13m▄[38;2;183;45;14m[48;2;185;39;13m▄[38;2;180;36;13m[48;2;175;32;12m▄[38;2;180;70;31m[48;2;179;66;28m▄[38;2;202;93;39m[48;2;203;94;39m▄[38;2;195;88;38m[48;2;204;93;38m▄[38;2;135;60;25m[48;2;213;96;40m▄[38;2;91;36;9m[48;2;221;100;42m▄[38;2;79;33;14m[48;2;222;101;41m▄[38;2;98;42;15m[48;2;225;103;41m▄[38;2;166;74;33m[48;2;199;91;37m▄[38;2;204;61;16m[48;2;198;62;18m▄[38;2;255;76;9m[48;2;255;81;10m▄[38;2;255;75;13m[48;2;255;81;14m▄[38;2;255;78;16m[48;2;255;83;17m▄[38;2;255;83;21m[48;2;255;84;21m▄[38;2;255;92;23m[48;2;251;90;20m▄[38;2;205;69;16m[48;2;204;72;18m▄[38;2;164;32;12m[48;2;171;16;13m▄[38;2;188;29;13m[48;2;192;18;11m▄[38;2;177;32;16m[48;2;180;32;14m▄[38;2;191;9;7m[48;2;187;17;6m▄[38;2;183;37;24m[48;2;181;40;23m▄[38;2;250;253;250m[48;2;255;255;251m▄[38;2;164;103;96m[48;2;133;94;95m▄[38;2;117;7;0m[48;2;57;0;0m▄[38;2;130;13;0m[48;2;73;1;4m▄[38;2;131;9;0m[48;2;75;2;4m▄[38;2;136;12;0m[48;2;80;2;3m▄[38;2;142;11;0m[48;2;85;4;4m▄[38;2;146;10;0m[48;2;91;6;4m▄[38;2;152;20;0m[48;2;87;8;3m▄[38;2;148;23;0m[48;2;162;84;48m▄[38;2;147;13;0m[48;2;220;169;110m▄[38;2;165;103;53m[48;2;134;121;80m▄[38;2;184;110;57m[48;2;204;170;106m▄[38;2;148;14;0m[48;2;144;34;13m▄[38;2;154;33;6m[48;2;127;21;3m▄[38;2;148;29;4m[48;2;149;41;13m▄[38;2;143;22;2m[48;2;157;50;25m▄[38;2;139;13;0m[48;2;185;94;55m▄[38;2;157;42;11m[48;2;110;90;60m▄[38;2;148;26;0m[48;2;120;102;67m▄[38;2;152;50;43m[48;2;178;104;56m▄[38;2;181;113;113m[48;2;152;21;0m▄[38;2;197;145;145m[48;2;145;10;0m▄[38;2;196;146;150m[48;2;143;14;0m▄[38;2;168;103;103m[48;2;145;16;0m▄[38;2;133;36;27m[48;2;151;27;0m▄[38;2;130;12;0m[48;2;151;31;7m▄[38;2;133;8;0m[48;2;144;11;0m▄[38;2;158;79;66m[48;2;161;78;65m▄[38;2;255;255;255m[48;2;255;255;255m▄[0m
[38;2;255;255;255m[48;2;255;255;255m▄[38;2;255;255;255m[48;2;255;255;255m▄[38;2;170;114;106m[48;2;191;122;105m▄[38;2;122;10;0m[48;2;163;26;0m▄[38;2;165;57;23m[48;2;171;41;14m▄[38;2;154;38;7m[48;2;192;61;22m▄[38;2;192;102;53m[48;2;195;71;24m▄[38;2;193;71;30m[48;2;179;39;10m▄[38;2;179;35;3m[48;2;184;48;12m▄[38;2;177;38;7m[48;2;179;41;12m▄[38;2;167;67;30m[48;2;174;68;28m▄[38;2;187;83;37m[48;2;202;92;40m▄[38;2;177;68;23m[48;2;154;62;22m▄[38;2;141;110;86m[48;2;115;106;92m▄[38;2;200;185;155m[48;2;172;178;174m▄[38;2;203;171;118m[48;2;138;122;87m▄[38;2;185;163;124m[48;2;140;148;138m▄[38;2;152;105;80m[48;2;149;107;90m▄[38;2;175;65;30m[48;2;207;49;0m▄[38;2;233;78;18m[48;2;255;77;11m▄[38;2;240;77;19m[48;2;255;77;14m▄[38;2;255;80;19m[48;2;255;80;17m▄[38;2;255;83;22m[48;2;255;83;21m▄[38;2;255;92;25m[48;2;255;91;25m▄[38;2;194;61;18m[48;2;193;61;18m▄[38;2;82;14;12m[48;2;104;21;11m▄[38;2;126;36;17m[48;2;166;36;11m▄[38;2;123;29;14m[48;2;170;36;13m▄[38;2;128;30;11m[48;2;169;20;7m▄[38;2;150;43;21m[48;2;184;42;21m▄[38;2;250;248;246m[48;2;248;251;249m▄[38;2;175;100;90m[48;2;187;114;98m▄[38;2;163;105;75m[48;2;143;1;0m▄[38;2;228;254;214m[48;2;160;70;43m▄[38;2;234;255;222m[48;2;178;133;104m▄[38;2;233;255;219m[48;2;193;173;140m▄[38;2;233;255;219m[48;2;195;178;147m▄[38;2;233;255;223m[48;2;188;151;124m▄[38;2;230;255;224m[48;2;161;88;63m▄[38;2;181;160;127m[48;2;137;18;0m▄[38;2;137;27;11m[48;2;141;20;1m▄[38;2;138;20;2m[48;2;150;30;5m▄[38;2;128;3;0m[48;2;172;68;26m▄[38;2;136;14;0m[48;2;142;26;6m▄[38;2;140;27;7m[48;2;143;29;7m▄[38;2;128;13;0m[48;2;142;28;8m▄[38;2;144;45;32m[48;2;136;18;0m▄[38;2;177;115;106m[48;2;128;7;0m▄[38;2;178;130;122m[48;2;126;4;0m▄[38;2;250;238;235m[48;2;180;120;120m▄[38;2;246;228;226m[48;2;244;233;239m▄[38;2;242;223;223m[48;2;254;244;253m▄[38;2;243;224;226m[48;2;253;241;251m▄[38;2;243;225;228m[48;2;254;242;251m▄[38;2;243;223;228m[48;2;254;245;255m▄[38;2;255;240;245m[48;2;221;210;218m▄[38;2;190;172;171m[48;2;138;66;63m▄[38;2;65;0;0m[48;2;122;2;0m▄[38;2;106;50;48m[48;2;147;70;59m▄[38;2;255;255;255m[48;2;255;255;255m▄[0m
[38;2;255;255;255m[48;2;255;255;255m▄[38;2;255;255;255m[48;2;255;255;255m▄[38;2;199;177;148m[48;2;158;111;105m▄[38;2;127;64;29m[48;2;97;17;2m▄[38;2;184;142;98m[48;2;149;86;54m▄[38;2;255;255;214m[48;2;204;160;108m▄[38;2;255;255;208m[48;2;228;205;150m▄[38;2;178;127;84m[48;2;178;94;56m▄[38;2;217;187;128m[48;2;189;86;43m▄[38;2;155;90;59m[48;2;167;66;32m▄[38;2;131;34;12m[48;2;154;52;22m▄[38;2;121;83;59m[48;2;167;68;28m▄[38;2;124;100;84m[48;2;148;89;60m▄[38;2;131;106;89m[48;2;122;112;101m▄[38;2;136;127;113m[48;2;131;121;106m▄[38;2;102;102;94m[48;2;131;123;106m▄[38;2;122;93;76m[48;2;125;90;73m▄[38;2;145;40;8m[48;2;147;76;49m▄[38;2;223;57;5m[48;2;143;80;59m▄[38;2;253;76;12m[48;2;160;96;60m▄[38;2;255;79;16m[48;2;195;95;49m▄[38;2;255;83;19m[48;2;250;78;17m▄[38;2;254;85;22m[48;2;255;85;22m▄[38;2;254;93;27m[48;2;238;87;25m▄[38;2;177;47;11m[48;2;169;54;18m▄[38;2;123;68;46m[48;2;71;0;3m▄[38;2;224;201;142m[48;2;142;75;47m▄[38;2;159;102;69m[48;2;128;51;33m▄[38;2;110;24;12m[48;2;118;21;8m▄[38;2;86;10;11m[48;2;97;20;16m▄[38;2;242;241;241m[48;2;241;239;239m▄[38;2;169;99;95m[48;2;180;118;110m▄[38;2;185;172;122m[48;2;210;226;169m▄[38;2;234;255;194m[48;2;231;255;201m▄[38;2;224;254;180m[48;2;225;255;191m▄[38;2;223;253;180m[48;2;226;255;194m▄[38;2;223;253;178m[48;2;226;255;192m▄[38;2;224;254;183m[48;2;226;255;197m▄[38;2;227;255;193m[48;2;228;255;204m▄[38;2;232;255;196m[48;2;230;255;208m▄[38;2;154;165;119m[48;2;164;174;129m▄[38;2;174;198;141m[48;2;165;160;119m▄[38;2;216;255;194m[48;2;169;140;105m▄[38;2;229;255;208m[48;2;132;65;45m▄[38;2;149;146;117m[48;2;84;2;0m▄[38;2;199;176;158m[48;2;112;38;34m▄[38;2;215;201;178m[48;2;239;221;207m▄[38;2;181;164;142m[48;2;255;249;236m▄[38;2;151;124;106m[48;2;217;207;193m▄[38;2;205;179;162m[48;2;252;233;218m▄[38;2;253;241;220m[48;2;245;225;214m▄[38;2;255;243;227m[48;2;242;223;221m▄[38;2;250;238;229m[48;2;241;222;225m▄[38;2;247;235;236m[48;2;240;222;224m▄[38;2;232;218;218m[48;2;241;222;228m▄[38;2;183;167;153m[48;2;247;232;233m▄[38;2;155;129;113m[48;2;152;118;112m▄[38;2;95;30;25m[48;2;52;0;0m▄[38;2;113;46;43m[48;2;105;55;52m▄[38;2;255;255;255m[48;2;255;255;255m▄[0m
[38;2;255;255;255m[48;2;255;255;255m▄[38;2;255;255;255m[48;2;255;255;255m▄[38;2;224;223;194m[48;2;229;229;196m▄[38;2;255;255;191m[48;2;251;246;176m▄[38;2;254;255;191m[48;2;255;254;188m▄[38;2;251;243;177m[48;2;254;255;194m▄[38;2;241;243;182m[48;2;255;255;193m▄[38;2;211;220;172m[48;2;255;255;202m▄[38;2;164;166;129m[48;2;246;226;160m▄[38;2;183;177;128m[48;2;144;60;31m▄[38;2;169;114;68m[48;2;121;51;29m▄[38;2;93;19;5m[48;2;128;61;34m▄[38;2;110;25;5m[48;2;132;40;11m▄[38;2;119;77;61m[48;2;128;80;61m▄[38;2;180;196;177m[48;2;154;158;143m▄[38;2;147;67;49m[48;2;115;103;89m▄[38;2;151;92;71m[48;2;153;149;132m▄[38;2;159;169;155m[48;2;142;105;88m▄[38;2;181;53;14m[48;2;209;54;6m▄[38;2;226;70;12m[48;2;255;81;11m▄[38;2;231;73;18m[48;2;255;81;16m▄[38;2;242;79;21m[48;2;255;84;21m▄[38;2;247;81;21m[48;2;255;86;24m▄[38;2;253;93;25m[48;2;255;90;23m▄[38;2;216;84;27m[48;2;211;75;24m▄[38;2;187;51;26m[48;2;153;114;78m▄[38;2;168;19;0m[48;2;118;120;94m▄[38;2;171;27;3m[48;2;127;114;83m▄[38;2;204;53;23m[48;2;131;78;46m▄[38;2;178;40;14m[48;2;76;8;8m▄[38;2;239;228;232m[48;2;243;237;238m▄[38;2;212;219;179m[48;2;157;118;113m▄[38;2;185;189;112m[48;2;141;117;72m▄[38;2;163;156;99m[48;2;219;239;171m▄[38;2;133;109;74m[48;2;239;255;190m▄[38;2;168;156;107m[48;2;237;255;189m▄[38;2;183;183;127m[48;2;233;255;188m▄[38;2;174;170;119m[48;2;233;255;189m▄[38;2;131;106;75m[48;2;236;255;193m▄[38;2;91;19;12m[48;2;177;179;129m▄[38;2;137;24;8m[48;2;77;14;11m▄[38;2;151;6;0m[48;2;108;47;32m▄[38;2;138;57;34m[48;2;153;128;92m▄[38;2;232;255;192m[48;2;235;255;197m▄[38;2;228;255;190m[48;2;195;201;158m▄[38;2;140;121;89m[48;2;185;170;144m▄[38;2;210;202;170m[48;2;181;161;135m▄[38;2;217;210;177m[48;2;207;189;160m▄[38;2;232;235;202m[48;2;142;114;96m▄[38;2;193;128;95m[48;2;155;128;107m▄[38;2;186;27;0m[48;2;146;98;86m▄[38;2;182;39;0m[48;2;180;141;123m▄[38;2;207;44;0m[48;2;188;150;128m▄[38;2;202;23;0m[48;2;155;112;102m▄[38;2;144;12;0m[48;2;129;94;83m▄[38;2;150;110;88m[48;2;171;157;130m▄[38;2;227;215;185m[48;2;225;212;188m▄[38;2;255;255;226m[48;2;233;210;189m▄[38;2;223;219;199m[48;2;164;113;101m▄[38;2;255;255;255m[48;2;255;255;255m▄[0m
[38;2;255;255;255m[48;2;255;255;255m▄[38;2;255;255;255m[48;2;255;255;255m▄[38;2;184;182;161m[48;2;213;215;190m▄[38;2;70;60;36m[48;2;244;232;163m▄[38;2;236;215;147m[48;2;248;230;162m▄[38;2;255;255;196m[48;2;253;241;170m▄[38;2;182;95;45m[48;2;156;128;88m▄[38;2;196;110;59m[48;2;65;32;21m▄[38;2;242;125;54m[48;2;88;52;31m▄[38;2;233;95;31m[48;2;97;61;39m▄[38;2;234;82;28m[48;2;184;74;36m▄[38;2;239;47;0m[48;2;184;36;3m▄[38;2;210;66;26m[48;2;155;56;27m▄[38;2;172;86;45m[48;2;126;137;120m▄[38;2;222;46;4m[48;2;183;77;53m▄[38;2;229;49;4m[48;2;220;22;0m▄[38;2;227;44;4m[48;2;181;88;61m▄[38;2;218;50;9m[48;2;138;126;97m▄[38;2;225;44;7m[48;2;201;55;14m▄[38;2;231;49;4m[48;2;211;51;8m▄[38;2;217;89;29m[48;2;210;57;13m▄[38;2;227;87;24m[48;2;212;62;14m▄[38;2;252;194;126m[48;2;215;69;17m▄[38;2;226;104;44m[48;2;218;69;16m▄[38;2;206;19;0m[48;2;207;60;14m▄[38;2;242;121;56m[48;2;212;35;3m▄[38;2;223;85;27m[48;2;226;45;6m▄[38;2;210;56;5m[48;2;225;54;11m▄[38;2;167;40;6m[48;2;223;47;3m▄[38;2;115;23;10m[48;2;198;56;14m▄[38;2;236;229;231m[48;2;240;225;228m▄[38;2;183;158;141m[48;2;222;234;190m▄[38;2;131;91;52m[48;2;234;255;155m▄[38;2;155;91;52m[48;2;214;231;148m▄[38;2;151;73;40m[48;2;181;183;117m▄[38;2;144;57;30m[48;2;179;182;117m▄[38;2;136;50;25m[48;2;191;197;130m▄[38;2;198;54;20m[48;2;174;179;122m▄[38;2;222;46;18m[48;2;138;126;86m▄[38;2;206;24;0m[48;2;161;45;18m▄[38;2;148;99;57m[48;2;217;67;16m▄[38;2;181;214;140m[48;2;193;104;57m▄[38;2;224;253;170m[48;2;213;204;143m▄[38;2;186;191;119m[48;2;235;255;195m▄[38;2;219;34;0m[48;2;198;159;100m▄[38;2;250;49;1m[48;2;214;54;2m▄[38;2;242;53;0m[48;2;196;100;51m▄[38;2;240;53;0m[48;2;185;122;76m▄[38;2;235;48;0m[48;2;196;145;100m▄[38;2;244;54;0m[48;2;176;115;75m▄[38;2;197;80;25m[48;2;200;119;78m▄[38;2;178;151;110m[48;2;225;72;9m▄[38;2;231;221;176m[48;2;227;75;18m▄[38;2;236;239;192m[48;2;228;91;44m▄[38;2;228;205;158m[48;2;229;173;132m▄[38;2;226;141;92m[48;2;236;234;198m▄[38;2;218;76;32m[48;2;239;234;198m▄[38;2;159;13;0m[48;2;190;154;127m▄[38;2;152;56;43m[48;2;144;103;90m▄[38;2;255;255;255m[48;2;255;255;255m▄[0m
[38;2;255;255;255m[48;2;255;255;255m▄[38;2;255;255;255m[48;2;255;255;255m▄[38;2;204;183;179m[48;2;154;151;140m▄[38;2;221;188;166m[48;2;82;71;46m▄[38;2;216;186;168m[48;2;216;218;167m▄[38;2;187;156;146m[48;2;144;154;133m▄[38;2;199;172;159m[48;2;172;170;136m▄[38;2;213;184;168m[48;2;212;220;176m▄[38;2;221;196;179m[48;2;202;165;120m▄[38;2;202;179;166m[48;2;170;143;108m▄[38;2;213;185;168m[48;2;232;229;176m▄[38;2;212;182;167m[48;2;159;75;47m▄[38;2;204;170;158m[48;2;177;50;25m▄[38;2;198;168;158m[48;2;159;47;25m▄[38;2;213;174;161m[48;2;201;69;33m▄[38;2;218;177;161m[48;2;229;72;30m▄[38;2;204;173;161m[48;2;191;60;31m▄[38;2;199;171;160m[48;2;151;42;24m▄[38;2;212;187;172m[48;2;208;119;69m▄[38;2;214;193;178m[48;2;227;203;148m▄[38;2;228;202;184m[48;2;189;152;110m▄[38;2;203;178;167m[48;2;155;131;100m▄[38;2;207;173;160m[48;2;153;163;137m▄[38;2;236;205;186m[48;2;229;215;167m▄[38;2;220;195;178m[48;2;161;126;95m▄[38;2;201;171;162m[48;2;197;206;162m▄[38;2;228;204;186m[48;2;202;171;126m▄[38;2;216;187;173m[48;2;167;98;67m▄[38;2;210;178;165m[48;2;91;27;29m▄[38;2;213;180;165m[48;2;91;28;30m▄[38;2;231;203;189m[48;2;237;245;248m▄[38;2;224;191;177m[48;2;193;130;130m▄[38;2;227;181;166m[48;2;143;12;13m▄[38;2;228;183;168m[48;2;167;35;30m▄[38;2;224;182;167m[48;2;181;43;34m▄[38;2;228;184;168m[48;2;214;60;34m▄[38;2;233;187;168m[48;2;216;64;34m▄[38;2;217;180;165m[48;2;250;66;33m▄[38;2;202;172;162m[48;2;250;55;32m▄[38;2;208;174;164m[48;2;242;42;32m▄[38;2;217;168;160m[48;2;206;67;54m▄[38;2;217;167;160m[48;2;169;102;75m▄[38;2;218;164;160m[48;2;163;106;81m▄[38;2;223;172;163m[48;2;190;84;54m▄[38;2;218;181;168m[48;2;241;63;30m▄[38;2;219;182;169m[48;2;238;71;38m▄[38;2;218;181;168m[48;2;238;77;37m▄[38;2;216;180;168m[48;2;238;79;37m▄[38;2;214;179;168m[48;2;240;74;39m▄[38;2;212;177;168m[48;2;241;68;36m▄[38;2;212;172;164m[48;2;202;103;73m▄[38;2;204;169;162m[48;2;193;154;123m▄[38;2;197;165;159m[48;2;220;196;159m▄[38;2;204;163;156m[48;2;215;139;103m▄[38;2;204;171;163m[48;2;228;82;36m▄[38;2;199;171;166m[48;2;240;76;26m▄[38;2;196;170;165m[48;2;246;84;37m▄[38;2;193;164;162m[48;2;249;85;35m▄[38;2;207;185;181m[48;2;221;108;77m▄[38;2;255;255;255m[48;2;255;255;255m▄[0m
[38;2;255;255;255m[48;2;255;255;255m▄[38;2;255;255;255m[48;2;255;255;255m▄[38;2;200;135;105m[48;2;198;129;100m▄[38;2;195;76;19m[48;2;194;70;13m▄[38;2;198;88;34m[48;2;197;81;28m▄[38;2;198;88;34m[48;2;202;86;31m▄[38;2;198;88;34m[48;2;200;85;30m▄[38;2;198;88;34m[48;2;197;82;28m▄[38;2;198;88;34m[48;2;195;80;27m▄[38;2;198;88;34m[48;2;199;84;29m▄[38;2;198;88;34m[48;2;196;81;27m▄[38;2;198;88;34m[48;2;198;84;30m▄[38;2;198;88;35m[48;2;199;86;32m▄[38;2;199;86;31m[48;2;200;87;32m▄[38;2;197;79;20m[48;2;197;85;31m▄[38;2;195;76;16m[48;2;196;85;31m▄[38;2;195;77;17m[48;2;199;86;31m▄[38;2;199;83;26m[48;2;200;86;31m▄[38;2;199;88;35m[48;2;197;83;29m▄[38;2;211;91;35m[48;2;197;81;28m▄[38;2;145;62;23m[48;2;195;81;27m▄[38;2;70;53;43m[48;2;186;77;25m▄[38;2;70;69;63m[48;2;140;52;14m▄[38;2;48;48;44m[48;2;127;53;19m▄[38;2;63;44;32m[48;2;169;74;27m▄[38;2;138;77;35m[48;2;188;82;28m▄[38;2;189;85;34m[48;2;196;80;27m▄[38;2;185;81;34m[48;2;200;85;32m▄[38;2;201;89;35m[48;2;199;86;31m▄[38;2;198;88;34m[48;2;199;86;31m▄[38;2;198;88;34m[48;2;194;79;24m▄[38;2;198;88;34m[48;2;196;83;27m▄[38;2;198;87;34m[48;2;197;86;31m▄[38;2;198;88;35m[48;2;195;85;30m▄[38;2;203;93;37m[48;2;195;85;30m▄[38;2;186;78;32m[48;2;204;92;34m▄[38;2;146;46;18m[48;2;185;82;29m▄[38;2;124;33;14m[48;2;114;28;10m▄[38;2;161;36;18m[48;2;123;30;9m▄[38;2;176;39;18m[48;2;141;40;12m▄[38;2;195;59;20m[48;2;153;48;14m▄[38;2;217;78;21m[48;2;165;54;16m▄[38;2;236;92;25m[48;2;177;61;18m▄[38;2;241;99;27m[48;2;188;69;20m▄[38;2;232;97;28m[48;2;197;76;22m▄[38;2;242;106;31m[48;2;197;78;23m▄[38;2;233;101;30m[48;2;193;75;23m▄[38;2;221;92;26m[48;2;186;71;22m▄[38;2;207;80;25m[48;2;173;62;20m▄[38;2;188;69;25m[48;2;157;52;18m▄[38;2;166;57;22m[48;2;143;43;14m▄[38;2;148;50;19m[48;2;132;35;10m▄[38;2;134;38;17m[48;2;121;26;6m▄[38;2;121;26;14m[48;2;111;19;4m▄[38;2;110;18;12m[48;2;102;12;2m▄[38;2;103;8;10m[48;2;95;5;1m▄[38;2;97;5;7m[48;2;87;1;0m▄[38;2;80;0;0m[48;2;71;0;0m▄[38;2;131;82;74m[48;2;121;68;61m▄[38;2;255;255;255m[48;2;255;255;255m▄[0m
[38;2;255;255;255m[48;2;255;255;255m▄[38;2;255;255;255m[48;2;255;255;255m▄[38;2;204;139;110m[48;2;202;137;108m▄[38;2;194;76;19m[48;2;194;76;19m▄[38;2;198;88;35m[48;2;198;88;35m▄[38;2;198;88;35m[48;2;198;88;35m▄[38;2;198;88;35m[48;2;198;88;35m▄[38;2;198;88;35m[48;2;198;88;35m▄[38;2;198;88;35m[48;2;198;88;35m▄[38;2;198;88;35m[48;2;198;88;35m▄[38;2;198;88;35m[48;2;198;88;35m▄[38;2;199;86;32m[48;2;198;88;35m▄[38;2;187;87;42m[48;2;199;85;30m▄[38;2;217;189;208m[48;2;192;87;39m▄[38;2;241;234;255m[48;2;197;124;100m▄[38;2;243;232;255m[48;2;205;148;134m▄[38;2;238;228;255m[48;2;207;144;126m▄[38;2;228;219;248m[48;2;191;104;66m▄[38;2;189;134;120m[48;2;196;79;19m▄[38;2;176;129;95m[48;2;183;78;27m▄[38;2;221;218;199m[48;2;189;151;122m▄[38;2;230;216;192m[48;2;230;218;190m▄[38;2;222;212;182m[48;2;233;221;191m▄[38;2;250;247;212m[48;2;248;246;211m▄[38;2;99;100;85m[48;2;74;73;67m▄[38;2;30;31;28m[48;2;68;36;15m▄[38;2;104;45;19m[48;2;127;74;36m▄[38;2;215;93;37m[48;2;184;81;34m▄[38;2;197;86;34m[48;2;202;90;35m▄[38;2;198;88;35m[48;2;198;88;35m▄[38;2;198;88;35m[48;2;198;88;35m▄[38;2;198;88;35m[48;2;198;88;35m▄[38;2;200;90;36m[48;2;198;88;35m▄[38;2;207;96;38m[48;2;203;91;37m▄[38;2;179;76;29m[48;2;203;97;37m▄[38;2;123;30;11m[48;2;135;29;15m▄[38;2;156;34;16m[48;2;141;13;9m▄[38;2;192;37;15m[48;2;167;35;16m▄[38;2;227;59;14m[48;2;188;45;17m▄[38;2;174;46;10m[48;2;212;61;20m▄[38;2;83;10;2m[48;2;218;71;18m▄[38;2;132;80;54m[48;2;189;53;8m▄[38;2;117;68;47m[48;2;164;49;12m▄[38;2;81;17;14m[48;2;127;32;10m▄[38;2;52;0;0m[48;2;90;15;6m▄[38;2;105;47;30m[48;2;155;47;9m▄[38;2;196;101;35m[48;2;255;111;25m▄[38;2;250;162;76m[48;2;244;112;30m▄[38;2;238;134;59m[48;2;229;114;38m▄[38;2;211;74;21m[48;2;208;81;27m▄[38;2;186;63;19m[48;2;184;66;23m▄[38;2;160;48;15m[48;2;159;55;20m▄[38;2;139;21;12m[48;2;140;38;16m▄[38;2;115;8;10m[48;2;124;23;13m▄[38;2;94;5;6m[48;2;109;16;11m▄[38;2;87;3;4m[48;2;99;10;8m▄[38;2;93;9;7m[48;2;93;3;5m▄[38;2;94;10;2m[48;2;78;0;0m▄[38;2;151;95;79m[48;2;127;79;74m▄[38;2;255;255;255m[48;2;255;255;255m▄[0m
[38;2;255;255;255m[48;2;255;255;255m▄[38;2;255;255;255m[48;2;255;255;255m▄[38;2;206;141;112m[48;2;206;141;112m▄[38;2;194;76;19m[48;2;194;76;19m▄[38;2;198;88;35m[48;2;198;88;35m▄[38;2;198;88;35m[48;2;198;88;35m▄[38;2;198;88;35m[48;2;198;88;35m▄[38;2;198;88;35m[48;2;198;88;35m▄[38;2;198;88;35m[48;2;198;88;35m▄[38;2;198;88;35m[48;2;198;88;35m▄[38;2;198;88;35m[48;2;198;88;35m▄[38;2;198;88;36m[48;2;200;87;32m▄[38;2;197;83;28m[48;2;184;86;44m▄[38;2;195;104;68m[48;2;225;210;238m▄[38;2;200;170;182m[48;2;249;237;255m▄[38;2;215;200;227m[48;2;235;216;249m▄[38;2;223;207;232m[48;2;232;212;244m▄[38;2;227;214;239m[48;2;240;225;255m▄[38;2;205;176;189m[48;2;217;202;224m▄[38;2;199;118;91m[48;2;172;111;75m▄[38;2;191;126;108m[48;2;207;175;146m▄[38;2;167;149;152m[48;2;193;182;163m▄[38;2;188;179;186m[48;2;208;198;168m▄[38;2;183;172;181m[48;2;217;207;180m▄[38;2;146;142;143m[48;2;177;172;159m▄[38;2;125;116;110m[48;2;136;120;101m▄[38;2;152;124;80m[48;2;163;104;46m▄[38;2;163;112;53m[48;2;189;94;38m▄[38;2;205;102;45m[48;2;205;96;40m▄[38;2;198;87;34m[48;2;199;89;35m▄[38;2;198;88;35m[48;2;198;88;35m▄[38;2;200;89;36m[48;2;199;89;36m▄[38;2;204;93;37m[48;2;207;96;38m▄[38;2;207;98;38m[48;2;186;80;33m▄[38;2;160;61;23m[48;2;118;20;11m▄[38;2;155;23;11m[48;2;145;25;12m▄[38;2;184;28;13m[48;2;177;30;14m▄[38;2;224;50;10m[48;2;209;39;12m▄[38;2;175;38;6m[48;2;230;52;9m▄[38;2;108;60;38m[48;2;124;31;11m▄[38;2;126;92;70m[48;2;194;144;91m▄[38;2;135;89;65m[48;2;251;239;166m▄[38;2;58;0;0m[48;2;118;48;22m▄[38;2;107;42;29m[48;2;82;17;12m▄[38;2;153;149;109m[48;2;168;111;66m▄[38;2;139;143;115m[48;2;219;206;148m▄[38;2;207;177;122m[48;2;196;179;130m▄[38;2;220;54;10m[48;2;226;158;88m▄[38;2;215;46;13m[48;2;232;89;27m▄[38;2;170;22;10m[48;2;205;53;15m▄[38;2;153;12;9m[48;2;176;39;11m▄[38;2;154;26;13m[48;2;150;16;8m▄[38;2;189;85;31m[48;2;128;8;10m▄[38;2;206;99;36m[48;2;121;25;15m▄[38;2;210;100;38m[48;2;123;35;14m▄[38;2;207;96;38m[48;2;148;54;23m▄[38;2;202;91;36m[48;2;187;85;34m▄[38;2;197;79;21m[48;2;192;78;20m▄[38;2;203;128;95m[48;2;207;131;95m▄[38;2;255;255;255m[48;2;255;255;255m▄[0m
[38;2;255;255;255m[48;2;255;255;255m▄[38;2;255;255;255m[48;2;255;255;255m▄[38;2;204;135;103m[48;2;205;138;108m▄[38;2;199;79;21m[48;2;194;76;20m▄[38;2;203;91;36m[48;2;199;88;35m▄[38;2;205;92;36m[48;2;197;88;35m▄[38;2;205;93;37m[48;2;198;88;35m▄[38;2;206;93;37m[48;2;198;88;35m▄[38;2;206;93;37m[48;2;198;88;35m▄[38;2;205;92;37m[48;2;198;88;35m▄[38;2;205;92;36m[48;2;198;88;35m▄[38;2;204;91;36m[48;2;198;88;35m▄[38;2;204;91;36m[48;2;200;89;36m▄[38;2;200;88;33m[48;2;189;73;17m▄[38;2;171;95;52m[48;2;151;121;100m▄[38;2;178;147;140m[48;2;171;167;166m▄[38;2;239;229;254m[48;2;218;202;225m▄[38;2;242;226;251m[48;2;228;211;234m▄[38;2;229;214;234m[48;2;212;198;218m▄[38;2;153;141;142m[48;2;184;180;194m▄[38;2;166;155;165m[48;2;166;164;178m▄[38;2;217;201;222m[48;2;185;176;192m▄[38;2;235;218;245m[48;2;176;167;177m▄[38;2;235;217;238m[48;2;149;143;145m▄[38;2;238;221;245m[48;2;136;133;139m▄[38;2;195;189;201m[48;2;104;104;103m▄[38;2;108;91;73m[48;2;127;123;110m▄[38;2;165;66;21m[48;2;165;80;37m▄[38;2;177;71;24m[48;2;209;89;33m▄[38;2;178;74;29m[48;2;203;91;36m▄[38;2;180;78;32m[48;2;203;91;36m▄[38;2;180;77;33m[48;2;205;92;37m▄[38;2;184;77;29m[48;2;207;94;38m▄[38;2;188;79;28m[48;2;213;101;39m▄[38;2;185;82;30m[48;2;211;105;38m▄[38;2;149;46;18m[48;2;152;42;18m▄[38;2;175;25;14m[48;2;184;28;12m▄[38;2;188;24;10m[48;2;222;46;9m▄[38;2;101;12;5m[48;2;122;29;12m▄[38;2;96;8;2m[48;2;57;0;0m▄[38;2;110;22;11m[48;2;59;0;0m▄[38;2;158;114;74m[48;2;76;5;5m▄[38;2;207;158;92m[48;2;133;75;41m▄[38;2;118;36;13m[48;2;102;40;22m▄[38;2;81;5;1m[48;2;52;0;0m▄[38;2;69;4;0m[48;2;69;11;9m▄[38;2;146;5;5m[48;2;124;8;6m▄[38;2;172;0;7m[48;2;238;9;7m▄[38;2;148;16;10m[48;2;159;9;7m▄[38;2;215;106;34m[48;2;163;50;19m▄[38;2;232;116;42m[48;2;212;97;35m▄[38;2;222;105;38m[48;2;217;106;38m▄[38;2;217;102;37m[48;2;217;104;37m▄[38;2;212;99;38m[48;2;208;96;36m▄[38;2;208;95;38m[48;2;203;92;37m▄[38;2;203;92;36m[48;2;199;89;36m▄[38;2;201;90;36m[48;2;199;88;35m▄[38;2;197;79;21m[48;2;195;78;21m▄[38;2;203;127;95m[48;2;203;129;95m▄[38;2;255;255;255m[48;2;255;255;255m▄[0m
[38;2;255;255;255m[48;2;255;255;255m▄[38;2;255;255;255m[48;2;255;255;255m▄[38;2;142;90;78m[48;2;189;121;94m▄[38;2;98;19;0m[48;2;179;68;18m▄[38;2;105;31;14m[48;2;177;75;30m▄[38;2;102;30;14m[48;2;168;70;29m▄[38;2;101;29;14m[48;2;160;65;28m▄[38;2;101;29;13m[48;2;156;63;26m▄[38;2;101;29;13m[48;2;150;59;25m▄[38;2;102;29;13m[48;2;145;56;23m▄[38;2;101;29;13m[48;2;139;53;23m▄[38;2;106;35;16m[48;2;134;49;21m▄[38;2;103;31;10m[48;2;131;47;19m▄[38;2;99;22;4m[48;2;129;47;21m▄[38;2;107;29;11m[48;2;128;40;12m▄[38;2;102;17;0m[48;2;116;36;15m▄[38;2;86;9;0m[48;2;167;131;141m▄[38;2;130;115;118m[48;2;246;228;249m▄[38;2;209;206;225m[48;2;229;211;239m▄[38;2;243;230;255m[48;2;220;204;228m▄[38;2;224;211;223m[48;2;178;163;152m▄[38;2;221;210;200m[48;2;169;155;134m▄[38;2;190;186;176m[48;2;172;157;164m▄[38;2;195;193;210m[48;2;255;239;255m▄[38;2;252;240;255m[48;2;219;202;223m▄[38;2;224;209;230m[48;2;230;219;242m▄[38;2;213;204;212m[48;2;154;125;124m▄[38;2;194;186;163m[48;2;87;24;4m▄[38;2;176;168;179m[48;2;110;44;31m▄[38;2;110;71;57m[48;2;107;34;20m▄[38;2;94;41;24m[48;2;106;26;7m▄[38;2;117;105;99m[48;2;101;21;3m▄[38;2;136;159;156m[48;2;103;34;16m▄[38;2;145;155;149m[48;2;127;54;30m▄[38;2;194;185;168m[48;2;133;40;13m▄[38;2;171;121;89m[48;2;137;31;3m▄[38;2;135;33;7m[48;2;147;41;13m▄[38;2;143;36;10m[48;2;164;44;15m▄[38;2;150;40;15m[48;2;186;44;12m▄[38;2;164;49;19m[48;2;195;38;10m▄[38;2;188;71;24m[48;2;204;45;16m▄[38;2;202;78;22m[48;2;215;77;15m▄[38;2;180;65;20m[48;2;212;73;14m▄[38;2;179;37;16m[48;2;205;37;14m▄[38;2;184;37;16m[48;2;202;37;11m▄[38;2;180;43;16m[48;2;188;43;13m▄[38;2;173;42;16m[48;2;183;43;12m▄[38;2;167;43;16m[48;2;161;39;13m▄[38;2;157;42;15m[48;2;168;54;16m▄[38;2;144;38;14m[48;2;174;64;23m▄[38;2;134;35;12m[48;2;170;61;23m▄[38;2;123;33;12m[48;2;165;63;24m▄[38;2;113;31;12m[48;2;165;66;26m▄[38;2;105;30;12m[48;2;168;70;28m▄[38;2;102;30;13m[48;2;173;74;30m▄[38;2;106;32;14m[48;2;182;78;33m▄[38;2;110;34;15m[48;2;189;82;33m▄[38;2;110;26;3m[48;2;193;78;21m▄[38;2;153;96;78m[48;2;202;125;91m▄[38;2;255;255;255m[48;2;255;255;255m▄[0m
[38;2;255;255;255m[48;2;255;255;255m▄[38;2;255;255;255m[48;2;255;255;255m▄[38;2;141;88;74m[48;2;141;89;75m▄[38;2;99;19;0m[48;2;98;18;0m▄[38;2;108;33;14m[48;2;108;33;14m▄[38;2;109;33;14m[48;2;108;34;15m▄[38;2;109;34;14m[48;2;109;34;15m▄[38;2;109;34;14m[48;2;109;34;15m▄[38;2;109;34;15m[48;2;109;34;15m▄[38;2;109;33;14m[48;2;109;34;15m▄[38;2;109;31;11m[48;2;104;26;6m▄[38;2;95;30;15m[48;2;116;76;61m▄[38;2;141;132;131m[48;2;178;164;146m▄[38;2;201;211;206m[48;2;121;68;45m▄[38;2;128;151;148m[48;2;92;33;19m▄[38;2;152;174;168m[48;2;117;84;73m▄[38;2;142;140;130m[48;2;154;169;166m▄[38;2;125;86;62m[48;2;152;185;178m▄[38;2;103;36;13m[48;2;113;121;115m▄[38;2;103;30;7m[48;2;152;147;142m▄[38;2;101;24;0m[48;2;155;137;132m▄[38;2;102;22;0m[48;2;141;114;105m▄[38;2;104;22;0m[48;2;127;97;79m▄[38;2;106;24;1m[48;2;112;66;48m▄[38;2;98;19;0m[48;2;152;110;114m▄[38;2;102;35;18m[48;2;215;200;220m▄[38;2;105;40;22m[48;2;199;188;173m▄[38;2;97;35;21m[48;2;175;171;163m▄[38;2;112;64;50m[48;2;162;187;192m▄[38;2;117;80;69m[48;2;167;202;196m▄[38;2;120;79;63m[48;2;134;160;154m▄[38;2;103;35;12m[48;2;157;175;164m▄[38;2;101;19;0m[48;2;135;107;92m▄[38;2;112;31;8m[48;2;101;47;34m▄[38;2;118;35;11m[48;2;112;57;45m▄[38;2;126;40;14m[48;2;126;66;47m▄[38;2;139;52;22m[48;2;121;36;14m▄[38;2;148;56;23m[48;2;134;42;18m▄[38;2;151;56;23m[48;2;151;55;22m▄[38;2;155;57;22m[48;2;167;65;24m▄[38;2;157;59;23m[48;2;173;66;21m▄[38;2;129;42;18m[48;2;171;67;23m▄[38;2;126;31;12m[48;2;146;46;20m▄[38;2;130;35;12m[48;2;153;34;14m▄[38;2;129;39;12m[48;2;152;37;15m▄[38;2;127;40;13m[48;2;150;43;14m▄[38;2;125;38;14m[48;2;146;44;14m▄[38;2;121;37;14m[48;2;141;43;14m▄[38;2;117;36;13m[48;2;135;40;14m▄[38;2;113;35;13m[48;2;129;38;14m▄[38;2;110;34;13m[48;2;122;37;14m▄[38;2;108;33;14m[48;2;115;36;14m▄[38;2;109;33;14m[48;2;110;35;15m▄[38;2;109;33;14m[48;2;109;34;15m▄[38;2;109;34;14m[48;2;109;34;15m▄[38;2;109;33;14m[48;2;108;33;14m▄[38;2;108;33;13m[48;2;106;32;13m▄[38;2;99;19;0m[48;2;96;18;0m▄[38;2;142;89;76m[48;2;139;87;76m▄[38;2;255;255;255m[48;2;255;255;255m▄[0m
[38;2;254;254;254m[48;2;255;255;255m▄[38;2;255;255;255m[48;2;255;255;255m▄[38;2;234;222;219m[48;2;128;74;61m▄[38;2;226;205;200m[48;2;89;6;0m▄[38;2;229;209;205m[48;2;99;20;1m▄[38;2;228;208;204m[48;2;98;19;1m▄[38;2;227;208;203m[48;2;98;19;0m▄[38;2;228;208;203m[48;2;98;19;0m▄[38;2;228;208;203m[48;2;98;19;0m▄[38;2;228;208;203m[48;2;98;19;0m▄[38;2;228;209;204m[48;2;98;20;0m▄[38;2;229;210;205m[48;2;98;15;0m▄[38;2;229;208;202m[48;2;85;21;3m▄[38;2;222;198;192m[48;2;147;113;85m▄[38;2;228;203;197m[48;2;104;60;39m▄[38;2;230;208;202m[48;2;90;18;0m▄[38;2;229;210;204m[48;2;91;7;0m▄[38;2;229;210;205m[48;2;94;9;0m▄[38;2;229;210;205m[48;2;99;17;0m▄[38;2;229;210;205m[48;2;98;19;0m▄[38;2;229;210;205m[48;2;98;19;0m▄[38;2;229;210;205m[48;2;98;20;0m▄[38;2;229;211;205m[48;2;98;20;1m▄[38;2;229;211;205m[48;2;98;20;0m▄[38;2;227;209;204m[48;2;97;20;0m▄[38;2;226;209;206m[48;2;95;16;0m▄[38;2;232;212;206m[48;2;99;17;0m▄[38;2;236;214;207m[48;2;102;20;0m▄[38;2;238;215;208m[48;2;103;16;0m▄[38;2;239;216;207m[48;2;107;17;0m▄[38;2;240;216;207m[48;2;113;20;0m▄[38;2;239;216;207m[48;2;122;32;5m▄[38;2;238;215;207m[48;2;128;38;9m▄[38;2;237;215;207m[48;2;133;40;10m▄[38;2;236;215;207m[48;2;135;42;10m▄[38;2;236;215;207m[48;2;135;42;9m▄[38;2;236;215;207m[48;2;133;40;9m▄[38;2;236;215;207m[48;2;132;40;9m▄[38;2;237;215;208m[48;2;133;41;10m▄[38;2;229;211;207m[48;2;129;37;8m▄[38;2;225;209;205m[48;2;104;24;4m▄[38;2;229;211;206m[48;2;97;18;0m▄[38;2;228;211;207m[48;2;102;20;0m▄[38;2;228;211;206m[48;2;102;21;0m▄[38;2;228;211;206m[48;2;102;21;0m▄[38;2;228;211;206m[48;2;101;21;0m▄[38;2;228;211;206m[48;2;99;21;0m▄[38;2;228;211;206m[48;2;98;20;0m▄[38;2;228;210;206m[48;2;97;20;0m▄[38;2;228;210;205m[48;2;97;19;1m▄[38;2;228;210;206m[48;2;97;19;2m▄[38;2;228;210;206m[48;2;97;20;1m▄[38;2;227;210;206m[48;2;97;20;0m▄[38;2;228;210;206m[48;2;97;20;0m▄[38;2;228;210;205m[48;2;97;20;0m▄[38;2;227;210;205m[48;2;97;19;0m▄[38;2;227;210;205m[48;2;96;19;0m▄[38;2;224;206;202m[48;2;87;4;0m▄[38;2;240;229;226m[48;2;133;80;68m▄[38;2;255;255;255m[48;2;255;255;255m▄[0m
