[38;2;174;155;154m[48;2;173;155;145m▄[38;2;201;180;177m[48;2;166;152;142m▄[38;2;134;122;120m[48;2;65;63;65m▄[38;2;101;90;90m[48;2;69;65;73m▄[38;2;93;83;86m[48;2;86;83;84m▄[38;2;86;78;82m[48;2;79;73;73m▄[38;2;80;74;79m[48;2;57;52;56m▄[38;2;78;72;78m[48;2;56;50;54m▄[38;2;76;70;78m[48;2;54;50;52m▄[38;2;73;68;77m[48;2;54;48;50m▄[38;2;71;66;76m[48;2;54;50;50m▄[38;2;70;66;76m[48;2;54;50;50m▄[38;2;66;62;72m[48;2;54;48;50m▄[38;2;61;57;66m[48;2;50;44;44m▄[38;2;58;54;64m[48;2;48;42;42m▄[38;2;56;53;63m[48;2;46;40;40m▄[38;2;59;55;63m[48;2;46;42;42m▄[38;2;56;49;50m[48;2;50;44;46m▄[38;2;38;33;32m[48;2;52;46;46m▄[38;2;51;45;42m[48;2;61;56;56m▄[38;2;88;68;63m[48;2;50;46;46m▄[38;2;131;92;84m[48;2;27;27;30m▄[38;2;119;82;73m[48;2;46;52;59m▄[38;2;88;68;70m[48;2;46;54;61m▄[38;2;71;61;68m[48;2;119;102;106m▄[38;2;118;102;108m[48;2;142;117;123m▄[38;2;141;126;131m[48;2;175;154;162m▄[38;2;143;129;134m[48;2;179;156;164m▄[38;2;193;185;186m[48;2;197;181;185m▄[38;2;190;183;182m[48;2;204;197;198m▄[38;2;191;183;181m[48;2;191;185;183m▄[38;2;187;181;179m[48;2;152;146;144m▄[38;2;149;143;142m[48;2;100;94;94m▄[38;2;149;142;143m[48;2;81;73;77m▄[38;2;175;166;168m[48;2;92;77;84m▄[38;2;139;129;132m[48;2;81;61;69m▄[38;2;55;46;50m[48;2;30;19;25m▄[38;2;67;57;64m[48;2;50;36;42m▄[38;2;189;177;184m[48;2;154;139;139m▄[38;2;133;123;129m[48;2;104;94;98m▄[38;2;86;78;84m[48;2;94;84;94m▄[38;2;96;85;91m[48;2;119;110;119m▄[38;2;123;111;113m[48;2;133;121;125m▄[38;2;155;144;141m[48;2;144;135;131m▄[38;2;183;173;169m[48;2;171;162;158m▄[38;2;180;172;165m[48;2;171;162;156m▄[38;2;182;174;164m[48;2;173;164;156m▄[38;2;210;206;192m[48;2;195;189;177m▄[38;2;202;198;185m[48;2;189;185;173m▄[38;2;208;202;189m[48;2;198;193;179m▄[38;2;161;157;148m[48;2;162;156;148m▄[38;2;126;123;125m[48;2;117;113;113m▄[38;2;168;165;169m[48;2;141;135;135m▄[38;2;211;204;197m[48;2;197;191;181m▄[38;2;229;219;205m[48;2;218;208;197m▄[38;2;239;229;216m[48;2;229;218;208m▄[38;2;232;223;209m[48;2;220;210;198m▄[38;2;235;226;214m[48;2;222;212;202m▄[38;2;231;221;210m[48;2;218;208;197m▄[38;2;250;235;224m[48;2;237;222;210m▄[0m
[38;2;35;46;59m[48;2;186;149;62m▄[38;2;38;50;68m[48;2;199;157;65m▄[38;2;30;43;64m[48;2;186;146;58m▄[38;2;26;39;61m[48;2;179;140;53m▄[38;2;30;42;60m[48;2;173;135;51m▄[38;2;43;50;62m[48;2;170;134;52m▄[38;2;48;53;62m[48;2;169;134;54m▄[38;2;52;55;62m[48;2;169;134;55m▄[38;2;56;58;61m[48;2;169;134;55m▄[38;2;59;60;60m[48;2;167;134;57m▄[38;2;65;65;60m[48;2;165;133;57m▄[38;2;69;67;57m[48;2;161;131;56m▄[38;2;61;57;50m[48;2;144;116;46m▄[38;2;63;57;48m[48;2;140;112;45m▄[38;2;73;64;48m[48;2;138;111;45m▄[38;2;83;69;38m[48;2;141;115;48m▄[38;2;67;51;24m[48;2;117;97;47m▄[38;2;119;74;58m[48;2;11;4;0m▄[38;2;171;97;76m[48;2;60;29;25m▄[38;2;169;98;77m[48;2;94;59;50m▄[38;2;154;95;72m[48;2;103;69;58m▄[38;2;178;110;86m[48;2;198;129;108m▄[38;2;180;105;85m[48;2;214;132;108m▄[38;2;148;87;75m[48;2;190;116;92m▄[38;2;81;59;60m[48;2;76;53;45m▄[38;2;99;38;44m[48;2;50;31;33m▄[38;2;129;42;25m[48;2;22;14;24m▄[38;2;158;102;59m[48;2;49;37;52m▄[38;2;176;57;63m[48;2;99;100;104m▄[38;2;184;107;74m[48;2;115;112;121m▄[38;2;173;135;75m[48;2;110;102;116m▄[38;2;158;102;72m[48;2;102;97;108m▄[38;2;156;90;76m[48;2;69;64;75m▄[38;2;197;114;96m[48;2;84;83;96m▄[38;2;181;85;78m[48;2;98;99;110m▄[38;2;139;37;34m[48;2;65;70;79m▄[38;2;130;23;24m[48;2;29;35;48m▄[38;2;130;54;48m[48;2;65;62;53m▄[38;2;172;155;115m[48;2;161;142;128m▄[38;2;149;131;93m[48;2;98;86;101m▄[38;2;138;128;100m[48;2;64;53;62m▄[38;2;148;137;110m[48;2;72;60;66m▄[38;2;142;133;106m[48;2;87;76;77m▄[38;2;169;165;151m[48;2;138;128;126m▄[38;2;179;176;164m[48;2;160;152;147m▄[38;2;176;170;156m[48;2;158;151;143m▄[38;2;205;199;185m[48;2;170;163;152m▄[38;2;202;197;181m[48;2;200;195;181m▄[38;2;200;195;176m[48;2;186;181;166m▄[38;2;184;178;151m[48;2;181;177;164m▄[38;2;161;155;129m[48;2;129;126;120m▄[38;2;136;124;119m[48;2;93;92;96m▄[38;2;192;176;160m[48;2;157;146;118m▄[38;2;212;201;182m[48;2;204;191;167m▄[38;2;220;213;201m[48;2;203;194;185m▄[38;2;240;239;231m[48;2;209;201;189m▄[38;2;227;229;217m[48;2;206;198;185m▄[38;2;229;224;218m[48;2;209;201;190m▄[38;2;209;202;196m[48;2;210;201;192m▄[38;2;227;217;198m[48;2;226;215;204m▄[0m
[38;2;118;112;109m[48;2;68;83;112m▄[38;2;118;110;105m[48;2;44;58;94m▄[38;2;142;134;130m[48;2;31;46;84m▄[38;2;128;103;99m[48;2;41;48;81m▄[38;2;236;172;147m[48;2;35;44;76m▄[38;2;165;137;130m[48;2;3;26;69m▄[38;2;22;36;67m[48;2;15;35;76m▄[38;2;6;28;67m[48;2;20;38;78m▄[38;2;15;36;72m[48;2;21;38;80m▄[38;2;23;41;79m[48;2;22;38;80m▄[38;2;25;40;74m[48;2;21;39;83m▄[38;2;35;31;46m[48;2;25;39;83m▄[38;2;42;27;33m[48;2;33;37;72m▄[38;2;39;24;30m[48;2;40;38;65m▄[38;2;37;24;32m[48;2;43;36;57m▄[38;2;39;26;36m[48;2;35;24;42m▄[38;2;37;24;34m[48;2;27;14;28m▄[38;2;21;12;22m[48;2;80;49;47m▄[38;2;17;9;19m[48;2;127;82;72m▄[38;2;28;14;22m[48;2;134;80;65m▄[38;2;61;33;38m[48;2;151;87;67m▄[38;2;40;19;26m[48;2;115;62;46m▄[38;2;8;0;15m[48;2;83;46;40m▄[38;2;83;58;19m[48;2;62;41;33m▄[38;2;103;91;41m[48;2;59;45;28m▄[38;2;45;48;56m[48;2;28;17;27m▄[38;2;87;43;33m[48;2;53;30;25m▄[38;2;151;78;57m[48;2;165;132;20m▄[38;2;191;153;32m[48;2;177;95;0m▄[38;2;156;121;22m[48;2;175;112;5m▄[38;2;174;154;30m[48;2;207;190;0m▄[38;2;161;144;47m[48;2;171;137;0m▄[38;2;166;145;33m[48;2;137;95;2m▄[38;2;196;175;20m[48;2;195;151;3m▄[38;2;163;159;21m[48;2;190;143;8m▄[38;2;111;70;52m[48;2;172;28;0m▄[38;2;228;0;0m[48;2;232;0;0m▄[38;2;175;51;29m[48;2;180;48;33m▄[38;2;72;104;101m[48;2;121;131;73m▄[38;2;75;87;113m[48;2;155;146;72m▄[38;2;71;89;111m[48;2;156;151;76m▄[38;2;71;89;109m[48;2;153;148;75m▄[38;2;108;122;132m[48;2;159;155;90m▄[38;2;196;201;181m[48;2;196;198;162m▄[38;2;177;181;161m[48;2;189;193;170m▄[38;2;132;138;131m[48;2;180;179;144m▄[38;2;103;109;110m[48;2;183;179;142m▄[38;2;120;127;125m[48;2;171;167;138m▄[38;2;120;128;126m[48;2;171;171;150m▄[38;2;97;107;109m[48;2;140;143;126m▄[38;2;96;110;113m[48;2;149;151;129m▄[38;2;91;96;101m[48;2;136;133;117m▄[38;2;137;108;68m[48;2;163;145;126m▄[38;2;74;85;81m[48;2;144;148;137m▄[38;2;69;78;83m[48;2;142;148;133m▄[38;2;135;52;42m[48;2;187;146;131m▄[38;2;178;33;26m[48;2;196;118;113m▄[38;2;190;134;20m[48;2;204;167;108m▄[38;2;181;159;7m[48;2;191;174;65m▄[38;2;86;85;78m[48;2;130;125;103m▄[0m
[38;2;18;36;79m[48;2;29;44;77m▄[38;2;16;37;84m[48;2;45;58;90m▄[38;2;10;33;77m[48;2;61;59;80m▄[38;2;8;30;74m[48;2;117;94;100m▄[38;2;8;27;69m[48;2;200;149;133m▄[38;2;66;54;73m[48;2;247;167;134m▄[38;2;170;114;101m[48;2;178;131;115m▄[38;2;231;157;131m[48;2;80;72;87m▄[38;2;243;171;143m[48;2;52;54;78m▄[38;2;154;102;86m[48;2;21;29;54m▄[38;2;37;20;18m[48;2;24;19;31m▄[38;2;9;3;5m[48;2;24;13;17m▄[38;2;11;10;18m[48;2;22;9;15m▄[38;2;15;16;34m[48;2;25;10;17m▄[38;2;8;3;10m[48;2;28;13;23m▄[38;2;9;3;7m[48;2;31;17;27m▄[38;2;14;5;11m[48;2;34;21;32m▄[38;2;20;7;17m[48;2;37;23;34m▄[38;2;24;11;21m[48;2;38;25;35m▄[38;2;27;14;26m[48;2;34;22;34m▄[38;2;30;16;29m[48;2;23;12;26m▄[38;2;31;17;30m[48;2;23;11;24m▄[38;2;32;18;30m[48;2;35;19;32m▄[38;2;30;17;28m[48;2;28;14;30m▄[38;2;30;17;27m[48;2;18;6;27m▄[38;2;23;14;23m[48;2;47;36;44m▄[38;2;10;10;18m[48;2;82;63;43m▄[38;2;100;67;56m[48;2;114;66;47m▄[38;2;183;116;92m[48;2;143;89;68m▄[38;2;195;135;117m[48;2;122;115;99m▄[38;2;56;37;35m[48;2;121;115;121m▄[38;2;73;70;73m[48;2;161;151;165m▄[38;2;88;112;138m[48;2;75;108;140m▄[38;2;45;105;153m[48;2;78;145;177m▄[38;2;64;112;153m[48;2;45;136;179m▄[38;2;100;114;137m[48;2;13;109;159m▄[38;2;139;140;151m[48;2;162;84;88m▄[38;2;109;115;123m[48;2;151;83;77m▄[38;2;74;85;89m[48;2;77;97;96m▄[38;2;76;92;101m[48;2;79;94;105m▄[38;2;81;98;108m[48;2;79;96;108m▄[38;2;87;103;114m[48;2;87;103;114m▄[38;2;93;109;117m[48;2;101;113;120m▄[38;2;109;123;126m[48;2;145;155;147m▄[38;2;131;138;136m[48;2;119;130;123m▄[38;2;192;191;176m[48;2;97;107;111m▄[38;2;141;148;139m[48;2;130;136;134m▄[38;2;76;93;101m[48;2;98;109;113m▄[38;2;68;86;95m[48;2;70;87;96m▄[38;2;73;90;96m[48;2;74;90;98m▄[38;2;92;106;111m[48;2;93;107;113m▄[38;2;98;104;107m[48;2;92;95;98m▄[38;2;116;121;125m[48;2;131;117;107m▄[38;2;72;86;91m[48;2;75;89;93m▄[38;2;77;79;84m[48;2;74;79;85m▄[38;2;127;92;89m[48;2;151;51;44m▄[38;2;131;134;135m[48;2;166;81;77m▄[38;2;86;122;147m[48;2;127;149;137m▄[38;2;74;84;86m[48;2;140;142;103m▄[38;2;76;87;94m[48;2;80;89;88m▄[0m
[38;2;64;60;59m[48;2;16;29;53m▄[38;2;73;67;65m[48;2;21;31;58m▄[38;2;70;64;62m[48;2;23;30;53m▄[38;2;71;64;64m[48;2;25;31;53m▄[38;2;69;63;62m[48;2;20;28;51m▄[38;2;68;62;60m[48;2;10;23;50m▄[38;2;64;59;60m[48;2;22;27;49m▄[38;2;56;55;58m[48;2;61;46;56m▄[38;2;53;53;57m[48;2;109;74;71m▄[38;2;52;51;56m[48;2;141;94;88m▄[38;2;52;51;56m[48;2;89;64;65m▄[38;2;58;55;61m[48;2;11;16;31m▄[38;2;55;52;56m[48;2;5;20;52m▄[38;2;53;51;57m[48;2;6;23;62m▄[38;2;31;23;32m[48;2;3;5;19m▄[38;2;12;0;8m[48;2;4;0;1m▄[38;2;17;4;14m[48;2;10;0;8m▄[38;2;18;4;15m[48;2;15;1;12m▄[38;2;18;4;16m[48;2;18;5;16m▄[38;2;21;7;19m[48;2;25;11;24m▄[38;2;23;9;21m[48;2;29;15;28m▄[38;2;25;10;23m[48;2;33;19;32m▄[38;2;24;10;22m[48;2;33;19;31m▄[38;2;22;9;18m[48;2;32;19;28m▄[38;2;20;5;13m[48;2;33;19;29m▄[38;2;37;26;36m[48;2;21;13;21m▄[38;2;91;79;87m[48;2;32;20;25m▄[38;2;66;49;56m[48;2;80;47;42m▄[38;2;0;0;1m[48;2;103;67;56m▄[38;2;0;0;0m[48;2;122;81;71m▄[38;2;0;0;0m[48;2;35;20;18m▄[38;2;0;0;0m[48;2;21;10;14m▄[38;2;7;0;5m[48;2;151;120;125m▄[38;2;79;57;63m[48;2;169;147;151m▄[38;2;150;122;130m[48;2;166;140;147m▄[38;2;166;147;156m[48;2;153;120;129m▄[38;2;164;146;156m[48;2;143;129;139m▄[38;2;104;96;96m[48;2;103;101;106m▄[38;2;73;89;92m[48;2;70;84;87m▄[38;2;73;92;106m[48;2;74;92;103m▄[38;2;73;92;107m[48;2;78;95;106m▄[38;2;72;90;104m[48;2;82;99;109m▄[38;2;83;99;110m[48;2;82;99;108m▄[38;2;163;168;171m[48;2;107;119;124m▄[38;2;217;217;217m[48;2;175;176;174m▄[38;2;138;145;149m[48;2;190;190;187m▄[38;2;67;83;93m[48;2;81;95;104m▄[38;2;75;93;103m[48;2;70;88;100m▄[38;2;72;90;99m[48;2;66;86;94m▄[38;2;84;104;109m[48;2;74;93;99m▄[38;2;94;115;116m[48;2;89;109;112m▄[38;2;102;117;117m[48;2;104;117;118m▄[38;2;105;111;109m[48;2;121;124;125m▄[38;2;70;83;85m[48;2;74;84;88m▄[38;2;82;93;97m[48;2;75;86;90m▄[38;2;120;124;125m[48;2;110;123;123m▄[38;2;151;146;142m[48;2;137;139;133m▄[38;2;92;88;84m[48;2;129;122;114m▄[38;2;58;68;68m[48;2;51;56;57m▄[38;2;109;122;120m[48;2;82;95;102m▄[0m
[38;2;107;101;97m[48;2;92;86;83m▄[38;2;116;110;106m[48;2;98;93;89m▄[38;2;108;103;99m[48;2;90;85;81m▄[38;2;109;104;100m[48;2;90;85;81m▄[38;2;108;103;99m[48;2;91;86;81m▄[38;2;107;102;98m[48;2;91;86;81m▄[38;2;107;102;98m[48;2;93;88;84m▄[38;2;106;102;98m[48;2;94;89;85m▄[38;2;107;102;98m[48;2;94;89;85m▄[38;2;107;102;98m[48;2;94;89;86m▄[38;2;107;102;98m[48;2;95;89;86m▄[38;2;107;103;98m[48;2;95;90;86m▄[38;2;108;102;98m[48;2;95;89;86m▄[38;2;111;105;100m[48;2;97;92;90m▄[38;2;87;90;100m[48;2;73;71;76m▄[38;2;47;65;107m[48;2;30;29;42m▄[38;2;47;66;106m[48;2;36;34;47m▄[38;2;43;60;96m[48;2;23;20;35m▄[38;2;37;51;85m[48;2;14;9;22m▄[38;2;38;50;82m[48;2;17;7;19m▄[38;2;27;37;66m[48;2;13;1;11m▄[38;2;20;30;60m[48;2;13;0;10m▄[38;2;33;41;71m[48;2;15;2;10m▄[38;2;36;46;79m[48;2;19;6;14m▄[38;2;41;61;104m[48;2;17;12;25m▄[38;2;56;77;124m[48;2;51;64;100m▄[38;2;69;93;137m[48;2;108;120;155m▄[38;2;102;123;163m[48;2;145;128;142m▄[38;2;148;145;152m[48;2;141;130;130m▄[38;2;123;117;113m[48;2;124;119;117m▄[38;2;135;131;128m[48;2;115;111;110m▄[38;2;146;140;137m[48;2;97;94;92m▄[38;2;102;97;95m[48;2;71;69;68m▄[38;2;105;99;100m[48;2;69;57;58m▄[38;2;113;107;109m[48;2;85;71;74m▄[38;2;73;66;69m[48;2;82;72;77m▄[38;2;19;15;18m[48;2;52;45;47m▄[38;2;114;117;111m[48;2;99;97;90m▄[38;2;119;128;122m[48;2;92;107;108m▄[38;2;89;102;101m[48;2;71;89;102m▄[38;2;83;96;98m[48;2;70;89;104m▄[38;2;85;100;102m[48;2;65;85;101m▄[38;2;123;134;133m[48;2;115;126;133m▄[38;2;187;193;189m[48;2;183;184;182m▄[38;2;151;159;151m[48;2;175;179;181m▄[38;2;86;101;97m[48;2;77;93;98m▄[38;2;90;104;101m[48;2;75;93;102m▄[38;2;90;104;100m[48;2;74;92;100m▄[38;2;97;113;107m[48;2;71;89;97m▄[38;2;122;139;131m[48;2;90;109;112m▄[38;2;130;147;140m[48;2;97;117;118m▄[38;2;134;149;141m[48;2;100;115;114m▄[38;2;123;134;127m[48;2;108;118;115m▄[38;2;80;94;86m[48;2;60;76;76m▄[38;2;73;87;80m[48;2;77;91;93m▄[38;2;53;66;61m[48;2;90;94;95m▄[38;2;101;112;108m[48;2;112;111;106m▄[38;2;141;151;141m[48;2;92;95;91m▄[38;2;122;128;119m[48;2;108;117;111m▄[38;2;144;154;145m[48;2;124;136;127m▄[0m
[38;2;123;118;114m[48;2;114;109;105m▄[38;2;133;128;123m[48;2;124;118;114m▄[38;2;124;119;115m[48;2;117;112;108m▄[38;2;125;120;116m[48;2;120;115;111m▄[38;2;125;120;116m[48;2;121;116;112m▄[38;2;127;122;118m[48;2;122;117;113m▄[38;2;130;123;120m[48;2;122;117;113m▄[38;2;132;125;121m[48;2;122;115;112m▄[38;2;133;127;123m[48;2;121;116;112m▄[38;2;133;127;123m[48;2;121;117;113m▄[38;2;132;127;123m[48;2;122;116;112m▄[38;2;132;127;123m[48;2;121;116;112m▄[38;2;134;129;124m[48;2;121;116;112m▄[38;2;136;130;124m[48;2;126;119;113m▄[38;2;74;81;102m[48;2;88;90;105m▄[38;2;73;89;132m[48;2;56;73;118m▄[38;2;103;122;163m[48;2;69;88;132m▄[38;2;101;121;163m[48;2;74;96;138m▄[38;2;83;103;145m[48;2;78;99;142m▄[38;2;61;82;124m[48;2;73;94;137m▄[38;2;82;88;107m[48;2;52;75;121m▄[38;2;118;113;114m[48;2;37;59;101m▄[38;2;86;87;94m[48;2;22;39;83m▄[38;2;31;44;74m[48;2;19;39;86m▄[38;2;16;36;77m[48;2;47;68;112m▄[38;2;60;80;121m[48;2;79;98;141m▄[38;2;92;110;152m[48;2;98;119;161m▄[38;2;107;126;169m[48;2;105;128;174m▄[38;2;91;118;166m[48;2;91;110;147m▄[38;2;122;127;140m[48;2;98;93;93m▄[38;2;140;131;124m[48;2;105;98;95m▄[38;2;135;129;125m[48;2;104;97;96m▄[38;2;142;136;133m[48;2;88;81;83m▄[38;2;140;135;131m[48;2;86;79;83m▄[38;2;136;131;127m[48;2;90;83;87m▄[38;2;141;136;131m[48;2;99;93;94m▄[38;2;147;142;135m[48;2;109;104;101m▄[38;2;154;155;143m[48;2;156;157;145m▄[38;2;151;156;136m[48;2;142;150;133m▄[38;2;185;191;165m[48;2;137;145;128m▄[38;2;204;209;180m[48;2;133;140;123m▄[38;2;194;196;171m[48;2;137;144;130m▄[38;2;205;206;192m[48;2;160;167;156m▄[38;2;245;244;233m[48;2;211;214;203m▄[38;2;226;230;205m[48;2;167;173;154m▄[38;2;224;231;200m[48;2;128;138;124m▄[38;2;229;237;208m[48;2;134;144;130m▄[38;2;224;235;208m[48;2;146;159;143m▄[38;2;216;228;202m[48;2;157;171;154m▄[38;2;216;227;203m[48;2;161;177;159m▄[38;2;217;228;203m[48;2;157;171;154m▄[38;2;224;230;210m[48;2;141;154;140m▄[38;2;227;232;208m[48;2;128;140;128m▄[38;2;217;225;195m[48;2;113;124;113m▄[38;2;200;209;183m[48;2;104;115;104m▄[38;2;158;168;151m[48;2;82;94;85m▄[38;2;171;181;167m[48;2;94;106;99m▄[38;2;220;228;211m[48;2;109;119;110m▄[38;2;226;228;196m[48;2;126;133;119m▄[38;2;202;208;177m[48;2;148;156;141m▄[0m
[38;2;144;145;144m[48;2;134;123;121m▄[38;2;183;182;180m[48;2;138;131;127m▄[38;2;172;172;171m[48;2;128;122;117m▄[38;2;176;174;174m[48;2;128;122;117m▄[38;2;129;125;124m[48;2;134;128;123m▄[38;2;116;113;112m[48;2;137;131;126m▄[38;2;153;153;152m[48;2;131;125;120m▄[38;2;153;157;149m[48;2;131;124;121m▄[38;2;149;153;144m[48;2;133;125;122m▄[38;2;134;138;129m[48;2;135;127;124m▄[38;2;163;165;153m[48;2;131;123;121m▄[38;2;170;172;163m[48;2;130;124;121m▄[38;2;171;173;163m[48;2;132;125;121m▄[38;2;153;157;153m[48;2;126;120;120m▄[38;2;129;143;151m[48;2;57;68;101m▄[38;2;146;162;173m[48;2;78;96;145m▄[38;2;151;166;178m[48;2;93;115;161m▄[38;2;133;150;163m[48;2;77;101;148m▄[38;2;127;142;146m[48;2;51;73;119m▄[38;2;165;167;154m[48;2;96;97;112m▄[38;2;166;169;156m[48;2;138;128;119m▄[38;2;164;167;155m[48;2;138;127;122m▄[38;2;166;169;157m[48;2;142;132;125m▄[38;2;171;173;160m[48;2;138;130;123m▄[38;2;171;174;162m[48;2;57;62;79m▄[38;2;115;128;136m[48;2;0;18;58m▄[38;2;107;122;137m[48;2;30;48;91m▄[38;2;124;139;153m[48;2;54;71;114m▄[38;2;133;149;164m[48;2;53;74;122m▄[38;2;124;141;156m[48;2;62;82;122m▄[38;2;160;170;167m[48;2;133;129;128m▄[38;2;182;185;174m[48;2;151;144;139m▄[38;2;173;179;166m[48;2;144;137;133m▄[38;2;182;192;181m[48;2;147;141;135m▄[38;2;185;195;186m[48;2;142;136;132m▄[38;2;183;189;177m[48;2;151;144;141m▄[38;2;171;175;163m[48;2;139;133;130m▄[38;2;170;176;162m[48;2;145;143;136m▄[38;2;172;179;164m[48;2;120;120;111m▄[38;2;172;179;165m[48;2;125;124;115m▄[38;2;166;173;159m[48;2;136;134;124m▄[38;2;174;179;165m[48;2;172;170;157m▄[38;2;179;184;169m[48;2;190;186;174m▄[38;2;185;190;174m[48;2;187;184;174m▄[38;2;165;172;156m[48;2;181;181;164m▄[38;2;148;155;141m[48;2;172;173;157m▄[38;2;147;154;141m[48;2;177;180;163m▄[38;2;147;153;142m[48;2;182;185;169m▄[38;2;145;149;140m[48;2;181;185;171m▄[38;2;140;147;136m[48;2;188;191;177m▄[38;2;139;145;135m[48;2;191;193;179m▄[38;2;157;161;151m[48;2;209;207;201m▄[38;2;150;152;143m[48;2;203;198;187m▄[38;2;130;134;124m[48;2;167;168;152m▄[38;2;131;136;126m[48;2;153;155;144m▄[38;2;128;134;123m[48;2;137;141;132m▄[38;2;131;137;126m[48;2;147;150;141m▄[38;2;130;136;123m[48;2;152;155;140m▄[38;2;134;142;129m[48;2;144;146;132m▄[38;2;157;163;148m[48;2;157;158;143m▄[0m
[38;2;112;110;116m[48;2;203;210;210m▄[38;2;142;141;145m[48;2;237;243;243m▄[38;2;97;96;101m[48;2;149;152;157m▄[38;2;52;49;56m[48;2;105;105;111m▄[38;2;69;65;72m[48;2;97;95;100m▄[38;2;79;75;83m[48;2;71;70;75m▄[38;2;88;88;94m[48;2;113;117;122m▄[38;2;166;177;171m[48;2;175;187;179m▄[38;2;166;178;166m[48;2;165;177;162m▄[38;2;136;151;136m[48;2;132;149;133m▄[38;2;190;199;178m[48;2;188;198;177m▄[38;2;202;212;195m[48;2;205;215;198m▄[38;2;206;217;200m[48;2;209;220;202m▄[38;2;196;209;191m[48;2;199;211;192m▄[38;2;192;206;187m[48;2;198;211;188m▄[38;2;191;205;186m[48;2;194;207;184m▄[38;2;192;206;187m[48;2;197;208;186m▄[38;2;194;206;188m[48;2;198;209;187m▄[38;2;193;203;187m[48;2;196;209;187m▄[38;2;191;205;186m[48;2;189;205;185m▄[38;2;189;204;185m[48;2;196;212;192m▄[38;2;194;208;190m[48;2;196;211;192m▄[38;2;197;210;192m[48;2;193;209;189m▄[38;2;196;209;192m[48;2;197;213;194m▄[38;2;196;210;191m[48;2;199;215;193m▄[38;2;195;209;190m[48;2;206;219;198m▄[38;2;195;209;193m[48;2;207;220;203m▄[38;2;201;215;202m[48;2;214;227;208m▄[38;2;201;217;202m[48;2;215;228;209m▄[38;2;195;213;201m[48;2;211;223;206m▄[38;2;195;211;196m[48;2;200;215;201m▄[38;2;204;203;180m[48;2;195;216;201m▄[38;2;203;162;132m[48;2;201;211;191m▄[38;2;176;100;71m[48;2;217;186;167m▄[38;2;169;111;91m[48;2;208;189;171m▄[38;2;187;198;181m[48;2;185;202;183m▄[38;2;186;203;184m[48;2;184;201;181m▄[38;2;183;198;179m[48;2;178;194;174m▄[38;2;181;196;177m[48;2;180;196;176m▄[38;2;182;196;178m[48;2;180;195;176m▄[38;2;181;195;177m[48;2;177;192;173m▄[38;2;177;191;173m[48;2;174;188;169m▄[38;2;174;187;169m[48;2;170;186;167m▄[38;2;174;186;168m[48;2;169;184;165m▄[38;2;171;184;165m[48;2;168;182;164m▄[38;2;168;183;164m[48;2;166;181;162m▄[38;2;162;176;157m[48;2;163;177;159m▄[38;2;165;178;160m[48;2;165;178;160m▄[38;2;166;179;161m[48;2;164;176;158m▄[38;2;162;174;156m[48;2;160;171;153m▄[38;2;160;172;154m[48;2;157;169;151m▄[38;2;157;169;152m[48;2;153;165;147m▄[38;2;155;167;150m[48;2;153;165;147m▄[38;2;155;166;148m[48;2;156;167;149m▄[38;2;154;165;147m[48;2;152;163;145m▄[38;2;151;164;146m[48;2;148;161;143m▄[38;2;151;161;144m[48;2;148;161;142m▄[38;2;138;150;132m[48;2;135;147;129m▄[38;2;125;139;119m[48;2;122;134;116m▄[38;2;124;138;119m[48;2;123;134;116m▄[0m
[38;2;149;158;162m[48;2;40;38;44m▄[38;2;159;167;170m[48;2;38;36;44m▄[38;2;107;116;118m[48;2;37;33;40m▄[38;2;170;176;182m[48;2;64;61;68m▄[38;2;143;149;152m[48;2;52;50;57m▄[38;2;161;165;170m[48;2;59;57;64m▄[38;2;163;171;175m[48;2;74;77;81m▄[38;2;172;185;179m[48;2;155;167;159m▄[38;2;155;168;155m[48;2;167;181;167m▄[38;2;138;152;135m[48;2;137;153;138m▄[38;2;191;202;180m[48;2;190;200;179m▄[38;2;204;215;198m[48;2;205;214;197m▄[38;2;204;215;198m[48;2;208;217;201m▄[38;2;193;204;185m[48;2;196;207;190m▄[38;2;191;201;179m[48;2;188;200;183m▄[38;2;195;206;181m[48;2;188;201;182m▄[38;2;200;215;196m[48;2;194;208;189m▄[38;2;200;216;198m[48;2;195;209;191m▄[38;2;199;217;199m[48;2;196;208;191m▄[38;2;199;217;199m[48;2;195;208;190m▄[38;2;195;214;197m[48;2;196;209;191m▄[38;2;193;212;195m[48;2;196;209;191m▄[38;2;195;215;197m[48;2;197;211;193m▄[38;2;195;214;196m[48;2;197;212;193m▄[38;2;195;213;194m[48;2;197;212;193m▄[38;2;195;211;193m[48;2;197;213;194m▄[38;2;200;211;190m[48;2;200;217;199m▄[38;2;211;200;176m[48;2;207;226;214m▄[38;2;224;184;155m[48;2;206;219;201m▄[38;2;219;166;137m[48;2;215;204;182m▄[38;2;212;161;134m[48;2;228;192;165m▄[38;2;218;169;143m[48;2;222;170;141m▄[38;2;226;178;153m[48;2;195;131;104m▄[38;2;233;192;167m[48;2;172;130;106m▄[38;2;225;193;167m[48;2;177;190;171m▄[38;2;197;167;147m[48;2;170;191;172m▄[38;2;179;155;137m[48;2;170;189;171m▄[38;2;163;145;128m[48;2;174;192;175m▄[38;2;155;142;125m[48;2;174;193;175m▄[38;2;163;152;135m[48;2;177;194;176m▄[38;2;168;157;138m[48;2;178;194;176m▄[38;2;161;151;133m[48;2;175;193;175m▄[38;2;156;148;131m[48;2;176;193;175m▄[38;2;164;157;142m[48;2;173;190;172m▄[38;2;163;157;142m[48;2;170;187;168m▄[38;2;156;151;134m[48;2;168;185;167m▄[38;2;154;152;133m[48;2;162;178;159m▄[38;2;143;146;129m[48;2;167;183;164m▄[38;2;113;121;109m[48;2;174;188;169m▄[38;2;149;161;145m[48;2;163;176;158m▄[38;2;160;174;156m[48;2;157;170;152m▄[38;2;154;168;150m[48;2;156;168;151m▄[38;2;152;166;148m[48;2;156;169;151m▄[38;2;153;165;148m[48;2;153;165;147m▄[38;2;152;163;146m[48;2;151;163;146m▄[38;2;153;163;145m[48;2;152;163;146m▄[38;2;146;157;139m[48;2;148;159;142m▄[38;2;133;144;128m[48;2;133;145;128m▄[38;2;122;134;119m[48;2;124;138;122m▄[38;2;126;141;123m[48;2;122;137;120m▄[0m
[38;2;232;157;123m[48;2;219;197;195m▄[38;2;246;172;137m[48;2;238;219;216m▄[38;2;228;168;136m[48;2;173;164;158m▄[38;2;229;170;137m[48;2;213;199;197m▄[38;2;232;175;144m[48;2;221;210;208m▄[38;2;227;173;144m[48;2;223;211;211m▄[38;2;230;177;146m[48;2;216;206;203m▄[38;2;225;181;145m[48;2;182;186;174m▄[38;2;216;178;142m[48;2;149;159;142m▄[38;2;217;179;144m[48;2;134;147;130m▄[38;2;223;186;150m[48;2;186;196;174m▄[38;2;220;184;150m[48;2;195;204;188m▄[38;2;222;186;153m[48;2;198;206;190m▄[38;2;219;184;150m[48;2;189;198;179m▄[38;2;221;184;149m[48;2;192;204;178m▄[38;2;218;177;145m[48;2;197;209;187m▄[38;2;215;171;140m[48;2;197;207;188m▄[38;2;214;166;135m[48;2;198;205;184m▄[38;2;215;163;130m[48;2;198;200;178m▄[38;2;213;158;123m[48;2;201;198;174m▄[38;2;212;153;118m[48;2;203;194;168m▄[38;2;211;152;117m[48;2;205;192;163m▄[38;2;207;146;114m[48;2;209;193;161m▄[38;2;203;141;106m[48;2;216;193;160m▄[38;2;203;140;104m[48;2;217;186;154m▄[38;2;195;133;98m[48;2;217;180;149m▄[38;2;185;124;89m[48;2;221;176;145m▄[38;2;191;129;98m[48;2;221;164;132m▄[38;2;194;133;105m[48;2;215;155;125m▄[38;2;198;138;109m[48;2;206;151;121m▄[38;2;204;143;112m[48;2;209;156;128m▄[38;2;199;143;116m[48;2;208;153;126m▄[38;2;187;158;140m[48;2;214;156;130m▄[38;2;165;160;145m[48;2;211;155;130m▄[38;2;136;144;132m[48;2;218;165;141m▄[38;2;154;131;114m[48;2;236;180;156m▄[38;2;210;146;126m[48;2;237;179;155m▄[38;2;211;153;131m[48;2;232;176;151m▄[38;2;209;158;135m[48;2;228;173;148m▄[38;2;202;152;128m[48;2;215;163;136m▄[38;2;199;147;125m[48;2;212;159;132m▄[38;2;194;143;119m[48;2;207;153;124m▄[38;2;189;139;110m[48;2;198;141;113m▄[38;2;196;143;113m[48;2;207;149;122m▄[38;2;201;148;121m[48;2;209;153;126m▄[38;2;205;150;124m[48;2;192;134;112m▄[38;2;195;137;114m[48;2;193;139;126m▄[38;2;196;136;122m[48;2;187;140;129m▄[38;2;195;149;142m[48;2;67;49;45m▄[38;2;182;168;145m[48;2;141;148;132m▄[38;2;159;170;141m[48;2;168;179;161m▄[38;2;160;169;131m[48;2;156;169;151m▄[38;2;155;163;136m[48;2;154;166;149m▄[38;2;157;166;132m[48;2;153;164;149m▄[38;2;152;161;135m[48;2;151;162;146m▄[38;2;151;159;140m[48;2;150;159;139m▄[38;2;148;157;131m[48;2;147;157;135m▄[38;2;135;144;120m[48;2;135;145;126m▄[38;2;121;130;109m[48;2;123;133;115m▄[38;2;130;136;104m[48;2;131;142;120m▄[0m
[38;2;195;136;101m[48;2;234;181;140m▄[38;2;208;143;106m[48;2;254;195;154m▄[38;2;189;129;95m[48;2;231;177;140m▄[38;2;184;124;89m[48;2;226;175;136m▄[38;2;185;126;90m[48;2;219;166;128m▄[38;2;185;125;91m[48;2;219;166;128m▄[38;2;185;126;92m[48;2;224;168;131m▄[38;2;184;125;89m[48;2;221;164;127m▄[38;2;185;126;89m[48;2;216;160;122m▄[38;2;185;125;89m[48;2;215;160;120m▄[38;2;188;127;92m[48;2;212;158;116m▄[38;2;188;127;92m[48;2;212;158;118m▄[38;2;188;127;93m[48;2;211;156;117m▄[38;2;185;125;90m[48;2;208;151;114m▄[38;2;176;116;81m[48;2;201;142;106m▄[38;2;172;113;77m[48;2;196;135;101m▄[38;2;169;109;72m[48;2;193;132;99m▄[38;2;159;98;66m[48;2;188;128;95m▄[38;2;147;85;54m[48;2;191;132;100m▄[38;2;143;83;50m[48;2;189;130;98m▄[38;2;140;82;47m[48;2;182;121;88m▄[38;2;135;81;46m[48;2;176;115;84m▄[38;2;142;90;47m[48;2;171;109;81m▄[38;2;150;105;53m[48;2;166;103;75m▄[38;2;167;127;65m[48;2;159;96;71m▄[38;2;179;142;71m[48;2;156;92;69m▄[38;2;188;157;76m[48;2;162;99;76m▄[38;2;200;178;82m[48;2;159;97;74m▄[38;2;193;176;85m[48;2;150;91;69m▄[38;2;168;148;91m[48;2;161;100;74m▄[38;2;158;157;145m[48;2;163;113;85m▄[38;2;169;187;184m[48;2;165;157;146m▄[38;2;198;207;198m[48;2;178;198;192m▄[38;2;170;145;120m[48;2;184;189;177m▄[38;2;164;119;89m[48;2;162;132;113m▄[38;2;165;125;96m[48;2;179;127;107m▄[38;2;164;127;100m[48;2;192;135;115m▄[38;2;169;134;109m[48;2;192;138;115m▄[38;2;171;135;104m[48;2;186;133;110m▄[38;2;174;139;95m[48;2;178;124;102m▄[38;2;184;149;108m[48;2;181;129;105m▄[38;2;191;153;111m[48;2;176;124;101m▄[38;2;179;134;99m[48;2;185;130;108m▄[38;2;175;129;104m[48;2;198;143;122m▄[38;2;137;105;87m[48;2;189;137;116m▄[38;2;20;17;8m[48;2;142;99;83m▄[38;2;8;9;2m[48;2;139;100;88m▄[38;2;5;7;5m[48;2;136;98;92m▄[38;2;101;108;71m[48;2;118;105;68m▄[38;2;166;171;102m[48;2;166;174;102m▄[38;2;172;171;58m[48;2;166;168;88m▄[38;2;165;162;58m[48;2;169;169;77m▄[38;2;175;174;57m[48;2;169;171;64m▄[38;2;163;162;45m[48;2;174;175;45m▄[38;2;156;157;42m[48;2;172;172;47m▄[38;2;156;154;40m[48;2;171;169;51m▄[38;2;160;157;34m[48;2;166;165;56m▄[38;2;140;141;40m[48;2;149;149;53m▄[38;2;127;127;55m[48;2;131;133;55m▄[38;2;137;128;68m[48;2;142;136;64m▄[0m
[38;2;166;99;79m[48;2;142;81;46m▄[38;2;176;106;86m[48;2;162;96;56m▄[38;2;164;102;80m[48;2;159;99;60m▄[38;2;162;105;78m[48;2;161;100;62m▄[38;2;156;104;73m[48;2;164;104;66m▄[38;2;159;112;76m[48;2;163;100;68m▄[38;2;159;115;74m[48;2;160;98;68m▄[38;2;139;100;73m[48;2;166;103;69m▄[38;2;130;98;75m[48;2;170;107;73m▄[38;2;119;98;77m[48;2;168;105;71m▄[38;2;116;99;82m[48;2;164;104;69m▄[38;2;115;99;88m[48;2;159;102;68m▄[38;2;111;103;93m[48;2;149;94;61m▄[38;2;108;110;100m[48;2;139;87;53m▄[38;2;114;120;108m[48;2;129;79;46m▄[38;2;128;138;114m[48;2;119;74;42m▄[38;2;116;134;118m[48;2;113;76;44m▄[38;2;118;142;127m[48;2;111;84;51m▄[38;2;121;149;129m[48;2;118;99;62m▄[38;2;123;152;133m[48;2;128;118;76m▄[38;2;120;148;132m[48;2;134;132;78m▄[38;2;114;143;131m[48;2;152;151;82m▄[38;2;100;131;140m[48;2;161;167;93m▄[38;2;102;131;142m[48;2;166;177;99m▄[38;2;100;125;138m[48;2;178;191;103m▄[38;2;99;126;141m[48;2;177;191;106m▄[38;2;111;142;151m[48;2;180;196;110m▄[38;2;116;148;155m[48;2;177;195;126m▄[38;2;130;153;161m[48;2;187;205;145m▄[38;2;154;169;168m[48;2;182;198;159m▄[38;2;180;190;181m[48;2;185;201;192m▄[38;2;197;211;202m[48;2;202;216;207m▄[38;2;178;201;187m[48;2;207;222;204m▄[38;2;198;219;203m[48;2;201;215;191m▄[38;2;197;213;193m[48;2;193;206;179m▄[38;2;177;191;172m[48;2;182;191;164m▄[38;2;162;177;164m[48;2;169;181;159m▄[38;2;156;171;159m[48;2;168;183;160m▄[38;2;132;150;143m[48;2;163;178;136m▄[38;2;111;133;133m[48;2;159;175;131m▄[38;2;105;128;126m[48;2;150;164;122m▄[38;2;103;125;128m[48;2;144;158;115m▄[38;2;99;122;126m[48;2;142;154;113m▄[38;2;94;118;123m[48;2;137;151;110m▄[38;2;94;116;119m[48;2;130;144;109m▄[38;2;99;123;125m[48;2;120;132;98m▄[38;2;96;120;120m[48;2;120;130;99m▄[38;2;91;115;112m[48;2;122;132;102m▄[38;2;79;105;101m[48;2;121;134;100m▄[38;2;82;105;107m[48;2;121;135;93m▄[38;2;74;97;105m[48;2;113;125;78m▄[38;2;65;90;98m[48;2;111;122;80m▄[38;2;67;89;96m[48;2;114;124;86m▄[38;2;79;101;97m[48;2;114;126;85m▄[38;2;81;102;93m[48;2;110;122;90m▄[38;2;85;102;91m[48;2;110;120;79m▄[38;2;91;106;88m[48;2;114;121;79m▄[38;2;92;104;82m[48;2;99;107;78m▄[38;2;89;96;77m[48;2;88;97;73m▄[38;2;114;105;87m[48;2;113;107;85m▄[0m
[38;2;182;182;49m[48;2;153;120;57m▄[38;2;197;201;49m[48;2;214;189;68m▄[38;2;185;183;32m[48;2;238;227;75m▄[38;2;135;129;38m[48;2;244;238;68m▄[38;2;68;73;23m[48;2;121;115;34m▄[38;2;248;246;68m[48;2;186;183;47m▄[38;2;255;255;81m[48;2;246;247;69m▄[38;2;155;170;131m[48;2;138;152;118m▄[38;2;102;122;118m[48;2;94;110;110m▄[38;2;86;113;101m[48;2;69;102;95m▄[38;2;102;124;122m[48;2;84;111;117m▄[38;2;114;127;128m[48;2;111;122;129m▄[38;2;113;129;124m[48;2;122;137;133m▄[38;2;108;128;125m[48;2;117;141;131m▄[38;2;100;125;128m[48;2;103;132;133m▄[38;2;88;118;126m[48;2;106;134;133m▄[38;2;90;119;127m[48;2;109;132;130m▄[38;2;95;123;128m[48;2;98;124;130m▄[38;2;94;120;131m[48;2;94;124;132m▄[38;2;91;119;131m[48;2;96;126;129m▄[38;2;91;120;128m[48;2;111;137;127m▄[38;2;102;129;133m[48;2;98;126;130m▄[38;2;94;122;133m[48;2;93;119;134m▄[38;2;95;122;134m[48;2;102;128;137m▄[38;2;100;125;138m[48;2;102;128;138m▄[38;2;101;126;137m[48;2;100;127;139m▄[38;2;94;123;134m[48;2;110;139;144m▄[38;2;96;125;134m[48;2;111;140;145m▄[38;2;162;179;172m[48;2;133;152;150m▄[38;2;203;213;197m[48;2;169;180;170m▄[38;2;170;188;177m[48;2;192;202;194m▄[38;2;152;177;168m[48;2;157;178;170m▄[38;2;165;186;174m[48;2;165;188;177m▄[38;2;168;188;176m[48;2;174;195;181m▄[38;2;171;185;169m[48;2;171;186;168m▄[38;2;153;168;151m[48;2;156;170;151m▄[38;2;125;144;135m[48;2;146;164;151m▄[38;2;120;141;132m[48;2;134;153;145m▄[38;2;120;141;136m[48;2;118;139;135m▄[38;2;104;129;128m[48;2;111;134;133m▄[38;2;104;130;131m[48;2;98;123;125m▄[38;2;100;124;126m[48;2;94;116;121m▄[38;2;104;127;129m[48;2;95;118;124m▄[38;2;103;126;127m[48;2;88;113;116m▄[38;2;103;127;127m[48;2;92;115;118m▄[38;2;87;114;116m[48;2;94;119;122m▄[38;2;82;110;115m[48;2;86;111;115m▄[38;2;75;102;106m[48;2;74;99;106m▄[38;2;76;104;108m[48;2;69;98;103m▄[38;2;70;98;102m[48;2;76;102;108m▄[38;2;68;97;99m[48;2;72;98;103m▄[38;2;69;96;99m[48;2;68;92;97m▄[38;2;75;97;103m[48;2;73;95;101m▄[38;2;72;94;99m[48;2;79;100;104m▄[38;2;79;102;105m[48;2;70;93;97m▄[38;2;78;100;105m[48;2;66;89;97m▄[38;2;75;98;99m[48;2;69;90;93m▄[38;2;76;99;98m[48;2;78;97;96m▄[38;2;78;95;94m[48;2;81;97;91m▄[38;2;100;97;96m[48;2;99;97;91m▄[0m
[38;2;213;215;220m[48;2;120;121;131m▄[38;2;242;244;250m[48;2;131;128;137m▄[38;2;221;223;230m[48;2;132;114;127m▄[38;2;214;219;224m[48;2;100;77;98m▄[38;2;206;210;218m[48;2;77;78;65m▄[38;2;182;187;206m[48;2;143;144;65m▄[38;2;164;172;190m[48;2;150;153;80m▄[38;2;145;162;155m[48;2;143;156;133m▄[38;2;116;142;137m[48;2;117;138;130m▄[38;2;83;111;109m[48;2;86;114;106m▄[38;2;108;129;134m[48;2;107;129;126m▄[38;2;125;141;143m[48;2;123;136;133m▄[38;2;120;145;146m[48;2;110;130;128m▄[38;2;115;138;142m[48;2;108;130;127m▄[38;2;116;140;144m[48;2;109;131;130m▄[38;2;106;132;142m[48;2;97;124;126m▄[38;2;98;126;139m[48;2;93;121;127m▄[38;2;97;127;141m[48;2;95;121;130m▄[38;2;98;128;141m[48;2;91;118;130m▄[38;2;100;129;142m[48;2;89;117;129m▄[38;2;103;131;144m[48;2;92;121;131m▄[38;2;107;133;147m[48;2;103;129;137m▄[38;2;103;134;146m[48;2;96;123;133m▄[38;2;107;136;147m[48;2;97;124;134m▄[38;2;104;133;144m[48;2;95;124;133m▄[38;2;102;131;145m[48;2;93;122;133m▄[38;2;112;140;147m[48;2;86;116;128m▄[38;2;196;206;185m[48;2;130;153;152m▄[38;2;201;211;189m[48;2;232;240;215m▄[38;2;140;166;166m[48;2;187;203;190m▄[38;2;137;163;169m[48;2;128;152;154m▄[38;2;153;177;178m[48;2;139;161;160m▄[38;2;155;179;177m[48;2;153;174;166m▄[38;2;156;179;176m[48;2;157;176;166m▄[38;2;161;180;175m[48;2;162;178;164m▄[38;2;152;170;161m[48;2;152;165;152m▄[38;2;129;153;150m[48;2;126;144;138m▄[38;2;124;147;148m[48;2;122;144;138m▄[38;2;126;149;152m[48;2;113;135;135m▄[38;2;129;153;156m[48;2;115;137;137m▄[38;2;112;138;139m[48;2;114;135;134m▄[38;2;112;137;141m[48;2;105;127;128m▄[38;2;101;126;132m[48;2;99;121;126m▄[38;2;97;123;129m[48;2;95;117;124m▄[38;2;100;129;134m[48;2;88;112;118m▄[38;2;93;121;126m[48;2;84;110;115m▄[38;2;95;120;126m[48;2;82;110;114m▄[38;2;92;118;122m[48;2;75;103;107m▄[38;2;90;118;123m[48;2;80;105;111m▄[38;2;82;107;116m[48;2;69;97;102m▄[38;2;83;107;114m[48;2;69;96;101m▄[38;2;85;108;115m[48;2;70;96;101m▄[38;2;89;112;119m[48;2;70;93;99m▄[38;2;85;107;115m[48;2;72;94;100m▄[38;2;79;102;109m[48;2;78;101;106m▄[38;2;84;106;113m[48;2;86;106;111m▄[38;2;86;109;113m[48;2;84;105;105m▄[38;2;77;100;101m[48;2;74;95;95m▄[38;2;97;114;117m[48;2;76;91;92m▄[38;2;114;117;116m[48;2;93;94;93m▄[0m
