[38;2;102;114;140m[48;2;35;43;50m▄[38;2;138;150;188m[48;2;94;100;123m▄[38;2;159;165;198m[48;2;142;144;173m▄[38;2;183;180;200m[48;2;162;156;175m▄[38;2;168;162;169m[48;2;166;160;168m▄[38;2;146;139;143m[48;2;197;189;198m▄[38;2;164;156;158m[48;2;84;86;92m▄[38;2;44;47;49m[48;2;5;11;13m▄[38;2;18;25;27m[48;2;21;25;28m▄[38;2;28;33;34m[48;2;19;25;27m▄[38;2;32;39;36m[48;2;34;38;36m▄[38;2;29;36;32m[48;2;34;40;36m▄[38;2;24;29;29m[48;2;36;42;38m▄[38;2;25;29;30m[48;2;38;44;38m▄[38;2;29;32;29m[48;2;48;54;42m▄[38;2;37;40;34m[48;2;50;54;44m▄[38;2;70;67;62m[48;2;84;79;77m▄[38;2;106;81;80m[48;2;104;75;73m▄[38;2;130;82;75m[48;2;135;90;81m▄[38;2;195;124;100m[48;2;150;100;84m▄[38;2;191;128;97m[48;2;108;83;67m▄[38;2;64;57;51m[48;2;36;38;32m▄[38;2;40;44;39m[48;2;30;34;30m▄[38;2;41;42;31m[48;2;54;56;44m▄[38;2;60;61;49m[48;2;75;77;59m▄[38;2;65;67;54m[48;2;61;61;54m▄[38;2;71;73;59m[48;2;57;56;54m▄[38;2;72;74;59m[48;2;59;61;54m▄[38;2;76;76;61m[48;2;61;63;54m▄[38;2;84;82;68m[48;2;61;61;54m▄[38;2;100;100;85m[48;2;84;86;67m▄[38;2;97;97;77m[48;2;88;92;71m▄[38;2;102;102;78m[48;2;92;94;71m▄[38;2;108;104;80m[48;2;94;94;75m▄[38;2;110;105;84m[48;2;100;94;77m▄[38;2;124;117;95m[48;2;112;104;86m▄[38;2;140;133;105m[48;2;119;113;90m▄[38;2;139;135;104m[48;2;123;119;90m▄[38;2;138;132;108m[48;2;125;119;94m▄[38;2;138;134;111m[48;2;125;117;98m▄[38;2;149;145;117m[48;2;129;127;106m▄[38;2;158;148;121m[48;2;131;127;106m▄[38;2;168;159;131m[48;2;141;131;112m▄[38;2;163;162;135m[48;2;129;131;110m▄[38;2;170;167;141m[48;2;141;133;112m▄[38;2;180;177;140m[48;2;156;148;117m▄[38;2;188;180;141m[48;2;156;150;119m▄[38;2;195;181;140m[48;2;164;148;119m▄[38;2;207;188;148m[48;2;187;168;137m▄[38;2;230;212;172m[48;2;210;195;162m▄[38;2;255;238;191m[48;2;239;227;198m▄[38;2;255;255;250m[48;2;251;249;237m▄[38;2;255;255;255m[48;2;254;254;254m▄[38;2;255;255;255m[48;2;254;254;253m▄[38;2;255;255;255m[48;2;254;254;253m▄[38;2;255;255;255m[48;2;254;254;254m▄[38;2;255;255;255m[48;2;254;254;254m▄[38;2;255;255;255m[48;2;243;239;231m▄[38;2;255;255;255m[48;2;229;222;210m▄[38;2;255;255;255m[48;2;254;254;254m▄[0m
[38;2;138;101;95m[48;2;146;131;144m▄[38;2;103;69;65m[48;2;170;134;139m▄[38;2;65;48;48m[48;2;150;111;113m▄[38;2;90;81;83m[48;2;93;76;81m▄[38;2;113;104;109m[48;2;110;106;109m▄[38;2;127;121;127m[48;2;100;96;97m▄[38;2;165;156;157m[48;2;149;138;139m▄[38;2;110;109;101m[48;2;79;77;78m▄[38;2;35;35;52m[48;2;3;11;7m▄[38;2;48;40;74m[48;2;18;25;19m▄[38;2;62;45;102m[48;2;17;22;19m▄[38;2;75;53;126m[48;2;19;23;24m▄[38;2;73;58;113m[48;2;18;23;21m▄[38;2;63;52;88m[48;2;23;27;24m▄[38;2;66;56;87m[48;2;30;34;30m▄[38;2;82;65;118m[48;2;36;39;38m▄[38;2;96;80;139m[48;2;22;24;19m▄[38;2;119;136;191m[48;2;46;47;42m▄[38;2;146;173;219m[48;2;96;78;81m▄[38;2;139;165;213m[48;2;137;98;94m▄[38;2;129;164;226m[48;2;172;145;155m▄[38;2;165;188;239m[48;2;157;170;209m▄[38;2;187;204;240m[48;2;160;177;208m▄[38;2;199;221;250m[48;2;110;118;128m▄[38;2;133;137;139m[48;2;41;42;35m▄[38;2;64;61;44m[48;2;56;57;45m▄[38;2;58;59;48m[48;2;56;58;47m▄[38;2;51;52;44m[48;2;59;60;48m▄[38;2;75;78;60m[48;2;73;70;56m▄[38;2;95;99;77m[48;2;89;89;70m▄[38;2;104;108;84m[48;2;84;84;69m▄[38;2;110;115;92m[48;2;82;82;65m▄[38;2;110;117;92m[48;2;93;96;75m▄[38;2;106;113;91m[48;2;93;94;75m▄[38;2;113;116;94m[48;2;97;93;76m▄[38;2;125;123;97m[48;2;106;99;80m▄[38;2;124;123;96m[48;2;123;115;91m▄[38;2;133;134;106m[48;2;130;125;102m▄[38;2;134;134;102m[48;2;129;129;104m▄[38;2;146;153;114m[48;2;137;138;108m▄[38;2;151;158;117m[48;2;146;144;109m▄[38;2;158;166;131m[48;2;152;148;119m▄[38;2;157;160;128m[48;2;163;166;133m▄[38;2;158;152;121m[48;2;164;165;132m▄[38;2;157;154;119m[48;2;167;166;131m▄[38;2;157;155;128m[48;2;173;168;131m▄[38;2;166;161;140m[48;2;175;167;131m▄[38;2;172;159;136m[48;2;175;166;127m▄[38;2;174;156;133m[48;2;184;168;132m▄[38;2;191;165;135m[48;2;205;177;138m▄[38;2;219;183;142m[48;2;237;207;155m▄[38;2;237;206;157m[48;2;255;249;221m▄[38;2;242;224;186m[48;2;255;255;255m▄[38;2;247;235;211m[48;2;255;255;255m▄[38;2;242;231;200m[48;2;255;255;255m▄[38;2;232;223;186m[48;2;254;252;244m▄[38;2;213;200;151m[48;2;248;241;220m▄[38;2;193;183;133m[48;2;241;234;208m▄[38;2;179;173;128m[48;2;218;207;154m▄[38;2;178;173;125m[48;2;208;198;135m▄[0m
[38;2;146;125;110m[48;2;56;58;69m▄[38;2;143;115;99m[48;2;34;39;51m▄[38;2;125;93;81m[48;2;20;24;35m▄[38;2;124;91;77m[48;2;47;47;55m▄[38;2;114;98;98m[48;2;89;86;90m▄[38;2;84;129;171m[48;2;106;96;102m▄[38;2;58;149;217m[48;2;125;102;136m▄[38;2;37;135;204m[48;2;117;88;146m▄[38;2;32;135;200m[48;2;81;46;130m▄[38;2;24;134;193m[48;2;78;41;128m▄[38;2;33;102;166m[48;2;78;39;130m▄[38;2;42;73;134m[48;2;74;38;123m▄[38;2;31;27;65m[48;2;62;35;108m▄[38;2;31;18;50m[48;2;66;43;113m▄[38;2;35;23;56m[48;2;73;48;122m▄[38;2;32;23;46m[48;2;52;28;88m▄[38;2;29;17;40m[48;2;69;46;108m▄[38;2;57;27;76m[48;2;115;91;177m▄[38;2;74;41;104m[48;2;131;127;206m▄[38;2;89;69;143m[48;2;127;132;198m▄[38;2;130;127;176m[48;2;161;134;161m▄[38;2;150;174;194m[48;2;212;144;131m▄[38;2;190;172;161m[48;2;231;159;135m▄[38;2;149;167;167m[48;2;192;154;143m▄[38;2;127;187;212m[48;2;161;165;174m▄[38;2;92;150;163m[48;2;78;75;61m▄[38;2;58;114;113m[48;2;55;50;32m▄[38;2;69;125;122m[48;2;69;67;45m▄[38;2;73;120;114m[48;2;77;81;53m▄[38;2;77;101;88m[48;2;91;99;71m▄[38;2;74;79;61m[48;2;102;108;84m▄[38;2;78;81;64m[48;2;102;108;85m▄[38;2;82;84;70m[48;2;104;113;86m▄[38;2;95;99;80m[48;2;108;119;92m▄[38;2;107;110;90m[48;2;114;121;95m▄[38;2;122;126;103m[48;2;122;129;99m▄[38;2;124;129;100m[48;2;133;140;106m▄[38;2;135;144;112m[48;2;142;148;108m▄[38;2;137;144;109m[48;2;136;141;101m▄[38;2;142;147;115m[48;2;151;160;117m▄[38;2;158;160;132m[48;2;159;163;128m▄[38;2;152;154;125m[48;2;162;165;133m▄[38;2;161;170;140m[48;2;165;171;141m▄[38;2;153;156;134m[48;2;154;151;126m▄[38;2;150;154;132m[48;2;153;152;128m▄[38;2;157;155;134m[48;2;158;159;138m▄[38;2;156;146;123m[48;2;170;165;141m▄[38;2;164;157;129m[48;2;181;175;146m▄[38;2;175;167;133m[48;2;175;167;137m▄[38;2;181;169;136m[48;2;181;167;137m▄[38;2;187;174;141m[48;2;191;174;142m▄[38;2;180;170;134m[48;2;191;175;143m▄[38;2;185;179;150m[48;2;200;182;149m▄[38;2;206;201;173m[48;2;214;201;170m▄[38;2;178;169;133m[48;2;203;188;144m▄[38;2;183;173;136m[48;2;205;195;145m▄[38;2;186;180;140m[48;2;189;178;125m▄[38;2;164;159;124m[48;2;175;166;118m▄[38;2;146;140;110m[48;2;160;155;117m▄[38;2;154;151;122m[48;2;163;162;126m▄[0m
[38;2;86;165;200m[48;2;198;140;127m▄[38;2;33;188;239m[48;2;162;158;156m▄[38;2;6;154;201m[48;2;106;148;157m▄[38;2;0;121;163m[48;2;87;166;189m▄[38;2;3;91;118m[48;2;55;182;226m▄[38;2;7;75;92m[48;2;17;176;228m▄[38;2;14;92;101m[48;2;7;175;214m▄[38;2;25;112;113m[48;2;6;174;209m▄[38;2;20;99;103m[48;2;6;185;217m▄[38;2;14;88;96m[48;2;7;188;217m▄[38;2;18;112;120m[48;2;5;179;208m▄[38;2;23;138;149m[48;2;6;177;211m▄[38;2;14;86;106m[48;2;17;98;131m▄[38;2;23;30;56m[48;2;35;23;55m▄[38;2;33;20;45m[48;2;34;21;47m▄[38;2;41;24;53m[48;2;31;23;44m▄[38;2;34;22;50m[48;2;34;24;50m▄[38;2;18;16;29m[48;2;44;27;62m▄[38;2;17;13;25m[48;2;51;34;77m▄[38;2;39;20;57m[48;2;56;52;103m▄[38;2;59;43;90m[48;2;42;94;144m▄[38;2;43;66;92m[48;2;15;127;169m▄[38;2;29;72;80m[48;2;13;138;173m▄[38;2;44;86;82m[48;2;23;140;173m▄[38;2;64;103;84m[48;2;30;133;163m▄[38;2;84;124;89m[48;2;42;136;164m▄[38;2;99;141;99m[48;2;51;145;165m▄[38;2;83;118;88m[48;2;55;146;162m▄[38;2;69;98;86m[48;2;57;149;166m▄[38;2;81;110;103m[48;2;86;182;197m▄[38;2;66;71;66m[48;2;90;121;118m▄[38;2;57;55;45m[48;2;67;65;47m▄[38;2;66;67;53m[48;2;84;87;69m▄[38;2;81;82;70m[48;2;90;93;77m▄[38;2;86;89;76m[48;2;91;93;75m▄[38;2;107;113;91m[48;2;111;115;93m▄[38;2;108;117;95m[48;2;113;122;100m▄[38;2;117;124;104m[48;2;124;131;109m▄[38;2;130;139;118m[48;2;138;141;118m▄[38;2;137;142;122m[48;2;142;149;122m▄[38;2;132;136;116m[48;2;150;157;133m▄[38;2;139;143;120m[48;2;147;149;126m▄[38;2;152;160;130m[48;2;158;167;136m▄[38;2;143;148;122m[48;2;150;154;126m▄[38;2;139;142;120m[48;2;140;144;121m▄[38;2;140;143;121m[48;2;153;152;131m▄[38;2;147;143;122m[48;2;153;146;124m▄[38;2;149;143;119m[48;2;150;143;120m▄[38;2;153;148;123m[48;2;158;149;124m▄[38;2;164;158;127m[48;2;167;159;127m▄[38;2;158;151;120m[48;2;170;160;124m▄[38;2;158;151;120m[48;2;173;161;126m▄[38;2;189;184;153m[48;2;183;178;147m▄[38;2;210;201;166m[48;2;199;203;172m▄[38;2;169;155;126m[48;2;171;166;126m▄[38;2;159;152;128m[48;2;158;153;123m▄[38;2;157;150;125m[48;2;172;166;134m▄[38;2;166;157;132m[48;2;156;152;121m▄[38;2;145;139;111m[48;2;139;136;108m▄[38;2;145;142;111m[48;2;140;143;115m▄[0m
[38;2;24;76;88m[48;2;11;133;168m▄[38;2;13;50;56m[48;2;10;95;118m▄[38;2;12;40;44m[48;2;17;59;69m▄[38;2;6;28;32m[48;2;14;46;54m▄[38;2;5;17;22m[48;2;12;34;39m▄[38;2;10;27;27m[48;2;15;39;34m▄[38;2;15;39;37m[48;2;38;77;48m▄[38;2;13;36;42m[48;2;50;91;63m▄[38;2;14;44;47m[48;2;24;57;51m▄[38;2;24;64;66m[48;2;9;40;48m▄[38;2;32;77;81m[48;2;26;67;73m▄[38;2;28;59;67m[48;2;23;58;68m▄[38;2;27;29;46m[48;2;21;29;46m▄[38;2;23;18;36m[48;2;19;15;30m▄[38;2;21;18;34m[48;2;18;15;28m▄[38;2;32;21;41m[48;2;30;20;40m▄[38;2;41;24;54m[48;2;40;23;46m▄[38;2;34;21;44m[48;2;27;19;35m▄[38;2;25;18;34m[48;2;20;16;29m▄[38;2;29;17;37m[48;2;23;16;33m▄[38;2;43;23;52m[48;2;46;25;64m▄[38;2;69;48;78m[48;2;69;59;98m▄[38;2;83;87;95m[48;2;75;111;95m▄[38;2;82;97;90m[48;2;80;131;85m▄[38;2;70;79;77m[48;2;78;125;84m▄[38;2;57;61;59m[48;2;73;114;85m▄[38;2;71;71;60m[48;2;70;98;79m▄[38;2;75;77;62m[48;2;60;75;65m▄[38;2;82;89;66m[48;2;52;57;46m▄[38;2;96;107;76m[48;2;51;51;34m▄[38;2;108;124;88m[48;2;63;67;49m▄[38;2;108;123;88m[48;2;79;89;64m▄[38;2;119;132;94m[48;2;84;98;64m▄[38;2;116;128;95m[48;2;98;112;81m▄[38;2;116;131;94m[48;2;110;127;86m▄[38;2;117;126;97m[48;2;118;138;95m▄[38;2;123;129;107m[48;2;108;119;90m▄[38;2;115;121;101m[48;2;116;126;100m▄[38;2;124;131;109m[48;2;123;135;111m▄[38;2;130;136;116m[48;2;123;129;106m▄[38;2;131;133;113m[48;2;119;120;97m▄[38;2;133;131;110m[48;2;126;129;105m▄[38;2;138;138;117m[48;2;147;154;123m▄[38;2;140;140;114m[48;2;136;141;110m▄[38;2;129;127;108m[48;2;127;131;108m▄[38;2;134;125;110m[48;2;115;116;101m▄[38;2;129;121;107m[48;2;124;120;104m▄[38;2;127;123;108m[48;2;132;123;106m▄[38;2;132;126;110m[48;2;133;123;106m▄[38;2;126;118;105m[48;2;134;121;104m▄[38;2;124;112;102m[48;2;130;118;101m▄[38;2;129;120;113m[48;2;130;119;108m▄[38;2;178;174;166m[48;2;175;165;150m▄[38;2;211;198;178m[48;2;205;190;166m▄[38;2;144;137;123m[48;2;138;126;116m▄[38;2;121;113;104m[48;2;128;117;107m▄[38;2;127;121;110m[48;2;131;121;108m▄[38;2;144;136;123m[48;2;164;149;133m▄[38;2;143;135;116m[48;2;157;149;123m▄[38;2;156;143;129m[48;2;131;125;97m▄[0m
[38;2;37;161;208m[48;2;30;153;196m▄[38;2;20;177;223m[48;2;13;131;164m▄[38;2;9;112;133m[48;2;7;62;75m▄[38;2;9;59;67m[48;2;8;40;47m▄[38;2;10;57;63m[48;2;7;39;44m▄[38;2;13;70;75m[48;2;13;50;53m▄[38;2;18;85;91m[48;2;17;57;60m▄[38;2;13;92;98m[48;2;17;56;58m▄[38;2;6;76;84m[48;2;20;57;60m▄[38;2;6;34;40m[48;2;26;71;73m▄[38;2;9;16;16m[48;2;23;61;67m▄[38;2;5;14;16m[48;2;14;31;36m▄[38;2;5;18;19m[48;2;12;21;27m▄[38;2;12;26;31m[48;2;13;20;29m▄[38;2;13;34;43m[48;2;20;16;31m▄[38;2;17;30;44m[48;2;23;16;32m▄[38;2;16;22;36m[48;2;26;17;36m▄[38;2;15;24;38m[48;2;21;15;30m▄[38;2;17;45;59m[48;2;25;14;30m▄[38;2;43;106;114m[48;2;31;16;35m▄[38;2;90;126;133m[48;2;49;34;54m▄[38;2;114;98;108m[48;2;82;71;90m▄[38;2;111;100;106m[48;2;122;116;124m▄[38;2;110;109;112m[48;2;129;125;126m▄[38;2;111;114;115m[48;2;126;124;123m▄[38;2;108;110;111m[48;2;124;123;123m▄[38;2;103;104;104m[48;2;129;130;129m▄[38;2;103;101;101m[48;2;134;134;131m▄[38;2;107;104;105m[48;2;140;141;137m▄[38;2;111;109;109m[48;2;144;145;142m▄[38;2;114;112;112m[48;2;145;145;143m▄[38;2;117;115;113m[48;2;144;142;143m▄[38;2;115;112;109m[48;2;141;137;137m▄[38;2;118;116;112m[48;2;143;139;138m▄[38;2;121;120;115m[48;2;149;147;146m▄[38;2;125;123;118m[48;2;152;151;148m▄[38;2;127;123;118m[48;2;159;159;156m▄[38;2;129;126;119m[48;2;156;155;152m▄[38;2;132;129;122m[48;2;157;156;153m▄[38;2;132;130;122m[48;2;161;161;158m▄[38;2;136;132;126m[48;2;166;165;160m▄[38;2;135;131;125m[48;2;164;163;155m▄[38;2;134;130;123m[48;2;160;157;150m▄[38;2;136;133;128m[48;2;163;158;150m▄[38;2;141;138;132m[48;2;168;162;156m▄[38;2;109;105;94m[48;2;150;140;128m▄[38;2;131;128;122m[48;2;156;150;140m▄[38;2;143;139;131m[48;2;167;165;153m▄[38;2;138;134;126m[48;2;166;162;154m▄[38;2;138;134;126m[48;2;160;159;150m▄[38;2;141;133;125m[48;2;158;156;146m▄[38;2;144;135;126m[48;2;158;156;145m▄[38;2;172;165;150m[48;2;190;183;170m▄[38;2;191;184;165m[48;2;206;194;177m▄[38;2;161;155;141m[48;2;169;160;147m▄[38;2;137;133;121m[48;2;146;144;132m▄[38;2;141;138;126m[48;2;154;150;138m▄[38;2;142;138;127m[48;2;154;150;141m▄[38;2;141;136;129m[48;2;153;146;138m▄[38;2;158;150;143m[48;2;182;169;162m▄[0m
[38;2;15;80;99m[48;2;20;90;123m▄[38;2;7;76;104m[48;2;26;145;187m▄[38;2;7;76;99m[48;2;14;125;149m▄[38;2;5;76;89m[48;2;10;70;75m▄[38;2;24;82;88m[48;2;12;68;73m▄[38;2;21;70;70m[48;2;11;81;88m▄[38;2;54;85;81m[48;2;15;82;88m▄[38;2;143;138;130m[48;2;30;99;107m▄[38;2;195;175;168m[48;2;43;111;122m▄[38;2;214;195;189m[48;2;53;107;117m▄[38;2;221;206;201m[48;2;68;93;93m▄[38;2;214;200;196m[48;2;64;74;69m▄[38;2;189;179;177m[48;2;25;33;33m▄[38;2;171;163;160m[48;2;2;3;7m▄[38;2;194;184;179m[48;2;25;54;62m▄[38;2;224;202;192m[48;2;50;85;93m▄[38;2;232;213;194m[48;2;60;101;103m▄[38;2;247;221;195m[48;2;83;128;123m▄[38;2;226;209;184m[48;2;147;178;169m▄[38;2;118;181;173m[48;2;140;190;181m▄[38;2;118;146;155m[48;2;104;149;156m▄[38;2;143;143;152m[48;2;146;125;140m▄[38;2;139;146;153m[48;2;147;116;130m▄[38;2;140;140;148m[48;2;147;113;125m▄[38;2;146;135;142m[48;2;149;120;127m▄[38;2;147;125;133m[48;2;147;125;132m▄[38;2;146;119;126m[48;2;141;135;138m▄[38;2;151;118;124m[48;2;132;134;137m▄[38;2;153;124;128m[48;2;133;139;140m▄[38;2;151;132;135m[48;2;133;139;141m▄[38;2;150;142;144m[48;2;134;140;141m▄[38;2;147;149;150m[48;2;134;138;139m▄[38;2;141;150;150m[48;2;135;137;138m▄[38;2;143;152;153m[48;2;137;138;138m▄[38;2;137;145;145m[48;2;134;134;135m▄[38;2;143;148;149m[48;2;136;137;137m▄[38;2;152;154;155m[48;2;143;142;143m▄[38;2;148;148;149m[48;2;143;142;140m▄[38;2;152;152;153m[48;2;138;137;135m▄[38;2;151;151;152m[48;2;136;134;132m▄[38;2;150;151;151m[48;2;137;136;132m▄[38;2;152;153;152m[48;2;141;137;133m▄[38;2;151;151;150m[48;2;137;135;130m▄[38;2;157;158;156m[48;2;136;134;131m▄[38;2;139;136;133m[48;2;131;128;124m▄[38;2;103;97;89m[48;2;108;102;93m▄[38;2;153;153;152m[48;2;133;131;127m▄[38;2;148;149;148m[48;2;136;131;126m▄[38;2;142;144;144m[48;2;131;126;121m▄[38;2;145;146;147m[48;2;127;123;116m▄[38;2;145;147;147m[48;2;126;121;115m▄[38;2;147;150;151m[48;2;129;122;116m▄[38;2;174;172;163m[48;2;157;151;135m▄[38;2;192;179;158m[48;2;180;174;151m▄[38;2;171;153;136m[48;2;157;151;134m▄[38;2;148;142;140m[48;2;117;111;103m▄[38;2;138;137;136m[48;2;113;107;99m▄[38;2;134;132;130m[48;2;111;105;95m▄[38;2;142;139;136m[48;2;107;102;94m▄[38;2;157;153;151m[48;2;119;112;104m▄[0m
[38;2;31;60;73m[48;2;18;82;91m▄[38;2;62;101;119m[48;2;0;71;84m▄[38;2;117;149;162m[48;2;3;54;64m▄[38;2;145;159;169m[48;2;41;82;96m▄[38;2;129;142;148m[48;2;85;112;124m▄[38;2;123;135;141m[48;2;97;120;125m▄[38;2;108;124;127m[48;2;97;115;116m▄[38;2;97;118;114m[48;2;96;112;106m▄[38;2;84;106;100m[48;2;105;112;104m▄[38;2;97;106;98m[48;2;118;114;105m▄[38;2;65;73;66m[48;2;139;128;119m▄[38;2;133;134;130m[48;2;197;175;166m▄[38;2;192;176;182m[48;2;226;200;197m▄[38;2;213;196;202m[48;2;239;217;215m▄[38;2;227;209;216m[48;2;239;218;214m▄[38;2;161;138;161m[48;2;255;234;224m▄[38;2;146;110;159m[48;2;255;238;222m▄[38;2;142;101;160m[48;2;255;240;220m▄[38;2;151;100;158m[48;2;154;187;174m▄[38;2;98;150;169m[48;2;48;168;163m▄[38;2;97;200;195m[48;2;114;158;163m▄[38;2;136;144;151m[48;2;140;135;145m▄[38;2;136;135;144m[48;2;137;140;149m▄[38;2;137;140;149m[48;2;138;141;150m▄[38;2;140;143;152m[48;2;141;145;155m▄[38;2;143;146;154m[48;2;142;150;158m▄[38;2;140;144;148m[48;2;141;149;151m▄[38;2;138;143;146m[48;2;138;143;142m▄[38;2;140;147;150m[48;2;143;136;137m▄[38;2;143;153;156m[48;2;149;130;134m▄[38;2;140;150;151m[48;2;153;126;130m▄[38;2;141;146;147m[48;2;155;124;129m▄[38;2;143;141;141m[48;2;151;126;129m▄[38;2;150;138;141m[48;2;153;135;137m▄[38;2;148;127;130m[48;2;146;139;140m▄[38;2;147;124;128m[48;2;144;145;146m▄[38;2;149;130;134m[48;2;142;149;150m▄[38;2;147;134;136m[48;2;141;149;149m▄[38;2;145;138;140m[48;2;142;150;149m▄[38;2;143;141;143m[48;2;143;148;147m▄[38;2;143;145;146m[48;2;144;144;144m▄[38;2;143;144;144m[48;2;144;144;144m▄[38;2;131;124;118m[48;2;143;142;141m▄[38;2;120;104;95m[48;2;153;154;153m▄[38;2;100;81;69m[48;2;122;119;117m▄[38;2;102;81;67m[48;2;104;102;98m▄[38;2;154;127;110m[48;2;152;154;156m▄[38;2;168;135;115m[48;2;144;143;141m▄[38;2;162;123;97m[48;2;148;141;136m▄[38;2;172;123;91m[48;2;149;141;135m▄[38;2;179;129;99m[48;2;152;142;137m▄[38;2;175;129;101m[48;2;152;139;131m▄[38;2;147;111;86m[48;2;146;124;106m▄[38;2;144;111;85m[48;2;151;121;94m▄[38;2;160;147;133m[48;2;149;120;97m▄[38;2;147;146;145m[48;2;146;141;138m▄[38;2;126;125;125m[48;2;134;134;132m▄[38;2;124;123;122m[48;2;133;133;131m▄[38;2;129;129;127m[48;2;137;131;130m▄[38;2;141;139;138m[48;2;151;144;142m▄[0m
[38;2;112;200;67m[48;2;82;148;73m▄[38;2;115;207;74m[48;2;103;149;119m▄[38;2;101;167;83m[48;2;121;136;153m▄[38;2;116;161;118m[48;2;137;147;168m▄[38;2;137;167;144m[48;2;151;156;174m▄[38;2;136;158;143m[48;2;148;151;166m▄[38;2;121;135;141m[48;2;131;137;147m▄[38;2;97;126;146m[48;2;123;129;133m▄[38;2;76;117;132m[48;2;109;114;116m▄[38;2;71;110;119m[48;2;112;117;115m▄[38;2;59;102;106m[48;2;101;117;101m▄[38;2;44;95;91m[48;2;73;105;74m▄[38;2;39;96;90m[48;2;117;131;118m▄[38;2;29;90;89m[48;2;141;137;136m▄[38;2;15;74;77m[48;2;141;131;134m▄[38;2;22;65;67m[48;2;29;25;40m▄[38;2;6;37;41m[48;2;8;8;32m▄[38;2;3;53;55m[48;2;19;14;49m▄[38;2;23;99;70m[48;2;19;30;73m▄[38;2;61;143;62m[48;2;28;113;136m▄[38;2;87;167;63m[48;2;62;192;192m▄[38;2;104;192;99m[48;2;109;177;190m▄[38;2;130;187;96m[48;2;134;133;152m▄[38;2;138;182;110m[48;2;133;130;149m▄[38;2;139;166;137m[48;2;134;134;150m▄[38;2;136;145;149m[48;2;138;140;152m▄[38;2;140;149;151m[48;2;137;140;150m▄[38;2;140;149;150m[48;2;139;141;152m▄[38;2;135;137;153m[48;2;141;143;150m▄[38;2;133;134;150m[48;2;140;145;149m▄[38;2;140;150;147m[48;2;137;142;149m▄[38;2;139;151;146m[48;2;136;140;148m▄[38;2;133;142;146m[48;2;136;141;149m▄[38;2;131;136;149m[48;2;140;147;154m▄[38;2;128;135;143m[48;2;131;140;147m▄[38;2;128;135;143m[48;2;136;142;149m▄[38;2;129;133;142m[48;2;137;138;145m▄[38;2;126;132;141m[48;2;137;132;136m▄[38;2;124;131;141m[48;2;139;125;132m▄[38;2;126;133;140m[48;2;143;121;127m▄[38;2;124;128;131m[48;2;124;117;117m▄[38;2;123;128;131m[48;2;130;133;135m▄[38;2;121;122;126m[48;2;135;138;139m▄[38;2;106;98;97m[48;2;126;125;123m▄[38;2;130;106;87m[48;2;96;74;58m▄[38;2;131;101;77m[48;2;87;60;42m▄[38;2;128;99;79m[48;2;125;96;73m▄[38;2;115;87;69m[48;2;132;103;83m▄[38;2;116;90;74m[48;2;92;74;63m▄[38;2;123;102;88m[48;2;113;87;71m▄[38;2;115;105;103m[48;2;175;137;117m▄[38;2;44;44;48m[48;2;146;116;99m▄[38;2;85;75;64m[48;2;145;114;91m▄[38;2;165;130;101m[48;2;174;134;99m▄[38;2;138;126;115m[48;2;149;137;127m▄[38;2;139;137;135m[48;2;141;142;141m▄[38;2;125;120;119m[48;2;123;121;122m▄[38;2;118;116;116m[48;2;119;117;118m▄[38;2;118;115;115m[48;2;123;122;122m▄[38;2;114;104;101m[48;2;133;129;127m▄[0m
[38;2;125;196;50m[48;2;121;204;78m▄[38;2;119;196;33m[48;2;111;201;54m▄[38;2;121;194;40m[48;2;99;178;34m▄[38;2;136;204;56m[48;2;123;199;51m▄[38;2;144;212;68m[48;2;136;206;64m▄[38;2;146;214;66m[48;2;116;165;67m▄[38;2;67;124;63m[48;2;89;112;69m▄[38;2;9;83;97m[48;2;24;54;74m▄[38;2;8;107;139m[48;2;0;81;113m▄[38;2;9;125;159m[48;2;0;93;122m▄[38;2;8;128;159m[48;2;0;84;111m▄[38;2;9;123;155m[48;2;1;82;102m▄[38;2;8;107;132m[48;2;3;83;96m▄[38;2;13;123;140m[48;2;3;89;99m▄[38;2;38;168;174m[48;2;2;107;113m▄[38;2;26;160;166m[48;2;12;131;135m▄[38;2;34;172;174m[48;2;34;122;120m▄[38;2;26;97;85m[48;2;17;57;35m▄[38;2;20;49;20m[48;2;43;85;23m▄[38;2;43;89;42m[48;2;73;124;36m▄[38;2;46;92;42m[48;2;91;144;47m▄[38;2;59;108;52m[48;2;98;156;45m▄[38;2;73;126;54m[48;2;100;167;44m▄[38;2;136;190;73m[48;2;120;193;56m▄[38;2;134;181;66m[48;2;135;211;69m▄[38;2;84;96;63m[48;2;146;205;90m▄[38;2;52;24;91m[48;2;123;158;95m▄[38;2;89;54;130m[48;2;130;168;96m▄[38;2;103;141;69m[48;2;147;196;103m▄[38;2;143;221;57m[48;2;151;180;127m▄[38;2;116;135;100m[48;2;127;128;137m▄[38;2;102;83;133m[48;2;122;115;141m▄[38;2;138;139;133m[48;2;142;153;135m▄[38;2;157;182;124m[48;2;145;164;134m▄[38;2;125;138;131m[48;2;116;120;135m▄[38;2;116;122;132m[48;2;125;132;140m▄[38;2;116;124;132m[48;2;125;131;139m▄[38;2;117;121;130m[48;2;122;127;136m▄[38;2;113;118;128m[48;2;120;124;134m▄[38;2;112;119;126m[48;2;119;124;132m▄[38;2;126;121;120m[48;2;116;122;127m▄[38;2;144;119;101m[48;2;123;127;126m▄[38;2;147;117;93m[48;2;124;97;95m▄[38;2;144;116;89m[48;2;125;94;76m▄[38;2;109;79;57m[48;2;116;92;72m▄[38;2;86;58;42m[48;2;98;77;58m▄[38;2;71;49;36m[48;2;92;70;54m▄[38;2;71;49;36m[48;2;95;71;56m▄[38;2;85;60;44m[48;2;94;69;54m▄[38;2;85;59;41m[48;2;83;60;45m▄[38;2;89;61;40m[48;2;77;56;41m▄[38;2;96;65;43m[48;2;91;66;50m▄[38;2;98;68;48m[48;2;126;95;73m▄[38;2;106;96;92m[48;2;132;112;99m▄[38;2;113;104;105m[48;2;132;125;123m▄[38;2;113;104;104m[48;2;132;122;123m▄[38;2;110;102;103m[48;2;125;115;117m▄[38;2;105;97;97m[48;2;120;112;112m▄[38;2;114;103;105m[48;2;119;111;112m▄[38;2;160;132;136m[48;2;107;95;91m▄[0m
[38;2;142;191;78m[48;2;138;210;56m▄[38;2;167;237;76m[48;2;138;211;54m▄[38;2;155;222;69m[48;2;123;192;52m▄[38;2;137;192;60m[48;2;149;220;66m▄[38;2;120;166;55m[48;2;143;203;68m▄[38;2;66;78;55m[48;2;124;156;77m▄[38;2;44;46;58m[48;2;103;162;100m▄[38;2;23;93;105m[48;2;16;134;155m▄[38;2;20;131;155m[48;2;13;144;174m▄[38;2;23;143;168m[48;2;17;147;176m▄[38;2;23;158;184m[48;2;15;159;188m▄[38;2;14;156;180m[48;2;13;166;195m▄[38;2;21;156;177m[48;2;10;150;178m▄[38;2;30;161;178m[48;2;10;139;159m▄[38;2;35;165;177m[48;2;39;179;188m▄[38;2;54;168;177m[48;2;35;177;188m▄[38;2;59;143;135m[48;2;14;158;172m▄[38;2;97;131;99m[48;2;60;155;154m▄[38;2;68;68;65m[48;2;54;77;60m▄[38;2;50;49;54m[48;2;45;74;37m▄[38;2;47;52;48m[48;2;36;68;30m▄[38;2;44;56;44m[48;2;42;80;39m▄[38;2;78;107;60m[48;2;98;143;71m▄[38;2;54;82;37m[48;2;108;150;64m▄[38;2;62;99;39m[48;2;85;102;59m▄[38;2;106;160;55m[48;2;57;64;60m▄[38;2;114;165;59m[48;2;92;111;84m▄[38;2;105;161;51m[48;2;108;120;98m▄[38;2;108;157;63m[48;2;109;142;79m▄[38;2;81;73;104m[48;2;114;152;76m▄[38;2;93;73;130m[48;2;103;112;93m▄[38;2;113;109;129m[48;2;67;52;92m▄[38;2;159;216;102m[48;2;84;68;115m▄[38;2;159;207;98m[48;2;133;160;109m▄[38;2;92;96;90m[48;2;149;186;103m▄[38;2;94;96;110m[48;2;105;106;121m▄[38;2;107;112;121m[48;2;111;116;126m▄[38;2;122;115;113m[48;2;109;115;126m▄[38;2;134;119;106m[48;2;115;118;121m▄[38;2;141;121;104m[48;2;149;134;123m▄[38;2;143;117;98m[48;2;151;127;109m▄[38;2;151;123;104m[48;2;146;120;101m▄[38;2;149;120;99m[48;2;142;114;92m▄[38;2;137;105;81m[48;2;143;113;87m▄[38;2;119;87;64m[48;2;122;91;68m▄[38;2;103;72;51m[48;2;90;60;43m▄[38;2;105;74;51m[48;2;87;56;39m▄[38;2;107;75;50m[48;2;100;67;47m▄[38;2;101;66;43m[48;2;104;71;47m▄[38;2;102;67;43m[48;2;92;61;40m▄[38;2;112;76;52m[48;2;95;62;41m▄[38;2;119;82;57m[48;2;105;70;47m▄[38;2;101;69;51m[48;2;100;68;46m▄[38;2;59;40;37m[48;2;80;68;61m▄[38;2;76;51;46m[48;2;80;72;72m▄[38;2;89;60;56m[48;2;107;88;90m▄[38;2;103;72;69m[48;2;130;106;110m▄[38;2;93;65;62m[48;2;143;116;120m▄[38;2;78;51;47m[48;2;149;115;121m▄[38;2;80;52;48m[48;2;160;124;124m▄[0m
[38;2;43;78;65m[48;2;73;84;65m▄[38;2;20;45;57m[48;2;89;95;76m▄[38;2;26;44;59m[48;2;137;175;79m▄[38;2;31;72;72m[48;2;85;134;87m▄[38;2;34;71;63m[48;2;16;63;69m▄[38;2;30;51;35m[48;2;12;51;50m▄[38;2;26;35;16m[48;2;4;17;20m▄[38;2;11;18;7m[48;2;11;36;41m▄[38;2;15;24;14m[48;2;23;71;79m▄[38;2;26;38;24m[48;2;25;92;104m▄[38;2;40;55;38m[48;2;27;108;122m▄[38;2;45;63;44m[48;2;27;113;124m▄[38;2;57;74;50m[48;2;30;111;119m▄[38;2;69;83;51m[48;2;34;118;122m▄[38;2;74;84;44m[48;2;56;135;130m▄[38;2;86;98;42m[48;2;75;128;107m▄[38;2;88;110;39m[48;2;92;110;56m▄[38;2;115;140;56m[48;2;79;84;55m▄[38;2;74;77;60m[48;2;39;36;48m▄[38;2;44;41;49m[48;2;43;42;48m▄[38;2;47;46;50m[48;2;48;45;56m▄[38;2;43;44;46m[48;2;48;45;58m▄[38;2;44;43;47m[48;2;52;53;59m▄[38;2;48;45;53m[48;2;51;57;52m▄[38;2;38;34;48m[48;2;50;63;47m▄[38;2;53;63;51m[48;2;92;121;69m▄[38;2;80;95;63m[48;2;44;36;60m▄[38;2;78;90;65m[48;2;54;30;87m▄[38;2;86;106;69m[48;2;90;121;74m▄[38;2;41;48;50m[48;2;98;142;58m▄[38;2;32;34;44m[48;2;102;134;71m▄[38;2;38;39;47m[48;2;117;157;72m▄[38;2;34;32;50m[48;2;115;145;69m▄[38;2;34;34;48m[48;2;82;84;79m▄[38;2;49;53;58m[48;2;89;93;108m▄[38;2;114;97;86m[48;2;111;110;110m▄[38;2;131;108;92m[48;2;126;111;99m▄[38;2;111;97;90m[48;2;108;89;72m▄[38;2;76;63;56m[48;2;101;84;71m▄[38;2;67;44;31m[48;2;108;89;75m▄[38;2;85;54;38m[48;2;99;74;59m▄[38;2;79;51;35m[48;2;107;78;63m▄[38;2;76;51;36m[48;2;124;93;73m▄[38;2;88;60;46m[48;2;121;88;66m▄[38;2;88;60;46m[48;2;98;69;51m▄[38;2;95;66;50m[48;2;90;61;44m▄[38;2;82;54;41m[48;2;109;79;60m▄[38;2;106;76;61m[48;2;125;93;73m▄[38;2;88;62;47m[48;2;110;77;57m▄[38;2;80;54;41m[48;2;107;76;56m▄[38;2;90;61;44m[48;2;111;78;55m▄[38;2;65;44;32m[48;2;120;85;60m▄[38;2;27;20;17m[48;2;82;56;42m▄[38;2;27;24;22m[48;2;54;32;30m▄[38;2;61;43;40m[48;2;72;41;38m▄[38;2;70;51;47m[48;2;68;38;33m▄[38;2;51;43;39m[48;2;65;38;33m▄[38;2;52;51;43m[48;2;48;32;25m▄[38;2;51;46;41m[48;2;44;32;29m▄[38;2;37;31;29m[48;2;32;26;24m▄[0m
[38;2;110;136;54m[48;2;67;86;56m▄[38;2;119;148;50m[48;2;60;82;42m▄[38;2;105;135;42m[48;2;51;70;28m▄[38;2;75;101;30m[48;2;54;71;21m▄[38;2;87;111;37m[48;2;54;77;18m▄[38;2;75;101;32m[48;2;46;68;14m▄[38;2;35;43;27m[48;2;33;52;15m▄[38;2;22;26;21m[48;2;46;68;21m▄[38;2;26;38;16m[48;2;28;44;14m▄[38;2;81;97;41m[48;2;41;56;18m▄[38;2;115;136;55m[48;2;50;67;19m▄[38;2;81;94;40m[48;2;70;88;26m▄[38;2;40;51;25m[48;2;81;100;31m▄[38;2;59;80;31m[48;2;71;90;27m▄[38;2;63;84;35m[48;2;75;102;26m▄[38;2;65;80;39m[48;2;92;131;34m▄[38;2;76;89;51m[48;2;115;149;52m▄[38;2;25;21;32m[48;2;95;125;42m▄[38;2;38;35;28m[48;2;108;124;61m▄[38;2;37;28;27m[48;2;37;34;35m▄[38;2;36;28;28m[48;2;31;29;32m▄[38;2;37;30;31m[48;2;33;32;33m▄[38;2;39;34;34m[48;2;32;31;32m▄[38;2;37;35;36m[48;2;35;35;37m▄[38;2;36;35;36m[48;2;34;34;37m▄[38;2;39;38;38m[48;2;29;27;34m▄[38;2;43;42;44m[48;2;36;36;40m▄[38;2;44;39;40m[48;2;42;43;43m▄[38;2;43;30;25m[48;2;45;34;43m▄[38;2;52;30;17m[48;2;65;50;48m▄[38;2;60;38;22m[48;2;84;65;57m▄[38;2;56;38;25m[48;2;83;66;60m▄[38;2;52;37;27m[48;2;70;60;54m▄[38;2;42;32;25m[48;2;58;54;52m▄[38;2;65;52;43m[48;2;56;50;47m▄[38;2;38;26;19m[48;2;77;61;51m▄[38;2;19;10;8m[48;2;72;55;46m▄[38;2;40;26;19m[48;2;66;53;49m▄[38;2;96;68;51m[48;2;73;57;48m▄[38;2;95;66;49m[48;2;94;66;48m▄[38;2;33;25;21m[48;2;86;59;41m▄[38;2;28;22;19m[48;2;43;27;20m▄[38;2;26;17;14m[48;2;46;29;21m▄[38;2;26;15;10m[48;2;55;36;25m▄[38;2;34;20;14m[48;2;55;36;25m▄[38;2;38;23;17m[48;2;63;41;29m▄[38;2;21;14;8m[48;2;68;43;30m▄[38;2;37;24;16m[48;2;59;37;26m▄[38;2;77;49;35m[48;2;63;41;28m▄[38;2;53;35;25m[48;2;67;43;28m▄[38;2;20;19;16m[48;2;48;29;22m▄[38;2;24;24;20m[48;2;20;16;14m▄[38;2;29;28;24m[48;2;23;22;19m▄[38;2;37;33;30m[48;2;30;30;25m▄[38;2;43;42;38m[48;2;34;36;30m▄[38;2;51;49;44m[48;2;43;42;37m▄[38;2;53;49;45m[48;2;52;50;45m▄[38;2;65;59;54m[48;2;60;55;51m▄[38;2;57;53;48m[48;2;58;52;49m▄[38;2;46;43;38m[48;2;43;39;35m▄[0m
[38;2;69;73;50m[48;2;127;150;71m▄[38;2;34;33;33m[48;2;116;133;64m▄[38;2;15;10;24m[48;2;44;48;36m▄[38;2;25;20;24m[48;2;10;8;22m▄[38;2;25;20;19m[48;2;20;19;19m▄[38;2;27;22;23m[48;2;26;22;29m▄[38;2;31;24;22m[48;2;17;5;30m▄[38;2;32;24;21m[48;2;7;2;16m▄[38;2;33;24;22m[48;2;16;14;13m▄[38;2;30;22;21m[48;2;44;47;26m▄[38;2;18;14;13m[48;2;72;76;38m▄[38;2;24;17;17m[48;2;19;10;18m▄[38;2;28;16;25m[48;2;9;0;24m▄[38;2;29;15;22m[48;2;12;1;22m▄[38;2;33;17;25m[48;2;9;0;22m▄[38;2;40;21;24m[48;2;7;0;18m▄[38;2;41;24;23m[48;2;8;0;17m▄[38;2;35;28;23m[48;2;26;16;27m▄[38;2;35;33;26m[48;2;35;26;24m▄[38;2;37;34;29m[48;2;38;30;26m▄[38;2;35;29;26m[48;2;40;34;30m▄[38;2;39;29;26m[48;2;45;39;35m▄[38;2;57;46;42m[48;2;48;41;38m▄[38;2;57;46;45m[48;2;50;42;40m▄[38;2;47;38;36m[48;2;51;42;41m▄[38;2;52;44;39m[48;2;51;42;40m▄[38;2;50;41;38m[48;2;51;43;41m▄[38;2;50;39;38m[48;2;50;43;44m▄[38;2;48;39;39m[48;2;42;37;40m▄[38;2;42;35;36m[48;2;35;30;31m▄[38;2;48;39;40m[48;2;33;27;27m▄[38;2;51;42;43m[48;2;27;23;23m▄[38;2;51;41;43m[48;2;18;17;19m▄[38;2;51;43;44m[48;2;26;26;27m▄[38;2;59;52;48m[48;2;119;101;87m▄[38;2;31;27;28m[48;2;67;53;46m▄[38;2;42;38;39m[48;2;4;3;4m▄[38;2;156;127;104m[48;2;94;70;55m▄[38;2;133;99;76m[48;2;116;82;60m▄[38;2;30;23;22m[48;2;29;18;13m▄[38;2;14;14;13m[48;2;20;14;14m▄[38;2;14;12;11m[48;2;25;19;16m▄[38;2;15;13;13m[48;2;33;25;19m▄[38;2;22;19;19m[48;2;35;26;22m▄[38;2;3;4;4m[48;2;18;12;10m▄[38;2;45;35;29m[48;2;0;0;0m▄[38;2;135;99;76m[48;2;32;23;19m▄[38;2;89;63;48m[48;2;94;65;44m▄[38;2;0;0;0m[48;2;46;31;21m▄[38;2;5;6;4m[48;2;8;7;7m▄[38;2;7;7;5m[48;2;15;12;11m▄[38;2;10;8;7m[48;2;20;18;16m▄[38;2;16;14;12m[48;2;27;25;22m▄[38;2;23;16;16m[48;2;39;32;30m▄[38;2;32;23;23m[48;2;48;39;37m▄[38;2;39;31;30m[48;2;51;46;43m▄[38;2;49;42;40m[48;2;53;50;45m▄[38;2;60;52;50m[48;2;58;54;49m▄[38;2;53;42;42m[48;2;53;45;43m▄[38;2;47;38;37m[48;2;50;43;40m▄[0m
[38;2;81;72;72m[48;2;65;60;61m▄[38;2;86;74;73m[48;2;64;60;56m▄[38;2;74;62;62m[48;2;59;55;49m▄[38;2;67;55;55m[48;2;55;48;44m▄[38;2;61;51;49m[48;2;50;42;39m▄[38;2;58;47;46m[48;2;47;40;36m▄[38;2;54;45;43m[48;2;42;33;30m▄[38;2;48;41;38m[48;2;40;31;28m▄[38;2;57;47;43m[48;2;37;30;27m▄[38;2;60;49;44m[48;2;34;30;26m▄[38;2;62;50;42m[48;2;30;28;23m▄[38;2;64;50;45m[48;2;33;27;24m▄[38;2;64;50;44m[48;2;34;26;23m▄[38;2;55;44;39m[48;2;32;23;21m▄[38;2;42;35;33m[48;2;35;25;23m▄[38;2;43;37;33m[48;2;38;25;24m▄[38;2;47;38;35m[48;2;52;31;30m▄[38;2;51;36;36m[48;2;49;29;28m▄[38;2;52;36;36m[48;2;35;25;24m▄[38;2;46;34;34m[48;2;32;25;23m▄[38;2;40;31;31m[48;2;33;23;22m▄[38;2;36;30;28m[48;2;34;24;23m▄[38;2;41;31;30m[48;2;39;29;28m▄[38;2;44;34;34m[48;2;41;32;30m▄[38;2;48;36;36m[48;2;38;28;26m▄[38;2;58;44;43m[48;2;41;33;31m▄[38;2;62;47;42m[48;2;43;33;31m▄[38;2;51;39;37m[48;2;43;33;33m▄[38;2;49;38;37m[48;2;46;35;35m▄[38;2;59;45;45m[48;2;44;34;34m▄[38;2;65;50;50m[48;2;40;33;33m▄[38;2;66;52;51m[48;2;44;36;36m▄[38;2;61;49;48m[48;2;54;43;43m▄[38;2;61;50;49m[48;2;54;44;45m▄[38;2;63;50;51m[48;2;48;41;43m▄[38;2;53;45;46m[48;2;48;42;43m▄[38;2;41;39;39m[48;2;53;48;49m▄[38;2;36;34;36m[48;2;66;59;54m▄[38;2;32;32;35m[48;2;80;67;58m▄[38;2;37;36;37m[48;2;50;41;41m▄[38;2;39;37;38m[48;2;27;25;26m▄[38;2;38;35;37m[48;2;27;26;25m▄[38;2;38;35;36m[48;2;26;25;25m▄[38;2;34;31;32m[48;2;15;15;16m▄[38;2;41;36;37m[48;2;39;37;36m▄[38;2;56;46;46m[48;2;116;90;76m▄[38;2;49;39;37m[48;2;128;94;74m▄[38;2;38;29;28m[48;2;54;43;37m▄[38;2;38;30;29m[48;2;8;9;10m▄[38;2;33;27;25m[48;2;18;18;15m▄[38;2;32;26;25m[48;2;21;16;15m▄[38;2;31;25;24m[48;2;22;14;15m▄[38;2;30;24;23m[48;2;20;14;14m▄[38;2;30;25;26m[48;2;17;10;11m▄[38;2;35;26;26m[48;2;14;9;9m▄[38;2;38;29;29m[48;2;16;13;12m▄[38;2;39;28;29m[48;2;26;18;18m▄[38;2;38;27;28m[48;2;32;22;23m▄[38;2;38;27;29m[48;2;29;19;20m▄[38;2;40;29;30m[48;2;26;17;18m▄[0m
