[38;2;168;169;173m[48;2;169;187;198m▄[38;2;233;197;204m[48;2;167;79;114m▄[38;2;218;167;179m[48;2;194;146;157m▄[38;2;191;99;127m[48;2;230;216;216m▄[38;2;191;49;96m[48;2;192;144;157m▄[38;2;178;71;105m[48;2;148;87;108m▄[38;2;224;195;198m[48;2;213;178;184m▄[38;2;186;49;95m[48;2;157;43;81m▄[38;2;195;36;90m[48;2;156;58;89m▄[38;2;159;56;94m[48;2;207;150;163m▄[38;2;150;112;126m[48;2;209;169;175m▄[38;2;136;101;117m[48;2;163;60;93m▄[38;2;127;69;95m[48;2;178;26;78m▄[38;2;138;68;98m[48;2;190;32;87m▄[38;2;147;52;90m[48;2;199;36;95m▄[38;2;169;90;117m[48;2;194;39;93m▄[38;2;227;181;190m[48;2;176;78;108m▄[38;2;226;164;179m[48;2;192;156;161m▄[38;2;203;129;148m[48;2;235;216;213m▄[38;2;210;178;184m[48;2;197;194;199m▄[38;2;226;237;242m[48;2;234;253;254m▄[38;2;248;255;255m[48;2;228;247;254m▄[38;2;243;255;255m[48;2;228;245;254m▄[38;2;243;255;255m[48;2;226;245;254m▄[38;2;244;255;255m[48;2;226;241;251m▄[38;2;232;255;255m[48;2;178;216;224m▄[38;2;166;229;236m[48;2;135;207;211m▄[38;2;129;219;225m[48;2;129;209;215m▄[38;2;126;216;225m[48;2;119;199;205m▄[38;2;120;212;220m[48;2;121;201;207m▄[38;2;139;201;203m[48;2;144;194;196m▄[38;2;26;31;23m[48;2;22;28;20m▄[38;2;8;15;8m[48;2;7;13;9m▄[38;2;10;20;13m[48;2;3;11;11m▄[38;2;21;26;20m[48;2;74;58;43m▄[38;2;49;44;31m[48;2;161;114;79m▄[38;2;88;69;47m[48;2;159;110;74m▄[38;2;124;90;62m[48;2;142;97;66m▄[38;2;129;93;65m[48;2;127;89;58m▄[38;2;92;67;50m[48;2;121;87;57m▄[38;2;52;41;31m[48;2;135;98;66m▄[38;2;28;23;19m[48;2;119;89;60m▄[38;2;8;8;9m[48;2;41;30;22m▄[38;2;33;27;21m[48;2;110;79;55m▄[38;2;80;59;41m[48;2;148;104;68m▄[38;2;91;67;47m[48;2;144;100;64m▄[38;2;73;54;40m[48;2;138;97;62m▄[38;2;56;42;31m[48;2;133;95;64m▄[38;2;39;31;23m[48;2;140;104;70m▄[38;2;12;10;10m[48;2;66;49;38m▄[38;2;45;31;32m[48;2;0;0;0m▄[38;2;88;61;59m[48;2;32;26;15m▄[38;2;74;52;46m[48;2;91;68;43m▄[38;2;62;44;39m[48;2;110;81;53m▄[38;2;32;23;24m[48;2;74;57;39m▄[38;2;11;8;12m[48;2;11;11;13m▄[38;2;41;29;26m[48;2;0;0;0m▄[38;2;174;134;122m[48;2;58;39;24m▄[38;2;210;164;144m[48;2;133;91;58m▄[38;2;132;96;70m[48;2;152;106;68m▄[0m
[38;2;114;39;65m[48;2;148;118;129m▄[38;2;187;28;83m[48;2;187;96;124m▄[38;2;186;37;88m[48;2;168;28;76m▄[38;2;180;34;84m[48;2;179;27;79m▄[38;2;183;29;82m[48;2;187;34;85m▄[38;2;166;29;74m[48;2;164;52;87m▄[38;2;160;124;133m[48;2;213;183;187m▄[38;2;102;88;99m[48;2;146;60;91m▄[38;2;106;89;103m[48;2;116;62;87m▄[38;2;109;86;102m[48;2;106;85;101m▄[38;2;103;80;96m[48;2;104;82;99m▄[38;2;134;94;114m[48;2;101;82;98m▄[38;2;169;113;138m[48;2;96;83;96m▄[38;2;164;110;134m[48;2;97;84;97m▄[38;2;134;94;113m[48;2;99;87;100m▄[38;2;115;85;103m[48;2;104;93;104m▄[38;2;100;84;99m[48;2;115;84;100m▄[38;2;105;63;83m[48;2;157;34;77m▄[38;2;160;87;109m[48;2;165;26;73m▄[38;2;225;191;196m[48;2;213;175;181m▄[38;2;129;57;82m[48;2;168;158;161m▄[38;2;182;198;209m[48;2;210;229;238m▄[38;2;223;245;255m[48;2;225;244;254m▄[38;2;221;239;250m[48;2;222;240;250m▄[38;2;215;236;247m[48;2;221;240;249m▄[38;2;212;236;246m[48;2;220;240;249m▄[38;2;212;236;247m[48;2;182;224;231m▄[38;2;203;231;242m[48;2;127;202;209m▄[38;2;173;219;229m[48;2;108;195;202m▄[38;2;111;199;207m[48;2;104;197;204m▄[38;2;110;175;178m[48;2;119;181;184m▄[38;2;24;30;25m[48;2;24;31;25m▄[38;2;6;13;9m[48;2;6;15;7m▄[38;2;10;19;14m[48;2;10;20;12m▄[38;2;10;19;14m[48;2;9;19;11m▄[38;2;10;19;14m[48;2;2;15;9m▄[38;2;3;14;9m[48;2;0;12;7m▄[38;2;53;46;33m[48;2;41;38;26m▄[38;2;133;98;66m[48;2;111;80;60m▄[38;2;171;120;89m[48;2;99;73;50m▄[38;2;144;101;82m[48;2;61;43;40m▄[38;2;139;97;78m[48;2;89;61;62m▄[38;2;147;102;87m[48;2;96;68;65m▄[38;2;81;57;51m[48;2;36;26;27m▄[38;2;71;49;46m[48;2;55;40;41m▄[38;2;135;94;89m[48;2;20;16;18m▄[38;2;90;62;60m[48;2;4;5;10m▄[38;2;115;84;80m[48;2;34;25;28m▄[38;2;59;43;39m[48;2;42;32;34m▄[38;2;92;64;58m[48;2;23;16;17m▄[38;2;110;76;68m[48;2;98;66;65m▄[38;2;129;90;72m[48;2;136;89;88m▄[38;2;137;98;75m[48;2;146;95;92m▄[38;2;120;83;61m[48;2;137;89;84m▄[38;2;147;107;79m[48;2;126;85;70m▄[38;2;168;128;106m[48;2;142;101;65m▄[38;2;191;146;131m[48;2;184;135;93m▄[38;2;182;140;125m[48;2;194;151;122m▄[38;2;102;72;65m[48;2;214;176;161m▄[38;2;180;135;124m[48;2;200;157;138m▄[0m
[38;2;125;90;99m[48;2;174;157;157m▄[38;2;225;190;197m[48;2;184;91;121m▄[38;2;192;139;152m[48;2;166;19;68m▄[38;2;197;154;164m[48;2;173;48;88m▄[38;2;193;142;153m[48;2;181;80;111m▄[38;2;193;117;137m[48;2;190;111;133m▄[38;2;122;69;89m[48;2;111;84;96m▄[38;2;93;75;90m[48;2;104;82;99m▄[38;2;98;78;93m[48;2;109;84;101m▄[38;2;113;80;98m[48;2;100;78;93m▄[38;2;210;133;162m[48;2;145;96;118m▄[38;2;140;93;112m[48;2;221;140;172m▄[38;2;98;70;85m[48;2;233;149;182m▄[38;2;58;34;51m[48;2;117;73;93m▄[38;2;64;39;56m[48;2;41;24;32m▄[38;2;151;95;120m[48;2;201;129;157m▄[38;2;151;98;122m[48;2;126;91;109m▄[38;2;104;85;100m[48;2;91;72;87m▄[38;2;104;62;80m[48;2;165;147;151m▄[38;2;177;21;73m[48;2;185;98;122m▄[38;2;165;90;121m[48;2;161;46;89m▄[38;2;211;245;255m[48;2;178;213;222m▄[38;2;163;215;225m[48;2;176;223;232m▄[38;2;129;198;206m[48;2;183;223;231m▄[38;2;197;227;238m[48;2;208;233;244m▄[38;2;207;234;245m[48;2;210;234;246m▄[38;2;203;231;242m[48;2;210;234;246m▄[38;2;188;221;233m[48;2;217;236;249m▄[38;2;132;197;204m[48;2;203;231;242m▄[38;2;81;180;187m[48;2;111;198;205m▄[38;2;102;169;173m[48;2;102;172;175m▄[38;2;34;40;32m[48;2;24;29;23m▄[38;2;18;28;19m[48;2;8;15;10m▄[38;2;14;25;17m[48;2;10;20;15m▄[38;2;8;17;12m[48;2;10;20;16m▄[38;2;9;18;13m[48;2;10;19;16m▄[38;2;11;19;15m[48;2;10;18;14m▄[38;2;6;15;9m[48;2;13;19;13m▄[38;2;30;28;23m[48;2;71;55;47m▄[38;2;90;62;61m[48;2;101;69;70m▄[38;2;102;87;88m[48;2;71;47;46m▄[38;2;48;54;51m[48;2;61;43;38m▄[38;2;33;44;39m[48;2;54;38;26m▄[38;2;99;95;94m[48;2;81;61;44m▄[38;2;44;38;39m[48;2;48;34;26m▄[38;2;106;76;70m[48;2;127;86;81m▄[38;2;215;161;147m[48;2;113;76;73m▄[38;2;188;139;126m[48;2;60;43;41m▄[38;2;113;77;74m[48;2;69;47;41m▄[38;2;65;42;42m[48;2;116;82;62m▄[38;2;110;76;78m[48;2;97;69;51m▄[38;2;152;134;139m[48;2;72;54;37m▄[38;2;136;129;128m[48;2;82;73;65m▄[38;2;38;73;54m[48;2;33;37;35m▄[38;2;43;65;53m[48;2;59;56;57m▄[38;2;170;157;154m[48;2;81;71;75m▄[38;2;143;130;131m[48;2;71;57;58m▄[38;2;100;78;71m[48;2;107;80;76m▄[38;2;239;190;171m[48;2;125;91;86m▄[38;2;255;206;187m[48;2;218;165;151m▄[0m
[38;2;112;30;58m[48;2;135;95;106m▄[38;2;168;32;79m[48;2;219;180;188m▄[38;2;189;152;159m[48;2;204;166;173m▄[38;2;174;80;108m[48;2;161;30;73m▄[38;2;181;21;73m[48;2;175;29;76m▄[38;2;172;48;88m[48;2;178;16;70m▄[38;2;171;132;140m[48;2;164;64;96m▄[38;2;100;87;90m[48;2;93;85;91m▄[38;2;91;77;89m[48;2;38;33;45m▄[38;2;41;33;46m[48;2;83;61;77m▄[38;2;107;70;87m[48;2;223;139;171m▄[38;2;221;146;173m[48;2;128;114;103m▄[38;2;188;132;149m[48;2;89;92;74m▄[38;2;158;113;131m[48;2;80;42;67m▄[38;2;141;94;115m[48;2;89;54;75m▄[38;2;207;144;164m[48;2;68;85;57m▄[38;2;78;55;66m[48;2;145;112;116m▄[38;2;97;79;87m[48;2;91;67;84m▄[38;2;181;141;148m[48;2;159;132;139m▄[38;2;192;155;162m[48;2;172;56;94m▄[38;2;117;140;150m[48;2;147;124;148m▄[38;2;115;174;182m[48;2;206;245;255m▄[38;2;54;134;144m[48;2;138;197;205m▄[38;2;47;123;134m[48;2;97;173;181m▄[38;2;103;155;168m[48;2;176;214;226m▄[38;2;90;144;156m[48;2;193;224;237m▄[38;2;39;108;118m[48;2;132;183;193m▄[38;2;21;102;109m[48;2;75;157;165m▄[38;2;22;108;114m[48;2;58;156;162m▄[38;2;18;103;111m[48;2;58;156;164m▄[38;2;68;113;116m[48;2;110;161;166m▄[38;2;30;35;27m[48;2;38;44;36m▄[38;2;7;15;7m[48;2;16;25;16m▄[38;2;13;19;16m[48;2;14;20;15m▄[38;2;27;32;39m[48;2;18;23;24m▄[38;2;24;28;35m[48;2;14;20;20m▄[38;2;32;35;43m[48;2;9;15;9m▄[38;2;9;16;14m[48;2;1;10;2m▄[38;2;72;54;49m[48;2;67;53;47m▄[38;2;140;97;94m[48;2;116;80;77m▄[38;2;111;77;73m[48;2;128;113;110m▄[38;2;96;69;67m[48;2;83;88;81m▄[38;2;25;19;20m[48;2;27;39;31m▄[38;2;0;0;1m[48;2;76;71;69m▄[38;2;25;18;19m[48;2;41;35;37m▄[38;2;170;131;121m[48;2;157;121;110m▄[38;2;150;116;107m[48;2;254;197;179m▄[38;2;196;153;140m[48;2;232;177;160m▄[38;2;236;185;167m[48;2;215;165;152m▄[38;2;252;200;181m[48;2;122;94;87m▄[38;2;114;94;85m[48;2;50;33;35m▄[38;2;0;0;0m[48;2;114;90;89m▄[38;2;75;52;49m[48;2;102;90;87m▄[38;2;147;110;104m[48;2;35;42;35m▄[38;2;186;146;136m[48;2;41;46;39m▄[38;2;213;169;155m[48;2;102;91;85m▄[38;2;244;196;181m[48;2;102;80;76m▄[38;2;247;198;182m[48;2;182;145;132m▄[38;2;221;175;159m[48;2;186;147;135m▄[38;2;229;179;163m[48;2;248;195;177m▄[0m
[38;2;101;52;71m[48;2;114;46;71m▄[38;2;184;35;87m[48;2;189;32;88m▄[38;2;172;13;68m[48;2;167;52;89m▄[38;2;162;82;106m[48;2;192;159;164m▄[38;2;200;166;171m[48;2;169;47;85m▄[38;2;159;73;101m[48;2;170;73;105m▄[38;2;137;67;95m[48;2;131;118;124m▄[38;2;90;97;74m[48;2;39;34;42m▄[38;2;61;97;50m[48;2;80;70;78m▄[38;2;47;69;44m[48;2;23;19;29m▄[38;2;11;9;17m[48;2;41;37;48m▄[38;2;21;15;21m[48;2;152;99;121m▄[38;2;146;96;118m[48;2;180;130;147m▄[38;2;89;59;76m[48;2;180;146;155m▄[38;2;76;53;65m[48;2;182;130;152m▄[38;2;35;55;31m[48;2;102;66;86m▄[38;2;78;119;73m[48;2;10;9;16m▄[38;2;113;85;78m[48;2;100;84;95m▄[38;2;152;21;68m[48;2;161;81;108m▄[38;2;144;98;110m[48;2;159;103;117m▄[38;2;229;197;202m[48;2;226;195;198m▄[38;2;243;203;210m[48;2;188;170;178m▄[38;2;251;207;214m[48;2;95;119;128m▄[38;2;171;154;160m[48;2;5;64;71m▄[38;2;18;42;49m[48;2;3;57;67m▄[38;2;0;27;34m[48;2;4;60;68m▄[38;2;5;35;43m[48;2;4;59;65m▄[38;2;3;37;45m[48;2;6;58;63m▄[38;2;1;36;43m[48;2;6;60;68m▄[38;2;9;33;40m[48;2;0;53;61m▄[38;2;59;71;74m[48;2;42;79;81m▄[38;2;30;36;29m[48;2;30;35;28m▄[38;2;4;10;3m[48;2;7;13;6m▄[38;2;0;5;0m[48;2;10;15;9m▄[38;2;28;35;46m[48;2;26;31;36m▄[38;2;104;108;147m[48;2;65;67;90m▄[38;2;28;33;45m[48;2;52;54;73m▄[38;2;7;9;7m[48;2;28;31;39m▄[38;2;6;10;7m[48;2;29;23;19m▄[38;2;72;53;49m[48;2;129;89;86m▄[38;2;153;104;99m[48;2;162;110;105m▄[38;2;152;102;97m[48;2;163;111;107m▄[38;2;165;112;108m[48;2;104;72;70m▄[38;2;124;84;82m[48;2;15;10;12m▄[38;2;160;125;113m[48;2;82;64;60m▄[38;2;248;196;177m[48;2;240;188;170m▄[38;2;239;188;170m[48;2;179;140;129m▄[38;2;233;182;165m[48;2;147;116;107m▄[38;2;214;167;153m[48;2;157;123;112m▄[38;2;232;182;165m[48;2;241;188;171m▄[38;2;237;185;168m[48;2;234;185;167m▄[38;2;246;194;176m[48;2;136;106;98m▄[38;2;243;194;178m[48;2;212;168;155m▄[38;2;237;189;173m[48;2;251;201;185m▄[38;2;237;189;172m[48;2;246;197;181m▄[38;2;236;187;170m[48;2;243;195;178m▄[38;2;235;189;173m[48;2;238;203;189m▄[38;2;233;185;169m[48;2;236;194;179m▄[38;2;232;183;166m[48;2;236;185;168m▄[38;2;227;175;157m[48;2;246;193;175m▄[0m
[38;2;15;15;24m[48;2;46;30;45m▄[38;2;107;102;106m[48;2;151;62;93m▄[38;2;207;166;174m[48;2;192;127;144m▄[38;2;167;39;79m[48;2;198;157;166m▄[38;2;171;74;103m[48;2;192;158;165m▄[38;2;154;136;138m[48;2;188;165;169m▄[38;2;106;93;100m[48;2;113;95;103m▄[38;2;115;104;115m[48;2;76;95;67m▄[38;2;73;73;77m[48;2;63;98;56m▄[38;2;22;17;26m[48;2;73;94;62m▄[38;2;22;19;25m[48;2;0;0;7m▄[38;2;6;5;12m[48;2;5;7;11m▄[38;2;23;25;32m[48;2;14;11;15m▄[38;2;141;123;133m[48;2;12;9;16m▄[38;2;69;56;62m[48;2;6;4;8m▄[38;2;21;21;22m[48;2;58;81;51m▄[38;2;79;72;74m[48;2;66;109;59m▄[38;2;141;118;128m[48;2;118;121;97m▄[38;2;134;103;110m[48;2;133;94;106m▄[38;2;235;193;200m[48;2;201;168;174m▄[38;2;200;163;170m[48;2;197;162;168m▄[38;2;215;179;186m[48;2;230;194;201m▄[38;2;230;193;200m[48;2;234;198;204m▄[38;2;231;195;201m[48;2;255;215;222m▄[38;2;254;216;222m[48;2;194;168;174m▄[38;2;159;134;139m[48;2;41;39;44m▄[38;2;37;28;31m[48;2;36;33;40m▄[38;2;51;40;44m[48;2;37;35;42m▄[38;2;56;44;50m[48;2;39;39;45m▄[38;2;52;42;48m[48;2;49;41;48m▄[38;2;88;80;84m[48;2;81;74;77m▄[38;2;97;84;87m[48;2;23;32;24m▄[38;2;101;76;82m[48;2;18;20;12m▄[38;2;173;125;132m[48;2;76;56;47m▄[38;2;167;121;126m[48;2;115;90;94m▄[38;2;197;138;138m[48;2;163;139;165m▄[38;2;171;122;117m[48;2;88;78;88m▄[38;2;83;61;54m[48;2;0;7;5m▄[38;2;84;65;58m[48;2;1;7;3m▄[38;2;3;5;3m[48;2;8;10;8m▄[38;2;89;61;58m[48;2;119;81;78m▄[38;2;155;103;99m[48;2;155;103;99m▄[38;2;141;92;88m[48;2;147;98;94m▄[38;2;142;93;89m[48;2;138;91;88m▄[38;2;140;93;89m[48;2;186;141;128m▄[38;2;156;116;106m[48;2;241;190;171m▄[38;2;192;151;136m[48;2;242;188;170m▄[38;2;143;109;99m[48;2;241;188;170m▄[38;2;202;157;141m[48;2;235;183;166m▄[38;2;245;192;174m[48;2;234;183;166m▄[38;2;234;182;165m[48;2;235;184;167m▄[38;2;233;182;165m[48;2;236;185;168m▄[38;2;234;183;166m[48;2;236;185;168m▄[38;2;232;182;165m[48;2;235;185;168m▄[38;2;232;186;170m[48;2;234;186;169m▄[38;2;237;200;189m[48;2;237;194;181m▄[38;2;233;181;165m[48;2;232;183;165m▄[38;2;233;180;163m[48;2;232;182;164m▄[38;2;216;168;152m[48;2;223;175;159m▄[38;2;221;167;150m[48;2;213;162;146m▄[0m
[38;2;206;170;176m[48;2;178;148;157m▄[38;2;255;214;221m[48;2;106;90;99m▄[38;2;182;155;161m[48;2;137;116;122m▄[38;2;198;168;173m[48;2;189;86;118m▄[38;2;163;84;107m[48;2;169;41;82m▄[38;2;195;150;161m[48;2;182;152;157m▄[38;2;228;190;197m[48;2;220;187;196m▄[38;2;232;192;199m[48;2;161;140;151m▄[38;2;231;192;200m[48;2;83;71;81m▄[38;2;238;198;206m[48;2;113;97;105m▄[38;2;236;195;202m[48;2;208;175;183m▄[38;2;243;200;207m[48;2;168;144;152m▄[38;2;246;201;208m[48;2;169;146;158m▄[38;2;242;198;206m[48;2;240;200;208m▄[38;2;148;123;129m[48;2;151;128;133m▄[38;2;79;66;71m[48;2;15;11;14m▄[38;2;253;211;220m[48;2;149;122;128m▄[38;2;111;60;77m[48;2;193;149;159m▄[38;2;55;35;43m[48;2;103;77;84m▄[38;2;234;195;201m[48;2;225;186;193m▄[38;2;210;173;180m[48;2;209;171;179m▄[38;2;206;167;174m[48;2;205;167;175m▄[38;2;231;191;198m[48;2;229;192;199m▄[38;2;224;187;194m[48;2;228;191;198m▄[38;2;231;193;200m[48;2;234;197;204m▄[38;2;227;191;197m[48;2;220;189;195m▄[38;2;85;71;77m[48;2;58;46;53m▄[38;2;45;38;43m[48;2;48;39;44m▄[38;2;55;46;51m[48;2;52;42;48m▄[38;2;55;46;52m[48;2;50;39;47m▄[38;2;92;85;89m[48;2;82;76;81m▄[38;2;62;58;59m[48;2;75;70;82m▄[38;2;38;34;36m[48;2;60;54;71m▄[38;2;38;36;38m[48;2;60;55;74m▄[38;2;38;35;39m[48;2;63;59;78m▄[38;2;35;35;42m[48;2;77;65;77m▄[38;2;31;34;41m[48;2;114;86;89m▄[38;2;33;34;42m[48;2;143;106;103m▄[38;2;39;37;45m[48;2;130;96;93m▄[38;2;51;46;53m[48;2;96;72;69m▄[38;2;31;31;35m[48;2;96;68;66m▄[38;2;78;54;53m[48;2;130;86;82m▄[38;2;155;102;98m[48;2;146;95;91m▄[38;2;144;94;90m[48;2;144;94;90m▄[38;2;129;85;82m[48;2;132;88;85m▄[38;2;107;80;76m[48;2;71;48;48m▄[38;2;136;104;97m[48;2;54;37;36m▄[38;2;163;125;117m[48;2;102;69;66m▄[38;2;148;114;107m[48;2;167;122;113m▄[38;2;134;97;90m[48;2;197;149;135m▄[38;2;166;121;112m[48;2;233;181;165m▄[38;2;224;174;158m[48;2;234;183;166m▄[38;2;233;182;165m[48;2;231;180;164m▄[38;2;230;178;160m[48;2;231;181;163m▄[38;2;231;176;158m[48;2;230;180;163m▄[38;2;231;175;157m[48;2;230;180;164m▄[38;2;231;176;157m[48;2;231;177;161m▄[38;2;231;175;157m[48;2;232;177;159m▄[38;2;230;174;155m[48;2;230;175;158m▄[38;2;253;194;171m[48;2;247;190;169m▄[0m
[38;2;202;168;174m[48;2;63;54;56m▄[38;2;75;62;70m[48;2;114;93;98m▄[38;2;145;127;142m[48;2;244;203;211m▄[38;2;147;130;141m[48;2;217;182;187m▄[38;2;52;23;33m[48;2;163;133;137m▄[38;2;129;75;90m[48;2;196;161;167m▄[38;2;222;182;190m[48;2;228;187;195m▄[38;2;225;185;193m[48;2;223;183;191m▄[38;2;226;185;192m[48;2;223;183;192m▄[38;2;181;145;156m[48;2;231;190;197m▄[38;2;116;84;106m[48;2;215;180;184m▄[38;2;134;104;124m[48;2;179;151;156m▄[38;2;86;69;80m[48;2;150;125;130m▄[38;2;128;107;112m[48;2;195;161;168m▄[38;2;115;93;99m[48;2;120;100;107m▄[38;2;188;154;159m[48;2;131;107;114m▄[38;2;129;98;108m[48;2;202;163;170m▄[38;2;97;84;101m[48;2;34;24;32m▄[38;2;115;103;120m[48;2;138;118;128m▄[38;2;116;103;117m[48;2;228;188;196m▄[38;2;121;109;126m[48;2;178;146;153m▄[38;2;108;98;116m[48;2;189;157;167m▄[38;2;125;109;126m[48;2;210;175;183m▄[38;2;208;171;181m[48;2;228;189;196m▄[38;2;177;147;151m[48;2;225;188;195m▄[38;2;161;136;140m[48;2;198;165;171m▄[38;2;81;69;75m[48;2;96;81;88m▄[38;2;62;53;60m[48;2;46;39;44m▄[38;2;66;57;65m[48;2;62;53;58m▄[38;2;59;54;61m[48;2;59;50;55m▄[38;2;93;88;91m[48;2;89;82;84m▄[38;2;68;62;58m[48;2;73;64;61m▄[38;2;25;22;22m[48;2;31;23;23m▄[38;2;42;36;35m[48;2;46;37;36m▄[38;2;57;49;46m[48;2;55;45;43m▄[38;2;26;22;20m[48;2;33;26;25m▄[38;2;52;45;43m[48;2;54;44;42m▄[38;2;38;32;32m[48;2;47;37;38m▄[38;2;31;25;25m[48;2;43;35;37m▄[38;2;49;42;42m[48;2;51;43;45m▄[38;2;24;20;21m[48;2;38;33;34m▄[38;2;37;32;31m[48;2;42;37;37m▄[38;2;33;28;26m[48;2;110;76;72m▄[38;2;126;84;82m[48;2;151;100;95m▄[38;2;154;102;97m[48;2;140;91;87m▄[38;2;131;86;84m[48;2;167;117;110m▄[38;2;75;55;53m[48;2;233;181;165m▄[38;2;54;42;39m[48;2;240;191;172m▄[38;2;88;66;61m[48;2;236;187;168m▄[38;2;132;94;88m[48;2;231;183;166m▄[38;2;191;143;130m[48;2;213;165;150m▄[38;2;240;186;168m[48;2;226;175;159m▄[38;2;230;177;159m[48;2;232;179;163m▄[38;2;228;177;156m[48;2;230;176;158m▄[38;2;229;175;154m[48;2;231;176;155m▄[38;2;235;177;157m[48;2;230;175;154m▄[38;2;246;187;166m[48;2;229;173;152m▄[38;2;226;173;153m[48;2;232;176;156m▄[38;2;139;107;97m[48;2;247;187;166m▄[38;2;37;31;33m[48;2;234;179;161m▄[0m
[38;2;189;155;163m[48;2;226;187;193m▄[38;2;163;139;155m[48;2;165;140;151m▄[38;2;115;104;122m[48;2;120;109;128m▄[38;2;52;50;62m[48;2;81;74;87m▄[38;2;23;29;36m[48;2;0;0;1m▄[38;2;14;18;24m[48;2;21;0;5m▄[38;2;7;0;4m[48;2;131;81;95m▄[38;2;123;95;101m[48;2;235;194;201m▄[38;2;241;199;207m[48;2;230;189;197m▄[38;2;232;195;202m[48;2;189;152;164m▄[38;2;155;133;136m[48;2;167;118;146m▄[38;2;104;89;89m[48;2;184;131;160m▄[38;2;204;172;176m[48;2;164;128;141m▄[38;2;209;178;183m[48;2;208;173;178m▄[38;2;92;81;87m[48;2;175;145;150m▄[38;2;107;98;115m[48;2;151;129;138m▄[38;2;104;93;110m[48;2;112;101;118m▄[38;2;135;118;131m[48;2;119;106;122m▄[38;2;135;113;120m[48;2;138;119;128m▄[38;2;0;0;0m[48;2;61;56;65m▄[38;2;100;83;86m[48;2;62;57;68m▄[38;2;162;138;146m[48;2;102;93;110m▄[38;2;151;126;133m[48;2;103;92;110m▄[38;2;184;151;156m[48;2;188;155;166m▄[38;2;167;141;145m[48;2;199;165;171m▄[38;2;119;102;106m[48;2;99;84;87m▄[38;2;70;61;65m[48;2;51;46;51m▄[38;2;46;43;48m[48;2;63;58;65m▄[38;2;45;44;50m[48;2;55;52;58m▄[38;2;36;37;43m[48;2;41;39;46m▄[38;2;83;81;84m[48;2;83;80;84m▄[38;2;68;65;63m[48;2;62;58;55m▄[38;2;31;29;30m[48;2;38;37;35m▄[38;2;37;36;36m[48;2;42;40;38m▄[38;2;43;42;40m[48;2;44;41;39m▄[38;2;39;38;35m[48;2;41;40;37m▄[38;2;48;47;44m[48;2;46;44;41m▄[38;2;45;43;42m[48;2;42;40;38m▄[38;2;40;38;39m[48;2;38;37;35m▄[38;2;46;45;45m[48;2;43;41;39m▄[38;2;39;39;35m[48;2;28;28;27m▄[38;2;46;37;41m[48;2;27;27;27m▄[38;2;159;97;141m[48;2;101;65;90m▄[38;2;56;29;56m[48;2;102;63;83m▄[38;2;67;45;45m[48;2;132;89;83m▄[38;2;158;106;101m[48;2;157;104;100m▄[38;2;154;102;98m[48;2;113;78;75m▄[38;2;127;84;81m[48;2;25;15;18m▄[38;2;162;116;108m[48;2;121;84;81m▄[38;2;233;180;164m[48;2;176;126;118m▄[38;2;229;176;160m[48;2;223;172;156m▄[38;2;221;169;152m[48;2;234;182;165m▄[38;2;209;158;141m[48;2;234;181;161m▄[38;2;165;122;111m[48;2;241;184;162m▄[38;2;95;72;67m[48;2;244;186;164m▄[38;2;19;16;19m[48;2;217;165;148m▄[38;2;1;0;5m[48;2;128;101;91m▄[38;2;71;47;47m[48;2;28;24;22m▄[38;2;145;103;94m[48;2;13;9;11m▄[38;2;72;51;45m[48;2;31;23;25m▄[0m
[38;2;123;105;118m[48;2;142;120;138m▄[38;2;188;157;167m[48;2;127;111;131m▄[38;2;174;142;149m[48;2;106;95;108m▄[38;2;178;135;145m[48;2;93;52;72m▄[38;2;173;77;108m[48;2;78;28;54m▄[38;2;158;24;71m[48;2;52;41;56m▄[38;2;102;36;63m[48;2;29;36;42m▄[38;2;43;15;29m[48;2;0;1;2m▄[38;2;96;4;37m[48;2;92;80;83m▄[38;2;158;73;99m[48;2;211;164;175m▄[38;2;177;128;140m[48;2;166;139;146m▄[38;2;175;61;96m[48;2;116;101;103m▄[38;2;164;74;102m[48;2;196;170;172m▄[38;2;190;130;146m[48;2;154;56;90m▄[38;2;140;82;104m[48;2;93;32;60m▄[38;2;131;118;131m[48;2;108;104;119m▄[38;2;179;158;167m[48;2;92;83;98m▄[38;2;113;95;104m[48;2;165;141;151m▄[38;2;20;18;22m[48;2;22;17;21m▄[38;2;54;46;53m[48;2;29;22;26m▄[38;2;176;146;154m[48;2;189;155;161m▄[38;2;217;179;185m[48;2;181;148;153m▄[38;2;184;152;158m[48;2;204;168;174m▄[38;2;178;146;152m[48;2;209;173;180m▄[38;2;208;174;180m[48;2;175;144;149m▄[38;2;196;165;171m[48;2;195;163;170m▄[38;2;201;170;175m[48;2;199;169;175m▄[38;2;218;185;190m[48;2;142;121;125m▄[38;2;161;137;143m[48;2;91;79;83m▄[38;2;196;168;178m[48;2;122;105;111m▄[38;2;159;144;146m[48;2;87;83;85m▄[38;2;57;58;54m[48;2;64;62;60m▄[38;2;38;37;37m[48;2;19;17;20m▄[38;2;44;42;43m[48;2;32;29;31m▄[38;2;46;44;43m[48;2;40;39;36m▄[38;2;33;31;30m[48;2;17;16;18m▄[38;2;46;44;43m[48;2;45;42;46m▄[38;2;40;39;37m[48;2;32;31;32m▄[38;2;31;30;28m[48;2;27;26;26m▄[38;2;39;38;35m[48;2;45;44;43m▄[38;2;26;26;26m[48;2;23;24;22m▄[38;2;37;35;35m[48;2;35;33;31m▄[38;2;96;72;52m[48;2;128;81;112m▄[38;2;171;107;124m[48;2;118;68;109m▄[38;2;90;54;86m[48;2;21;11;18m▄[38;2;0;0;0m[48;2;101;69;64m▄[38;2;32;21;23m[48;2;149;99;94m▄[38;2;54;38;39m[48;2;158;105;100m▄[38;2;58;40;42m[48;2;157;104;100m▄[38;2;42;30;33m[48;2;157;108;102m▄[38;2;19;16;20m[48;2;140;98;92m▄[38;2;4;5;10m[48;2;100;70;67m▄[38;2;0;2;7m[48;2;47;33;35m▄[38;2;21;17;19m[48;2;1;2;8m▄[38;2;75;50;58m[48;2;0;0;2m▄[38;2;98;61;79m[48;2;54;39;38m▄[38;2;72;40;63m[48;2;122;84;80m▄[38;2;121;72;92m[48;2;158;107;109m▄[38;2;177;109;120m[48;2;162;115;129m▄[38;2;212;140;119m[48;2;119;71;106m▄[0m
[38;2;151;123;129m[48;2;161;131;135m▄[38;2;191;160;170m[48;2;212;176;184m▄[38;2;126;106;115m[48;2;187;153;163m▄[38;2;172;144;153m[48;2;183;150;155m▄[38;2;177;149;156m[48;2;194;169;171m▄[38;2;190;163;167m[48;2;182;100;124m▄[38;2;182;134;146m[48;2;178;25;75m▄[38;2;171;107;124m[48;2;174;51;91m▄[38;2;174;66;99m[48;2;183;108;131m▄[38;2;176;28;78m[48;2;178;109;131m▄[38;2;181;32;85m[48;2;177;45;90m▄[38;2;181;37;87m[48;2;188;34;88m▄[38;2;180;36;88m[48;2;184;30;85m▄[38;2;183;31;83m[48;2;173;57;95m▄[38;2;170;32;76m[48;2;180;142;151m▄[38;2;176;125;136m[48;2;176;131;141m▄[38;2;103;79;92m[48;2;142;77;98m▄[38;2;104;96;112m[48;2;104;93;110m▄[38;2;102;92;107m[48;2;128;111;126m▄[38;2;140;125;130m[48;2;184;154;162m▄[38;2;195;170;172m[48;2;127;110;119m▄[38;2;153;120;130m[48;2;139;115;123m▄[38;2;170;127;138m[48;2;219;182;190m▄[38;2;231;190;198m[48;2;199;164;172m▄[38;2;189;154;161m[48;2;190;156;162m▄[38;2;191;155;163m[48;2;216;180;188m▄[38;2;237;194;203m[48;2;171;142;148m▄[38;2;135;116;118m[48;2;169;138;145m▄[38;2;166;142;154m[48;2;238;198;206m▄[38;2;142;140;113m[48;2;152;130;140m▄[38;2;126;139;104m[48;2;165;152;160m▄[38;2;74;72;59m[48;2;56;58;55m▄[38;2;42;42;32m[48;2;29;27;31m▄[38;2;32;32;30m[48;2;40;37;41m▄[38;2;39;38;36m[48;2;45;42;45m▄[38;2;21;20;23m[48;2;35;34;35m▄[38;2;36;34;33m[48;2;44;43;41m▄[38;2;26;25;28m[48;2;42;41;38m▄[38;2;22;20;22m[48;2;33;32;31m▄[38;2;32;31;30m[48;2;38;36;33m▄[38;2;17;18;21m[48;2;36;35;33m▄[38;2;20;23;23m[48;2;40;39;40m▄[38;2;90;68;46m[48;2;84;63;45m▄[38;2;202;140;82m[48;2;200;140;79m▄[38;2;204;142;89m[48;2;180;117;129m▄[38;2;148;89;126m[48;2;89;56;84m▄[38;2;92;62;66m[48;2;38;30;28m▄[38;2;97;71;67m[48;2;2;4;10m▄[38;2;7;7;12m[48;2;0;3;9m▄[38;2;8;8;13m[48;2;3;7;13m▄[38;2;3;5;9m[48;2;8;10;15m▄[38;2;25;20;23m[48;2;7;8;13m▄[38;2;65;39;63m[48;2;28;22;26m▄[38;2;84;48;60m[48;2;72;44;64m▄[38;2;126;79;47m[48;2;79;45;64m▄[38;2;163;104;55m[48;2;91;51;48m▄[38;2;231;158;87m[48;2;146;93;58m▄[38;2;222;153;84m[48;2;217;149;84m▄[38;2;196;134;76m[48;2;230;159;83m▄[38;2;194;132;79m[48;2;233;164;87m▄[0m
[38;2;215;180;187m[48;2;221;185;193m▄[38;2;231;190;199m[48;2;255;212;219m▄[38;2;191;159;165m[48;2;195;160;167m▄[38;2;188;153;160m[48;2;170;141;149m▄[38;2;211;176;183m[48;2;156;132;140m▄[38;2;158;138;143m[48;2;151;127;137m▄[38;2;132;47;75m[48;2;174;144;151m▄[38;2;189;128;145m[48;2;189;126;143m▄[38;2;182;117;133m[48;2;167;18;67m▄[38;2;168;21;66m[48;2;180;32;79m▄[38;2;176;27;72m[48;2;175;32;78m▄[38;2;170;24;70m[48;2;176;33;78m▄[38;2;158;43;79m[48;2;180;32;78m▄[38;2;142;83;100m[48;2;179;30;75m▄[38;2;123;100;104m[48;2;181;83;109m▄[38;2;215;192;195m[48;2;137;113;120m▄[38;2;170;136;145m[48;2;106;96;112m▄[38;2;146;43;81m[48;2;112;95;113m▄[38;2;165;27;76m[48;2;113;95;113m▄[38;2;188;33;86m[48;2;112;63;88m▄[38;2;164;31;74m[48;2;148;90;108m▄[38;2;149;118;124m[48;2;220;183;189m▄[38;2;212;182;187m[48;2;158;126;133m▄[38;2;162;134;140m[48;2;181;147;155m▄[38;2;159;133;143m[48;2;225;186;193m▄[38;2;124;129;98m[48;2;178;145;155m▄[38;2;81;100;68m[48;2;164;136;147m▄[38;2;63;83;50m[48;2;120;134;91m▄[38;2;17;41;13m[48;2;84;107;67m▄[38;2;67;70;58m[48;2;80;100;59m▄[38;2;110;103;102m[48;2;86;100;72m▄[38;2;65;60;45m[48;2;101;94;65m▄[38;2;74;65;38m[48;2;95;89;51m▄[38;2;72;63;42m[48;2;96;90;56m▄[38;2;58;50;34m[48;2;63;59;38m▄[38;2;47;42;26m[48;2;44;39;29m▄[38;2;29;27;15m[48;2;45;40;34m▄[38;2;61;50;40m[48;2;32;31;28m▄[38;2;109;75;86m[48;2;17;19;14m▄[38;2;151;96;132m[48;2;25;24;23m▄[38;2;159;98;138m[48;2;37;28;36m▄[38;2;150;89;133m[48;2;100;64;91m▄[38;2;86;52;67m[48;2;102;69;68m▄[38;2;166;117;67m[48;2;164;115;68m▄[38;2;199;140;77m[48;2;177;125;71m▄[38;2;150;97;98m[48;2;168;107;120m▄[38;2;102;60;93m[48;2;74;45;69m▄[38;2;66;44;40m[48;2;126;88;80m▄[38;2;138;96;91m[48;2;60;44;44m▄[38;2;105;72;69m[48;2;5;4;7m▄[38;2;147;101;95m[48;2;83;58;58m▄[38;2;77;43;68m[48;2;97;63;75m▄[38;2;87;50;51m[48;2;68;36;59m▄[38;2;137;84;50m[48;2;124;78;48m▄[38;2;137;90;55m[48;2;142;88;52m▄[38;2;219;150;85m[48;2;175;117;69m▄[38;2;183;124;73m[48;2;192;131;77m▄[38;2;198;133;77m[48;2;193;129;75m▄[38;2;204;138;77m[48;2;215;147;82m▄[38;2;185;123;73m[48;2;216;147;86m▄[0m
[38;2;170;138;144m[48;2;195;159;166m▄[38;2;241;200;208m[48;2;226;187;195m▄[38;2;187;153;159m[48;2;181;148;155m▄[38;2;200;165;172m[48;2;179;146;154m▄[38;2;201;165;173m[48;2;195;161;167m▄[38;2;175;141;149m[48;2;176;147;152m▄[38;2;187;155;161m[48;2;159;111;123m▄[38;2;64;30;41m[48;2;72;5;26m▄[38;2;65;52;62m[48;2;121;105;112m▄[38;2;100;106;113m[48;2;98;46;68m▄[38;2;73;72;80m[48;2;92;26;51m▄[38;2;70;62;69m[48;2;94;54;73m▄[38;2;62;48;55m[48;2;78;60;71m▄[38;2;80;64;75m[48;2;56;43;48m▄[38;2;81;37;55m[48;2;78;61;69m▄[38;2;167;22;73m[48;2;179;111;131m▄[38;2;177;24;76m[48;2;183;105;127m▄[38;2;170;44;85m[48;2;186;139;150m▄[38;2;178;109;129m[48;2;181;107;130m▄[38;2;173;127;139m[48;2;170;37;81m▄[38;2;202;177;180m[48;2;163;76;101m▄[38;2;171;80;107m[48;2;157;99;114m▄[38;2;133;54;83m[48;2;183;126;143m▄[38;2;93;100;95m[48;2;148;146;120m▄[38;2;31;46;27m[48;2;84;101;63m▄[38;2;121;112;105m[48;2;63;83;48m▄[38;2;145;123;127m[48;2;7;28;5m▄[38;2;185;155;161m[48;2;100;93;89m▄[38;2;248;207;215m[48;2;113;102;101m▄[38;2;228;190;197m[48;2;154;130;134m▄[38;2;163;148;150m[48;2;175;156;158m▄[38;2;56;60;43m[48;2;75;71;53m▄[38;2;30;27;19m[48;2;53;48;29m▄[38;2;64;44;55m[48;2;26;27;15m▄[38;2;136;87;120m[48;2;29;28;15m▄[38;2;199;124;176m[48;2;66;50;50m▄[38;2;211;132;187m[48;2;129;83;112m▄[38;2;195;121;170m[48;2;187;117;164m▄[38;2;183;111;160m[48;2;192;118;169m▄[38;2;182;109;160m[48;2;185;113;161m▄[38;2;170;101;151m[48;2;168;102;147m▄[38;2;164;96;148m[48;2;148;89;131m▄[38;2;122;68;116m[48;2;88;48;81m▄[38;2;80;46;57m[48;2;131;89;59m▄[38;2;181;126;71m[48;2;211;147;80m▄[38;2;202;135;88m[48;2;158;105;84m▄[38;2;144;86;127m[48;2;131;79;117m▄[38;2;7;6;13m[48;2;17;12;14m▄[38;2;83;56;55m[48;2;141;94;90m▄[38;2;158;106;100m[48;2;156;104;98m▄[38;2;103;67;73m[48;2;120;81;78m▄[38;2;59;30;56m[48;2;61;33;59m▄[38;2;109;66;42m[48;2;109;66;49m▄[38;2;173;109;62m[48;2;141;86;52m▄[38;2;233;154;84m[48;2;188;127;73m▄[38;2;216;145;79m[48;2;241;163;89m▄[38;2;172;117;67m[48;2;178;121;72m▄[38;2;221;150;85m[48;2;174;116;68m▄[38;2;183;121;84m[48;2;220;150;81m▄[38;2;155;96;106m[48;2;205;141;76m▄[0m
[38;2;142;142;112m[48;2;223;181;193m▄[38;2;175;149;151m[48;2;241;199;207m▄[38;2;137;118;124m[48;2;150;122;129m▄[38;2;177;153;151m[48;2;212;174;184m▄[38;2;165;132;144m[48;2;190;156;162m▄[38;2;201;163;174m[48;2;194;159;166m▄[38;2;197;160;167m[48;2;223;184;191m▄[38;2;66;17;34m[48;2;96;75;85m▄[38;2;62;18;35m[48;2;61;32;49m▄[38;2;73;57;64m[48;2;89;79;90m▄[38;2;84;72;79m[48;2;78;70;77m▄[38;2;79;67;73m[48;2;82;72;77m▄[38;2;76;67;74m[48;2;62;39;49m▄[38;2;77;46;62m[48;2;64;4;28m▄[38;2;55;4;22m[48;2;62;7;26m▄[38;2;85;13;38m[48;2;154;30;70m▄[38;2;165;30;75m[48;2;185;36;85m▄[38;2;180;28;77m[48;2;181;33;82m▄[38;2;165;80;104m[48;2;168;10;63m▄[38;2;176;122;136m[48;2;169;110;126m▄[38;2;165;24;71m[48;2;194;144;154m▄[38;2;136;20;61m[48;2;176;104;124m▄[38;2;87;43;56m[48;2;88;70;74m▄[38;2;164;23;71m[48;2;88;70;87m▄[38;2;123;40;76m[48;2;96;90;106m▄[38;2;97;93;110m[48;2;132;114;129m▄[38;2;127;110;128m[48;2;225;187;196m▄[38;2;154;131;144m[48;2;229;188;195m▄[38;2;166;140;152m[48;2;222;183;190m▄[38;2;193;160;168m[48;2;230;190;197m▄[38;2;160;139;151m[48;2;156;142;148m▄[38;2;167;115;152m[48;2;76;60;68m▄[38;2;146;94;129m[48;2;116;73;101m▄[38;2;160;102;141m[48;2;182;115;162m▄[38;2;196;124;171m[48;2;214;135;192m▄[38;2;196;119;172m[48;2;201;125;178m▄[38;2;147;88;133m[48;2;168;105;150m▄[38;2;105;77;62m[48;2;114;69;107m▄[38;2;187;146;81m[48;2;113;69;100m▄[38;2;171;131;78m[48;2;157;101;119m▄[38;2;151;116;67m[48;2;175;118;122m▄[38;2;207;162;87m[48;2;176;119;121m▄[38;2;161;123;71m[48;2;163;106;117m▄[38;2;173;130;81m[48;2;94;54;79m▄[38;2;185;140;87m[48;2;86;54;50m▄[38;2;150;111;69m[48;2;174;118;72m▄[38;2;139;89;111m[48;2;155;96;126m▄[38;2;31;19;35m[48;2;23;15;26m▄[38;2;3;2;4m[48;2;29;21;21m▄[38;2;122;87;80m[48;2;144;102;95m▄[38;2;92;58;69m[48;2;94;60;71m▄[38;2;67;37;55m[48;2;60;30;55m▄[38;2;145;104;63m[48;2;100;60;38m▄[38;2;172;130;77m[48;2;137;83;50m▄[38;2;165;124;77m[48;2;167;109;62m▄[38;2;225;169;96m[48;2;170;119;71m▄[38;2;198;151;87m[48;2;164;118;71m▄[38;2;174;131;79m[48;2;157;110;78m▄[38;2;244;185;105m[48;2;160;108;108m▄[38;2;221;168;98m[48;2;154;94;129m▄[0m
[38;2;157;131;137m[48;2;52;76;37m▄[38;2;198;171;171m[48;2;88;98;72m▄[38;2;61;63;53m[48;2;83;103;65m▄[38;2;104;97;91m[48;2;74;94;54m▄[38;2;72;88;58m[48;2;111;105;96m▄[38;2;56;76;42m[48;2;147;148;117m▄[38;2;73;69;64m[48;2;101;85;84m▄[38;2;86;73;79m[48;2;58;37;44m▄[38;2;91;78;82m[48;2;79;68;71m▄[38;2;96;82;88m[48;2;90;79;82m▄[38;2;93;78;86m[48;2;84;71;78m▄[38;2;100;86;95m[48;2;86;74;80m▄[38;2;89;76;83m[48;2;62;40;49m▄[38;2;64;25;41m[48;2;77;57;68m▄[38;2;79;42;59m[48;2;77;61;71m▄[38;2;122;45;72m[48;2;49;15;28m▄[38;2;146;26;65m[48;2;64;7;27m▄[38;2;162;35;78m[48;2;95;33;55m▄[38;2;165;38;81m[48;2;125;107;111m▄[38;2;167;97;116m[48;2;133;60;84m▄[38;2;194;167;170m[48;2;143;57;83m▄[38;2;106;63;76m[48;2;154;121;129m▄[38;2;109;43;65m[48;2;124;76;94m▄[38;2;166;64;98m[48;2;158;64;95m▄[38;2;187;68;107m[48;2;162;69;99m▄[38;2;104;41;65m[48;2;88;70;81m▄[38;2;57;55;64m[48;2;80;77;91m▄[38;2;50;38;49m[48;2;101;94;111m▄[38;2;77;64;76m[48;2;93;83;99m▄[38;2;86;69;83m[48;2;100;81;95m▄[38;2;116;100;114m[48;2;142;121;136m▄[38;2;222;149;195m[48;2;217;149;193m▄[38;2;208;128;179m[48;2;210;134;183m▄[38;2;207;125;179m[48;2;202;127;174m▄[38;2;191;114;166m[48;2;196;119;169m▄[38;2;169;120;93m[48;2;179;108;149m▄[38;2;241;186;105m[48;2;185;134;100m▄[38;2;138;106;71m[48;2;180;139;85m▄[38;2;126;101;96m[48;2;137;104;63m▄[38;2;236;186;170m[48;2;84;65;50m▄[38;2;255;206;188m[48;2;120;93;83m▄[38;2;255;203;186m[48;2;141;111;95m▄[38;2;255;202;186m[48;2;136;107;91m▄[38;2;248;195;181m[48;2;153;119;93m▄[38;2;237;189;174m[48;2;198;154;103m▄[38;2;225;177;159m[48;2;151;118;77m▄[38;2;188;140;115m[48;2;177;134;92m▄[38;2;101;73;63m[48;2;61;49;38m▄[38;2;29;20;20m[48;2;0;0;0m▄[38;2;82;59;56m[48;2;73;51;50m▄[38;2;158;118;110m[48;2;123;85;82m▄[38;2;195;149;128m[48;2;143;107;71m▄[38;2;208;163;144m[48;2;168;130;83m▄[38;2;236;185;173m[48;2;203;154;103m▄[38;2;240;190;177m[48;2;157;119;89m▄[38;2;246;195;180m[48;2;137;105;81m▄[38;2;248;196;179m[48;2;124;96;76m▄[38;2;238;188;172m[48;2;111;86;64m▄[38;2;211;168;157m[48;2;138;106;68m▄[38;2;207;160;133m[48;2;193;145;85m▄[0m
