[38;2;54;48;44m[48;2;44;44;48m▄[38;2;63;56;49m[48;2;42;48;50m▄[38;2;56;51;45m[48;2;38;42;46m▄[38;2;55;51;45m[48;2;46;48;48m▄[38;2;54;48;44m[48;2;38;42;46m▄[38;2;54;48;45m[48;2;34;38;44m▄[38;2;56;51;46m[48;2;36;40;44m▄[38;2;60;54;48m[48;2;57;56;52m▄[38;2;59;54;47m[48;2;57;56;50m▄[38;2;60;55;49m[48;2;61;59;56m▄[38;2;57;51;47m[48;2;65;63;59m▄[38;2;43;41;37m[48;2;67;67;61m▄[38;2;32;32;31m[48;2;61;63;57m▄[38;2;30;29;27m[48;2;54;57;56m▄[38;2;30;31;31m[48;2;52;54;56m▄[38;2;32;36;39m[48;2;46;52;54m▄[38;2;33;36;36m[48;2;46;50;50m▄[38;2;71;62;52m[48;2;75;71;65m▄[38;2;80;70;59m[48;2;77;75;69m▄[38;2;100;83;73m[48;2;84;81;69m▄[38;2;138;101;90m[48;2;110;102;79m▄[38;2;137;95;88m[48;2;110;102;83m▄[38;2;134;95;86m[48;2;125;115;92m▄[38;2;122;104;94m[48;2;131;119;96m▄[38;2;128;113;90m[48;2;135;121;100m▄[38;2;128;114;92m[48;2;135;121;100m▄[38;2;106;97;81m[48;2;104;98;86m▄[38;2;89;84;73m[48;2;61;67;67m▄[38;2;81;79;73m[48;2;40;56;67m▄[38;2;87;84;76m[48;2;52;63;71m▄[38;2;77;77;74m[48;2;36;56;65m▄[38;2;107;94;80m[48;2;92;90;84m▄[38;2;112;94;82m[48;2;125;117;100m▄[38;2;113;87;76m[48;2;110;108;94m▄[38;2;149;110;88m[48;2;108;108;96m▄[38;2;123;106;90m[48;2;115;110;96m▄[38;2;126;116;95m[48;2;129;117;100m▄[38;2;137;125;101m[48;2;131;121;102m▄[38;2;144;128;106m[48;2;146;135;112m▄[38;2;146;131;108m[48;2;142;131;112m▄[38;2;147;134;112m[48;2;139;131;115m▄[38;2;143;133;113m[48;2;141;135;117m▄[38;2;158;147;126m[48;2;154;148;129m▄[38;2;125;117;100m[48;2;113;110;96m▄[38;2;47;44;31m[48;2;40;40;32m▄[38;2;54;50;38m[48;2;50;48;38m▄[38;2;47;46;31m[48;2;50;48;36m▄[38;2;87;80;67m[48;2;117;113;112m▄[38;2;234;205;185m[48;2;179;166;168m▄[38;2;241;208;182m[48;2;187;168;158m▄[38;2;150;124;106m[48;2;139;117;106m▄[38;2;195;184;188m[48;2;181;173;177m▄[38;2;221;211;220m[48;2;200;193;200m▄[38;2;214;203;211m[48;2;197;187;195m▄[38;2;211;200;209m[48;2;193;183;191m▄[38;2;207;198;206m[48;2;189;183;189m▄[38;2;206;196;204m[48;2;191;179;187m▄[38;2;204;193;201m[48;2;187;177;185m▄[38;2;200;190;198m[48;2;183;175;183m▄[38;2;216;203;212m[48;2;198;187;195m▄[0m
[38;2;46;35;25m[48;2;50;41;30m▄[38;2;41;32;25m[48;2;56;46;34m▄[38;2;33;26;19m[48;2;52;42;32m▄[38;2;33;25;19m[48;2;47;38;30m▄[38;2;19;15;13m[48;2;43;36;28m▄[38;2;14;11;10m[48;2;39;33;26m▄[38;2;13;10;9m[48;2;31;26;22m▄[38;2;13;10;9m[48;2;26;21;20m▄[38;2;13;9;6m[48;2;24;22;19m▄[38;2;16;17;20m[48;2;24;21;18m▄[38;2;40;84;124m[48;2;19;16;14m▄[38;2;46;94;135m[48;2;22;25;29m▄[38;2;37;61;85m[48;2;34;46;58m▄[38;2;27;58;90m[48;2;37;60;81m▄[38;2;25;50;74m[48;2;55;79;99m▄[38;2;30;52;73m[48;2;45;81;115m▄[38;2;34;80;124m[48;2;45;86;121m▄[38;2;65;109;153m[48;2;70;86;104m▄[38;2;69;96;134m[48;2;121;73;69m▄[38;2;65;76;98m[48;2;124;77;74m▄[38;2;96;100;100m[48;2;147;111;108m▄[38;2;73;57;38m[48;2;149;110;93m▄[38;2;45;38;27m[48;2;95;73;63m▄[38;2;53;44;31m[48;2;89;81;76m▄[38;2;59;50;37m[48;2;104;88;66m▄[38;2;73;60;45m[48;2;99;83;63m▄[38;2;86;69;49m[48;2;101;86;65m▄[38;2;81;66;48m[48;2;107;90;70m▄[38;2;77;63;46m[48;2;107;89;67m▄[38;2;77;63;46m[48;2;114;96;72m▄[38;2;80;66;48m[48;2;111;92;69m▄[38;2;86;72;53m[48;2;98;68;56m▄[38;2;101;84;60m[48;2;78;53;51m▄[38;2;130;108;83m[48;2;123;86;71m▄[38;2;70;63;71m[48;2;99;62;53m▄[38;2;65;55;63m[48;2;85;61;54m▄[38;2;134;109;95m[48;2;117;101;80m▄[38;2;78;64;71m[48;2;110;95;80m▄[38;2;102;83;76m[48;2;156;131;102m▄[38;2;103;80;70m[48;2;159;134;102m▄[38;2;116;92;76m[48;2;140;119;94m▄[38;2;139;112;85m[48;2;132;114;90m▄[38;2;202;164;123m[48;2;121;107;87m▄[38;2;135;107;80m[48;2;101;92;73m▄[38;2;48;43;29m[48;2;52;46;32m▄[38;2;46;41;25m[48;2;50;44;32m▄[38;2;43;36;22m[48;2;45;40;27m▄[38;2;136;117;100m[48;2;124;107;91m▄[38;2;120;99;90m[48;2;191;164;146m▄[38;2;129;115;112m[48;2;174;149;130m▄[38;2;136;116;106m[48;2;167;143;127m▄[38;2;191;178;182m[48;2;190;178;180m▄[38;2;206;196;203m[48;2;205;195;203m▄[38;2;192;184;190m[48;2;199;190;198m▄[38;2;195;187;194m[48;2;198;187;195m▄[38;2;197;186;194m[48;2;196;185;193m▄[38;2;193;184;191m[48;2;191;183;191m▄[38;2;191;181;189m[48;2;189;180;188m▄[38;2;183;173;181m[48;2;187;177;184m▄[38;2;190;179;188m[48;2;196;187;195m▄[0m
[38;2;21;16;19m[48;2;34;25;21m▄[38;2;18;15;17m[48;2;20;15;12m▄[38;2;16;12;16m[48;2;11;8;6m▄[38;2;18;14;18m[48;2;14;10;8m▄[38;2;18;15;20m[48;2;14;10;7m▄[38;2;18;15;21m[48;2;14;10;6m▄[38;2;17;14;17m[48;2;15;11;8m▄[38;2;17;14;16m[48;2;15;11;7m▄[38;2;16;12;17m[48;2;13;8;4m▄[38;2;14;9;14m[48;2;19;16;19m▄[38;2;128;80;64m[48;2;75;91;119m▄[38;2;168;102;78m[48;2;39;44;56m▄[38;2;145;91;80m[48;2;92;54;36m▄[38;2;165;112;97m[48;2;140;93;79m▄[38;2;170;105;87m[48;2;113;83;80m▄[38;2;155;88;75m[48;2;100;87;95m▄[38;2;77;38;40m[48;2;64;76;101m▄[38;2;53;73;95m[48;2;65;100;138m▄[38;2;95;85;85m[48;2;50;69;80m▄[38;2;71;48;35m[48;2;62;52;38m▄[38;2;93;71;51m[48;2;112;84;53m▄[38;2;64;49;38m[48;2;68;51;33m▄[38;2;42;34;29m[48;2;42;33;23m▄[38;2;44;36;29m[48;2;44;34;24m▄[38;2;46;37;30m[48;2;43;34;24m▄[38;2;42;34;30m[48;2;41;32;23m▄[38;2;40;33;32m[48;2;43;33;22m▄[38;2;39;37;48m[48;2;43;33;23m▄[38;2;39;32;24m[48;2;44;34;23m▄[38;2;52;42;57m[48;2;45;35;24m▄[38;2;77;63;108m[48;2;46;36;27m▄[38;2;54;44;78m[48;2;54;42;33m▄[38;2;70;58;85m[48;2;92;74;57m▄[38;2;82;65;87m[48;2;124;99;74m▄[38;2;92;61;54m[48;2;130;95;82m▄[38;2;157;116;61m[48;2;115;87;80m▄[38;2;146;107;58m[48;2;74;57;58m▄[38;2;132;96;63m[48;2;35;32;59m▄[38;2;152;113;66m[48;2;12;13;43m▄[38;2;140;102;49m[48;2;2;3;29m▄[38;2;158;114;54m[48;2;26;21;31m▄[38;2;185;140;83m[48;2;119;92;69m▄[38;2;124;93;64m[48;2;193;141;103m▄[38;2;79;66;51m[48;2;111;87;61m▄[38;2;55;48;40m[48;2;51;44;28m▄[38;2;126;110;97m[48;2;101;88;69m▄[38;2;166;143;129m[48;2;148;128;108m▄[38;2;197;166;148m[48;2;201;173;150m▄[38;2;223;189;162m[48;2;196;168;147m▄[38;2;226;189;159m[48;2;206;178;159m▄[38;2;203;174;155m[48;2;198;171;154m▄[38;2;199;187;193m[48;2;198;186;191m▄[38;2;193;183;189m[48;2;205;194;202m▄[38;2;191;181;188m[48;2;183;173;179m▄[38;2;200;191;198m[48;2;197;189;195m▄[38;2;197;187;194m[48;2;197;187;195m▄[38;2;196;185;192m[48;2;195;184;191m▄[38;2;190;179;187m[48;2;193;182;190m▄[38;2;180;170;178m[48;2;180;169;177m▄[38;2;197;185;193m[48;2;197;185;193m▄[0m
[38;2;14;5;3m[48;2;16;12;12m▄[38;2;15;6;4m[48;2;17;13;12m▄[38;2;12;5;2m[48;2;16;12;12m▄[38;2;9;5;5m[48;2;16;14;16m▄[38;2;14;10;13m[48;2;17;15;23m▄[38;2;15;12;15m[48;2;19;16;22m▄[38;2;13;8;3m[48;2;16;11;10m▄[38;2;13;9;6m[48;2;17;12;12m▄[38;2;16;11;8m[48;2;16;11;12m▄[38;2;9;9;7m[48;2;9;8;8m▄[38;2;73;30;28m[48;2;77;35;32m▄[38;2;184;66;62m[48;2;157;64;59m▄[38;2;159;54;50m[48;2;158;57;54m▄[38;2;67;22;21m[48;2;124;44;47m▄[38;2;0;0;0m[48;2;43;21;26m▄[38;2;12;2;1m[48;2;104;43;44m▄[38;2;40;10;10m[48;2;150;54;52m▄[38;2;117;33;32m[48;2;110;40;34m▄[38;2;115;31;30m[48;2;117;75;59m▄[38;2;51;26;20m[48;2;99;79;64m▄[38;2;80;58;34m[48;2;75;57;42m▄[38;2;60;39;16m[48;2;69;52;36m▄[38;2;50;34;20m[48;2;49;39;31m▄[38;2;56;38;25m[48;2;50;39;30m▄[38;2;50;35;21m[48;2;51;39;29m▄[38;2;46;32;23m[48;2;45;36;31m▄[38;2;42;31;29m[48;2;38;33;36m▄[38;2;35;33;51m[48;2;33;34;56m▄[38;2;36;26;22m[48;2;38;31;31m▄[38;2;36;26;15m[48;2;43;35;45m▄[38;2;62;47;60m[48;2;78;63;112m▄[38;2;53;39;80m[48;2;47;38;72m▄[38;2;41;32;27m[48;2;39;28;27m▄[38;2;53;43;25m[48;2;44;32;28m▄[38;2;55;47;30m[48;2;41;32;32m▄[38;2;46;44;37m[48;2;58;46;41m▄[38;2;53;50;38m[48;2;53;39;35m▄[38;2;42;42;39m[48;2;116;78;38m▄[38;2;62;52;100m[48;2;156;113;53m▄[38;2;48;38;86m[48;2;143;109;64m▄[38;2;28;33;43m[48;2;133;97;53m▄[38;2;74;79;54m[48;2;146;106;54m▄[38;2;81;87;57m[48;2;105;78;55m▄[38;2;54;56;44m[48;2;59;49;47m▄[38;2;42;34;29m[48;2;31;30;32m▄[38;2;41;34;28m[48;2;24;23;21m▄[38;2;42;34;18m[48;2;35;29;28m▄[38;2;51;44;35m[48;2;144;124;153m▄[38;2;164;139;134m[48;2;167;143;180m▄[38;2;220;184;165m[48;2;187;157;163m▄[38;2;194;173;165m[48;2;197;171;157m▄[38;2;191;181;190m[48;2;197;187;194m▄[38;2;166;154;161m[48;2;183;172;177m▄[38;2;195;185;193m[48;2;196;185;191m▄[38;2;199;188;197m[48;2;200;188;197m▄[38;2;203;192;200m[48;2;196;185;192m▄[38;2;183;172;180m[48;2;197;186;193m▄[38;2;68;64;70m[48;2;182;171;179m▄[38;2;31;25;33m[48;2;127;114;123m▄[38;2;122;101;115m[48;2;153;135;147m▄[0m
[38;2;107;109;80m[48;2;25;41;35m▄[38;2;116;116;87m[48;2;27;41;36m▄[38;2;106;106;79m[48;2;24;40;34m▄[38;2;114;110;92m[48;2;39;48;47m▄[38;2;64;41;50m[48;2;29;30;35m▄[38;2;72;56;47m[48;2;21;22;30m▄[38;2;93;87;65m[48;2;21;19;22m▄[38;2;80;53;45m[48;2;38;29;30m▄[38;2;60;36;33m[48;2;37;34;36m▄[38;2;46;39;34m[48;2;29;40;39m▄[38;2;83;90;87m[48;2;70;46;43m▄[38;2;137;155;154m[48;2;105;47;40m▄[38;2;143;160;159m[48;2;68;38;34m▄[38;2;165;175;176m[48;2;8;21;16m▄[38;2;182;184;190m[48;2;32;38;33m▄[38;2;185;180;189m[48;2;47;47;49m▄[38;2;193;187;192m[48;2;77;79;85m▄[38;2;177;172;175m[48;2;131;126;131m▄[38;2;169;164;167m[48;2;152;135;140m▄[38;2;109;106;112m[48;2;170;162;164m▄[38;2;148;146;157m[48;2;188;181;176m▄[38;2;238;237;245m[48;2;131;124;117m▄[38;2;183;188;190m[48;2;60;66;53m▄[38;2;150;161;160m[48;2;36;50;34m▄[38;2;161;168;168m[48;2;45;58;43m▄[38;2;180;184;187m[48;2;46;58;49m▄[38;2;173;177;180m[48;2;37;50;46m▄[38;2;164;163;170m[48;2;34;40;57m▄[38;2;231;229;235m[48;2;87;91;93m▄[38;2;231;229;233m[48;2;75;74;78m▄[38;2;140;152;146m[48;2;55;61;60m▄[38;2;84;106;86m[48;2;34;44;46m▄[38;2;87;106;92m[48;2;32;56;44m▄[38;2;85;102;91m[48;2;34;68;44m▄[38;2;86;105;94m[48;2;37;70;48m▄[38;2;82;99;89m[48;2;29;57;47m▄[38;2;66;82;67m[48;2;34;67;53m▄[38;2;62;78;59m[48;2;38;67;56m▄[38;2;74;71;84m[48;2;66;61;102m▄[38;2;66;51;100m[48;2;63;50;95m▄[38;2;59;66;65m[48;2;41;66;54m▄[38;2;67;91;65m[48;2;40;86;58m▄[38;2;67;89;68m[48;2;37;84;59m▄[38;2;62;76;63m[48;2;39;57;49m▄[38;2;58;70;57m[48;2;52;46;40m▄[38;2;57;69;55m[48;2;44;41;35m▄[38;2;57;71;57m[48;2;49;46;32m▄[38;2;55;69;54m[48;2;54;50;34m▄[38;2;34;49;36m[48;2;118;102;80m▄[38;2;120;124;124m[48;2;127;108;89m▄[38;2;187;175;183m[48;2;189;177;180m▄[38;2;127;109;121m[48;2;157;145;153m▄[38;2;177;164;174m[48;2;158;144;154m▄[38;2;188;178;187m[48;2;209;198;206m▄[38;2;133;126;136m[48;2;207;195;202m▄[38;2;40;37;48m[48;2;160;150;155m▄[38;2;23;23;35m[48;2;47;45;49m▄[38;2;30;30;41m[48;2;2;3;8m▄[38;2;14;18;24m[48;2;8;11;17m▄[38;2;8;10;16m[48;2;61;52;61m▄[0m
[38;2;44;26;30m[48;2;96;79;64m▄[38;2;38;23;28m[48;2;99;80;69m▄[38;2;29;16;25m[48;2;85;68;59m▄[38;2;25;23;29m[48;2;77;68;57m▄[38;2;117;121;104m[48;2;97;91;84m▄[38;2;124;127;110m[48;2;115;108;92m▄[38;2;122;124;111m[48;2;132;124;101m▄[38;2;127;129;115m[48;2;117;111;95m▄[38;2;132;135;118m[48;2;94;88;79m▄[38;2;135;139;122m[48;2;92;82;76m▄[38;2;137;140;123m[48;2;105;95;87m▄[38;2;106;111;99m[48;2;140;140;141m▄[38;2;56;43;44m[48;2;118;108;116m▄[38;2;54;28;33m[48;2;118;102;112m▄[38;2;66;60;58m[48;2;114;109;117m▄[38;2;135;137;122m[48;2;144;143;140m▄[38;2;130;132;117m[48;2;142;141;134m▄[38;2;136;138;122m[48;2;134;132;123m▄[38;2;104;109;102m[48;2;127;127;122m▄[38;2;58;52;55m[48;2;68;64;69m▄[38;2;77;54;55m[48;2;79;65;73m▄[38;2;58;41;44m[48;2;105;94;105m▄[38;2;54;41;46m[48;2;71;64;73m▄[38;2;46;33;39m[48;2;100;93;103m▄[38;2;72;53;55m[48;2;103;90;98m▄[38;2;61;45;48m[48;2;116;108;114m▄[38;2;34;30;38m[48;2;119;118;125m▄[38;2;37;33;40m[48;2;104;100;110m▄[38;2;44;41;48m[48;2;117;115;123m▄[38;2;107;101;107m[48;2;102;100;105m▄[38;2;151;137;141m[48;2;112;109;117m▄[38;2;161;151;157m[48;2;122;116;124m▄[38;2;135;129;146m[48;2;116;110;121m▄[38;2;145;136;151m[48;2;113;108;119m▄[38;2;159;148;155m[48;2;118;111;120m▄[38;2;140;132;143m[48;2;119;110;115m▄[38;2;105;102;121m[48;2;88;75;71m▄[38;2;70;74;86m[48;2;84;70;61m▄[38;2;29;38;47m[48;2;88;75;69m▄[38;2;31;41;47m[48;2;60;49;66m▄[38;2;58;49;55m[48;2;81;69;71m▄[38;2;79;57;64m[48;2;92;77;70m▄[38;2;52;44;54m[48;2;84;72;66m▄[38;2;22;35;46m[48;2;84;74;68m▄[38;2;27;38;49m[48;2;80;71;65m▄[38;2;27;37;49m[48;2;79;71;64m▄[38;2;26;37;48m[48;2;76;68;63m▄[38;2;25;37;47m[48;2;72;66;61m▄[38;2;26;36;45m[48;2;72;66;62m▄[38;2;19;30;38m[48;2;102;100;104m▄[38;2;21;32;39m[48;2;78;74;84m▄[38;2;24;35;41m[48;2;61;58;69m▄[38;2;23;33;40m[48;2;60;62;73m▄[38;2;24;34;40m[48;2;47;50;61m▄[38;2;26;35;41m[48;2;35;39;52m▄[38;2;27;35;41m[48;2;40;44;59m▄[38;2;25;35;41m[48;2;43;48;63m▄[38;2;20;27;32m[48;2;36;42;55m▄[38;2;74;52;53m[48;2;58;49;57m▄[38;2;95;63;65m[48;2;57;44;48m▄[0m
[38;2;55;30;30m[48;2;53;30;32m▄[38;2;48;27;28m[48;2;51;30;30m▄[38;2;37;20;22m[48;2;39;23;25m▄[38;2;36;27;26m[48;2;36;28;28m▄[38;2;123;121;104m[48;2;120;119;103m▄[38;2;131;130;109m[48;2;128;128;109m▄[38;2;131;130;110m[48;2;128;128;109m▄[38;2;132;131;111m[48;2;130;129;110m▄[38;2;134;132;112m[48;2;131;130;111m▄[38;2;135;133;114m[48;2;132;132;115m▄[38;2;140;139;118m[48;2;136;136;118m▄[38;2;117;118;105m[48;2;113;116;104m▄[38;2;68;50;46m[48;2;67;50;48m▄[38;2;67;35;35m[48;2;65;36;37m▄[38;2;75;64;59m[48;2;74;66;61m▄[38;2;143;144;123m[48;2;140;141;123m▄[38;2;139;137;118m[48;2;136;136;118m▄[38;2;142;140;122m[48;2;139;140;120m▄[38;2;110;111;100m[48;2;109;112;101m▄[38;2;64;49;46m[48;2;61;51;51m▄[38;2;83;51;46m[48;2;80;53;51m▄[38;2;67;44;43m[48;2;66;47;45m▄[38;2;56;39;38m[48;2;57;42;42m▄[38;2;51;35;35m[48;2;51;38;39m▄[38;2;79;51;50m[48;2;76;55;54m▄[38;2;66;43;42m[48;2;69;49;49m▄[38;2;15;17;18m[48;2;18;22;27m▄[38;2;42;47;50m[48;2;26;35;39m▄[38;2;206;205;212m[48;2;173;173;180m▄[38;2;191;181;175m[48;2;188;178;181m▄[38;2;163;148;130m[48;2;177;153;134m▄[38;2;176;156;140m[48;2;188;162;142m▄[38;2;190;162;145m[48;2;178;153;136m▄[38;2;155;130;113m[48;2;181;158;140m▄[38;2;187;160;139m[48;2;175;152;136m▄[38;2;195;181;183m[48;2;195;187;189m▄[38;2;200;190;199m[48;2;218;210;219m▄[38;2;202;192;200m[48;2;198;190;198m▄[38;2;113;112;116m[48;2;55;61;67m▄[38;2;6;13;15m[48;2;20;28;33m▄[38;2;53;37;37m[48;2;60;46;49m▄[38;2;81;52;50m[48;2;85;57;58m▄[38;2;53;40;39m[48;2;53;42;45m▄[38;2;23;31;34m[48;2;25;35;39m▄[38;2;27;35;37m[48;2;30;38;43m▄[38;2;27;35;36m[48;2;30;38;43m▄[38;2;27;35;36m[48;2;30;38;43m▄[38;2;27;35;36m[48;2;30;38;40m▄[38;2;28;34;35m[48;2;30;38;40m▄[38;2;28;34;34m[48;2;30;37;40m▄[38;2;27;34;34m[48;2;30;37;40m▄[38;2;27;34;34m[48;2;29;37;39m▄[38;2;27;33;33m[48;2;29;36;38m▄[38;2;27;33;33m[48;2;29;36;39m▄[38;2;26;33;33m[48;2;29;36;38m▄[38;2;27;32;33m[48;2;28;35;37m▄[38;2;26;32;32m[48;2;26;35;36m▄[38;2;21;23;24m[48;2;22;25;27m▄[38;2;75;47;44m[48;2;73;49;48m▄[38;2;95;58;54m[48;2;92;59;55m▄[0m
[38;2;44;23;23m[48;2;52;28;26m▄[38;2;48;25;24m[48;2;49;27;25m▄[38;2;36;18;17m[48;2;38;19;21m▄[38;2;37;26;23m[48;2;37;26;24m▄[38;2;129;125;107m[48;2;126;123;105m▄[38;2;135;133;112m[48;2;134;132;111m▄[38;2;134;132;111m[48;2;133;131;110m▄[38;2;135;133;113m[48;2;135;132;112m▄[38;2;139;137;114m[48;2;135;133;113m▄[38;2;135;131;113m[48;2;136;135;114m▄[38;2;79;64;86m[48;2;135;134;115m▄[38;2;52;43;58m[48;2;114;114;102m▄[38;2;72;49;46m[48;2;70;49;44m▄[38;2;70;36;33m[48;2;70;34;33m▄[38;2;78;65;57m[48;2;77;65;59m▄[38;2;147;146;125m[48;2;145;144;124m▄[38;2;143;140;120m[48;2;141;137;118m▄[38;2;143;141;121m[48;2;143;140;120m▄[38;2;110;111;98m[48;2;110;110;98m▄[38;2;59;46;42m[48;2;61;47;44m▄[38;2;75;43;39m[48;2;76;47;43m▄[38;2;56;30;30m[48;2;67;42;40m▄[38;2;51;32;31m[48;2;56;36;35m▄[38;2;74;58;54m[48;2;45;26;27m▄[38;2;115;89;79m[48;2;68;39;37m▄[38;2;127;101;91m[48;2;66;44;45m▄[38;2;118;102;99m[48;2;21;24;27m▄[38;2;89;87;91m[48;2;28;35;36m▄[38;2;148;125;140m[48;2;152;112;128m▄[38;2;116;75;89m[48;2;169;103;119m▄[38;2;72;31;38m[48;2;176;110;120m▄[38;2;89;60;56m[48;2;142;73;95m▄[38;2;108;88;75m[48;2;163;121;126m▄[38;2;172;140;115m[48;2;210;181;158m▄[38;2;174;149;134m[48;2;186;157;137m▄[38;2;177;169;177m[48;2;200;187;193m▄[38;2;146;135;144m[48;2;197;188;196m▄[38;2;184;174;180m[48;2;204;193;201m▄[38;2;125;123;133m[48;2;176;169;175m▄[38;2;119;116;128m[48;2;49;53;54m▄[38;2;117;107;117m[48;2;79;62;63m▄[38;2;108;92;98m[48;2;90;60;58m▄[38;2;66;56;61m[48;2;48;33;32m▄[38;2;34;37;42m[48;2;22;28;29m▄[38;2;29;32;35m[48;2;27;33;32m▄[38;2;31;31;33m[48;2;27;33;33m▄[38;2;40;36;34m[48;2;25;32;32m▄[38;2;41;35;34m[48;2;25;32;32m▄[38;2;42;36;35m[48;2;24;32;32m▄[38;2;42;36;35m[48;2;24;31;32m▄[38;2;43;35;34m[48;2;24;31;31m▄[38;2;45;35;34m[48;2;24;31;31m▄[38;2;46;36;33m[48;2;23;31;31m▄[38;2;46;36;33m[48;2;24;30;31m▄[38;2;46;37;33m[48;2;24;30;30m▄[38;2;47;37;34m[48;2;25;30;30m▄[38;2;47;37;34m[48;2;23;29;29m▄[38;2;43;32;29m[48;2;16;20;18m▄[38;2;76;47;42m[48;2;73;46;41m▄[38;2;92;55;50m[48;2;95;57;53m▄[0m
[38;2;39;19;17m[48;2;44;23;23m▄[38;2;43;23;21m[48;2;47;25;24m▄[38;2;29;10;10m[48;2;34;17;16m▄[38;2;26;17;16m[48;2;35;25;23m▄[38;2;124;122;102m[48;2;128;125;107m▄[38;2;133;130;108m[48;2;136;133;112m▄[38;2;135;129;108m[48;2;136;131;111m▄[38;2;135;131;108m[48;2;138;132;112m▄[38;2;92;80;93m[48;2;140;138;114m▄[38;2;58;42;78m[48;2;125;117;111m▄[38;2;50;36;67m[48;2;73;54;86m▄[38;2;46;32;63m[48;2;42;30;53m▄[38;2;35;23;51m[48;2;62;41;42m▄[38;2;42;20;31m[48;2;70;36;32m▄[38;2;81;66;58m[48;2;78;65;57m▄[38;2;148;146;124m[48;2;147;147;125m▄[38;2;150;143;121m[48;2;144;140;120m▄[38;2;146;142;120m[48;2;142;142;121m▄[38;2;101;102;92m[48;2;111;111;97m▄[38;2;62;54;68m[48;2;59;43;38m▄[38;2;76;66;99m[48;2;64;40;38m▄[38;2;97;87;99m[48;2;116;94;85m▄[38;2;88;75;75m[48;2;178;148;127m▄[38;2;45;36;35m[48;2;172;140;114m▄[38;2;47;45;54m[48;2;160;136;119m▄[38;2;59;67;90m[48;2;158;146;146m▄[38;2;77;84;108m[48;2;161;148;147m▄[38;2;76;80;101m[48;2;120;113;121m▄[38;2;41;42;62m[48;2;67;73;90m▄[38;2;138;115;122m[48;2;145;137;136m▄[38;2;204;167;160m[48;2;169;139;125m▄[38;2;153;120;114m[48;2;171;140;125m▄[38;2;188;152;145m[48;2;154;122;104m▄[38;2;165;137;136m[48;2;198;164;142m▄[38;2;55;55;76m[48;2;178;163;162m▄[38;2;47;51;74m[48;2;79;80;98m▄[38;2;53;60;81m[48;2;47;47;65m▄[38;2;49;54;76m[48;2;99;92;105m▄[38;2;62;65;85m[48;2;92;89;104m▄[38;2;60;63;81m[48;2;50;55;76m▄[38;2;33;34;47m[48;2;52;57;76m▄[38;2;24;24;34m[48;2;42;44;59m▄[38;2;25;25;34m[48;2;47;49;66m▄[38;2;17;17;23m[48;2;34;36;50m▄[38;2;25;25;36m[48;2;21;23;30m▄[38;2;22;23;29m[48;2;23;22;27m▄[38;2;22;26;23m[48;2;45;32;31m▄[38;2;23;26;23m[48;2;47;32;30m▄[38;2;22;26;24m[48;2;46;31;30m▄[38;2;22;25;24m[48;2;45;31;29m▄[38;2;22;26;24m[48;2;44;30;29m▄[38;2;23;26;24m[48;2;45;30;29m▄[38;2;23;26;24m[48;2;45;29;28m▄[38;2;23;26;24m[48;2;43;30;27m▄[38;2;23;26;23m[48;2;42;30;28m▄[38;2;23;26;25m[48;2;42;30;27m▄[38;2;22;25;24m[48;2;41;29;26m▄[38;2;18;16;15m[48;2;37;25;24m▄[38;2;70;42;38m[48;2;74;46;41m▄[38;2;88;52;45m[48;2;90;53;47m▄[0m
[38;2;86;71;55m[48;2;35;14;14m▄[38;2;87;74;59m[48;2;32;10;11m▄[38;2;130;121;117m[48;2;41;27;29m▄[38;2;103;81;85m[48;2;59;54;52m▄[38;2;110;87;86m[48;2;135;135;116m▄[38;2;127;108;104m[48;2;145;143;122m▄[38;2;162;155;147m[48;2;138;135;115m▄[38;2;180;183;174m[48;2;131;128;110m▄[38;2;160;145;139m[48;2;95;79;87m▄[38;2;247;207;177m[48;2;149;123;121m▄[38;2;255;225;195m[48;2;155;134;129m▄[38;2;251;217;189m[48;2;156;136;131m▄[38;2;244;204;171m[48;2;151;126;121m▄[38;2;74;49;43m[48;2;56;36;41m▄[38;2;64;53;45m[48;2;73;60;54m▄[38;2;116;115;101m[48;2;152;149;124m▄[38;2;41;45;64m[48;2;126;122;108m▄[38;2;42;45;70m[48;2;84;84;92m▄[38;2;42;46;65m[48;2;59;62;83m▄[38;2;37;37;52m[48;2;55;59;82m▄[38;2;29;27;39m[48;2;40;42;58m▄[38;2;34;31;40m[48;2;29;33;52m▄[38;2;39;31;39m[48;2;33;39;60m▄[38;2;33;19;23m[48;2;23;25;39m▄[38;2;83;54;41m[48;2;23;19;29m▄[38;2;132;99;58m[48;2;38;33;42m▄[38;2;81;50;50m[48;2;26;29;41m▄[38;2;45;41;64m[48;2;36;39;53m▄[38;2;42;48;65m[48;2;40;43;59m▄[38;2;38;41;56m[48;2;79;69;82m▄[38;2;93;72;85m[48;2;173;137;131m▄[38;2;130;96;94m[48;2;149;113;107m▄[38;2;80;64;78m[48;2;165;132;128m▄[38;2;99;99;117m[48;2;86;77;93m▄[38;2;145;150;161m[48;2;56;59;76m▄[38;2;118;123;137m[48;2;54;55;69m▄[38;2;125;127;142m[48;2;51;51;65m▄[38;2;78;79;94m[48;2;42;42;55m▄[38;2;36;38;55m[48;2;33;34;45m▄[38;2;22;24;35m[48;2;24;24;33m▄[38;2;16;15;24m[48;2;18;17;23m▄[38;2;51;53;73m[48;2;39;38;53m▄[38;2;53;57;79m[48;2;49;51;69m▄[38;2;47;51;70m[48;2;38;40;54m▄[38;2;43;47;69m[48;2;35;36;50m▄[38;2;57;55;64m[48;2;33;35;44m▄[38;2;50;43;33m[48;2;21;24;22m▄[38;2;17;19;19m[48;2;27;27;25m▄[38;2;21;22;20m[48;2;27;27;25m▄[38;2;21;22;21m[48;2;27;27;26m▄[38;2;20;21;20m[48;2;26;26;25m▄[38;2;21;22;21m[48;2;27;27;26m▄[38;2;21;22;21m[48;2;27;27;26m▄[38;2;20;21;20m[48;2;26;26;25m▄[38;2;20;21;20m[48;2;26;26;26m▄[38;2;19;20;18m[48;2;26;26;25m▄[38;2;18;20;18m[48;2;24;25;24m▄[38;2;14;14;14m[48;2;19;18;16m▄[38;2;63;37;33m[48;2;68;41;35m▄[38;2;79;42;40m[48;2;87;50;44m▄[0m
[38;2;53;52;57m[48;2;84;82;80m▄[38;2;56;53;59m[48;2;88;90;89m▄[38;2;52;48;53m[48;2;77;74;81m▄[38;2;54;52;53m[48;2;56;42;55m▄[38;2;52;50;52m[48;2;50;35;50m▄[38;2;55;55;60m[48;2;44;31;45m▄[38;2;49;49;57m[48;2;80;77;84m▄[38;2;40;39;45m[48;2;116;118;118m▄[38;2;38;38;47m[48;2;113;107;105m▄[38;2;26;28;39m[48;2;108;95;89m▄[38;2;17;17;23m[48;2;120;106;103m▄[38;2;32;32;43m[48;2;137;121;119m▄[38;2;96;93;106m[48;2;183;165;161m▄[38;2;137;128;135m[48;2;171;157;156m▄[38;2;151;136;143m[48;2;133;121;124m▄[38;2;167;155;163m[48;2;150;142;148m▄[38;2;155;144;145m[48;2;158;149;161m▄[38;2;104;90;77m[48;2;128;118;118m▄[38;2;97;83;68m[48;2;87;81;76m▄[38;2;90;77;63m[48;2;68;62;56m▄[38;2;114;100;84m[48;2;75;64;56m▄[38;2;150;130;112m[48;2;70;58;50m▄[38;2;134;116;100m[48;2;81;68;60m▄[38;2;93;83;72m[48;2;72;59;52m▄[38;2;78;69;59m[48;2;83;69;54m▄[38;2;76;68;59m[48;2;106;89;68m▄[38;2;82;77;63m[48;2;108;72;72m▄[38;2;86;77;64m[48;2;70;57;56m▄[38;2;90;76;59m[48;2;66;62;58m▄[38;2;79;65;50m[48;2;61;57;55m▄[38;2;80;75;72m[48;2;75;68;61m▄[38;2;124;98;86m[48;2;99;84;75m▄[38;2;135;107;85m[48;2;92;84;81m▄[38;2;81;72;59m[48;2;82;78;75m▄[38;2;73;62;50m[48;2;104;100;97m▄[38;2;106;85;67m[48;2;93;93;91m▄[38;2;95;77;63m[48;2;98;95;93m▄[38;2;78;68;55m[48;2;84;78;74m▄[38;2;85;71;55m[48;2;71;65;63m▄[38;2;90;79;66m[48;2;76;71;64m▄[38;2;94;85;74m[48;2;85;80;73m▄[38;2;85;74;63m[48;2;86;81;80m▄[38;2;87;76;63m[48;2;91;85;83m▄[38;2;95;85;71m[48;2;80;74;69m▄[38;2;102;93;78m[48;2;109;102;97m▄[38;2;78;70;60m[48;2;108;98;90m▄[38;2;71;64;58m[48;2;97;84;68m▄[38;2;73;67;59m[48;2;87;80;71m▄[38;2;73;65;56m[48;2;90;82;72m▄[38;2;84;73;64m[48;2;80;73;64m▄[38;2;93;82;71m[48;2;78;72;64m▄[38;2;87;77;66m[48;2;75;70;61m▄[38;2;87;78;67m[48;2;71;66;57m▄[38;2;85;77;66m[48;2;69;64;55m▄[38;2;81;73;62m[48;2;71;66;57m▄[38;2;83;75;63m[48;2;67;62;53m▄[38;2;83;73;64m[48;2;67;61;53m▄[38;2;82;71;62m[48;2;65;58;51m▄[38;2;73;65;55m[48;2;77;63;56m▄[38;2;81;71;64m[48;2;87;70;63m▄[0m
[38;2;62;53;46m[48;2;89;80;68m▄[38;2;71;61;54m[48;2;93;82;70m▄[38;2;71;62;53m[48;2;84;73;62m▄[38;2;74;64;54m[48;2;79;68;58m▄[38;2;60;50;42m[48;2;66;56;46m▄[38;2;70;60;51m[48;2;68;58;47m▄[38;2;94;82;68m[48;2;80;70;57m▄[38;2;78;70;62m[48;2;63;56;52m▄[38;2;58;60;78m[48;2;29;29;36m▄[38;2;56;57;77m[48;2;16;16;22m▄[38;2;44;44;59m[48;2;19;18;24m▄[38;2;43;44;61m[48;2;36;36;45m▄[38;2;42;45;61m[48;2;43;42;54m▄[38;2;44;44;61m[48;2;46;45;59m▄[38;2;63;50;58m[48;2;100;81;90m▄[38;2;61;46;39m[48;2;109;93;100m▄[38;2;44;37;35m[48;2;46;48;62m▄[38;2;42;38;42m[48;2;60;60;73m▄[38;2;42;37;41m[48;2;70;64;70m▄[38;2;45;41;47m[48;2;68;65;71m▄[38;2;40;36;38m[48;2;81;77;86m▄[38;2;40;35;29m[48;2;87;74;83m▄[38;2;44;37;29m[48;2;99;83;75m▄[38;2;54;43;32m[48;2;96;82;69m▄[38;2;56;44;34m[48;2;90;77;64m▄[38;2;72;58;46m[48;2;88;75;63m▄[38;2;74;59;46m[48;2;86;74;62m▄[38;2;70;54;39m[48;2;84;70;57m▄[38;2;58;67;77m[48;2;77;81;85m▄[38;2;55;92;131m[48;2;71;101;131m▄[38;2;67;85;104m[48;2;56;88;122m▄[38;2;62;54;48m[48;2;72;64;60m▄[38;2;83;55;46m[48;2;77;61;47m▄[38;2;145;112;98m[48;2;78;65;56m▄[38;2;142;120;108m[48;2;76;65;54m▄[38;2;80;66;56m[48;2;104;79;59m▄[38;2;66;59;52m[48;2;87;66;60m▄[38;2;67;92;115m[48;2;71;85;100m▄[38;2;50;95;140m[48;2;65;81;93m▄[38;2;58;64;70m[48;2;56;53;51m▄[38;2;54;40;28m[48;2;55;45;35m▄[38;2;43;35;30m[48;2;42;39;35m▄[38;2;25;26;27m[48;2;37;37;35m▄[38;2;25;28;28m[48;2;36;37;35m▄[38;2;28;28;26m[48;2;37;36;31m▄[38;2;32;27;23m[48;2;38;36;33m▄[38;2;25;23;21m[48;2;28;31;32m▄[38;2;51;37;33m[48;2;19;27;27m▄[38;2;68;45;39m[48;2;27;31;29m▄[38;2;63;42;38m[48;2;50;45;38m▄[38;2;65;40;35m[48;2;66;59;49m▄[38;2;105;71;53m[48;2;75;68;57m▄[38;2;76;61;50m[48;2;78;68;56m▄[38;2;92;76;63m[48;2;73;63;53m▄[38;2;110;90;70m[48;2;67;58;49m▄[38;2;137;111;86m[48;2;61;51;44m▄[38;2;148;122;95m[48;2;60;52;44m▄[38;2;151;123;96m[48;2;69;60;51m▄[38;2;205;160;122m[48;2;80;71;62m▄[38;2;173;137;105m[48;2;106;95;84m▄[0m
[38;2;79;66;55m[48;2;73;62;53m▄[38;2;88;75;63m[48;2;75;63;53m▄[38;2;84;72;60m[48;2;67;55;46m▄[38;2;77;63;51m[48;2;61;49;40m▄[38;2;54;43;33m[48;2;47;36;30m▄[38;2;53;41;32m[48;2;56;46;38m▄[38;2;65;52;40m[48;2;71;60;49m▄[38;2;60;47;40m[48;2;70;57;45m▄[38;2;45;41;49m[48;2;59;55;63m▄[38;2;50;52;69m[48;2;57;59;81m▄[38;2;57;59;77m[48;2;58;60;80m▄[38;2;56;58;77m[48;2;54;55;73m▄[38;2;55;58;78m[48;2;50;52;69m▄[38;2;54;58;78m[48;2;46;47;62m▄[38;2;69;69;81m[48;2;65;58;48m▄[38;2;77;77;85m[48;2;61;50;38m▄[38;2;83;75;76m[48;2;63;49;35m▄[38;2;67;58;58m[48;2;42;35;24m▄[38;2;41;42;52m[48;2;20;19;15m▄[38;2;52;54;69m[48;2;33;25;17m▄[38;2;57;58;76m[48;2;31;25;21m▄[38;2;56;59;78m[48;2;26;26;27m▄[38;2;39;41;54m[48;2;23;24;25m▄[38;2;37;37;48m[48;2;38;31;24m▄[38;2;42;41;52m[48;2;51;38;29m▄[38;2;44;43;54m[48;2;68;55;45m▄[38;2;51;49;60m[48;2;81;66;53m▄[38;2;58;58;72m[48;2;75;60;47m▄[38;2;60;57;66m[48;2;70;53;35m▄[38;2;67;52;42m[48;2;58;51;47m▄[38;2;56;46;40m[48;2;34;57;83m▄[38;2;53;76;103m[48;2;56;81;108m▄[38;2;74;107;144m[48;2;97;102;118m▄[38;2;65;89;118m[48;2;126;100;98m▄[38;2;68;90;116m[48;2;128;111;112m▄[38;2;84;86;106m[48;2;72;110;141m▄[38;2;116;48;46m[48;2;58;84;108m▄[38;2;62;25;22m[48;2;75;71;89m▄[38;2;38;36;44m[48;2;86;49;53m▄[38;2;49;42;45m[48;2;79;47;41m▄[38;2;65;55;47m[48;2;55;41;31m▄[38;2;50;40;35m[48;2;47;33;22m▄[38;2;43;35;32m[48;2;27;23;16m▄[38;2;35;32;35m[48;2;9;11;11m▄[38;2;39;33;34m[48;2;5;7;9m▄[38;2;60;51;47m[48;2;67;58;46m▄[38;2;60;51;48m[48;2;130;97;72m▄[38;2;42;40;38m[48;2;89;54;40m▄[38;2;43;41;39m[48;2;43;28;28m▄[38;2;68;62;69m[48;2;109;84;66m▄[38;2;91;77;78m[48;2;131;101;79m▄[38;2;73;58;58m[48;2;97;67;55m▄[38;2;101;83;80m[48;2;119;89;70m▄[38;2;63;55;59m[48;2;197;159;120m▄[38;2;26;21;38m[48;2;204;162;130m▄[38;2;19;18;38m[48;2;144;116;97m▄[38;2;56;51;56m[48;2;107;87;72m▄[38;2;69;60;61m[48;2;125;98;78m▄[38;2;47;44;46m[48;2;187;135;101m▄[38;2;39;37;40m[48;2;118;89;72m▄[0m
[38;2;62;48;39m[48;2;66;50;37m▄[38;2;58;46;38m[48;2;62;49;37m▄[38;2;66;52;43m[48;2;66;55;45m▄[38;2;59;48;39m[48;2;78;63;51m▄[38;2;50;44;46m[48;2;62;48;34m▄[38;2;58;59;77m[48;2;60;48;40m▄[38;2;62;65;90m[48;2;70;65;69m▄[38;2;59;62;83m[48;2;65;66;84m▄[38;2;39;40;54m[48;2;64;66;89m▄[38;2;48;50;67m[48;2;54;56;75m▄[38;2;58;61;82m[48;2;54;55;73m▄[38;2;57;58;80m[48;2;58;58;77m▄[38;2;56;59;80m[48;2;57;58;78m▄[38;2;56;59;80m[48;2;56;60;80m▄[38;2;56;60;81m[48;2;54;60;82m▄[38;2;57;61;81m[48;2;54;59;81m▄[38;2;57;60;80m[48;2;53;60;83m▄[38;2;57;61;81m[48;2;50;56;79m▄[38;2;31;32;44m[48;2;32;33;48m▄[38;2;34;34;48m[48;2;37;38;54m▄[38;2;56;59;77m[48;2;57;60;80m▄[38;2;51;55;75m[48;2;55;58;78m▄[38;2;51;54;71m[48;2;29;29;37m▄[38;2;49;51;70m[48;2;30;26;32m▄[38;2;69;65;70m[48;2;35;33;37m▄[38;2;68;60;57m[48;2;33;30;38m▄[38;2;67;59;59m[48;2;37;37;49m▄[38;2;61;58;64m[48;2;51;56;77m▄[38;2;55;54;67m[48;2;51;57;80m▄[38;2;37;39;56m[48;2;52;54;72m▄[38;2;43;46;64m[48;2;59;55;58m▄[38;2;48;51;69m[48;2;76;63;68m▄[38;2;56;48;64m[48;2;145;92;78m▄[38;2;73;67;99m[48;2;141;85;77m▄[38;2;84;82;125m[48;2;117;97;122m▄[38;2;61;54;69m[48;2;102;67;88m▄[38;2;47;40;40m[48;2;93;32;31m▄[38;2;45;39;38m[48;2;32;20;24m▄[38;2;60;52;49m[48;2;47;48;55m▄[38;2;57;48;47m[48;2;75;76;85m▄[38;2;53;43;41m[48;2;65;60;66m▄[38;2;52;42;39m[48;2;61;53;55m▄[38;2;54;42;37m[48;2;59;52;56m▄[38;2;51;42;46m[48;2;59;60;84m▄[38;2;55;56;84m[48;2;74;69;76m▄[38;2;66;55;99m[48;2;50;42;48m▄[38;2;65;53;101m[48;2;60;50;79m▄[38;2;48;39;59m[48;2;69;57;87m▄[38;2;36;26;34m[48;2;64;51;74m▄[38;2;24;17;28m[48;2;71;59;81m▄[38;2;51;37;32m[48;2;92;75;65m▄[38;2;87;62;45m[48;2;87;67;44m▄[38;2;145;99;45m[48;2;79;62;68m▄[38;2;156;113;47m[48;2;70;55;50m▄[38;2;155;119;55m[48;2;64;49;31m▄[38;2;183;136;59m[48;2;84;60;34m▄[38;2;165;126;53m[48;2;79;61;43m▄[38;2;31;21;8m[48;2;24;22;24m▄[38;2;15;10;7m[48;2;23;20;23m▄[38;2;24;16;12m[48;2;37;30;31m▄[0m
[38;2;41;41;46m[48;2;41;35;34m▄[38;2;52;51;66m[48;2;40;38;42m▄[38;2;49;50;67m[48;2;51;49;60m▄[38;2;53;54;72m[48;2;52;52;66m▄[38;2;53;55;72m[48;2;57;58;80m▄[38;2;49;51;67m[48;2;55;58;78m▄[38;2;48;48;63m[48;2;52;54;72m▄[38;2;32;31;42m[48;2;28;28;39m▄[38;2;40;40;54m[48;2;36;37;50m▄[38;2;54;55;74m[48;2;60;63;84m▄[38;2;53;55;74m[48;2;57;59;80m▄[38;2;55;57;77m[48;2;56;59;79m▄[38;2;55;57;77m[48;2;56;59;78m▄[38;2;53;56;76m[48;2;55;57;77m▄[38;2;52;55;74m[48;2;54;57;76m▄[38;2;49;52;71m[48;2;52;55;75m▄[38;2;50;52;72m[48;2;56;58;79m▄[38;2;50;52;70m[48;2;54;57;76m▄[38;2;51;53;73m[48;2;42;43;60m▄[38;2;49;52;71m[48;2;52;55;74m▄[38;2;48;49;68m[48;2;53;56;75m▄[38;2;48;49;66m[48;2;50;52;70m▄[38;2;46;47;63m[48;2;48;50;68m▄[38;2;72;68;68m[48;2;44;48;70m▄[38;2;90;82;78m[48;2;50;49;62m▄[38;2;59;46;39m[48;2;51;40;34m▄[38;2;55;40;31m[48;2;50;38;33m▄[38;2;56;42;34m[48;2;51;39;31m▄[38;2;50;36;28m[48;2;49;36;28m▄[38;2;45;40;50m[48;2;49;48;64m▄[38;2;66;64;84m[48;2;55;48;53m▄[38;2;48;37;31m[48;2;43;41;46m▄[38;2;51;37;35m[48;2;46;44;56m▄[38;2;92;36;35m[48;2;64;40;52m▄[38;2;91;46;46m[48;2;86;36;37m▄[38;2;84;74;73m[48;2;43;26;13m▄[38;2;110;101;99m[48;2;35;22;10m▄[38;2;124;115;110m[48;2;34;19;7m▄[38;2;139;132;129m[48;2;30;15;4m▄[38;2;134;129;128m[48;2;35;20;9m▄[38;2;72;65;70m[48;2;49;33;21m▄[38;2;49;42;47m[48;2;52;36;25m▄[38;2;46;36;36m[48;2;51;37;26m▄[38;2;45;35;28m[48;2;42;31;22m▄[38;2;45;35;33m[48;2;48;44;60m▄[38;2;37;33;48m[48;2;49;39;76m▄[38;2;48;49;62m[48;2;32;24;42m▄[38;2;33;30;37m[48;2;35;27;24m▄[38;2;41;37;43m[48;2;52;41;35m▄[38;2;52;46;49m[48;2;37;30;27m▄[38;2;52;44;47m[48;2;32;29;34m▄[38;2;44;41;50m[48;2;56;56;80m▄[38;2;53;59;84m[48;2;60;52;54m▄[38;2;53;52;76m[48;2;37;30;36m▄[38;2;50;41;77m[48;2;58;47;80m▄[38;2;46;38;74m[48;2;67;50;70m▄[38;2;36;32;49m[48;2;70;55;44m▄[38;2;38;34;42m[48;2;40;34;35m▄[38;2;39;35;43m[48;2;29;27;33m▄[38;2;43;40;47m[48;2;32;28;35m▄[0m
