[38;2;154;121;90m[48;2;147;114;86m▄[38;2;176;136;99m[48;2;150;113;79m▄[38;2;149;111;76m[48;2;131;94;63m▄[38;2;145;108;74m[48;2;131;94;63m▄[38;2;151;113;82m[48;2;123;86;57m▄[38;2;139;100;68m[48;2;113;77;48m▄[38;2;123;81;47m[48;2;106;69;40m▄[38;2;121;80;50m[48;2;110;73;44m▄[38;2;137;98;69m[48;2;121;83;57m▄[38;2;130;92;62m[48;2;123;84;59m▄[38;2;116;77;49m[48;2;104;67;40m▄[38;2;101;63;36m[48;2;88;52;27m▄[38;2;105;66;39m[48;2;98;61;38m▄[38;2;110;70;43m[48;2;96;59;34m▄[38;2;110;71;44m[48;2;96;57;34m▄[38;2;95;57;30m[48;2;90;52;30m▄[38;2;92;54;28m[48;2;96;59;36m▄[38;2;112;73;46m[48;2;102;67;42m▄[38;2;107;68;41m[48;2;98;61;36m▄[38;2;104;65;37m[48;2;96;59;36m▄[38;2;97;58;35m[48;2;94;57;34m▄[38;2;114;72;47m[48;2;96;63;40m▄[38;2;122;76;52m[48;2;94;56;34m▄[38;2;128;71;46m[48;2;98;52;30m▄[38;2;154;85;59m[48;2;115;59;42m▄[38;2;199;124;98m[48;2;162;90;71m▄[38;2;240;162;135m[48;2;193;113;92m▄[38;2;253;190;169m[48;2;193;139;121m▄[38;2;254;226;215m[48;2;235;231;229m▄[38;2;255;243;234m[48;2;235;229;226m▄[38;2;243;209;195m[48;2;220;171;162m▄[38;2;241;190;175m[48;2;235;177;164m▄[38;2;253;211;195m[48;2;241;198;177m▄[38;2;250;190;179m[48;2;198;108;90m▄[38;2;236;161;150m[48;2;164;50;38m▄[38;2;236;165;151m[48;2;173;69;57m▄[38;2;244;181;167m[48;2;191;104;90m▄[38;2;242;181;172m[48;2;183;96;84m▄[38;2;235;171;162m[48;2;169;88;77m▄[38;2;254;198;184m[48;2;235;189;175m▄[38;2;255;196;186m[48;2;249;208;200m▄[38;2;244;181;172m[48;2;245;198;189m▄[38;2;237;176;163m[48;2;233;175;166m▄[38;2;241;196;178m[48;2;218;162;150m▄[38;2;246;208;186m[48;2;224;187;168m▄[38;2;246;208;187m[48;2;229;193;171m▄[38;2;248;213;197m[48;2;231;198;181m▄[38;2;253;221;208m[48;2;235;204;195m▄[38;2;255;229;214m[48;2;239;208;197m▄[38;2;255;232;216m[48;2;241;212;198m▄[38;2;255;234;218m[48;2;243;214;200m▄[38;2;255;235;219m[48;2;243;214;200m▄[38;2;255;236;221m[48;2;245;216;202m▄[38;2;255;237;223m[48;2;245;216;206m▄[38;2;255;236;222m[48;2;243;216;208m▄[38;2;255;235;222m[48;2;243;216;208m▄[38;2;255;232;224m[48;2;245;216;206m▄[38;2;255;233;227m[48;2;245;216;210m▄[38;2;255;234;227m[48;2;243;218;212m▄[38;2;255;251;245m[48;2;254;235;231m▄[0m
[38;2;174;138;110m[48;2;157;123;90m▄[38;2;182;144;114m[48;2;168;131;98m▄[38;2;160;126;98m[48;2;148;115;83m▄[38;2;143;110;79m[48;2;134;100;69m▄[38;2;128;95;64m[48;2;140;107;75m▄[38;2;148;114;83m[48;2;145;113;78m▄[38;2;145;109;74m[48;2;130;93;57m▄[38;2;103;66;36m[48;2;106;67;39m▄[38;2;95;60;34m[48;2;114;79;52m▄[38;2;117;83;57m[48;2;126;92;65m▄[38;2;105;70;45m[48;2;106;70;44m▄[38;2;97;61;36m[48;2;104;67;43m▄[38;2;108;73;48m[48;2;100;63;40m▄[38;2;107;72;48m[48;2;108;70;47m▄[38;2;102;63;40m[48;2;102;65;42m▄[38;2;86;45;23m[48;2;85;51;26m▄[38;2;101;63;41m[48;2;89;55;30m▄[38;2;118;80;55m[48;2;103;67;42m▄[38;2;121;76;54m[48;2;106;68;44m▄[38;2;128;77;55m[48;2;99;53;31m▄[38;2;140;75;49m[48;2;102;47;26m▄[38;2;151;88;59m[48;2;115;60;36m▄[38;2;171;110;81m[48;2;137;82;56m▄[38;2;220;157;130m[48;2;174;113;87m▄[38;2;227;153;128m[48;2;202;132;105m▄[38;2;224;136;111m[48;2;219;146;118m▄[38;2;218;129;104m[48;2;232;162;137m▄[38;2;224;145;121m[48;2;243;186;165m▄[38;2;248;190;171m[48;2;236;179;160m▄[38;2;216;120;101m[48;2;184;95;73m▄[38;2;218;124;111m[48;2;194;102;84m▄[38;2;226;144;130m[48;2;200;111;92m▄[38;2;210;105;79m[48;2;203;120;96m▄[38;2;201;122;94m[48;2;223;196;182m▄[38;2;225;180;162m[48;2;234;224;214m▄[38;2;209;134;118m[48;2;226;196;181m▄[38;2;211;154;141m[48;2;216;162;148m▄[38;2;221;183;164m[48;2;227;185;167m▄[38;2;224;190;170m[48;2;233;194;176m▄[38;2;224;189;173m[48;2;225;179;166m▄[38;2;224;190;174m[48;2;220;170;162m▄[38;2;228;193;181m[48;2;222;178;169m▄[38;2;230;197;186m[48;2;228;191;181m▄[38;2;229;199;188m[48;2;228;198;186m▄[38;2;230;201;188m[48;2;229;198;183m▄[38;2;229;200;186m[48;2;229;194;177m▄[38;2;229;201;183m[48;2;229;197;183m▄[38;2;234;206;189m[48;2;234;204;191m▄[38;2;238;209;196m[48;2;239;211;197m▄[38;2;242;213;199m[48;2;242;214;200m▄[38;2;243;215;201m[48;2;243;216;201m▄[38;2;244;215;201m[48;2;242;218;205m▄[38;2;243;216;203m[48;2;241;220;206m▄[38;2;242;218;204m[48;2;240;222;206m▄[38;2;242;219;205m[48;2;239;220;205m▄[38;2;242;219;205m[48;2;240;218;204m▄[38;2;243;221;207m[48;2;242;217;206m▄[38;2;242;220;208m[48;2;240;215;208m▄[38;2;242;220;208m[48;2;242;216;207m▄[38;2;255;237;225m[48;2;255;235;225m▄[0m
[38;2;200;163;136m[48;2;193;157;129m▄[38;2;212;174;147m[48;2;202;164;137m▄[38;2;191;157;130m[48;2;176;142;115m▄[38;2;181;147;118m[48;2;160;126;95m▄[38;2;159;124;94m[48;2;134;100;72m▄[38;2;135;100;72m[48;2;134;100;74m▄[38;2;138;104;75m[48;2;147;111;80m▄[38;2;135;100;74m[48;2;126;90;61m▄[38;2;117;78;53m[48;2;106;69;44m▄[38;2;110;72;47m[48;2;105;70;45m▄[38;2;108;72;47m[48;2;106;72;47m▄[38;2;94;57;33m[48;2;87;53;27m▄[38;2;114;77;52m[48;2;112;77;51m▄[38;2;116;76;51m[48;2;111;75;49m▄[38;2;115;73;49m[48;2;112;72;47m▄[38;2;123;76;53m[48;2;103;55;34m▄[38;2;136;86;61m[48;2;112;66;48m▄[38;2;151;101;75m[48;2;131;89;68m▄[38;2;169;119;94m[48;2;140;92;69m▄[38;2;213;162;139m[48;2;162;107;82m▄[38;2;233;187;163m[48;2;185;125;100m▄[38;2;237;186;162m[48;2;225;169;143m▄[38;2;227;164;143m[48;2;221;166;140m▄[38;2;232;176;156m[48;2;232;178;155m▄[38;2;233;176;155m[48;2;235;176;153m▄[38;2;233;163;141m[48;2;230;150;127m▄[38;2;216;118;98m[48;2;210;111;88m▄[38;2;194;77;55m[48;2;207;107;81m▄[38;2;233;164;146m[48;2;243;184;167m▄[38;2;236;171;155m[48;2;226;145;130m▄[38;2;219;136;122m[48;2;218;125;111m▄[38;2;233;162;148m[48;2;234;163;147m▄[38;2;232;153;133m[48;2;231;150;127m▄[38;2;219;112;92m[48;2;211;99;73m▄[38;2;222;125;113m[48;2;218;122;107m▄[38;2;227;154;143m[48;2;221;149;142m▄[38;2;232;174;160m[48;2;222;174;159m▄[38;2;235;190;175m[48;2;224;186;167m▄[38;2;234;199;184m[48;2;225;190;170m▄[38;2;234;201;188m[48;2;229;194;177m▄[38;2;234;201;188m[48;2;231;197;186m▄[38;2;233;200;185m[48;2;231;199;188m▄[38;2;231;200;186m[48;2;232;200;190m▄[38;2;229;201;188m[48;2;230;201;190m▄[38;2;230;202;189m[48;2;231;202;191m▄[38;2;229;200;189m[48;2;230;202;190m▄[38;2;229;200;187m[48;2;231;203;188m▄[38;2;236;210;194m[48;2;236;208;193m▄[38;2;237;210;191m[48;2;237;209;195m▄[38;2;237;210;193m[48;2;239;210;196m▄[38;2;239;211;197m[48;2;240;214;199m▄[38;2;242;214;200m[48;2;242;215;201m▄[38;2;243;215;201m[48;2;244;216;201m▄[38;2;244;216;202m[48;2;245;216;202m▄[38;2;244;216;203m[48;2;244;217;202m▄[38;2;245;216;202m[48;2;244;219;204m▄[38;2;245;216;203m[48;2;244;218;205m▄[38;2;244;216;203m[48;2;243;219;205m▄[38;2;244;216;204m[48;2;242;221;207m▄[38;2;255;234;223m[48;2;255;236;225m▄[0m
[38;2;208;159;135m[48;2;204;161;135m▄[38;2;223;175;146m[48;2;219;173;147m▄[38;2;204;161;131m[48;2;198;161;135m▄[38;2;203;160;132m[48;2;194;158;133m▄[38;2;200;158;134m[48;2;183;150;122m▄[38;2;187;148;121m[48;2;158;120;93m▄[38;2;169;124;92m[48;2;137;94;68m▄[38;2;154;108;74m[48;2;128;88;60m▄[38;2;152;107;74m[48;2;125;85;59m▄[38;2;153;108;76m[48;2;121;78;53m▄[38;2;157;110;79m[48;2;116;74;49m▄[38;2;158;108;76m[48;2;118;74;51m▄[38;2;162;107;77m[48;2;126;80;56m▄[38;2;175;120;89m[48;2;132;85;58m▄[38;2;196;141;109m[48;2;146;96;69m▄[38;2;209;154;123m[48;2;174;123;93m▄[38;2;220;170;142m[48;2;192;143;110m▄[38;2;229;186;161m[48;2;211;165;137m▄[38;2;232;195;169m[48;2;226;186;161m▄[38;2;235;198;171m[48;2;238;203;177m▄[38;2;215;157;134m[48;2;240;199;174m▄[38;2;202;123;101m[48;2;231;179;158m▄[38;2;227;164;144m[48;2;234;182;163m▄[38;2;239;199;180m[48;2;236;188;167m▄[38;2;243;207;186m[48;2;236;187;166m▄[38;2;245;200;181m[48;2;236;180;159m▄[38;2;240;176;160m[48;2;226;148;124m▄[38;2;218;112;92m[48;2;199;81;61m▄[38;2;230;154;139m[48;2;231;152;135m▄[38;2;226;161;147m[48;2;236;175;160m▄[38;2;221;151;137m[48;2;223;146;134m▄[38;2;227;151;135m[48;2;233;159;145m▄[38;2;224;144;122m[48;2;230;151;130m▄[38;2;215;133;108m[48;2;223;134;113m▄[38;2;220;132;117m[48;2;227;136;127m▄[38;2;238;159;152m[48;2;233;152;143m▄[38;2;238;163;157m[48;2;237;167;155m▄[38;2;232;151;143m[48;2;239;181;168m▄[38;2;225;143;133m[48;2;242;198;183m▄[38;2;226;159;146m[48;2;242;205;192m▄[38;2;241;192;177m[48;2;239;207;192m▄[38;2;251;213;198m[48;2;237;207;189m▄[38;2;254;225;207m[48;2;233;205;185m▄[38;2;247;222;200m[48;2;232;204;183m▄[38;2;240;216;192m[48;2;230;202;181m▄[38;2;236;212;189m[48;2;230;201;183m▄[38;2;233;208;185m[48;2;232;204;187m▄[38;2;232;206;184m[48;2;235;210;191m▄[38;2;234;208;185m[48;2;236;209;189m▄[38;2;237;211;188m[48;2;237;209;191m▄[38;2;237;211;188m[48;2;237;209;194m▄[38;2;236;209;187m[48;2;240;212;197m▄[38;2;238;211;189m[48;2;243;214;199m▄[38;2;237;210;188m[48;2;241;213;198m▄[38;2;239;212;191m[48;2;244;216;201m▄[38;2;239;212;194m[48;2;244;216;203m▄[38;2;239;211;195m[48;2;244;215;202m▄[38;2;239;212;197m[48;2;244;216;203m▄[38;2;240;212;198m[48;2;244;217;203m▄[38;2;255;232;217m[48;2;255;235;219m▄[0m
[38;2;213;168;140m[48;2;210;163;138m▄[38;2;230;180;150m[48;2;227;177;148m▄[38;2;211;164;136m[48;2;209;163;129m▄[38;2;210;163;133m[48;2;206;159;127m▄[38;2;210;164;129m[48;2;207;160;133m▄[38;2;209;164;128m[48;2;205;160;128m▄[38;2;209;164;129m[48;2;202;158;123m▄[38;2;209;165;130m[48;2;198;154;119m▄[38;2;208;161;127m[48;2;197;149;115m▄[38;2;208;154;123m[48;2;198;149;115m▄[38;2;210;155;124m[48;2;198;148;114m▄[38;2;210;155;124m[48;2;197;145;112m▄[38;2;208;154;123m[48;2;196;141;110m▄[38;2;208;153;122m[48;2;200;144;114m▄[38;2;209;154;123m[48;2;204;149;117m▄[38;2;210;155;124m[48;2;208;153;123m▄[38;2;216;161;135m[48;2;218;164;140m▄[38;2;218;168;143m[48;2;225;173;151m▄[38;2;212;152;124m[48;2;223;165;140m▄[38;2;209;133;109m[48;2;215;147;124m▄[38;2;214;137;121m[48;2;207;133;116m▄[38;2;218;155;144m[48;2;204;125;109m▄[38;2;207;139;126m[48;2;200;116;97m▄[38;2;199;119;103m[48;2;216;142;124m▄[38;2;213;131;118m[48;2;236;179;162m▄[38;2;235;175;161m[48;2;247;202;186m▄[38;2;245;200;188m[48;2;246;196;183m▄[38;2;233;166;152m[48;2;230;144;129m▄[38;2;219;141;129m[48;2;228;153;140m▄[38;2;212;137;122m[48;2;218;149;136m▄[38;2;228;168;150m[48;2;219;151;136m▄[38;2;233;180;161m[48;2;226;155;140m▄[38;2;232;171;153m[48;2;226;150;131m▄[38;2;225;156;134m[48;2;222;140;117m▄[38;2;210;124;99m[48;2;204;114;89m▄[38;2;208;131;106m[48;2;224;148;129m▄[38;2;231;181;158m[48;2;230;144;133m▄[38;2;218;145;128m[48;2;213;98;91m▄[38;2;189;77;68m[48;2;181;53;45m▄[38;2;167;41;42m[48;2;147;35;32m▄[38;2;145;34;39m[48;2;116;39;40m▄[38;2;125;31;40m[48;2;112;57;56m▄[38;2;117;30;37m[48;2;157;107;102m▄[38;2;132;46;50m[48;2;190;147;135m▄[38;2;173;80;78m[48;2;218;174;155m▄[38;2;192;112;94m[48;2;230;193;168m▄[38;2;221;175;138m[48;2;232;203;174m▄[38;2;232;201;168m[48;2;231;203;177m▄[38;2;232;204;179m[48;2;234;208;184m▄[38;2;233;206;181m[48;2;236;211;186m▄[38;2;232;206;181m[48;2;235;210;185m▄[38;2;232;206;181m[48;2;233;207;183m▄[38;2;233;207;184m[48;2;233;207;184m▄[38;2;235;210;186m[48;2;234;208;185m▄[38;2;235;210;187m[48;2;236;210;186m▄[38;2;237;211;188m[48;2;236;210;186m▄[38;2;237;210;187m[48;2;236;209;187m▄[38;2;237;209;187m[48;2;238;210;188m▄[38;2;237;210;187m[48;2;237;208;191m▄[38;2;255;227;211m[48;2;255;228;213m▄[0m
[38;2;217;180;153m[48;2;217;172;148m▄[38;2;232;191;164m[48;2;231;183;157m▄[38;2;216;173;147m[48;2;214;169;144m▄[38;2;217;170;143m[48;2;214;168;141m▄[38;2;217;171;141m[48;2;212;167;136m▄[38;2;217;171;138m[48;2;212;168;133m▄[38;2;215;170;136m[48;2;211;167;132m▄[38;2;217;168;135m[48;2;212;166;132m▄[38;2;216;166;132m[48;2;212;163;130m▄[38;2;217;166;133m[48;2;214;160;129m▄[38;2;218;165;133m[48;2;215;159;129m▄[38;2;218;164;133m[48;2;214;159;128m▄[38;2;217;163;130m[48;2;213;158;125m▄[38;2;216;162;128m[48;2;212;158;124m▄[38;2;215;161;127m[48;2;212;157;126m▄[38;2;215;158;129m[48;2;212;157;126m▄[38;2;218;163;139m[48;2;216;162;136m▄[38;2;221;179;155m[48;2;218;172;148m▄[38;2;228;196;173m[48;2;222;177;152m▄[38;2;236;207;189m[48;2;226;177;153m▄[38;2;236;195;176m[48;2;218;157;138m▄[38;2;204;129;114m[48;2;205;136;120m▄[38;2;186;93;82m[48;2;206;134;121m▄[38;2;194;98;90m[48;2;202;122;111m▄[38;2;216;134;130m[48;2;205;122;114m▄[38;2;233;170;168m[48;2;224;153;146m▄[38;2;245;197;190m[48;2;241;192;184m▄[38;2;236;168;157m[48;2;236;173;161m▄[38;2;218;138;122m[48;2;212;128;113m▄[38;2;191;105;86m[48;2;198;113;96m▄[38;2;221;160;145m[48;2;230;173;155m▄[38;2;229;177;163m[48;2;232;185;164m▄[38;2;225;161;143m[48;2;229;168;149m▄[38;2;226;154;135m[48;2;225;154;132m▄[38;2;220;145;129m[48;2;217;139;118m▄[38;2;201;120;104m[48;2;202;121;100m▄[38;2;215;118;111m[48;2;222;161;145m▄[38;2;229;124;120m[48;2;216;129;120m▄[38;2;235;143;135m[48;2;219;111;104m▄[38;2;235;149;140m[48;2;226;119;115m▄[38;2;233;156;144m[48;2;230;123;120m▄[38;2;232;169;152m[48;2;229;124;118m▄[38;2;234;183;162m[48;2;226;127;119m▄[38;2;236;196;171m[48;2;226;139;125m▄[38;2;237;205;177m[48;2;223;149;130m▄[38;2;236;204;174m[48;2;223;170;140m▄[38;2;232;198;161m[48;2;221;180;141m▄[38;2;229;195;155m[48;2;228;194;156m▄[38;2;229;198;158m[48;2;232;202;169m▄[38;2;232;201;167m[48;2;233;205;175m▄[38;2;234;204;175m[48;2;232;205;178m▄[38;2;236;209;184m[48;2;234;208;183m▄[38;2;236;212;188m[48;2;237;212;189m▄[38;2;239;213;189m[48;2;237;212;189m▄[38;2;242;214;191m[48;2;237;213;189m▄[38;2;242;214;192m[48;2;238;213;189m▄[38;2;243;213;193m[48;2;241;214;192m▄[38;2;244;215;198m[48;2;242;214;193m▄[38;2;246;218;202m[48;2;241;214;194m▄[38;2;255;235;219m[48;2;255;230;214m▄[0m
[38;2;217;181;157m[48;2;217;181;157m▄[38;2;233;195;166m[48;2;234;196;167m▄[38;2;217;183;154m[48;2;217;178;150m▄[38;2;219;180;153m[48;2;218;174;142m▄[38;2;219;174;146m[48;2;218;173;138m▄[38;2;220;174;144m[48;2;219;174;138m▄[38;2;221;176;142m[48;2;218;172;138m▄[38;2;219;175;140m[48;2;218;172;138m▄[38;2;219;175;140m[48;2;217;172;137m▄[38;2;219;173;138m[48;2;217;171;137m▄[38;2;220;173;139m[48;2;219;170;137m▄[38;2;222;172;139m[48;2;220;169;136m▄[38;2;222;169;136m[48;2;221;165;134m▄[38;2;223;168;137m[48;2;220;163;133m▄[38;2;223;168;137m[48;2;219;162;130m▄[38;2;221;164;134m[48;2;217;160;129m▄[38;2;223;165;134m[48;2;219;164;135m▄[38;2;224;181;152m[48;2;226;183;157m▄[38;2;234;206;184m[48;2;232;204;183m▄[38;2;233;195;175m[48;2;239;215;198m▄[38;2;215;140;121m[48;2;247;218;200m▄[38;2;220;143;128m[48;2;222;151;134m▄[38;2;236;188;176m[48;2;210;125;112m▄[38;2;241;200;185m[48;2;224;153;140m▄[38;2;232;182;163m[48;2;234;173;161m▄[38;2;228;165;148m[48;2;241;192;181m▄[38;2;234;172;160m[48;2;238;180;169m▄[38;2;231;167;153m[48;2;232;162;146m▄[38;2;222;155;137m[48;2;225;157;135m▄[38;2;209;132;115m[48;2;201;118;97m▄[38;2;190;107;97m[48;2;201;126;113m▄[38;2;225;170;161m[48;2;228;173;161m▄[38;2;231;172;161m[48;2;227;164;151m▄[38;2;227;160;145m[48;2;225;160;143m▄[38;2;225;159;143m[48;2;222;154;138m▄[38;2;224;149;136m[48;2;209;130;118m▄[38;2;206;123;108m[48;2;222;137;125m▄[38;2;213;148;132m[48;2;241;172;156m▄[38;2;235;187;170m[48;2;242;185;168m▄[38;2;227;174;155m[48;2;244;200;182m▄[38;2;218;164;142m[48;2;246;216;196m▄[38;2;229;183;156m[48;2;244;219;197m▄[38;2;235;198;166m[48;2;241;215;192m▄[38;2;233;197;162m[48;2;238;208;182m▄[38;2;232;196;163m[48;2;235;204;174m▄[38;2;231;197;165m[48;2;234;201;169m▄[38;2;232;199;166m[48;2;233;201;164m▄[38;2;230;198;166m[48;2;230;198;162m▄[38;2;228;196;166m[48;2;227;194;160m▄[38;2;231;199;171m[48;2;229;196;164m▄[38;2;232;203;175m[48;2;232;201;171m▄[38;2;234;207;179m[48;2;234;207;179m▄[38;2;234;210;184m[48;2;235;212;186m▄[38;2;234;215;190m[48;2;238;216;191m▄[38;2;235;216;191m[48;2;240;216;192m▄[38;2;237;218;198m[48;2;241;217;197m▄[38;2;237;220;203m[48;2;240;218;202m▄[38;2;237;220;202m[48;2;241;218;202m▄[38;2;238;220;203m[48;2;242;220;203m▄[38;2;255;239;222m[48;2;255;236;220m▄[0m
[38;2;234;200;168m[48;2;223;187;159m▄[38;2;251;211;179m[48;2;237;200;171m▄[38;2;228;190;161m[48;2;216;183;156m▄[38;2;233;195;166m[48;2;220;183;156m▄[38;2;233;192;165m[48;2;219;176;150m▄[38;2;232;187;161m[48;2;221;176;151m▄[38;2;231;190;159m[48;2;223;180;149m▄[38;2;236;192;161m[48;2;223;180;146m▄[38;2;236;187;157m[48;2;223;178;144m▄[38;2;237;187;158m[48;2;222;176;143m▄[38;2;237;187;157m[48;2;224;178;144m▄[38;2;236;187;157m[48;2;224;178;145m▄[38;2;235;187;157m[48;2;223;177;142m▄[38;2;233;185;151m[48;2;223;175;140m▄[38;2;233;184;149m[48;2;223;174;140m▄[38;2;233;182;146m[48;2;223;169;137m▄[38;2;235;181;150m[48;2;225;166;137m▄[38;2;244;205;179m[48;2;229;187;161m▄[38;2;246;207;177m[48;2;234;198;171m▄[38;2;244;189;157m[48;2;212;133;104m▄[38;2;250;205;181m[48;2;219;136;117m▄[38;2;251;216;199m[48;2;236;188;174m▄[38;2;252;214;200m[48;2;243;207;194m▄[38;2;247;203;187m[48;2;243;210;193m▄[38;2;249;202;185m[48;2;235;193;173m▄[38;2;253;201;186m[48;2;236;183;167m▄[38;2;242;172;154m[48;2;235;174;160m▄[38;2;236;155;136m[48;2;223;148;134m▄[38;2;238;158;140m[48;2;218;138;123m▄[38;2;242;171;153m[48;2;220;142;128m▄[38;2;240;168;152m[48;2;206;126;115m▄[38;2;218;137;124m[48;2;212;147;140m▄[38;2;238;182;168m[48;2;235;187;176m▄[38;2;248;200;180m[48;2;231;179;162m▄[38;2;244;185;165m[48;2;230;169;152m▄[38;2;239;170;151m[48;2;227;161;145m▄[38;2;230;148;130m[48;2;216;136;122m▄[38;2;202;107;88m[48;2;199;116;101m▄[38;2;218;141;126m[48;2;229;173;163m▄[38;2;228;152;129m[48;2;223;159;144m▄[38;2;229;147;122m[48;2;202;122;102m▄[38;2;231;154;127m[48;2;208;133;108m▄[38;2;232;166;134m[48;2;224;168;135m▄[38;2;236;182;147m[48;2;229;183;147m▄[38;2;238;195;156m[48;2;230;191;155m▄[38;2;234;196;156m[48;2;231;196;162m▄[38;2;236;199;161m[48;2;232;199;165m▄[38;2;239;202;168m[48;2;231;199;165m▄[38;2;242;207;176m[48;2;231;200;170m▄[38;2;240;210;178m[48;2;231;202;173m▄[38;2;239;210;178m[48;2;232;204;176m▄[38;2;242;212;183m[48;2;234;206;181m▄[38;2;244;218;191m[48;2;234;209;183m▄[38;2;245;221;193m[48;2;235;214;188m▄[38;2;246;226;199m[48;2;235;216;190m▄[38;2;247;227;204m[48;2;237;217;197m▄[38;2;247;227;208m[48;2;236;218;201m▄[38;2;245;227;207m[48;2;235;218;200m▄[38;2;243;226;205m[48;2;235;219;202m▄[38;2;255;243;221m[48;2;255;240;222m▄[0m
[38;2;16;16;30m[48;2;181;155;136m▄[38;2;18;18;32m[48;2;195;165;145m▄[38;2;17;17;28m[48;2;177;149;130m▄[38;2;16;16;28m[48;2;180;153;133m▄[38;2;16;17;29m[48;2;181;152;133m▄[38;2;17;18;30m[48;2;179;150;132m▄[38;2;17;18;31m[48;2;180;150;132m▄[38;2;18;20;32m[48;2;182;149;130m▄[38;2;19;21;32m[48;2;183;148;128m▄[38;2;21;22;30m[48;2;184;149;128m▄[38;2;20;21;30m[48;2;185;148;128m▄[38;2;20;21;32m[48;2;184;148;127m▄[38;2;21;22;34m[48;2;185;148;127m▄[38;2;21;22;34m[48;2;183;146;125m▄[38;2;21;22;34m[48;2;182;145;123m▄[38;2;21;22;34m[48;2;181;144;122m▄[38;2;21;23;34m[48;2;183;147;126m▄[38;2;20;21;33m[48;2;190;161;142m▄[38;2;22;22;34m[48;2;189;160;141m▄[38;2;22;22;35m[48;2;189;158;141m▄[38;2;24;23;35m[48;2;191;159;143m▄[38;2;23;23;35m[48;2;192;159;143m▄[38;2;23;23;35m[48;2;192;158;143m▄[38;2;24;24;36m[48;2;191;152;140m▄[38;2;24;25;37m[48;2;197;158;147m▄[38;2;23;23;37m[48;2;186;139;130m▄[38;2;24;25;39m[48;2;177;121;112m▄[38;2;26;29;42m[48;2;188;137;128m▄[38;2;25;28;39m[48;2;191;146;134m▄[38;2;25;28;39m[48;2;193;154;139m▄[38;2;28;30;42m[48;2;195;153;138m▄[38;2;27;29;42m[48;2;174;116;105m▄[38;2;25;26;38m[48;2;170;120;113m▄[38;2;26;27;39m[48;2;190;152;142m▄[38;2;27;29;41m[48;2;188;144;131m▄[38;2;26;28;41m[48;2;185;131;119m▄[38;2;26;29;42m[48;2;178;116;106m▄[38;2;30;33;46m[48;2;168;105;93m▄[38;2;29;31;44m[48;2;182;125;113m▄[38;2;28;31;44m[48;2;184;130;116m▄[38;2;27;30;44m[48;2;185;132;117m▄[38;2;27;30;44m[48;2;187;137;120m▄[38;2;27;30;44m[48;2;186;142;122m▄[38;2;27;30;44m[48;2;188;149;127m▄[38;2;30;32;48m[48;2;190;157;135m▄[38;2;37;41;62m[48;2;190;161;141m▄[38;2;45;52;82m[48;2;192;166;150m▄[38;2;55;62;98m[48;2;194;168;156m▄[38;2;58;66;105m[48;2;195;170;159m▄[38;2;56;64;101m[48;2;195;173;161m▄[38;2;49;55;89m[48;2;195;175;164m▄[38;2;49;53;85m[48;2;197;177;167m▄[38;2;54;55;88m[48;2;199;180;170m▄[38;2;52;56;88m[48;2;200;182;171m▄[38;2;49;54;85m[48;2;199;185;176m▄[38;2;48;52;82m[48;2;199;186;177m▄[38;2;55;59;89m[48;2;201;188;181m▄[38;2;63;67;99m[48;2;203;191;186m▄[38;2;85;89;121m[48;2;213;200;196m▄[38;2;146;151;189m[48;2;238;228;223m▄[0m
[38;2;22;22;33m[48;2;20;20;31m▄[38;2;26;25;39m[48;2;23;24;37m▄[38;2;25;24;34m[48;2;21;21;35m▄[38;2;27;26;35m[48;2;21;21;34m▄[38;2;30;29;36m[48;2;21;21;33m▄[38;2;27;27;36m[48;2;21;21;34m▄[38;2;26;25;38m[48;2;21;21;34m▄[38;2;24;24;37m[48;2;22;22;35m▄[38;2;25;25;38m[48;2;24;24;37m▄[38;2;26;26;38m[48;2;25;26;37m▄[38;2;26;26;38m[48;2;25;25;37m▄[38;2;28;28;40m[48;2;24;25;38m▄[38;2;23;24;37m[48;2;25;25;39m▄[38;2;27;27;38m[48;2;25;25;39m▄[38;2;44;42;48m[48;2;22;23;36m▄[38;2;48;44;52m[48;2;21;22;35m▄[38;2;32;31;43m[48;2;25;25;38m▄[38;2;32;32;43m[48;2;28;28;41m▄[38;2;35;34;42m[48;2;27;27;38m▄[38;2;45;44;51m[48;2;30;30;40m▄[38;2;27;27;34m[48;2;28;29;38m▄[38;2;50;48;56m[48;2;30;31;42m▄[38;2;53;51;60m[48;2;30;30;43m▄[38;2;58;57;63m[48;2;35;35;45m▄[38;2;61;57;63m[48;2;37;37;48m▄[38;2;62;57;64m[48;2;43;42;53m▄[38;2;63;59;67m[48;2;37;37;47m▄[38;2;52;48;56m[48;2;25;26;38m▄[38;2;76;72;79m[48;2;30;30;43m▄[38;2;62;58;69m[48;2;41;39;54m▄[38;2;50;46;57m[48;2;31;32;46m▄[38;2;55;52;60m[48;2;30;31;44m▄[38;2;69;64;74m[48;2;34;35;48m▄[38;2;52;49;61m[48;2;28;29;42m▄[38;2;60;56;67m[48;2;26;27;41m▄[38;2;59;54;63m[48;2;29;30;43m▄[38;2;79;73;81m[48;2;31;32;45m▄[38;2;74;68;76m[48;2;31;32;44m▄[38;2;72;66;75m[48;2;31;32;44m▄[38;2;64;60;71m[48;2;29;30;44m▄[38;2;68;63;74m[48;2;30;31;45m▄[38;2;68;63;74m[48;2;38;39;53m▄[38;2;62;58;68m[48;2;30;32;45m▄[38;2;53;51;61m[48;2;28;29;43m▄[38;2;47;46;53m[48;2;29;31;43m▄[38;2;49;47;55m[48;2;28;31;45m▄[38;2;56;53;65m[48;2;40;41;61m▄[38;2;64;62;77m[48;2;51;56;81m▄[38;2;69;71;95m[48;2;54;61;93m▄[38;2;56;62;93m[48;2;56;65;98m▄[38;2;58;65;96m[48;2;53;60;92m▄[38;2;63;67;100m[48;2;48;53;85m▄[38;2;63;65;96m[48;2;47;50;82m▄[38;2;52;56;86m[48;2;49;54;85m▄[38;2;53;56;86m[48;2;50;55;86m▄[38;2;46;52;81m[48;2;48;53;84m▄[38;2;46;53;84m[48;2;54;59;90m▄[38;2;64;67;101m[48;2;67;70;102m▄[38;2;69;71;105m[48;2;72;74;105m▄[38;2;81;82;120m[48;2;113;114;152m▄[0m
[38;2;58;52;60m[48;2;16;16;30m▄[38;2;94;86;90m[48;2;19;18;30m▄[38;2;83;75;73m[48;2;26;27;33m▄[38;2;84;74;76m[48;2;33;32;39m▄[38;2;110;98;99m[48;2;32;31;39m▄[38;2;107;94;91m[48;2;38;35;42m▄[38;2;109;96;92m[48;2;29;27;35m▄[38;2;134;120;113m[48;2;29;29;38m▄[38;2;152;134;124m[48;2;35;34;43m▄[38;2;172;151;141m[48;2;50;46;53m▄[38;2;172;150;137m[48;2;57;50;58m▄[38;2;166;146;132m[48;2;47;42;51m▄[38;2;176;154;139m[48;2;60;52;59m▄[38;2;185;162;146m[48;2;93;83;85m▄[38;2;189;167;149m[48;2;103;94;95m▄[38;2;202;177;157m[48;2;108;97;99m▄[38;2;208;181;161m[48;2;83;74;75m▄[38;2;213;186;165m[48;2;88;79;79m▄[38;2;223;196;175m[48;2;116;104;103m▄[38;2;229;200;175m[48;2;112;100;99m▄[38;2;228;202;175m[48;2;110;98;98m▄[38;2;228;202;177m[48;2;123;108;106m▄[38;2;235;206;182m[48;2;133;120;115m▄[38;2;233;205;182m[48;2;157;142;136m▄[38;2;234;206;181m[48;2;145;128;119m▄[38;2;236;209;184m[48;2;158;139;130m▄[38;2;237;213;187m[48;2;164;147;141m▄[38;2;240;215;190m[48;2;169;151;141m▄[38;2;237;211;188m[48;2;179;158;144m▄[38;2;237;212;186m[48;2;177;156;144m▄[38;2;238;214;189m[48;2;178;156;146m▄[38;2;235;210;188m[48;2;183;161;151m▄[38;2;235;211;187m[48;2;187;165;153m▄[38;2;241;218;195m[48;2;191;168;154m▄[38;2;238;217;194m[48;2;197;173;159m▄[38;2;238;217;192m[48;2;196;174;158m▄[38;2;238;216;188m[48;2;202;179;164m▄[38;2;238;216;190m[48;2;202;178;164m▄[38;2;241;217;199m[48;2;204;179;167m▄[38;2;243;219;203m[48;2;202;177;166m▄[38;2;240;218;200m[48;2;200;177;165m▄[38;2;240;217;201m[48;2;201;178;166m▄[38;2;242;218;203m[48;2;201;177;165m▄[38;2;242;219;201m[48;2;196;173;163m▄[38;2;244;220;203m[48;2;194;172;162m▄[38;2;246;220;204m[48;2;195;174;164m▄[38;2;242;219;202m[48;2;192;172;163m▄[38;2;243;222;203m[48;2;193;172;165m▄[38;2;244;221;200m[48;2;190;169;166m▄[38;2;245;218;202m[48;2;185;164;165m▄[38;2;244;218;201m[48;2;182;161;164m▄[38;2;241;216;199m[48;2;184;164;168m▄[38;2;245;220;205m[48;2;183;164;167m▄[38;2;247;219;204m[48;2;172;157;160m▄[38;2;244;220;203m[48;2;167;152;157m▄[38;2;242;222;205m[48;2;161;148;153m▄[38;2;243;221;205m[48;2;152;142;148m▄[38;2;238;218;203m[48;2;149;140;151m▄[38;2;236;215;200m[48;2;139;131;147m▄[38;2;252;230;213m[48;2;143;135;155m▄[0m
[38;2;234;204;180m[48;2;198;174;155m▄[38;2;247;217;189m[48;2;227;198;177m▄[38;2;228;201;173m[48;2;204;178;153m▄[38;2;226;199;173m[48;2;205;180;154m▄[38;2;227;200;175m[48;2;216;191;165m▄[38;2;229;204;179m[48;2;214;190;162m▄[38;2;233;208;185m[48;2;225;198;170m▄[38;2;230;207;182m[48;2;230;202;174m▄[38;2;231;207;182m[48;2;226;197;171m▄[38;2;234;209;184m[48;2;229;200;174m▄[38;2;230;204;180m[48;2;231;203;175m▄[38;2;230;205;180m[48;2;233;206;178m▄[38;2;233;208;182m[48;2;230;203;176m▄[38;2;233;209;183m[48;2;236;208;182m▄[38;2;232;208;182m[48;2;238;210;183m▄[38;2;235;211;185m[48;2;237;210;183m▄[38;2;234;209;184m[48;2;238;211;185m▄[38;2;233;207;186m[48;2;235;208;182m▄[38;2;232;210;188m[48;2;237;210;189m▄[38;2;230;209;187m[48;2;235;210;187m▄[38;2;233;212;188m[48;2;234;210;185m▄[38;2;236;212;188m[48;2;235;210;186m▄[38;2;235;210;187m[48;2;235;211;188m▄[38;2;236;214;193m[48;2;238;213;195m▄[38;2;230;206;182m[48;2;233;209;188m▄[38;2;235;211;186m[48;2;232;210;185m▄[38;2;231;206;183m[48;2;236;212;188m▄[38;2;233;210;187m[48;2;233;209;186m▄[38;2;234;215;192m[48;2;235;213;191m▄[38;2;236;215;194m[48;2;237;217;194m▄[38;2;230;207;182m[48;2;237;214;191m▄[38;2;235;213;193m[48;2;234;208;185m▄[38;2;233;209;191m[48;2;236;211;188m▄[38;2;238;213;195m[48;2;239;215;198m▄[38;2;239;213;196m[48;2;240;218;202m▄[38;2;234;208;187m[48;2;237;216;196m▄[38;2;235;212;192m[48;2;232;216;194m▄[38;2;230;208;185m[48;2;233;216;193m▄[38;2;233;213;189m[48;2;235;218;197m▄[38;2;233;211;188m[48;2;236;218;197m▄[38;2;237;214;191m[48;2;234;216;195m▄[38;2;231;208;185m[48;2;235;218;201m▄[38;2;235;212;194m[48;2;235;218;202m▄[38;2;237;219;204m[48;2;238;221;206m▄[38;2;235;214;197m[48;2;239;219;204m▄[38;2;233;212;192m[48;2;239;217;199m▄[38;2;232;215;191m[48;2;237;218;201m▄[38;2;231;212;186m[48;2;233;215;195m▄[38;2;235;214;192m[48;2;234;216;194m▄[38;2;237;215;198m[48;2;233;215;199m▄[38;2;234;216;198m[48;2;236;216;200m▄[38;2;235;216;193m[48;2;234;216;198m▄[38;2;235;216;192m[48;2;235;215;199m▄[38;2;233;214;193m[48;2;236;214;198m▄[38;2;233;214;198m[48;2;235;216;200m▄[38;2;237;212;199m[48;2;235;216;201m▄[38;2;236;209;194m[48;2;236;216;200m▄[38;2;234;209;194m[48;2;235;215;199m▄[38;2;235;209;193m[48;2;236;216;201m▄[38;2;255;226;207m[48;2;254;231;216m▄[0m
[38;2;217;185;163m[48;2;223;195;172m▄[38;2;236;204;176m[48;2;242;214;188m▄[38;2;215;186;159m[48;2;222;198;172m▄[38;2;210;180;153m[48;2;220;195;168m▄[38;2;214;187;161m[48;2;224;196;171m▄[38;2;215;187;162m[48;2;228;201;178m▄[38;2;214;183;158m[48;2;225;199;176m▄[38;2;220;188;161m[48;2;228;202;178m▄[38;2;218;187;160m[48;2;228;202;178m▄[38;2;213;182;153m[48;2;227;201;176m▄[38;2;214;185;156m[48;2;225;198;172m▄[38;2;215;184;154m[48;2;226;202;174m▄[38;2;218;187;157m[48;2;230;205;179m▄[38;2;214;182;155m[48;2;228;202;177m▄[38;2;216;184;159m[48;2;225;200;176m▄[38;2;216;186;159m[48;2;228;203;178m▄[38;2;213;187;158m[48;2;225;201;174m▄[38;2;220;194;166m[48;2;226;205;179m▄[38;2;217;187;159m[48;2;227;204;179m▄[38;2;219;186;160m[48;2;227;203;180m▄[38;2;222;190;163m[48;2;228;202;177m▄[38;2;213;184;155m[48;2;226;201;173m▄[38;2;219;191;163m[48;2;226;201;177m▄[38;2;220;192;166m[48;2;229;204;183m▄[38;2;218;189;160m[48;2;228;203;176m▄[38;2;217;188;160m[48;2;229;203;176m▄[38;2;221;191;164m[48;2;228;201;177m▄[38;2;221;191;166m[48;2;228;203;180m▄[38;2;223;195;170m[48;2;229;205;180m▄[38;2;223;196;170m[48;2;231;207;183m▄[38;2;224;198;172m[48;2;228;203;180m▄[38;2;222;195;168m[48;2;234;211;188m▄[38;2;225;200;175m[48;2;232;210;185m▄[38;2;225;199;172m[48;2;236;211;186m▄[38;2;223;198;170m[48;2;232;207;184m▄[38;2;227;205;179m[48;2;229;207;184m▄[38;2;226;203;177m[48;2;227;204;177m▄[38;2;226;199;174m[48;2;230;208;185m▄[38;2;225;198;173m[48;2;230;207;185m▄[38;2;225;200;175m[48;2;233;207;186m▄[38;2;225;199;175m[48;2;232;206;186m▄[38;2;227;201;179m[48;2;228;199;179m▄[38;2;229;204;180m[48;2;235;209;188m▄[38;2;227;205;181m[48;2;233;212;191m▄[38;2;229;204;182m[48;2;230;207;185m▄[38;2;229;202;184m[48;2;231;206;184m▄[38;2;228;200;180m[48;2;231;207;183m▄[38;2;231;203;182m[48;2;232;206;183m▄[38;2;228;204;178m[48;2;234;207;184m▄[38;2;228;203;179m[48;2;233;204;186m▄[38;2;229;201;180m[48;2;233;207;185m▄[38;2;231;202;181m[48;2;234;208;184m▄[38;2;230;202;180m[48;2;235;209;186m▄[38;2;230;203;185m[48;2;234;208;186m▄[38;2;232;205;187m[48;2;231;210;189m▄[38;2;233;205;186m[48;2;230;205;186m▄[38;2;228;200;180m[48;2;232;209;186m▄[38;2;226;199;179m[48;2;232;207;186m▄[38;2;230;201;182m[48;2;234;206;187m▄[38;2;246;217;191m[48;2;250;221;196m▄[0m
[38;2;191;157;129m[48;2;204;170;144m▄[38;2;203;164;133m[48;2;221;183;155m▄[38;2;183;148;117m[48;2;198;165;136m▄[38;2;185;150;120m[48;2;198;163;135m▄[38;2;181;146;114m[48;2;200;167;138m▄[38;2;180;146;116m[48;2;201;168;140m▄[38;2;186;151;118m[48;2;200;166;135m▄[38;2;185;150;118m[48;2;199;166;135m▄[38;2;187;151;118m[48;2;205;172;141m▄[38;2;188;153;122m[48;2;203;170;140m▄[38;2;187;151;123m[48;2;201;169;140m▄[38;2;191;156;125m[48;2;202;169;139m▄[38;2;191;156;124m[48;2;205;171;142m▄[38;2;190;154;122m[48;2;206;170;142m▄[38;2;189;155;121m[48;2;204;170;137m▄[38;2;188;154;122m[48;2;203;170;138m▄[38;2;192;159;129m[48;2;201;171;140m▄[38;2;192;159;127m[48;2;207;174;143m▄[38;2;196;163;131m[48;2;209;174;146m▄[38;2;195;162;132m[48;2;209;174;147m▄[38;2;197;163;134m[48;2;209;176;148m▄[38;2;200;164;133m[48;2;208;176;147m▄[38;2;199;164;133m[48;2;209;176;148m▄[38;2;195;160;128m[48;2;207;174;145m▄[38;2;199;162;129m[48;2;211;178;150m▄[38;2;200;164;133m[48;2;213;182;155m▄[38;2;198;163;131m[48;2;213;183;155m▄[38;2;205;171;142m[48;2;214;183;155m▄[38;2;204;171;140m[48;2;215;182;155m▄[38;2;206;173;142m[48;2;214;183;155m▄[38;2;204;171;139m[48;2;217;188;159m▄[38;2;204;169;138m[48;2;219;190;164m▄[38;2;208;175;143m[48;2;221;193;168m▄[38;2;212;177;146m[48;2;219;190;163m▄[38;2;211;177;146m[48;2;217;187;160m▄[38;2;211;178;148m[48;2;221;192;166m▄[38;2;213;180;150m[48;2;222;195;169m▄[38;2;211;179;147m[48;2;222;193;167m▄[38;2;213;181;149m[48;2;222;194;166m▄[38;2;215;186;156m[48;2;222;196;170m▄[38;2;210;180;151m[48;2;222;197;170m▄[38;2;211;180;151m[48;2;222;196;169m▄[38;2;213;184;157m[48;2;225;199;175m▄[38;2;216;188;160m[48;2;225;200;176m▄[38;2;215;186;157m[48;2;224;199;177m▄[38;2;219;192;166m[48;2;226;199;180m▄[38;2;217;191;165m[48;2;230;203;182m▄[38;2;218;189;164m[48;2;228;201;180m▄[38;2;216;187;162m[48;2;221;197;172m▄[38;2;216;188;162m[48;2;222;197;174m▄[38;2;218;189;165m[48;2;225;198;177m▄[38;2;216;188;164m[48;2;227;200;178m▄[38;2;215;188;163m[48;2;225;200;178m▄[38;2;216;187;159m[48;2;226;200;183m▄[38;2;218;188;163m[48;2;226;199;180m▄[38;2;213;185;160m[48;2;225;199;177m▄[38;2;217;190;162m[48;2;223;195;173m▄[38;2;216;185;156m[48;2;223;194;171m▄[38;2;218;184;155m[48;2;224;195;170m▄[38;2;235;198;170m[48;2;241;210;182m▄[0m
[38;2;150;114;91m[48;2;172;135;106m▄[38;2;175;133;104m[48;2;189;149;120m▄[38;2;162;122;95m[48;2;173;136;109m▄[38;2;163;123;96m[48;2;172;135;108m▄[38;2;161;123;95m[48;2;172;137;108m▄[38;2;157;121;90m[48;2;169;135;104m▄[38;2;161;124;94m[48;2;168;134;102m▄[38;2;165;128;100m[48;2;170;136;107m▄[38;2;161;124;96m[48;2;170;136;107m▄[38;2;159;121;93m[48;2;166;131;103m▄[38;2;161;123;96m[48;2;170;134;106m▄[38;2;159;122;94m[48;2;168;133;101m▄[38;2;157;121;91m[48;2;170;136;103m▄[38;2;159;123;92m[48;2;172;139;108m▄[38;2;161;125;94m[48;2;170;137;106m▄[38;2;159;124;92m[48;2;169;136;105m▄[38;2;161;123;93m[48;2;173;140;105m▄[38;2;162;124;95m[48;2;176;142;109m▄[38;2;163;125;96m[48;2;176;141;110m▄[38;2;161;124;94m[48;2;178;144;113m▄[38;2;165;125;97m[48;2;180;145;114m▄[38;2;168;128;98m[48;2;177;142;108m▄[38;2;170;131;99m[48;2;175;140;103m▄[38;2;173;135;104m[48;2;184;148;115m▄[38;2;172;133;103m[48;2;186;150;117m▄[38;2;168;130;99m[48;2;178;141;105m▄[38;2;171;132;100m[48;2;182;145;109m▄[38;2;173;133;103m[48;2;184;147;114m▄[38;2;171;129;101m[48;2;185;150;121m▄[38;2;176;135;105m[48;2;186;152;120m▄[38;2;178;138;108m[48;2;186;151;121m▄[38;2;180;141;112m[48;2;187;153;122m▄[38;2;179;140;110m[48;2;191;155;122m▄[38;2;179;140;109m[48;2;190;154;119m▄[38;2;178;140;109m[48;2;193;160;125m▄[38;2;181;143;112m[48;2;192;158;125m▄[38;2;183;141;113m[48;2;190;154;119m▄[38;2;183;141;113m[48;2;196;160;126m▄[38;2;186;147;116m[48;2;198;164;132m▄[38;2;186;146;116m[48;2;196;161;133m▄[38;2;185;147;116m[48;2;192;158;129m▄[38;2;186;146;117m[48;2;199;163;135m▄[38;2;189;149;121m[48;2;198;163;133m▄[38;2;190;151;120m[48;2;201;167;136m▄[38;2;192;154;118m[48;2;204;169;136m▄[38;2;190;153;120m[48;2;204;171;138m▄[38;2;191;154;126m[48;2;200;168;138m▄[38;2;193;156;123m[48;2;204;172;142m▄[38;2;189;152;118m[48;2;202;171;141m▄[38;2;189;150;121m[48;2;200;167;138m▄[38;2;189;151;122m[48;2;201;167;140m▄[38;2;190;153;121m[48;2;202;170;143m▄[38;2;193;157;124m[48;2;202;169;138m▄[38;2;195;158;128m[48;2;205;171;140m▄[38;2;196;159;130m[48;2;203;168;138m▄[38;2;193;156;124m[48;2;202;168;138m▄[38;2;196;158;127m[48;2;206;172;145m▄[38;2;196;156;126m[48;2;204;170;144m▄[38;2;199;157;127m[48;2;205;169;142m▄[38;2;220;175;143m[48;2;222;180;150m▄[0m
