[38;2;109;161;77m[48;2;111;160;83m▄[38;2;130;187;93m[48;2;125;177;96m▄[38;2;119;175;86m[48;2;117;166;88m▄[38;2;120;174;85m[48;2;115;164;84m▄[38;2;121;174;85m[48;2;115;166;86m▄[38;2;120;174;84m[48;2;113;164;84m▄[38;2;116;173;82m[48;2;113;164;84m▄[38;2;113;169;78m[48;2;113;164;84m▄[38;2;112;169;78m[48;2;113;166;84m▄[38;2;110;168;76m[48;2;108;160;79m▄[38;2;110;167;75m[48;2;104;156;75m▄[38;2;111;169;76m[48;2;104;156;77m▄[38;2;112;168;76m[48;2;110;160;81m▄[38;2;111;168;75m[48;2;106;160;75m▄[38;2;109;166;72m[48;2;106;160;73m▄[38;2;109;166;74m[48;2;108;162;77m▄[38;2;107;162;77m[48;2;106;158;77m▄[38;2;107;162;79m[48;2;106;158;81m▄[38;2;112;164;81m[48;2;112;160;81m▄[38;2;111;160;77m[48;2;112;154;77m▄[38;2;115;163;80m[48;2;110;152;75m▄[38;2;117;165;78m[48;2;110;154;75m▄[38;2;114;163;75m[48;2;106;152;75m▄[38;2;111;159;75m[48;2;108;152;81m▄[38;2;111;159;81m[48;2;110;152;86m▄[38;2;111;159;85m[48;2;117;158;100m▄[38;2;112;158;88m[48;2;137;175;135m▄[38;2;114;156;100m[48;2;135;173;137m▄[38;2;130;171;127m[48;2;146;181;146m▄[38;2;87;127;84m[48;2;125;160;119m▄[38;2;72;114;65m[48;2;110;148;90m▄[38;2;92;134;76m[48;2;86;129;52m▄[38;2;104;147;86m[48;2;81;119;52m▄[38;2;89;132;78m[48;2;79;113;59m▄[38;2;98;139;90m[48;2;94;125;81m▄[38;2;102;145;95m[48;2;94;129;83m▄[38;2;81;122;77m[48;2;36;67;34m▄[38;2;62;99;58m[48;2;19;50;25m▄[38;2;96;132;88m[48;2;104;139;102m▄[38;2;125;160;115m[48;2;133;169;129m▄[38;2;115;152;109m[48;2;133;169;133m▄[38;2;77;114;78m[48;2;129;164;129m▄[38;2;73;111;69m[48;2;123;158;123m▄[38;2;80;120;70m[48;2;110;141;108m▄[38;2;61;103;51m[48;2;92;127;84m▄[38;2;71;116;67m[48;2;88;127;83m▄[38;2;85;130;80m[48;2;81;117;73m▄[38;2;101;144;93m[48;2;73;113;67m▄[38;2;92;134;81m[48;2;79;119;73m▄[38;2;69;111;62m[48;2;57;96;56m▄[38;2;69;108;66m[48;2;56;94;57m▄[38;2;70;106;70m[48;2;73;108;77m▄[38;2;64;101;66m[48;2;63;98;63m▄[38;2;57;92;58m[48;2;56;94;56m▄[38;2;58;94;51m[48;2;59;98;54m▄[38;2;59;98;49m[48;2;52;90;46m▄[38;2;78;121;71m[48;2;52;94;48m▄[38;2;81;123;73m[48;2;77;117;69m▄[38;2;89;129;79m[48;2;121;162;110m▄[38;2;108;147;92m[48;2;131;173;115m▄[0m
[38;2;111;165;78m[48;2;111;163;74m▄[38;2;119;176;84m[48;2;118;173;80m▄[38;2;104;157;71m[48;2;105;157;72m▄[38;2;102;155;70m[48;2;107;160;75m▄[38;2;103;154;73m[48;2;107;158;77m▄[38;2;107;159;79m[48;2;104;155;75m▄[38;2;111;163;81m[48;2;105;157;75m▄[38;2;111;163;82m[48;2;104;157;75m▄[38;2;106;159;75m[48;2;103;154;74m▄[38;2;103;157;70m[48;2;101;153;68m▄[38;2;102;154;68m[48;2;102;155;67m▄[38;2;101;153;68m[48;2;99;151;65m▄[38;2;102;155;69m[48;2;95;148;61m▄[38;2;104;157;73m[48;2;97;149;63m▄[38;2;107;159;78m[48;2;96;147;62m▄[38;2;108;159;80m[48;2;93;144;62m▄[38;2;106;157;79m[48;2;97;148;72m▄[38;2;105;157;80m[48;2;96;147;72m▄[38;2;106;158;81m[48;2;96;149;72m▄[38;2;107;157;81m[48;2;96;147;70m▄[38;2;111;155;80m[48;2;101;147;71m▄[38;2;108;152;75m[48;2;105;149;72m▄[38;2;105;150;71m[48;2;100;144;67m▄[38;2;103;148;69m[48;2;97;141;64m▄[38;2;104;148;71m[48;2;98;142;65m▄[38;2;107;151;74m[48;2;99;144;65m▄[38;2;109;154;76m[48;2;96;142;64m▄[38;2;107;153;75m[48;2;114;156;89m▄[38;2;107;150;79m[48;2;113;154;96m▄[38;2;107;148;84m[48;2;81;122;71m▄[38;2;109;148;89m[48;2;88;126;86m▄[38;2;52;86;42m[48;2;89;124;88m▄[38;2;50;85;48m[48;2;67;105;63m▄[38;2;64;101;64m[48;2;75;115;72m▄[38;2;44;80;44m[48;2;75;113;72m▄[38;2;74;111;69m[48;2;85;124;78m▄[38;2;76;114;68m[48;2;94;134;85m▄[38;2;80;119;74m[48;2;102;144;94m▄[38;2;99;138;93m[48;2;71;110;64m▄[38;2;112;151;105m[48;2;96;133;87m▄[38;2;82;118;76m[48;2;102;139;95m▄[38;2;40;79;38m[48;2;45;81;42m▄[38;2;45;83;43m[48;2;56;95;49m▄[38;2;63;104;59m[48;2;79;121;69m▄[38;2;83;125;75m[48;2;69;111;61m▄[38;2;78;118;69m[48;2;80;119;74m▄[38;2;81;123;74m[48;2;88;129;85m▄[38;2;79;120;69m[48;2;92;133;88m▄[38;2;74;113;63m[48;2;72;111;64m▄[38;2;74;112;62m[48;2;56;93;48m▄[38;2;78;111;64m[48;2;57;92;49m▄[38;2;74;108;61m[48;2;83;114;73m▄[38;2;57;97;47m[48;2;74;107;66m▄[38;2;69;109;58m[48;2;59;92;51m▄[38;2;63;105;55m[48;2;62;95;53m▄[38;2;57;97;49m[48;2;67;101;56m▄[38;2;69;102;53m[48;2;72;100;53m▄[38;2;76;109;56m[48;2;83;111;62m▄[38;2;71;106;56m[48;2;67;99;52m▄[38;2;67;104;52m[48;2;56;89;42m▄[0m
[38;2;109;162;74m[48;2;103;156;71m▄[38;2;120;176;83m[48;2;114;170;78m▄[38;2;111;164;78m[48;2;104;157;72m▄[38;2;110;162;77m[48;2;105;158;72m▄[38;2;113;166;79m[48;2;104;158;71m▄[38;2;111;164;78m[48;2;109;162;76m▄[38;2;110;163;78m[48;2;104;158;72m▄[38;2;101;156;67m[48;2;103;156;68m▄[38;2;102;156;69m[48;2;104;157;71m▄[38;2;100;156;69m[48;2;101;155;69m▄[38;2;97;153;65m[48;2;101;154;69m▄[38;2;100;155;67m[48;2;105;159;74m▄[38;2;99;154;70m[48;2;104;158;75m▄[38;2;99;153;72m[48;2;106;157;79m▄[38;2;99;153;71m[48;2;108;159;80m▄[38;2;105;158;78m[48;2;109;161;81m▄[38;2;106;159;80m[48;2;108;161;83m▄[38;2;110;162;83m[48;2;111;163;86m▄[38;2;115;163;84m[48;2;112;161;83m▄[38;2;119;165;86m[48;2;108;157;79m▄[38;2;118;165;85m[48;2;110;157;82m▄[38;2;117;165;85m[48;2;111;158;79m▄[38;2;116;163;84m[48;2;107;157;73m▄[38;2;121;167;87m[48;2;108;156;74m▄[38;2;116;165;83m[48;2;111;156;77m▄[38;2;116;164;83m[48;2;115;158;80m▄[38;2;121;169;88m[48;2;117;161;82m▄[38;2;124;169;91m[48;2;115;160;77m▄[38;2;125;170;92m[48;2;118;163;81m▄[38;2;126;171;92m[48;2;118;163;84m▄[38;2;122;165;88m[48;2;121;166;88m▄[38;2;119;163;86m[48;2;124;169;92m▄[38;2;113;157;80m[48;2;102;143;79m▄[38;2;100;145;77m[48;2;70;108;63m▄[38;2;115;159;87m[48;2;92;131;84m▄[38;2;115;159;83m[48;2;101;140;81m▄[38;2;96;137;68m[48;2;79;120;61m▄[38;2;82;119;59m[48;2;70;108;59m▄[38;2;82;114;62m[48;2;98;133;87m▄[38;2;102;136;83m[48;2;87;122;75m▄[38;2;94;128;83m[48;2;91;125;72m▄[38;2;73;103;60m[48;2;65;104;51m▄[38;2;98;127;86m[48;2;72;112;65m▄[38;2;91;117;83m[48;2;88;127;82m▄[38;2;70;90;62m[48;2;86;118;76m▄[38;2;75;94;65m[48;2;84;115;70m▄[38;2;80;99;64m[48;2;73;106;51m▄[38;2;81;106;64m[48;2;84;114;56m▄[38;2;73;103;60m[48;2;87;117;70m▄[38;2;68;100;57m[48;2;76;110;61m▄[38;2;50;84;38m[48;2;97;131;76m▄[38;2;48;84;37m[48;2;77;113;62m▄[38;2;52;87;42m[48;2;61;102;51m▄[38;2;57;92;48m[48;2;74;116;62m▄[38;2;69;105;58m[48;2;71;115;61m▄[38;2;72;107;57m[48;2;82;120;68m▄[38;2;72;103;59m[48;2;75;110;59m▄[38;2;55;87;47m[48;2;58;98;45m▄[38;2;62;96;50m[48;2;74;113;60m▄[38;2;80;115;64m[48;2;86;121;67m▄[0m
[38;2;114;160;74m[48;2;118;165;78m▄[38;2;127;177;90m[48;2;128;179;86m▄[38;2;120;163;87m[48;2;118;165;81m▄[38;2;114;159;80m[48;2;115;163;79m▄[38;2;117;160;86m[48;2;114;161;77m▄[38;2;128;162;96m[48;2;118;165;84m▄[38;2;159;182;135m[48;2;110;156;75m▄[38;2;228;235;221m[48;2;111;157;79m▄[38;2;247;248;246m[48;2;126;167;99m▄[38;2;248;249;247m[48;2;132;169;108m▄[38;2;251;250;251m[48;2;156;186;134m▄[38;2;255;255;255m[48;2;177;200;157m▄[38;2;255;251;255m[48;2;178;203;158m▄[38;2;250;247;249m[48;2;166;196;147m▄[38;2;247;247;245m[48;2;138;175;114m▄[38;2;221;226;214m[48;2;110;154;75m▄[38;2;191;208;177m[48;2;102;151;62m▄[38;2;153;180;129m[48;2;107;156;69m▄[38;2;128;161;94m[48;2;112;160;76m▄[38;2;116;155;81m[48;2;116;163;80m▄[38;2;113;155;80m[48;2;113;160;76m▄[38;2;111;156;76m[48;2;109;158;72m▄[38;2;115;161;79m[48;2;111;158;74m▄[38;2;114;159;80m[48;2;110;157;71m▄[38;2;114;159;79m[48;2;110;158;73m▄[38;2;107;151;73m[48;2;109;158;73m▄[38;2;107;151;74m[48;2;108;157;74m▄[38;2;111;159;80m[48;2;114;160;82m▄[38;2;108;157;79m[48;2;122;166;89m▄[38;2;102;154;74m[48;2;110;157;78m▄[38;2;96;150;68m[48;2;104;151;72m▄[38;2;96;149;66m[48;2;107;153;73m▄[38;2;98;148;68m[48;2;104;150;71m▄[38;2;98;146;67m[48;2;106;153;72m▄[38;2;97;145;60m[48;2;101;147;66m▄[38;2;100;147;67m[48;2;108;151;85m▄[38;2;91;134;66m[48;2;98;139;88m▄[38;2;81;123;69m[48;2;58;98;49m▄[38;2;107;149;96m[48;2;100;137;93m▄[38;2;78;118;58m[48;2;121;154;116m▄[38;2;50;86;36m[48;2;68;98;61m▄[38;2;61;95;53m[48;2;61;91;52m▄[38;2;73;112;67m[48;2;86;117;81m▄[38;2;64;104;63m[48;2;81;110;80m▄[38;2;36;69;36m[48;2;66;98;65m▄[38;2;53;83;52m[48;2;58;89;51m▄[38;2;51;82;48m[48;2;85;117;73m▄[38;2;50;83;49m[48;2;72;102;62m▄[38;2;46;77;44m[48;2;34;67;27m▄[38;2;54;82;50m[48;2;44;76;39m▄[38;2;39;71;38m[48;2;29;61;24m▄[38;2;48;81;43m[48;2;40;74;30m▄[38;2;56;92;36m[48;2;71;106;46m▄[38;2;57;94;30m[48;2;52;86;32m▄[38;2;49;82;34m[48;2;51;83;37m▄[38;2;62;91;48m[48;2;63;95;51m▄[38;2;65;92;48m[48;2;41;72;32m▄[38;2;52;82;36m[48;2;33;63;24m▄[38;2;61;90;43m[48;2;40;68;29m▄[38;2;92;122;73m[48;2;48;79;38m▄[0m
[38;2;107;156;67m[48;2;112;160;80m▄[38;2;120;172;75m[48;2;126;175;92m▄[38;2;106;157;61m[48;2;115;160;82m▄[38;2;100;155;54m[48;2;115;162;76m▄[38;2;101;155;51m[48;2;113;159;74m▄[38;2;109;155;61m[48;2;129;161;93m▄[38;2;205;218;187m[48;2;235;242;230m▄[38;2;234;232;223m[48;2;255;255;255m▄[38;2;221;213;204m[48;2;247;247;244m▄[38;2;215;197;190m[48;2;243;240;239m▄[38;2;227;208;200m[48;2;237;231;229m▄[38;2;216;194;185m[48;2;213;201;198m▄[38;2;214;188;180m[48;2;204;189;186m▄[38;2;205;177;171m[48;2;214;202;199m▄[38;2;167;141;133m[48;2;213;204;200m▄[38;2;138;113;101m[48;2;203;197;193m▄[38;2;118;97;82m[48;2;190;182;180m▄[38;2;103;101;77m[48;2;190;188;178m▄[38;2;113;148;83m[48;2;153;176;131m▄[38;2;105;157;64m[48;2;110;153;78m▄[38;2;108;159;65m[48;2;107;155;76m▄[38;2;104;153;70m[48;2;107;156;78m▄[38;2;104;152;72m[48;2;106;157;80m▄[38;2;108;155;79m[48;2;106;154;80m▄[38;2;107;155;79m[48;2;103;153;76m▄[38;2;103;151;73m[48;2;104;151;75m▄[38;2;101;148;70m[48;2;101;150;72m▄[38;2;97;145;68m[48;2;100;154;75m▄[38;2;96;146;66m[48;2;96;150;72m▄[38;2;96;148;66m[48;2;95;149;70m▄[38;2;99;151;67m[48;2;89;142;62m▄[38;2;97;150;67m[48;2;91;143;65m▄[38;2;93;147;62m[48;2;89;144;64m▄[38;2;89;144;57m[48;2;93;146;67m▄[38;2;91;143;57m[48;2;99;147;71m▄[38;2;95;144;60m[48;2;102;146;72m▄[38;2;97;144;63m[48;2;97;139;79m▄[38;2;92;140;58m[48;2;110;151;99m▄[38;2;78;124;48m[48;2;69;110;60m▄[38;2;81;124;60m[48;2;60;103;51m▄[38;2;81;122;67m[48;2;81;121;74m▄[38;2;75;114;69m[48;2;75;114;68m▄[38;2;71;110;69m[48;2;76;114;67m▄[38;2;47;83;38m[48;2;67;99;61m▄[38;2;82;120;61m[48;2;25;57;25m▄[38;2;62;98;47m[48;2;25;58;25m▄[38;2;46;83;36m[48;2;34;63;33m▄[38;2;53;87;46m[48;2;25;54;26m▄[38;2;61;97;41m[48;2;20;51;23m▄[38;2;43;80;26m[48;2;26;57;28m▄[38;2;66;103;42m[48;2;49;81;44m▄[38;2;93;132;60m[48;2;88;120;70m▄[38;2;88;129;60m[48;2;69;102;50m▄[38;2;88;125;64m[48;2;57;92;36m▄[38;2;80;113;60m[48;2;63;97;45m▄[38;2;39;73;27m[48;2;49;83;36m▄[38;2;84;118;70m[48;2;52;82;36m▄[38;2;106;141;81m[48;2;64;97;46m▄[38;2;76;115;44m[48;2;96;131;71m▄[38;2;90;131;58m[48;2;118;153;87m▄[0m
[38;2;160;178;154m[48;2;101;151;60m▄[38;2;219;214;187m[48;2;124;173;79m▄[38;2;231;199;168m[48;2;138;173;91m▄[38;2;239;201;171m[48;2;154;179;106m▄[38;2;229;195;173m[48;2;158;178;120m▄[38;2;202;171;163m[48;2;168;183;140m▄[38;2;191;159;153m[48;2;149;155;134m▄[38;2;184;157;147m[48;2;159;157;156m▄[38;2;157;135;130m[48;2;205;194;185m▄[38;2;189;161;145m[48;2;241;223;207m▄[38;2;237;205;177m[48;2;244;232;221m▄[38;2;235;204;182m[48;2;242;235;228m▄[38;2;236;211;193m[48;2;245;235;231m▄[38;2;240;224;208m[48;2;234;218;216m▄[38;2;239;228;214m[48;2;212;189;185m▄[38;2;225;209;190m[48;2;167;140;134m▄[38;2;188;174;171m[48;2;143;120;114m▄[38;2;158;145;153m[48;2;148;144;125m▄[38;2;207;183;176m[48;2;137;160;117m▄[38;2;213;191;176m[48;2;106;144;95m▄[38;2;146;139;140m[48;2;97;144;90m▄[38;2;94;104;121m[48;2;118;162;96m▄[38;2;131;150;140m[48;2;106;153;74m▄[38;2;130;163;110m[48;2;101;149;69m▄[38;2;114;161;82m[48;2;105;150;75m▄[38;2;110;157;76m[48;2;108;152;77m▄[38;2;107;156;67m[48;2;108;153;76m▄[38;2;108;156;64m[48;2;104;149;67m▄[38;2;104;151;58m[48;2;101;148;64m▄[38;2;105;151;60m[48;2;103;150;66m▄[38;2;100;149;55m[48;2;105;151;67m▄[38;2;103;152;59m[48;2;99;148;62m▄[38;2;114;159;70m[48;2;106;153;69m▄[38;2;111;157;70m[48;2;99;146;63m▄[38;2;101;151;64m[48;2;95;144;58m▄[38;2;101;150;64m[48;2;91;143;56m▄[38;2;105;151;67m[48;2;98;144;60m▄[38;2;102;150;65m[48;2;92;140;55m▄[38;2;98;146;62m[48;2;91;138;56m▄[38;2;96;142;58m[48;2;89;134;50m▄[38;2;94;141;55m[48;2;81;127;46m▄[38;2;92;139;52m[48;2;78;122;55m▄[38;2;92;139;50m[48;2;73;116;56m▄[38;2;94;142;54m[48;2;80;124;48m▄[38;2;94;138;54m[48;2;97;142;57m▄[38;2;94;137;55m[48;2;99;141;66m▄[38;2;102;140;67m[48;2;96;137;66m▄[38;2;101;136;63m[48;2;77;117;53m▄[38;2;102;139;65m[48;2;97;139;62m▄[38;2;104;143;68m[48;2;97;139;58m▄[38;2;104;143;69m[48;2;93;136;59m▄[38;2;98;138;65m[48;2;94;137;65m▄[38;2;81;120;45m[48;2;76;117;50m▄[38;2;92;128;55m[48;2;71;108;49m▄[38;2;72;106;49m[48;2;70;104;50m▄[38;2;33;67;27m[48;2;50;83;40m▄[38;2;77;110;70m[48;2;76;107;69m▄[38;2;134;166;118m[48;2;80;111;67m▄[38;2;112;146;90m[48;2;87;124;69m▄[38;2;88;122;60m[48;2;83;124;67m▄[0m
[38;2;236;196;156m[48;2;233;224;222m▄[38;2;248;207;164m[48;2;242;227;213m▄[38;2;222;187;152m[48;2;217;185;156m▄[38;2;213;180;149m[48;2;218;183;148m▄[38;2;224;189;152m[48;2;229;192;152m▄[38;2;226;184;140m[48;2;224;184;143m▄[38;2;231;187;140m[48;2;193;154;126m▄[38;2;212;168;129m[48;2;171;133;112m▄[38;2;192;152;119m[48;2;200;162;133m▄[38;2;222;186;148m[48;2;163;130;113m▄[38;2;176;147;132m[48;2;160;131;120m▄[38;2;170;146;138m[48;2;224;190;159m▄[38;2;208;179;163m[48;2;236;203;179m▄[38;2;202;170;155m[48;2;247;225;211m▄[38;2;205;173;155m[48;2;255;245;237m▄[38;2;215;187;168m[48;2;252;241;233m▄[38;2;169;161;168m[48;2;218;211;215m▄[38;2;164;167;191m[48;2;193;190;204m▄[38;2;141;143;166m[48;2;123;117;137m▄[38;2;77;80;103m[48;2;178;167;170m▄[38;2;179;174;181m[48;2;228;211;189m▄[38;2;200;189;185m[48;2;163;148;137m▄[38;2;140;129;121m[48;2;119;108;110m▄[38;2;103;92;79m[48;2;163;155;142m▄[38;2;93;79;60m[48;2;138;146;104m▄[38;2;114;114;78m[48;2;114;152;74m▄[38;2;132;159;96m[48;2;102;150;57m▄[38;2;123;161;85m[48;2;95;144;49m▄[38;2;110;151;67m[48;2;93;143;49m▄[38;2;118;157;76m[48;2;90;139;47m▄[38;2;113;153;70m[48;2;93;142;50m▄[38;2;106;149;62m[48;2;96;144;51m▄[38;2;109;151;68m[48;2;92;141;49m▄[38;2;113;156;72m[48;2;91;141;50m▄[38;2;105;149;65m[48;2;101;146;61m▄[38;2;106;152;66m[48;2;99;149;64m▄[38;2;106;148;62m[48;2;94;142;59m▄[38;2;114;156;73m[48;2;101;148;64m▄[38;2;116;158;77m[48;2;108;153;70m▄[38;2;122;162;82m[48;2;99;146;62m▄[38;2;108;150;68m[48;2;101;148;65m▄[38;2;122;145;80m[48;2;102;147;63m▄[38;2;146;143;113m[48;2;110;148;74m▄[38;2;120;110;96m[48;2;126;143;97m▄[38;2;126;120;92m[48;2;118;128;85m▄[38;2;127;129;88m[48;2;102;142;68m▄[38;2;109;118;73m[48;2;95;139;58m▄[38;2;96;117;65m[48;2;94;136;57m▄[38;2;91;128;60m[48;2;102;142;65m▄[38;2;89;131;58m[48;2;98;140;62m▄[38;2;91;131;60m[48;2;99;138;62m▄[38;2;97;133;66m[48;2;91;129;51m▄[38;2;99;135;71m[48;2;105;141;77m▄[38;2;97;132;67m[48;2;109;142;91m▄[38;2;78;114;50m[48;2;70;104;53m▄[38;2;100;132;70m[48;2;90;123;79m▄[38;2;95;131;68m[48;2;142;173;129m▄[38;2;63;103;41m[48;2;113;147;93m▄[38;2;67;107;48m[48;2;71;107;47m▄[38;2;93;135;75m[48;2;77;115;50m▄[0m
[38;2;60;78;109m[48;2;182;160;143m▄[38;2;40;57;91m[48;2;163;152;145m▄[38;2;20;34;61m[48;2;109;115;126m▄[38;2;42;59;87m[48;2;101;108;126m▄[38;2;117;137;174m[48;2;140;147;158m▄[38;2;112;133;174m[48;2;166;163;168m▄[38;2;104;112;143m[48;2;187;165;152m▄[38;2;173;165;180m[48;2;209;175;151m▄[38;2;209;193;198m[48;2;221;185;162m▄[38;2;200;170;159m[48;2;178;148;134m▄[38;2;173;134;114m[48;2;142;120;120m▄[38;2;142;109;93m[48;2;81;71;84m▄[38;2;113;88;77m[48;2;49;48;62m▄[38;2;110;84;72m[48;2;58;53;60m▄[38;2;141;107;84m[48;2;101;79;73m▄[38;2;152;109;78m[48;2;142;103;79m▄[38;2;164;115;76m[48;2;144;111;91m▄[38;2;165;125;100m[48;2;145;137;145m▄[38;2;200;182;174m[48;2;162;159;169m▄[38;2;155;136;136m[48;2;103;96;109m▄[38;2;143;121;108m[48;2;158;144;144m▄[38;2;168;133;100m[48;2;166;150;137m▄[38;2;143;108;77m[48;2;126;113;97m▄[38;2;131;103;78m[48;2;82;72;61m▄[38;2;64;59;53m[48;2;28;22;15m▄[38;2;40;32;25m[48;2;76;62;45m▄[38;2;68;49;35m[48;2;126;106;82m▄[38;2;90;65;51m[48;2;152;148;105m▄[38;2;118;89;71m[48;2;194;193;155m▄[38;2;137;126;90m[48;2;170;176;128m▄[38;2;126;158;83m[48;2;125;157;79m▄[38;2;118;158;75m[48;2;117;156;71m▄[38;2;113;153;70m[48;2;114;153;68m▄[38;2;118;158;76m[48;2;113;156;69m▄[38;2;117;158;72m[48;2;118;160;71m▄[38;2;117;159;70m[48;2;112;154;62m▄[38;2;125;166;79m[48;2;114;154;64m▄[38;2;124;163;76m[48;2;114;154;69m▄[38;2;121;158;75m[48;2;110;148;64m▄[38;2;117;153;72m[48;2;117;158;69m▄[38;2;111;146;63m[48;2;119;157;73m▄[38;2;141;160;90m[48;2;120;146;82m▄[38;2;172;174;126m[48;2;185;179;155m▄[38;2;141;150;103m[48;2;165;150;131m▄[38;2;109;123;77m[48;2;134;120;100m▄[38;2;123;138;98m[48;2;113;97;79m▄[38;2;147;158;125m[48;2;123;109;90m▄[38;2;140;153;120m[48;2;123;116;97m▄[38;2;116;133;98m[48;2;99;113;71m▄[38;2;120;144;97m[48;2;102;129;64m▄[38;2;111;139;82m[48;2;117;146;85m▄[38;2;94;125;62m[48;2;120;148;83m▄[38;2;102;135;71m[48;2;117;146;75m▄[38;2;100;136;73m[48;2;113;147;79m▄[38;2;105;141;79m[48;2;92;129;60m▄[38;2;121;154;100m[48;2;104;139;70m▄[38;2;101;132;88m[48;2;101;139;67m▄[38;2;83;115;76m[48;2;88;126;58m▄[38;2;78;113;67m[48;2;92;130;69m▄[38;2;93;128;76m[48;2;99;142;79m▄[0m
[38;2;245;245;231m[48;2;138;129;116m▄[38;2;247;248;233m[48;2;116;119;105m▄[38;2;225;215;196m[48;2;79;65;49m▄[38;2;196;183;178m[48;2;102;85;86m▄[38;2;185;181;193m[48;2;103;114;149m▄[38;2;248;245;246m[48;2;202;206;223m▄[38;2;218;216;223m[48;2;240;237;242m▄[38;2;198;196;212m[48;2;186;181;193m▄[38;2;174;162;168m[48;2;185;175;180m▄[38;2;172;148;138m[48;2;202;175;158m▄[38;2;167;140;125m[48;2;210;167;131m▄[38;2;181;144;115m[48;2;209;161;116m▄[38;2;192;144;101m[48;2;201;150;105m▄[38;2;187;138;95m[48;2;178;125;87m▄[38;2;134;93;68m[48;2;163;116;79m▄[38;2;125;88;64m[48;2;182;133;91m▄[38;2;180;133;93m[48;2;174;125;83m▄[38;2;171;120;78m[48;2;166;117;78m▄[38;2;165;114;76m[48;2;192;156;129m▄[38;2;180;151;131m[48;2;213;188;167m▄[38;2;197;185;175m[48;2;146;113;94m▄[38;2;197;173;155m[48;2;152;108;78m▄[38;2;204;177;154m[48;2;164;119;83m▄[38;2;194;163;137m[48;2;167;129;97m▄[38;2;180;143;113m[48;2;140;121;104m▄[38;2;156;148;157m[48;2;82;89;99m▄[38;2;128;142;169m[48;2;48;53;46m▄[38;2;96;119;108m[48;2;58;58;27m▄[38;2;120;154;85m[48;2;88;87;46m▄[38;2;135;175;76m[48;2;107;121;62m▄[38;2;124;165;69m[48;2;119;156;74m▄[38;2;114;156;64m[48;2;119;157;73m▄[38;2;106;147;58m[48;2;106;147;60m▄[38;2;105;146;57m[48;2;110;152;66m▄[38;2;111;149;65m[48;2;116;157;69m▄[38;2;106;146;58m[48;2;105;148;55m▄[38;2;115;155;64m[48;2;117;158;67m▄[38;2;116;154;62m[48;2;117;158;67m▄[38;2;117;153;63m[48;2;120;158;66m▄[38;2;119;154;67m[48;2;119;155;68m▄[38;2;115;151;63m[48;2;124;160;73m▄[38;2;121;157;68m[48;2;131;158;72m▄[38;2;112;149;59m[48;2;120;145;61m▄[38;2;116;152;64m[48;2;109;145;61m▄[38;2;116;152;66m[48;2;117;152;69m▄[38;2;113;153;59m[48;2;112;150;63m▄[38;2;92;133;41m[48;2;106;145;65m▄[38;2;101;142;54m[48;2;104;139;69m▄[38;2;106;147;58m[48;2;97;131;60m▄[38;2;81;122;39m[48;2;75;112;38m▄[38;2;52;91;28m[48;2;69;106;41m▄[38;2;67;104;50m[48;2;81;118;63m▄[38;2;84;122;63m[48;2;84;124;69m▄[38;2;101;141;76m[48;2;81;123;70m▄[38;2;82;119;56m[48;2;70;109;59m▄[38;2;91;128;57m[48;2;104;138;83m▄[38;2;113;150;71m[48;2;72;106;53m▄[38;2;110;147;68m[48;2;57;90;40m▄[38;2;102;141;64m[48;2;63;96;46m▄[38;2;110;152;68m[48;2;100;138;79m▄[0m
[38;2;131;136;158m[48;2;245;231;224m▄[38;2;133;141;165m[48;2;255;245;242m▄[38;2;94;99;115m[48;2;255;250;246m▄[38;2;113;111;118m[48;2;255;255;249m▄[38;2;134;128;131m[48;2;255;255;250m▄[38;2;144;138;143m[48;2;255;254;245m▄[38;2;151;142;144m[48;2;255;251;246m▄[38;2;170;161;162m[48;2;252;250;247m▄[38;2;192;181;185m[48;2;237;235;237m▄[38;2;211;193;193m[48;2;209;206;214m▄[38;2;236;202;201m[48;2;195;190;200m▄[38;2;222;182;181m[48;2;206;195;193m▄[38;2;194;154;155m[48;2;222;194;178m▄[38;2;205;163;166m[48;2;209;172;153m▄[38;2;210;174;177m[48;2;203;167;145m▄[38;2;185;154;151m[48;2;127;102;96m▄[38;2;137;115;114m[48;2;137;104;89m▄[38;2;155;138;134m[48;2;200;163;133m▄[38;2;179;156;140m[48;2;199;168;144m▄[38;2;204;183;167m[48;2;193;174;159m▄[38;2;198;181;170m[48;2;186;183;179m▄[38;2;141;130;122m[48;2;199;195;189m▄[38;2;119;103;87m[48;2;220;204;183m▄[38;2;146;124;106m[48;2;193;164;137m▄[38;2;125;100;80m[48;2;185;145;108m▄[38;2;151;115;79m[48;2;183;145;119m▄[38;2;131;97;68m[48;2;183;160;152m▄[38;2;67;54;47m[48;2;103;111;141m▄[38;2;50;54;59m[48;2;54;80;104m▄[38;2;49;59;62m[48;2;91;123;89m▄[38;2;117;146;76m[48;2;126;165;73m▄[38;2;124;162;65m[48;2;118;159;67m▄[38;2;118;156;67m[48;2;120;159;75m▄[38;2;117;157;67m[48;2;124;164;81m▄[38;2;104;146;53m[48;2;122;160;80m▄[38;2;113;156;60m[48;2;124;163;78m▄[38;2;111;152;55m[48;2;120;158;71m▄[38;2;106;151;51m[48;2;119;156;65m▄[38;2;105;147;52m[48;2;120;158;64m▄[38;2;112;151;61m[48;2;124;161;72m▄[38;2;107;146;59m[48;2;129;163;82m▄[38;2;104;145;54m[48;2;120;157;73m▄[38;2;109;150;60m[48;2;111;148;62m▄[38;2;110;151;61m[48;2;114;152;67m▄[38;2;109;151;58m[48;2;115;153;69m▄[38;2;112;153;61m[48;2;113;151;69m▄[38;2;102;142;56m[48;2;113;152;70m▄[38;2;109;148;65m[48;2;112;151;70m▄[38;2;102;141;59m[48;2;110;149;68m▄[38;2;100;140;58m[48;2;110;149;69m▄[38;2;103;142;62m[48;2;87;126;50m▄[38;2;104;143;63m[48;2;62;102;26m▄[38;2;107;147;70m[48;2;94;130;53m▄[38;2;108;143;71m[48;2;101;139;57m▄[38;2;90;127;51m[48;2;101;141;58m▄[38;2;91;132;55m[48;2;101;140;59m▄[38;2;88;125;53m[48;2;103;141;62m▄[38;2;94;130;59m[48;2;99;139;59m▄[38;2;103;137;72m[48;2;117;155;76m▄[38;2;90;129;65m[48;2;116;156;78m▄[0m
[38;2;58;81;123m[48;2;83;105;147m▄[38;2;115;136;172m[48;2;125;148;184m▄[38;2;127;144;168m[48;2;47;70;105m▄[38;2;96;114;138m[48;2;103;115;137m▄[38;2;71;98;129m[48;2;93;112;137m▄[38;2;66;99;136m[48;2;78;107;150m▄[38;2;74;98;132m[48;2;45;64;102m▄[38;2;64;75;94m[48;2;18;26;58m▄[38;2;38;42;58m[48;2;58;72;107m▄[38;2;118;109;103m[48;2;96;110;143m▄[38;2;168;133;102m[48;2;155;149;158m▄[38;2;151;108;74m[48;2;149;130;121m▄[38;2;139;95;70m[48;2;122;97;86m▄[38;2;126;86;60m[48;2;172;137;124m▄[38;2;125;87;61m[48;2;131;93;81m▄[38;2;127;90;64m[48;2;106;74;61m▄[38;2;134;102;77m[48;2;76;54;43m▄[38;2;72;60;53m[48;2;15;7;11m▄[38;2;3;5;13m[48;2;73;64;63m▄[38;2;62;63;64m[48;2;184;173;164m▄[38;2;115;116;117m[48;2;202;192;184m▄[38;2;60;72;85m[48;2;122;125;137m▄[38;2;49;62;76m[48;2;39;47;62m▄[38;2;33;43;53m[48;2;69;68;65m▄[38;2;46;50;51m[48;2;86;74;63m▄[38;2;48;49;44m[48;2;95;74;56m▄[38;2;79;73;60m[48;2;91;69;47m▄[38;2;106;90;70m[48;2;80;62;41m▄[38;2;128;112;87m[48;2;58;49;32m▄[38;2;86;95;48m[48;2;60;65;33m▄[38;2;92;118;48m[48;2;102;128;54m▄[38;2;91;120;48m[48;2;100;134;46m▄[38;2;86;114;44m[48;2;97;132;48m▄[38;2;84;113;41m[48;2;102;138;53m▄[38;2;84;115;42m[48;2;100;136;49m▄[38;2;84;117;42m[48;2;100;138;47m▄[38;2;85;118;41m[48;2;99;138;45m▄[38;2;85;119;39m[48;2;100;140;46m▄[38;2;85;118;39m[48;2;99;139;45m▄[38;2;79;116;37m[48;2;98;137;46m▄[38;2;73;112;31m[48;2;94;134;44m▄[38;2;69;108;28m[48;2;94;134;43m▄[38;2;75;111;35m[48;2;90;131;39m▄[38;2;82;118;45m[48;2;94;135;40m▄[38;2;81;117;47m[48;2;93;134;41m▄[38;2;88;125;55m[48;2;84;124;35m▄[38;2;78;117;43m[48;2;82;123;38m▄[38;2;79;117;47m[48;2;92;133;51m▄[38;2;90;125;58m[48;2;90;130;52m▄[38;2;99;132;67m[48;2;100;135;60m▄[38;2;85;118;52m[48;2;101;134;60m▄[38;2;88;122;57m[48;2;89;126;53m▄[38;2;94;129;65m[48;2;90;128;59m▄[38;2;102;136;71m[48;2;92;128;62m▄[38;2;95;131;62m[48;2;84;121;48m▄[38;2;103;138;68m[48;2;92;131;56m▄[38;2;108;140;73m[48;2;99;134;68m▄[38;2;101;135;67m[48;2;114;146;82m▄[38;2;112;149;76m[48;2;118;148;88m▄[38;2;98;140;57m[48;2;98;135;73m▄[0m
[38;2;109;123;134m[48;2;56;91;136m▄[38;2;133;136;138m[48;2;65;97;139m▄[38;2;61;64;71m[48;2;61;75;97m▄[38;2;98;100;117m[48;2;128;135;145m▄[38;2;196;194;195m[48;2;149;155;166m▄[38;2;158;157;158m[48;2;112;121;139m▄[38;2;66;79;102m[48;2;129;136;148m▄[38;2;48;67;95m[48;2;119;122;122m▄[38;2;63;78;98m[48;2;69;69;68m▄[38;2;40;51;64m[48;2;41;35;31m▄[38;2;40;35;42m[48;2;100;71;51m▄[38;2;152;120;95m[48;2;140;94;59m▄[38;2;194;151;110m[48;2;152;106;76m▄[38;2;105;73;48m[48;2;114;76;50m▄[38;2;115;84;61m[48;2;120;81;55m▄[38;2;122;89;60m[48;2;123;85;57m▄[38;2;129;95;67m[48;2;128;90;63m▄[38;2;151;117;86m[48;2;124;91;68m▄[38;2;160;127;99m[48;2;61;49;40m▄[38;2;85;72;62m[48;2;13;14;13m▄[38;2;21;19;16m[48;2;50;47;39m▄[38;2;81;62;42m[48;2;76;65;47m▄[38;2;112;83;55m[48;2;90;76;59m▄[38;2;90;72;60m[48;2;65;64;66m▄[38;2;37;38;46m[48;2;55;66;80m▄[38;2;78;81;87m[48;2;69;82;94m▄[38;2;107;105;105m[48;2;99;102;104m▄[38;2;147;139;133m[48;2;133;128;121m▄[38;2;118;112;106m[48;2;114;111;104m▄[38;2;59;67;47m[48;2;90;100;66m▄[38;2;48;68;27m[48;2;73;96;39m▄[38;2;56;77;30m[48;2;77;103;42m▄[38;2;59;82;33m[48;2;78;102;40m▄[38;2;68;91;39m[48;2;82;106;43m▄[38;2;73;97;41m[48;2;77;104;41m▄[38;2;76;100;41m[48;2;79;105;46m▄[38;2;80;107;48m[48;2;86;115;52m▄[38;2;89;116;57m[48;2;81;112;45m▄[38;2;88;115;52m[48;2;78;107;40m▄[38;2;88;113;50m[48;2;77;107;41m▄[38;2;89;114;50m[48;2;79;109;43m▄[38;2;95;120;58m[48;2;76;105;42m▄[38;2;96;122;59m[48;2;70;101;38m▄[38;2;96;123;59m[48;2;77;109;47m▄[38;2;95;123;58m[48;2;86;117;56m▄[38;2;97;124;62m[48;2;80;114;49m▄[38;2;89;118;57m[48;2;71;107;40m▄[38;2;100;130;65m[48;2;77;111;46m▄[38;2;93;124;56m[48;2;90;122;56m▄[38;2;86;118;50m[48;2;95;130;62m▄[38;2;97;129;58m[48;2;90;122;55m▄[38;2;89;120;51m[48;2;93;125;58m▄[38;2;76;109;39m[48;2;98;130;63m▄[38;2;81;116;46m[48;2;101;133;65m▄[38;2;92;124;57m[48;2;101;131;65m▄[38;2;91;125;53m[48;2;90;125;55m▄[38;2;86;121;49m[48;2;91;127;57m▄[38;2;93;126;54m[48;2;84;123;50m▄[38;2;79;116;40m[48;2;86;127;50m▄[38;2;86;126;46m[48;2;98;139;56m▄[0m
[38;2;111;118;91m[48;2;71;94;36m▄[38;2;93;115;97m[48;2;97;112;66m▄[38;2;90;110;102m[48;2;86;92;68m▄[38;2;161;167;170m[48;2;81;75;68m▄[38;2;168;165;173m[48;2;192;170;152m▄[38;2;210;194;188m[48;2;231;215;197m▄[38;2;228;211;201m[48;2;159;160;166m▄[38;2;164;158;164m[48;2;71;90;119m▄[38;2;111;119;133m[48;2;48;74;112m▄[38;2;103;112;128m[48;2;63;90;130m▄[38;2;93;107;127m[48;2;55;75;110m▄[38;2;58;76;101m[48;2;96;106;131m▄[38;2;36;57;88m[48;2;128;133;145m▄[38;2;40;60;92m[48;2;61;68;79m▄[38;2;47;67;96m[48;2;60;67;77m▄[38;2;47;67;96m[48;2;69;74;82m▄[38;2;37;55;78m[48;2;78;79;87m▄[38;2;69;82;87m[48;2;115;108;105m▄[38;2;128;128;116m[48;2;186;166;147m▄[38;2;126;122;105m[48;2;189;163;138m▄[38;2;101;97;79m[48;2;81;67;58m▄[38;2;57;54;40m[48;2;44;32;28m▄[38;2;73;64;50m[48;2;92;70;56m▄[38;2;85;79;59m[48;2;57;42;35m▄[38;2;79;73;52m[48;2;27;20;19m▄[38;2;85;78;57m[48;2;57;50;48m▄[38;2;99;96;72m[48;2;98;87;80m▄[38;2;95;98;72m[48;2;129;114;105m▄[38;2;105;113;83m[48;2;130;115;105m▄[38;2;96;111;75m[48;2;68;67;55m▄[38;2;71;93;52m[48;2;40;54;28m▄[38;2;80;103;59m[48;2;47;68;30m▄[38;2;90;113;64m[48;2;61;82;42m▄[38;2;83;109;52m[48;2;72;93;49m▄[38;2;86;113;52m[48;2;70;93;40m▄[38;2;98;120;59m[48;2;77;100;43m▄[38;2;96;117;56m[48;2;81;104;47m▄[38;2;102;126;63m[48;2;88;115;53m▄[38;2;100;127;60m[48;2;85;111;48m▄[38;2;93;122;47m[48;2;91;116;53m▄[38;2;95;124;50m[48;2;93;117;55m▄[38;2;95;126;55m[48;2;101;125;63m▄[38;2;101;132;58m[48;2;104;128;64m▄[38;2;94;126;49m[48;2;101;125;57m▄[38;2;96;128;50m[48;2;103;128;55m▄[38;2;91;122;48m[48;2;102;128;57m▄[38;2;91;123;51m[48;2;101;128;55m▄[38;2;93;123;54m[48;2;104;131;56m▄[38;2;95;128;55m[48;2;105;131;56m▄[38;2;93;125;54m[48;2;102;130;54m▄[38;2;94;125;54m[48;2;105;137;59m▄[38;2;89;122;50m[48;2;99;132;55m▄[38;2;94;127;54m[48;2;95;127;54m▄[38;2;85;120;46m[48;2;92;125;52m▄[38;2;84;119;48m[48;2;88;121;50m▄[38;2;94;128;58m[48;2;97;128;59m▄[38;2;85;119;49m[48;2;89;122;51m▄[38;2;89;122;50m[48;2;90;122;51m▄[38;2;89;120;50m[48;2;82;114;46m▄[38;2;98;128;56m[48;2;92;127;53m▄[0m
[38;2;114;143;74m[48;2;196;193;176m▄[38;2;132;162;90m[48;2;138;169;175m▄[38;2;117;150;80m[48;2;104;142;154m▄[38;2;100;138;63m[48;2;113;147;156m▄[38;2;106;140;69m[48;2;130;164;168m▄[38;2;93;127;58m[48;2;104;130;125m▄[38;2;102;136;72m[48;2;110;131;108m▄[38;2;117;150;88m[48;2;119;137;104m▄[38;2;110;144;81m[48;2;111;128;95m▄[38;2;106;141;78m[48;2;105;120;82m▄[38;2;109;143;79m[48;2;106;127;84m▄[38;2;111;147;78m[48;2;108;132;95m▄[38;2;114;150;79m[48;2;82;107;74m▄[38;2;111;147;76m[48;2;78;105;72m▄[38;2;106;141;72m[48;2;84;112;74m▄[38;2;98;131;68m[48;2;89;114;80m▄[38;2;100;133;74m[48;2;88;114;76m▄[38;2;118;148;90m[48;2;81;108;65m▄[38;2;120;150;87m[48;2;71;97;55m▄[38;2;108;140;75m[48;2;71;98;56m▄[38;2;105;138;70m[48;2;77;105;62m▄[38;2;108;142;71m[48;2;91;121;69m▄[38;2;114;146;77m[48;2;93;117;67m▄[38;2;108;139;72m[48;2;95;118;68m▄[38;2;108;139;71m[48;2;92;117;66m▄[38;2;119;150;80m[48;2;91;117;62m▄[38;2;110;138;69m[48;2;92;116;62m▄[38;2;108;138;69m[48;2;84;111;56m▄[38;2;117;149;80m[48;2;80;112;53m▄[38;2;109;139;71m[48;2;90;120;57m▄[38;2;111;141;73m[48;2;93;124;60m▄[38;2;96;128;60m[48;2;91;120;60m▄[38;2;100;129;63m[48;2;94;122;60m▄[38;2;106;133;67m[48;2;98;127;61m▄[38;2;109;135;68m[48;2;105;131;68m▄[38;2;108;137;69m[48;2;101;129;63m▄[38;2;105;135;65m[48;2;94;124;57m▄[38;2;107;138;66m[48;2;93;124;56m▄[38;2;100;133;59m[48;2;91;123;53m▄[38;2;95;128;52m[48;2;89;123;46m▄[38;2;94;129;53m[48;2;92;125;51m▄[38;2;89;122;45m[48;2;93;127;49m▄[38;2;98;131;57m[48;2;97;131;53m▄[38;2;92;125;54m[48;2;90;122;51m▄[38;2;94;127;55m[48;2;87;120;49m▄[38;2;80;113;42m[48;2;85;119;46m▄[38;2;88;121;51m[48;2;92;125;54m▄[38;2;97;129;60m[48;2;95;127;58m▄[38;2;82;117;46m[48;2;88;123;51m▄[38;2;77;114;41m[48;2;84;120;50m▄[38;2;90;127;52m[48;2;88;122;52m▄[38;2;91;127;54m[48;2;91;125;56m▄[38;2;79;119;48m[48;2;84;120;50m▄[38;2;71;108;42m[48;2;88;123;53m▄[38;2;70;109;41m[48;2;81;118;47m▄[38;2;76;112;45m[48;2;78;116;46m▄[38;2;72;109;39m[48;2;76;114;42m▄[38;2;77;115;43m[48;2;79;117;43m▄[38;2;78;116;47m[48;2;86;122;50m▄[38;2;84;122;49m[48;2;99;132;59m▄[0m
[38;2;120;149;77m[48;2;109;142;71m▄[38;2;134;170;82m[48;2;118;154;70m▄[38;2;117;154;68m[48;2;115;148;71m▄[38;2;124;159;81m[48;2;101;135;61m▄[38;2;122;157;82m[48;2;102;134;65m▄[38;2;145;178;106m[48;2;112;143;76m▄[38;2;144;177;104m[48;2;119;151;85m▄[38;2;131;167;90m[48;2;116;152;83m▄[38;2;132;169;91m[48;2;129;164;95m▄[38;2;126;165;86m[48;2;127;163;94m▄[38;2;118;157;81m[48;2;117;155;86m▄[38;2;128;167;91m[48;2;117;153;83m▄[38;2;122;163;87m[48;2;113;150;80m▄[38;2;130;170;95m[48;2;108;145;76m▄[38;2;124;163;86m[48;2;99;136;66m▄[38;2;120;162;82m[48;2;104;142;72m▄[38;2;110;154;76m[48;2;112;151;80m▄[38;2;105;152;70m[48;2;109;149;76m▄[38;2;110;154;70m[48;2;111;149;76m▄[38;2;105;148;66m[48;2;109;146;72m▄[38;2;112;154;72m[48;2;108;146;72m▄[38;2;121;163;81m[48;2;102;138;65m▄[38;2;117;155;76m[48;2;106;142;68m▄[38;2;105;146;66m[48;2;103;139;68m▄[38;2;111;152;70m[48;2;100;139;64m▄[38;2;110;151;72m[48;2;111;146;71m▄[38;2;103;145;65m[48;2;96;131;59m▄[38;2;109;149;71m[48;2;112;145;77m▄[38;2;106;147;68m[48;2;109;143;73m▄[38;2;106;146;68m[48;2;109;141;73m▄[38;2;110;150;74m[48;2;101;133;66m▄[38;2;111;152;75m[48;2;92;127;55m▄[38;2;95;135;56m[48;2;95;128;56m▄[38;2;103;143;63m[48;2;95;130;56m▄[38;2;99;138;58m[48;2;105;136;65m▄[38;2;101;138;58m[48;2;100;132;61m▄[38;2;103;142;62m[48;2;107;140;63m▄[38;2;110;149;68m[48;2;108;141;64m▄[38;2;98;139;60m[48;2;97;134;58m▄[38;2;90;131;56m[48;2;90;127;52m▄[38;2;101;138;62m[48;2;94;129;57m▄[38;2;92;131;52m[48;2;86;122;47m▄[38;2;100;136;60m[48;2;90;129;52m▄[38;2;99;136;60m[48;2;94;131;56m▄[38;2;79;119;42m[48;2;79;116;43m▄[38;2;96;136;58m[48;2;83;119;49m▄[38;2;102;143;65m[48;2;88;125;54m▄[38;2;103;143;66m[48;2;89;126;55m▄[38;2;99;140;61m[48;2;85;122;51m▄[38;2;92;132;56m[48;2;89;125;53m▄[38;2;82;123;47m[48;2;89;125;54m▄[38;2;95;133;57m[48;2;81;118;46m▄[38;2;90;125;55m[48;2;70;107;37m▄[38;2;83;117;47m[48;2;70;105;42m▄[38;2;81;116;44m[48;2;78;110;49m▄[38;2;89;125;54m[48;2;68;106;38m▄[38;2;86;123;51m[48;2;70;108;40m▄[38;2;87;122;53m[48;2;75;112;45m▄[38;2;81;117;47m[48;2;72;108;44m▄[38;2;93;133;58m[48;2;83;122;50m▄[0m
