[38;2;95;71;73m[48;2;99;70;74m▄[38;2;112;84;87m[48;2;106;79;83m▄[38;2;103;77;80m[48;2;98;73;77m▄[38;2;104;78;80m[48;2;100;75;77m▄[38;2;105;78;81m[48;2;100;75;77m▄[38;2;105;78;82m[48;2;100;75;79m▄[38;2;106;79;82m[48;2;102;77;79m▄[38;2;107;80;83m[48;2;104;77;81m▄[38;2;105;79;81m[48;2;104;77;81m▄[38;2;107;80;83m[48;2;104;77;81m▄[38;2;108;80;84m[48;2;104;77;81m▄[38;2;108;81;84m[48;2;104;79;81m▄[38;2;108;80;84m[48;2;104;77;81m▄[38;2;108;81;84m[48;2;104;77;81m▄[38;2;107;81;84m[48;2;104;79;81m▄[38;2;108;82;85m[48;2;104;79;81m▄[38;2;109;82;85m[48;2;104;79;81m▄[38;2;110;82;86m[48;2;104;79;81m▄[38;2;109;82;85m[48;2;104;79;81m▄[38;2;109;82;85m[48;2;106;79;83m▄[38;2;110;82;86m[48;2;106;79;83m▄[38;2;110;83;86m[48;2;106;79;83m▄[38;2;110;82;86m[48;2;106;79;83m▄[38;2;110;82;86m[48;2;106;79;83m▄[38;2;110;82;86m[48;2;106;79;83m▄[38;2;110;82;85m[48;2;106;79;83m▄[38;2;110;82;86m[48;2;106;81;83m▄[38;2;111;83;86m[48;2;106;79;83m▄[38;2;111;83;86m[48;2;106;81;83m▄[38;2;110;83;86m[48;2;108;81;83m▄[38;2;114;88;89m[48;2;106;79;83m▄[38;2;113;86;87m[48;2;108;81;84m▄[38;2;111;83;87m[48;2;108;81;84m▄[38;2;112;84;87m[48;2;108;81;84m▄[38;2;112;85;87m[48;2;108;81;83m▄[38;2;112;84;87m[48;2;108;81;83m▄[38;2;112;85;87m[48;2;110;83;84m▄[38;2;112;85;88m[48;2;108;83;83m▄[38;2;114;86;89m[48;2;110;83;84m▄[38;2;114;86;89m[48;2;110;83;84m▄[38;2;113;86;88m[48;2;110;83;84m▄[38;2;114;86;88m[48;2;108;83;83m▄[38;2;114;86;89m[48;2;108;83;83m▄[38;2;115;86;89m[48;2;110;83;84m▄[38;2;115;86;89m[48;2;104;79;79m▄[38;2;114;86;88m[48;2;108;81;83m▄[38;2;115;87;89m[48;2;110;83;84m▄[38;2;111;82;87m[48;2;110;84;84m▄[38;2;112;82;86m[48;2;110;84;84m▄[38;2;115;87;88m[48;2;110;84;84m▄[38;2;114;86;88m[48;2;112;84;84m▄[38;2;115;86;88m[48;2;112;84;84m▄[38;2;115;87;89m[48;2;112;84;86m▄[38;2;116;88;89m[48;2;110;84;84m▄[38;2;116;88;89m[48;2;112;84;86m▄[38;2;116;88;90m[48;2;112;84;86m▄[38;2;116;88;90m[48;2;112;84;86m▄[38;2;117;89;91m[48;2;112;84;86m▄[38;2;117;89;90m[48;2;112;84;86m▄[38;2;127;96;98m[48;2;121;92;94m▄[0m
[38;2;84;62;66m[48;2;88;66;68m▄[38;2;92;68;71m[48;2;96;72;74m▄[38;2;86;64;67m[48;2;90;68;70m▄[38;2;86;64;67m[48;2;90;68;70m▄[38;2;87;65;68m[48;2;91;69;71m▄[38;2;87;65;68m[48;2;91;69;71m▄[38;2;88;67;69m[48;2;92;69;71m▄[38;2;81;59;61m[48;2;92;70;72m▄[38;2;97;81;82m[48;2;87;64;66m▄[38;2;102;86;87m[48;2;87;64;66m▄[38;2;93;75;76m[48;2;89;66;68m▄[38;2;90;71;73m[48;2;90;67;69m▄[38;2;90;70;72m[48;2;91;68;70m▄[38;2;88;69;70m[48;2;91;68;70m▄[38;2;88;68;70m[48;2;92;69;71m▄[38;2;89;68;70m[48;2;92;70;72m▄[38;2;89;69;71m[48;2;92;69;71m▄[38;2;91;72;73m[48;2;93;69;71m▄[38;2;94;75;76m[48;2;92;69;71m▄[38;2;95;77;78m[48;2;91;68;70m▄[38;2;98;80;81m[48;2;89;65;67m▄[38;2;101;83;85m[48;2;90;66;68m▄[38;2;106;89;91m[48;2;91;65;68m▄[38;2;110;93;95m[48;2;90;65;68m▄[38;2;107;91;92m[48;2;89;65;68m▄[38;2;103;86;87m[48;2;90;66;68m▄[38;2;98;80;82m[48;2;92;66;69m▄[38;2;91;72;73m[48;2;94;69;72m▄[38;2;85;64;65m[48;2;95;70;73m▄[38;2;80;58;60m[48;2;93;70;73m▄[38;2;76;53;55m[48;2;118;102;87m▄[38;2;77;54;56m[48;2;121;108;88m▄[38;2;80;57;58m[48;2;113;96;85m▄[38;2;80;57;59m[48;2;97;73;76m▄[38;2;83;59;61m[48;2;97;72;76m▄[38;2;85;62;64m[48;2;97;72;75m▄[38;2;87;63;66m[48;2;97;72;75m▄[38;2;88;64;67m[48;2;96;71;74m▄[38;2;90;65;68m[48;2;95;70;73m▄[38;2;90;66;69m[48;2;95;70;73m▄[38;2;90;66;69m[48;2;95;70;73m▄[38;2;89;65;67m[48;2;97;71;74m▄[38;2;87;63;66m[48;2;94;70;73m▄[38;2;81;60;61m[48;2;87;66;68m▄[38;2;81;60;63m[48;2;89;68;71m▄[38;2;83;61;64m[48;2;93;72;75m▄[38;2;79;57;60m[48;2;90;67;72m▄[38;2;95;77;68m[48;2;117;100;88m▄[38;2;92;71;65m[48;2;118;99;88m▄[38;2;80;54;58m[48;2;95;69;74m▄[38;2;82;57;60m[48;2;99;74;77m▄[38;2;82;56;59m[48;2;99;74;77m▄[38;2;87;60;63m[48;2;99;74;77m▄[38;2;97;72;75m[48;2;99;74;77m▄[38;2;96;71;74m[48;2;100;75;78m▄[38;2;96;71;74m[48;2;100;75;78m▄[38;2;96;71;74m[48;2;100;75;78m▄[38;2;97;72;75m[48;2;101;76;79m▄[38;2;97;72;75m[48;2;102;76;79m▄[38;2;105;78;81m[48;2;111;82;86m▄[0m
[38;2;105;94;77m[48;2;77;57;62m▄[38;2;102;85;77m[48;2;86;64;68m▄[38;2;80;61;63m[48;2;82;62;64m▄[38;2;80;61;63m[48;2;83;62;64m▄[38;2;80;61;63m[48;2;83;63;65m▄[38;2;81;62;64m[48;2;84;63;65m▄[38;2;65;45;46m[48;2;80;56;60m▄[38;2;166;162;162m[48;2;94;80;81m▄[38;2;255;255;255m[48;2;236;238;237m▄[38;2;255;255;255m[48;2;248;249;249m▄[38;2;255;255;255m[48;2;239;239;239m▄[38;2;255;255;255m[48;2;234;233;233m▄[38;2;255;255;255m[48;2;232;231;231m▄[38;2;255;255;255m[48;2;230;229;229m▄[38;2;255;255;255m[48;2;228;227;227m▄[38;2;255;255;255m[48;2;228;227;227m▄[38;2;255;255;255m[48;2;229;228;228m▄[38;2;255;255;255m[48;2;232;231;231m▄[38;2;255;255;255m[48;2;235;235;234m▄[38;2;255;255;255m[48;2;238;238;238m▄[38;2;255;255;255m[48;2;242;242;242m▄[38;2;255;255;255m[48;2;245;246;246m▄[38;2;255;255;255m[48;2;249;250;250m▄[38;2;255;255;255m[48;2;252;253;253m▄[38;2;255;255;255m[48;2;250;251;251m▄[38;2;255;255;255m[48;2;247;247;247m▄[38;2;255;255;255m[48;2;242;242;242m▄[38;2;255;255;255m[48;2;232;232;231m▄[38;2;255;255;255m[48;2;219;217;217m▄[38;2;255;255;255m[48;2;204;200;200m▄[38;2;255;255;255m[48;2;186;180;180m▄[38;2;255;255;255m[48;2;167;159;159m▄[38;2;255;255;255m[48;2;149;138;139m▄[38;2;255;255;255m[48;2;134;122;122m▄[38;2;255;255;255m[48;2;122;107;108m▄[38;2;254;255;255m[48;2;111;95;96m▄[38;2;249;249;249m[48;2;104;87;88m▄[38;2;242;242;243m[48;2;98;80;82m▄[38;2;236;235;235m[48;2;92;73;74m▄[38;2;232;232;232m[48;2;89;70;71m▄[38;2;232;232;232m[48;2;89;69;71m▄[38;2;233;232;232m[48;2;89;69;71m▄[38;2;233;233;233m[48;2;89;70;72m▄[38;2;234;233;233m[48;2;91;71;73m▄[38;2;236;236;235m[48;2;92;73;74m▄[38;2;239;239;239m[48;2;95;76;77m▄[38;2;243;243;243m[48;2;99;80;82m▄[38;2;248;249;249m[48;2;101;83;86m▄[38;2;254;255;255m[48;2;109;92;95m▄[38;2;255;255;255m[48;2;120;106;106m▄[38;2;255;255;255m[48;2;129;117;117m▄[38;2;255;255;255m[48;2;145;134;134m▄[38;2;206;207;207m[48;2;124;113;114m▄[38;2;66;47;49m[48;2;82;60;62m▄[38;2;86;63;66m[48;2;91;68;70m▄[38;2;85;63;66m[48;2;90;68;70m▄[38;2;85;63;66m[48;2;90;68;70m▄[38;2;86;63;66m[48;2;90;68;70m▄[38;2;86;64;67m[48;2;90;68;70m▄[38;2;94;70;73m[48;2;98;74;77m▄[0m
[38;2;75;53;59m[48;2;88;70;68m▄[38;2;78;55;63m[48;2;93;72;72m▄[38;2;65;45;53m[48;2;79;58;62m▄[38;2;65;45;53m[48;2;78;58;62m▄[38;2;85;64;67m[48;2;75;55;60m▄[38;2;121;97;94m[48;2;69;49;55m▄[38;2;129;104;95m[48;2;49;34;38m▄[38;2;205;207;208m[48;2;200;199;199m▄[38;2;248;251;253m[48;2;255;255;255m▄[38;2;246;249;250m[48;2;255;255;255m▄[38;2;249;252;253m[48;2;255;255;255m▄[38;2;255;255;255m[48;2;255;255;255m▄[38;2;255;255;255m[48;2;255;255;255m▄[38;2;255;255;255m[48;2;255;255;255m▄[38;2;255;255;255m[48;2;255;255;255m▄[38;2;255;255;255m[48;2;255;255;255m▄[38;2;255;255;255m[48;2;255;255;255m▄[38;2;255;255;255m[48;2;255;255;255m▄[38;2;255;255;255m[48;2;255;255;255m▄[38;2;255;255;255m[48;2;255;255;255m▄[38;2;255;255;255m[48;2;255;255;255m▄[38;2;255;255;255m[48;2;255;255;255m▄[38;2;255;255;255m[48;2;255;255;255m▄[38;2;255;255;255m[48;2;255;255;255m▄[38;2;255;255;255m[48;2;255;255;255m▄[38;2;255;255;255m[48;2;255;255;255m▄[38;2;255;255;255m[48;2;255;255;255m▄[38;2;255;255;255m[48;2;255;255;255m▄[38;2;255;255;255m[48;2;255;255;255m▄[38;2;255;255;255m[48;2;255;255;255m▄[38;2;255;255;255m[48;2;255;255;255m▄[38;2;255;255;255m[48;2;255;255;255m▄[38;2;255;255;255m[48;2;255;255;255m▄[38;2;255;255;255m[48;2;255;255;255m▄[38;2;255;255;255m[48;2;255;255;255m▄[38;2;255;255;255m[48;2;255;255;255m▄[38;2;255;255;255m[48;2;255;255;255m▄[38;2;255;255;255m[48;2;255;255;255m▄[38;2;255;255;255m[48;2;255;255;255m▄[38;2;255;255;255m[48;2;255;255;255m▄[38;2;255;255;255m[48;2;255;255;255m▄[38;2;255;255;255m[48;2;255;255;255m▄[38;2;255;255;255m[48;2;255;255;255m▄[38;2;255;255;255m[48;2;255;255;255m▄[38;2;255;255;255m[48;2;255;255;255m▄[38;2;255;255;255m[48;2;255;255;255m▄[38;2;255;255;255m[48;2;255;255;255m▄[38;2;255;255;255m[48;2;255;255;255m▄[38;2;255;255;255m[48;2;255;255;255m▄[38;2;255;255;255m[48;2;255;255;255m▄[38;2;255;255;255m[48;2;255;255;255m▄[38;2;255;255;255m[48;2;255;255;255m▄[38;2;165;164;162m[48;2;195;194;193m▄[38;2;44;26;32m[48;2;62;44;46m▄[38;2;67;47;54m[48;2;81;60;62m▄[38;2;76;56;60m[48;2;81;60;63m▄[38;2;78;59;62m[48;2;82;61;63m▄[38;2;79;59;62m[48;2;82;61;63m▄[38;2;78;59;62m[48;2;82;61;64m▄[38;2;85;64;67m[48;2;89;67;69m▄[0m
[38;2;214;177;155m[48;2;68;49;53m▄[38;2;245;214;186m[48;2;95;71;73m▄[38;2;255;221;190m[48;2;133;107;100m▄[38;2;255;217;186m[48;2;186;155;139m▄[38;2;247;203;174m[48;2;219;184;159m▄[38;2;249;204;176m[48;2;240;202;173m▄[38;2;255;217;187m[48;2;232;193;167m▄[38;2;255;210;176m[48;2;216;190;171m▄[38;2;247;198;167m[48;2;235;204;184m▄[38;2;239;195;169m[48;2;234;202;179m▄[38;2;233;196;175m[48;2;237;206;182m▄[38;2;223;201;189m[48;2;218;194;180m▄[38;2;242;242;242m[48;2;240;240;239m▄[38;2;255;255;255m[48;2;255;255;255m▄[38;2;255;255;255m[48;2;255;255;255m▄[38;2;255;255;255m[48;2;255;255;255m▄[38;2;255;255;255m[48;2;255;255;255m▄[38;2;255;255;255m[48;2;255;255;255m▄[38;2;255;255;255m[48;2;255;255;255m▄[38;2;255;255;255m[48;2;255;255;255m▄[38;2;255;255;255m[48;2;255;255;255m▄[38;2;255;255;255m[48;2;255;255;255m▄[38;2;255;255;255m[48;2;255;255;255m▄[38;2;255;255;255m[48;2;255;255;255m▄[38;2;255;255;255m[48;2;255;255;255m▄[38;2;255;255;255m[48;2;255;255;255m▄[38;2;255;255;255m[48;2;255;255;255m▄[38;2;255;255;255m[48;2;255;255;255m▄[38;2;255;255;255m[48;2;255;255;255m▄[38;2;255;255;255m[48;2;255;255;255m▄[38;2;255;255;255m[48;2;255;255;255m▄[38;2;255;255;255m[48;2;255;255;255m▄[38;2;255;255;255m[48;2;255;255;255m▄[38;2;255;255;255m[48;2;255;255;255m▄[38;2;255;255;255m[48;2;255;255;255m▄[38;2;255;255;255m[48;2;255;255;255m▄[38;2;255;255;255m[48;2;255;255;255m▄[38;2;255;255;255m[48;2;255;255;255m▄[38;2;255;255;255m[48;2;255;255;255m▄[38;2;255;255;255m[48;2;255;255;255m▄[38;2;255;255;255m[48;2;255;255;255m▄[38;2;255;255;255m[48;2;255;255;255m▄[38;2;255;255;255m[48;2;255;255;255m▄[38;2;255;255;255m[48;2;255;255;255m▄[38;2;255;255;255m[48;2;255;255;255m▄[38;2;255;255;255m[48;2;255;255;255m▄[38;2;229;228;226m[48;2;255;255;255m▄[38;2;221;192;174m[48;2;253;255;255m▄[38;2;240;205;181m[48;2;247;249;250m▄[38;2;240;205;182m[48;2;247;249;250m▄[38;2;238;207;187m[48;2;250;252;254m▄[38;2;232;209;193m[48;2;252;255;255m▄[38;2;201;173;154m[48;2;175;167;160m▄[38;2;247;205;175m[48;2;178;143;124m▄[38;2;249;209;180m[48;2;122;97;91m▄[38;2;220;184;160m[48;2;73;53;55m▄[38;2;152;123;110m[48;2;61;42;48m▄[38;2;84;62;62m[48;2;72;51;57m▄[38;2;59;40;45m[48;2;77;56;61m▄[38;2;74;53;56m[48;2;83;61;66m▄[0m
[38;2;254;210;181m[48;2;254;219;188m▄[38;2;255;226;195m[48;2;255;230;198m▄[38;2;254;209;180m[48;2;254;209;180m▄[38;2;254;209;180m[48;2;255;210;181m▄[38;2;254;210;181m[48;2;255;211;182m▄[38;2;242;203;177m[48;2;255;218;187m▄[38;2;161;128;112m[48;2;211;171;148m▄[38;2;200;206;210m[48;2;201;184;175m▄[38;2;255;255;255m[48;2;233;225;220m▄[38;2;255;255;255m[48;2;237;235;235m▄[38;2;255;255;255m[48;2;246;248;250m▄[38;2;255;255;255m[48;2;255;255;255m▄[38;2;255;255;255m[48;2;255;255;255m▄[38;2;255;255;255m[48;2;255;255;255m▄[38;2;255;255;255m[48;2;255;255;255m▄[38;2;255;255;255m[48;2;255;255;255m▄[38;2;255;255;255m[48;2;255;255;255m▄[38;2;255;255;255m[48;2;255;255;255m▄[38;2;255;255;255m[48;2;255;255;255m▄[38;2;255;255;255m[48;2;255;255;255m▄[38;2;255;255;255m[48;2;255;255;255m▄[38;2;255;255;255m[48;2;255;255;255m▄[38;2;255;255;255m[48;2;255;255;255m▄[38;2;255;255;255m[48;2;255;255;255m▄[38;2;255;255;255m[48;2;255;255;255m▄[38;2;255;255;255m[48;2;255;255;255m▄[38;2;255;255;255m[48;2;255;255;255m▄[38;2;255;255;255m[48;2;255;255;255m▄[38;2;255;255;255m[48;2;255;255;255m▄[38;2;255;255;255m[48;2;255;255;255m▄[38;2;255;255;255m[48;2;255;255;255m▄[38;2;255;255;255m[48;2;255;255;255m▄[38;2;255;255;255m[48;2;255;255;255m▄[38;2;255;255;255m[48;2;255;255;255m▄[38;2;255;255;255m[48;2;255;255;255m▄[38;2;255;255;255m[48;2;255;255;255m▄[38;2;255;255;255m[48;2;255;255;255m▄[38;2;255;255;255m[48;2;255;255;255m▄[38;2;255;255;255m[48;2;255;255;255m▄[38;2;255;255;255m[48;2;255;255;255m▄[38;2;255;255;255m[48;2;255;255;255m▄[38;2;255;255;255m[48;2;255;255;255m▄[38;2;255;255;255m[48;2;255;255;255m▄[38;2;255;255;255m[48;2;255;255;255m▄[38;2;255;255;255m[48;2;255;255;255m▄[38;2;255;255;255m[48;2;255;255;255m▄[38;2;255;255;255m[48;2;237;236;235m▄[38;2;255;255;255m[48;2;225;202;188m▄[38;2;247;249;250m[48;2;235;200;178m▄[38;2;239;237;237m[48;2;240;197;171m▄[38;2;228;219;215m[48;2;244;196;165m▄[38;2;192;164;153m[48;2;255;208;176m▄[38;2;252;204;177m[48;2;255;212;182m▄[38;2;255;211;182m[48;2;245;203;175m▄[38;2;255;211;182m[48;2;239;196;169m▄[38;2;255;210;181m[48;2;255;212;182m▄[38;2;254;209;180m[48;2;255;224;192m▄[38;2;255;214;184m[48;2;240;200;172m▄[38;2;255;223;191m[48;2;166;135;121m▄[38;2;247;215;186m[48;2;96;72;72m▄[0m
[38;2;254;218;186m[48;2;254;210;181m▄[38;2;255;237;204m[48;2;255;226;195m▄[38;2;255;222;190m[48;2;254;209;180m▄[38;2;255;219;187m[48;2;255;210;181m▄[38;2;255;211;183m[48;2;253;209;180m▄[38;2;247;200;174m[48;2;244;200;174m▄[38;2;222;176;155m[48;2;239;199;171m▄[38;2;169;130;115m[48;2;219;199;182m▄[38;2;93;66;64m[48;2;222;209;203m▄[38;2;57;40;46m[48;2;206;203;203m▄[38;2;70;55;60m[48;2;229;229;229m▄[38;2;86;72;76m[48;2;247;247;247m▄[38;2;99;87;90m[48;2;255;255;255m▄[38;2;107;95;98m[48;2;255;255;255m▄[38;2;112;102;105m[48;2;255;255;255m▄[38;2;115;105;107m[48;2;255;255;255m▄[38;2;115;104;107m[48;2;255;255;255m▄[38;2;111;101;103m[48;2;255;255;255m▄[38;2;107;96;99m[48;2;255;255;255m▄[38;2;102;91;94m[48;2;255;255;255m▄[38;2;98;86;90m[48;2;255;255;255m▄[38;2;93;80;85m[48;2;254;254;254m▄[38;2;92;80;84m[48;2;253;254;253m▄[38;2;92;79;82m[48;2;252;253;252m▄[38;2;94;82;85m[48;2;254;254;254m▄[38;2;99;87;91m[48;2;255;255;255m▄[38;2;110;100;100m[48;2;255;255;255m▄[38;2;128;121;107m[48;2;255;255;255m▄[38;2;145;139;123m[48;2;255;255;255m▄[38;2;158;153;144m[48;2;255;255;255m▄[38;2;173;169;165m[48;2;255;255;255m▄[38;2;192;189;182m[48;2;255;255;255m▄[38;2;212;211;197m[48;2;255;255;255m▄[38;2;219;218;218m[48;2;255;255;255m▄[38;2;229;229;228m[48;2;255;255;255m▄[38;2;238;238;237m[48;2;255;255;255m▄[38;2;244;245;244m[48;2;255;255;255m▄[38;2;248;249;248m[48;2;255;255;255m▄[38;2;250;251;250m[48;2;255;255;255m▄[38;2;251;252;251m[48;2;255;255;255m▄[38;2;250;252;251m[48;2;255;255;255m▄[38;2;251;252;252m[48;2;255;255;255m▄[38;2;252;252;252m[48;2;255;255;255m▄[38;2;249;250;250m[48;2;255;255;255m▄[38;2;246;246;246m[48;2;255;255;255m▄[38;2;244;244;244m[48;2;255;255;255m▄[38;2;239;239;239m[48;2;255;255;255m▄[38;2;232;232;232m[48;2;255;255;255m▄[38;2;220;220;219m[48;2;255;255;255m▄[38;2;227;222;220m[48;2;255;255;255m▄[38;2;238;231;225m[48;2;255;255;255m▄[38;2;209;186;167m[48;2;158;148;144m▄[38;2;236;195;166m[48;2;227;181;155m▄[38;2;231;190;163m[48;2;254;211;181m▄[38;2;250;207;178m[48;2;255;210;181m▄[38;2;254;210;181m[48;2;254;209;180m▄[38;2;254;209;180m[48;2;254;209;180m▄[38;2;254;209;180m[48;2;254;209;180m▄[38;2;254;209;180m[48;2;254;209;180m▄[38;2;255;226;195m[48;2;255;230;198m▄[0m
[38;2;151;162;162m[48;2;216;169;145m▄[38;2;148;154;157m[48;2;201;164;143m▄[38;2;121;131;134m[48;2;159;120;108m▄[38;2;133;150;151m[48;2;125;89;83m▄[38;2;123;135;138m[48;2;102;70;70m▄[38;2;137;153;154m[48;2;75;48;52m▄[38;2;145;160;160m[48;2;54;31;38m▄[38;2;154;161;162m[48;2;41;23;32m▄[38;2;157;159;160m[48;2;47;29;37m▄[38;2;121;110;115m[48;2;60;42;48m▄[38;2;141;131;134m[48;2;56;37;43m▄[38;2;144;146;150m[48;2;52;31;37m▄[38;2;137;143;147m[48;2;50;28;34m▄[38;2;127;131;138m[48;2;50;28;34m▄[38;2;81;71;84m[48;2;54;35;40m▄[38;2;76;64;79m[48;2;54;35;40m▄[38;2;78;69;82m[48;2;54;34;40m▄[38;2;81;68;82m[48;2;54;35;40m▄[38;2;76;66;80m[48;2;56;36;41m▄[38;2;82;70;82m[48;2;56;37;43m▄[38;2;68;58;73m[48;2;58;39;44m▄[38;2;75;64;78m[48;2;58;38;44m▄[38;2;102;90;99m[48;2;53;34;40m▄[38;2;148;139;143m[48;2;48;28;35m▄[38;2;165;157;160m[48;2;46;26;33m▄[38;2;164;156;159m[48;2;45;25;33m▄[38;2;164;156;160m[48;2;42;23;29m▄[38;2;143;139;149m[48;2;73;62;6m▄[38;2;59;80;110m[48;2;90;77;7m▄[38;2;91;104;124m[48;2;78;64;7m▄[38;2;154;149;152m[48;2;64;53;4m▄[38;2;165;156;159m[48;2;74;66;0m▄[38;2;163;154;160m[48;2;74;66;5m▄[38;2;138;128;130m[48;2;56;44;25m▄[38;2;60;50;59m[48;2;67;51;58m▄[38;2;57;49;61m[48;2;78;62;66m▄[38;2;58;48;59m[48;2;83;68;72m▄[38;2;55;44;56m[48;2;87;72;75m▄[38;2;55;45;56m[48;2;89;75;78m▄[38;2;54;45;56m[48;2;91;77;80m▄[38;2;50;41;52m[48;2;92;78;80m▄[38;2;69;69;82m[48;2;92;76;76m▄[38;2;89;102;118m[48;2;90;72;72m▄[38;2;86;97;112m[48;2;88;69;69m▄[38;2;88;100;115m[48;2;85;65;65m▄[38;2;86;94;108m[48;2;84;64;65m▄[38;2;79;72;74m[48;2;81;64;67m▄[38;2;87;95;108m[48;2;76;55;57m▄[38;2;92;104;120m[48;2;66;44;45m▄[38;2;76;79;92m[48;2;86;59;57m▄[38;2;83;83;94m[48;2;147;107;95m▄[38;2;117;116;124m[48;2;215;166;144m▄[38;2;158;150;151m[48;2;254;204;175m▄[38;2;199;185;178m[48;2;255;211;179m▄[38;2;203;190;181m[48;2;255;212;179m▄[38;2;212;199;189m[48;2;255;211;179m▄[38;2;218;206;196m[48;2;255;210;178m▄[38;2;206;194;184m[48;2;255;211;179m▄[38;2;206;193;183m[48;2;255;211;179m▄[38;2;214;209;201m[48;2;255;228;194m▄[0m
[38;2;140;84;96m[48;2;194;232;230m▄[38;2;141;82;95m[48;2;173;169;176m▄[38;2;116;68;81m[48;2;143;120;131m▄[38;2;115;67;82m[48;2;173;187;190m▄[38;2;124;80;93m[48;2;183;217;217m▄[38;2;124;77;91m[48;2;202;230;229m▄[38;2;120;75;86m[48;2;205;228;228m▄[38;2;125;93;105m[48;2;210;229;230m▄[38;2;128;171;187m[48;2;235;254;255m▄[38;2;128;137;147m[48;2;171;173;179m▄[38;2;115;150;168m[48;2;181;172;176m▄[38;2;106;153;175m[48;2;194;195;198m▄[38;2;107;131;150m[48;2;161;202;214m▄[38;2;146;154;171m[48;2;163;195;208m▄[38;2;181;183;196m[48;2;177;161;169m▄[38;2;162;164;176m[48;2;206;177;180m▄[38;2;142;153;169m[48;2;172;179;193m▄[38;2;102;140;169m[48;2;178;195;205m▄[38;2;78;124;158m[48;2;150;157;168m▄[38;2;226;232;235m[48;2;112;118;134m▄[38;2;255;255;255m[48;2;151;165;180m▄[38;2;255;255;255m[48;2;212;217;222m▄[38;2;255;255;255m[48;2;255;255;255m▄[38;2;255;255;255m[48;2;255;255;255m▄[38;2;255;255;255m[48;2;255;255;255m▄[38;2;255;255;255m[48;2;255;255;255m▄[38;2;255;255;255m[48;2;255;255;255m▄[38;2;255;255;255m[48;2;232;244;250m▄[38;2;226;233;237m[48;2;80;138;179m▄[38;2;119;157;184m[48;2;56;123;171m▄[38;2;136;169;192m[48;2;186;213;229m▄[38;2;132;157;178m[48;2;255;255;255m▄[38;2;104;115;130m[48;2;255;255;255m▄[38;2;96;84;85m[48;2;242;253;255m▄[38;2;110;74;59m[48;2;97;108;121m▄[38;2;114;65;45m[48;2;39;45;63m▄[38;2;102;63;47m[48;2;36;53;74m▄[38;2;65;60;64m[48;2;32;58;81m▄[38;2;35;69;95m[48;2;39;63;85m▄[38;2;39;73;100m[48;2;38;65;87m▄[38;2;37;71;98m[48;2;37;64;88m▄[38;2;35;60;80m[48;2;41;70;94m▄[38;2;57;74;84m[48;2;80;113;133m▄[38;2;69;90;98m[48;2;101;137;157m▄[38;2;67;85;91m[48;2;95;131;153m▄[38;2;103;103;93m[48;2;103;123;129m▄[38;2;103;99;91m[48;2;93;93;88m▄[38;2;62;71;76m[48;2;84;109;122m▄[38;2;70;82;77m[48;2;85;117;132m▄[38;2;79;88;80m[48;2;82;106;117m▄[38;2;158;178;190m[48;2;164;185;198m▄[38;2;171;191;204m[48;2;177;199;211m▄[38;2;161;179;191m[48;2;161;185;199m▄[38;2;154;171;183m[48;2;152;174;189m▄[38;2;171;190;202m[48;2;153;174;190m▄[38;2;138;157;171m[48;2;146;170;185m▄[38;2;189;195;206m[48;2;168;188;202m▄[38;2;234;234;238m[48;2;199;211;219m▄[38;2;227;229;235m[48;2;199;209;218m▄[38;2;250;253;255m[48;2;220;229;240m▄[0m
[38;2;151;79;94m[48;2;147;83;96m▄[38;2;156;82;95m[48;2;159;89;101m▄[38;2;122;74;86m[48;2;129;86;97m▄[38;2;122;91;100m[48;2;128;106;114m▄[38;2;116;70;81m[48;2;125;77;89m▄[38;2;123;95;104m[48;2;133;109;117m▄[38;2;119;75;87m[48;2;129;80;92m▄[38;2;119;74;88m[48;2;139;87;101m▄[38;2;68;92;103m[48;2;89;118;134m▄[38;2;109;109;118m[48;2;155;154;160m▄[38;2;90;100;105m[48;2;101;120;134m▄[38;2;129;133;119m[48;2;91;113;121m▄[38;2;84;99;99m[48;2;76;95;107m▄[38;2;68;85;94m[48;2;66;84;98m▄[38;2;125;123;138m[48;2;100;100;119m▄[38;2;235;230;218m[48;2;133;134;142m▄[38;2;69;115;147m[48;2;43;93;132m▄[38;2;60;126;175m[48;2;57;121;169m▄[38;2;55;122;172m[48;2;52;113;156m▄[38;2;81;135;175m[48;2;201;211;219m▄[38;2;228;237;243m[48;2;255;255;255m▄[38;2;240;247;252m[48;2;255;255;255m▄[38;2;205;221;233m[48;2;255;255;255m▄[38;2;154;181;201m[48;2;255;255;255m▄[38;2;100;142;172m[48;2;255;255;255m▄[38;2;65;114;151m[48;2;244;243;243m▄[38;2;47;94;132m[48;2;207;216;224m▄[38;2;73;106;132m[48;2;156;181;200m▄[38;2;148;149;152m[48;2;107;146;175m▄[38;2;221;187;163m[48;2;88;125;155m▄[38;2;255;209;175m[48;2;117;134;148m▄[38;2;245;203;176m[48;2;135;117;109m▄[38;2;219;187;168m[48;2;127;78;56m▄[38;2;213;181;160m[48;2;121;61;34m▄[38;2;103;81;73m[48;2;127;65;36m▄[38;2;37;42;52m[48;2;130;68;39m▄[38;2;56;78;80m[48;2;77;53;50m▄[38;2;88;117;96m[48;2;48;54;71m▄[38;2;122;144;97m[48;2;31;58;85m▄[38;2;128;145;97m[48;2;31;51;76m▄[38;2;71;72;66m[48;2;33;38;58m▄[38;2;57;65;76m[48;2;60;71;80m▄[38;2;73;79;66m[48;2;73;87;86m▄[38;2;68;79;75m[48;2;66;84;87m▄[38;2;102;106;96m[48;2;73;87;90m▄[38;2;112;107;92m[48;2;107;104;92m▄[38;2;95;93;84m[48;2;111;108;95m▄[38;2;82;80;74m[48;2;78;81;79m▄[38;2;79;79;57m[48;2;82;86;69m▄[38;2;89;89;72m[48;2;88;91;76m▄[38;2;177;192;202m[48;2;164;180;193m▄[38;2;178;196;207m[48;2;176;194;207m▄[38;2;178;194;203m[48;2;159;176;187m▄[38;2;172;188;197m[48;2;156;173;183m▄[38;2;183;199;208m[48;2;177;194;206m▄[38;2;166;181;194m[48;2;150;167;181m▄[38;2;133;146;161m[48;2;158;169;181m▄[38;2;38;44;62m[48;2;152;155;165m▄[38;2;42;48;67m[48;2;159;163;173m▄[38;2;48;51;68m[48;2;175;178;189m▄[0m
[38;2;103;99;107m[48;2;169;131;131m▄[38;2;112;109;116m[48;2;178;139;137m▄[38;2;107;103;110m[48;2;148;118;119m▄[38;2;111;107;113m[48;2;146;114;114m▄[38;2;114;109;116m[48;2;141;117;119m▄[38;2;115;109;117m[48;2;120;103;112m▄[38;2;118;113;121m[48;2;132;114;123m▄[38;2;127;123;128m[48;2;130;119;121m▄[38;2;141;135;135m[48;2;145;157;141m▄[38;2;128;120;125m[48;2;129;123;122m▄[38;2;145;140;141m[48;2;137;139;127m▄[38;2;151;147;148m[48;2;142;148;130m▄[38;2;161;157;156m[48;2;129;136;122m▄[38;2;169;165;165m[48;2;129;135;125m▄[38;2;125;99;99m[48;2;127;107;120m▄[38;2;95;49;38m[48;2;146;120;124m▄[38;2;120;63;40m[48;2;100;88;96m▄[38;2;123;63;36m[48;2;64;100;129m▄[38;2;116;57;31m[48;2;74;103;128m▄[38;2;130;70;42m[48;2;75;80;93m▄[38;2;122;64;36m[48;2;113;84;73m▄[38;2;124;63;35m[48;2;111;90;85m▄[38;2;125;59;28m[48;2;70;74;86m▄[38;2;146;92;67m[48;2;99;113;127m▄[38;2;253;203;173m[48;2;148;151;156m▄[38;2;254;242;232m[48;2;157;161;165m▄[38;2;255;255;255m[48;2;204;202;202m▄[38;2;255;255;255m[48;2;246;236;229m▄[38;2;242;246;249m[48;2;207;196;188m▄[38;2;250;255;255m[48;2;222;209;201m▄[38;2;229;227;229m[48;2;225;217;213m▄[38;2;244;237;234m[48;2;245;246;247m▄[38;2;248;244;242m[48;2;231;233;233m▄[38;2;250;253;254m[48;2;213;211;209m▄[38;2;245;241;238m[48;2;191;191;195m▄[38;2;118;96;93m[48;2;54;53;63m▄[38;2;118;101;96m[48;2;92;105;73m▄[38;2;118;111;98m[48;2;117;140;87m▄[38;2;113;111;94m[48;2;130;155;94m▄[38;2;128;139;113m[48;2;143;172;101m▄[38;2;117;121;105m[48;2;103;111;77m▄[38;2;95;91;79m[48;2;57;53;56m▄[38;2;94;95;77m[48;2;68;70;49m▄[38;2;86;90;80m[48;2;62;61;51m▄[38;2;95;109;104m[48;2;83;85;79m▄[38;2;83;94;91m[48;2;68;71;68m▄[38;2;78;84;80m[48;2;64;64;62m▄[38;2;83;98;91m[48;2;66;67;65m▄[38;2;69;80;76m[48;2;72;72;53m▄[38;2;97;105;104m[48;2;87;88;69m▄[38;2;198;205;209m[48;2;185;199;206m▄[38;2;184;190;195m[48;2;183;195;205m▄[38;2;196;203;209m[48;2;193;207;215m▄[38;2;183;192;198m[48;2;176;189;199m▄[38;2;185;195;202m[48;2;179;194;203m▄[38;2;189;197;204m[48;2;177;192;201m▄[38;2;159;167;176m[48;2;163;173;186m▄[38;2;58;66;86m[48;2;62;67;87m▄[38;2;60;69;89m[48;2;62;69;87m▄[38;2;60;64;84m[48;2;64;68;86m▄[0m
[38;2;83;72;81m[48;2;77;68;79m▄[38;2;90;78;88m[48;2;84;74;86m▄[38;2;83;72;81m[48;2;78;68;79m▄[38;2;82;71;82m[48;2;77;66;77m▄[38;2;81;70;81m[48;2;75;65;76m▄[38;2;81;69;80m[48;2;73;63;74m▄[38;2;83;70;80m[48;2;69;61;73m▄[38;2;83;70;79m[48;2;68;61;72m▄[38;2;82;69;78m[48;2;69;61;73m▄[38;2;82;69;78m[48;2;69;61;74m▄[38;2;79;66;76m[48;2;64;56;69m▄[38;2;79;66;76m[48;2;63;53;66m▄[38;2;79;66;76m[48;2;66;55;68m▄[38;2;81;68;77m[48;2;70;59;71m▄[38;2;72;62;70m[48;2;63;56;66m▄[38;2;100;59;44m[48;2;92;54;40m▄[38;2;104;54;34m[48;2;130;68;40m▄[38;2;118;76;58m[48;2;124;75;54m▄[38;2;248;207;181m[48;2;210;169;146m▄[38;2;255;230;200m[48;2;237;204;177m▄[38;2;255;217;190m[48;2;204;165;143m▄[38;2;193;151;127m[48;2;102;54;33m▄[38;2;195;152;127m[48;2;110;53;28m▄[38;2;217;172;147m[48;2;97;50;31m▄[38;2;255;222;192m[48;2;220;179;155m▄[38;2;181;135;124m[48;2;225;186;165m▄[38;2;127;85;94m[48;2;230;214;201m▄[38;2;149;114;121m[48;2;250;239;229m▄[38;2;184;146;146m[48;2;251;238;227m▄[38;2;229;180;169m[48;2;241;222;203m▄[38;2;229;181;170m[48;2;234;189;165m▄[38;2;174;141;140m[48;2;238;177;148m▄[38;2;149;119;124m[48;2;228;178;155m▄[38;2;136;93;97m[48;2;222;195;179m▄[38;2;231;185;162m[48;2;242;204;177m▄[38;2;255;238;203m[48;2;226;191;165m▄[38;2;163;131;117m[48;2;154;142;137m▄[38;2;42;29;40m[48;2;144;137;140m▄[38;2;64;48;57m[48;2;151;142;144m▄[38;2;62;47;55m[48;2;158;154;153m▄[38;2;63;47;54m[48;2;162;160;157m▄[38;2;64;49;55m[48;2;164;162;158m▄[38;2;65;50;55m[48;2;174;169;169m▄[38;2;65;50;55m[48;2;176;170;169m▄[38;2;68;53;58m[48;2;178;173;170m▄[38;2;71;56;60m[48;2;172;170;167m▄[38;2;73;58;63m[48;2;170;167;165m▄[38;2;78;62;67m[48;2;174;172;168m▄[38;2;81;65;70m[48;2;178;176;173m▄[38;2;81;67;71m[48;2;192;188;189m▄[38;2;82;68;72m[48;2;207;203;201m▄[38;2;88;73;78m[48;2;202;198;195m▄[38;2;91;77;81m[48;2;207;202;201m▄[38;2;93;80;84m[48;2;212;208;205m▄[38;2;97;85;90m[48;2;205;201;198m▄[38;2;102;92;95m[48;2;208;205;202m▄[38;2;114;102;104m[48;2;178;176;175m▄[38;2;127;116;117m[48;2;140;140;146m▄[38;2;127;116;116m[48;2;143;142;148m▄[38;2;140;129;129m[48;2;152;149;154m▄[0m
[38;2;83;70;79m[48;2;84;72;81m▄[38;2;89;75;85m[48;2;90;76;87m▄[38;2;83;69;78m[48;2;83;70;80m▄[38;2;81;68;77m[48;2;82;69;80m▄[38;2;81;67;76m[48;2;81;69;79m▄[38;2;80;66;75m[48;2;80;68;77m▄[38;2;80;66;75m[48;2;80;68;77m▄[38;2;78;65;73m[48;2;80;67;76m▄[38;2;78;65;73m[48;2;79;67;76m▄[38;2;76;63;71m[48;2;78;66;75m▄[38;2;78;64;71m[48;2;78;65;74m▄[38;2;80;66;73m[48;2;78;65;74m▄[38;2;80;66;73m[48;2;78;65;74m▄[38;2;80;65;72m[48;2;78;65;74m▄[38;2;81;66;73m[48;2;80;67;76m▄[38;2;81;66;74m[48;2;78;65;74m▄[38;2;81;66;75m[48;2;71;60;68m▄[38;2;76;63;72m[48;2;81;49;40m▄[38;2;73;54;59m[48;2;120;72;53m▄[38;2;78;50;48m[48;2;165;118;94m▄[38;2;69;41;34m[48;2;179;130;104m▄[38;2;39;36;45m[48;2;166;116;92m▄[38;2;34;43;62m[48;2;204;164;141m▄[38;2;41;52;71m[48;2;234;199;175m▄[38;2;35;49;71m[48;2;225;185;161m▄[38;2;37;52;72m[48;2;235;194;168m▄[38;2;75;77;87m[48;2;220;173;150m▄[38;2;175;152;135m[48;2;203;148;131m▄[38;2;255;219;187m[48;2;210;141;125m▄[38;2;250;209;180m[48;2;230;148;128m▄[38;2;248;208;178m[48;2;219;139;121m▄[38;2;255;221;188m[48;2;163;109;104m▄[38;2;255;217;184m[48;2;177;128;121m▄[38;2;220;188;163m[48;2;235;186;165m▄[38;2;152;136;127m[48;2;255;229;195m▄[38;2;61;59;67m[48;2;248;208;177m▄[38;2;59;43;50m[48;2;111;87;83m▄[38;2;82;61;66m[48;2;64;49;57m▄[38;2;78;59;64m[48;2;74;57;64m▄[38;2;78;58;63m[48;2;74;57;64m▄[38;2;77;57;62m[48;2;74;57;63m▄[38;2;75;56;60m[48;2;74;57;63m▄[38;2;71;51;55m[48;2;75;57;63m▄[38;2;65;45;50m[48;2;74;55;61m▄[38;2;61;42;47m[48;2;72;54;59m▄[38;2;64;46;52m[48;2;70;52;58m▄[38;2;64;46;54m[48;2;73;53;58m▄[38;2;70;51;59m[48;2;72;53;58m▄[38;2;75;57;63m[48;2;72;53;58m▄[38;2;75;56;62m[48;2;72;52;57m▄[38;2;75;56;62m[48;2;71;51;56m▄[38;2;76;58;64m[48;2;70;50;55m▄[38;2;75;58;64m[48;2;68;49;54m▄[38;2;76;58;64m[48;2;68;48;53m▄[38;2;76;57;63m[48;2;66;46;51m▄[38;2;75;56;62m[48;2;65;45;50m▄[38;2;75;57;62m[48;2;64;44;49m▄[38;2;75;56;62m[48;2;62;43;48m▄[38;2;75;56;62m[48;2;61;42;47m▄[38;2;81;62;67m[48;2;66;45;51m▄[0m
[38;2;86;70;77m[48;2;84;70;79m▄[38;2;92;74;82m[48;2;91;75;84m▄[38;2;85;68;76m[48;2;84;68;77m▄[38;2;85;67;75m[48;2;81;67;74m▄[38;2;85;67;75m[48;2;81;66;73m▄[38;2;84;67;73m[48;2;81;66;73m▄[38;2;83;65;71m[48;2;81;66;73m▄[38;2;84;66;73m[48;2;81;66;73m▄[38;2;85;67;74m[48;2;80;65;72m▄[38;2;85;67;74m[48;2;80;65;72m▄[38;2;85;67;73m[48;2;80;65;72m▄[38;2;86;66;73m[48;2;81;65;73m▄[38;2;85;66;73m[48;2;81;65;72m▄[38;2;85;67;73m[48;2;82;66;73m▄[38;2;85;66;72m[48;2;83;65;73m▄[38;2;85;66;72m[48;2;82;65;73m▄[38;2;85;67;73m[48;2;81;65;73m▄[38;2;85;67;72m[48;2;82;65;73m▄[38;2;85;65;71m[48;2;81;65;73m▄[38;2;84;64;70m[48;2;79;64;71m▄[38;2;86;65;71m[48;2;71;58;66m▄[38;2;92;68;73m[48;2;45;46;61m▄[38;2;60;49;57m[48;2;36;48;70m▄[38;2;17;39;64m[48;2;33;48;72m▄[38;2;139;70;64m[48;2;56;53;69m▄[38;2;253;107;80m[48;2;66;53;66m▄[38;2;114;57;55m[48;2;16;39;65m▄[38;2;2;27;55m[48;2;16;30;54m▄[38;2;128;96;90m[48;2;181;152;136m▄[38;2;248;186;155m[48;2;236;209;181m▄[38;2;220;158;132m[48;2;240;208;179m▄[38;2;28;36;53m[48;2;152;130;117m▄[38;2;32;40;60m[48;2;47;54;71m▄[38;2;164;119;106m[48;2;27;33;54m▄[38;2;211;177;155m[48;2;16;28;49m▄[38;2;206;171;148m[48;2;43;45;56m▄[38;2;181;164;154m[48;2;76;60;65m▄[38;2;223;224;226m[48;2;81;62;66m▄[38;2;235;234;236m[48;2;79;61;64m▄[38;2;239;239;240m[48;2;83;65;69m▄[38;2;241;242;244m[48;2;88;69;73m▄[38;2;247;250;252m[48;2;97;79;81m▄[38;2;255;255;255m[48;2;112;96;97m▄[38;2;255;255;255m[48;2;135;122;122m▄[38;2;255;255;255m[48;2;166;158;157m▄[38;2;255;255;250m[48;2;137;122;117m▄[38;2;243;237;229m[48;2;152;123;111m▄[38;2;202;197;193m[48;2;110;90;86m▄[38;2;121;112;113m[48;2;69;49;55m▄[38;2;79;60;65m[48;2;77;57;62m▄[38;2;82;61;66m[48;2;79;58;65m▄[38;2;83;62;67m[48;2;78;58;64m▄[38;2;81;61;67m[48;2;77;58;63m▄[38;2;79;59;64m[48;2;77;58;63m▄[38;2;80;59;65m[48;2;78;59;65m▄[38;2;81;60;66m[48;2;78;58;65m▄[38;2;84;63;67m[48;2;78;59;65m▄[38;2;86;65;67m[48;2;77;57;64m▄[38;2;87;66;67m[48;2;77;58;65m▄[38;2;94;70;73m[48;2;82;63;70m▄[0m
[38;2;111;85;90m[48;2;96;75;81m▄[38;2;129;101;106m[48;2;104;81;88m▄[38;2;120;92;97m[48;2;95;75;81m▄[38;2;120;92;97m[48;2;96;74;80m▄[38;2;120;92;97m[48;2;96;74;80m▄[38;2;118;90;95m[48;2;96;74;80m▄[38;2;118;91;96m[48;2;95;74;79m▄[38;2;119;90;96m[48;2;95;74;79m▄[38;2;119;90;95m[48;2;95;73;80m▄[38;2;118;90;95m[48;2;95;73;79m▄[38;2;118;90;95m[48;2;95;73;78m▄[38;2;118;90;95m[48;2;95;74;79m▄[38;2;117;89;94m[48;2;97;74;80m▄[38;2;117;88;93m[48;2;98;74;80m▄[38;2;118;89;94m[48;2;97;74;79m▄[38;2;118;89;94m[48;2;95;73;77m▄[38;2;117;89;94m[48;2;94;72;77m▄[38;2;115;88;93m[48;2;93;70;75m▄[38;2;116;89;93m[48;2;91;69;74m▄[38;2;121;93;96m[48;2;93;71;75m▄[38;2;110;83;87m[48;2;99;75;80m▄[38;2;43;45;65m[48;2;87;65;70m▄[38;2;63;74;58m[48;2;46;49;55m▄[38;2;83;90;48m[48;2;39;56;70m▄[38;2;75;87;43m[48;2;51;48;59m▄[38;2;93;94;44m[48;2;195;90;72m▄[38;2;180;155;118m[48;2;247;123;97m▄[38;2;192;173;98m[48;2;104;81;80m▄[38;2;182;144;104m[48;2;98;47;48m▄[38;2;201;150;84m[48;2;235;88;65m▄[38;2;190;165;96m[48;2;168;70;56m▄[38;2;198;176;109m[48;2;115;103;100m▄[38;2;144;135;72m[48;2;225;193;164m▄[38;2;125;113;53m[48;2;255;219;182m▄[38;2;131;118;57m[48;2;251;210;178m▄[38;2;133;119;63m[48;2;217;179;153m▄[38;2;153;136;78m[48;2;195;165;145m▄[38;2;151;132;66m[48;2;198;186;177m▄[38;2;150;131;77m[48;2;211;209;205m▄[38;2;216;176;156m[48;2;218;214;214m▄[38;2;218;179;156m[48;2;244;236;231m▄[38;2;187;152;134m[48;2;255;245;236m▄[38;2;146;114;106m[48;2;243;232;220m▄[38;2;116;85;85m[48;2;213;199;188m▄[38;2;106;76;81m[48;2;157;143;138m▄[38;2;110;80;85m[48;2;123;107;107m▄[38;2;115;85;91m[48;2;108;89;90m▄[38;2;118;88;94m[48;2;100;79;80m▄[38;2;116;87;92m[48;2;99;78;81m▄[38;2;111;83;87m[48;2;96;73;76m▄[38;2;119;89;95m[48;2;95;72;75m▄[38;2;118;89;94m[48;2;94;72;75m▄[38;2;119;90;95m[48;2;93;70;73m▄[38;2;120;90;96m[48;2;87;66;70m▄[38;2;119;90;95m[48;2;85;64;69m▄[38;2;119;90;95m[48;2;90;68;71m▄[38;2;119;90;95m[48;2;91;68;72m▄[38;2;119;90;95m[48;2;93;70;73m▄[38;2;119;90;95m[48;2;93;71;74m▄[38;2;128;97;102m[48;2;101;77;80m▄[0m
