[38;2;197;197;197m[48;2;233;233;233m▄[38;2;158;152;146m[48;2;194;192;192m▄[38;2;165;157;148m[48;2;184;182;182m▄[38;2;163;154;145m[48;2;184;184;182m▄[38;2;147;142;137m[48;2;186;182;182m▄[38;2;175;175;173m[48;2;171;169;167m▄[38;2;179;178;176m[48;2;171;169;167m▄[38;2;181;180;177m[48;2;169;167;165m▄[38;2;179;179;177m[48;2;169;167;165m▄[38;2;182;182;180m[48;2;169;167;165m▄[38;2;183;183;181m[48;2;167;167;165m▄[38;2;182;182;180m[48;2;167;165;163m▄[38;2;185;185;182m[48;2;167;165;163m▄[38;2;185;185;183m[48;2;167;165;163m▄[38;2;185;185;183m[48;2;167;165;165m▄[38;2;185;185;183m[48;2;167;165;165m▄[38;2;184;184;182m[48;2;167;165;163m▄[38;2;182;182;180m[48;2;167;165;163m▄[38;2;182;182;180m[48;2;167;165;165m▄[38;2;181;181;178m[48;2;169;167;165m▄[38;2;180;179;176m[48;2;171;169;167m▄[38;2;178;177;174m[48;2;171;169;167m▄[38;2;171;168;165m[48;2;175;173;171m▄[38;2;162;159;156m[48;2;178;176;175m▄[38;2;176;174;172m[48;2;173;171;169m▄[38;2;179;178;175m[48;2;171;169;167m▄[38;2;180;180;177m[48;2;169;167;165m▄[38;2;182;182;180m[48;2;167;167;165m▄[38;2;189;189;186m[48;2;167;165;163m▄[38;2;162;162;161m[48;2;175;173;171m▄[38;2;195;195;195m[48;2;228;228;228m▄[38;2;131;127;121m[48;2;176;175;175m▄[38;2;139;138;135m[48;2;175;175;173m▄[38;2;141;146;150m[48;2;175;173;175m▄[38;2;142;147;150m[48;2;175;175;175m▄[38;2;143;147;150m[48;2;175;175;175m▄[38;2;143;147;150m[48;2;175;175;175m▄[38;2;133;138;142m[48;2;176;176;178m▄[38;2;138;141;143m[48;2;175;175;176m▄[38;2;141;145;145m[48;2;175;175;176m▄[38;2;143;148;151m[48;2;175;175;175m▄[38;2;143;148;151m[48;2;175;175;175m▄[38;2;135;136;136m[48;2;173;173;173m▄[38;2;143;137;131m[48;2;175;175;173m▄[38;2;144;139;133m[48;2;175;175;173m▄[38;2;145;140;135m[48;2;175;173;173m▄[38;2;136;131;125m[48;2;178;176;176m▄[38;2;128;128;126m[48;2;178;178;178m▄[38;2;137;136;131m[48;2;176;178;182m▄[38;2;136;134;128m[48;2;176;178;184m▄[38;2;137;141;141m[48;2;180;180;184m▄[38;2;156;162;167m[48;2;176;176;176m▄[38;2;144;150;154m[48;2;175;175;176m▄[38;2;139;144;147m[48;2;178;178;178m▄[38;2;157;162;166m[48;2;175;175;176m▄[38;2;155;160;163m[48;2;175;175;176m▄[38;2;155;160;163m[48;2;176;176;176m▄[38;2;149;154;156m[48;2;175;175;175m▄[38;2;141;137;132m[48;2;173;173;171m▄[38;2;149;144;140m[48;2;188;186;186m▄[0m
[38;2;191;191;191m[48;2;189;189;189m▄[38;2;150;144;137m[48;2;151;145;138m▄[38;2;162;153;143m[48;2;165;155;145m▄[38;2;156;147;137m[48;2;158;148;137m▄[38;2;142;138;133m[48;2;144;140;136m▄[38;2;219;222;222m[48;2;229;231;232m▄[38;2;222;224;223m[48;2;231;233;233m▄[38;2;221;223;222m[48;2;230;232;232m▄[38;2;221;223;222m[48;2;230;233;232m▄[38;2;221;223;222m[48;2;230;232;232m▄[38;2;221;223;222m[48;2;230;233;232m▄[38;2;221;223;222m[48;2;230;233;232m▄[38;2;221;223;222m[48;2;230;233;232m▄[38;2;221;223;222m[48;2;230;233;232m▄[38;2;221;223;222m[48;2;230;233;232m▄[38;2;221;223;222m[48;2;230;233;232m▄[38;2;221;223;222m[48;2;230;233;232m▄[38;2;221;223;222m[48;2;230;233;232m▄[38;2;221;223;222m[48;2;230;233;232m▄[38;2;221;223;222m[48;2;230;232;232m▄[38;2;221;223;222m[48;2;230;232;231m▄[38;2;224;226;226m[48;2;230;233;232m▄[38;2;218;220;219m[48;2;223;225;225m▄[38;2;201;203;202m[48;2;205;207;207m▄[38;2;224;226;225m[48;2;232;235;234m▄[38;2;223;225;224m[48;2;230;232;231m▄[38;2;227;229;227m[48;2;230;233;232m▄[38;2;229;231;230m[48;2;230;233;232m▄[38;2;236;238;237m[48;2;239;241;240m▄[38;2;186;188;187m[48;2;192;194;193m▄[38;2;173;173;173m[48;2;172;172;172m▄[38;2;120;113;109m[48;2;118;113;108m▄[38;2;137;130;126m[48;2;130;131;131m▄[38;2;135;129;125m[48;2;134;141;144m▄[38;2;132;125;121m[48;2;129;133;136m▄[38;2;131;125;120m[48;2;130;135;138m▄[38;2;131;125;120m[48;2;125;131;135m▄[38;2;146;136;128m[48;2;145;140;135m▄[38;2;151;140;131m[48;2;185;168;154m▄[38;2;137;128;122m[48;2;144;135;126m▄[38;2;132;126;121m[48;2;123;128;131m▄[38;2;134;128;124m[48;2;132;139;142m▄[38;2;136;130;125m[48;2;128;132;134m▄[38;2;137;130;124m[48;2;131;126;121m▄[38;2;132;127;122m[48;2;137;132;126m▄[38;2;132;121;113m[48;2;132;128;123m▄[38;2;172;155;139m[48;2;107;101;93m▄[38;2;181;162;144m[48;2;146;136;117m▄[38;2;191;172;153m[48;2;160;148;124m▄[38;2;173;158;138m[48;2;171;158;131m▄[38;2;171;159;134m[48;2;147;136;117m▄[38;2;154;141;119m[48;2;119;119;118m▄[38;2;121;112;103m[48;2;172;166;158m▄[38;2;142;132;126m[48;2;157;147;137m▄[38;2;136;128;122m[48;2;143;144;144m▄[38;2;136;129;124m[48;2;145;149;153m▄[38;2;135;128;123m[48;2;138;142;145m▄[38;2;138;131;125m[48;2;142;146;149m▄[38;2;136;129;123m[48;2;130;127;122m▄[38;2;135;130;126m[48;2;136;132;127m▄[0m
[38;2;191;191;191m[48;2;191;191;191m▄[38;2;150;144;137m[48;2;150;144;137m▄[38;2;162;153;143m[48;2;162;153;143m▄[38;2;156;147;137m[48;2;156;147;137m▄[38;2;140;136;131m[48;2;141;137;132m▄[38;2;218;221;221m[48;2;219;221;221m▄[38;2;222;224;223m[48;2;222;224;223m▄[38;2;221;223;222m[48;2;221;223;222m▄[38;2;221;223;222m[48;2;221;223;222m▄[38;2;221;223;222m[48;2;221;223;222m▄[38;2;220;222;221m[48;2;221;223;222m▄[38;2;221;223;222m[48;2;221;223;222m▄[38;2;221;223;222m[48;2;221;223;222m▄[38;2;221;223;222m[48;2;221;223;222m▄[38;2;221;223;222m[48;2;221;223;222m▄[38;2;221;223;222m[48;2;221;223;222m▄[38;2;221;223;222m[48;2;221;223;222m▄[38;2;222;224;223m[48;2;221;223;222m▄[38;2;224;228;228m[48;2;221;223;222m▄[38;2;203;203;201m[48;2;226;228;228m▄[38;2;199;187;177m[48;2;219;223;223m▄[38;2;206;186;169m[48;2;211;213;213m▄[38;2;206;187;170m[48;2;205;208;208m▄[38;2;186;173;160m[48;2;195;198;198m▄[38;2;160;152;144m[48;2;224;227;227m▄[38;2;120;121;121m[48;2;214;217;217m▄[38;2;119;124;128m[48;2;199;201;201m▄[38;2;131;135;137m[48;2;175;177;178m▄[38;2;164;166;166m[48;2;187;189;189m▄[38;2;187;188;187m[48;2;187;188;187m▄[38;2;174;174;174m[48;2;174;173;174m▄[38;2;132;125;120m[48;2;134;126;121m▄[38;2;155;145;138m[48;2;157;147;139m▄[38;2;151;142;135m[48;2;153;143;136m▄[38;2;151;142;135m[48;2;153;144;136m▄[38;2;151;142;135m[48;2;154;144;137m▄[38;2;151;142;135m[48;2;154;144;136m▄[38;2;151;142;135m[48;2;151;142;135m▄[38;2;152;144;137m[48;2;150;141;135m▄[38;2;136;127;120m[48;2;155;146;139m▄[38;2;144;124;115m[48;2;150;143;136m▄[38;2;155;128;118m[48;2;146;139;132m▄[38;2;156;127;116m[48;2;144;137;130m▄[38;2;148;115;107m[48;2;142;131;125m▄[38;2;184;160;144m[48;2;122;112;107m▄[38;2;217;195;175m[48;2;193;173;155m▄[38;2;231;207;185m[48;2;234;209;187m▄[38;2;223;201;180m[48;2;193;173;156m▄[38;2;194;176;159m[48;2;212;190;171m▄[38;2;181;164;148m[48;2;180;161;145m▄[38;2;218;196;175m[48;2;151;140;121m▄[38;2;145;133;121m[48;2;138;129;108m▄[38;2;138;131;126m[48;2;109;103;98m▄[38;2;153;144;137m[48;2;157;148;141m▄[38;2;151;142;135m[48;2;153;143;136m▄[38;2;151;142;135m[48;2;153;143;136m▄[38;2;151;142;135m[48;2;153;143;136m▄[38;2;151;142;135m[48;2;152;143;135m▄[38;2;154;145;137m[48;2;156;147;139m▄[38;2;147;141;136m[48;2;148;142;137m▄[0m
[38;2;191;191;191m[48;2;191;191;191m▄[38;2;150;144;137m[48;2;150;144;137m▄[38;2;162;153;143m[48;2;162;153;143m▄[38;2;157;147;138m[48;2;157;147;137m▄[38;2;138;134;130m[48;2;138;134;130m▄[38;2;217;219;220m[48;2;217;220;220m▄[38;2;222;224;223m[48;2;222;224;223m▄[38;2;221;223;222m[48;2;221;223;222m▄[38;2;221;223;222m[48;2;221;223;222m▄[38;2;221;223;222m[48;2;221;223;222m▄[38;2;221;223;222m[48;2;221;223;222m▄[38;2;221;223;222m[48;2;221;223;222m▄[38;2;221;223;222m[48;2;221;223;222m▄[38;2;221;223;222m[48;2;221;223;222m▄[38;2;221;223;222m[48;2;221;223;222m▄[38;2;221;223;222m[48;2;221;223;222m▄[38;2;225;228;227m[48;2;222;224;223m▄[38;2;189;191;191m[48;2;219;222;221m▄[38;2;147;137;128m[48;2;178;173;168m▄[38;2;208;182;159m[48;2;185;165;148m▄[38;2;186;167;150m[48;2;180;159;143m▄[38;2;179;162;147m[48;2;167;150;137m▄[38;2;191;172;154m[48;2;173;156;141m▄[38;2;239;212;186m[48;2;190;170;152m▄[38;2;239;212;186m[48;2;196;175;155m▄[38;2;245;216;189m[48;2;197;176;157m▄[38;2;219;193;168m[48;2;167;158;148m▄[38;2;187;186;184m[48;2;214;218;218m▄[38;2;235;238;238m[48;2;238;241;239m▄[38;2;188;190;189m[48;2;190;191;190m▄[38;2;174;174;175m[48;2;174;174;175m▄[38;2;131;125;119m[48;2;131;125;119m▄[38;2;155;145;138m[48;2;155;145;138m▄[38;2;151;142;135m[48;2;151;142;135m▄[38;2;151;142;135m[48;2;151;142;135m▄[38;2;151;142;135m[48;2;151;142;135m▄[38;2;151;142;135m[48;2;151;142;135m▄[38;2;149;142;136m[48;2;154;145;138m▄[38;2;134;118;110m[48;2;135;128;121m▄[38;2;187;145;132m[48;2;152;124;113m▄[38;2;184;144;132m[48;2;191;147;134m▄[38;2;185;144;132m[48;2;190;147;134m▄[38;2;184;144;132m[48;2;186;145;132m▄[38;2;181;141;129m[48;2;169;131;121m▄[38;2;175;137;125m[48;2;186;156;142m▄[38;2;179;151;137m[48;2;231;209;187m▄[38;2;181;146;134m[48;2;207;186;167m▄[38;2;171;132;121m[48;2;185;159;145m▄[38;2;181;140;129m[48;2;174;141;130m▄[38;2;184;143;131m[48;2;172;144;131m▄[38;2;157;124;114m[48;2;215;191;172m▄[38;2;188;148;135m[48;2;205;184;165m▄[38;2;141;117;108m[48;2;133;123;117m▄[38;2;143;137;130m[48;2;152;144;137m▄[38;2;152;143;136m[48;2;151;142;135m▄[38;2;151;142;135m[48;2;151;142;135m▄[38;2;151;142;135m[48;2;151;142;135m▄[38;2;151;142;135m[48;2;151;142;135m▄[38;2;154;145;137m[48;2;154;145;137m▄[38;2;147;141;136m[48;2;147;141;136m▄[0m
[38;2;191;191;191m[48;2;191;191;191m▄[38;2;150;144;137m[48;2;150;144;137m▄[38;2;162;153;143m[48;2;162;153;143m▄[38;2;157;147;138m[48;2;157;147;138m▄[38;2;138;134;129m[48;2;139;135;130m▄[38;2;216;219;219m[48;2;216;219;219m▄[38;2;223;224;223m[48;2;222;225;223m▄[38;2;221;223;222m[48;2;221;223;222m▄[38;2;221;223;222m[48;2;221;223;222m▄[38;2;221;223;222m[48;2;221;223;222m▄[38;2;221;223;222m[48;2;221;223;222m▄[38;2;221;223;222m[48;2;221;223;222m▄[38;2;221;223;222m[48;2;221;223;222m▄[38;2;221;223;222m[48;2;221;223;222m▄[38;2;221;223;222m[48;2;221;223;222m▄[38;2;221;223;222m[48;2;221;223;222m▄[38;2;221;223;222m[48;2;221;223;222m▄[38;2;221;223;222m[48;2;226;228;227m▄[38;2;225;227;226m[48;2;210;214;214m▄[38;2;218;222;223m[48;2;188;177;165m▄[38;2;191;189;187m[48;2;225;198;173m▄[38;2;196;178;162m[48;2;240;212;185m▄[38;2;234;206;178m[48;2;237;211;185m▄[38;2;240;213;187m[48;2;235;209;183m▄[38;2;234;208;183m[48;2;234;208;183m▄[38;2;234;208;183m[48;2;234;208;183m▄[38;2;236;210;185m[48;2;240;212;184m▄[38;2;229;201;175m[48;2;188;173;159m▄[38;2;195;187;178m[48;2;218;222;224m▄[38;2;183;187;189m[48;2;190;192;192m▄[38;2;174;174;175m[48;2;173;173;174m▄[38;2;132;125;119m[48;2;132;125;120m▄[38;2;155;145;138m[48;2;155;145;138m▄[38;2;151;142;135m[48;2;151;142;135m▄[38;2;151;142;135m[48;2;151;142;135m▄[38;2;151;142;135m[48;2;151;142;135m▄[38;2;154;145;138m[48;2;153;144;137m▄[38;2;132;121;114m[48;2;136;130;123m▄[38;2;176;138;125m[48;2;156;126;116m▄[38;2;190;149;136m[48;2;192;149;136m▄[38;2;168;131;120m[48;2;173;136;125m▄[38;2;175;137;126m[48;2;181;142;130m▄[38;2;182;142;131m[48;2;186;145;133m▄[38;2;189;147;135m[48;2;185;145;133m▄[38;2;184;144;132m[48;2;187;146;134m▄[38;2;184;144;132m[48;2;169;132;120m▄[38;2;184;144;132m[48;2;181;141;129m▄[38;2;185;145;133m[48;2;186;146;133m▄[38;2;178;140;128m[48;2;183;143;132m▄[38;2;165;130;119m[48;2;172;135;123m▄[38;2;175;137;127m[48;2;168;131;121m▄[38;2;189;148;135m[48;2;192;149;136m▄[38;2;168;131;120m[48;2;158;125;116m▄[38;2;133;123;117m[48;2;136;129;123m▄[38;2;154;146;139m[48;2;153;144;137m▄[38;2;151;142;135m[48;2;151;142;135m▄[38;2;151;142;135m[48;2;151;142;135m▄[38;2;151;142;135m[48;2;151;142;135m▄[38;2;154;145;137m[48;2;154;145;137m▄[38;2;147;141;136m[48;2;147;141;136m▄[0m
[38;2;191;193;191m[48;2;191;193;191m▄[38;2;150;144;137m[48;2;150;144;137m▄[38;2;162;153;143m[48;2;162;153;143m▄[38;2;158;148;138m[48;2;158;148;138m▄[38;2;136;131;127m[48;2;134;131;126m▄[38;2;214;217;217m[48;2;214;217;217m▄[38;2;223;225;224m[48;2;223;225;224m▄[38;2;221;223;222m[48;2;221;223;222m▄[38;2;221;223;222m[48;2;221;223;222m▄[38;2;221;223;222m[48;2;221;223;222m▄[38;2;221;223;222m[48;2;221;223;222m▄[38;2;221;223;222m[48;2;221;223;222m▄[38;2;221;223;222m[48;2;221;223;222m▄[38;2;221;223;222m[48;2;221;223;222m▄[38;2;221;223;222m[48;2;221;223;222m▄[38;2;221;223;222m[48;2;221;223;222m▄[38;2;221;223;222m[48;2;221;223;222m▄[38;2;221;223;222m[48;2;221;223;222m▄[38;2;221;223;222m[48;2;221;223;222m▄[38;2;221;223;222m[48;2;222;224;223m▄[38;2;221;223;222m[48;2;227;230;230m▄[38;2;226;228;227m[48;2;204;208;209m▄[38;2;214;218;219m[48;2;187;178;169m▄[38;2;179;180;179m[48;2;212;188;165m▄[38;2;195;186;176m[48;2;235;207;180m▄[38;2;212;189;167m[48;2;239;212;186m▄[38;2;232;206;181m[48;2;236;210;185m▄[38;2;186;161;144m[48;2;243;217;191m▄[38;2;180;141;129m[48;2;208;184;162m▄[38;2;160;129;118m[48;2;138;124;119m▄[38;2;176;178;179m[48;2;177;178;179m▄[38;2;131;125;120m[48;2;131;125;120m▄[38;2;155;145;138m[48;2;155;145;138m▄[38;2;151;142;135m[48;2;151;142;135m▄[38;2;151;142;135m[48;2;151;142;135m▄[38;2;152;143;136m[48;2;151;142;135m▄[38;2;140;134;128m[48;2;147;141;134m▄[38;2;144;118;109m[48;2;140;121;112m▄[38;2;194;149;136m[48;2;188;146;133m▄[38;2;177;139;128m[48;2;181;142;130m▄[38;2;136;110;102m[48;2;118;96;89m▄[38;2;184;157;141m[48;2;173;135;123m▄[38;2;212;191;171m[48;2;136;117;110m▄[38;2;174;156;141m[48;2;155;126;116m▄[38;2;183;151;137m[48;2;186;144;131m▄[38;2;183;142;130m[48;2;186;145;133m▄[38;2;189;146;133m[48;2;184;144;132m▄[38;2;189;146;133m[48;2;184;144;132m▄[38;2;191;148;135m[48;2;183;143;131m▄[38;2;168;131;120m[48;2;164;129;119m▄[38;2;182;142;129m[48;2;178;140;128m▄[38;2;187;146;134m[48;2;187;146;134m▄[38;2;186;144;131m[48;2;177;137;125m▄[38;2;135;118;111m[48;2;132;119;112m▄[38;2;151;144;138m[48;2;153;146;138m▄[38;2;151;142;135m[48;2;151;142;135m▄[38;2;151;142;135m[48;2;151;142;135m▄[38;2;151;142;135m[48;2;151;142;135m▄[38;2;154;145;137m[48;2;154;145;137m▄[38;2;148;141;136m[48;2;147;141;136m▄[0m
[38;2;191;193;193m[48;2;191;193;193m▄[38;2;151;145;138m[48;2;150;144;137m▄[38;2;164;155;145m[48;2;162;153;143m▄[38;2;160;151;141m[48;2;158;148;139m▄[38;2;135;131;127m[48;2;134;131;126m▄[38;2;216;218;219m[48;2;213;216;216m▄[38;2;226;229;228m[48;2;223;225;224m▄[38;2;224;227;226m[48;2;221;223;222m▄[38;2;224;227;226m[48;2;221;223;222m▄[38;2;224;227;226m[48;2;221;223;222m▄[38;2;224;227;226m[48;2;221;223;222m▄[38;2;224;227;226m[48;2;221;223;222m▄[38;2;224;227;226m[48;2;221;223;222m▄[38;2;224;227;226m[48;2;221;223;222m▄[38;2;224;227;226m[48;2;221;223;222m▄[38;2;224;227;226m[48;2;221;223;222m▄[38;2;224;227;226m[48;2;221;223;222m▄[38;2;224;227;226m[48;2;221;223;222m▄[38;2;224;227;226m[48;2;221;223;222m▄[38;2;224;227;226m[48;2;221;223;222m▄[38;2;224;227;226m[48;2;221;223;222m▄[38;2;226;228;227m[48;2;222;224;223m▄[38;2;219;221;220m[48;2;216;218;217m▄[38;2;202;204;203m[48;2;203;206;206m▄[38;2;228;230;229m[48;2;225;229;230m▄[38;2;228;232;232m[48;2;195;198;197m▄[38;2;183;178;175m[48;2;153;131;120m▄[38;2;169;138;128m[48;2;180;137;124m▄[38;2;190;145;131m[48;2;192;148;135m▄[38;2;166;135;124m[48;2;161;132;122m▄[38;2;176;177;179m[48;2;176;177;179m▄[38;2;140;131;124m[48;2;120;114;109m▄[38;2;162;152;142m[48;2;140;132;125m▄[38;2;151;144;136m[48;2;137;129;122m▄[38;2;171;168;164m[48;2;133;125;118m▄[38;2;190;190;189m[48;2;136;129;124m▄[38;2;192;192;191m[48;2;137;133;128m▄[38;2;180;181;181m[48;2;130;117;112m▄[38;2;167;167;166m[48;2;174;139;129m▄[38;2;169;165;163m[48;2;183;142;131m▄[38;2;165;160;159m[48;2;177;141;129m▄[38;2;167;157;148m[48;2;222;199;177m▄[38;2;160;149;141m[48;2;224;199;177m▄[38;2;150;146;142m[48;2;190;171;154m▄[38;2;161;160;159m[48;2;181;166;153m▄[38;2;156;156;154m[48;2;129;114;107m▄[38;2;170;172;171m[48;2;146;127;120m▄[38;2;168;169;167m[48;2;143;123;114m▄[38;2;141;139;132m[48;2;147;126;118m▄[38;2;151;146;137m[48;2;136;118;111m▄[38;2;148;140;132m[48;2;156;125;115m▄[38;2;149;137;128m[48;2;179;138;127m▄[38;2;145;135;127m[48;2;163;127;117m▄[38;2;148;142;133m[48;2;122;111;105m▄[38;2;133;128;122m[48;2;138;131;124m▄[38;2;134;129;121m[48;2;137;129;122m▄[38;2;136;130;122m[48;2;139;130;123m▄[38;2;139;133;126m[48;2;140;131;124m▄[38;2;148;142;135m[48;2;142;133;126m▄[38;2;148;142;136m[48;2;138;132;127m▄[0m
[38;2;225;225;225m[48;2;193;195;195m▄[38;2;164;164;163m[48;2;145;139;132m▄[38;2;151;150;149m[48;2;155;146;137m▄[38;2;149;150;149m[48;2;153;143;134m▄[38;2;147;149;148m[48;2;130;126;120m▄[38;2;154;156;156m[48;2;204;206;206m▄[38;2;156;157;157m[48;2;214;215;215m▄[38;2;155;157;157m[48;2;212;213;212m▄[38;2;155;157;157m[48;2;212;213;212m▄[38;2;155;157;157m[48;2;212;213;213m▄[38;2;155;157;157m[48;2;212;213;213m▄[38;2;156;157;157m[48;2;212;213;213m▄[38;2;155;157;157m[48;2;212;213;213m▄[38;2;155;157;157m[48;2;212;213;213m▄[38;2;155;157;157m[48;2;212;213;213m▄[38;2;155;157;157m[48;2;212;213;213m▄[38;2;155;157;157m[48;2;212;213;213m▄[38;2;155;157;157m[48;2;212;213;213m▄[38;2;155;157;157m[48;2;212;213;213m▄[38;2;155;157;157m[48;2;212;213;213m▄[38;2;155;157;156m[48;2;212;213;213m▄[38;2;156;157;157m[48;2;213;214;213m▄[38;2;155;157;157m[48;2;206;207;207m▄[38;2;154;155;155m[48;2;191;192;191m▄[38;2;155;157;157m[48;2;215;216;215m▄[38;2;155;156;156m[48;2;213;214;213m▄[38;2;155;157;156m[48;2;218;222;222m▄[38;2;159;162;162m[48;2;194;196;196m▄[38;2;152;157;158m[48;2;164;145;139m▄[38;2;146;148;147m[48;2;148;121;113m▄[38;2;181;182;182m[48;2;187;187;188m▄[38;2;156;157;156m[48;2;136;128;121m▄[38;2;156;157;156m[48;2;154;145;136m▄[38;2;157;157;156m[48;2;145;138;131m▄[38;2;155;156;155m[48;2;151;145;138m▄[38;2;157;157;156m[48;2;146;138;131m▄[38;2;157;158;157m[48;2;141;134;126m▄[38;2;158;159;158m[48;2;137;130;123m▄[38;2;158;158;157m[48;2;142;135;128m▄[38;2;158;158;157m[48;2;141;136;129m▄[38;2;157;158;157m[48;2;145;139;133m▄[38;2;157;158;157m[48;2;140;134;129m▄[38;2;157;158;157m[48;2;137;131;126m▄[38;2;157;158;157m[48;2;143;136;129m▄[38;2;158;158;157m[48;2;143;134;127m▄[38;2;157;158;157m[48;2;145;137;129m▄[38;2;156;157;156m[48;2;147;139;132m▄[38;2;155;156;155m[48;2;153;145;138m▄[38;2;155;156;155m[48;2;150;142;134m▄[38;2;152;151;150m[48;2;144;136;128m▄[38;2;153;152;151m[48;2;138;130;122m▄[38;2;156;155;154m[48;2;135;128;120m▄[38;2;161;160;159m[48;2;140;132;123m▄[38;2;163;162;162m[48;2;134;126;119m▄[38;2;163;162;161m[48;2;142;135;127m▄[38;2;163;162;160m[48;2;143;137;129m▄[38;2;164;162;161m[48;2;136;130;123m▄[38;2;164;163;161m[48;2;132;128;122m▄[38;2;163;161;160m[48;2;139;135;128m▄[38;2;174;173;172m[48;2;144;139;133m▄[0m
[38;2;191;189;191m[48;2;191;189;191m▄[38;2;159;166;158m[48;2;152;158;152m▄[38;2;150;148;140m[48;2;140;139;131m▄[38;2;120;134;132m[48;2;113;127;125m▄[38;2;121;138;137m[48;2;114;131;130m▄[38;2;121;137;136m[48;2;112;128;127m▄[38;2;121;137;136m[48;2;112;128;126m▄[38;2;121;137;136m[48;2;112;128;127m▄[38;2;121;137;136m[48;2;112;128;126m▄[38;2;121;137;136m[48;2;112;128;126m▄[38;2;121;137;136m[48;2;112;128;127m▄[38;2;121;137;136m[48;2;112;128;127m▄[38;2;121;137;136m[48;2;112;128;127m▄[38;2;121;137;136m[48;2;112;128;126m▄[38;2;121;137;136m[48;2;112;128;126m▄[38;2;121;137;136m[48;2;112;128;126m▄[38;2;121;137;136m[48;2;112;128;126m▄[38;2;121;137;136m[48;2;112;128;126m▄[38;2;121;137;136m[48;2;112;128;126m▄[38;2;121;137;136m[48;2;112;128;126m▄[38;2;121;137;136m[48;2;112;127;126m▄[38;2;121;137;136m[48;2;112;128;127m▄[38;2;121;137;136m[48;2;112;128;127m▄[38;2;121;137;136m[48;2;113;129;127m▄[38;2;121;137;136m[48;2;112;128;127m▄[38;2;121;137;136m[48;2;112;128;126m▄[38;2;121;137;136m[48;2;112;128;127m▄[38;2;121;137;136m[48;2;112;128;126m▄[38;2;121;137;136m[48;2;113;129;127m▄[38;2;121;137;136m[48;2;114;131;130m▄[38;2;122;138;137m[48;2;108;124;122m▄[38;2;119;134;133m[48;2;114;130;129m▄[38;2;116;132;131m[48;2;114;130;129m▄[38;2;120;136;135m[48;2;113;130;128m▄[38;2;121;134;132m[48;2;112;129;129m▄[38;2;123;137;134m[48;2;112;129;128m▄[38;2;120;136;135m[48;2;113;130;129m▄[38;2;121;138;137m[48;2;113;129;128m▄[38;2;121;137;136m[48;2;113;129;128m▄[38;2;121;137;136m[48;2;113;129;128m▄[38;2;121;137;136m[48;2;113;129;128m▄[38;2;121;137;136m[48;2;113;129;128m▄[38;2;121;137;136m[48;2;113;129;128m▄[38;2;121;137;136m[48;2;113;129;128m▄[38;2;121;137;136m[48;2;113;129;128m▄[38;2;121;137;136m[48;2;113;129;128m▄[38;2;121;137;136m[48;2;113;129;128m▄[38;2;120;137;137m[48;2;112;129;128m▄[38;2;122;133;132m[48;2;114;126;125m▄[38;2;150;146;139m[48;2;142;138;131m▄[38;2;173;181;173m[48;2;164;172;165m▄[38;2;173;180;172m[48;2;164;170;163m▄[38;2;173;180;172m[48;2;163;169;162m▄[38;2;173;180;172m[48;2;163;169;162m▄[38;2;173;180;172m[48;2;163;169;162m▄[38;2;173;180;172m[48;2;163;169;162m▄[38;2;173;180;172m[48;2;163;169;162m▄[38;2;173;180;172m[48;2;163;169;162m▄[38;2;178;185;177m[48;2;167;174;166m▄[38;2;162;166;162m[48;2;155;159;154m▄[0m
[38;2;191;189;191m[48;2;191;189;191m▄[38;2;158;164;157m[48;2;158;164;157m▄[38;2;148;146;138m[48;2;148;146;138m▄[38;2;119;133;131m[48;2;119;133;131m▄[38;2;120;137;136m[48;2;120;137;136m▄[38;2;120;136;135m[48;2;120;136;135m▄[38;2;120;136;135m[48;2;120;136;135m▄[38;2;120;136;135m[48;2;120;136;135m▄[38;2;120;136;135m[48;2;120;136;135m▄[38;2;120;136;135m[48;2;120;136;135m▄[38;2;120;136;135m[48;2;120;136;135m▄[38;2;120;136;135m[48;2;120;136;135m▄[38;2;120;136;135m[48;2;120;136;135m▄[38;2;120;136;135m[48;2;120;136;135m▄[38;2;120;136;135m[48;2;120;136;135m▄[38;2;120;136;135m[48;2;120;136;135m▄[38;2;120;136;135m[48;2;120;136;135m▄[38;2;120;136;135m[48;2;120;136;135m▄[38;2;120;136;135m[48;2;120;136;135m▄[38;2;120;136;135m[48;2;120;136;135m▄[38;2;120;136;135m[48;2;120;136;135m▄[38;2;120;136;135m[48;2;120;136;135m▄[38;2;120;136;135m[48;2;120;136;135m▄[38;2;120;136;135m[48;2;120;136;135m▄[38;2;120;136;135m[48;2;120;136;135m▄[38;2;120;136;135m[48;2;120;136;135m▄[38;2;120;136;135m[48;2;120;136;135m▄[38;2;120;136;135m[48;2;120;136;135m▄[38;2;120;136;135m[48;2;120;136;135m▄[38;2;120;136;135m[48;2;120;136;135m▄[38;2;120;136;135m[48;2;121;138;137m▄[38;2;118;135;134m[48;2;112;124;122m▄[38;2;129;140;139m[48;2;129;128;122m▄[38;2;153;157;157m[48;2;109;124;124m▄[38;2;148;151;148m[48;2;149;144;132m▄[38;2;142;141;136m[48;2;141;141;135m▄[38;2;120;128;125m[48;2;109;126;126m▄[38;2;118;134;133m[48;2;121;137;136m▄[38;2;121;137;136m[48;2;120;136;135m▄[38;2;120;136;135m[48;2;120;136;135m▄[38;2;120;136;135m[48;2;120;136;135m▄[38;2;120;136;135m[48;2;120;136;135m▄[38;2;120;136;135m[48;2;120;136;135m▄[38;2;120;136;135m[48;2;120;136;135m▄[38;2;120;136;135m[48;2;120;136;135m▄[38;2;120;136;135m[48;2;120;136;135m▄[38;2;120;136;135m[48;2;120;136;135m▄[38;2;119;136;136m[48;2;119;136;136m▄[38;2;121;133;131m[48;2;121;133;131m▄[38;2;149;145;138m[48;2;149;145;138m▄[38;2;171;178;171m[48;2;171;178;171m▄[38;2;171;178;170m[48;2;171;178;170m▄[38;2;171;178;170m[48;2;171;178;170m▄[38;2;171;178;170m[48;2;171;178;170m▄[38;2;171;178;170m[48;2;171;178;170m▄[38;2;171;178;170m[48;2;171;178;170m▄[38;2;171;178;170m[48;2;171;178;170m▄[38;2;171;178;170m[48;2;171;178;170m▄[38;2;176;183;175m[48;2;176;183;175m▄[38;2;161;166;159m[48;2;161;165;161m▄[0m
[38;2;191;189;191m[48;2;191;189;191m▄[38;2;158;164;157m[48;2;158;164;157m▄[38;2;149;147;139m[48;2;148;146;138m▄[38;2;118;133;132m[48;2;119;133;131m▄[38;2;119;137;137m[48;2;120;137;136m▄[38;2;119;136;136m[48;2;120;136;135m▄[38;2;119;136;136m[48;2;120;136;135m▄[38;2;119;136;136m[48;2;120;136;135m▄[38;2;119;136;136m[48;2;120;136;135m▄[38;2;119;136;136m[48;2;120;136;135m▄[38;2;119;136;136m[48;2;120;136;135m▄[38;2;119;136;136m[48;2;120;136;135m▄[38;2;119;136;136m[48;2;120;136;135m▄[38;2;119;136;136m[48;2;120;136;135m▄[38;2;119;136;136m[48;2;120;136;135m▄[38;2;119;136;136m[48;2;120;136;135m▄[38;2;119;136;136m[48;2;120;136;135m▄[38;2;119;136;136m[48;2;120;136;135m▄[38;2;119;136;136m[48;2;120;136;135m▄[38;2;119;136;136m[48;2;120;136;135m▄[38;2;119;136;136m[48;2;120;136;135m▄[38;2;119;136;136m[48;2;120;136;135m▄[38;2;119;136;136m[48;2;120;136;135m▄[38;2;119;136;136m[48;2;120;136;135m▄[38;2;119;136;136m[48;2;120;136;135m▄[38;2;119;136;136m[48;2;120;136;135m▄[38;2;119;136;136m[48;2;120;136;135m▄[38;2;119;136;136m[48;2;120;136;135m▄[38;2;119;136;136m[48;2;120;136;135m▄[38;2;119;136;136m[48;2;120;136;135m▄[38;2;119;136;136m[48;2;120;136;135m▄[38;2;119;136;136m[48;2;121;137;136m▄[38;2;120;139;138m[48;2;118;135;135m▄[38;2;110;121;120m[48;2;119;129;128m▄[38;2;150;140;130m[48;2;160;154;148m▄[38;2;156;146;136m[48;2;155;145;136m▄[38;2;179;173;167m[48;2;192;189;186m▄[38;2;173;179;179m[48;2;146;155;155m▄[38;2;108;126;126m[48;2;114;131;130m▄[38;2;119;137;137m[48;2;120;136;135m▄[38;2;119;136;136m[48;2;120;136;135m▄[38;2;119;136;136m[48;2;120;136;135m▄[38;2;119;136;136m[48;2;120;136;135m▄[38;2;119;136;136m[48;2;120;136;135m▄[38;2;119;136;136m[48;2;120;136;135m▄[38;2;119;136;136m[48;2;120;136;135m▄[38;2;119;136;136m[48;2;120;136;135m▄[38;2;118;136;137m[48;2;119;136;136m▄[38;2;120;133;132m[48;2;121;132;131m▄[38;2;149;145;138m[48;2;149;145;138m▄[38;2;171;178;171m[48;2;172;178;172m▄[38;2;171;178;170m[48;2;171;178;170m▄[38;2;171;178;170m[48;2;171;178;170m▄[38;2;171;178;170m[48;2;171;178;170m▄[38;2;171;178;170m[48;2;171;178;170m▄[38;2;171;178;170m[48;2;171;178;170m▄[38;2;171;178;170m[48;2;171;178;170m▄[38;2;171;178;170m[48;2;171;178;170m▄[38;2;176;183;174m[48;2;176;183;174m▄[38;2;162;166;161m[48;2;161;166;159m▄[0m
[38;2;193;191;193m[48;2;191;189;191m▄[38;2;159;165;159m[48;2;159;166;159m▄[38;2;149;154;147m[48;2;146;145;135m▄[38;2;135;135;128m[48;2;128;130;125m▄[38;2;142;144;137m[48;2;127;131;126m▄[38;2;155;157;149m[48;2;125;129;123m▄[38;2;158;161;153m[48;2;124;127;122m▄[38;2;156;159;151m[48;2;124;127;122m▄[38;2;156;159;151m[48;2;124;127;122m▄[38;2;156;159;151m[48;2;123;127;122m▄[38;2;158;160;152m[48;2;123;127;122m▄[38;2;156;159;150m[48;2;124;127;122m▄[38;2;143;146;138m[48;2;126;130;125m▄[38;2;149;151;143m[48;2;126;129;124m▄[38;2;161;164;156m[48;2;123;126;121m▄[38;2;152;155;147m[48;2;126;129;124m▄[38;2;129;127;119m[48;2;129;133;128m▄[38;2;132;131;123m[48;2;128;133;128m▄[38;2;154;157;149m[48;2;124;128;123m▄[38;2;159;162;153m[48;2;123;126;121m▄[38;2;152;155;147m[48;2;125;129;123m▄[38;2;136;136;129m[48;2;128;132;127m▄[38;2;149;152;144m[48;2;126;129;124m▄[38;2;159;161;153m[48;2;123;127;121m▄[38;2;156;159;151m[48;2;122;126;122m▄[38;2;157;159;151m[48;2;123;127;123m▄[38;2;156;158;150m[48;2;122;126;120m▄[38;2;157;159;151m[48;2;123;127;121m▄[38;2;156;159;151m[48;2;123;126;121m▄[38;2;156;159;151m[48;2;121;125;121m▄[38;2;157;159;151m[48;2;123;126;122m▄[38;2;157;159;151m[48;2;125;128;122m▄[38;2;160;163;155m[48;2;124;128;123m▄[38;2;132;133;127m[48;2;118;118;112m▄[38;2;132;130;128m[48;2;157;147;136m▄[38;2;137;135;131m[48;2;158;147;137m▄[38;2;172;163;154m[48;2;176;172;167m▄[38;2;155;157;150m[48;2;161;163;161m▄[38;2;156;159;151m[48;2;115;117;112m▄[38;2;157;159;151m[48;2;124;127;122m▄[38;2;156;159;151m[48;2;124;127;122m▄[38;2;157;160;152m[48;2;124;127;122m▄[38;2;160;162;154m[48;2;124;127;122m▄[38;2;162;165;156m[48;2;124;126;121m▄[38;2;159;163;155m[48;2;124;126;121m▄[38;2;156;159;151m[48;2;124;127;122m▄[38;2;156;159;151m[48;2;124;127;122m▄[38;2;159;162;153m[48;2;123;126;122m▄[38;2;156;159;151m[48;2;123;123;119m▄[38;2;160;166;158m[48;2;141;138;131m▄[38;2;162;169;162m[48;2;173;181;173m▄[38;2;173;180;173m[48;2;171;178;170m▄[38;2;173;180;172m[48;2;171;178;170m▄[38;2;167;175;167m[48;2;172;179;171m▄[38;2;155;161;154m[48;2;175;182;174m▄[38;2;164;171;163m[48;2;173;180;172m▄[38;2;173;180;172m[48;2;171;178;170m▄[38;2;171;178;170m[48;2;171;178;170m▄[38;2;177;184;176m[48;2;176;183;174m▄[38;2;148;152;146m[48;2;164;169;163m▄[0m
[38;2;195;195;195m[48;2;195;195;196m▄[38;2;122;120;116m[48;2;121;121;117m▄[38;2;110;110;106m[48;2;113;112;108m▄[38;2;116;115;109m[48;2;124;123;118m▄[38;2;162;146;132m[48;2;109;105;101m▄[38;2;105;103;99m[48;2;126;125;119m▄[38;2;147;153;146m[48;2;173;181;173m▄[38;2;163;169;162m[48;2;178;186;178m▄[38;2;161;167;160m[48;2;176;184;176m▄[38;2;163;170;162m[48;2;177;185;177m▄[38;2;159;166;159m[48;2;176;185;177m▄[38;2;116;113;107m[48;2;138;141;134m▄[38;2;133;122;114m[48;2;124;119;114m▄[38;2;125;118;111m[48;2;130;131;126m▄[38;2;147;154;148m[48;2;164;173;166m▄[38;2;103;102;96m[48;2;116;114;104m▄[38;2;142;139;128m[48;2;142;137;125m▄[38;2;136;132;120m[48;2;133;127;114m▄[38;2;120;121;113m[48;2;142;145;137m▄[38;2;152;161;155m[48;2;183;193;185m▄[38;2;129;126;120m[48;2;136;137;131m▄[38;2;146;139;133m[48;2;133;127;120m▄[38;2;125;121;115m[48;2;133;133;127m▄[38;2;153;159;152m[48;2;177;186;177m▄[38;2;164;170;163m[48;2;177;185;176m▄[38;2;161;168;161m[48;2;176;184;176m▄[38;2;162;168;161m[48;2;176;184;176m▄[38;2;162;168;161m[48;2;176;184;176m▄[38;2;161;167;160m[48;2;176;184;176m▄[38;2;161;167;160m[48;2;176;184;176m▄[38;2;161;167;160m[48;2;176;184;176m▄[38;2;161;167;160m[48;2;176;184;176m▄[38;2;164;171;163m[48;2;182;190;181m▄[38;2;138;143;138m[48;2;143;149;145m▄[38;2;125;129;132m[48;2;124;130;135m▄[38;2;108;111;113m[48;2;127;133;136m▄[38;2;124;130;133m[48;2;133;130;126m▄[38;2;145;150;144m[48;2;162;168;160m▄[38;2;163;170;162m[48;2;180;188;180m▄[38;2;160;167;160m[48;2;176;184;176m▄[38;2;164;170;163m[48;2;177;185;177m▄[38;2;126;130;127m[48;2;176;183;175m▄[38;2;107;114;117m[48;2;163;169;162m▄[38;2;97;104;107m[48;2;145;153;147m▄[38;2;100;101;97m[48;2;147;145;135m▄[38;2;102;106;108m[48;2;123;123;118m▄[38;2;102;105;107m[48;2;121;125;123m▄[38;2;136;140;133m[48;2;166;173;165m▄[38;2;153;158;151m[48;2;177;186;178m▄[38;2;126;120;111m[48;2;142;144;137m▄[38;2;153;147;134m[48;2;131;127;119m▄[38;2;125;119;110m[48;2;138;139;133m▄[38;2;157;163;156m[48;2;179;188;180m▄[38;2;128;132;126m[48;2;141;146;139m▄[38;2;133;124;116m[48;2;119;115;109m▄[38;2;118;113;106m[48;2;125;124;119m▄[38;2;150;156;149m[48;2;169;177;168m▄[38;2;166;172;165m[48;2;176;183;175m▄[38;2;149;155;146m[48;2;169;176;168m▄[38;2;117;115;112m[48;2;117;117;114m▄[0m
[38;2;195;195;195m[48;2;195;195;195m▄[38;2;122;121;116m[48;2;122;121;117m▄[38;2;125;121;115m[48;2;123;118;111m▄[38;2;148;143;138m[48;2;172;155;139m▄[38;2;112;119;121m[48;2;159;149;136m▄[38;2;124;130;128m[48;2;160;168;160m▄[38;2;150;155;150m[48;2;162;166;162m▄[38;2;150;149;149m[48;2;132;134;128m▄[38;2;154;148;143m[48;2;143;148;141m▄[38;2;109;107;104m[48;2;135;139;133m▄[38;2;115;127;132m[48;2;118;122;121m▄[38;2;122;134;138m[48;2;114;120;121m▄[38;2;122;134;137m[48;2;124;129;130m▄[38;2;114;129;134m[48;2;111;116;117m▄[38;2;111;101;98m[48;2;113;118;116m▄[38;2;164;129;119m[48;2;119;112;105m▄[38;2;160;130;122m[48;2;134;117;108m▄[38;2;161;131;123m[48;2;136;116;107m▄[38;2;161;130;122m[48;2;124;110;103m▄[38;2;159;126;119m[48;2;121;115;109m▄[38;2;146;117;108m[48;2;123;117;111m▄[38;2;108;107;105m[48;2;141;136;129m▄[38;2;114;122;127m[48;2;113;112;110m▄[38;2;95;101;105m[48;2;108;113;112m▄[38;2;115;116;116m[48;2;140;144;136m▄[38;2;152;145;138m[48;2;143;148;141m▄[38;2;150;142;134m[48;2;142;146;140m▄[38;2;117;115;109m[48;2;145;149;143m▄[38;2;148;153;147m[48;2;148;153;146m▄[38;2;150;155;148m[48;2;148;152;146m▄[38;2;151;156;149m[48;2;148;152;146m▄[38;2;151;157;150m[48;2;148;152;145m▄[38;2;154;160;153m[48;2;150;155;148m▄[38;2;142;147;141m[48;2;136;140;134m▄[38;2;122;127;130m[48;2;125;128;131m▄[38;2;121;125;123m[48;2;113;116;115m▄[38;2;124;130;132m[48;2;124;129;131m▄[38;2;133;138;135m[48;2;131;134;130m▄[38;2;122;122;116m[48;2;148;152;145m▄[38;2;131;123;117m[48;2;144;148;141m▄[38;2;156;148;139m[48;2;142;147;140m▄[38;2;133;128;121m[48;2;136;140;135m▄[38;2;149;146;143m[48;2;118;122;120m▄[38;2;115;114;114m[48;2;107;113;114m▄[38;2;117;126;131m[48;2;122;132;135m▄[38;2;122;132;135m[48;2;121;132;134m▄[38;2;114;122;125m[48;2;118;127;129m▄[38;2;110;117;119m[48;2;107;113;114m▄[38;2;116;124;127m[48;2;109;112;108m▄[38;2;122;132;135m[48;2;112;111;108m▄[38;2;120;132;134m[48;2;127;125;119m▄[38;2;121;131;135m[48;2;113;110;105m▄[38;2;117;125;128m[48;2;110;114;111m▄[38;2;113;119;122m[48;2;122;126;126m▄[38;2;127;131;135m[48;2;134;136;136m▄[38;2;140;147;151m[48;2;128;130;131m▄[38;2;127;133;138m[48;2;123;127;127m▄[38;2;98;99;101m[48;2;125;130;126m▄[38;2;112;117;119m[48;2;124;127;122m▄[38;2;116;118;119m[48;2;116;114;110m▄[0m
[38;2;201;201;201m[48;2;195;195;195m▄[38;2;132;135;137m[48;2;116;116;112m▄[38;2;132;137;140m[48;2;116;122;124m▄[38;2;130;135;137m[48;2;119;126;131m▄[38;2;127;132;134m[48;2;122;128;132m▄[38;2;124;126;127m[48;2;120;125;130m▄[38;2;130;127;125m[48;2;112;114;114m▄[38;2;155;148;139m[48;2;146;141;135m▄[38;2;163;156;147m[48;2;151;142;134m▄[38;2;165;157;148m[48;2;135;129;122m▄[38;2;165;157;147m[48;2;136;135;131m▄[38;2;162;153;144m[48;2;132;132;128m▄[38;2;146;139;133m[48;2;125;125;122m▄[38;2;158;152;145m[48;2;132;133;129m▄[38;2;153;150;149m[48;2;128;116;112m▄[38;2;152;127;120m[48;2;165;131;121m▄[38;2;163;137;130m[48;2;160;130;121m▄[38;2;161;136;129m[48;2;161;130;122m▄[38;2;161;136;129m[48;2;161;130;122m▄[38;2;156;133;126m[48;2;157;128;120m▄[38;2;148;125;119m[48;2;161;128;119m▄[38;2;153;130;122m[48;2;130;112;106m▄[38;2;155;148;140m[48;2;133;133;129m▄[38;2;166;158;149m[48;2;129;126;122m▄[38;2;164;156;147m[48;2;132;127;122m▄[38;2;160;153;145m[48;2;152;143;134m▄[38;2;164;156;147m[48;2;154;144;135m▄[38;2;123;121;117m[48;2;114;110;104m▄[38;2;146;151;145m[48;2;147;152;146m▄[38;2;155;159;153m[48;2;153;158;151m▄[38;2;149;148;143m[48;2;150;152;145m▄[38;2;146;144;138m[48;2;148;150;142m▄[38;2;141;138;132m[48;2;146;148;140m▄[38;2;131;128;124m[48;2;124;126;120m▄[38;2;135;132;127m[48;2;112;113;111m▄[38;2;123;122;118m[48;2;115;116;112m▄[38;2;128;128;123m[48;2;116;118;117m▄[38;2;146;150;145m[48;2;130;136;131m▄[38;2;132;132;128m[48;2;130;130;123m▄[38;2;144;140;134m[48;2;129;122;117m▄[38;2;128;124;119m[48;2;128;121;114m▄[38;2;125;121;118m[48;2;123;117;109m▄[38;2;136;130;125m[48;2;148;140;133m▄[38;2;159;151;143m[48;2;143;136;130m▄[38;2;165;156;147m[48;2;138;135;130m▄[38;2;142;139;136m[48;2;140;139;137m▄[38;2;129;135;138m[48;2;110;114;115m▄[38;2;118;125;128m[48;2;120;130;133m▄[38;2;126;133;135m[48;2;124;135;137m▄[38;2;131;139;141m[48;2;125;135;137m▄[38;2;130;138;140m[48;2;124;135;137m▄[38;2;130;138;140m[48;2;124;135;137m▄[38;2;127;134;137m[48;2;125;136;138m▄[38;2;119;126;129m[48;2;118;129;132m▄[38;2;124;129;130m[48;2;109;113;113m▄[38;2;139;132;126m[48;2;143;139;134m▄[38;2;170;157;146m[48;2;126;122;119m▄[38;2;178;163;148m[48;2;174;156;140m▄[38;2;120;123;126m[48;2;134;131;128m▄[38;2;138;141;144m[48;2;120;126;129m▄[0m
