[38;2;223;233;239m[48;2;237;237;237m▄[38;2;255;255;255m[48;2;253;254;254m▄[38;2;237;249;255m[48;2;231;235;239m▄[38;2;236;250;255m[48;2;229;235;239m▄[38;2;238;250;255m[48;2;229;235;239m▄[38;2;241;252;255m[48;2;231;237;241m▄[38;2;246;255;255m[48;2;237;237;241m▄[38;2;250;255;255m[48;2;239;241;241m▄[38;2;255;255;255m[48;2;243;243;243m▄[38;2;255;255;255m[48;2;247;243;241m▄[38;2;255;255;255m[48;2;249;245;243m▄[38;2;255;255;255m[48;2;249;245;243m▄[38;2;255;255;255m[48;2;249;245;245m▄[38;2;255;255;255m[48;2;251;247;243m▄[38;2;255;255;255m[48;2;251;247;243m▄[38;2;255;255;255m[48;2;251;247;243m▄[38;2;255;255;255m[48;2;251;245;243m▄[38;2;255;255;255m[48;2;251;247;243m▄[38;2;255;255;254m[48;2;249;243;239m▄[38;2;255;255;250m[48;2;245;239;235m▄[38;2;255;251;243m[48;2;243;235;227m▄[38;2;255;249;238m[48;2;243;231;222m▄[38;2;255;246;234m[48;2;243;227;218m▄[38;2;255;245;230m[48;2;241;226;212m▄[38;2;255;245;226m[48;2;237;226;208m▄[38;2;249;243;221m[48;2;233;226;208m▄[38;2;248;243;222m[48;2;233;227;208m▄[38;2;247;244;223m[48;2;233;229;210m▄[38;2;248;245;226m[48;2;233;231;216m▄[38;2;249;246;229m[48;2;235;231;218m▄[38;2;250;246;233m[48;2;237;231;220m▄[38;2;250;247;234m[48;2;235;233;222m▄[38;2;249;248;238m[48;2;231;231;224m▄[38;2;251;253;245m[48;2;229;229;226m▄[38;2;251;253;246m[48;2;227;229;224m▄[38;2;250;252;247m[48;2;226;227;226m▄[38;2;245;247;244m[48;2;224;227;227m▄[38;2;243;245;243m[48;2;224;226;224m▄[38;2;241;243;240m[48;2;222;224;222m▄[38;2;238;240;237m[48;2;222;224;222m▄[38;2;237;238;236m[48;2;220;222;222m▄[38;2;236;237;234m[48;2;220;222;220m▄[38;2;236;235;233m[48;2;220;222;220m▄[38;2;237;234;230m[48;2;220;222;220m▄[38;2;238;234;229m[48;2;222;222;220m▄[38;2;241;234;228m[48;2;226;222;218m▄[38;2;243;235;227m[48;2;227;224;218m▄[38;2;243;236;226m[48;2;227;226;220m▄[38;2;245;236;226m[48;2;229;226;220m▄[38;2;248;238;229m[48;2;235;226;222m▄[38;2;253;240;229m[48;2;237;227;218m▄[38;2;255;239;228m[48;2;237;226;216m▄[38;2;255;238;225m[48;2;239;224;210m▄[38;2;255;238;222m[48;2;239;224;208m▄[38;2;255;238;222m[48;2;237;222;206m▄[38;2;255;239;223m[48;2;239;222;206m▄[38;2;255;240;224m[48;2;239;222;208m▄[38;2;255;241;225m[48;2;241;224;210m▄[38;2;255;241;226m[48;2;241;224;212m▄[38;2;255;255;246m[48;2;254;243;229m▄[0m
[38;2;200;225;233m[48;2;205;225;234m▄[38;2;216;241;252m[48;2;220;243;252m▄[38;2;200;221;232m[48;2;202;224;232m▄[38;2;200;220;232m[48;2;204;223;232m▄[38;2;201;221;233m[48;2;205;224;233m▄[38;2;203;223;231m[48;2;208;225;233m▄[38;2;208;225;232m[48;2;213;228;234m▄[38;2;212;227;231m[48;2;218;230;235m▄[38;2;216;229;229m[48;2;222;233;236m▄[38;2;217;230;227m[48;2;225;234;238m▄[38;2;219;230;226m[48;2;229;235;238m▄[38;2;220;231;224m[48;2;231;236;235m▄[38;2;220;230;223m[48;2;232;237;234m▄[38;2;221;231;223m[48;2;234;237;234m▄[38;2;222;231;222m[48;2;234;238;235m▄[38;2;223;231;223m[48;2;236;238;235m▄[38;2;223;231;223m[48;2;235;238;234m▄[38;2;222;231;222m[48;2;233;235;231m▄[38;2;224;230;220m[48;2;233;233;228m▄[38;2;226;227;216m[48;2;234;232;224m▄[38;2;229;228;214m[48;2;234;229;219m▄[38;2;231;228;216m[48;2;233;227;216m▄[38;2;231;229;215m[48;2;233;227;213m▄[38;2;231;231;211m[48;2;231;227;210m▄[38;2;211;208;193m[48;2;223;220;206m▄[38;2;198;184;192m[48;2;239;237;228m▄[38;2;199;185;197m[48;2;237;235;225m▄[38;2;201;187;198m[48;2;237;236;226m▄[38;2;199;186;197m[48;2;239;238;228m▄[38;2;199;184;197m[48;2;239;237;229m▄[38;2;198;183;195m[48;2;238;236;229m▄[38;2;199;184;196m[48;2;239;238;231m▄[38;2;195;178;191m[48;2;226;222;219m▄[38;2;183;163;181m[48;2;202;192;199m▄[38;2;175;155;172m[48;2;208;197;206m▄[38;2;202;190;190m[48;2;213;207;208m▄[38;2;249;249;240m[48;2;234;234;228m▄[38;2;243;240;234m[48;2;234;232;229m▄[38;2;239;235;229m[48;2;232;230;227m▄[38;2;230;221;213m[48;2;225;222;217m▄[38;2;222;211;202m[48;2;221;217;210m▄[38;2;218;207;197m[48;2;217;211;204m▄[38;2;216;205;195m[48;2;215;207;200m▄[38;2;216;207;196m[48;2;215;207;197m▄[38;2;216;207;196m[48;2;215;206;196m▄[38;2;216;207;196m[48;2;215;205;196m▄[38;2;218;208;198m[48;2;218;208;199m▄[38;2;220;210;200m[48;2;219;209;199m▄[38;2;221;212;201m[48;2;219;211;200m▄[38;2;222;212;200m[48;2;222;210;199m▄[38;2;225;216;203m[48;2;227;212;199m▄[38;2;227;220;206m[48;2;229;216;202m▄[38;2;230;222;208m[48;2;231;217;203m▄[38;2;230;223;208m[48;2;231;218;202m▄[38;2;229;224;208m[48;2;233;219;204m▄[38;2;230;225;207m[48;2;234;221;205m▄[38;2;229;224;206m[48;2;233;221;205m▄[38;2;227;224;205m[48;2;233;221;204m▄[38;2;229;224;205m[48;2;232;221;205m▄[38;2;248;243;223m[48;2;252;241;223m▄[0m
[38;2;216;224;218m[48;2;203;224;231m▄[38;2;234;240;235m[48;2;220;241;249m▄[38;2;216;222;217m[48;2;203;222;230m▄[38;2;215;222;216m[48;2;203;222;229m▄[38;2;215;222;216m[48;2;203;222;228m▄[38;2;217;222;216m[48;2;207;223;228m▄[38;2;219;222;213m[48;2;212;225;227m▄[38;2;220;224;213m[48;2;216;227;224m▄[38;2;220;224;211m[48;2;217;228;222m▄[38;2;222;224;210m[48;2;219;228;219m▄[38;2;223;225;211m[48;2;220;228;217m▄[38;2;223;225;211m[48;2;219;228;214m▄[38;2;222;224;210m[48;2;219;229;212m▄[38;2;221;223;209m[48;2;219;228;212m▄[38;2;217;221;208m[48;2;216;227;211m▄[38;2;215;221;211m[48;2;215;226;212m▄[38;2;213;219;212m[48;2;215;226;213m▄[38;2;215;220;213m[48;2;215;226;213m▄[38;2;217;223;213m[48;2;219;227;215m▄[38;2;219;220;208m[48;2;225;228;217m▄[38;2;208;192;174m[48;2;225;226;214m▄[38;2;219;178;166m[48;2;223;218;205m▄[38;2;212;167;164m[48;2;222;218;204m▄[38;2;227;218;215m[48;2;228;227;215m▄[38;2;246;245;244m[48;2;225;223;212m▄[38;2;246;246;241m[48;2;207;199;203m▄[38;2;246;245;240m[48;2;214;205;214m▄[38;2;248;247;242m[48;2;214;205;213m▄[38;2;249;248;242m[48;2;217;209;216m▄[38;2;250;248;244m[48;2;219;211;219m▄[38;2;249;248;243m[48;2;219;211;217m▄[38;2;249;249;243m[48;2;221;214;219m▄[38;2;250;251;246m[48;2;216;205;215m▄[38;2;227;221;225m[48;2;196;180;198m▄[38;2;197;183;196m[48;2;185;167;185m▄[38;2;195;180;193m[48;2;204;192;199m▄[38;2;191;176;189m[48;2;225;217;221m▄[38;2;194;177;183m[48;2;239;234;231m▄[38;2;225;207;200m[48;2;244;242;238m▄[38;2;235;224;212m[48;2;235;232;228m▄[38;2;231;227;219m[48;2;232;226;219m▄[38;2;236;230;222m[48;2;230;221;213m▄[38;2;233;227;217m[48;2;227;218;210m▄[38;2;231;224;215m[48;2;226;216;207m▄[38;2;231;221;212m[48;2;225;215;206m▄[38;2;230;221;212m[48;2;225;215;205m▄[38;2;230;221;211m[48;2;225;215;206m▄[38;2;231;223;214m[48;2;227;216;207m▄[38;2;232;228;219m[48;2;228;219;209m▄[38;2;235;232;226m[48;2;228;221;212m▄[38;2;239;236;231m[48;2;232;226;216m▄[38;2;239;236;230m[48;2;233;229;218m▄[38;2;237;237;229m[48;2;233;230;219m▄[38;2;236;236;229m[48;2;233;230;219m▄[38;2;234;235;225m[48;2;232;229;216m▄[38;2;231;232;221m[48;2;229;228;214m▄[38;2;228;231;217m[48;2;228;228;213m▄[38;2;225;230;215m[48;2;226;227;212m▄[38;2;222;228;211m[48;2;225;226;208m▄[38;2;238;245;227m[48;2;243;244;223m▄[0m
[38;2;236;231;222m[48;2;229;225;211m▄[38;2;254;251;240m[48;2;247;243;228m▄[38;2;236;232;221m[48;2;228;226;212m▄[38;2;237;233;222m[48;2;227;226;212m▄[38;2;237;233;222m[48;2;228;225;212m▄[38;2;238;233;223m[48;2;227;223;210m▄[38;2;238;234;224m[48;2;227;223;209m▄[38;2;237;234;223m[48;2;227;222;209m▄[38;2;236;233;222m[48;2;227;222;210m▄[38;2;237;233;222m[48;2;227;224;211m▄[38;2;236;232;222m[48;2;227;226;213m▄[38;2;236;233;222m[48;2;227;227;213m▄[38;2;236;233;222m[48;2;227;226;213m▄[38;2;235;232;222m[48;2;226;225;212m▄[38;2;233;232;225m[48;2;224;224;213m▄[38;2;231;231;226m[48;2;223;223;216m▄[38;2;232;233;229m[48;2;222;224;218m▄[38;2;217;211;202m[48;2;217;221;216m▄[38;2;232;202;174m[48;2;215;200;183m▄[38;2;247;214;184m[48;2;236;206;179m▄[38;2;244;213;185m[48;2;236;202;175m▄[38;2;211;170;157m[48;2;228;185;173m▄[38;2;229;217;203m[48;2;216;174;169m▄[38;2;228;226;212m[48;2;227;217;204m▄[38;2;201;196;186m[48;2;237;233;220m▄[38;2;204;199;188m[48;2;242;236;223m▄[38;2;216;211;199m[48;2;243;237;223m▄[38;2;199;193;183m[48;2;241;235;221m▄[38;2;215;209;198m[48;2;243;236;224m▄[38;2;219;213;202m[48;2;243;236;224m▄[38;2;200;196;185m[48;2;243;236;222m▄[38;2;234;227;215m[48;2;247;240;227m▄[38;2;255;254;241m[48;2;249;242;229m▄[38;2;255;253;240m[48;2;250;243;230m▄[38;2;255;254;242m[48;2;251;244;231m▄[38;2;241;234;214m[48;2;235;226;206m▄[38;2;227;219;189m[48;2;222;213;185m▄[38;2;208;190;170m[48;2;208;191;170m▄[38;2;218;177;164m[48;2;209;165;152m▄[38;2;226;195;173m[48;2;221;187;165m▄[38;2;197;179;161m[48;2;217;203;189m▄[38;2;217;207;196m[48;2;232;225;216m▄[38;2;214;206;193m[48;2;229;221;211m▄[38;2;216;208;196m[48;2;228;219;210m▄[38;2;218;211;200m[48;2;227;218;209m▄[38;2;221;212;202m[48;2;227;218;209m▄[38;2;224;215;205m[48;2;229;221;211m▄[38;2;228;222;214m[48;2;232;227;217m▄[38;2;231;228;220m[48;2;235;232;227m▄[38;2;233;231;225m[48;2;239;236;231m▄[38;2;234;232;229m[48;2;240;238;234m▄[38;2;235;235;230m[48;2;239;239;234m▄[38;2;233;235;230m[48;2;238;240;234m▄[38;2;230;235;229m[48;2;236;238;233m▄[38;2;229;234;227m[48;2;234;236;230m▄[38;2;227;232;226m[48;2;231;234;227m▄[38;2;225;230;225m[48;2;228;233;224m▄[38;2;224;231;222m[48;2;225;231;220m▄[38;2;220;230;217m[48;2;221;229;214m▄[38;2;234;247;233m[48;2;235;247;228m▄[0m
[38;2;254;251;247m[48;2;247;242;236m▄[38;2;255;255;255m[48;2;255;255;253m▄[38;2;254;249;244m[48;2;246;242;236m▄[38;2;254;249;244m[48;2;247;242;236m▄[38;2;254;250;243m[48;2;247;242;236m▄[38;2;255;252;245m[48;2;249;244;237m▄[38;2;254;253;244m[48;2;250;245;238m▄[38;2;254;252;245m[48;2;250;245;237m▄[38;2;254;251;245m[48;2;249;245;236m▄[38;2;254;251;240m[48;2;248;244;236m▄[38;2;253;250;240m[48;2;246;243;234m▄[38;2;253;249;240m[48;2;247;243;234m▄[38;2;252;248;239m[48;2;246;242;233m▄[38;2;251;248;239m[48;2;246;242;233m▄[38;2;249;247;237m[48;2;242;241;233m▄[38;2;248;248;237m[48;2;240;240;235m▄[38;2;247;248;244m[48;2;236;236;232m▄[38;2;223;207;189m[48;2;219;199;179m▄[38;2;241;209;178m[48;2;244;212;181m▄[38;2;244;213;185m[48;2;243;212;184m▄[38;2;232;191;177m[48;2;239;204;181m▄[38;2;210;164;161m[48;2;205;161;155m▄[38;2;238;223;212m[48;2;235;220;209m▄[38;2;220;217;206m[48;2;233;230;218m▄[38;2;202;197;187m[48;2;209;204;192m▄[38;2;206;201;189m[48;2;202;196;185m▄[38;2;198;193;182m[48;2;204;200;189m▄[38;2;226;220;208m[48;2;208;203;193m▄[38;2;255;253;240m[48;2;208;202;191m▄[38;2;255;248;235m[48;2;212;207;196m▄[38;2;255;248;235m[48;2;210;205;194m▄[38;2;255;253;240m[48;2;214;211;200m▄[38;2;229;216;204m[48;2;234;220;210m▄[38;2;204;162;151m[48;2;223;199;184m▄[38;2;235;194;171m[48;2;238;223;202m▄[38;2;231;204;175m[48;2;226;217;195m▄[38;2;214;195;168m[48;2;228;220;191m▄[38;2;203;178;159m[48;2;212;192;171m▄[38;2;218;185;174m[48;2;215;172;160m▄[38;2;225;202;184m[48;2;221;183;165m▄[38;2;217;205;189m[48;2;206;183;166m▄[38;2;223;217;206m[48;2;211;197;184m▄[38;2;220;213;202m[48;2;210;199;184m▄[38;2;219;213;201m[48;2;213;206;192m▄[38;2;218;213;201m[48;2;215;210;198m▄[38;2;219;213;203m[48;2;218;210;200m▄[38;2;219;213;203m[48;2;219;209;201m▄[38;2;218;214;203m[48;2;222;215;205m▄[38;2;219;217;209m[48;2;224;220;211m▄[38;2;218;219;213m[48;2;224;223;217m▄[38;2;219;221;214m[48;2;226;225;221m▄[38;2;219;222;217m[48;2;226;227;222m▄[38;2;219;226;218m[48;2;226;228;223m▄[38;2;221;226;221m[48;2;225;229;224m▄[38;2;222;227;224m[48;2;224;230;224m▄[38;2;221;228;224m[48;2;224;229;223m▄[38;2;221;229;225m[48;2;224;228;223m▄[38;2;222;228;225m[48;2;222;230;223m▄[38;2;220;229;224m[48;2;220;229;221m▄[38;2;238;249;244m[48;2;235;248;238m▄[0m
[38;2;253;254;253m[48;2;254;254;249m▄[38;2;253;255;255m[48;2;255;255;255m▄[38;2;252;253;249m[48;2;255;254;247m▄[38;2;251;251;247m[48;2;255;254;248m▄[38;2;250;250;245m[48;2;255;255;249m▄[38;2;249;248;243m[48;2;255;255;250m▄[38;2;248;246;240m[48;2;255;255;251m▄[38;2;245;242;235m[48;2;255;255;252m▄[38;2;245;241;232m[48;2;255;255;252m▄[38;2;244;237;227m[48;2;255;255;250m▄[38;2;243;233;220m[48;2;255;255;249m▄[38;2;243;231;217m[48;2;255;255;249m▄[38;2;239;224;208m[48;2;255;255;249m▄[38;2;238;221;203m[48;2;254;255;247m▄[38;2;237;218;198m[48;2;253;252;245m▄[38;2;237;214;192m[48;2;251;250;242m▄[38;2;236;208;183m[48;2;247;246;238m▄[38;2;237;206;178m[48;2;220;202;184m▄[38;2;242;211;184m[48;2;240;209;179m▄[38;2;242;212;182m[48;2;244;213;184m▄[38;2;243;209;184m[48;2;236;200;180m▄[38;2;218;170;164m[48;2;214;168;162m▄[38;2;226;211;201m[48;2;230;216;203m▄[38;2;252;250;238m[48;2;254;251;237m▄[38;2;251;243;231m[48;2;255;247;233m▄[38;2;250;242;231m[48;2;255;250;237m▄[38;2;249;241;229m[48;2;255;249;236m▄[38;2;248;240;228m[48;2;255;247;233m▄[38;2;248;240;228m[48;2;255;247;234m▄[38;2;248;240;228m[48;2;255;247;234m▄[38;2;251;243;231m[48;2;255;247;234m▄[38;2;252;246;236m[48;2;255;246;233m▄[38;2;252;247;236m[48;2;255;252;239m▄[38;2;253;249;237m[48;2;245;236;224m▄[38;2;246;242;230m[48;2;219;193;176m▄[38;2;220;206;188m[48;2;234;200;174m▄[38;2;221;192;169m[48;2;246;211;183m▄[38;2;246;212;183m[48;2;232;203;175m▄[38;2;241;209;180m[48;2;208;186;160m▄[38;2;233;201;173m[48;2;210;191;174m▄[38;2;220;185;162m[48;2;217;209;198m▄[38;2;213;178;159m[48;2;221;214;200m▄[38;2;227;192;171m[48;2;222;214;200m▄[38;2;237;208;182m[48;2;219;215;202m▄[38;2;222;198;175m[48;2;218;215;204m▄[38;2;207;176;160m[48;2;215;211;202m▄[38;2;222;196;175m[48;2;218;216;205m▄[38;2;226;206;187m[48;2;216;217;210m▄[38;2;216;207;193m[48;2;215;220;216m▄[38;2;211;213;207m[48;2;217;221;217m▄[38;2;209;216;217m[48;2;216;221;217m▄[38;2;211;221;224m[48;2;216;221;218m▄[38;2;213;226;229m[48;2;217;225;222m▄[38;2;215;228;233m[48;2;218;227;225m▄[38;2;219;231;235m[48;2;220;227;227m▄[38;2;219;230;233m[48;2;220;229;228m▄[38;2;219;229;232m[48;2;220;229;229m▄[38;2;220;231;232m[48;2;221;229;230m▄[38;2;221;231;232m[48;2;221;230;229m▄[38;2;239;250;251m[48;2;240;251;250m▄[0m
[38;2;244;209;180m[48;2;238;218;198m▄[38;2;255;227;196m[48;2;247;228;208m▄[38;2;242;209;180m[48;2;238;215;193m▄[38;2;243;210;181m[48;2;238;214;191m▄[38;2;243;210;181m[48;2;237;212;189m▄[38;2;243;211;182m[48;2;237;210;185m▄[38;2;243;211;182m[48;2;237;209;183m▄[38;2;243;211;183m[48;2;236;207;180m▄[38;2;243;211;183m[48;2;237;207;179m▄[38;2;242;211;183m[48;2;239;207;178m▄[38;2;242;211;183m[48;2;239;207;178m▄[38;2;242;211;183m[48;2;240;207;177m▄[38;2;242;211;183m[48;2;241;207;177m▄[38;2;242;211;183m[48;2;241;208;178m▄[38;2;242;211;183m[48;2;242;209;179m▄[38;2;242;211;183m[48;2;243;210;180m▄[38;2;242;211;183m[48;2;243;211;182m▄[38;2;242;211;183m[48;2;243;212;184m▄[38;2;243;212;183m[48;2;242;211;183m▄[38;2;239;207;180m[48;2;242;211;183m▄[38;2;225;191;168m[48;2;233;203;176m▄[38;2;224;184;167m[48;2;215;170;160m▄[38;2;223;184;173m[48;2;215;198;196m▄[38;2;220;188;181m[48;2;243;246;244m▄[38;2;220;187;185m[48;2;243;246;242m▄[38;2;222;190;187m[48;2;244;246;241m▄[38;2;222;195;191m[48;2;245;246;243m▄[38;2;223;204;199m[48;2;247;246;243m▄[38;2;229;224;215m[48;2;246;244;242m▄[38;2;234;233;223m[48;2;246;244;242m▄[38;2;212;202;186m[48;2;237;233;229m▄[38;2;218;188;163m[48;2;234;226;219m▄[38;2;216;178;156m[48;2;232;220;215m▄[38;2;225;185;171m[48;2;228;219;218m▄[38;2;217;179;172m[48;2;194;181;197m▄[38;2;200;167;169m[48;2;195;184;201m▄[38;2;199;181;181m[48;2;188;175;191m▄[38;2;226;221;217m[48;2;199;175;171m▄[38;2;207;188;177m[48;2;229;199;173m▄[38;2;207;166;149m[48;2;246;215;185m▄[38;2;240;206;180m[48;2;248;218;188m▄[38;2;242;211;183m[48;2;241;209;181m▄[38;2;240;209;181m[48;2;234;201;175m▄[38;2;235;200;177m[48;2;231;194;174m▄[38;2;239;205;181m[48;2;240;203;180m▄[38;2;243;212;184m[48;2;244;212;183m▄[38;2;242;212;183m[48;2;238;206;177m▄[38;2;242;211;183m[48;2;244;211;181m▄[38;2;242;211;183m[48;2;241;208;178m▄[38;2;244;212;183m[48;2;235;205;178m▄[38;2;245;213;183m[48;2;221;197;175m▄[38;2;245;211;181m[48;2;222;203;185m▄[38;2;244;210;180m[48;2;224;208;191m▄[38;2;245;210;180m[48;2;222;208;193m▄[38;2;235;202;173m[48;2;215;211;202m▄[38;2;216;201;188m[48;2;223;226;225m▄[38;2;243;240;238m[48;2;226;229;228m▄[38;2;240;236;231m[48;2;224;228;226m▄[38;2;240;236;232m[48;2;225;228;226m▄[38;2;255;254;252m[48;2;245;248;246m▄[0m
[38;2;244;229;213m[48;2;244;209;180m▄[38;2;255;242;229m[48;2;255;225;193m▄[38;2;241;227;212m[48;2;242;208;179m▄[38;2;241;227;212m[48;2;242;208;179m▄[38;2;241;227;212m[48;2;242;208;179m▄[38;2;241;227;212m[48;2;242;208;179m▄[38;2;242;227;212m[48;2;242;208;179m▄[38;2;241;227;212m[48;2;242;208;179m▄[38;2;241;227;212m[48;2;242;208;179m▄[38;2;241;227;212m[48;2;242;208;179m▄[38;2;242;227;212m[48;2;242;208;179m▄[38;2;241;227;212m[48;2;242;208;179m▄[38;2;241;227;212m[48;2;242;208;179m▄[38;2;241;227;212m[48;2;242;208;179m▄[38;2;241;227;212m[48;2;242;208;179m▄[38;2;237;224;209m[48;2;242;208;179m▄[38;2;232;222;209m[48;2;241;207;178m▄[38;2;233;227;214m[48;2;240;207;178m▄[38;2;234;230;219m[48;2;239;207;179m▄[38;2;233;231;222m[48;2;237;206;179m▄[38;2;234;233;223m[48;2;236;208;180m▄[38;2;234;236;227m[48;2;237;212;187m▄[38;2;233;237;228m[48;2;233;210;187m▄[38;2;233;238;227m[48;2;225;201;181m▄[38;2;233;239;227m[48;2;218;195;180m▄[38;2;233;238;225m[48;2;223;203;188m▄[38;2;233;236;224m[48;2;224;210;193m▄[38;2;233;235;223m[48;2;227;220;202m▄[38;2;233;234;222m[48;2;229;226;206m▄[38;2;233;234;224m[48;2;229;227;207m▄[38;2;235;235;226m[48;2;233;229;212m▄[38;2;240;239;231m[48;2;227;219;203m▄[38;2;238;240;233m[48;2;220;203;183m▄[38;2;226;224;214m[48;2;229;199;171m▄[38;2;222;213;200m[48;2;237;202;171m▄[38;2;235;225;208m[48;2;237;198;170m▄[38;2;244;231;214m[48;2;225;183;163m▄[38;2;239;225;208m[48;2;225;193;179m▄[38;2;233;220;205m[48;2;225;205;194m▄[38;2;226;219;208m[48;2;210;181;172m▄[38;2;217;209;197m[48;2;194;155;144m▄[38;2;235;223;208m[48;2;230;193;168m▄[38;2;239;228;211m[48;2;245;212;181m▄[38;2;239;227;211m[48;2;244;210;180m▄[38;2;240;226;211m[48;2;243;210;179m▄[38;2;240;226;211m[48;2;242;208;179m▄[38;2;240;226;210m[48;2;242;209;179m▄[38;2;240;226;210m[48;2;242;209;179m▄[38;2;240;227;211m[48;2;242;209;179m▄[38;2;240;227;211m[48;2;242;209;179m▄[38;2;240;227;211m[48;2;242;209;179m▄[38;2;240;227;211m[48;2;242;209;179m▄[38;2;240;227;212m[48;2;242;209;179m▄[38;2;241;227;211m[48;2;242;209;179m▄[38;2;240;227;211m[48;2;246;211;182m▄[38;2;238;225;207m[48;2;225;194;168m▄[38;2;228;222;212m[48;2;230;221;214m▄[38;2;246;245;241m[48;2;252;248;245m▄[38;2;245;243;238m[48;2;251;245;241m▄[38;2;255;255;255m[48;2;255;255;255m▄[0m
[38;2;240;245;238m[48;2;242;245;242m▄[38;2;255;255;255m[48;2;255;255;255m▄[38;2;240;243;237m[48;2;241;244;241m▄[38;2;240;242;237m[48;2;240;244;241m▄[38;2;238;243;237m[48;2;240;245;241m▄[38;2;238;243;236m[48;2;240;245;241m▄[38;2;239;243;237m[48;2;240;245;241m▄[38;2;238;243;237m[48;2;240;245;241m▄[38;2;238;243;237m[48;2;239;245;241m▄[38;2;238;243;237m[48;2;238;245;241m▄[38;2;237;243;237m[48;2;238;246;242m▄[38;2;237;243;237m[48;2;238;245;241m▄[38;2;237;243;236m[48;2;238;245;241m▄[38;2;237;242;236m[48;2;238;246;242m▄[38;2;237;242;236m[48;2;238;246;242m▄[38;2;236;241;235m[48;2;238;246;242m▄[38;2;236;241;235m[48;2;239;246;242m▄[38;2;236;241;235m[48;2;239;246;242m▄[38;2;236;241;235m[48;2;239;246;241m▄[38;2;235;240;234m[48;2;238;246;240m▄[38;2;234;239;233m[48;2;238;245;240m▄[38;2;234;239;233m[48;2;238;244;239m▄[38;2;234;239;233m[48;2;237;243;237m▄[38;2;234;239;233m[48;2;237;242;236m▄[38;2;234;239;233m[48;2;236;242;237m▄[38;2;234;239;233m[48;2;236;242;236m▄[38;2;234;239;233m[48;2;236;241;236m▄[38;2;234;239;233m[48;2;235;241;236m▄[38;2;234;239;233m[48;2;235;241;236m▄[38;2;234;239;233m[48;2;235;241;236m▄[38;2;234;239;233m[48;2;235;241;235m▄[38;2;234;239;233m[48;2;235;240;235m▄[38;2;234;240;234m[48;2;235;241;235m▄[38;2;235;242;237m[48;2;237;244;239m▄[38;2;233;243;238m[48;2;238;245;241m▄[38;2;232;242;237m[48;2;236;244;240m▄[38;2;234;243;238m[48;2;235;243;239m▄[38;2;236;244;238m[48;2;236;244;239m▄[38;2;231;237;231m[48;2;237;246;241m▄[38;2;232;234;228m[48;2;238;247;242m▄[38;2;233;238;232m[48;2;239;248;243m▄[38;2;236;243;238m[48;2;236;244;240m▄[38;2;236;242;236m[48;2;235;243;239m▄[38;2;236;241;235m[48;2;236;243;239m▄[38;2;236;241;235m[48;2;236;243;239m▄[38;2;236;241;235m[48;2;237;243;239m▄[38;2;236;241;235m[48;2;237;243;239m▄[38;2;236;241;235m[48;2;237;243;239m▄[38;2;236;241;235m[48;2;237;243;239m▄[38;2;236;241;235m[48;2;237;243;239m▄[38;2;236;241;235m[48;2;238;243;239m▄[38;2;236;241;235m[48;2;238;243;239m▄[38;2;236;241;235m[48;2;238;242;239m▄[38;2;236;241;235m[48;2;238;243;239m▄[38;2;236;241;235m[48;2;239;242;239m▄[38;2;237;241;235m[48;2;239;243;239m▄[38;2;238;240;235m[48;2;241;243;238m▄[38;2;239;240;235m[48;2;238;239;234m▄[38;2;239;240;235m[48;2;238;239;235m▄[38;2;255;255;255m[48;2;255;255;255m▄[0m
[38;2;236;240;234m[48;2;238;244;238m▄[38;2;254;255;253m[48;2;255;255;255m▄[38;2;234;239;233m[48;2;236;241;235m▄[38;2;234;239;233m[48;2;236;241;235m▄[38;2;233;239;233m[48;2;236;241;235m▄[38;2;234;239;233m[48;2;235;241;235m▄[38;2;234;239;233m[48;2;236;241;235m▄[38;2;234;239;233m[48;2;236;241;235m▄[38;2;234;239;233m[48;2;236;241;235m▄[38;2;234;239;233m[48;2;235;240;234m▄[38;2;234;239;233m[48;2;235;240;234m▄[38;2;234;239;233m[48;2;235;240;234m▄[38;2;234;239;233m[48;2;235;240;234m▄[38;2;234;239;233m[48;2;234;239;233m▄[38;2;233;238;232m[48;2;234;239;233m▄[38;2;233;238;232m[48;2;234;239;233m▄[38;2;233;238;232m[48;2;234;239;233m▄[38;2;233;238;232m[48;2;234;239;233m▄[38;2;233;238;232m[48;2;234;239;233m▄[38;2;233;239;233m[48;2;234;239;233m▄[38;2;233;239;233m[48;2;234;239;233m▄[38;2;233;239;233m[48;2;234;239;233m▄[38;2;233;239;233m[48;2;234;239;233m▄[38;2;233;239;234m[48;2;234;239;233m▄[38;2;234;240;235m[48;2;234;239;233m▄[38;2;234;240;235m[48;2;234;239;233m▄[38;2;234;240;234m[48;2;234;239;233m▄[38;2;234;243;237m[48;2;234;239;233m▄[38;2;231;240;235m[48;2;234;239;233m▄[38;2;230;237;232m[48;2;235;240;234m▄[38;2;230;226;217m[48;2;235;243;237m▄[38;2;234;211;200m[48;2;233;242;237m▄[38;2;233;189;174m[48;2;232;237;232m▄[38;2;240;182;164m[48;2;230;227;219m▄[38;2;251;191;172m[48;2;231;214;203m▄[38;2;246;189;172m[48;2;238;210;196m▄[38;2;242;187;168m[48;2;233;208;197m▄[38;2;240;182;163m[48;2;224;205;197m▄[38;2;249;188;170m[48;2;240;204;190m▄[38;2;246;187;170m[48;2;242;194;178m▄[38;2;246;186;170m[48;2;229;193;181m▄[38;2;244;193;176m[48;2;225;217;210m▄[38;2;218;204;195m[48;2;235;239;233m▄[38;2;233;239;235m[48;2;236;241;235m▄[38;2;233;239;232m[48;2;236;241;235m▄[38;2;233;238;232m[48;2;236;241;235m▄[38;2;233;238;232m[48;2;235;240;234m▄[38;2;233;238;232m[48;2;235;240;234m▄[38;2;233;238;232m[48;2;235;240;234m▄[38;2;233;238;232m[48;2;235;240;234m▄[38;2;234;239;233m[48;2;234;239;233m▄[38;2;234;239;233m[48;2;234;239;233m▄[38;2;234;239;233m[48;2;235;240;234m▄[38;2;234;239;233m[48;2;235;240;234m▄[38;2;234;239;233m[48;2;235;240;234m▄[38;2;234;239;233m[48;2;235;240;234m▄[38;2;233;238;232m[48;2;235;240;234m▄[38;2;233;238;232m[48;2;235;240;234m▄[38;2;233;238;232m[48;2;236;240;234m▄[38;2;253;255;252m[48;2;255;255;254m▄[0m
[38;2;233;238;233m[48;2;234;240;234m▄[38;2;251;255;250m[48;2;253;255;252m▄[38;2;232;237;231m[48;2;233;238;232m▄[38;2;231;236;230m[48;2;233;238;232m▄[38;2;230;236;229m[48;2;234;238;232m▄[38;2;229;235;228m[48;2;234;239;233m▄[38;2;228;233;227m[48;2;233;238;232m▄[38;2;227;233;227m[48;2;233;238;232m▄[38;2;227;233;226m[48;2;233;237;231m▄[38;2;226;233;226m[48;2;232;237;231m▄[38;2;227;233;226m[48;2;232;237;231m▄[38;2;227;233;227m[48;2;232;237;231m▄[38;2;227;234;227m[48;2;232;236;230m▄[38;2;228;234;228m[48;2;231;236;230m▄[38;2;228;234;227m[48;2;231;236;230m▄[38;2;229;234;228m[48;2;231;236;230m▄[38;2;230;237;232m[48;2;231;236;230m▄[38;2;221;228;222m[48;2;232;238;232m▄[38;2;225;201;189m[48;2;229;237;232m▄[38;2;241;196;180m[48;2;226;231;226m▄[38;2;230;183;166m[48;2;229;235;229m▄[38;2;227;178;162m[48;2;232;238;233m▄[38;2;238;185;169m[48;2;229;235;230m▄[38;2;232;174;155m[48;2;230;235;229m▄[38;2;222;154;130m[48;2;230;232;226m▄[38;2;215;167;149m[48;2;229;231;224m▄[38;2;231;194;179m[48;2;227;233;227m▄[38;2;248;190;172m[48;2;227;219;212m▄[38;2;250;185;166m[48;2;234;208;196m▄[38;2;234;174;153m[48;2;233;188;170m▄[38;2;227;169;152m[48;2;238;177;158m▄[38;2;234;178;160m[48;2;244;180;161m▄[38;2;246;192;173m[48;2;227;167;147m▄[38;2;240;187;170m[48;2;231;176;157m▄[38;2;235;175;158m[48;2;251;196;177m▄[38;2;233;176;157m[48;2;247;189;170m▄[38;2;237;186;168m[48;2;243;186;167m▄[38;2;245;187;168m[48;2;234;182;166m▄[38;2;241;179;162m[48;2;239;185;168m▄[38;2;227;173;155m[48;2;241;189;172m▄[38;2;239;185;167m[48;2;240;188;170m▄[38;2;251;192;172m[48;2;226;185;170m▄[38;2;222;189;176m[48;2;223;210;201m▄[38;2;216;225;218m[48;2;230;234;228m▄[38;2;225;235;228m[48;2;233;238;232m▄[38;2;224;232;226m[48;2;233;237;231m▄[38;2;225;233;226m[48;2;233;237;231m▄[38;2;225;233;226m[48;2;233;237;231m▄[38;2;225;233;226m[48;2;233;237;232m▄[38;2;225;232;225m[48;2;233;237;232m▄[38;2;224;231;224m[48;2;233;237;231m▄[38;2;223;231;224m[48;2;233;237;231m▄[38;2;224;231;224m[48;2;232;237;231m▄[38;2;224;232;225m[48;2;232;237;231m▄[38;2;226;232;225m[48;2;232;237;231m▄[38;2;226;233;226m[48;2;232;237;231m▄[38;2;227;233;227m[48;2;232;237;231m▄[38;2;228;234;227m[48;2;232;236;230m▄[38;2;229;234;228m[48;2;232;237;231m▄[38;2;249;254;248m[48;2;252;255;251m▄[0m
[38;2;218;231;224m[48;2;225;234;227m▄[38;2;235;249;240m[48;2;241;251;243m▄[38;2;218;230;222m[48;2;222;231;223m▄[38;2;219;230;222m[48;2;221;230;222m▄[38;2;220;230;223m[48;2;221;230;222m▄[38;2;220;230;222m[48;2;220;230;222m▄[38;2;220;230;222m[48;2;221;231;223m▄[38;2;220;230;222m[48;2;221;231;223m▄[38;2;220;230;222m[48;2;221;232;223m▄[38;2;219;230;223m[48;2;222;232;224m▄[38;2;219;230;223m[48;2;224;232;224m▄[38;2;219;230;223m[48;2;225;231;224m▄[38;2;220;230;223m[48;2;225;232;225m▄[38;2;219;229;222m[48;2;224;232;225m▄[38;2;220;230;224m[48;2;224;232;224m▄[38;2;214;226;221m[48;2;225;235;228m▄[38;2;220;190;177m[48;2;218;222;216m▄[38;2;255;196;175m[48;2;226;192;177m▄[38;2;255;197;178m[48;2;253;194;173m▄[38;2;253;195;176m[48;2;255;196;177m▄[38;2;251;192;174m[48;2;248;182;161m▄[38;2;248;187;170m[48;2;220;147;126m▄[38;2;237;176;158m[48;2;213;139;121m▄[38;2;243;178;160m[48;2;222;149;127m▄[38;2;243;177;158m[48;2;223;152;129m▄[38;2;238;171;151m[48;2;238;174;152m▄[38;2;226;164;147m[48;2;246;181;161m▄[38;2;222;199;193m[48;2;241;177;160m▄[38;2;230;223;220m[48;2;222;162;144m▄[38;2;209;195;188m[48;2;207;147;128m▄[38;2;193;135;115m[48;2;239;176;155m▄[38;2;232;158;136m[48;2;247;186;167m▄[38;2;235;172;154m[48;2;243;185;168m▄[38;2;243;187;169m[48;2;235;179;161m▄[38;2;231;171;153m[48;2;243;190;172m▄[38;2;222;155;134m[48;2;239;184;166m▄[38;2;237;174;155m[48;2;225;161;142m▄[38;2;241;180;162m[48;2;222;157;137m▄[38;2;231;177;158m[48;2;237;171;151m▄[38;2;220;198;185m[48;2;239;170;150m▄[38;2;203;215;209m[48;2;224;173;156m▄[38;2;205;227;223m[48;2;218;201;191m▄[38;2;208;226;220m[48;2;207;220;217m▄[38;2;209;225;219m[48;2;214;228;222m▄[38;2;211;224;220m[48;2;213;226;220m▄[38;2;212;224;220m[48;2;213;226;220m▄[38;2;212;225;220m[48;2;214;226;220m▄[38;2;213;225;219m[48;2;214;227;220m▄[38;2;213;226;220m[48;2;215;228;220m▄[38;2;214;226;221m[48;2;216;229;221m▄[38;2;215;227;221m[48;2;216;228;221m▄[38;2;215;228;221m[48;2;217;229;221m▄[38;2;214;227;221m[48;2;217;229;222m▄[38;2;214;228;221m[48;2;217;229;222m▄[38;2;214;227;221m[48;2;218;230;222m▄[38;2;213;226;222m[48;2;219;230;222m▄[38;2;213;226;220m[48;2;219;229;222m▄[38;2;213;226;219m[48;2;220;230;222m▄[38;2;213;226;220m[48;2;222;230;222m▄[38;2;231;245;239m[48;2;240;249;241m▄[0m
[38;2;209;227;220m[48;2;218;229;224m▄[38;2;225;243;236m[48;2;233;247;240m▄[38;2;206;223;216m[48;2;216;228;221m▄[38;2;203;221;216m[48;2;215;228;222m▄[38;2;202;221;215m[48;2;216;228;223m▄[38;2;200;220;214m[48;2;215;228;223m▄[38;2;199;220;214m[48;2;214;226;221m▄[38;2;199;219;214m[48;2;212;226;221m▄[38;2;198;220;214m[48;2;211;226;220m▄[38;2;199;220;214m[48;2;210;225;220m▄[38;2;199;221;214m[48;2;210;225;219m▄[38;2;201;222;215m[48;2;209;224;218m▄[38;2;201;221;215m[48;2;209;224;218m▄[38;2;201;221;214m[48;2;209;224;219m▄[38;2;201;221;215m[48;2;210;225;220m▄[38;2;200;224;218m[48;2;206;225;220m▄[38;2;193;202;193m[48;2;211;192;180m▄[38;2;242;189;172m[48;2;255;196;176m▄[38;2;255;198;179m[48;2;254;197;178m▄[38;2;254;197;178m[48;2;254;197;178m▄[38;2;254;197;178m[48;2;252;195;176m▄[38;2;254;197;177m[48;2;252;196;176m▄[38;2;254;197;179m[48;2;253;199;179m▄[38;2;244;196;179m[48;2;242;197;182m▄[38;2;227;195;184m[48;2;219;199;190m▄[38;2;224;195;185m[48;2;209;198;191m▄[38;2;215;177;165m[48;2;203;191;186m▄[38;2;208;139;116m[48;2;195;160;150m▄[38;2;209;170;158m[48;2;219;197;189m▄[38;2;214;197;193m[48;2;217;204;199m▄[38;2;202;183;176m[48;2;211;168;156m▄[38;2;224;180;166m[48;2;222;156;136m▄[38;2;224;167;149m[48;2;239;172;150m▄[38;2;227;170;153m[48;2;246;180;161m▄[38;2;241;184;168m[48;2;237;169;150m▄[38;2;253;194;176m[48;2;237;164;142m▄[38;2;225;190;177m[48;2;255;190;170m▄[38;2;192;210;204m[48;2;232;194;180m▄[38;2;199;224;220m[48;2;199;209;204m▄[38;2;200;221;214m[48;2;200;224;219m▄[38;2;200;221;215m[48;2;206;226;219m▄[38;2;200;221;215m[48;2;206;224;217m▄[38;2;199;220;214m[48;2;206;224;218m▄[38;2;198;219;213m[48;2;206;225;218m▄[38;2;198;219;214m[48;2;206;224;218m▄[38;2;198;219;214m[48;2;207;224;218m▄[38;2;198;219;213m[48;2;207;224;218m▄[38;2;197;219;213m[48;2;207;223;217m▄[38;2;197;219;212m[48;2;207;223;217m▄[38;2;197;219;213m[48;2;205;223;217m▄[38;2;197;219;214m[48;2;203;222;218m▄[38;2;198;219;213m[48;2;204;222;217m▄[38;2;198;220;214m[48;2;204;222;216m▄[38;2;198;219;214m[48;2;203;222;216m▄[38;2;199;220;212m[48;2;203;221;215m▄[38;2;198;220;212m[48;2;204;221;216m▄[38;2;198;219;212m[48;2;205;223;217m▄[38;2;198;219;212m[48;2;205;223;217m▄[38;2;198;219;212m[48;2;205;223;217m▄[38;2;215;237;231m[48;2;223;242;236m▄[0m
[38;2;191;213;211m[48;2;196;216;214m▄[38;2;205;229;227m[48;2;210;233;229m▄[38;2;190;211;210m[48;2;193;214;211m▄[38;2;190;211;210m[48;2;191;214;212m▄[38;2;190;212;209m[48;2;191;216;212m▄[38;2;190;212;210m[48;2;192;215;212m▄[38;2;190;212;210m[48;2;194;214;213m▄[38;2;189;212;209m[48;2;195;215;213m▄[38;2;188;211;208m[48;2;195;216;213m▄[38;2;187;210;207m[48;2;196;216;213m▄[38;2;184;210;207m[48;2;196;216;213m▄[38;2;183;210;206m[48;2;196;216;213m▄[38;2;182;209;205m[48;2;195;215;213m▄[38;2;182;209;205m[48;2;192;214;211m▄[38;2;184;210;206m[48;2;191;213;210m▄[38;2;179;211;209m[48;2;191;215;211m▄[38;2;177;197;190m[48;2;180;207;202m▄[38;2;232;190;173m[48;2;222;187;173m▄[38;2;255;198;179m[48;2;255;198;179m▄[38;2;254;197;178m[48;2;254;197;178m▄[38;2;254;197;178m[48;2;254;197;178m▄[38;2;254;197;178m[48;2;254;197;178m▄[38;2;251;194;175m[48;2;253;196;177m▄[38;2;242;186;168m[48;2;254;195;176m▄[38;2;248;193;178m[48;2;253;188;167m▄[38;2;241;172;151m[48;2;242;173;151m▄[38;2;213;139;115m[48;2;233;153;129m▄[38;2;229;156;132m[48;2;228;145;119m▄[38;2;239;168;144m[48;2;229;148;123m▄[38;2;242;169;147m[48;2;235;164;141m▄[38;2;244;174;151m[48;2;224;166;146m▄[38;2;241;176;155m[48;2;231;176;160m▄[38;2;234;171;151m[48;2;244;190;174m▄[38;2;225;169;148m[48;2;249;196;178m▄[38;2;244;192;174m[48;2;232;185;169m▄[38;2;255;198;179m[48;2;227;182;167m▄[38;2;248;189;170m[48;2;194;193;184m▄[38;2;211;170;156m[48;2;189;213;209m▄[38;2;208;194;183m[48;2;191;217;215m▄[38;2;198;187;178m[48;2;193;218;218m▄[38;2;193;163;149m[48;2;193;218;219m▄[38;2;205;175;160m[48;2;192;217;218m▄[38;2;222;197;185m[48;2;190;216;216m▄[38;2;212;203;193m[48;2;192;218;218m▄[38;2;198;184;174m[48;2;193;219;219m▄[38;2;194;163;149m[48;2;194;220;221m▄[38;2;211;185;172m[48;2;193;219;220m▄[38;2;213;200;191m[48;2;192;217;218m▄[38;2;204;203;198m[48;2;193;218;218m▄[38;2;195;208;205m[48;2;196;218;217m▄[38;2;190;211;210m[48;2;196;217;215m▄[38;2;187;212;212m[48;2;196;217;215m▄[38;2;190;217;217m[48;2;196;216;214m▄[38;2;189;215;215m[48;2;197;217;214m▄[38;2;189;214;214m[48;2;196;217;214m▄[38;2;190;216;216m[48;2;196;216;214m▄[38;2;193;217;217m[48;2;196;216;214m▄[38;2;195;215;214m[48;2;196;216;214m▄[38;2;194;215;213m[48;2;196;216;214m▄[38;2;211;232;231m[48;2;213;234;232m▄[0m
[38;2;179;208;202m[48;2;185;213;209m▄[38;2;209;244;238m[48;2;200;229;224m▄[38;2;193;225;220m[48;2;184;212;207m▄[38;2;194;225;220m[48;2;184;212;207m▄[38;2;194;225;220m[48;2;184;211;207m▄[38;2;194;225;220m[48;2;184;211;206m▄[38;2;193;225;220m[48;2;183;210;205m▄[38;2;193;224;220m[48;2;183;208;204m▄[38;2;193;225;220m[48;2;182;207;203m▄[38;2;192;225;220m[48;2;181;207;203m▄[38;2;192;225;219m[48;2;179;208;203m▄[38;2;192;225;220m[48;2;178;208;203m▄[38;2;190;223;218m[48;2;178;209;203m▄[38;2;202;213;204m[48;2;175;211;206m▄[38;2;242;207;191m[48;2;172;204;200m▄[38;2;255;211;190m[48;2;193;192;184m▄[38;2;255;214;193m[48;2;234;191;175m▄[38;2;255;213;193m[48;2;255;198;178m▄[38;2;255;213;193m[48;2;254;197;178m▄[38;2;255;213;193m[48;2;254;197;178m▄[38;2;255;213;193m[48;2;254;197;178m▄[38;2;255;213;193m[48;2;254;198;179m▄[38;2;255;214;194m[48;2;250;192;172m▄[38;2;255;215;196m[48;2;232;172;151m▄[38;2;255;203;182m[48;2;220;160;140m▄[38;2;249;177;156m[48;2;220;145;119m▄[38;2;253;180;157m[48;2;219;150;128m▄[38;2;255;185;162m[48;2;233;165;145m▄[38;2;249;178;155m[48;2;244;172;149m▄[38;2;231;173;151m[48;2;245;172;148m▄[38;2;211;176;159m[48;2;243;165;140m▄[38;2;199;194;183m[48;2;232;157;133m▄[38;2;196;216;209m[48;2;210;161;142m▄[38;2;196;225;222m[48;2;182;179;172m▄[38;2;195;225;221m[48;2;178;198;193m▄[38;2;190;225;221m[48;2;203;190;180m▄[38;2;191;217;211m[48;2;238;191;175m▄[38;2;213;212;201m[48;2;255;196;176m▄[38;2;236;198;182m[48;2;255;198;177m▄[38;2;255;204;184m[48;2;255;195;174m▄[38;2;255;215;194m[48;2;245;186;166m▄[38;2;255;215;194m[48;2;237;180;160m▄[38;2;255;214;193m[48;2;244;189;169m▄[38;2;255;200;178m[48;2;251;188;166m▄[38;2;255;191;169m[48;2;248;182;160m▄[38;2;255;214;195m[48;2;244;183;163m▄[38;2;255;215;194m[48;2;245;183;163m▄[38;2;255;212;191m[48;2;252;194;173m▄[38;2;255;212;192m[48;2;246;190;170m▄[38;2;255;213;192m[48;2;237;190;172m▄[38;2;255;213;192m[48;2;229;190;175m▄[38;2;255;215;194m[48;2;219;190;176m▄[38;2;255;196;173m[48;2;213;184;170m▄[38;2;255;206;183m[48;2;216;189;177m▄[38;2;255;214;193m[48;2;219;195;184m▄[38;2;255;214;192m[48;2;208;196;186m▄[38;2;250;192;173m[48;2;185;199;195m▄[38;2;193;197;189m[48;2;186;212;210m▄[38;2;185;222;217m[48;2;187;213;209m▄[38;2;203;240;233m[48;2;202;229;225m▄[0m
