[38;2;0;0;1m[48;2;3;0;3m▄[38;2;138;104;81m[48;2;61;48;38m▄[38;2;196;151;116m[48;2;83;63;50m▄[38;2;159;121;93m[48;2;65;50;40m▄[38;2;122;70;42m[48;2;52;28;19m▄[38;2;135;76;45m[48;2;57;32;21m▄[38;2;133;76;45m[48;2;57;32;21m▄[38;2;133;76;45m[48;2;57;32;21m▄[38;2;135;76;45m[48;2;57;32;21m▄[38;2;135;76;45m[48;2;57;32;21m▄[38;2;134;76;45m[48;2;57;32;21m▄[38;2;134;76;45m[48;2;57;32;21m▄[38;2;134;76;45m[48;2;57;32;21m▄[38;2;135;76;45m[48;2;57;32;21m▄[38;2;139;74;46m[48;2;57;32;21m▄[38;2;137;75;46m[48;2;57;32;21m▄[38;2;135;76;45m[48;2;57;32;21m▄[38;2;129;71;46m[48;2;57;32;21m▄[38;2;124;66;46m[48;2;57;32;21m▄[38;2;120;64;45m[48;2;59;32;21m▄[38;2;124;67;45m[48;2;57;32;21m▄[38;2;128;65;40m[48;2;54;30;19m▄[38;2;146;99;78m[48;2;57;42;32m▄[38;2;195;146;119m[48;2;79;61;50m▄[38;2;184;137;110m[48;2;77;59;48m▄[38;2;168;131;102m[48;2;83;61;52m▄[38;2;181;135;109m[48;2;79;59;48m▄[38;2;185;137;111m[48;2;77;57;48m▄[38;2;163;130;98m[48;2;84;61;52m▄[38;2;141;126;88m[48;2;90;63;56m▄[38;2;70;49;38m[48;2;32;23;19m▄[38;2;127;70;41m[48;2;52;30;19m▄[38;2;135;77;45m[48;2;56;32;21m▄[38;2;136;76;45m[48;2;56;32;21m▄[38;2;138;74;46m[48;2;56;32;21m▄[38;2;137;75;46m[48;2;56;32;21m▄[38;2;136;75;45m[48;2;56;32;21m▄[38;2;137;74;46m[48;2;56;32;21m▄[38;2;137;74;46m[48;2;56;32;21m▄[38;2;138;73;46m[48;2;56;32;21m▄[38;2;135;71;45m[48;2;57;32;21m▄[38;2;138;72;46m[48;2;56;32;21m▄[38;2;138;73;46m[48;2;56;32;21m▄[38;2;139;72;46m[48;2;56;32;21m▄[38;2;139;72;46m[48;2;56;32;21m▄[38;2;139;71;46m[48;2;56;32;21m▄[38;2;134;71;45m[48;2;57;32;21m▄[38;2;118;62;39m[48;2;54;30;19m▄[38;2;158;113;92m[48;2;63;48;40m▄[38;2;186;142;113m[48;2;81;61;50m▄[38;2;164;133;100m[48;2;84;61;52m▄[38;2;141;126;85m[48;2;90;63;56m▄[38;2;169;133;102m[48;2;83;61;50m▄[38;2;167;133;101m[48;2;84;61;52m▄[38;2;129;125;79m[48;2;92;61;57m▄[38;2;115;123;71m[48;2;92;59;57m▄[38;2;157;130;95m[48;2;88;61;54m▄[38;2;135;125;83m[48;2;92;61;57m▄[38;2;102;123;63m[48;2;92;59;57m▄[38;2;103;108;63m[48;2;79;52;50m▄[0m
[38;2;1;1;1m[48;2;0;0;3m▄[38;2;79;93;50m[48;2;149;111;89m▄[38;2;131;125;77m[48;2;200;148;116m▄[38;2;70;108;44m[48;2;154;114;90m▄[38;2;73;87;33m[48;2;118;63;40m▄[38;2;95;88;37m[48;2;138;70;44m▄[38;2;87;89;36m[48;2;135;69;44m▄[38;2;69;96;34m[48;2;131;67;44m▄[38;2;56;113;32m[48;2;120;69;41m▄[38;2;58;110;33m[48;2;121;68;42m▄[38;2;68;108;34m[48;2;130;68;43m▄[38;2;62;114;33m[48;2;125;69;42m▄[38;2;63;113;34m[48;2;127;69;43m▄[38;2;59;118;34m[48;2;123;70;42m▄[38;2;39;125;24m[48;2;92;76;37m▄[38;2;49;106;15m[48;2;103;72;39m▄[38;2;175;147;16m[48;2;109;66;41m▄[38;2;249;196;18m[48;2;141;90;40m▄[38;2;253;201;13m[48;2;151;106;35m▄[38;2;255;204;22m[48;2;148;104;34m▄[38;2;246;198;31m[48;2;116;82;32m▄[38;2;210;175;29m[48;2;60;58;26m▄[38;2;79;127;29m[48;2;89;99;54m▄[38;2;38;127;27m[48;2;115;123;70m▄[38;2;49;131;29m[48;2;85;114;52m▄[38;2;54;132;31m[48;2;64;119;39m▄[38;2;50;131;29m[48;2;81;122;50m▄[38;2;46;122;28m[48;2;86;123;53m▄[38;2;49;115;31m[48;2;59;123;36m▄[38;2;52;123;33m[48;2;47;126;30m▄[38;2;32;56;19m[48;2;44;44;22m▄[38;2;71;99;34m[48;2;132;63;43m▄[38;2;67;107;33m[48;2;130;69;43m▄[38;2;53;115;32m[48;2;117;69;41m▄[38;2;49;127;32m[48;2;100;77;38m▄[38;2;53;123;32m[48;2;109;72;40m▄[38;2;55;124;33m[48;2;116;74;41m▄[38;2;52;127;33m[48;2;111;77;41m▄[38;2;52;126;32m[48;2;112;76;41m▄[38;2;51;130;32m[48;2;100;81;39m▄[38;2;51;134;32m[48;2;70;89;34m▄[38;2;50;132;32m[48;2;97;83;38m▄[38;2;50;133;32m[48;2;100;86;39m▄[38;2;50;133;32m[48;2;92;88;37m▄[38;2;47;125;31m[48;2;92;92;37m▄[38;2;45;118;32m[48;2;89;92;37m▄[38;2;46;125;29m[48;2;71;102;35m▄[38;2;36;127;26m[48;2;61;105;32m▄[38;2;92;128;25m[48;2;71;115;48m▄[38;2;183;165;19m[48;2;65;107;48m▄[38;2;152;138;20m[48;2;42;92;33m▄[38;2;81;114;29m[48;2;37;114;30m▄[38;2;42;112;30m[48;2;64;129;39m▄[38;2;46;115;31m[48;2;61;126;36m▄[38;2;51;113;32m[48;2;46;122;28m▄[38;2;54;123;33m[48;2;48;128;28m▄[38;2;56;132;32m[48;2;53;126;32m▄[38;2;56;131;33m[48;2;49;127;30m▄[38;2;58;136;34m[48;2;50;136;29m▄[38;2;49;110;30m[48;2;43;112;26m▄[0m
[38;2;3;1;5m[48;2;3;1;5m▄[38;2;50;112;30m[48;2;43;109;27m▄[38;2;58;137;34m[48;2;47;133;28m▄[38;2;56;130;33m[48;2;51;132;30m▄[38;2;56;130;33m[48;2;52;134;33m▄[38;2;56;130;33m[48;2;49;133;32m▄[38;2;56;130;33m[48;2;50;134;32m▄[38;2;56;130;33m[48;2;52;135;33m▄[38;2;56;130;33m[48;2;55;134;33m▄[38;2;56;130;33m[48;2;55;134;33m▄[38;2;56;130;33m[48;2;53;135;33m▄[38;2;56;130;33m[48;2;54;134;33m▄[38;2;56;130;33m[48;2;54;134;33m▄[38;2;47;128;27m[48;2;49;130;27m▄[38;2;98;123;81m[48;2;85;135;76m▄[38;2;214;177;107m[48;2;185;178;157m▄[38;2;202;176;110m[48;2;231;199;130m▄[38;2;197;190;199m[48;2;221;187;84m▄[38;2;219;215;240m[48;2;222;193;111m▄[38;2;206;188;155m[48;2;226;187;66m▄[38;2;210;163;23m[48;2;241;191;26m▄[38;2;137;120;29m[48;2;255;201;31m▄[38;2;43;111;30m[48;2;107;131;32m▄[38;2;57;134;33m[48;2;44;127;33m▄[38;2;56;130;33m[48;2;56;130;33m▄[38;2;56;130;33m[48;2;56;131;33m▄[38;2;56;130;33m[48;2;56;127;33m▄[38;2;57;132;33m[48;2;53;120;33m▄[38;2;56;132;33m[48;2;55;129;33m▄[38;2;56;128;33m[48;2;56;126;33m▄[38;2;29;61;19m[48;2;28;62;19m▄[38;2;55;126;33m[48;2;51;131;33m▄[38;2;56;131;33m[48;2;53;136;33m▄[38;2;56;130;33m[48;2;56;134;33m▄[38;2;56;130;33m[48;2;56;131;33m▄[38;2;56;130;33m[48;2;56;132;33m▄[38;2;56;130;33m[48;2;55;132;33m▄[38;2;56;130;33m[48;2;56;131;33m▄[38;2;56;130;33m[48;2;56;131;33m▄[38;2;56;130;33m[48;2;56;131;33m▄[38;2;56;130;33m[48;2;56;130;33m▄[38;2;56;130;33m[48;2;56;130;33m▄[38;2;56;130;33m[48;2;56;130;33m▄[38;2;56;131;33m[48;2;56;130;33m▄[38;2;54;127;31m[48;2;55;126;33m▄[38;2;49;113;36m[48;2;52;125;31m▄[38;2;154;155;144m[48;2;65;121;49m▄[38;2;232;208;175m[48;2;130;140;71m▄[38;2;193;180;149m[48;2;229;177;27m▄[38;2;207;202;197m[48;2;254;195;16m▄[38;2;206;203;208m[48;2;246;191;18m▄[38;2;206;170;62m[48;2;255;195;16m▄[38;2;180;145;18m[48;2;157;142;27m▄[38;2;57;112;32m[48;2;53;107;31m▄[38;2;54;132;33m[48;2;54;132;34m▄[38;2;56;130;33m[48;2;56;130;33m▄[38;2;56;130;33m[48;2;56;130;33m▄[38;2;56;130;33m[48;2;56;130;33m▄[38;2;58;135;34m[48;2;58;135;34m▄[38;2;50;114;30m[48;2;50;115;30m▄[0m
[38;2;3;1;5m[48;2;3;1;5m▄[38;2;47;104;30m[48;2;45;97;30m▄[38;2;56;128;34m[48;2;57;130;34m▄[38;2;56;130;33m[48;2;56;131;33m▄[38;2;56;130;33m[48;2;56;130;33m▄[38;2;56;130;33m[48;2;56;130;33m▄[38;2;56;130;33m[48;2;56;130;33m▄[38;2;56;130;33m[48;2;56;130;33m▄[38;2;56;130;33m[48;2;56;130;33m▄[38;2;56;130;33m[48;2;56;130;33m▄[38;2;56;130;33m[48;2;56;130;33m▄[38;2;56;130;33m[48;2;56;130;33m▄[38;2;56;130;33m[48;2;56;131;33m▄[38;2;55;129;34m[48;2;50;123;32m▄[38;2;67;112;34m[48;2;112;110;46m▄[38;2;136;123;56m[48;2;175;140;60m▄[38;2;163;136;74m[48;2;172;142;53m▄[38;2;174;145;66m[48;2;168;142;68m▄[38;2;157;130;52m[48;2;177;149;66m▄[38;2;225;174;20m[48;2;229;184;30m▄[38;2;184;161;17m[48;2;234;181;31m▄[38;2;58;123;31m[48;2;116;118;31m▄[38;2;55;130;34m[48;2;45;124;33m▄[38;2;56;130;33m[48;2;56;131;33m▄[38;2;56;130;33m[48;2;56;130;33m▄[38;2;56;130;33m[48;2;56;130;33m▄[38;2;56;131;33m[48;2;56;130;33m▄[38;2;55;126;33m[48;2;56;131;33m▄[38;2;52;116;34m[48;2;57;132;33m▄[38;2;55;124;34m[48;2;56;129;33m▄[38;2;29;61;19m[48;2;29;61;19m▄[38;2;55;126;33m[48;2;55;126;33m▄[38;2;56;131;33m[48;2;56;131;33m▄[38;2;56;130;33m[48;2;56;130;33m▄[38;2;56;130;33m[48;2;56;130;33m▄[38;2;56;130;33m[48;2;56;130;33m▄[38;2;56;130;33m[48;2;56;130;33m▄[38;2;56;130;33m[48;2;56;130;33m▄[38;2;56;130;33m[48;2;56;130;33m▄[38;2;56;130;33m[48;2;56;130;33m▄[38;2;56;130;33m[48;2;56;130;33m▄[38;2;56;130;33m[48;2;56;130;33m▄[38;2;56;130;33m[48;2;56;130;33m▄[38;2;56;130;33m[48;2;56;130;33m▄[38;2;53;131;32m[48;2;55;131;32m▄[38;2;65;116;36m[48;2;54;123;35m▄[38;2;139;122;59m[48;2;132;126;52m▄[38;2;166;138;73m[48;2;200;158;35m▄[38;2;167;142;70m[48;2;188;158;64m▄[38;2;167;139;58m[48;2;186;171;133m▄[38;2;177;141;31m[48;2;210;187;121m▄[38;2;239;183;17m[48;2;214;170;41m▄[38;2;62;106;30m[48;2;130;123;25m▄[38;2;47;122;33m[48;2;50;120;33m▄[38;2;53;118;33m[48;2;56;130;33m▄[38;2;55;126;33m[48;2;56;131;33m▄[38;2;56;130;33m[48;2;56;130;33m▄[38;2;56;130;33m[48;2;56;130;33m▄[38;2;58;135;34m[48;2;58;135;34m▄[38;2;50;114;30m[48;2;50;114;30m▄[0m
[38;2;3;1;5m[48;2;3;1;5m▄[38;2;49;109;30m[48;2;49;110;30m▄[38;2;58;136;34m[48;2;58;137;34m▄[38;2;56;130;33m[48;2;56;130;33m▄[38;2;56;130;33m[48;2;56;130;33m▄[38;2;56;130;33m[48;2;56;130;33m▄[38;2;56;130;33m[48;2;56;130;33m▄[38;2;56;130;33m[48;2;56;130;33m▄[38;2;56;130;33m[48;2;56;130;33m▄[38;2;56;130;33m[48;2;56;130;33m▄[38;2;56;130;33m[48;2;56;130;33m▄[38;2;56;131;32m[48;2;56;130;33m▄[38;2;45;122;20m[48;2;56;131;33m▄[38;2;73;131;55m[48;2;46;127;20m▄[38;2;145;156;152m[48;2;57;129;48m▄[38;2;212;199;198m[48;2;107;122;70m▄[38;2;217;201;160m[48;2;194;153;26m▄[38;2;203;203;213m[48;2;173;148;76m▄[38;2;207;208;224m[48;2;199;175;102m▄[38;2;209;212;232m[48;2;235;199;94m▄[38;2;203;199;219m[48;2;155;159;93m▄[38;2;142;162;139m[48;2;37;118;29m▄[38;2;111;154;100m[48;2;41;123;15m▄[38;2;64;126;44m[48;2;52;129;28m▄[38;2;48;126;23m[48;2;57;130;34m▄[38;2;57;131;34m[48;2;56;130;33m▄[38;2;56;130;33m[48;2;56;130;33m▄[38;2;56;130;33m[48;2;55;128;33m▄[38;2;56;132;33m[48;2;55;127;33m▄[38;2;56;129;33m[48;2;55;125;33m▄[38;2;29;61;19m[48;2;29;61;19m▄[38;2;55;126;33m[48;2;55;126;33m▄[38;2;56;131;33m[48;2;56;131;33m▄[38;2;56;130;33m[48;2;56;130;33m▄[38;2;56;130;33m[48;2;56;130;33m▄[38;2;56;130;33m[48;2;56;130;33m▄[38;2;56;130;33m[48;2;56;130;33m▄[38;2;56;130;33m[48;2;56;130;33m▄[38;2;56;130;33m[48;2;56;130;33m▄[38;2;56;130;33m[48;2;56;130;33m▄[38;2;56;130;33m[48;2;56;130;33m▄[38;2;56;130;33m[48;2;56;130;33m▄[38;2;56;130;33m[48;2;56;130;33m▄[38;2;56;130;33m[48;2;56;130;33m▄[38;2;57;131;34m[48;2;56;130;33m▄[38;2;48;126;23m[48;2;54;134;33m▄[38;2;61;113;57m[48;2;41;114;26m▄[38;2;153;149;116m[48;2;88;93;33m▄[38;2;208;184;118m[48;2;178;141;40m▄[38;2;202;195;185m[48;2;178;147;56m▄[38;2;226;212;207m[48;2;196;156;36m▄[38;2;147;161;150m[48;2;113;123;15m▄[38;2;97;133;89m[48;2;39;118;24m▄[38;2;51;120;29m[48;2;57;132;33m▄[38;2;56;132;32m[48;2;56;130;33m▄[38;2;56;131;33m[48;2;56;129;33m▄[38;2;56;130;33m[48;2;56;130;33m▄[38;2;56;130;33m[48;2;56;130;33m▄[38;2;58;135;34m[48;2;58;135;34m▄[38;2;50;114;30m[48;2;50;114;30m▄[0m
[38;2;3;1;5m[48;2;3;1;5m▄[38;2;49;109;30m[48;2;49;109;30m▄[38;2;58;136;34m[48;2;58;136;34m▄[38;2;56;130;33m[48;2;56;130;33m▄[38;2;56;130;33m[48;2;56;130;33m▄[38;2;56;130;33m[48;2;56;130;33m▄[38;2;56;130;33m[48;2;56;130;33m▄[38;2;56;130;33m[48;2;56;130;33m▄[38;2;56;130;33m[48;2;56;130;33m▄[38;2;56;130;33m[48;2;56;130;33m▄[38;2;52;133;31m[48;2;56;131;32m▄[38;2;53;106;15m[48;2;47;123;26m▄[38;2;180;162;138m[48;2;132;159;132m▄[38;2;213;211;224m[48;2;210;203;218m▄[38;2;227;226;234m[48;2;213;209;221m▄[38;2;224;223;231m[48;2;230;230;241m▄[38;2;224;223;231m[48;2;226;228;245m▄[38;2;224;223;231m[48;2;226;225;234m▄[38;2;225;224;232m[48;2;223;222;230m▄[38;2;187;187;198m[48;2;198;197;203m▄[38;2;198;189;169m[48;2;210;211;224m▄[38;2;212;194;137m[48;2;236;234;255m▄[38;2;212;194;139m[48;2;241;236;255m▄[38;2;225;203;166m[48;2;208;208;229m▄[38;2;119;143;109m[48;2;82;133;67m▄[38;2;45;124;22m[48;2;50;127;25m▄[38;2;56;130;33m[48;2;56;130;33m▄[38;2;57;133;33m[48;2;56;130;33m▄[38;2;53;122;33m[48;2;56;132;33m▄[38;2;52;117;33m[48;2;56;127;33m▄[38;2;29;61;19m[48;2;29;60;19m▄[38;2;55;126;32m[48;2;55;126;33m▄[38;2;56;131;33m[48;2;56;131;33m▄[38;2;56;130;33m[48;2;56;130;33m▄[38;2;56;130;33m[48;2;56;130;33m▄[38;2;56;130;33m[48;2;56;130;33m▄[38;2;56;130;33m[48;2;56;130;33m▄[38;2;56;130;33m[48;2;56;130;33m▄[38;2;56;130;33m[48;2;56;130;33m▄[38;2;54;124;33m[48;2;56;131;33m▄[38;2;56;129;33m[48;2;56;130;33m▄[38;2;56;131;33m[48;2;56;130;33m▄[38;2;56;132;33m[48;2;56;130;33m▄[38;2;40;121;15m[48;2;57;131;34m▄[38;2;68;109;56m[48;2;46;127;21m▄[38;2;174;173;181m[48;2;59;105;46m▄[38;2;238;233;248m[48;2;191;186;199m▄[38;2;224;222;233m[48;2;238;234;251m▄[38;2;229;226;238m[48;2;230;231;255m▄[38;2;215;212;224m[48;2;191;194;205m▄[38;2;78;112;70m[48;2;105;137;106m▄[38;2;28;105;4m[48;2;108;149;101m▄[38;2;47;129;21m[48;2;77;134;60m▄[38;2;54;132;30m[48;2;55;127;32m▄[38;2;52;119;33m[48;2;56;129;33m▄[38;2;55;124;33m[48;2;55;126;33m▄[38;2;56;130;33m[48;2;56;129;33m▄[38;2;56;130;33m[48;2;56;130;33m▄[38;2;58;135;34m[48;2;58;135;34m▄[38;2;50;114;30m[48;2;50;114;30m▄[0m
[38;2;3;1;5m[48;2;3;1;5m▄[38;2;49;109;30m[48;2;49;109;30m▄[38;2;58;136;34m[48;2;58;136;34m▄[38;2;56;130;33m[48;2;56;130;33m▄[38;2;56;130;33m[48;2;56;130;33m▄[38;2;56;130;33m[48;2;56;130;33m▄[38;2;56;130;33m[48;2;56;130;33m▄[38;2;56;130;33m[48;2;56;130;33m▄[38;2;56;130;33m[48;2;56;130;33m▄[38;2;44;122;20m[48;2;56;132;32m▄[38;2;121;150;115m[48;2;42;118;20m▄[38;2;255;245;254m[48;2;132;144;119m▄[38;2;241;238;239m[48;2;227;219;224m▄[38;2;234;231;234m[48;2;227;227;236m▄[38;2;231;229;234m[48;2;224;223;231m▄[38;2;229;227;233m[48;2;224;223;231m▄[38;2;228;226;233m[48;2;224;223;231m▄[38;2;227;226;233m[48;2;224;223;231m▄[38;2;226;225;232m[48;2;225;224;232m▄[38;2;229;231;250m[48;2;220;222;243m▄[38;2;199;184;142m[48;2;186;165;103m▄[38;2;230;184;17m[48;2;233;183;1m▄[38;2;241;194;29m[48;2;240;191;17m▄[38;2;217;177;56m[48;2;211;167;14m▄[38;2;103;136;96m[48;2;49;108;17m▄[38;2;49;127;27m[48;2;54;133;35m▄[38;2;57;132;33m[48;2;56;130;33m▄[38;2;49;107;31m[48;2;53;123;32m▄[38;2;54;124;33m[48;2;53;119;33m▄[38;2;56;130;33m[48;2;56;129;33m▄[38;2;29;63;19m[48;2;29;64;19m▄[38;2;55;126;33m[48;2;55;126;33m▄[38;2;56;131;33m[48;2;56;131;33m▄[38;2;56;130;33m[48;2;56;130;33m▄[38;2;56;130;33m[48;2;56;130;33m▄[38;2;56;130;33m[48;2;56;130;33m▄[38;2;56;130;33m[48;2;56;130;33m▄[38;2;56;130;33m[48;2;56;131;33m▄[38;2;56;130;33m[48;2;55;126;33m▄[38;2;57;132;33m[48;2;52;116;33m▄[38;2;56;129;33m[48;2;52;118;32m▄[38;2;46;124;22m[48;2;56;131;33m▄[38;2;99;139;87m[48;2;45;123;20m▄[38;2;245;235;248m[48;2;105;141;96m▄[38;2;242;238;246m[48;2;212;206;221m▄[38;2;229;228;235m[48;2;235;231;246m▄[38;2;228;226;235m[48;2;224;222;233m▄[38;2;227;224;235m[48;2;224;222;233m▄[38;2;226;224;234m[48;2;224;222;233m▄[38;2;225;223;233m[48;2;230;226;239m▄[38;2;236;231;247m[48;2;194;198;199m▄[38;2;227;223;236m[48;2;110;140;104m▄[38;2;206;206;224m[48;2;70;123;56m▄[38;2;143;131;84m[48;2;68;118;48m▄[38;2;81;113;19m[48;2;57;122;29m▄[38;2;50;131;33m[48;2;56;132;33m▄[38;2;56;130;33m[48;2;56;130;33m▄[38;2;56;130;33m[48;2;56;130;33m▄[38;2;58;135;34m[48;2;58;135;34m▄[38;2;50;114;30m[48;2;50;114;30m▄[0m
[38;2;3;1;5m[48;2;3;1;5m▄[38;2;56;63;27m[48;2;45;113;29m▄[38;2;69;78;31m[48;2;52;139;33m▄[38;2;66;75;30m[48;2;51;133;32m▄[38;2;66;75;30m[48;2;51;133;32m▄[38;2;66;75;30m[48;2;51;133;32m▄[38;2;65;75;30m[48;2;51;133;32m▄[38;2;68;75;30m[48;2;51;133;32m▄[38;2;68;76;30m[48;2;51;134;32m▄[38;2;66;76;29m[48;2;44;127;20m▄[38;2;82;64;27m[48;2;109;125;116m▄[38;2;45;42;84m[48;2;138;156;234m▄[38;2;45;46;93m[48;2;157;173;228m▄[38;2;53;50;88m[48;2;177;189;228m▄[38;2;65;55;86m[48;2;191;200;231m▄[38;2;72;64;91m[48;2;204;210;233m▄[38;2;97;89;109m[48;2;206;210;231m▄[38;2;110;96;111m[48;2;211;215;232m▄[38;2;113;96;109m[48;2;216;219;233m▄[38;2;121;102;112m[48;2;220;226;251m▄[38;2;130;104;81m[48;2;197;184;141m▄[38;2;158;118;54m[48;2;234;187;11m▄[38;2;146;114;47m[48;2;246;198;18m▄[38;2;128;99;74m[48;2;210;180;82m▄[38;2;92;80;87m[48;2;165;175;199m▄[38;2;81;89;48m[48;2;47;122;28m▄[38;2;72;84;46m[48;2;47;123;27m▄[38;2;84;83;53m[48;2;40;105;26m▄[38;2;83;93;51m[48;2;45;120;27m▄[38;2;73;86;46m[48;2;51;130;30m▄[38;2;26;34;17m[48;2;28;63;19m▄[38;2;66;71;28m[48;2;50;130;32m▄[38;2;66;74;28m[48;2;51;135;32m▄[38;2;67;73;29m[48;2;51;134;32m▄[38;2;72;73;29m[48;2;51;134;32m▄[38;2;68;73;29m[48;2;51;134;32m▄[38;2;67;73;29m[48;2;51;134;32m▄[38;2;68;72;29m[48;2;51;134;32m▄[38;2;69;72;29m[48;2;51;134;32m▄[38;2;69;72;29m[48;2;51;134;32m▄[38;2;72;72;29m[48;2;51;134;32m▄[38;2;70;71;25m[48;2;43;131;19m▄[38;2;69;68;49m[48;2;97;129;113m▄[38;2;86;62;116m[48;2;170;165;236m▄[38;2;91;68;115m[48;2;184;185;226m▄[38;2;89;70;106m[48;2;199;199;230m▄[38;2;107;83;109m[48;2;207;208;231m▄[38;2;116;93;111m[48;2;213;214;233m▄[38;2;105;93;103m[48;2;220;220;237m▄[38;2;96;93;90m[48;2;227;224;240m▄[38;2;132;109;107m[48;2;223;224;237m▄[38;2;132;115;112m[48;2;238;237;253m▄[38;2;102;104;95m[48;2;201;197;212m▄[38;2;64;76;45m[48;2;48;90;38m▄[38;2;67;88;41m[48;2;45;123;24m▄[38;2;63;86;41m[48;2;53;132;31m▄[38;2;48;85;30m[48;2;55;131;32m▄[38;2;38;89;24m[48;2;56;130;33m▄[38;2;41;91;26m[48;2;58;135;34m▄[38;2;34;72;22m[48;2;50;114;30m▄[0m
[38;2;3;1;5m[48;2;1;1;5m▄[38;2;69;75;33m[48;2;114;61;41m▄[38;2;76;99;36m[48;2;139;74;48m▄[38;2;91;87;38m[48;2;136;72;47m▄[38;2;84;95;37m[48;2;136;71;47m▄[38;2;85;94;37m[48;2;136;71;47m▄[38;2;83;96;37m[48;2;137;71;47m▄[38;2;60;107;34m[48;2;123;70;44m▄[38;2;59;105;33m[48;2;122;68;44m▄[38;2;76;104;36m[48;2;136;71;47m▄[38;2;69;108;35m[48;2;128;72;45m▄[38;2;68;111;35m[48;2;133;75;33m▄[38;2;65;108;34m[48;2;133;76;32m▄[38;2;58;106;32m[48;2;128;76;32m▄[38;2;50;122;31m[48;2;104;72;25m▄[38;2;54;122;32m[48;2;110;79;42m▄[38;2;57;124;34m[48;2;162;129;90m▄[38;2;49;125;29m[48;2;138;117;75m▄[38;2;39;124;28m[48;2;104;113;56m▄[38;2;28;102;27m[48;2;108;117;58m▄[38;2;46;126;28m[48;2;134;122;81m▄[38;2;44;121;28m[48;2;102;115;70m▄[38;2;49;122;30m[48;2;63;114;48m▄[38;2;49;131;28m[48;2;94;119;58m▄[38;2;47;130;27m[48;2;115;123;64m▄[38;2;51;132;30m[48;2;80;116;50m▄[38;2;53;133;31m[48;2;72;117;44m▄[38;2;47;122;28m[48;2;92;127;55m▄[38;2;48;120;29m[48;2;81;125;49m▄[38;2;49;119;31m[48;2;71;124;45m▄[38;2;29;55;19m[48;2;42;45;21m▄[38;2;66;102;33m[48;2;130;59;40m▄[38;2;69;107;34m[48;2;132;65;41m▄[38;2;62;111;33m[48;2;126;65;41m▄[38;2;48;121;31m[48;2;99;66;36m▄[38;2;57;116;32m[48;2;118;64;39m▄[38;2;60;118;33m[48;2;125;67;40m▄[38;2;56;121;32m[48;2;119;68;40m▄[38;2;55;118;32m[48;2;119;70;40m▄[38;2;51;111;32m[48;2;119;72;40m▄[38;2;49;120;32m[48;2;102;76;38m▄[38;2;51;134;33m[48;2;81;71;32m▄[38;2;49;129;30m[48;2;118;105;65m▄[38;2;47;127;28m[48;2;136;129;71m▄[38;2;47;130;28m[48;2;102;118;52m▄[38;2;52;132;30m[48;2;77;120;38m▄[38;2;48;130;28m[48;2;102;121;54m▄[38;2;45;125;27m[48;2;101;121;54m▄[38;2;48;116;30m[48;2;68;118;34m▄[38;2;53;124;32m[48;2;53;118;25m▄[38;2;50;133;29m[48;2;80;116;42m▄[38;2;52;132;30m[48;2;68;113;35m▄[38;2;56;133;33m[48;2;46;115;22m▄[38;2;54;129;32m[48;2;63;123;37m▄[38;2;50;117;31m[48;2;67;125;41m▄[38;2;51;118;32m[48;2;62;122;38m▄[38;2;54;121;32m[48;2;58;125;35m▄[38;2;57;131;33m[48;2;55;130;33m▄[38;2;58;135;34m[48;2;58;134;34m▄[38;2;50;114;30m[48;2;49;112;30m▄[0m
[38;2;3;1;5m[48;2;3;1;5m▄[38;2;49;110;30m[48;2;44;112;29m▄[38;2;58;136;34m[48;2;53;140;33m▄[38;2;56;130;33m[48;2;50;132;32m▄[38;2;56;130;33m[48;2;50;134;32m▄[38;2;56;130;33m[48;2;50;134;32m▄[38;2;56;130;33m[48;2;50;135;32m▄[38;2;56;130;33m[48;2;54;134;33m▄[38;2;56;130;33m[48;2;54;135;33m▄[38;2;56;130;33m[48;2;51;135;32m▄[38;2;56;130;33m[48;2;53;135;32m▄[38;2;56;129;33m[48;2;52;129;33m▄[38;2;55;125;33m[48;2;49;122;32m▄[38;2;54;123;33m[48;2;49;119;32m▄[38;2;55;125;33m[48;2;56;130;33m▄[38;2;55;132;31m[48;2;56;133;33m▄[38;2;55;124;38m[48;2;53;132;31m▄[38;2;124;138;77m[48;2;41;124;24m▄[38;2;224;179;53m[48;2;79;118;26m▄[38;2;253;195;22m[48;2;108;116;29m▄[38;2;195;165;38m[48;2;48;106;28m▄[38;2;88;114;30m[48;2;44;114;32m▄[38;2;48;124;33m[48;2;55;124;33m▄[38;2;57;132;33m[48;2;56;129;33m▄[38;2;56;130;33m[48;2;56;130;33m▄[38;2;56;130;33m[48;2;56;130;33m▄[38;2;56;130;33m[48;2;56;130;33m▄[38;2;56;131;33m[48;2;54;124;33m▄[38;2;56;131;33m[48;2;55;128;33m▄[38;2;56;128;33m[48;2;56;126;33m▄[38;2;28;59;20m[48;2;27;59;20m▄[38;2;54;126;32m[48;2;51;131;32m▄[38;2;56;131;33m[48;2;53;136;33m▄[38;2;56;130;33m[48;2;54;134;33m▄[38;2;56;130;33m[48;2;56;132;33m▄[38;2;56;130;33m[48;2;55;134;33m▄[38;2;56;130;33m[48;2;54;133;33m▄[38;2;56;131;33m[48;2;55;132;33m▄[38;2;56;127;33m[48;2;53;124;33m▄[38;2;54;122;33m[48;2;53;123;33m▄[38;2;53;121;33m[48;2;54;122;33m▄[38;2;56;128;33m[48;2;56;131;33m▄[38;2;56;130;33m[48;2;56;130;33m▄[38;2;56;130;33m[48;2;56;130;33m▄[38;2;56;130;33m[48;2;56;130;33m▄[38;2;57;131;33m[48;2;56;131;33m▄[38;2;47;126;34m[48;2;56;127;33m▄[38;2;53;112;48m[48;2;47;109;29m▄[38;2;90;121;32m[48;2;45;120;31m▄[38;2;63;125;32m[48;2;54;128;33m▄[38;2;54;130;33m[48;2;57;131;33m▄[38;2;56;130;33m[48;2;56;130;33m▄[38;2;56;130;33m[48;2;56;130;33m▄[38;2;56;130;33m[48;2;56;129;33m▄[38;2;56;130;33m[48;2;55;128;33m▄[38;2;56;130;33m[48;2;56;131;33m▄[38;2;56;130;33m[48;2;56;130;33m▄[38;2;56;130;33m[48;2;56;130;33m▄[38;2;58;135;34m[48;2;58;135;34m▄[38;2;50;114;30m[48;2;50;114;30m▄[0m
[38;2;3;1;5m[48;2;3;1;5m▄[38;2;49;109;30m[48;2;49;110;30m▄[38;2;58;136;34m[48;2;58;136;34m▄[38;2;56;130;33m[48;2;56;130;33m▄[38;2;56;130;33m[48;2;56;130;33m▄[38;2;56;130;33m[48;2;56;130;33m▄[38;2;56;130;33m[48;2;56;130;33m▄[38;2;56;130;33m[48;2;56;130;33m▄[38;2;56;130;33m[48;2;56;130;33m▄[38;2;56;130;33m[48;2;56;130;33m▄[38;2;56;130;33m[48;2;56;130;33m▄[38;2;56;130;33m[48;2;56;129;33m▄[38;2;56;131;33m[48;2;54;124;33m▄[38;2;56;131;33m[48;2;55;126;33m▄[38;2;56;130;33m[48;2;56;129;33m▄[38;2;49;128;31m[48;2;47;127;23m▄[38;2;99;120;48m[48;2;101;134;92m▄[38;2;201;156;50m[48;2;233;205;185m▄[38;2;194;160;50m[48;2;215;196;169m▄[38;2;185;164;123m[48;2;204;191;176m▄[38;2;127;149;123m[48;2;245;221;226m▄[38;2;62;121;50m[48;2;140;147;119m▄[38;2;53;126;30m[48;2;42;118;21m▄[38;2;56;130;33m[48;2;56;131;33m▄[38;2;56;130;33m[48;2;56;130;33m▄[38;2;56;130;33m[48;2;56;130;33m▄[38;2;56;130;33m[48;2;56;130;33m▄[38;2;56;130;33m[48;2;56;130;33m▄[38;2;55;125;33m[48;2;56;132;33m▄[38;2;54;122;33m[48;2;56;129;33m▄[38;2;28;59;20m[48;2;28;59;20m▄[38;2;54;126;32m[48;2;54;126;32m▄[38;2;56;131;33m[48;2;56;131;33m▄[38;2;56;130;33m[48;2;56;130;33m▄[38;2;56;130;33m[48;2;56;130;33m▄[38;2;56;130;33m[48;2;56;130;33m▄[38;2;56;130;33m[48;2;56;130;33m▄[38;2;56;130;33m[48;2;56;130;33m▄[38;2;56;130;33m[48;2;56;129;33m▄[38;2;56;130;33m[48;2;56;128;33m▄[38;2;56;130;33m[48;2;56;130;33m▄[38;2;56;130;33m[48;2;56;130;33m▄[38;2;56;130;33m[48;2;56;130;33m▄[38;2;56;130;33m[48;2;56;130;33m▄[38;2;56;130;33m[48;2;56;130;33m▄[38;2;49;127;33m[48;2;47;125;28m▄[38;2;104;127;33m[48;2;120;136;62m▄[38;2;180;149;36m[48;2;209;187;142m▄[38;2;155;144;92m[48;2;224;196;187m▄[38;2;65;122;54m[48;2;106;134;89m▄[38;2;53;130;29m[48;2;45;124;23m▄[38;2;56;130;33m[48;2;56;131;33m▄[38;2;56;130;33m[48;2;56;130;33m▄[38;2;56;130;33m[48;2;56;130;33m▄[38;2;56;128;33m[48;2;56;130;33m▄[38;2;55;121;33m[48;2;56;129;33m▄[38;2;56;127;33m[48;2;56;130;33m▄[38;2;56;131;33m[48;2;56;130;33m▄[38;2;58;135;34m[48;2;58;135;34m▄[38;2;50;114;30m[48;2;50;114;30m▄[0m
[38;2;3;1;5m[48;2;3;1;5m▄[38;2;49;109;30m[48;2;49;109;30m▄[38;2;58;136;34m[48;2;58;136;34m▄[38;2;56;130;33m[48;2;56;130;33m▄[38;2;56;130;33m[48;2;56;130;33m▄[38;2;56;130;33m[48;2;56;130;33m▄[38;2;56;130;33m[48;2;56;130;33m▄[38;2;56;130;33m[48;2;56;130;33m▄[38;2;56;130;33m[48;2;56;130;33m▄[38;2;56;130;33m[48;2;56;130;33m▄[38;2;56;130;33m[48;2;56;130;33m▄[38;2;56;130;33m[48;2;56;130;33m▄[38;2;56;130;33m[48;2;56;130;33m▄[38;2;56;130;33m[48;2;56;130;33m▄[38;2;56;130;33m[48;2;56;131;33m▄[38;2;57;130;33m[48;2;53;123;33m▄[38;2;45;126;30m[48;2;99;115;47m▄[38;2;49;105;30m[48;2;128;120;60m▄[38;2;141;123;55m[48;2;172;143;74m▄[38;2;96;119;47m[48;2;179;142;64m▄[38;2;48;116;31m[48;2;66;99;27m▄[38;2;56;132;33m[48;2;42;115;27m▄[38;2;56;131;33m[48;2;54;124;33m▄[38;2;56;130;33m[48;2;55;128;33m▄[38;2;56;130;33m[48;2;56;130;33m▄[38;2;56;130;33m[48;2;56;130;33m▄[38;2;56;130;33m[48;2;56;130;33m▄[38;2;56;130;33m[48;2;56;130;33m▄[38;2;56;131;33m[48;2;56;130;33m▄[38;2;56;128;33m[48;2;56;127;33m▄[38;2;27;58;19m[48;2;28;59;20m▄[38;2;54;126;32m[48;2;54;126;32m▄[38;2;56;131;33m[48;2;56;131;33m▄[38;2;56;130;33m[48;2;56;130;33m▄[38;2;56;130;33m[48;2;56;130;33m▄[38;2;56;130;33m[48;2;56;130;33m▄[38;2;56;130;33m[48;2;56;130;33m▄[38;2;56;130;33m[48;2;56;130;33m▄[38;2;56;130;33m[48;2;56;130;33m▄[38;2;56;130;33m[48;2;56;130;33m▄[38;2;56;130;33m[48;2;56;130;33m▄[38;2;56;130;33m[48;2;56;130;33m▄[38;2;56;130;33m[48;2;56;130;33m▄[38;2;56;130;33m[48;2;56;130;33m▄[38;2;56;129;33m[48;2;56;131;33m▄[38;2;55;125;33m[48;2;56;130;33m▄[38;2;54;125;32m[48;2;44;114;33m▄[38;2;55;132;33m[48;2;45;113;35m▄[38;2;56;132;33m[48;2;46;114;23m▄[38;2;56;131;33m[48;2;51;124;28m▄[38;2;56;130;33m[48;2;57;130;34m▄[38;2;56;130;33m[48;2;56;130;33m▄[38;2;56;130;33m[48;2;56;130;33m▄[38;2;56;130;33m[48;2;56;130;33m▄[38;2;56;130;33m[48;2;56;130;33m▄[38;2;56;131;33m[48;2;57;131;33m▄[38;2;55;126;33m[48;2;55;127;33m▄[38;2;53;120;32m[48;2;53;122;33m▄[38;2;58;136;34m[48;2;58;136;34m▄[38;2;50;114;30m[48;2;50;113;30m▄[0m
[38;2;3;1;5m[48;2;3;1;5m▄[38;2;49;109;30m[48;2;49;109;30m▄[38;2;58;136;34m[48;2;58;136;34m▄[38;2;56;130;33m[48;2;56;130;33m▄[38;2;56;130;33m[48;2;56;130;33m▄[38;2;56;130;33m[48;2;56;130;33m▄[38;2;56;132;33m[48;2;56;130;33m▄[38;2;57;132;33m[48;2;56;130;33m▄[38;2;56;130;33m[48;2;56;130;33m▄[38;2;56;130;33m[48;2;56;130;33m▄[38;2;56;130;33m[48;2;56;130;33m▄[38;2;56;130;33m[48;2;56;130;33m▄[38;2;56;130;33m[48;2;56;130;33m▄[38;2;56;130;33m[48;2;56;130;33m▄[38;2;57;132;33m[48;2;56;130;33m▄[38;2;52;130;27m[48;2;56;130;33m▄[38;2;41;122;16m[48;2;56;133;33m▄[38;2;47;110;28m[48;2;59;125;31m▄[38;2;72;115;65m[48;2;83;106;44m▄[38;2;51;126;29m[48;2;47;121;32m▄[38;2;55;132;31m[48;2;57;134;33m▄[38;2;56;130;33m[48;2;56;130;33m▄[38;2;53;120;32m[48;2;56;132;33m▄[38;2;55;126;33m[48;2;56;130;33m▄[38;2;56;130;33m[48;2;56;130;33m▄[38;2;56;130;33m[48;2;56;130;33m▄[38;2;56;130;33m[48;2;56;130;33m▄[38;2;56;130;33m[48;2;56;130;33m▄[38;2;56;131;33m[48;2;56;131;33m▄[38;2;56;128;33m[48;2;56;128;33m▄[38;2;28;59;20m[48;2;28;59;20m▄[38;2;54;126;32m[48;2;54;126;32m▄[38;2;56;132;33m[48;2;56;131;33m▄[38;2;56;131;33m[48;2;56;130;33m▄[38;2;56;131;33m[48;2;56;130;33m▄[38;2;56;130;33m[48;2;56;130;33m▄[38;2;56;130;33m[48;2;56;130;33m▄[38;2;56;130;33m[48;2;56;130;33m▄[38;2;56;130;33m[48;2;56;130;33m▄[38;2;56;130;33m[48;2;56;130;33m▄[38;2;56;130;33m[48;2;56;130;33m▄[38;2;56;130;33m[48;2;56;130;33m▄[38;2;56;130;33m[48;2;56;130;33m▄[38;2;56;130;33m[48;2;57;132;33m▄[38;2;55;128;33m[48;2;53;120;33m▄[38;2;54;125;32m[48;2;50;112;32m▄[38;2;57;133;33m[48;2;56;131;33m▄[38;2;57;132;33m[48;2;56;130;33m▄[38;2;53;121;33m[48;2;56;131;33m▄[38;2;53;119;33m[48;2;56;130;33m▄[38;2;56;129;33m[48;2;56;130;33m▄[38;2;56;130;33m[48;2;56;130;33m▄[38;2;56;130;33m[48;2;56;130;33m▄[38;2;56;130;33m[48;2;56;130;33m▄[38;2;56;130;33m[48;2;56;130;33m▄[38;2;56;130;33m[48;2;56;130;33m▄[38;2;56;130;33m[48;2;56;130;33m▄[38;2;56;130;33m[48;2;56;131;33m▄[38;2;58;135;34m[48;2;58;135;34m▄[38;2;50;114;30m[48;2;50;114;30m▄[0m
[38;2;3;1;5m[48;2;3;1;5m▄[38;2;49;109;30m[48;2;49;109;30m▄[38;2;58;136;34m[48;2;58;136;34m▄[38;2;56;130;33m[48;2;56;130;33m▄[38;2;56;130;33m[48;2;56;130;33m▄[38;2;56;129;33m[48;2;56;130;33m▄[38;2;54;124;33m[48;2;54;121;33m▄[38;2;52;117;32m[48;2;52;117;32m▄[38;2;54;123;33m[48;2;56;130;33m▄[38;2;56;131;33m[48;2;56;130;33m▄[38;2;56;130;33m[48;2;56;130;33m▄[38;2;57;131;33m[48;2;56;130;33m▄[38;2;46;118;24m[48;2;57;132;33m▄[38;2;72;123;57m[48;2;50;127;25m▄[38;2;143;160;142m[48;2;38;113;14m▄[38;2;211;209;219m[48;2;64;118;48m▄[38;2;240;233;249m[48;2;125;150;121m▄[38;2;237;233;246m[48;2;183;190;185m▄[38;2;221;220;228m[48;2;158;170;158m▄[38;2;222;219;229m[48;2;66;119;51m▄[38;2;125;139;124m[48;2;57;124;35m▄[38;2;44;107;24m[48;2;53;120;32m▄[38;2;57;133;33m[48;2;53;120;33m▄[38;2;56;130;33m[48;2;56;131;33m▄[38;2;56;130;33m[48;2;56;130;33m▄[38;2;56;130;33m[48;2;56;130;33m▄[38;2;56;130;33m[48;2;56;130;33m▄[38;2;56;130;33m[48;2;56;130;33m▄[38;2;56;131;33m[48;2;56;131;33m▄[38;2;56;129;33m[48;2;56;128;33m▄[38;2;28;59;20m[48;2;28;59;20m▄[38;2;54;126;32m[48;2;54;127;32m▄[38;2;56;129;33m[48;2;56;128;33m▄[38;2;55;127;32m[48;2;51;113;32m▄[38;2;53;122;32m[48;2;52;118;32m▄[38;2;55;127;33m[48;2;56;130;33m▄[38;2;56;131;33m[48;2;56;130;33m▄[38;2;56;130;33m[48;2;56;130;33m▄[38;2;56;130;33m[48;2;56;130;33m▄[38;2;56;130;33m[48;2;56;130;33m▄[38;2;56;130;33m[48;2;56;130;33m▄[38;2;56;130;33m[48;2;56;130;33m▄[38;2;57;133;34m[48;2;56;130;33m▄[38;2;41;119;16m[48;2;57;131;34m▄[38;2;70;119;55m[48;2;51;130;26m▄[38;2;165;175;166m[48;2;43;119;19m▄[38;2;74;114;60m[48;2;51;118;30m▄[38;2;38;100;18m[48;2;56;126;34m▄[38;2;56;129;33m[48;2;52;118;33m▄[38;2;56;131;33m[48;2;56;129;33m▄[38;2;56;130;33m[48;2;56;131;33m▄[38;2;56;130;33m[48;2;56;130;33m▄[38;2;56;130;33m[48;2;56;130;33m▄[38;2;56;130;33m[48;2;56;130;33m▄[38;2;56;130;33m[48;2;56;130;33m▄[38;2;56;130;33m[48;2;56;130;33m▄[38;2;56;130;33m[48;2;56;130;33m▄[38;2;56;131;33m[48;2;56;130;33m▄[38;2;58;136;34m[48;2;58;135;34m▄[38;2;50;115;30m[48;2;50;114;30m▄[0m
[38;2;3;1;5m[48;2;3;1;5m▄[38;2;50;113;31m[48;2;49;110;30m▄[38;2;60;140;35m[48;2;58;137;34m▄[38;2;58;134;34m[48;2;56;131;33m▄[38;2;58;133;34m[48;2;56;131;33m▄[38;2;58;133;34m[48;2;56;131;33m▄[38;2;58;133;34m[48;2;57;132;33m▄[38;2;58;133;34m[48;2;57;133;33m▄[38;2;58;133;34m[48;2;57;131;33m▄[38;2;58;133;34m[48;2;56;131;33m▄[38;2;58;134;34m[48;2;56;131;33m▄[38;2;55;132;24m[48;2;45;123;21m▄[38;2;75;110;94m[48;2;122;149;115m▄[38;2;115;134;223m[48;2;243;232;239m▄[38;2;147;162;219m[48;2;255;247;253m▄[38;2;172;181;220m[48;2;242;238;241m▄[38;2;190;195;223m[48;2;233;231;235m▄[38;2;202;204;224m[48;2;231;229;235m▄[38;2;214;214;229m[48;2;238;235;244m▄[38;2;222;220;230m[48;2;202;203;208m▄[38;2;135;147;135m[48;2;61;109;52m▄[38;2;45;107;26m[48;2;41;110;21m▄[38;2;58;135;33m[48;2;58;132;34m▄[38;2;58;134;34m[48;2;56;131;33m▄[38;2;58;134;34m[48;2;56;131;33m▄[38;2;58;134;34m[48;2;56;131;33m▄[38;2;58;134;34m[48;2;56;131;33m▄[38;2;58;135;35m[48;2;56;131;33m▄[38;2;58;135;34m[48;2;57;133;33m▄[38;2;58;131;34m[48;2;55;125;34m▄[38;2;29;60;21m[48;2;28;57;20m▄[38;2;56;129;33m[48;2;55;127;32m▄[38;2;58;134;34m[48;2;56;132;33m▄[38;2;58;133;34m[48;2;57;132;33m▄[38;2;58;133;34m[48;2;57;133;33m▄[38;2;58;133;34m[48;2;57;132;33m▄[38;2;58;133;34m[48;2;56;131;33m▄[38;2;58;133;34m[48;2;56;131;33m▄[38;2;58;133;34m[48;2;56;131;33m▄[38;2;58;133;34m[48;2;56;131;33m▄[38;2;58;133;34m[48;2;56;131;33m▄[38;2;58;135;34m[48;2;57;133;33m▄[38;2;48;118;23m[48;2;46;115;25m▄[38;2;93;118;105m[48;2;112;139;105m▄[38;2;159;168;221m[48;2;230;223;228m▄[38;2;133;145;162m[48;2;248;237;253m▄[38;2;46;98;28m[48;2;68;103;58m▄[38;2;51;113;32m[48;2;38;100;16m▄[38;2;59;136;34m[48;2;53;121;32m▄[38;2;58;133;34m[48;2;57;133;34m▄[38;2;58;134;34m[48;2;56;131;33m▄[38;2;58;134;34m[48;2;56;131;33m▄[38;2;58;133;34m[48;2;56;131;33m▄[38;2;58;134;34m[48;2;56;131;33m▄[38;2;58;134;34m[48;2;56;131;33m▄[38;2;58;134;35m[48;2;57;131;33m▄[38;2;58;135;34m[48;2;55;123;33m▄[38;2;58;133;34m[48;2;54;122;33m▄[38;2;59;137;35m[48;2;55;128;34m▄[38;2;51;115;32m[48;2;48;106;30m▄[0m
