[38;2;176;216;223m[48;2;177;216;223m▄[38;2;208;251;255m[48;2;192;234;243m▄[38;2;195;232;242m[48;2;178;216;226m▄[38;2;194;233;242m[48;2;178;216;226m▄[38;2;194;234;243m[48;2;178;216;226m▄[38;2;195;234;244m[48;2;178;216;228m▄[38;2;196;234;244m[48;2;180;216;228m▄[38;2;196;234;244m[48;2;180;216;228m▄[38;2;197;235;245m[48;2;180;216;228m▄[38;2;197;235;245m[48;2;180;218;228m▄[38;2;198;236;245m[48;2;180;218;228m▄[38;2;199;236;246m[48;2;184;218;228m▄[38;2;199;236;246m[48;2;184;218;228m▄[38;2;200;237;248m[48;2;186;218;230m▄[38;2;201;238;247m[48;2;186;220;230m▄[38;2;201;238;248m[48;2;186;220;230m▄[38;2;201;238;248m[48;2;186;220;230m▄[38;2;201;238;248m[48;2;186;220;230m▄[38;2;203;240;250m[48;2;186;220;230m▄[38;2;207;246;255m[48;2;186;220;230m▄[38;2;208;248;255m[48;2;188;222;230m▄[38;2;208;248;255m[48;2;188;222;230m▄[38;2;209;249;255m[48;2;188;222;232m▄[38;2;209;248;255m[48;2;188;222;230m▄[38;2;205;243;253m[48;2;188;222;230m▄[38;2;203;240;250m[48;2;188;222;232m▄[38;2;204;241;250m[48;2;188;222;232m▄[38;2;204;241;250m[48;2;188;222;232m▄[38;2;204;242;250m[48;2;188;222;232m▄[38;2;204;241;250m[48;2;188;222;232m▄[38;2;204;242;251m[48;2;188;222;232m▄[38;2;204;242;250m[48;2;188;222;232m▄[38;2;204;242;250m[48;2;190;224;234m▄[38;2;204;242;250m[48;2;190;222;232m▄[38;2;204;242;250m[48;2;190;224;234m▄[38;2;204;242;250m[48;2;190;224;234m▄[38;2;204;242;250m[48;2;190;222;232m▄[38;2;204;242;250m[48;2;190;224;234m▄[38;2;204;242;250m[48;2;190;222;232m▄[38;2;204;242;250m[48;2;190;224;234m▄[38;2;204;241;250m[48;2;188;222;232m▄[38;2;202;241;249m[48;2;188;222;232m▄[38;2;203;238;248m[48;2;188;220;230m▄[38;2;202;238;246m[48;2;186;220;228m▄[38;2;199;237;245m[48;2;186;218;228m▄[38;2;199;236;244m[48;2;184;218;226m▄[38;2;198;233;242m[48;2;182;216;226m▄[38;2;197;231;240m[48;2;180;215;222m▄[38;2;195;230;237m[48;2;180;213;220m▄[38;2;192;228;236m[48;2;178;211;216m▄[38;2;192;226;235m[48;2;176;209;218m▄[38;2;191;223;233m[48;2;175;207;216m▄[38;2;189;222;231m[48;2;173;205;213m▄[38;2;188;220;228m[48;2;173;201;211m▄[38;2;187;218;225m[48;2;173;201;211m▄[38;2;186;216;224m[48;2;171;201;209m▄[38;2;184;214;222m[48;2;169;197;207m▄[38;2;182;212;220m[48;2;167;197;205m▄[38;2;180;210;218m[48;2;167;194;203m▄[38;2;193;225;234m[48;2;178;209;218m▄[0m
[38;2;181;217;223m[48;2;180;215;223m▄[38;2;196;233;240m[48;2;195;232;240m▄[38;2;183;216;223m[48;2;181;216;222m▄[38;2;183;216;223m[48;2;181;216;223m▄[38;2;183;216;223m[48;2;182;217;223m▄[38;2;184;217;223m[48;2;182;217;223m▄[38;2;184;217;224m[48;2;182;217;224m▄[38;2;184;218;224m[48;2;183;218;225m▄[38;2;186;218;224m[48;2;183;218;225m▄[38;2;186;219;225m[48;2;184;219;226m▄[38;2;186;220;226m[48;2;184;219;226m▄[38;2;186;220;226m[48;2;185;220;226m▄[38;2;188;220;226m[48;2;185;220;226m▄[38;2;189;220;225m[48;2;186;221;227m▄[38;2;189;220;226m[48;2;186;221;228m▄[38;2;193;226;234m[48;2;186;221;227m▄[38;2;201;235;245m[48;2;187;221;228m▄[38;2;178;209;214m[48;2;193;228;235m▄[38;2;138;161;156m[48;2;185;220;227m▄[38;2;129;130;113m[48;2;163;185;187m▄[38;2;123;125;106m[48;2;150;166;167m▄[38;2;120;121;106m[48;2;150;167;169m▄[38;2;119;114;102m[48;2;153;172;175m▄[38;2;112;106;92m[48;2;162;186;191m▄[38;2;117;117;108m[48;2;182;213;220m▄[38;2;152;177;182m[48;2;199;233;242m▄[38;2;201;233;239m[48;2;191;224;231m▄[38;2;196;224;231m[48;2;189;224;230m▄[38;2;193;223;229m[48;2;189;224;230m▄[38;2;194;223;230m[48;2;190;223;230m▄[38;2;195;223;229m[48;2;191;224;231m▄[38;2;195;223;230m[48;2;190;224;230m▄[38;2;195;224;230m[48;2;190;224;230m▄[38;2;195;223;230m[48;2;190;224;230m▄[38;2;194;223;229m[48;2;190;224;230m▄[38;2;195;223;230m[48;2;191;224;231m▄[38;2;195;224;230m[48;2;191;224;230m▄[38;2;195;224;230m[48;2;191;224;230m▄[38;2;195;223;230m[48;2;191;224;230m▄[38;2;195;223;230m[48;2;191;223;230m▄[38;2;194;223;230m[48;2;190;223;230m▄[38;2;193;222;228m[48;2;189;223;229m▄[38;2;192;220;227m[48;2;189;220;228m▄[38;2;192;220;226m[48;2;189;220;226m▄[38;2;190;219;225m[48;2;186;219;226m▄[38;2;190;217;224m[48;2;186;218;225m▄[38;2;188;215;223m[48;2;187;216;223m▄[38;2;186;213;221m[48;2;185;213;221m▄[38;2;185;212;219m[48;2;182;212;218m▄[38;2;183;210;217m[48;2;181;210;217m▄[38;2;181;209;216m[48;2;180;209;215m▄[38;2;180;207;213m[48;2;178;207;213m▄[38;2;178;205;212m[48;2;176;206;212m▄[38;2;177;204;211m[48;2;175;203;210m▄[38;2;177;201;208m[48;2;174;201;207m▄[38;2;176;199;206m[48;2;173;199;206m▄[38;2;173;199;204m[48;2;171;198;205m▄[38;2;171;197;202m[48;2;169;196;203m▄[38;2;170;195;202m[48;2;168;195;201m▄[38;2;183;210;216m[48;2;180;209;216m▄[0m
[38;2;187;215;223m[48;2;183;215;223m▄[38;2;202;233;240m[48;2;199;233;240m▄[38;2;187;215;222m[48;2;185;215;221m▄[38;2;188;216;223m[48;2;186;216;222m▄[38;2;188;217;222m[48;2;186;217;222m▄[38;2;189;218;223m[48;2;187;217;223m▄[38;2;190;218;223m[48;2;188;217;223m▄[38;2;190;219;224m[48;2;188;217;223m▄[38;2;191;219;225m[48;2;189;218;224m▄[38;2;191;220;225m[48;2;190;218;225m▄[38;2;192;220;224m[48;2;190;219;225m▄[38;2;193;220;226m[48;2;190;219;225m▄[38;2;193;220;226m[48;2;191;220;226m▄[38;2;199;229;235m[48;2;191;219;225m▄[38;2;175;194;193m[48;2;198;230;236m▄[38;2;61;46;35m[48;2;188;212;216m▄[38;2;8;0;0m[48;2;133;143;140m▄[38;2;0;0;0m[48;2;87;93;85m▄[38;2;20;8;3m[48;2;109;108;95m▄[38;2;62;44;32m[48;2;134;134;121m▄[38;2;87;76;67m[48;2;135;134;123m▄[38;2;84;87;84m[48;2;124;124;113m▄[38;2;90;95;90m[48;2;127;124;110m▄[38;2;103;103;92m[48;2;129;122;103m▄[38;2;107;104;90m[48;2;117;112;94m▄[38;2;76;78;70m[48;2;60;66;65m▄[38;2;50;60;60m[48;2;122;143;147m▄[38;2;169;195;201m[48;2;201;230;237m▄[38;2;205;232;238m[48;2;196;223;230m▄[38;2;197;224;230m[48;2;196;223;230m▄[38;2;198;224;230m[48;2;196;223;230m▄[38;2;198;224;230m[48;2;196;223;230m▄[38;2;198;224;230m[48;2;196;223;230m▄[38;2;198;225;229m[48;2;196;224;230m▄[38;2;198;225;229m[48;2;196;224;230m▄[38;2;198;225;229m[48;2;196;223;230m▄[38;2;198;225;229m[48;2;196;224;230m▄[38;2;198;225;229m[48;2;196;224;230m▄[38;2;198;225;229m[48;2;196;224;230m▄[38;2;198;225;230m[48;2;196;224;230m▄[38;2;197;224;229m[48;2;196;224;230m▄[38;2;196;223;228m[48;2;194;222;228m▄[38;2;196;222;227m[48;2;194;221;228m▄[38;2;195;221;226m[48;2;194;220;227m▄[38;2;193;221;225m[48;2;192;220;226m▄[38;2;192;219;223m[48;2;191;218;224m▄[38;2;192;217;222m[48;2;189;216;222m▄[38;2;190;215;220m[48;2;188;215;220m▄[38;2;189;213;219m[48;2;187;214;220m▄[38;2;187;212;217m[48;2;185;212;218m▄[38;2;186;210;215m[48;2;184;210;216m▄[38;2;186;208;214m[48;2;183;208;215m▄[38;2;183;206;212m[48;2;181;206;212m▄[38;2;182;204;210m[48;2;180;205;210m▄[38;2;180;202;208m[48;2;178;202;208m▄[38;2;179;200;206m[48;2;177;200;206m▄[38;2;177;198;204m[48;2;176;198;204m▄[38;2;176;197;202m[48;2;174;197;203m▄[38;2;173;195;201m[48;2;172;195;201m▄[38;2;186;210;216m[48;2;184;209;216m▄[0m
[38;2;189;217;221m[48;2;189;215;223m▄[38;2;204;234;240m[48;2;203;233;240m▄[38;2;190;217;221m[48;2;188;216;221m▄[38;2;190;218;222m[48;2;189;216;222m▄[38;2;191;218;222m[48;2;190;218;222m▄[38;2;192;218;223m[48;2;191;219;223m▄[38;2;192;218;223m[48;2;191;219;223m▄[38;2;193;219;223m[48;2;191;219;223m▄[38;2;193;219;223m[48;2;192;220;224m▄[38;2;194;220;224m[48;2;192;220;224m▄[38;2;194;221;224m[48;2;192;220;224m▄[38;2;195;221;224m[48;2;193;221;225m▄[38;2;196;222;226m[48;2;194;222;226m▄[38;2;203;230;235m[48;2;205;235;240m▄[38;2;122;124;118m[48;2;99;91;81m▄[38;2;47;52;51m[48;2;5;0;0m▄[38;2;73;48;29m[48;2;2;3;4m▄[38;2;226;135;77m[48;2;112;63;36m▄[38;2;232;154;107m[48;2;199;124;75m▄[38;2;225;147;106m[48;2;204;133;86m▄[38;2;214;141;99m[48;2;187;114;72m▄[38;2;202;130;82m[48;2;137;81;49m▄[38;2;165;98;53m[48;2;74;53;41m▄[38;2;122;69;43m[48;2;55;50;48m▄[38;2;144;85;57m[48;2;65;52;49m▄[38;2;156;101;70m[48;2;102;91;79m▄[38;2;119;108;98m[48;2;78;80;72m▄[38;2;130;101;87m[48;2;121;145;150m▄[38;2;181;162;150m[48;2;213;246;253m▄[38;2;203;228;233m[48;2;199;224;229m▄[38;2;202;224;230m[48;2;199;224;229m▄[38;2;202;224;229m[48;2;199;224;229m▄[38;2;201;224;229m[48;2;199;224;229m▄[38;2;202;224;228m[48;2;199;224;228m▄[38;2;201;224;229m[48;2;199;224;228m▄[38;2;202;224;229m[48;2;199;224;229m▄[38;2;202;224;228m[48;2;199;224;229m▄[38;2;202;224;229m[48;2;199;224;229m▄[38;2;202;224;229m[48;2;199;224;229m▄[38;2;202;224;228m[48;2;200;224;229m▄[38;2;201;223;228m[48;2;200;224;228m▄[38;2;200;222;227m[48;2;198;223;227m▄[38;2;200;221;226m[48;2;199;221;226m▄[38;2;199;220;225m[48;2;197;220;226m▄[38;2;198;219;224m[48;2;195;220;224m▄[38;2;196;218;222m[48;2;194;218;223m▄[38;2;195;216;221m[48;2;193;216;222m▄[38;2;193;214;219m[48;2;192;214;220m▄[38;2;192;213;218m[48;2;191;213;218m▄[38;2;190;211;216m[48;2;189;212;216m▄[38;2;188;209;215m[48;2;188;210;214m▄[38;2;186;207;212m[48;2;186;207;212m▄[38;2;185;206;210m[48;2;185;206;211m▄[38;2;183;204;209m[48;2;183;204;209m▄[38;2;181;202;207m[48;2;181;202;207m▄[38;2;180;200;205m[48;2;179;200;205m▄[38;2;178;199;203m[48;2;178;199;204m▄[38;2;176;197;202m[48;2;176;197;202m▄[38;2;175;195;199m[48;2;174;195;200m▄[38;2;188;209;214m[48;2;187;210;216m▄[0m
[38;2;193;213;219m[48;2;191;217;221m▄[38;2;208;231;236m[48;2;207;233;238m▄[38;2;193;214;219m[48;2;192;215;220m▄[38;2;194;214;219m[48;2;194;216;221m▄[38;2;194;215;220m[48;2;195;216;221m▄[38;2;195;215;221m[48;2;195;216;222m▄[38;2;195;216;221m[48;2;196;217;222m▄[38;2;195;216;222m[48;2;196;218;222m▄[38;2;196;217;222m[48;2;197;218;223m▄[38;2;196;217;222m[48;2;197;218;223m▄[38;2;197;218;223m[48;2;198;219;224m▄[38;2;197;218;224m[48;2;198;219;224m▄[38;2;198;219;223m[48;2;198;219;224m▄[38;2;198;219;223m[48;2;199;220;225m▄[38;2;201;225;228m[48;2;208;232;237m▄[38;2;189;205;205m[48;2;188;210;214m▄[38;2;168;112;81m[48;2;136;94;66m▄[38;2;179;109;77m[48;2;152;92;52m▄[38;2;198;122;85m[48;2;163;97;55m▄[38;2;216;125;89m[48;2;210;127;83m▄[38;2;205;106;71m[48;2;173;93;53m▄[38;2;216;124;87m[48;2;154;94;58m▄[38;2;233;159;124m[48;2;155;95;63m▄[38;2;225;142;111m[48;2;181;109;68m▄[38;2;195;104;68m[48;2;191;116;72m▄[38;2;163;82;46m[48;2;163;82;44m▄[38;2;120;62;40m[48;2;92;59;46m▄[38;2;119;57;36m[48;2;121;56;33m▄[38;2;192;120;81m[48;2;183;94;49m▄[38;2;200;218;220m[48;2;200;211;210m▄[38;2;203;225;227m[48;2;203;227;234m▄[38;2;203;223;224m[48;2;202;223;228m▄[38;2;203;223;224m[48;2;203;223;228m▄[38;2;203;222;224m[48;2;203;223;228m▄[38;2;203;222;225m[48;2;203;223;228m▄[38;2;203;223;224m[48;2;203;224;229m▄[38;2;202;223;224m[48;2;203;224;229m▄[38;2;202;223;224m[48;2;203;223;228m▄[38;2;202;222;224m[48;2;203;224;228m▄[38;2;202;223;226m[48;2;203;224;229m▄[38;2;201;222;223m[48;2;202;223;228m▄[38;2;200;220;224m[48;2;201;222;227m▄[38;2;199;220;222m[48;2;200;221;225m▄[38;2;199;219;220m[48;2;199;220;224m▄[38;2;197;217;222m[48;2;198;219;224m▄[38;2;196;216;218m[48;2;196;217;222m▄[38;2;194;214;215m[48;2;195;216;220m▄[38;2;193;213;214m[48;2;194;213;217m▄[38;2;191;211;212m[48;2;192;212;216m▄[38;2;190;210;210m[48;2;190;211;214m▄[38;2;188;207;208m[48;2;187;208;213m▄[38;2;187;205;206m[48;2;186;207;210m▄[38;2;185;204;205m[48;2;185;206;206m▄[38;2;183;202;202m[48;2;183;203;207m▄[38;2;182;200;200m[48;2;182;201;203m▄[38;2;180;198;198m[48;2;181;199;200m▄[38;2;179;197;197m[48;2;180;198;198m▄[38;2;178;195;195m[48;2;178;196;197m▄[38;2;175;193;193m[48;2;176;194;194m▄[38;2;188;208;208m[48;2;189;208;209m▄[0m
[38;2;198;217;217m[48;2;193;213;219m▄[38;2;213;234;234m[48;2;207;230;233m▄[38;2;196;216;216m[48;2;192;213;215m▄[38;2;196;216;216m[48;2;193;214;215m▄[38;2;197;216;216m[48;2;193;214;215m▄[38;2;199;218;217m[48;2;193;214;217m▄[38;2;201;219;219m[48;2;194;215;218m▄[38;2;200;219;219m[48;2;194;215;219m▄[38;2;201;220;219m[48;2;195;216;220m▄[38;2;201;220;220m[48;2;196;217;221m▄[38;2;201;220;219m[48;2;196;217;220m▄[38;2;201;219;219m[48;2;196;217;221m▄[38;2;202;220;220m[48;2;197;218;221m▄[38;2;203;221;221m[48;2;197;218;220m▄[38;2;204;223;223m[48;2;198;219;222m▄[38;2;203;225;227m[48;2;194;218;220m▄[38;2;189;136;103m[48;2;198;143;113m▄[38;2;196;96;50m[48;2;233;143;108m▄[38;2;172;81;45m[48;2;218;119;89m▄[38;2;155;77;52m[48;2;189;98;73m▄[38;2;139;75;56m[48;2;130;57;38m▄[38;2;159;86;68m[48;2;174;91;66m▄[38;2;160;81;49m[48;2;215;134;99m▄[38;2;198;114;65m[48;2;204;113;75m▄[38;2;196;109;63m[48;2;186;99;60m▄[38;2;161;78;39m[48;2;161;82;49m▄[38;2;128;53;20m[48;2;140;64;33m▄[38;2;74;46;33m[48;2;104;50;31m▄[38;2;180;205;209m[48;2;188;168;152m▄[38;2;212;232;232m[48;2;203;230;233m▄[38;2;199;219;220m[48;2;201;221;222m▄[38;2;200;220;220m[48;2;201;221;222m▄[38;2;200;220;220m[48;2;201;221;222m▄[38;2;201;220;221m[48;2;201;221;222m▄[38;2;200;220;221m[48;2;201;221;222m▄[38;2;200;220;221m[48;2;201;221;222m▄[38;2;200;220;220m[48;2;201;221;223m▄[38;2;201;220;220m[48;2;200;221;223m▄[38;2;201;219;220m[48;2;201;221;223m▄[38;2;201;220;221m[48;2;201;221;222m▄[38;2;200;219;220m[48;2;200;220;221m▄[38;2;199;218;218m[48;2;199;219;220m▄[38;2;199;216;217m[48;2;199;218;219m▄[38;2;198;216;216m[48;2;198;218;219m▄[38;2;196;214;214m[48;2;196;216;218m▄[38;2;195;213;214m[48;2;195;215;216m▄[38;2;193;211;212m[48;2;194;212;213m▄[38;2;192;210;210m[48;2;192;211;212m▄[38;2;191;209;209m[48;2;191;210;211m▄[38;2;189;207;208m[48;2;190;209;210m▄[38;2;187;205;205m[48;2;188;206;207m▄[38;2;186;204;204m[48;2;187;205;205m▄[38;2;184;202;203m[48;2;184;203;204m▄[38;2;183;200;201m[48;2;183;201;202m▄[38;2;181;198;199m[48;2;181;199;199m▄[38;2;179;197;197m[48;2;179;198;198m▄[38;2;178;195;195m[48;2;178;196;196m▄[38;2;176;193;194m[48;2;176;194;194m▄[38;2;174;192;192m[48;2;174;192;192m▄[38;2;187;206;206m[48;2;187;207;207m▄[0m
[38;2;82;123;127m[48;2;129;165;170m▄[38;2;91;136;138m[48;2;139;177;181m▄[38;2;87;127;128m[48;2;129;163;165m▄[38;2;84;126;128m[48;2;123;161;163m▄[38;2;82;125;129m[48;2;125;161;164m▄[38;2;88;129;132m[48;2;127;164;168m▄[38;2;100;137;139m[48;2;132;167;173m▄[38;2;95;134;136m[48;2;139;172;175m▄[38;2;99;136;137m[48;2;141;173;176m▄[38;2;92;131;136m[48;2;139;172;174m▄[38;2;98;137;139m[48;2;138;171;173m▄[38;2;95;137;140m[48;2;129;164;167m▄[38;2;89;132;139m[48;2;132;166;169m▄[38;2;106;143;146m[48;2;136;169;172m▄[38;2;100;138;143m[48;2;148;178;182m▄[38;2;97;140;146m[48;2;149;185;193m▄[38;2;103;134;133m[48;2;162;131;107m▄[38;2;177;116;73m[48;2;202;109;55m▄[38;2;204;128;75m[48;2;176;100;56m▄[38;2;195;125;83m[48;2;182;98;65m▄[38;2;210;130;96m[48;2;190;105;82m▄[38;2;215;140;104m[48;2;181;101;74m▄[38;2;187;124;90m[48;2;195;119;81m▄[38;2;156;98;64m[48;2;203;133;86m▄[38;2;179;113;66m[48;2;188;110;62m▄[38;2;131;70;36m[48;2;147;72;34m▄[38;2;72;36;21m[48;2;114;52;25m▄[38;2;41;36;31m[48;2;44;23;12m▄[38;2;66;79;92m[48;2;66;90;105m▄[38;2;23;34;45m[48;2;190;211;213m▄[38;2;101;116;122m[48;2;211;231;229m▄[38;2;145;175;178m[48;2;205;224;222m▄[38;2;145;181;180m[48;2;204;220;220m▄[38;2;146;180;179m[48;2;204;221;221m▄[38;2;141;176;178m[48;2;203;221;222m▄[38;2;150;182;182m[48;2;204;222;221m▄[38;2;158;187;189m[48;2;206;223;222m▄[38;2;160;189;190m[48;2;206;222;222m▄[38;2;157;187;189m[48;2;206;222;221m▄[38;2;157;188;188m[48;2;206;223;222m▄[38;2;156;186;187m[48;2;205;222;221m▄[38;2;154;185;185m[48;2;204;221;219m▄[38;2;163;189;187m[48;2;203;220;218m▄[38;2;152;181;176m[48;2;202;219;218m▄[38;2;147;173;167m[48;2;201;219;218m▄[38;2;148;178;176m[48;2;199;216;215m▄[38;2;145;174;174m[48;2;199;215;214m▄[38;2;149;176;173m[48;2;197;214;213m▄[38;2;150;178;178m[48;2;195;213;210m▄[38;2;152;178;177m[48;2;194;210;208m▄[38;2;150;177;175m[48;2;191;209;207m▄[38;2;151;177;177m[48;2;191;208;205m▄[38;2;156;178;178m[48;2;189;205;203m▄[38;2;159;180;177m[48;2;187;203;201m▄[38;2;159;181;177m[48;2;186;200;199m▄[38;2;161;180;174m[48;2;184;199;197m▄[38;2;154;174;168m[48;2;183;198;196m▄[38;2;155;173;166m[48;2;181;196;195m▄[38;2;148;168;160m[48;2;181;195;194m▄[38;2;157;177;169m[48;2;194;210;209m▄[0m
[38;2;78;108;76m[48;2;80;112;97m▄[38;2;101;121;85m[48;2;89;124;111m▄[38;2;82;109;78m[48;2;75;109;100m▄[38;2;80;114;89m[48;2;74;108;97m▄[38;2;86;117;91m[48;2;80;112;100m▄[38;2;84;116;91m[48;2;76;109;101m▄[38;2;81;115;89m[48;2;92;120;108m▄[38;2;83;117;92m[48;2;86;119;111m▄[38;2;85;120;93m[48;2;94;125;116m▄[38;2;97;126;94m[48;2;98;127;115m▄[38;2;95;123;86m[48;2;93;125;111m▄[38;2;99;127;90m[48;2;90;122;113m▄[38;2;116;139;98m[48;2;95;125;112m▄[38;2;94;112;90m[48;2;103;130;114m▄[38;2;71;102;107m[48;2;105;131;115m▄[38;2;46;92;117m[48;2;110;137;121m▄[38;2;77;111;132m[48;2;88;132;134m▄[38;2;28;32;38m[48;2;82;88;82m▄[38;2;48;31;19m[48;2;165;100;53m▄[38;2;165;97;45m[48;2;194;121;74m▄[38;2;158;84;29m[48;2;176;101;62m▄[38;2;159;83;29m[48;2;157;87;52m▄[38;2;154;79;29m[48;2;134;74;39m▄[38;2;122;55;18m[48;2;148;86;45m▄[38;2;120;56;20m[48;2;152;87;43m▄[38;2;90;47;25m[48;2;84;44;24m▄[38;2;90;76;71m[48;2;48;27;19m▄[38;2;59;71;82m[48;2;63;66;70m▄[38;2;42;49;55m[48;2;63;77;87m▄[38;2;104;105;109m[48;2;40;44;50m▄[38;2;38;43;52m[48;2;34;37;47m▄[38;2;107;106;109m[48;2;106;112;119m▄[38;2;92;110;127m[48;2;108;125;130m▄[38;2;50;105;140m[48;2;79;109;109m▄[38;2;61;114;141m[48;2;95;128;115m▄[38;2;48;94;107m[48;2;100;128;103m▄[38;2;79;109;93m[48;2;94;124;103m▄[38;2;89;118;87m[48;2;92;121;104m▄[38;2;89;119;86m[48;2;97;124;105m▄[38;2;105;125;92m[48;2;101;124;103m▄[38;2;100;123;90m[48;2;89;117;98m▄[38;2;92;122;86m[48;2;100;126;100m▄[38;2;84;115;83m[48;2;96;121;97m▄[38;2;87;118;87m[48;2;86;111;90m▄[38;2;85;113;87m[48;2;84;104;84m▄[38;2;85;112;83m[48;2;88;110;91m▄[38;2;82;113;80m[48;2;76;104;85m▄[38;2;79;110;80m[48;2;73;103;84m▄[38;2;79;109;79m[48;2;80;106;92m▄[38;2;86;113;80m[48;2;87;111;93m▄[38;2;84;110;79m[48;2;70;100;85m▄[38;2;83;112;76m[48;2;82;107;90m▄[38;2;82;109;75m[48;2;89;111;88m▄[38;2;70;102;70m[48;2;75;100;80m▄[38;2;70;100;70m[48;2;73;100;80m▄[38;2;82;104;74m[48;2;91;111;80m▄[38;2;85;105;72m[48;2;84;100;76m▄[38;2;72;96;68m[48;2;70;93;71m▄[38;2;77;99;71m[48;2;69;90;70m▄[38;2;103;125;85m[48;2;89;109;77m▄[0m
[38;2;191;180;84m[48;2;112;121;52m▄[38;2;207;195;97m[48;2;125;131;65m▄[38;2;193;183;89m[48;2;110;117;53m▄[38;2;193;182;88m[48;2;120;135;72m▄[38;2;194;184;90m[48;2;123;143;84m▄[38;2;194;184;91m[48;2;124;142;85m▄[38;2;195;185;91m[48;2;124;142;85m▄[38;2;197;186;93m[48;2;127;145;86m▄[38;2;201;188;97m[48;2;129;147;87m▄[38;2;202;191;93m[48;2;135;150;90m▄[38;2;188;180;115m[48;2;151;154;84m▄[38;2;80;82;89m[48;2;119;137;92m▄[38;2;112;109;114m[48;2;71;83;79m▄[38;2;118;147;161m[48;2;98;107;117m▄[38;2;43;86;115m[48;2;38;87;125m▄[38;2;53;76;91m[48;2;49;101;138m▄[38;2;57;56;59m[48;2;62;74;85m▄[38;2;53;56;57m[48;2;39;38;41m▄[38;2;44;26;20m[48;2;52;34;22m▄[38;2;197;109;50m[48;2;177;104;47m▄[38;2;225;141;82m[48;2;173;102;46m▄[38;2;159;108;73m[48;2;178;93;36m▄[38;2;88;60;42m[48;2;165;83;38m▄[38;2;44;40;35m[48;2;161;93;53m▄[38;2;26;34;42m[48;2;129;88;67m▄[38;2;0;3;6m[48;2;38;32;31m▄[38;2;14;14;14m[48;2;11;16;21m▄[38;2;123;125;128m[48;2;53;56;58m▄[38;2;89;89;92m[48;2;141;141;140m▄[38;2;54;57;66m[48;2;57;60;68m▄[38;2;88;88;90m[48;2;23;24;35m▄[38;2;91;121;136m[48;2;93;99;106m▄[38;2;58;110;139m[48;2;69;123;153m▄[38;2;41;97;131m[48;2;64;121;153m▄[38;2;77;121;148m[48;2;27;84;125m▄[38;2;108;112;116m[48;2;59;97;127m▄[38;2;21;22;32m[48;2;66;78;91m▄[38;2;31;37;55m[48;2;66;84;86m▄[38;2;103;116;126m[48;2;123;144;99m▄[38;2;168;167;101m[48;2;144;159;92m▄[38;2;209;198;101m[48;2;137;152;92m▄[38;2;199;188;101m[48;2;134;151;89m▄[38;2;196;186;97m[48;2;124;136;71m▄[38;2;196;186;96m[48;2;133;146;83m▄[38;2;195;186;98m[48;2;139;154;92m▄[38;2;195;185;97m[48;2;136;150;90m▄[38;2;194;184;96m[48;2;135;149;89m▄[38;2;195;184;98m[48;2;138;149;89m▄[38;2;193;182;96m[48;2;138;148;89m▄[38;2;190;178;95m[48;2;140;148;91m▄[38;2;191;179;96m[48;2;147;151;92m▄[38;2;191;179;97m[48;2;147;152;92m▄[38;2;188;175;95m[48;2;152;153;95m▄[38;2;186;174;93m[48;2;160;159;100m▄[38;2;185;172;92m[48;2;164;159;99m▄[38;2;182;170;90m[48;2;163;157;97m▄[38;2;183;170;91m[48;2;165;158;98m▄[38;2;181;168;89m[48;2;168;160;99m▄[38;2;179;167;87m[48;2;167;160;98m▄[38;2;192;179;92m[48;2;178;170;105m▄[0m
[38;2;101;120;39m[48;2;161;161;71m▄[38;2;113;131;44m[48;2;174;173;77m▄[38;2;109;123;43m[48;2;160;159;72m▄[38;2;113;127;44m[48;2;159;159;70m▄[38;2;113;127;41m[48;2;159;160;70m▄[38;2;113;125;42m[48;2;158;159;70m▄[38;2;104;118;40m[48;2;153;156;68m▄[38;2;100;116;36m[48;2;149;151;67m▄[38;2;90;105;31m[48;2;155;158;66m▄[38;2;97;103;97m[48;2;129;133;62m▄[38;2;104;102;104m[48;2;55;57;60m▄[38;2;91;91;94m[48;2;16;13;21m▄[38;2;84;118;137m[48;2;80;89;92m▄[38;2;40;99;131m[48;2;57;97;117m▄[38;2;62;95;112m[48;2;69;101;116m▄[38;2;46;47;54m[48;2;74;79;82m▄[38;2;56;57;62m[48;2;132;132;137m▄[38;2;28;28;34m[48;2;68;68;68m▄[38;2;80;79;83m[48;2;50;43;49m▄[38;2;55;36;34m[48;2;170;87;50m▄[38;2;24;27;31m[48;2;101;62;41m▄[38;2;55;59;61m[48;2;50;63;70m▄[38;2;64;64;65m[48;2;19;25;28m▄[38;2;112;112;112m[48;2;41;42;39m▄[38;2;31;31;40m[48;2;31;31;32m▄[38;2;60;61;68m[48;2;43;44;49m▄[38;2;137;139;143m[48;2;137;136;133m▄[38;2;65;65;70m[48;2;150;151;154m▄[38;2;53;54;63m[48;2;35;38;48m▄[38;2;95;110;116m[48;2;16;15;24m▄[38;2;86;138;162m[48;2;90;105;108m▄[38;2;77;129;150m[48;2;94;130;141m▄[38;2;90;134;149m[48;2;87;122;134m▄[38;2;88;101;104m[48;2;77;113;124m▄[38;2;124;121;121m[48;2;167;172;171m▄[38;2;46;47;57m[48;2;142;139;138m▄[38;2;43;44;55m[48;2;63;66;76m▄[38;2;125;127;128m[48;2;75;80;86m▄[38;2;86;93;99m[48;2;73;82;95m▄[38;2;28;28;42m[48;2;36;44;48m▄[38;2;29;40;38m[48;2;158;159;85m▄[38;2;131;147;59m[48;2;169;171;74m▄[38;2;142;153;59m[48;2;164;165;76m▄[38;2;140;150;62m[48;2;166;166;76m▄[38;2;141;150;62m[48;2;168;167;77m▄[38;2;136;147;59m[48;2;164;165;75m▄[38;2;143;151;62m[48;2;167;166;75m▄[38;2;142;151;61m[48;2;166;164;74m▄[38;2;139;149;59m[48;2;167;164;74m▄[38;2;137;148;58m[48;2;166;163;73m▄[38;2;140;148;57m[48;2;163;161;74m▄[38;2;136;145;56m[48;2;164;160;74m▄[38;2;138;147;56m[48;2;161;158;70m▄[38;2;139;146;56m[48;2;151;150;64m▄[38;2;137;145;57m[48;2;143;144;61m▄[38;2;135;142;55m[48;2;144;144;60m▄[38;2;135;142;55m[48;2;145;145;63m▄[38;2;136;142;55m[48;2;147;146;63m▄[38;2;128;136;54m[48;2;150;147;63m▄[38;2;135;144;54m[48;2;155;154;64m▄[0m
[38;2;180;168;71m[48;2;170;165;65m▄[38;2;189;179;74m[48;2;183;178;71m▄[38;2;174;165;68m[48;2;166;163;64m▄[38;2;178;169;71m[48;2;171;166;67m▄[38;2;177;170;72m[48;2;168;165;65m▄[38;2;177;168;71m[48;2;172;168;66m▄[38;2;180;170;69m[48;2;171;166;68m▄[38;2;178;171;82m[48;2;180;175;66m▄[38;2;102;106;105m[48;2;161;158;109m▄[38;2;39;45;59m[48;2;118;120;130m▄[38;2;103;106;111m[48;2;101;104;110m▄[38;2;73;94;107m[48;2;123;130;136m▄[38;2;63;121;151m[48;2;48;102;132m▄[38;2;72;98;110m[48;2;56;110;137m▄[38;2;29;30;39m[48;2;54;65;74m▄[38;2;118;117;119m[48;2;82;83;87m▄[38;2;84;85;89m[48;2;116;117;119m▄[38;2;104;104;102m[48;2;79;79;81m▄[38;2;130;131;131m[48;2;142;144;144m▄[38;2;88;88;87m[48;2;47;46;36m▄[38;2;26;28;34m[48;2;39;38;39m▄[38;2;74;74;77m[48;2;60;60;64m▄[38;2;145;144;142m[48;2;158;159;155m▄[38;2;35;37;44m[48;2;95;97;98m▄[38;2;70;72;76m[48;2;45;46;53m▄[38;2;123;125;127m[48;2;151;151;149m▄[38;2;50;52;56m[48;2;93;95;96m▄[38;2;36;50;64m[48;2;11;9;15m▄[38;2;23;65;96m[48;2;24;34;44m▄[38;2;9;62;103m[48;2;56;106;135m▄[38;2;9;64;106m[48;2;46;106;140m▄[38;2;16;59;89m[48;2;49;107;140m▄[38;2;32;56;75m[48;2;50;88;108m▄[38;2;39;62;83m[48;2;129;140;150m▄[38;2;8;14;22m[48;2;88;97;109m▄[38;2;14;23;33m[48;2;19;32;50m▄[38;2;66;92;111m[48;2;31;39;51m▄[38;2;58;84;104m[48;2;80;96;110m▄[38;2;13;24;34m[48;2;54;58;63m▄[38;2;52;66;78m[48;2;96;102;106m▄[38;2;65;84;100m[48;2;35;42;63m▄[38;2;12;17;29m[48;2;97;106;78m▄[38;2;138;137;67m[48;2;183;180;75m▄[38;2;185;178;79m[48;2;174;170;74m▄[38;2;173;167;74m[48;2;173;169;74m▄[38;2;168;163;70m[48;2;170;167;72m▄[38;2;171;167;72m[48;2;167;166;69m▄[38;2;174;167;75m[48;2;169;167;73m▄[38;2;172;165;73m[48;2;168;164;72m▄[38;2;175;168;74m[48;2;168;164;73m▄[38;2;170;164;72m[48;2;169;163;70m▄[38;2;165;160;68m[48;2;166;162;70m▄[38;2;161;156;63m[48;2;162;158;67m▄[38;2;157;154;61m[48;2;162;158;67m▄[38;2;159;157;64m[48;2;158;156;65m▄[38;2;159;155;63m[48;2;155;153;61m▄[38;2;151;150;55m[48;2;153;152;62m▄[38;2;155;152;59m[48;2;152;150;60m▄[38;2;155;150;58m[48;2;150;149;60m▄[38;2;165;161;63m[48;2;161;159;63m▄[0m
[38;2;185;170;78m[48;2;181;159;75m▄[38;2;206;185;90m[48;2;199;176;84m▄[38;2;191;169;81m[48;2;184;164;78m▄[38;2;193;173;86m[48;2;198;176;87m▄[38;2;192;172;85m[48;2;194;173;85m▄[38;2;196;176;86m[48;2;196;175;87m▄[38;2;206;187;92m[48;2;204;182;84m▄[38;2;127;125;107m[48;2;174;166;120m▄[38;2;69;71;78m[48;2;87;95;109m▄[38;2;102;105;107m[48;2;41;44;51m▄[38;2;44;48;54m[48;2;71;69;67m▄[38;2;83;94;83m[48;2;84;97;102m▄[38;2;79;91;92m[48;2;102;121;123m▄[38;2;34;35;42m[48;2;51;54;59m▄[38;2;131;128;128m[48;2;108;108;111m▄[38;2;72;71;76m[48;2;176;176;172m▄[38;2;28;28;36m[48;2;85;88;91m▄[38;2;56;56;59m[48;2;75;77;85m▄[38;2;61;65;70m[48;2;31;32;38m▄[38;2;95;95;94m[48;2;154;155;154m▄[38;2;89;89;91m[48;2;76;76;81m▄[38;2;159;158;156m[48;2;98;98;97m▄[38;2;58;60;67m[48;2;79;82;84m▄[38;2;56;57;63m[48;2;49;51;57m▄[38;2;157;158;159m[48;2;146;145;142m▄[38;2;85;87;91m[48;2;119;120;121m▄[38;2;44;44;51m[48;2;39;39;41m▄[38;2;64;66;63m[48;2;34;61;78m▄[38;2;61;84;98m[48;2;12;70;111m▄[38;2;39;71;89m[48;2;12;65;108m▄[38;2;26;47;60m[48;2;15;59;96m▄[38;2;64;75;84m[48;2;35;58;75m▄[38;2;60;75;87m[48;2;83;113;137m▄[38;2;13;21;30m[48;2;24;37;47m▄[38;2;24;34;44m[48;2;6;7;12m▄[38;2;80;104;120m[48;2;12;18;23m▄[38;2;65;85;100m[48;2;32;51;66m▄[38;2;22;34;46m[48;2;20;30;39m▄[38;2;15;21;29m[48;2;28;42;55m▄[38;2;2;2;3m[48;2;8;11;14m▄[38;2;10;17;24m[48;2;25;38;48m▄[38;2;82;100;113m[48;2;16;28;46m▄[38;2;74;80;90m[48;2;82;82;63m▄[38;2;151;138;78m[48;2;208;194;98m▄[38;2;210;192;102m[48;2;190;178;87m▄[38;2;189;173;86m[48;2;194;180;91m▄[38;2;199;180;97m[48;2;192;178;90m▄[38;2;199;182;101m[48;2;192;177;90m▄[38;2;195;179;98m[48;2;190;176;89m▄[38;2;189;175;91m[48;2;189;176;90m▄[38;2;191;174;92m[48;2;185;174;86m▄[38;2;188;172;92m[48;2;180;169;83m▄[38;2;182;167;86m[48;2;182;170;83m▄[38;2;178;166;81m[48;2;172;163;76m▄[38;2;182;165;85m[48;2;172;162;76m▄[38;2;182;166;85m[48;2;169;160;74m▄[38;2;181;165;84m[48;2;175;163;77m▄[38;2;181;164;86m[48;2;174;163;80m▄[38;2;180;164;86m[48;2;168;158;75m▄[38;2;196;178;94m[48;2;182;171;83m▄[0m
[38;2;76;103;5m[48;2;142;148;43m▄[38;2;119;139;20m[48;2;169;167;53m▄[38;2;89;116;10m[48;2;160;153;53m▄[38;2;77;109;4m[48;2;143;145;45m▄[38;2;119;136;26m[48;2;154;153;51m▄[38;2;136;143;25m[48;2;165;160;56m▄[38;2;97;106;44m[48;2;156;157;64m▄[38;2;67;68;78m[48;2;50;53;53m▄[38;2;38;36;33m[48;2;65;64;65m▄[38;2;77;98;106m[48;2;111;110;110m▄[38;2;71;118;137m[48;2;90;116;127m▄[38;2;55;101;125m[48;2;73;116;124m▄[38;2;60;106;131m[48;2;48;99;125m▄[38;2;64;116;143m[48;2;80;119;136m▄[38;2;61;113;143m[48;2;121;141;147m▄[38;2;57;103;135m[48;2;63;69;75m▄[38;2;85;120;140m[48;2;45;46;51m▄[38;2;89;125;140m[48;2;79;82;79m▄[38;2;56;88;103m[48;2;47;49;46m▄[38;2;41;66;78m[48;2;19;18;17m▄[38;2;95;111;121m[48;2;71;70;73m▄[38;2;119;126;129m[48;2;132;133;136m▄[38;2;42;54;65m[48;2;27;29;39m▄[38;2;23;47;69m[48;2;29;36;45m▄[38;2;35;70;98m[48;2;104;120;132m▄[38;2;15;49;76m[48;2;41;52;62m▄[38;2;16;51;78m[48;2;14;25;38m▄[38;2;16;43;62m[48;2;63;68;70m▄[38;2;41;79;105m[48;2;103;109;109m▄[38;2;21;34;46m[48;2;33;32;31m▄[38;2;26;33;43m[48;2;20;20;24m▄[38;2;107;111;113m[48;2;95;96;97m▄[38;2;49;50;52m[48;2;59;61;62m▄[38;2;13;16;18m[48;2;3;4;7m▄[38;2;36;44;50m[48;2;41;52;63m▄[38;2;13;15;21m[48;2;97;110;120m▄[38;2;55;55;58m[48;2;131;136;140m▄[38;2;145;146;145m[48;2;67;68;72m▄[38;2;56;61;66m[48;2;12;16;23m▄[38;2;91;101;107m[48;2;54;65;73m▄[38;2;66;63;61m[48;2;37;42;50m▄[38;2;2;2;8m[48;2;39;45;52m▄[38;2;76;78;81m[48;2;99;103;109m▄[38;2;150;153;161m[48;2;66;65;58m▄[38;2;118;116;82m[48;2;195;176;95m▄[38;2;194;181;83m[48;2;201;183;95m▄[38;2;167;161;63m[48;2;187;173;84m▄[38;2;171;167;71m[48;2;193;176;92m▄[38;2;190;174;90m[48;2;200;182;103m▄[38;2;164;158;67m[48;2;186;172;86m▄[38;2;187;172;86m[48;2;188;171;88m▄[38;2;188;175;90m[48;2;193;174;95m▄[38;2;183;170;81m[48;2;181;163;84m▄[38;2;177;164;79m[48;2;178;163;82m▄[38;2;155;155;52m[48;2;184;169;92m▄[38;2;179;166;79m[48;2;176;162;82m▄[38;2;181;164;85m[48;2;174;160;78m▄[38;2;168;155;70m[48;2;172;158;79m▄[38;2;177;160;80m[48;2;167;154;74m▄[38;2;192;173;84m[48;2;191;174;90m▄[0m
[38;2;54;80;3m[48;2;60;90;3m▄[38;2;72;107;6m[48;2;86;122;9m▄[38;2;83;111;19m[48;2;95;125;17m▄[38;2;69;99;12m[48;2;69;102;4m▄[38;2;75;108;9m[48;2;76;109;5m▄[38;2;57;86;22m[48;2;91;123;9m▄[38;2;79;83;91m[48;2;61;71;54m▄[38;2;35;38;45m[48;2;47;45;53m▄[38;2;31;56;78m[48;2;56;62;63m▄[38;2;6;50;85m[48;2;40;86;109m▄[38;2;58;109;138m[48;2;49;106;132m▄[38;2;67;111;132m[48;2;56;104;132m▄[38;2;45;93;122m[48;2;67;128;125m▄[38;2;51;94;103m[48;2;60;118;97m▄[38;2;52;99;94m[48;2;57;107;99m▄[38;2;74;120;109m[48;2;63;115;116m▄[38;2;89;118;110m[48;2;91;137;137m▄[38;2;73;104;98m[48;2;75;124;135m▄[38;2;68;97;101m[48;2;54;100;112m▄[38;2;82;102;97m[48;2;49;92;97m▄[38;2;48;99;95m[48;2;30;76;90m▄[38;2;19;54;63m[48;2;20;56;76m▄[38;2;30;55;57m[48;2;17;44;64m▄[38;2;24;65;70m[48;2;21;58;80m▄[38;2;11;56;71m[48;2;15;56;83m▄[38;2;14;51;85m[48;2;11;35;58m▄[38;2;7;41;74m[48;2;13;42;71m▄[38;2;1;41;86m[48;2;19;57;88m▄[38;2;9;42;76m[48;2;23;58;84m▄[38;2;4;25;49m[48;2;14;22;30m▄[38;2;14;18;24m[48;2;15;19;24m▄[38;2;18;29;36m[48;2;46;58;67m▄[38;2;0;0;5m[48;2;16;19;21m▄[38;2;26;37;43m[48;2;29;35;40m▄[38;2;4;10;25m[48;2;14;16;16m▄[38;2;9;10;9m[48;2;15;16;19m▄[38;2;12;13;14m[48;2;31;35;40m▄[38;2;9;15;29m[48;2;128;130;130m▄[38;2;20;37;58m[48;2;63;68;72m▄[38;2;0;8;23m[48;2;39;39;41m▄[38;2;59;72;90m[48;2;133;135;135m▄[38;2;107;114;125m[48;2;85;87;88m▄[38;2;25;26;40m[48;2;46;53;65m▄[38;2;0;0;15m[48;2;103;103;106m▄[38;2;85;87;101m[48;2;98;100;107m▄[38;2;93;105;98m[48;2;90;101;32m▄[38;2;76;103;15m[48;2;126;137;32m▄[38;2;97;127;12m[48;2;110;131;15m▄[38;2;64;99;11m[48;2;129;144;31m▄[38;2;108;133;30m[48;2;150;151;52m▄[38;2;106;127;15m[48;2;135;140;38m▄[38;2;109;129;19m[48;2;143;147;49m▄[38;2;89;107;11m[48;2;140;145;39m▄[38;2;111;126;20m[48;2;138;144;40m▄[38;2;75;97;13m[48;2;83;107;2m▄[38;2;86;104;8m[48;2;102;115;22m▄[38;2;118;135;18m[48;2;167;156;60m▄[38;2;91;113;24m[48;2;151;149;56m▄[38;2;86;112;5m[48;2;148;148;53m▄[38;2;116;140;19m[48;2;149;152;39m▄[0m
[38;2;86;100;8m[48;2;41;61;5m▄[38;2;125;115;17m[48;2;46;73;5m▄[38;2;132;119;13m[48;2;52;81;8m▄[38;2;107;107;17m[48;2;54;79;8m▄[38;2;120;138;28m[48;2;66;97;10m▄[38;2;124;115;36m[48;2;65;93;24m▄[38;2;164;104;47m[48;2;116;106;60m▄[38;2;114;112;26m[48;2;125;113;14m▄[38;2;52;75;60m[48;2;46;65;51m▄[38;2;63;83;59m[48;2;30;56;60m▄[38;2;156;151;35m[48;2;116;127;67m▄[38;2;124;129;44m[48;2;104;112;55m▄[38;2;120;128;51m[48;2;95;107;57m▄[38;2;120;134;89m[48;2;109;112;60m▄[38;2;146;149;93m[48;2;131;125;47m▄[38;2;146;167;129m[48;2;66;91;92m▄[38;2;143;166;93m[48;2;74;84;55m▄[38;2;153;163;86m[48;2;99;98;34m▄[38;2;158;153;75m[48;2;88;102;60m▄[38;2;140;140;51m[48;2;81;103;83m▄[38;2;131;127;36m[48;2;82;103;75m▄[38;2;103;102;32m[48;2;62;75;47m▄[38;2;88;92;36m[48;2;95;94;24m▄[38;2;102;108;40m[48;2;101;99;28m▄[38;2;76;92;55m[48;2;13;49;83m▄[38;2;33;61;66m[48;2;39;72;80m▄[38;2;121;121;33m[48;2;112;112;30m▄[38;2;112;112;34m[48;2;62;78;52m▄[38;2;112;113;36m[48;2;42;62;53m▄[38;2;116;116;32m[48;2;102;100;27m▄[38;2;50;72;65m[48;2;67;85;73m▄[38;2;72;80;44m[48;2;78;85;48m▄[38;2;109;103;24m[48;2;104;95;15m▄[38;2;71;82;52m[48;2;83;82;26m▄[38;2;133;124;22m[48;2;80;73;14m▄[38;2;37;41;26m[48;2;19;20;12m▄[38;2;86;81;14m[48;2;113;103;9m▄[38;2;103;94;11m[48;2;70;68;21m▄[38;2;113;106;21m[48;2;83;89;47m▄[38;2;120;112;26m[48;2;68;67;23m▄[38;2;94;88;20m[48;2;71;65;8m▄[38;2;114;106;13m[48;2;90;90;47m▄[38;2;139;130;35m[48;2;107;101;42m▄[38;2;133;124;43m[48;2;70;66;17m▄[38;2;115;105;11m[48;2;105;100;44m▄[38;2;110;107;24m[48;2;140;132;77m▄[38;2;59;72;41m[48;2;69;83;46m▄[38;2;140;136;17m[48;2;115;125;13m▄[38;2;128;127;19m[48;2;87;95;18m▄[38;2;114;117;18m[48;2;117;123;21m▄[38;2;141;139;15m[48;2;122;130;16m▄[38;2;107;112;13m[48;2;112;121;15m▄[38;2;134;134;15m[48;2;130;128;12m▄[38;2;128;130;22m[48;2;97;108;19m▄[38;2;57;87;8m[48;2;58;79;22m▄[38;2;79;109;2m[48;2;86;107;5m▄[38;2;95;117;12m[48;2;94;118;12m▄[38;2;86;110;27m[48;2;72;97;18m▄[38;2;85;114;4m[48;2;90;112;6m▄[38;2;80;107;6m[48;2;100;124;11m▄[0m
