[38;2;152;159;169m[48;2;136;140;154m▄[38;2;179;187;200m[48;2;150;156;171m▄[38;2;169;177;188m[48;2;144;152;162m▄[38;2;170;176;187m[48;2;141;148;160m▄[38;2;174;182;194m[48;2;135;144;160m▄[38;2;180;188;197m[48;2;150;160;169m▄[38;2;183;189;197m[48;2;164;168;175m▄[38;2;184;190;198m[48;2;162;168;177m▄[38;2;188;194;201m[48;2;158;166;175m▄[38;2;192;197;205m[48;2;162;171;179m▄[38;2;191;197;205m[48;2;166;173;181m▄[38;2;195;201;207m[48;2;171;177;183m▄[38;2;191;195;202m[48;2;168;173;181m▄[38;2;184;190;200m[48;2;156;162;173m▄[38;2;187;195;201m[48;2;156;166;175m▄[38;2;187;195;202m[48;2;154;166;173m▄[38;2;188;197;203m[48;2;156;166;175m▄[38;2;188;197;203m[48;2;156;168;175m▄[38;2;190;198;204m[48;2;160;169;177m▄[38;2;195;201;207m[48;2;164;171;179m▄[38;2;194;199;206m[48;2;164;171;179m▄[38;2;193;199;206m[48;2;164;171;179m▄[38;2;192;197;204m[48;2;164;171;177m▄[38;2;168;174;184m[48;2;142;148;160m▄[38;2;195;201;208m[48;2;169;177;183m▄[38;2;197;203;209m[48;2;171;177;183m▄[38;2;196;202;209m[48;2;169;175;183m▄[38;2;194;201;208m[48;2;168;177;183m▄[38;2;196;202;208m[48;2;169;177;183m▄[38;2;199;204;209m[48;2;177;181;189m▄[38;2;198;204;209m[48;2;177;181;189m▄[38;2;197;203;210m[48;2;177;181;187m▄[38;2;204;211;218m[48;2;181;185;191m▄[38;2;187;193;201m[48;2;160;168;173m▄[38;2;169;175;187m[48;2;141;146;158m▄[38;2;196;204;211m[48;2;171;179;187m▄[38;2;194;201;209m[48;2;168;175;185m▄[38;2;186;195;206m[48;2;166;175;187m▄[38;2;191;202;211m[48;2;177;187;195m▄[38;2;199;209;218m[48;2;187;197;202m▄[38;2;194;204;213m[48;2;181;189;197m▄[38;2;207;215;223m[48;2;185;195;202m▄[38;2;213;218;225m[48;2;195;198;206m▄[38;2;208;216;223m[48;2;193;198;204m▄[38;2;201;211;219m[48;2;189;197;204m▄[38;2;202;210;218m[48;2;189;197;204m▄[38;2;199;208;216m[48;2;171;179;191m▄[38;2;186;195;205m[48;2;169;177;187m▄[38;2;202;212;221m[48;2;189;197;206m▄[38;2;235;239;244m[48;2;218;224;227m▄[38;2;255;255;255m[48;2;243;247;247m▄[38;2;255;255;255m[48;2;239;241;245m▄[38;2;255;255;255m[48;2;241;243;245m▄[38;2;255;255;255m[48;2;241;243;245m▄[38;2;255;255;255m[48;2;243;245;245m▄[38;2;255;255;255m[48;2;245;247;247m▄[38;2;255;255;255m[48;2;245;247;245m▄[38;2;255;255;255m[48;2;243;245;245m▄[38;2;255;255;255m[48;2;245;247;245m▄[38;2;255;255;255m[48;2;254;254;254m▄[0m
[38;2;136;148;150m[48;2;166;176;185m▄[38;2;155;165;170m[48;2;182;191;202m▄[38;2;153;163;169m[48;2;172;180;190m▄[38;2;169;175;185m[48;2;171;177;187m▄[38;2;183;188;198m[48;2;178;185;195m▄[38;2;169;179;187m[48;2;177;183;192m▄[38;2;170;178;188m[48;2;176;182;190m▄[38;2;169;178;187m[48;2;177;184;191m▄[38;2;182;189;196m[48;2;185;190;195m▄[38;2;192;195;202m[48;2;186;191;197m▄[38;2;191;195;202m[48;2;187;192;198m▄[38;2;189;194;201m[48;2;186;193;199m▄[38;2;178;183;190m[48;2;178;184;191m▄[38;2;176;181;189m[48;2;178;183;192m▄[38;2;169;176;184m[48;2;173;180;188m▄[38;2;157;167;174m[48;2;166;174;181m▄[38;2;157;167;174m[48;2;164;172;180m▄[38;2;156;166;173m[48;2;167;174;182m▄[38;2;153;163;170m[48;2;165;173;181m▄[38;2;156;165;173m[48;2;166;173;182m▄[38;2;155;164;172m[48;2;166;173;182m▄[38;2;158;167;175m[48;2;165;173;181m▄[38;2;156;164;172m[48;2;161;169;177m▄[38;2;155;158;167m[48;2;157;161;169m▄[38;2;166;173;181m[48;2;170;178;187m▄[38;2;160;168;176m[48;2;170;177;186m▄[38;2;156;163;172m[48;2;170;177;185m▄[38;2;156;163;171m[48;2;168;175;184m▄[38;2;162;171;177m[48;2;168;175;183m▄[38;2;133;140;151m[48;2;175;181;189m▄[38;2;76;83;105m[48;2;176;182;189m▄[38;2;72;80;99m[48;2;174;181;186m▄[38;2;78;79;78m[48;2;140;142;145m▄[38;2;86;81;69m[48;2;88;85;91m▄[38;2;130;129;128m[48;2;123;124;129m▄[38;2;176;182;192m[48;2;179;187;195m▄[38;2;169;177;185m[48;2;180;186;194m▄[38;2;156;167;177m[48;2;168;176;186m▄[38;2;168;177;186m[48;2;170;179;189m▄[38;2;184;191;198m[48;2;180;190;199m▄[38;2;178;187;196m[48;2;179;190;198m▄[38;2;187;194;201m[48;2;194;201;207m▄[38;2;186;193;201m[48;2;196;201;207m▄[38;2;180;188;198m[48;2;188;196;204m▄[38;2;177;185;195m[48;2;182;191;199m▄[38;2;182;191;199m[48;2;184;193;200m▄[38;2;178;187;195m[48;2;187;196;203m▄[38;2;165;174;184m[48;2;171;180;190m▄[38;2;176;185;194m[48;2;180;189;199m▄[38;2;200;205;209m[48;2;207;212;216m▄[38;2;249;250;248m[48;2;250;250;249m▄[38;2;243;244;243m[48;2;243;245;244m▄[38;2;241;243;242m[48;2;245;246;245m▄[38;2;242;243;242m[48;2;246;246;246m▄[38;2;242;244;243m[48;2;245;245;245m▄[38;2;242;244;243m[48;2;245;246;246m▄[38;2;242;244;243m[48;2;243;245;244m▄[38;2;242;244;243m[48;2;242;244;243m▄[38;2;245;246;245m[48;2;242;243;243m▄[38;2;254;254;254m[48;2;255;255;255m▄[0m
[38;2;157;168;178m[48;2;125;136;142m▄[38;2;170;181;191m[48;2;137;149;154m▄[38;2;158;168;177m[48;2;129;141;147m▄[38;2;162;169;177m[48;2;157;165;176m▄[38;2;177;182;190m[48;2;183;190;199m▄[38;2;165;173;183m[48;2;170;178;188m▄[38;2;155;164;173m[48;2;165;173;183m▄[38;2;160;168;178m[48;2;168;176;186m▄[38;2;186;191;198m[48;2;184;190;196m▄[38;2;195;197;201m[48;2;192;195;200m▄[38;2;195;199;202m[48;2;193;195;200m▄[38;2;192;196;200m[48;2;192;195;201m▄[38;2;178;181;187m[48;2;180;184;190m▄[38;2;166;169;177m[48;2;172;179;186m▄[38;2;163;171;177m[48;2;165;175;181m▄[38;2;158;166;172m[48;2;153;163;169m▄[38;2;159;166;172m[48;2;153;162;168m▄[38;2;156;164;171m[48;2;150;161;167m▄[38;2;160;168;175m[48;2;153;164;170m▄[38;2;162;169;176m[48;2;154;164;170m▄[38;2;154;161;167m[48;2;148;158;164m▄[38;2;157;163;171m[48;2;151;162;168m▄[38;2;155;161;167m[48;2;152;161;167m▄[38;2;149;151;157m[48;2;151;155;163m▄[38;2;165;171;177m[48;2;165;172;180m▄[38;2;158;165;172m[48;2;158;165;170m▄[38;2;154;161;167m[48;2;151;158;164m▄[38;2;158;165;171m[48;2;150;159;164m▄[38;2;142;147;153m[48;2;149;157;163m▄[38;2;29;33;50m[48;2;53;57;76m▄[38;2;39;48;77m[48;2;32;42;72m▄[38;2;43;51;78m[48;2;43;54;86m▄[38;2;27;31;51m[48;2;38;45;68m▄[38;2;44;46;62m[48;2;64;63;72m▄[38;2;116;119;119m[48;2;118;120;123m▄[38;2;175;182;188m[48;2;155;163;169m▄[38;2;178;185;193m[48;2;170;179;186m▄[38;2;161;170;180m[48;2;153;164;173m▄[38;2;170;179;187m[48;2;170;178;186m▄[38;2;175;184;191m[48;2;182;188;195m▄[38;2;174;182;191m[48;2;176;183;192m▄[38;2;184;192;200m[48;2;186;193;200m▄[38;2;188;194;201m[48;2;191;196;202m▄[38;2;180;189;197m[48;2;184;192;199m▄[38;2;167;176;186m[48;2;168;177;186m▄[38;2;174;182;192m[48;2;181;188;197m▄[38;2;176;183;191m[48;2;176;184;191m▄[38;2;169;178;187m[48;2;168;177;187m▄[38;2;179;188;196m[48;2;181;190;197m▄[38;2;195;200;204m[48;2;202;207;212m▄[38;2;224;226;226m[48;2;248;249;251m▄[38;2;220;224;223m[48;2;244;245;246m▄[38;2;221;225;224m[48;2;242;244;246m▄[38;2;222;225;227m[48;2;241;243;245m▄[38;2;225;229;232m[48;2;242;244;245m▄[38;2;224;227;229m[48;2;245;247;247m▄[38;2;227;228;227m[48;2;246;247;246m▄[38;2;229;232;227m[48;2;247;247;247m▄[38;2;222;226;221m[48;2;249;249;250m▄[38;2;247;249;246m[48;2;255;255;255m▄[0m
[38;2;105;114;116m[48;2;146;153;161m▄[38;2;110;121;123m[48;2;147;158;164m▄[38;2;104;115;116m[48;2;142;152;160m▄[38;2;122;129;132m[48;2;151;158;166m▄[38;2;154;157;162m[48;2;170;174;183m▄[38;2;141;148;149m[48;2;158;166;172m▄[38;2;139;149;147m[48;2;158;165;170m▄[38;2;143;152;153m[48;2;165;171;178m▄[38;2;159;162;164m[48;2;183;186;192m▄[38;2;171;172;173m[48;2;194;194;199m▄[38;2;176;178;179m[48;2;196;198;202m▄[38;2;154;162;160m[48;2;165;171;172m▄[38;2;136;144;142m[48;2;150;156;157m▄[38;2;144;148;153m[48;2;160;163;171m▄[38;2;138;146;149m[48;2;162;170;177m▄[38;2;128;135;135m[48;2;155;164;171m▄[38;2;121;128;125m[48;2;149;156;161m▄[38;2;113;119;114m[48;2;146;154;157m▄[38;2;124;128;124m[48;2;147;154;158m▄[38;2;130;134;134m[48;2;150;157;163m▄[38;2;111;116;114m[48;2;148;157;161m▄[38;2;111;117;115m[48;2;151;159;164m▄[38;2;109;114;112m[48;2;146;155;160m▄[38;2;125;129;131m[48;2;147;154;160m▄[38;2;126;131;133m[48;2;158;164;170m▄[38;2;117;122;120m[48;2;145;151;155m▄[38;2;111;115;112m[48;2;144;151;155m▄[38;2;121;125;124m[48;2;156;163;169m▄[38;2;114;119;119m[48;2;146;151;158m▄[38;2;36;40;56m[48;2;33;36;49m▄[38;2;22;25;42m[48;2;28;34;55m▄[38;2;22;24;37m[48;2;39;44;66m▄[38;2;25;26;42m[48;2;34;39;61m▄[38;2;44;46;58m[48;2;64;68;84m▄[38;2;94;92;84m[48;2;137;138;140m▄[38;2;115;114;107m[48;2;180;182;183m▄[38;2;147;151;154m[48;2;174;180;186m▄[38;2;127;130;125m[48;2;148;152;153m▄[38;2;121;130;129m[48;2;162;168;173m▄[38;2;126;139;140m[48;2;167;177;183m▄[38;2;138;150;151m[48;2;166;175;181m▄[38;2;108;96;96m[48;2;167;176;184m▄[38;2;104;102;103m[48;2;162;171;179m▄[38;2;149;161;163m[48;2;166;176;182m▄[38;2;132;142;145m[48;2;149;158;164m▄[38;2;134;142;148m[48;2;151;158;165m▄[38;2;135;143;148m[48;2;160;166;173m▄[38;2;128;135;139m[48;2;146;153;158m▄[38;2;135;144;145m[48;2;166;173;179m▄[38;2;120;125;128m[48;2;149;154;156m▄[38;2;103;103;112m[48;2;136;138;138m▄[38;2;85;89;98m[48;2;146;149;148m▄[38;2;78;81;90m[48;2;160;161;162m▄[38;2;63;65;73m[48;2;177;176;177m▄[38;2;58;61;68m[48;2;173;171;173m▄[38;2;72;77;83m[48;2;136;137;142m▄[38;2;112;116;122m[48;2;161;162;168m▄[38;2;117;119;127m[48;2;169;170;168m▄[38;2;116;117;124m[48;2;143;148;135m▄[38;2;108;111;112m[48;2;146;155;139m▄[0m
[38;2;142;144;140m[48;2;114;123;120m▄[38;2;156;158;154m[48;2;124;134;131m▄[38;2;145;146;142m[48;2;115;124;123m▄[38;2;148;150;148m[48;2;129;135;135m▄[38;2;153;159;158m[48;2;152;156;158m▄[38;2;152;158;156m[48;2;142;150;149m▄[38;2;157;162;159m[48;2;142;151;149m▄[38;2;156;161;160m[48;2;146;153;153m▄[38;2;164;167;165m[48;2;159;163;162m▄[38;2;175;177;173m[48;2;169;170;168m▄[38;2;163;167;163m[48;2;170;172;169m▄[38;2;151;158;155m[48;2;152;159;156m▄[38;2;142;148;146m[48;2;138;147;145m▄[38;2;140;145;144m[48;2;136;141;143m▄[38;2;137;142;138m[48;2;128;134;131m▄[38;2;108;113;107m[48;2;121;128;121m▄[38;2;101;106;102m[48;2;116;122;117m▄[38;2;111;115;110m[48;2;112;119;112m▄[38;2;108;112;107m[48;2;136;139;133m▄[38;2;110;114;109m[48;2;138;142;137m▄[38;2;106;111;104m[48;2;102;107;102m▄[38;2;98;101;94m[48;2;100;105;99m▄[38;2;96;99;92m[48;2;102;107;100m▄[38;2;127;129;124m[48;2;119;123;120m▄[38;2;113;116;111m[48;2;120;125;122m▄[38;2;102;105;99m[48;2;118;123;119m▄[38;2;102;105;99m[48;2;109;114;108m▄[38;2;106;110;103m[48;2;113;118;112m▄[38;2;87;89;85m[48;2;98;101;96m▄[38;2;20;17;22m[48;2;27;28;41m▄[38;2;18;17;20m[48;2;30;35;55m▄[38;2;28;28;30m[48;2;33;37;56m▄[38;2;39;38;41m[48;2;33;36;53m▄[38;2;63;62;62m[48;2;54;56;63m▄[38;2;121;124;121m[48;2;115;118;114m▄[38;2;149;156;151m[48;2;135;143;141m▄[38;2;143;149;146m[48;2;139;146;144m▄[38;2;126;132;127m[48;2;119;127;119m▄[38;2;122;128;123m[48;2;120;129;123m▄[38;2;87;73;70m[48;2;99;100;100m▄[38;2;46;27;31m[48;2;47;40;48m▄[38;2;38;21;30m[48;2;63;44;46m▄[38;2;55;40;48m[48;2;78;63;69m▄[38;2;118;112;112m[48;2;132;139;143m▄[38;2;145;158;152m[48;2;135;146;145m▄[38;2;139;150;146m[48;2;136;144;147m▄[38;2;143;153;149m[48;2;138;146;146m▄[38;2;138;146;141m[48;2;133;141;140m▄[38;2;148;156;149m[48;2;142;151;149m▄[38;2;135;140;134m[48;2;105;113;112m▄[38;2;150;149;145m[48;2;103;105;101m▄[38;2;150;148;143m[48;2;113;110;105m▄[38;2;138;140;137m[48;2;81;85;87m▄[38;2;148;152;154m[48;2;88;92;97m▄[38;2;156;155;152m[48;2;88;92;94m▄[38;2;141;138;138m[48;2;84;84;87m▄[38;2;131;120;124m[48;2;75;63;70m▄[38;2;136;133;133m[48;2;57;58;63m▄[38;2;131;131;133m[48;2;58;64;68m▄[38;2;153;155;157m[48;2;135;138;137m▄[0m
[38;2;172;170;172m[48;2;153;155;153m▄[38;2;183;183;185m[48;2;167;168;167m▄[38;2;167;167;169m[48;2;156;157;156m▄[38;2;165;164;167m[48;2;152;152;154m▄[38;2;163;163;167m[48;2;151;152;158m▄[38;2;166;166;171m[48;2;150;153;157m▄[38;2;164;165;169m[48;2;149;154;158m▄[38;2;166;168;171m[48;2;153;158;161m▄[38;2;171;171;175m[48;2;167;169;173m▄[38;2;173;172;177m[48;2;179;180;181m▄[38;2;168;169;172m[48;2;159;164;163m▄[38;2;163;167;168m[48;2;154;161;160m▄[38;2;161;161;165m[48;2;149;152;154m▄[38;2;156;155;158m[48;2;136;139;142m▄[38;2;160;161;162m[48;2;139;144;144m▄[38;2;156;156;157m[48;2;110;113;112m▄[38;2;153;153;154m[48;2;108;110;111m▄[38;2;150;150;152m[48;2;110;111;114m▄[38;2;145;146;148m[48;2;106;109;111m▄[38;2;144;146;146m[48;2;116;119;119m▄[38;2;147;148;149m[48;2;120;122;121m▄[38;2;142;143;143m[48;2;115;116;116m▄[38;2;144;145;145m[48;2;117;119;117m▄[38;2;146;144;145m[48;2;135;136;135m▄[38;2;144;143;144m[48;2;126;128;127m▄[38;2;141;141;142m[48;2;117;119;117m▄[38;2;144;143;144m[48;2;119;121;119m▄[38;2;139;139;139m[48;2;112;115;113m▄[38;2;153;153;152m[48;2;118;120;119m▄[38;2;80;81;82m[48;2;74;72;74m▄[38;2;17;17;20m[48;2;17;17;19m▄[38;2;28;28;30m[48;2;30;30;32m▄[38;2;44;41;43m[48;2;34;32;35m▄[38;2;101;92;91m[48;2;76;74;76m▄[38;2;97;88;86m[48;2;127;128;128m▄[38;2;101;93;91m[48;2;144;150;150m▄[38;2;105;97;95m[48;2;140;147;147m▄[38;2;106;97;94m[48;2;142;146;145m▄[38;2;101;93;92m[48;2;143;151;150m▄[38;2;41;43;49m[48;2;89;92;94m▄[38;2;52;51;55m[48;2;34;26;31m▄[38;2;68;63;64m[48;2;21;14;21m▄[38;2;26;29;35m[48;2;66;69;75m▄[38;2;66;61;67m[48;2;120;109;107m▄[38;2;111;100;100m[48;2;133;137;136m▄[38;2;100;92;91m[48;2;130;139;139m▄[38;2;109;99;99m[48;2;135;140;139m▄[38;2;107;102;104m[48;2;133;141;139m▄[38;2;137;141;145m[48;2;132;142;140m▄[38;2;137;137;138m[48;2;133;138;136m▄[38;2;151;143;140m[48;2;182;179;179m▄[38;2;164;159;158m[48;2;184;180;178m▄[38;2;154;149;151m[48;2;157;153;156m▄[38;2;127;130;136m[48;2;125;131;136m▄[38;2;182;180;181m[48;2;162;160;151m▄[38;2;177;175;176m[48;2;154;153;140m▄[38;2;175;173;173m[48;2;149;153;136m▄[38;2;171;171;166m[48;2;142;147;126m▄[38;2;166;167;160m[48;2;134;140;117m▄[38;2;173;174;164m[48;2;134;142;116m▄[0m
[38;2;146;144;146m[48;2;181;181;187m▄[38;2;160;157;160m[48;2;197;195;203m▄[38;2;148;145;148m[48;2;185;183;190m▄[38;2;150;146;149m[48;2;187;186;192m▄[38;2;147;142;146m[48;2;186;185;191m▄[38;2;148;144;148m[48;2;182;180;186m▄[38;2;148;143;147m[48;2;186;184;191m▄[38;2;150;146;150m[48;2;185;184;190m▄[38;2;150;148;152m[48;2;184;183;189m▄[38;2;150;149;153m[48;2;185;183;189m▄[38;2;150;148;152m[48;2;187;185;191m▄[38;2;146;143;146m[48;2;189;186;191m▄[38;2;146;143;146m[48;2;188;185;191m▄[38;2;147;146;149m[48;2;188;186;191m▄[38;2;149;147;151m[48;2;188;186;192m▄[38;2;147;145;149m[48;2;187;185;190m▄[38;2;146;144;146m[48;2;183;181;186m▄[38;2;143;142;144m[48;2;184;182;187m▄[38;2;139;136;138m[48;2;182;179;183m▄[38;2;136;134;137m[48;2;178;176;181m▄[38;2;139;137;140m[48;2;178;176;181m▄[38;2;133;131;134m[48;2;176;173;178m▄[38;2;132;131;133m[48;2;175;172;178m▄[38;2;127;126;127m[48;2;170;167;172m▄[38;2;127;125;127m[48;2;170;166;172m▄[38;2;125;124;125m[48;2;172;169;174m▄[38;2;121;120;122m[48;2;170;167;171m▄[38;2;118;117;120m[48;2;166;162;167m▄[38;2;120;120;123m[48;2;171;168;172m▄[38;2;61;60;60m[48;2;62;60;63m▄[38;2;27;25;22m[48;2;8;7;11m▄[38;2;43;42;39m[48;2;13;12;16m▄[38;2;93;91;83m[48;2;79;76;79m▄[38;2;108;105;102m[48;2;141;137;137m▄[38;2;105;104;107m[48;2;133;130;133m▄[38;2;108;108;111m[48;2;135;134;136m▄[38;2;108;109;112m[48;2;134;134;136m▄[38;2;113;113;118m[48;2;139;138;142m▄[38;2;97;97;101m[48;2;113;113;117m▄[38;2;85;85;89m[48;2;42;43;51m▄[38;2;110;112;115m[48;2;122;123;129m▄[38;2;110;110;113m[48;2;137;137;141m▄[38;2;89;89;93m[48;2;56;56;61m▄[38;2;102;103;107m[48;2;91;93;98m▄[38;2;116;117;121m[48;2;128;129;132m▄[38;2;116;117;121m[48;2;114;116;121m▄[38;2;116;117;122m[48;2;127;130;138m▄[38;2;115;116;122m[48;2;108;109;117m▄[38;2;138;139;144m[48;2;164;163;170m▄[38;2;145;147;151m[48;2;158;155;158m▄[38;2;149;149;152m[48;2;112;105;102m▄[38;2;152;151;154m[48;2;134;131;132m▄[38;2;154;154;157m[48;2;137;133;135m▄[38;2;156;156;158m[48;2;141;140;144m▄[38;2;154;154;156m[48;2;145;143;146m▄[38;2;152;152;154m[48;2;145;143;146m▄[38;2;150;150;151m[48;2;145;143;147m▄[38;2;148;147;148m[48;2;149;147;150m▄[38;2;148;148;148m[48;2;150;147;151m▄[38;2;159;158;159m[48;2;162;158;163m▄[0m
[38;2;150;155;157m[48;2;103;95;91m▄[38;2;163;169;172m[48;2;111;104;100m▄[38;2;154;159;163m[48;2;109;103;100m▄[38;2;155;161;164m[48;2;111;104;101m▄[38;2;157;162;164m[48;2;109;103;99m▄[38;2;157;162;165m[48;2;114;107;104m▄[38;2;156;161;164m[48;2;107;100;97m▄[38;2;157;162;164m[48;2;108;101;97m▄[38;2;160;164;165m[48;2;113;107;103m▄[38;2;162;164;165m[48;2;112;107;103m▄[38;2;159;162;163m[48;2;111;105;102m▄[38;2;158;161;163m[48;2;109;104;101m▄[38;2;159;161;164m[48;2;108;102;99m▄[38;2;159;161;164m[48;2;105;99;96m▄[38;2;158;161;163m[48;2;102;97;94m▄[38;2;157;159;163m[48;2;104;97;96m▄[38;2;155;158;162m[48;2;105;100;98m▄[38;2;154;156;160m[48;2;100;94;91m▄[38;2;150;154;158m[48;2;94;90;87m▄[38;2;145;150;154m[48;2;93;88;86m▄[38;2;142;148;152m[48;2;90;86;85m▄[38;2;148;154;160m[48;2;87;85;84m▄[38;2;152;158;164m[48;2;87;84;83m▄[38;2;134;138;144m[48;2;90;88;87m▄[38;2;122;125;130m[48;2;94;93;91m▄[38;2;114;118;123m[48;2;95;94;92m▄[38;2;119;122;129m[48;2;91;89;90m▄[38;2;147;151;158m[48;2;85;82;83m▄[38;2;163;168;173m[48;2;78;76;76m▄[38;2;155;160;164m[48;2;74;72;71m▄[38;2;152;157;162m[48;2;77;74;69m▄[38;2;155;160;166m[48;2;88;86;78m▄[38;2;157;162;167m[48;2;93;91;83m▄[38;2;158;161;164m[48;2;91;88;82m▄[38;2;157;160;163m[48;2;92;91;88m▄[38;2;158;161;165m[48;2;95;93;92m▄[38;2;158;162;166m[48;2;95;94;94m▄[38;2;157;162;165m[48;2;92;92;91m▄[38;2;158;162;166m[48;2;94;94;94m▄[38;2;161;164;167m[48;2;98;98;98m▄[38;2;162;164;168m[48;2;94;93;94m▄[38;2;162;164;168m[48;2;98;97;98m▄[38;2;162;164;168m[48;2;103;102;104m▄[38;2;161;164;167m[48;2;101;100;102m▄[38;2;164;166;170m[48;2;102;102;102m▄[38;2;158;159;163m[48;2;104;105;104m▄[38;2;104;106;107m[48;2;111;111;112m▄[38;2;74;76;78m[48;2;123;123;125m▄[38;2;82;83;86m[48;2;123;124;126m▄[38;2;90;91;94m[48;2;126;127;127m▄[38;2;88;88;92m[48;2;130;130;130m▄[38;2;88;89;92m[48;2;130;130;131m▄[38;2;90;92;95m[48;2;133;133;134m▄[38;2;90;92;95m[48;2;134;133;135m▄[38;2;90;92;95m[48;2;134;133;135m▄[38;2;88;89;93m[48;2;137;135;138m▄[38;2;80;79;82m[48;2;137;136;137m▄[38;2;67;70;68m[48;2;128;126;124m▄[38;2;78;82;79m[48;2;121;119;116m▄[38;2;72;75;71m[48;2;129;129;123m▄[0m
[38;2;196;213;221m[48;2;204;223;232m▄[38;2;212;231;239m[48;2;221;241;251m▄[38;2;199;216;224m[48;2;206;226;234m▄[38;2;202;216;225m[48;2;208;226;236m▄[38;2;203;218;227m[48;2;213;228;237m▄[38;2;207;221;228m[48;2;216;230;238m▄[38;2;211;223;231m[48;2;218;232;241m▄[38;2;213;223;232m[48;2;221;233;242m▄[38;2;212;223;231m[48;2;221;234;241m▄[38;2;214;224;231m[48;2;224;236;242m▄[38;2;215;224;232m[48;2;225;236;244m▄[38;2;213;223;231m[48;2;225;236;243m▄[38;2;210;222;230m[48;2;222;234;242m▄[38;2;212;222;231m[48;2;221;233;243m▄[38;2;211;221;230m[48;2;223;233;243m▄[38;2;209;219;228m[48;2;223;234;242m▄[38;2;209;219;229m[48;2;220;231;241m▄[38;2;208;218;228m[48;2;217;228;239m▄[38;2;206;216;226m[48;2;213;225;237m▄[38;2;208;218;228m[48;2;211;224;236m▄[38;2;202;212;222m[48;2;216;231;244m▄[38;2;85;86;93m[48;2;197;210;223m▄[38;2;66;62;55m[48;2;102;107;117m▄[38;2;124;120;101m[48;2;71;72;75m▄[38;2;118;116;98m[48;2;61;61;63m▄[38;2;115;113;95m[48;2;53;52;55m▄[38;2;109;106;87m[48;2;57;57;59m▄[38;2;87;84;66m[48;2;73;75;81m▄[38;2;52;51;50m[48;2;156;164;174m▄[38;2;163;169;180m[48;2;234;245;255m▄[38;2;224;235;244m[48;2;225;236;246m▄[38;2;215;225;234m[48;2;225;236;246m▄[38;2;216;226;234m[48;2;227;237;245m▄[38;2;217;226;233m[48;2;227;237;245m▄[38;2;217;226;233m[48;2;227;237;245m▄[38;2;218;227;234m[48;2;227;237;244m▄[38;2;219;226;234m[48;2;227;237;244m▄[38;2;220;226;234m[48;2;227;237;244m▄[38;2;222;227;233m[48;2;229;237;245m▄[38;2;222;227;233m[48;2;232;238;244m▄[38;2;222;227;233m[48;2;232;238;244m▄[38;2;222;227;233m[48;2;232;238;244m▄[38;2;222;227;233m[48;2;232;238;244m▄[38;2;222;227;233m[48;2;232;238;244m▄[38;2;223;226;233m[48;2;232;238;244m▄[38;2;222;225;232m[48;2;233;237;244m▄[38;2;226;229;236m[48;2;214;219;225m▄[38;2;235;238;245m[48;2;153;155;161m▄[38;2;216;219;226m[48;2;83;86;92m▄[38;2;151;154;160m[48;2;57;60;66m▄[38;2;83;85;90m[48;2;62;66;72m▄[38;2;58;61;66m[48;2;67;70;77m▄[38;2;65;69;74m[48;2;65;68;74m▄[38;2;69;72;77m[48;2;64;68;73m▄[38;2;69;72;77m[48;2;64;67;72m▄[38;2;67;70;75m[48;2;62;66;71m▄[38;2;67;70;75m[48;2;62;65;71m▄[38;2;67;70;75m[48;2;63;66;72m▄[38;2;65;68;73m[48;2;67;71;77m▄[38;2;79;83;88m[48;2;81;85;90m▄[0m
[38;2;198;213;223m[48;2;196;213;221m▄[38;2;213;230;239m[48;2;211;230;238m▄[38;2;198;214;222m[48;2;198;215;223m▄[38;2;201;216;225m[48;2;200;217;225m▄[38;2;203;217;226m[48;2;203;217;226m▄[38;2;206;218;227m[48;2;205;219;227m▄[38;2;208;221;228m[48;2;207;221;228m▄[38;2;209;221;229m[48;2;207;221;229m▄[38;2;209;220;229m[48;2;207;221;229m▄[38;2;210;220;229m[48;2;210;222;230m▄[38;2;212;222;231m[48;2;214;223;231m▄[38;2;214;223;230m[48;2;212;223;231m▄[38;2;213;222;230m[48;2;212;222;230m▄[38;2;212;221;230m[48;2;212;221;230m▄[38;2;209;219;228m[48;2;209;219;229m▄[38;2;209;219;228m[48;2;207;217;227m▄[38;2;208;217;227m[48;2;207;217;227m▄[38;2;207;216;226m[48;2;208;218;227m▄[38;2;208;217;228m[48;2;207;217;227m▄[38;2;216;226;237m[48;2;215;226;236m▄[38;2;167;172;180m[48;2;167;174;184m▄[38;2;113;110;104m[48;2;68;66;67m▄[38;2;114;111;97m[48;2;106;104;90m▄[38;2;73;68;57m[48;2;80;78;67m▄[38;2;65;61;51m[48;2;76;75;65m▄[38;2;88;83;68m[48;2;104;101;85m▄[38;2;65;61;50m[48;2;74;73;63m▄[38;2;73;68;58m[48;2;62;60;52m▄[38;2;70;68;55m[48;2;54;52;47m▄[38;2;128;129;130m[48;2;123;127;135m▄[38;2;220;229;237m[48;2;228;238;247m▄[38;2;218;228;235m[48;2;217;226;233m▄[38;2;219;228;235m[48;2;218;226;234m▄[38;2;222;228;236m[48;2;219;227;234m▄[38;2;223;228;235m[48;2;219;228;235m▄[38;2;222;228;234m[48;2;220;227;235m▄[38;2;222;228;234m[48;2;221;227;235m▄[38;2;223;228;234m[48;2;223;227;233m▄[38;2;223;228;234m[48;2;222;227;233m▄[38;2;222;227;233m[48;2;222;227;233m▄[38;2;221;226;232m[48;2;222;227;233m▄[38;2;220;226;232m[48;2;222;227;233m▄[38;2;223;226;233m[48;2;222;226;233m▄[38;2;223;226;233m[48;2;222;226;233m▄[38;2;223;226;233m[48;2;223;226;233m▄[38;2;223;226;233m[48;2;223;226;233m▄[38;2;223;226;233m[48;2;223;226;233m▄[38;2;223;226;232m[48;2;222;226;233m▄[38;2;224;227;232m[48;2;227;230;236m▄[38;2;223;227;231m[48;2;236;239;245m▄[38;2;229;232;237m[48;2;218;219;224m▄[38;2;241;242;247m[48;2;152;153;158m▄[38;2;221;222;227m[48;2;83;85;90m▄[38;2;155;156;160m[48;2;58;62;67m▄[38;2;84;86;91m[48;2;66;70;75m▄[38;2;58;61;66m[48;2;71;74;79m▄[38;2;66;69;74m[48;2;69;72;77m▄[38;2;68;71;76m[48;2;67;70;75m▄[38;2;65;68;73m[48;2;67;70;75m▄[38;2;69;72;78m[48;2;69;72;77m▄[0m
[38;2;200;211;221m[48;2;202;213;223m▄[38;2;216;228;239m[48;2;216;230;240m▄[38;2;199;212;221m[48;2;199;214;222m▄[38;2;199;212;223m[48;2;201;215;224m▄[38;2;198;213;223m[48;2;204;217;225m▄[38;2;200;215;224m[48;2;207;218;227m▄[38;2;204;215;225m[48;2;209;219;228m▄[38;2;206;215;226m[48;2;209;219;228m▄[38;2;205;215;226m[48;2;209;219;228m▄[38;2;205;215;225m[48;2;207;217;227m▄[38;2;205;215;225m[48;2;207;217;227m▄[38;2;208;217;226m[48;2;211;221;230m▄[38;2;212;221;230m[48;2;212;221;230m▄[38;2;212;221;231m[48;2;209;219;228m▄[38;2;212;221;230m[48;2;209;219;228m▄[38;2;213;222;231m[48;2;209;219;228m▄[38;2;214;223;232m[48;2;210;220;229m▄[38;2;213;223;232m[48;2;209;219;228m▄[38;2;212;222;231m[48;2;208;218;228m▄[38;2;212;222;231m[48;2;216;227;238m▄[38;2;218;229;238m[48;2;166;171;176m▄[38;2;168;173;175m[48;2;107;102;92m▄[38;2;86;85;74m[48;2;111;109;94m▄[38;2;84;84;69m[48;2;87;83;67m▄[38;2;91;89;73m[48;2;88;83;69m▄[38;2;85;79;68m[48;2;76;68;59m▄[38;2;69;65;55m[48;2;70;65;56m▄[38;2;62;62;51m[48;2;80;77;63m▄[38;2;51;50;44m[48;2;72;70;57m▄[38;2;159;163;168m[48;2;110;110;107m▄[38;2;190;199;207m[48;2;229;238;246m▄[38;2;162;170;178m[48;2;232;241;248m▄[38;2;219;225;233m[48;2;224;230;238m▄[38;2;243;247;253m[48;2;223;228;234m▄[38;2;240;243;249m[48;2;226;229;236m▄[38;2;241;244;250m[48;2;225;228;235m▄[38;2;231;234;241m[48;2;224;228;235m▄[38;2;225;227;234m[48;2;224;229;235m▄[38;2;225;227;234m[48;2;223;227;234m▄[38;2;223;227;233m[48;2;223;227;233m▄[38;2;223;228;234m[48;2;222;227;233m▄[38;2;223;226;233m[48;2;222;226;232m▄[38;2;223;225;233m[48;2;223;226;233m▄[38;2;222;225;232m[48;2;223;226;233m▄[38;2;224;227;234m[48;2;223;226;233m▄[38;2;224;227;234m[48;2;223;226;233m▄[38;2;223;226;232m[48;2;223;226;233m▄[38;2;226;228;233m[48;2;224;227;233m▄[38;2;227;229;234m[48;2;225;228;233m▄[38;2;229;230;235m[48;2;225;228;233m▄[38;2;231;231;237m[48;2;227;229;234m▄[38;2;234;235;239m[48;2;229;230;235m▄[38;2;238;239;240m[48;2;238;239;243m▄[38;2;239;239;241m[48;2;250;251;254m▄[38;2;243;243;245m[48;2;224;224;228m▄[38;2;252;252;253m[48;2;151;151;156m▄[38;2;224;223;226m[48;2;78;81;85m▄[38;2;146;146;150m[48;2;55;58;64m▄[38;2;73;74;80m[48;2;63;66;71m▄[38;2;56;59;65m[48;2;69;72;78m▄[0m
[38;2;202;208;221m[48;2;198;208;221m▄[38;2;217;224;238m[48;2;212;225;238m▄[38;2;199;207;220m[48;2;196;209;221m▄[38;2;198;209;220m[48;2;196;210;221m▄[38;2;199;210;222m[48;2;196;210;221m▄[38;2;200;210;222m[48;2;197;211;222m▄[38;2;201;211;223m[48;2;198;211;223m▄[38;2;201;212;223m[48;2;202;212;224m▄[38;2;203;213;224m[48;2;204;214;224m▄[38;2;207;216;226m[48;2;204;214;224m▄[38;2;209;218;228m[48;2;204;214;224m▄[38;2;210;219;228m[48;2;204;214;224m▄[38;2;209;219;228m[48;2;206;216;225m▄[38;2;210;219;229m[48;2;211;220;229m▄[38;2;213;222;231m[48;2;214;223;231m▄[38;2;215;224;231m[48;2;216;225;232m▄[38;2;219;225;232m[48;2;215;224;231m▄[38;2;220;227;234m[48;2;213;223;231m▄[38;2;223;231;238m[48;2;213;223;232m▄[38;2;231;241;248m[48;2;212;222;231m▄[38;2;208;219;231m[48;2;222;233;242m▄[38;2;126;134;148m[48;2;223;233;240m▄[38;2;95;97;89m[48;2;94;96;90m▄[38;2;82;82;67m[48;2;65;64;56m▄[38;2;44;43;35m[48;2;70;69;60m▄[38;2;24;22;22m[48;2;65;63;54m▄[38;2;22;21;23m[48;2;54;52;46m▄[38;2;28;26;28m[48;2;38;37;35m▄[38;2;33;31;31m[48;2;45;44;39m▄[38;2;22;23;28m[48;2;61;62;60m▄[38;2;25;26;36m[48;2;33;38;50m▄[38;2;25;26;34m[48;2;31;37;53m▄[38;2;16;16;25m[48;2;93;97;109m▄[38;2;20;25;39m[48;2;133;138;149m▄[38;2;22;28;43m[48;2;113;117;130m▄[38;2;25;31;50m[48;2;126;130;142m▄[38;2;61;70;89m[48;2;203;207;215m▄[38;2;96;105;123m[48;2;237;239;246m▄[38;2;106;113;131m[48;2;235;238;244m▄[38;2;127;134;149m[48;2;238;241;247m▄[38;2;169;176;188m[48;2;233;237;242m▄[38;2;223;228;235m[48;2;223;227;234m▄[38;2;239;244;250m[48;2;220;224;231m▄[38;2;195;196;196m[48;2;226;229;237m▄[38;2;127;128;114m[48;2;221;224;232m▄[38;2;114;117;106m[48;2;224;227;235m▄[38;2;149;152;151m[48;2;237;240;246m▄[38;2;182;184;181m[48;2;238;239;245m▄[38;2;182;183;179m[48;2;240;241;247m▄[38;2;233;234;240m[48;2;233;233;239m▄[38;2;245;246;253m[48;2;232;233;237m▄[38;2;239;240;244m[48;2;236;237;240m▄[38;2;235;236;239m[48;2;238;238;240m▄[38;2;238;238;240m[48;2;238;238;240m▄[38;2;239;239;241m[48;2;236;237;239m▄[38;2;240;240;242m[48;2;237;237;239m▄[38;2;243;243;245m[48;2;246;247;248m▄[38;2;243;243;245m[48;2;255;255;255m▄[38;2;249;249;250m[48;2;223;221;225m▄[38;2;255;255;255m[48;2;143;142;147m▄[0m
[38;2;196;198;204m[48;2;204;211;221m▄[38;2;214;216;223m[48;2;221;227;240m▄[38;2;198;200;207m[48;2;206;212;224m▄[38;2;198;201;208m[48;2;207;215;225m▄[38;2;208;210;218m[48;2;210;218;228m▄[38;2;206;208;215m[48;2;212;218;229m▄[38;2;206;208;215m[48;2;213;220;230m▄[38;2;215;219;227m[48;2;213;221;231m▄[38;2;217;221;228m[48;2;212;220;230m▄[38;2;223;227;235m[48;2;211;219;228m▄[38;2;222;227;234m[48;2;214;221;231m▄[38;2;220;225;231m[48;2;215;222;231m▄[38;2;220;226;232m[48;2;213;223;231m▄[38;2;222;227;233m[48;2;214;223;231m▄[38;2;237;241;246m[48;2;216;223;230m▄[38;2;220;223;232m[48;2;222;228;234m▄[38;2;149;154;164m[48;2;232;237;243m▄[38;2;95;98;110m[48;2;225;231;237m▄[38;2;63;67;78m[48;2;202;206;213m▄[38;2;39;42;48m[48;2;155;160;168m▄[38;2;38;38;40m[48;2;71;76;86m▄[38;2;29;29;32m[48;2;16;16;23m▄[38;2;21;23;36m[48;2;53;51;50m▄[38;2;18;21;34m[48;2;43;44;43m▄[38;2;21;22;33m[48;2;22;22;25m▄[38;2;29;33;44m[48;2;18;18;23m▄[38;2;31;35;47m[48;2;18;18;25m▄[38;2;31;35;48m[48;2;17;18;26m▄[38;2;33;37;50m[48;2;16;18;27m▄[38;2;35;38;52m[48;2;19;21;30m▄[38;2;35;39;53m[48;2;23;25;36m▄[38;2;29;33;46m[48;2;27;30;42m▄[38;2;32;36;48m[48;2;33;36;50m▄[38;2;22;24;35m[48;2;26;30;40m▄[38;2;28;31;42m[48;2;32;35;46m▄[38;2;28;32;42m[48;2;39;43;57m▄[38;2;29;33;44m[48;2;34;38;54m▄[38;2;29;33;44m[48;2;28;34;53m▄[38;2;33;38;53m[48;2;27;36;57m▄[38;2;32;37;56m[48;2;26;36;58m▄[38;2;23;29;50m[48;2;24;30;49m▄[38;2;14;23;42m[48;2;69;76;93m▄[38;2;73;78;77m[48;2;165;171;182m▄[38;2;86;83;68m[48;2;140;139;126m▄[38;2;51;49;42m[48;2;103;105;85m▄[38;2;52;52;43m[48;2;54;55;44m▄[38;2;97;98;80m[48;2;49;50;39m▄[38;2;93;94;75m[48;2;97;98;77m▄[38;2;59;60;48m[48;2;76;77;59m▄[38;2;80;82;65m[48;2;118;120;114m▄[38;2;77;79;59m[48;2;193;195;192m▄[38;2;123;125;120m[48;2;226;227;230m▄[38;2;249;249;255m[48;2;240;241;246m▄[38;2;250;250;253m[48;2;238;239;241m▄[38;2;242;242;243m[48;2;242;241;243m▄[38;2;242;242;244m[48;2;242;242;244m▄[38;2;242;242;244m[48;2;242;242;244m▄[38;2;242;242;242m[48;2;243;243;243m▄[38;2;242;242;242m[48;2;242;242;242m▄[38;2;255;255;255m[48;2;255;255;255m▄[0m
[38;2;170;172;176m[48;2;196;198;204m▄[38;2;182;184;189m[48;2;208;210;216m▄[38;2;176;177;184m[48;2;194;194;200m▄[38;2;139;141;138m[48;2;191;191;199m▄[38;2;65;63;47m[48;2;161;160;158m▄[38;2;140;135;134m[48;2;190;188;191m▄[38;2;130;130;118m[48;2;183;185;188m▄[38;2;80;78;62m[48;2;143;143;138m▄[38;2;105;101;92m[48;2;167;166;168m▄[38;2;99;98;90m[48;2;195;196;203m▄[38;2;139;139;140m[48;2;221;225;232m▄[38;2;191;195;201m[48;2;228;233;240m▄[38;2;232;238;247m[48;2;223;228;234m▄[38;2;138;146;159m[48;2;236;240;246m▄[38;2;53;62;79m[48;2;167;172;184m▄[38;2;57;66;84m[48;2;103;111;128m▄[38;2;49;54;68m[48;2;58;61;72m▄[38;2;45;40;42m[48;2;47;39;43m▄[38;2;48;41;42m[48;2;43;41;48m▄[38;2;39;37;44m[48;2;33;38;49m▄[38;2;25;28;38m[48;2;27;28;37m▄[38;2;37;42;54m[48;2;31;34;45m▄[38;2;32;33;40m[48;2;33;38;50m▄[38;2;32;35;46m[48;2;29;30;38m▄[38;2;32;37;49m[48;2;34;39;51m▄[38;2;32;37;50m[48;2;35;40;53m▄[38;2;35;39;51m[48;2;34;37;51m▄[38;2;36;40;52m[48;2;36;40;53m▄[38;2;32;37;48m[48;2;36;41;53m▄[38;2;22;27;36m[48;2;33;38;50m▄[38;2;24;26;35m[48;2;24;27;37m▄[38;2;37;42;54m[48;2;31;35;46m▄[38;2;27;29;39m[48;2;32;36;47m▄[38;2;17;17;24m[48;2;19;21;28m▄[38;2;17;18;25m[48;2;19;22;30m▄[38;2;26;28;38m[48;2;25;27;39m▄[38;2;29;31;42m[48;2;33;36;49m▄[38;2;30;32;44m[48;2;33;37;49m▄[38;2;22;25;40m[48;2;29;32;44m▄[38;2;77;78;72m[48;2;33;37;50m▄[38;2;147;136;96m[48;2;69;73;76m▄[38;2;130;105;62m[48;2;110;101;85m▄[38;2;104;88;50m[48;2;123;112;85m▄[38;2;98;80;39m[48;2;107;90;55m▄[38;2;67;55;31m[48;2;69;59;32m▄[38;2;72;70;59m[48;2;87;88;71m▄[38;2;76;77;63m[48;2;100;101;82m▄[38;2;59;58;45m[48;2;65;66;52m▄[38;2;61;61;48m[48;2;76;78;64m▄[38;2;42;41;34m[48;2;82;82;65m▄[38;2;38;37;32m[48;2;50;50;41m▄[38;2;47;47;37m[48;2;61;62;50m▄[38;2;74;75;59m[48;2;137;138;126m▄[38;2;91;92;84m[48;2;204;204;202m▄[38;2;227;228;231m[48;2;243;243;246m▄[38;2;245;245;247m[48;2;242;242;244m▄[38;2;240;240;242m[48;2;242;242;243m▄[38;2;240;240;242m[48;2;242;242;242m▄[38;2;241;242;242m[48;2;242;242;242m▄[38;2;255;255;255m[48;2;255;255;255m▄[0m
[38;2;138;140;147m[48;2;148;148;153m▄[38;2;161;164;172m[48;2;167;167;173m▄[38;2;142;146;151m[48;2;151;153;158m▄[38;2;84;85;76m[48;2;81;81;66m▄[38;2;50;49;36m[48;2;50;49;37m▄[38;2;63;62;47m[48;2;92;87;79m▄[38;2;61;61;47m[48;2;88;87;67m▄[38;2;50;47;39m[48;2;51;49;42m▄[38;2;82;79;61m[48;2;88;85;70m▄[38;2;50;48;39m[48;2;58;56;43m▄[38;2;61;58;42m[48;2;55;52;36m▄[38;2;104;101;96m[48;2;118;115;114m▄[38;2;141;142;148m[48;2;175;179;189m▄[38;2;129;132;140m[48;2;52;60;74m▄[38;2;90;97;110m[48;2;47;54;68m▄[38;2;29;34;47m[48;2;46;52;68m▄[38;2;32;35;47m[48;2;36;41;54m▄[38;2;39;41;52m[48;2;53;52;58m▄[38;2;39;35;39m[48;2;55;49;50m▄[38;2;38;33;33m[48;2;46;41;44m▄[38;2;38;34;39m[48;2;30;32;40m▄[38;2;28;29;35m[48;2;30;34;43m▄[38;2;26;28;35m[48;2;27;27;34m▄[38;2;27;30;40m[48;2;28;31;42m▄[38;2;26;29;39m[48;2;24;27;36m▄[38;2;28;31;41m[48;2;27;31;41m▄[38;2;33;36;49m[48;2;34;38;50m▄[38;2;31;34;47m[48;2;32;36;48m▄[38;2;25;27;38m[48;2;28;31;42m▄[38;2;25;26;36m[48;2;21;23;32m▄[38;2;31;35;48m[48;2;29;34;45m▄[38;2;27;30;40m[48;2;30;34;46m▄[38;2;22;22;31m[48;2;22;24;32m▄[38;2;17;17;26m[48;2;15;15;23m▄[38;2;14;15;21m[48;2;13;14;19m▄[38;2;12;13;19m[48;2;18;18;25m▄[38;2;15;16;22m[48;2;21;22;30m▄[38;2;18;18;25m[48;2;22;23;32m▄[38;2;21;21;29m[48;2;24;26;37m▄[38;2;14;15;22m[48;2;34;35;38m▄[38;2;17;20;30m[48;2;66;64;48m▄[38;2;20;22;33m[48;2;59;52;34m▄[38;2;20;21;27m[48;2;55;44;27m▄[38;2;27;25;26m[48;2;63;49;30m▄[38;2;30;27;24m[48;2;67;51;30m▄[38;2;29;27;25m[48;2;48;38;25m▄[38;2;31;30;27m[48;2;44;43;34m▄[38;2;34;33;30m[48;2;56;56;44m▄[38;2;38;37;33m[48;2;40;39;32m▄[38;2;34;33;30m[48;2;38;37;31m▄[38;2;77;79;85m[48;2;40;39;33m▄[38;2;255;255;255m[48;2;129;129;130m▄[38;2;255;255;255m[48;2;214;214;217m▄[38;2;255;255;255m[48;2;202;202;205m▄[38;2;255;255;255m[48;2;236;237;239m▄[38;2;255;255;255m[48;2;238;238;240m▄[38;2;255;255;255m[48;2;239;239;241m▄[38;2;255;255;255m[48;2;241;241;242m▄[38;2;255;255;255m[48;2;243;242;243m▄[38;2;255;255;255m[48;2;255;255;255m▄[0m
