[38;2;123;116;105m[48;2;118;111;100m▄[38;2;143;135;124m[48;2;133;121;112m▄[38;2;134;124;115m[48;2;127;117;108m▄[38;2;135;124;117m[48;2;137;125;117m▄[38;2;114;114;115m[48;2;100;96;96m▄[38;2;138;125;120m[48;2;46;52;61m▄[38;2;140;117;109m[48;2;48;52;63m▄[38;2;100;83;62m[48;2;17;27;32m▄[38;2;117;104;85m[48;2;98;102;102m▄[38;2;71;67;65m[48;2;61;69;75m▄[38;2;38;45;50m[48;2;40;46;52m▄[38;2;33;40;45m[48;2;34;44;48m▄[38;2;34;39;45m[48;2;34;42;48m▄[38;2;37;41;45m[48;2;34;40;44m▄[38;2;36;40;45m[48;2;36;40;44m▄[38;2;36;40;45m[48;2;30;36;40m▄[38;2;31;37;43m[48;2;32;40;44m▄[38;2;33;38;41m[48;2;27;34;38m▄[38;2;32;38;41m[48;2;30;38;42m▄[38;2;32;34;38m[48;2;23;27;32m▄[38;2;29;33;38m[48;2;25;32;38m▄[38;2;31;33;34m[48;2;19;25;28m▄[38;2;27;33;35m[48;2;25;30;32m▄[38;2;36;38;38m[48;2;21;28;30m▄[38;2;28;33;36m[48;2;25;32;34m▄[38;2;38;37;36m[48;2;25;27;30m▄[38;2;29;32;36m[48;2;27;28;34m▄[38;2;39;38;38m[48;2;34;32;36m▄[38;2;34;35;32m[48;2;28;32;36m▄[38;2;54;51;50m[48;2;30;32;36m▄[38;2;87;85;77m[48;2;28;30;38m▄[38;2;96;96;75m[48;2;9;11;21m▄[38;2;105;104;73m[48;2;48;46;44m▄[38;2;69;66;43m[48;2;106;106;83m▄[38;2;71;65;44m[48;2;146;142;98m▄[38;2;49;47;38m[48;2;112;110;73m▄[38;2;25;30;33m[48;2;28;32;34m▄[38;2;34;31;28m[48;2;36;32;30m▄[38;2;22;27;30m[48;2;21;25;28m▄[38;2;28;27;27m[48;2;28;27;28m▄[38;2;31;27;25m[48;2;30;27;25m▄[38;2;24;28;33m[48;2;21;23;28m▄[38;2;22;19;18m[48;2;28;27;25m▄[38;2;21;21;22m[48;2;23;25;25m▄[38;2;22;25;30m[48;2;17;23;28m▄[38;2;79;77;78m[48;2;71;71;69m▄[38;2;30;34;37m[48;2;28;32;34m▄[38;2;17;19;22m[48;2;19;21;23m▄[38;2;15;13;12m[48;2;25;23;21m▄[38;2;21;25;31m[48;2;17;23;27m▄[38;2;15;17;19m[48;2;23;21;23m▄[38;2;11;11;12m[48;2;25;23;21m▄[38;2;21;24;29m[48;2;15;21;27m▄[38;2;13;12;13m[48;2;21;17;19m▄[38;2;11;11;12m[48;2;23;21;19m▄[38;2;23;24;30m[48;2;17;21;27m▄[38;2;12;12;13m[48;2;19;17;19m▄[38;2;12;12;13m[48;2;19;19;17m▄[38;2;23;25;28m[48;2;17;23;28m▄[38;2;13;13;15m[48;2;15;15;17m▄[0m
[38;2;129;121;112m[48;2;131;123;114m▄[38;2;141;133;122m[48;2;144;134;124m▄[38;2;132;122;112m[48;2;135;125;115m▄[38;2;144;135;123m[48;2;143;134;124m▄[38;2;52;51;43m[48;2;70;69;63m▄[38;2;0;0;0m[48;2;24;20;10m▄[38;2;0;0;0m[48;2;45;36;21m▄[38;2;0;0;1m[48;2;61;46;21m▄[38;2;34;36;35m[48;2;87;69;46m▄[38;2;33;36;43m[48;2;59;49;42m▄[38;2;27;29;34m[48;2;39;38;41m▄[38;2;27;28;30m[48;2;29;32;34m▄[38;2;31;30;30m[48;2;34;34;37m▄[38;2;25;27;27m[48;2;34;37;38m▄[38;2;30;33;36m[48;2;37;39;42m▄[38;2;40;41;41m[48;2;42;42;42m▄[38;2;36;37;36m[48;2;28;32;35m▄[38;2;56;56;55m[48;2;53;54;55m▄[38;2;32;34;35m[48;2;33;36;35m▄[38;2;27;30;29m[48;2;33;36;35m▄[38;2;23;26;28m[48;2;26;28;31m▄[38;2;22;23;23m[48;2;30;31;28m▄[38;2;24;28;31m[48;2;23;28;30m▄[38;2;21;22;22m[48;2;31;30;27m▄[38;2;23;27;31m[48;2;26;28;31m▄[38;2;21;21;20m[48;2;31;30;27m▄[38;2;21;24;30m[48;2;24;28;31m▄[38;2;58;60;60m[48;2;42;41;40m▄[38;2;79;77;71m[48;2;53;50;36m▄[38;2;56;54;35m[48;2;41;36;19m▄[38;2;49;45;22m[48;2;69;64;40m▄[38;2;56;51;27m[48;2;85;82;47m▄[38;2;74;71;41m[48;2;67;65;34m▄[38;2;111;110;69m[48;2;79;79;55m▄[38;2;60;61;46m[48;2;19;19;20m▄[38;2;18;20;25m[48;2;19;20;23m▄[38;2;25;26;30m[48;2;24;27;31m▄[38;2;23;23;24m[48;2;16;17;16m▄[38;2;27;28;31m[48;2;24;28;29m▄[38;2;22;22;25m[48;2;16;17;18m▄[38;2;26;26;26m[48;2;18;18;18m▄[38;2;27;28;31m[48;2;24;26;29m▄[38;2;30;30;31m[48;2;34;34;35m▄[38;2;29;29;29m[48;2;28;29;31m▄[38;2;24;26;26m[48;2;21;24;27m▄[38;2;28;28;27m[48;2;59;58;60m▄[38;2;23;24;30m[48;2;26;27;31m▄[38;2;22;23;27m[48;2;17;18;21m▄[38;2;26;27;25m[48;2;12;12;12m▄[38;2;22;26;25m[48;2;21;25;29m▄[38;2;19;22;22m[48;2;15;17;20m▄[38;2;23;22;24m[48;2;14;15;15m▄[38;2;22;23;27m[48;2;22;23;22m▄[38;2;19;20;21m[48;2;16;16;15m▄[38;2;22;23;22m[48;2;17;17;18m▄[38;2;21;23;22m[48;2;20;22;24m▄[38;2;22;23;24m[48;2;19;19;21m▄[38;2;23;25;26m[48;2;20;22;21m▄[38;2;20;23;22m[48;2;20;21;20m▄[38;2;24;25;25m[48;2;23;22;23m▄[0m
[38;2;116;110;101m[48;2;133;125;116m▄[38;2;130;121;111m[48;2;144;136;125m▄[38;2;123;113;104m[48;2;133;124;114m▄[38;2;128;118;109m[48;2;142;132;122m▄[38;2;80;76;74m[48;2;95;87;76m▄[38;2;60;55;50m[48;2;50;36;18m▄[38;2;65;56;46m[48;2;45;36;24m▄[38;2;66;54;38m[48;2;55;36;13m▄[38;2;69;59;44m[48;2;57;41;20m▄[38;2;87;77;66m[48;2;67;56;41m▄[38;2;72;61;47m[48;2;80;58;27m▄[38;2;49;45;41m[48;2;43;36;25m▄[38;2;39;41;41m[48;2;23;27;28m▄[38;2;38;39;40m[48;2;27;28;27m▄[38;2;39;40;40m[48;2;28;30;33m▄[38;2;44;45;45m[48;2;53;55;58m▄[38;2;49;48;49m[48;2;45;44;44m▄[38;2;50;51;50m[48;2;52;53;51m▄[38;2;45;44;43m[48;2;35;37;39m▄[38;2;43;42;42m[48;2;32;33;32m▄[38;2;44;44;43m[48;2;29;31;29m▄[38;2;41;40;40m[48;2;23;25;26m▄[38;2;38;37;39m[48;2;25;28;32m▄[38;2;39;37;36m[48;2;22;24;24m▄[38;2;37;36;35m[48;2;25;27;30m▄[38;2;45;43;42m[48;2;23;25;24m▄[38;2;44;42;40m[48;2;25;27;29m▄[38;2;73;66;63m[48;2;32;32;32m▄[38;2;104;94;88m[48;2;51;49;49m▄[38;2;49;45;42m[48;2;36;36;35m▄[38;2;30;28;25m[48;2;49;45;33m▄[38;2;11;9;3m[48;2;39;35;19m▄[38;2;68;67;41m[48;2;41;38;22m▄[38;2;73;71;55m[48;2;66;64;44m▄[38;2;38;35;26m[48;2;71;70;54m▄[38;2;69;63;59m[48;2;26;26;29m▄[38;2;75;71;73m[48;2;20;20;26m▄[38;2;85;83;84m[48;2;21;21;21m▄[38;2;97;97;99m[48;2;21;22;22m▄[38;2;106;102;103m[48;2;19;20;20m▄[38;2;105;101;103m[48;2;22;23;23m▄[38;2;106;102;105m[48;2;23;25;25m▄[38;2;107;103;104m[48;2;14;17;17m▄[38;2;102;97;95m[48;2;20;21;22m▄[38;2;89;82;80m[48;2;18;19;20m▄[38;2;101;90;86m[48;2;21;20;18m▄[38;2;97;86;83m[48;2;19;20;22m▄[38;2;109;99;93m[48;2;15;16;18m▄[38;2;124;115;109m[48;2;14;15;16m▄[38;2;122;112;106m[48;2;20;22;23m▄[38;2;118;106;97m[48;2;15;16;16m▄[38;2;114;101;92m[48;2;14;15;16m▄[38;2;111;100;93m[48;2;16;18;20m▄[38;2;119;108;100m[48;2;12;14;14m▄[38;2;125;111;105m[48;2;16;17;15m▄[38;2;116;103;97m[48;2;18;20;18m▄[38;2;125;111;102m[48;2;19;19;17m▄[38;2;133;117;109m[48;2;21;21;22m▄[38;2;124;109;102m[48;2;19;21;21m▄[38;2;143;124;115m[48;2;27;24;20m▄[0m
[38;2;135;131;120m[48;2;131;125;114m▄[38;2;147;143;131m[48;2;142;135;124m▄[38;2;136;132;121m[48;2;133;126;116m▄[38;2;136;132;121m[48;2;135;127;118m▄[38;2;155;144;136m[48;2;97;92;90m▄[38;2;67;59;48m[48;2;70;65;56m▄[38;2;78;73;66m[48;2;77;71;63m▄[38;2;136;132;129m[48;2;128;125;121m▄[38;2;134;128;125m[48;2;118;112;109m▄[38;2;147;142;138m[48;2;131;126;123m▄[38;2;136;129;126m[48;2;131;126;125m▄[38;2;92;84;78m[48;2;92;85;83m▄[38;2;106;95;87m[48;2;92;85;80m▄[38;2;117;102;94m[48;2;102;93;89m▄[38;2;111;95;87m[48;2;99;89;84m▄[38;2;84;76;69m[48;2;98;89;84m▄[38;2;60;58;53m[48;2;80;76;73m▄[38;2;70;64;61m[48;2;89;85;82m▄[38;2;75;70;65m[48;2;93;85;79m▄[38;2;97;89;83m[48;2;129;116;108m▄[38;2;108;99;95m[48;2;135;121;114m▄[38;2;102;94;89m[48;2;138;122;115m▄[38;2;100;92;86m[48;2;137;123;117m▄[38;2;99;91;86m[48;2;143;128;121m▄[38;2;97;88;83m[48;2;141;125;118m▄[38;2;94;84;79m[48;2;156;139;131m▄[38;2;97;88;82m[48;2;158;141;132m▄[38;2;75;71;66m[48;2;144;134;127m▄[38;2;67;65;60m[48;2;75;73;59m▄[38;2;62;58;44m[48;2;31;29;13m▄[38;2;55;54;25m[48;2;29;29;17m▄[38;2;87;82;64m[48;2;72;67;60m▄[38;2;82;80;59m[48;2;71;70;41m▄[38;2;74;73;45m[48;2;74;72;42m▄[38;2;78;73;70m[48;2;117;106;97m▄[38;2;129;116;100m[48;2;156;139;124m▄[38;2;146;121;73m[48;2;159;136;102m▄[38;2;150;126;74m[48;2;165;142;108m▄[38;2;146;124;79m[48;2;164;141;110m▄[38;2;146;123;83m[48;2;159;137;109m▄[38;2;149;125;72m[48;2;167;141;103m▄[38;2;158;132;76m[48;2;165;139;100m▄[38;2;156;133;89m[48;2;164;142;111m▄[38;2;154;132;89m[48;2;164;141;109m▄[38;2;155;133;95m[48;2;171;143;100m▄[38;2;108;97;81m[48;2;165;139;100m▄[38;2;75;71;64m[48;2;165;145;119m▄[38;2;72;68;63m[48;2;140;127;117m▄[38;2;89;85;82m[48;2;135;127;123m▄[38;2;94;91;90m[48;2;127;118;113m▄[38;2;69;62;57m[48;2;147;132;123m▄[38;2;51;47;44m[48;2;146;129;123m▄[38;2;53;50;47m[48;2;143;127;120m▄[38;2;45;42;39m[48;2;139;125;118m▄[38;2;49;46;43m[48;2;135;120;113m▄[38;2;49;46;43m[48;2;132;117;110m▄[38;2;53;50;46m[48;2;129;114;108m▄[38;2;58;53;50m[48;2;127;113;107m▄[38;2;63;60;56m[48;2;129;115;108m▄[38;2;67;64;61m[48;2;135;121;114m▄[0m
[38;2;138;133;127m[48;2;136;131;120m▄[38;2;159;152;142m[48;2;144;140;128m▄[38;2;147;141;130m[48;2;132;129;118m▄[38;2;149;142;132m[48;2;136;131;120m▄[38;2;152;146;140m[48;2;160;152;147m▄[38;2;93;88;78m[48;2;58;50;38m▄[38;2;67;65;58m[48;2;85;80;72m▄[38;2;53;51;48m[48;2;127;125;121m▄[38;2;99;98;94m[48;2;106;103;99m▄[38;2;151;144;137m[48;2;138;133;130m▄[38;2;135;128;121m[48;2;140;138;132m▄[38;2;104;101;96m[48;2;107;105;99m▄[38;2;89;86;81m[48;2;105;100;96m▄[38;2;73;70;63m[48;2;61;57;53m▄[38;2;108;101;95m[48;2;90;85;81m▄[38;2;127;119;114m[48;2;80;76;72m▄[38;2;127;121;118m[48;2;77;72;68m▄[38;2;119;114;110m[48;2;84;78;75m▄[38;2;105;102;97m[48;2;88;85;81m▄[38;2;90;86;81m[48;2;88;86;81m▄[38;2;93;89;85m[48;2;89;86;83m▄[38;2;83;83;76m[48;2;85;85;81m▄[38;2;116;91;75m[48;2;86;83;79m▄[38;2;91;83;74m[48;2;91;87;83m▄[38;2;89;92;89m[48;2;84;80;75m▄[38;2;110;107;104m[48;2;68;64;60m▄[38;2;79;76;73m[48;2;75;70;67m▄[38;2;74;69;65m[48;2;62;59;54m▄[38;2;77;72;67m[48;2;70;66;61m▄[38;2;78;72;64m[48;2;84;79;66m▄[38;2;70;67;63m[48;2;61;58;35m▄[38;2;94;97;107m[48;2;78;75;48m▄[38;2;86;91;101m[48;2;113;109;75m▄[38;2;67;66;68m[48;2;100;96;72m▄[38;2;77;74;72m[48;2;64;61;59m▄[38;2;132;119;101m[48;2;117;107;96m▄[38;2;160;133;83m[48;2;116;98;70m▄[38;2;160;137;81m[48;2;121;104;70m▄[38;2;159;139;88m[48;2;123;108;77m▄[38;2;157;133;94m[48;2;139;120;87m▄[38;2;167;139;88m[48;2;134;115;75m▄[38;2;167;143;92m[48;2;142;121;80m▄[38;2;163;142;101m[48;2;148;129;93m▄[38;2;166;145;101m[48;2;138;121;90m▄[38;2;137;124;93m[48;2;99;92;76m▄[38;2;68;65;66m[48;2;68;66;66m▄[38;2;80;75;71m[48;2;73;68;66m▄[38;2;76;72;68m[48;2;74;68;66m▄[38;2;113;107;101m[48;2;108;101;95m▄[38;2;103;96;91m[48;2;97;91;86m▄[38;2;89;83;77m[48;2;83;77;71m▄[38;2;70;67;63m[48;2;66;62;59m▄[38;2;65;63;59m[48;2;66;63;60m▄[38;2;70;65;62m[48;2;60;57;54m▄[38;2;78;74;70m[48;2;70;66;64m▄[38;2;87;83;78m[48;2;82;77;74m▄[38;2;84;79;75m[48;2;83;78;75m▄[38;2;80;75;72m[48;2;85;79;75m▄[38;2;77;73;69m[48;2;87;82;78m▄[38;2;76;71;67m[48;2;87;83;79m▄[0m
[38;2;114;110;101m[48;2;125;120;110m▄[38;2;136;131;119m[48;2;131;128;118m▄[38;2;123;119;110m[48;2;133;129;118m▄[38;2;127;122;113m[48;2;138;132;120m▄[38;2;146;141;131m[48;2;132;129;119m▄[38;2;135;133;125m[48;2;104;109;101m▄[38;2;110;103;93m[48;2;87;89;81m▄[38;2;118;101;86m[48;2;51;45;38m▄[38;2;168;158;152m[48;2;105;100;97m▄[38;2;136;129;125m[48;2;152;143;135m▄[38;2;131;119;110m[48;2;126;108;92m▄[38;2;121;106;96m[48;2;111;99;88m▄[38;2;106;96;89m[48;2;82;78;74m▄[38;2;115;108;99m[48;2;84;80;76m▄[38;2;110;95;85m[48;2;100;93;88m▄[38;2;116;86;75m[48;2;128;120;114m▄[38;2;92;64;52m[48;2;134;127;121m▄[38;2;116;85;74m[48;2;135;128;123m▄[38;2;116;87;79m[48;2;117;111;107m▄[38;2;110;104;94m[48;2;102;99;93m▄[38;2;85;83;75m[48;2;109;108;101m▄[38;2;98;93;88m[48;2;112;98;85m▄[38;2;123;119;113m[48;2;107;94;80m▄[38;2;125;119;116m[48;2;94;95;90m▄[38;2;132;123;117m[48;2;109;111;110m▄[38;2;113;111;107m[48;2;93;104;110m▄[38;2;116;113;108m[48;2;91;92;90m▄[38;2;121;116;109m[48;2;97;93;88m▄[38;2;121;116;109m[48;2;90;86;82m▄[38;2;110;105;100m[48;2;86;83;77m▄[38;2;71;67;59m[48;2;82;79;74m▄[38;2;68;64;51m[48;2;81;82;83m▄[38;2;80;75;63m[48;2;78;79;79m▄[38;2;82;76;65m[48;2;87;85;86m▄[38;2;99;94;85m[48;2;119;116;112m▄[38;2;95;88;79m[48;2;140;127;111m▄[38;2;118;107;96m[48;2;154;127;87m▄[38;2;128;109;102m[48;2;156;126;88m▄[38;2;112;88;85m[48;2;154;122;91m▄[38;2;89;84;75m[48;2;152;133;105m▄[38;2;94;92;84m[48;2;149;135;104m▄[38;2;104;99;90m[48;2;148;132;94m▄[38;2;97;98;91m[48;2;140;125;99m▄[38;2;131;96;92m[48;2;150;125;97m▄[38;2;148;97;89m[48;2;151;125;93m▄[38;2;121;133;124m[48;2;109;103;89m▄[38;2;113;129;131m[48;2;86;82;79m▄[38;2;118;113;108m[48;2;91;89;84m▄[38;2;129;124;118m[48;2;120;116;109m▄[38;2;116;113;107m[48;2;107;102;98m▄[38;2;137;131;128m[48;2;114;108;103m▄[38;2;152;142;138m[48;2;93;89;85m▄[38;2;118;109;106m[48;2;90;86;82m▄[38;2;93;89;85m[48;2;90;85;81m▄[38;2;104;99;95m[48;2;94;90;86m▄[38;2;103;99;95m[48;2;97;93;88m▄[38;2;88;85;81m[48;2;96;91;87m▄[38;2;82;79;74m[48;2;84;79;75m▄[38;2;75;72;68m[48;2;72;69;65m▄[38;2;79;76;71m[48;2;69;66;62m▄[0m
[38;2;75;73;69m[48;2;103;103;103m▄[38;2;106;107;101m[48;2;112;110;103m▄[38;2;133;134;127m[48;2;126;123;111m▄[38;2;156;156;150m[48;2;122;119;109m▄[38;2;147;146;141m[48;2;138;133;127m▄[38;2;137;134;129m[48;2;189;179;175m▄[38;2;140;141;137m[48;2;153;136;124m▄[38;2;140;144;139m[48;2;102;88;75m▄[38;2;118;118;112m[48;2;139;127;116m▄[38;2;130;130;125m[48;2;162;148;142m▄[38;2;131;129;126m[48;2;154;138;132m▄[38;2;134;131;127m[48;2;115;97;88m▄[38;2;131;128;122m[48;2;100;83;72m▄[38;2;124;120;116m[48;2;147;133;123m▄[38;2;148;148;145m[48;2;160;142;131m▄[38;2;158;158;155m[48;2;139;117;106m▄[38;2;168;167;164m[48;2;104;87;77m▄[38;2;171;168;165m[48;2;135;107;95m▄[38;2;170;166;164m[48;2;132;101;91m▄[38;2;151;140;137m[48;2;106;87;79m▄[38;2;170;153;148m[48;2;103;80;71m▄[38;2;162;145;139m[48;2;84;69;59m▄[38;2;189;176;171m[48;2;105;97;87m▄[38;2;191;180;175m[48;2;98;88;79m▄[38;2;172;156;149m[48;2;122;108;98m▄[38;2;140;127;120m[48;2;75;66;57m▄[38;2;83;76;70m[48;2;62;56;47m▄[38;2;51;46;42m[48;2;84;80;70m▄[38;2;56;51;46m[48;2;98;92;82m▄[38;2;75;70;63m[48;2;105;96;87m▄[38;2;73;68;62m[48;2;66;60;53m▄[38;2;75;72;64m[48;2;70;67;59m▄[38;2;82;80;75m[48;2;75;71;62m▄[38;2;98;99;101m[48;2;65;60;52m▄[38;2;84;86;90m[48;2;68;63;56m▄[38;2;74;74;75m[48;2;73;70;63m▄[38;2;84;83;83m[48;2;97;94;88m▄[38;2;79;79;78m[48;2;75;73;69m▄[38;2;59;60;56m[48;2;52;52;48m▄[38;2;48;47;40m[48;2;49;47;39m▄[38;2;72;68;63m[48;2;68;63;53m▄[38;2;70;67;62m[48;2;70;67;62m▄[38;2;114;106;102m[48;2;129;124;118m▄[38;2;141;132;128m[48;2;152;138;133m▄[38;2;142;134;129m[48;2;153;138;134m▄[38;2;147;135;127m[48;2;145;144;142m▄[38;2;160;148;141m[48;2;145;147;144m▄[38;2;153;139;133m[48;2;159;151;143m▄[38;2;171;156;148m[48;2;169;158;152m▄[38;2;176;164;159m[48;2;154;145;141m▄[38;2;157;146;140m[48;2;144;135;132m▄[38;2;160;148;140m[48;2;169;157;152m▄[38;2;150;135;130m[48;2;153;141;136m▄[38;2;149;137;131m[48;2;141;132;126m▄[38;2;146;134;129m[48;2;149;139;134m▄[38;2;141;126;122m[48;2;143;132;124m▄[38;2;147;132;126m[48;2;122;111;104m▄[38;2;153;136;129m[48;2;136;125;116m▄[38;2;169;151;144m[48;2;135;123;114m▄[38;2;170;152;147m[48;2;130;120;113m▄[0m
[38;2;86;82;76m[48;2;120;118;114m▄[38;2;65;63;58m[48;2;140;138;134m▄[38;2;38;39;33m[48;2;129;130;125m▄[38;2;27;29;23m[48;2;107;111;104m▄[38;2;24;22;17m[48;2;73;77;71m▄[38;2;73;68;61m[48;2;52;56;50m▄[38;2;123;117;111m[48;2;55;62;56m▄[38;2;93;89;83m[48;2;47;55;48m▄[38;2;66;64;59m[48;2;60;66;62m▄[38;2;60;55;49m[48;2;69;73;66m▄[38;2;111;104;98m[48;2;79;82;76m▄[38;2;98;93;88m[48;2;32;36;32m▄[38;2;66;61;57m[48;2;2;4;3m▄[38;2;141;135;128m[48;2;70;74;68m▄[38;2;127;119;115m[48;2;58;62;57m▄[38;2;109;103;100m[48;2;44;49;44m▄[38;2;141;137;133m[48;2;65;69;64m▄[38;2;141;138;134m[48;2;58;65;59m▄[38;2;152;150;146m[48;2;58;63;58m▄[38;2;154;152;147m[48;2;72;76;72m▄[38;2;145;145;138m[48;2;76;82;77m▄[38;2;140;139;134m[48;2;87;91;88m▄[38;2;127;124;120m[48;2;100;105;102m▄[38;2;111;108;103m[48;2;123;128;126m▄[38;2;115;112;108m[48;2;148;151;151m▄[38;2;133;132;128m[48;2;190;192;192m▄[38;2;179;181;178m[48;2;208;209;210m▄[38;2;214;213;212m[48;2;179;178;178m▄[38;2;215;213;213m[48;2;141;137;137m▄[38;2;171;167;164m[48;2;110;106;102m▄[38;2;96;95;92m[48;2;73;71;67m▄[38;2;65;65;62m[48;2;67;65;61m▄[38;2;92;90;86m[48;2;67;67;62m▄[38;2;128;125;121m[48;2;72;73;71m▄[38;2;129;124;120m[48;2;61;63;62m▄[38;2;145;137;135m[48;2;54;55;52m▄[38;2;119;110;107m[48;2;69;69;66m▄[38;2;139;131;127m[48;2;83;81;78m▄[38;2;140;131;127m[48;2;66;66;60m▄[38;2;129;114;112m[48;2;82;77;73m▄[38;2;101;88;86m[48;2;108;101;97m▄[38;2;109;97;93m[48;2;140;132;127m▄[38;2;118;104;99m[48;2;155;146;140m▄[38;2;121;107;104m[48;2;173;164;160m▄[38;2;121;109;107m[48;2;157;149;146m▄[38;2;121;109;108m[48;2;174;164;160m▄[38;2;136;122;122m[48;2;177;166;162m▄[38;2;133;119;119m[48;2;157;143;139m▄[38;2;108;97;95m[48;2;152;138;132m▄[38;2;95;87;84m[48;2;176;165;161m▄[38;2;84;79;76m[48;2;180;172;169m▄[38;2;75;70;68m[48;2;165;156;153m▄[38;2;74;69;68m[48;2;166;156;153m▄[38;2;68;63;60m[48;2;161;150;146m▄[38;2;74;69;67m[48;2;158;144;140m▄[38;2;71;69;68m[48;2;157;144;142m▄[38;2;75;72;71m[48;2;171;160;156m▄[38;2;82;78;78m[48;2;176;162;158m▄[38;2;83;80;79m[48;2;182;167;161m▄[38;2;90;86;85m[48;2;195;181;174m▄[0m
[38;2;106;90;82m[48;2;114;101;93m▄[38;2;131;114;105m[48;2;101;91;84m▄[38;2;131;117;110m[48;2;58;52;47m▄[38;2;109;97;91m[48;2;34;29;26m▄[38;2;107;95;90m[48;2;53;42;38m▄[38;2;153;139;133m[48;2;135;118;110m▄[38;2;104;89;84m[48;2;136;120;113m▄[38;2;49;35;32m[48;2;121;105;98m▄[38;2;93;79;73m[48;2;132;117;113m▄[38;2;138;123;115m[48;2;99;85;80m▄[38;2;154;140;133m[48;2;143;128;121m▄[38;2;86;76;74m[48;2;133;118;114m▄[38;2;93;78;76m[48;2;159;143;139m▄[38;2;160;147;143m[48;2;163;150;148m▄[38;2;139;126;124m[48;2;151;136;135m▄[38;2;162;149;147m[48;2;177;161;161m▄[38;2;162;150;147m[48;2;178;166;165m▄[38;2;154;140;135m[48;2;205;196;194m▄[38;2;137;121;114m[48;2;225;218;215m▄[38;2;109;95;88m[48;2;227;221;218m▄[38;2;107;95;88m[48;2;238;234;230m▄[38;2;147;136;131m[48;2;248;243;239m▄[38;2;185;174;168m[48;2;229;218;216m▄[38;2;202;196;192m[48;2;207;201;197m▄[38;2;196;189;186m[48;2;207;201;197m▄[38;2;194;184;182m[48;2;204;195;192m▄[38;2;193;184;182m[48;2;195;187;183m▄[38;2;193;182;180m[48;2;197;189;185m▄[38;2;99;91;88m[48;2;145;137;134m▄[38;2;42;39;31m[48;2;55;53;48m▄[38;2;60;53;41m[48;2;36;34;29m▄[38;2;48;40;30m[48;2;46;44;40m▄[38;2;41;34;20m[48;2;35;31;27m▄[38;2;54;47;36m[48;2;88;83;79m▄[38;2;160;152;151m[48;2;174;166;163m▄[38;2;174;167;164m[48;2;151;143;140m▄[38;2;179;174;170m[48;2;136;128;125m▄[38;2;153;146;143m[48;2;186;181;177m▄[38;2;105;90;90m[48;2;143;131;129m▄[38;2;90;71;71m[48;2;88;70;70m▄[38;2;84;67;67m[48;2;78;60;61m▄[38;2;85;70;70m[48;2;77;60;60m▄[38;2;95;79;78m[48;2;87;69;70m▄[38;2;100;83;83m[48;2;86;71;71m▄[38;2;91;74;74m[48;2;88;72;72m▄[38;2;64;53;51m[48;2;94;78;78m▄[38;2;55;44;43m[48;2;78;63;63m▄[38;2;53;41;41m[48;2;50;39;37m▄[38;2;43;32;31m[48;2;29;22;19m▄[38;2;27;20;17m[48;2;17;13;9m▄[38;2;23;18;14m[48;2;10;5;1m▄[38;2;23;19;14m[48;2;4;0;0m▄[38;2;16;11;7m[48;2;0;0;0m▄[38;2;7;3;0m[48;2;0;0;0m▄[38;2;2;0;0m[48;2;0;0;0m▄[38;2;0;0;0m[48;2;0;0;0m▄[38;2;3;2;1m[48;2;0;0;0m▄[38;2;0;0;0m[48;2;0;0;0m▄[38;2;8;6;5m[48;2;0;0;0m▄[38;2;18;13;11m[48;2;0;0;0m▄[0m
[38;2;30;26;22m[48;2;43;33;28m▄[38;2;32;29;24m[48;2;64;52;45m▄[38;2;35;31;26m[48;2;91;77;70m▄[38;2;51;40;37m[48;2;120;104;96m▄[38;2;74;65;63m[48;2;124;112;107m▄[38;2;121;109;102m[48;2;132;122;118m▄[38;2;133;118;111m[48;2;123;105;99m▄[38;2;141;123;116m[48;2;84;61;57m▄[38;2;129;108;103m[48;2;63;43;41m▄[38;2;115;97;93m[48;2;75;59;56m▄[38;2;143;129;122m[48;2;141;127;120m▄[38;2;105;89;84m[48;2;139;126;119m▄[38;2;143;128;124m[48;2;122;108;100m▄[38;2;150;138;134m[48;2;142;127;124m▄[38;2;127;114;106m[48;2;144;130;125m▄[38;2;144;131;125m[48;2;165;151;143m▄[38;2;49;38;35m[48;2;107;89;81m▄[38;2;33;23;18m[48;2;81;60;51m▄[38;2;31;22;18m[48;2;68;48;41m▄[38;2;33;27;22m[48;2;59;42;34m▄[38;2;28;23;19m[48;2;43;30;22m▄[38;2;21;16;12m[48;2;25;16;10m▄[38;2;0;0;0m[48;2;48;37;33m▄[38;2;80;73;68m[48;2;138;124;118m▄[38;2;207;198;194m[48;2;198;188;186m▄[38;2;197;186;184m[48;2;198;187;186m▄[38;2;177;170;167m[48;2;199;187;186m▄[38;2;147;134;118m[48;2;184;173;171m▄[38;2;114;101;76m[48;2;128;117;104m▄[38;2;93;84;64m[48;2;104;94;75m▄[38;2;82;75;54m[48;2;93;83;63m▄[38;2;38;34;22m[48;2;77;68;50m▄[38;2;33;25;16m[48;2;52;45;29m▄[38;2;59;52;38m[48;2;69;62;51m▄[38;2;125;120;108m[48;2;183;175;172m▄[38;2;107;102;99m[48;2;182;172;170m▄[38;2;107;94;88m[48;2;135;122;122m▄[38;2;112;96;94m[48;2;98;83;83m▄[38;2;111;94;96m[48;2;98;82;82m▄[38;2;111;95;97m[48;2;105;88;89m▄[38;2;94;78;78m[48;2;105;89;89m▄[38;2;85;69;69m[48;2;102;87;86m▄[38;2;81;65;65m[48;2;89;72;72m▄[38;2;77;61;61m[48;2;76;63;62m▄[38;2;76;60;60m[48;2;70;56;55m▄[38;2;72;57;57m[48;2;70;56;55m▄[38;2;69;58;56m[48;2;67;55;53m▄[38;2;64;53;52m[48;2;64;53;52m▄[38;2;49;38;38m[48;2;51;40;39m▄[38;2;39;27;27m[48;2;38;26;25m▄[38;2;38;27;26m[48;2;30;21;18m▄[38;2;37;26;25m[48;2;29;22;18m▄[38;2;35;23;23m[48;2;28;21;18m▄[38;2;32;20;19m[48;2;15;9;6m▄[38;2;20;12;9m[48;2;7;2;1m▄[38;2;8;4;2m[48;2;2;1;1m▄[38;2;4;2;2m[48;2;4;2;1m▄[38;2;8;5;6m[48;2;2;1;1m▄[38;2;2;0;0m[48;2;2;1;0m▄[38;2;1;0;0m[48;2;2;0;1m▄[0m
[38;2;67;65;65m[48;2;56;52;48m▄[38;2;83;80;79m[48;2;47;45;39m▄[38;2;75;71;67m[48;2;39;36;30m▄[38;2;78;71;66m[48;2;36;31;27m▄[38;2;93;82;79m[48;2;80;72;70m▄[38;2;130;118;114m[48;2;142;129;123m▄[38;2;112;100;96m[48;2;101;87;81m▄[38;2;85;71;68m[48;2;92;80;77m▄[38;2;78;67;65m[48;2;128;115;110m▄[38;2;79;67;66m[48;2;151;138;131m▄[38;2;109;94;91m[48;2;154;139;136m▄[38;2;142;127;121m[48;2;129;109;107m▄[38;2;155;142;134m[48;2;117;99;98m▄[38;2;152;138;133m[48;2;150;135;131m▄[38;2;138;123;116m[48;2;162;147;140m▄[38;2;139;125;118m[48;2;142;130;125m▄[38;2;32;23;17m[48;2;15;11;7m▄[38;2;20;14;9m[48;2;11;7;3m▄[38;2;13;10;6m[48;2;14;11;7m▄[38;2;13;10;6m[48;2;18;14;10m▄[38;2;23;17;12m[48;2;19;15;11m▄[38;2;43;28;24m[48;2;17;12;8m▄[38;2;64;38;36m[48;2;30;17;16m▄[38;2;107;95;75m[48;2;116;108;96m▄[38;2;147;138;109m[48;2;187;175;156m▄[38;2;121;114;89m[48;2;170;158;138m▄[38;2;108;102;81m[48;2;128;123;113m▄[38;2;101;94;70m[48;2;103;92;70m▄[38;2;67;61;44m[48;2;88;78;55m▄[38;2;49;45;30m[48;2;93;84;62m▄[38;2;30;28;16m[48;2;69;61;44m▄[38;2;19;18;9m[48;2;29;24;13m▄[38;2;24;22;11m[48;2;29;23;13m▄[38;2;17;17;12m[48;2;39;35;22m▄[38;2;17;17;16m[48;2;46;46;38m▄[38;2;37;37;38m[48;2;53;56;53m▄[38;2;69;66;61m[48;2;126;120;103m▄[38;2;114;108;84m[48;2;172;158;135m▄[38;2;85;80;53m[48;2;130;119;102m▄[38;2;81;74;49m[48;2;125;114;105m▄[38;2;134;123;116m[48;2;111;95;97m▄[38;2;145;131;132m[48;2;96;80;80m▄[38;2;107;91;91m[48;2;97;81;81m▄[38;2;85;69;69m[48;2;88;72;72m▄[38;2;67;53;52m[48;2;71;55;55m▄[38;2;65;51;50m[48;2;66;51;50m▄[38;2;81;67;64m[48;2;66;53;51m▄[38;2;74;56;51m[48;2;64;52;48m▄[38;2;103;71;68m[48;2;55;45;41m▄[38;2;109;74;69m[48;2;58;48;43m▄[38;2;66;46;42m[48;2;46;34;32m▄[38;2;38;29;28m[48;2;38;26;25m▄[38;2;34;22;22m[48;2;34;22;22m▄[38;2;31;19;18m[48;2;34;22;21m▄[38;2;27;16;14m[48;2;26;16;14m▄[38;2;23;12;10m[48;2;17;9;6m▄[38;2;17;8;7m[48;2;16;11;9m▄[38;2;16;10;8m[48;2;21;15;13m▄[38;2;10;4;2m[48;2;8;2;1m▄[38;2;9;2;0m[48;2;5;1;1m▄[0m
[38;2;105;65;65m[48;2;56;41;39m▄[38;2;113;66;69m[48;2;71;59;56m▄[38;2;102;54;57m[48;2;72;63;61m▄[38;2;107;65;67m[48;2;78;68;67m▄[38;2;115;88;85m[48;2;85;73;72m▄[38;2;106;82;78m[48;2;92;76;75m▄[38;2;84;61;58m[48;2;100;84;80m▄[38;2;44;32;26m[48;2;45;38;34m▄[38;2;69;51;47m[48;2;22;18;16m▄[38;2;137;104;99m[48;2;85;65;61m▄[38;2;151;114;109m[48;2;126;98;94m▄[38;2;130;105;103m[48;2;117;99;97m▄[38;2;111;101;100m[48;2;121;114;112m▄[38;2;125;114;112m[48;2;117;110;109m▄[38;2;105;98;98m[48;2;162;149;144m▄[38;2;41;59;74m[48;2;80;83;87m▄[38;2;31;52;69m[48;2;18;29;38m▄[38;2;26;45;58m[48;2;63;52;51m▄[38;2;53;56;62m[48;2;113;80;72m▄[38;2;82;62;61m[48;2;96;62;57m▄[38;2;65;39;36m[48;2;74;45;42m▄[38;2;84;68;68m[48;2;50;27;24m▄[38;2;122;115;95m[48;2;62;50;37m▄[38;2;118;112;82m[48;2;130;125;92m▄[38;2;92;86;63m[48;2;130;124;100m▄[38;2;76;71;51m[48;2;113;107;85m▄[38;2;43;40;25m[48;2;99;92;71m▄[38;2;33;29;18m[48;2;70;63;46m▄[38;2;10;9;7m[48;2;28;25;15m▄[38;2;0;0;0m[48;2;12;11;8m▄[38;2;0;0;0m[48;2;21;20;18m▄[38;2;1;1;2m[48;2;15;15;13m▄[38;2;4;3;4m[48;2;7;6;5m▄[38;2;9;9;9m[48;2;12;12;11m▄[38;2;13;14;13m[48;2;23;24;24m▄[38;2;12;12;11m[48;2;26;27;26m▄[38;2;3;3;2m[48;2;12;12;12m▄[38;2;0;0;0m[48;2;22;20;14m▄[38;2;21;17;8m[48;2;40;35;20m▄[38;2;28;24;12m[48;2;29;25;10m▄[38;2;24;19;6m[48;2;58;52;41m▄[38;2;113;103;96m[48;2;168;157;154m▄[38;2;182;170;170m[48;2;147;134;133m▄[38;2;118;102;101m[48;2;86;71;71m▄[38;2;65;50;50m[48;2;56;43;42m▄[38;2;72;59;58m[48;2;70;56;55m▄[38;2;80;56;52m[48;2;46;35;34m▄[38;2;95;56;51m[48;2;86;60;57m▄[38;2;130;85;79m[48;2;139;95;90m▄[38;2;124;85;81m[48;2;123;82;78m▄[38;2;87;54;51m[48;2;85;56;51m▄[38;2;34;22;17m[48;2;29;21;19m▄[38;2;20;12;9m[48;2;31;19;19m▄[38;2;27;15;14m[48;2;28;18;16m▄[38;2;30;19;17m[48;2;28;18;16m▄[38;2;39;26;25m[48;2;29;17;16m▄[38;2;20;8;7m[48;2;23;10;11m▄[38;2;22;13;11m[48;2;21;13;11m▄[38;2;12;5;3m[48;2;10;5;2m▄[38;2;15;6;3m[48;2;9;3;0m▄[0m
[38;2;91;112;118m[48;2;129;116;121m▄[38;2;101;125;131m[48;2;143;123;127m▄[38;2;106;84;87m[48;2;109;64;68m▄[38;2;100;58;60m[48;2;106;64;67m▄[38;2;97;63;63m[48;2;121;86;76m▄[38;2;109;75;74m[48;2;120;88;77m▄[38;2;104;83;81m[48;2;129;95;86m▄[38;2;55;59;59m[48;2;90;71;64m▄[38;2;62;53;51m[48;2;117;84;77m▄[38;2;58;42;38m[48;2;123;86;81m▄[38;2;31;27;25m[48;2;124;89;84m▄[38;2;121;107;106m[48;2;95;68;64m▄[38;2;76;70;79m[48;2;91;65;65m▄[38;2;56;69;83m[48;2;87;85;94m▄[38;2;84;96;108m[48;2;41;59;78m▄[38;2;83;96;109m[48;2;40;61;79m▄[38;2;60;75;90m[48;2;37;56;71m▄[38;2;36;55;71m[48;2;23;46;60m▄[38;2;22;43;58m[48;2;5;28;41m▄[38;2;1;12;22m[48;2;0;3;13m▄[38;2;61;57;59m[48;2;55;49;50m▄[38;2;163;141;134m[48;2;205;192;192m▄[38;2;136;117;111m[48;2;127;116;103m▄[38;2;47;39;25m[48;2;64;59;38m▄[38;2;37;29;11m[48;2;55;51;34m▄[38;2;33;28;14m[48;2;40;35;22m▄[38;2;36;33;23m[48;2;35;31;19m▄[38;2;15;15;11m[48;2;38;35;24m▄[38;2;0;0;0m[48;2;1;1;1m▄[38;2;0;0;0m[48;2;0;0;0m▄[38;2;0;0;0m[48;2;0;0;0m▄[38;2;0;0;0m[48;2;0;0;0m▄[38;2;1;1;1m[48;2;0;0;0m▄[38;2;2;2;2m[48;2;1;1;1m▄[38;2;1;1;1m[48;2;0;0;0m▄[38;2;0;0;0m[48;2;0;0;0m▄[38;2;0;0;0m[48;2;0;0;0m▄[38;2;68;65;63m[48;2;2;2;1m▄[38;2;42;36;30m[48;2;25;20;12m▄[38;2;20;16;6m[48;2;39;35;23m▄[38;2;66;60;47m[48;2;43;38;22m▄[38;2;97;91;71m[48;2;79;73;57m▄[38;2;60;57;43m[48;2;155;146;143m▄[38;2;43;38;35m[48;2;127;114;115m▄[38;2;44;37;34m[48;2;84;74;73m▄[38;2;22;16;15m[48;2;65;59;58m▄[38;2;0;0;0m[48;2;62;52;52m▄[38;2;55;37;34m[48;2;75;46;41m▄[38;2;104;67;61m[48;2;95;57;51m▄[38;2;53;30;26m[48;2;98;62;59m▄[38;2;36;19;18m[48;2;58;34;34m▄[38;2;2;0;0m[48;2;14;9;7m▄[38;2;0;2;4m[48;2;8;2;1m▄[38;2;9;9;11m[48;2;17;8;6m▄[38;2;13;4;2m[48;2;22;11;10m▄[38;2;9;0;0m[48;2;26;14;13m▄[38;2;10;0;0m[48;2;16;5;3m▄[38;2;15;7;5m[48;2;17;9;7m▄[38;2;18;8;4m[48;2;21;12;7m▄[38;2;15;14;9m[48;2;25;16;10m▄[0m
[38;2;93;71;73m[48;2;43;97;110m▄[38;2;100;58;63m[48;2;54;91;102m▄[38;2;104;58;65m[48;2;107;65;69m▄[38;2;83;43;50m[48;2;107;56;60m▄[38;2;68;25;37m[48;2;104;50;60m▄[38;2;89;49;60m[48;2;143;70;86m▄[38;2;91;46;57m[48;2;109;63;76m▄[38;2;132;72;85m[48;2;115;80;92m▄[38;2;100;42;54m[48;2;67;46;55m▄[38;2;54;17;22m[48;2;26;21;26m▄[38;2;63;34;44m[48;2;34;25;29m▄[38;2;20;36;53m[48;2;48;53;65m▄[38;2;11;37;53m[48;2;35;54;68m▄[38;2;19;45;69m[48;2;56;65;77m▄[38;2;16;41;66m[48;2;87;96;105m▄[38;2;15;39;59m[48;2;119;125;137m▄[38;2;14;38;55m[48;2;128;132;142m▄[38;2;19;38;54m[48;2;103;107;113m▄[38;2;18;33;48m[48;2;58;63;67m▄[38;2;9;16;26m[48;2;22;28;32m▄[38;2;0;2;10m[48;2;27;32;38m▄[38;2;12;24;34m[48;2;103;98;98m▄[38;2;139;135;136m[48;2;171;161;157m▄[38;2;184;174;177m[48;2;134;125;119m▄[38;2;212;205;212m[48;2;94;84;73m▄[38;2;106;101;105m[48;2;49;45;39m▄[38;2;0;0;0m[48;2;4;4;3m▄[38;2;0;0;0m[48;2;0;0;0m▄[38;2;0;0;0m[48;2;0;0;0m▄[38;2;1;1;1m[48;2;0;0;0m▄[38;2;2;2;2m[48;2;0;0;0m▄[38;2;3;3;3m[48;2;1;1;1m▄[38;2;3;4;4m[48;2;2;2;2m▄[38;2;3;3;3m[48;2;2;2;2m▄[38;2;1;1;1m[48;2;1;1;1m▄[38;2;0;0;0m[48;2;0;0;0m▄[38;2;11;12;14m[48;2;5;6;6m▄[38;2;101;94;100m[48;2;115;111;114m▄[38;2;91;79;83m[48;2;78;73;72m▄[38;2;43;40;31m[48;2;26;23;12m▄[38;2;59;54;41m[48;2;81;76;61m▄[38;2;45;43;30m[48;2;76;71;57m▄[38;2;33;29;21m[48;2;38;36;25m▄[38;2;69;71;77m[48;2;67;66;67m▄[38;2;14;29;40m[48;2;40;44;49m▄[38;2;10;25;35m[48;2;23;30;37m▄[38;2;13;25;36m[48;2;9;13;19m▄[38;2;11;20;30m[48;2;15;15;21m▄[38;2;0;6;13m[48;2;26;19;21m▄[38;2;2;10;18m[48;2;18;13;16m▄[38;2;8;18;27m[48;2;8;10;14m▄[38;2;10;19;27m[48;2;5;10;14m▄[38;2;9;17;25m[48;2;7;14;20m▄[38;2;5;12;20m[48;2;9;20;29m▄[38;2;3;9;18m[48;2;5;11;19m▄[38;2;5;7;13m[48;2;9;9;12m▄[38;2;4;5;6m[48;2;5;6;5m▄[38;2;0;0;0m[48;2;2;1;1m▄[38;2;0;0;1m[48;2;6;3;2m▄[38;2;12;9;10m[48;2;4;3;2m▄[0m
[38;2;102;71;72m[48;2;80;52;56m▄[38;2;143;128;126m[48;2;87;56;60m▄[38;2;133;101;96m[48;2;98;55;59m▄[38;2;74;20;26m[48;2;71;31;35m▄[38;2;9;10;13m[48;2;12;19;22m▄[38;2;5;3;3m[48;2;0;2;2m▄[38;2;2;2;2m[48;2;10;9;11m▄[38;2;6;6;6m[48;2;27;17;23m▄[38;2;9;6;7m[48;2;21;11;15m▄[38;2;32;3;6m[48;2;24;3;5m▄[38;2;13;10;16m[48;2;24;21;30m▄[38;2;9;30;47m[48;2;11;33;49m▄[38;2;12;29;46m[48;2;4;21;33m▄[38;2;16;39;55m[48;2;10;30;46m▄[38;2;14;38;55m[48;2;14;33;50m▄[38;2;14;36;54m[48;2;17;39;56m▄[38;2;9;25;41m[48;2;10;33;48m▄[38;2;3;14;26m[48;2;6;25;41m▄[38;2;2;6;16m[48;2;6;21;35m▄[38;2;0;0;2m[48;2;0;2;10m▄[38;2;1;0;2m[48;2;1;1;8m▄[38;2;1;5;14m[48;2;0;1;12m▄[38;2;1;6;16m[48;2;48;51;60m▄[38;2;146;139;147m[48;2;196;183;188m▄[38;2;232;219;228m[48;2;206;194;203m▄[38;2;72;65;68m[48;2;95;87;89m▄[38;2;1;0;0m[48;2;0;0;0m▄[38;2;3;3;3m[48;2;1;1;1m▄[38;2;4;4;4m[48;2;1;1;1m▄[38;2;4;3;4m[48;2;5;5;5m▄[38;2;3;2;2m[48;2;9;8;8m▄[38;2;6;6;5m[48;2;9;9;9m▄[38;2;10;10;9m[48;2;9;10;9m▄[38;2;7;7;7m[48;2;5;5;5m▄[38;2;8;7;8m[48;2;4;4;4m▄[38;2;4;3;3m[48;2;3;3;3m▄[38;2;6;6;6m[48;2;6;6;5m▄[38;2;44;42;43m[48;2;27;28;25m▄[38;2;37;34;30m[48;2;41;42;44m▄[38;2;63;60;51m[48;2;31;29;26m▄[38;2;110;103;81m[48;2;70;65;47m▄[38;2;76;69;50m[48;2;66;60;44m▄[38;2;20;22;17m[48;2;31;28;21m▄[38;2;7;16;26m[48;2;12;19;27m▄[38;2;2;3;7m[48;2;3;11;19m▄[38;2;2;5;10m[48;2;8;15;23m▄[38;2;5;9;17m[48;2;8;17;25m▄[38;2;4;10;18m[48;2;7;15;23m▄[38;2;3;11;20m[48;2;5;13;22m▄[38;2;3;13;22m[48;2;5;13;22m▄[38;2;3;9;20m[48;2;5;12;21m▄[38;2;1;5;13m[48;2;3;10;20m▄[38;2;1;1;6m[48;2;1;6;14m▄[38;2;1;0;1m[48;2;1;1;4m▄[38;2;5;7;13m[48;2;2;3;7m▄[38;2;7;12;22m[48;2;4;7;14m▄[38;2;4;9;15m[48;2;3;3;4m▄[38;2;1;1;1m[48;2;0;0;0m▄[38;2;0;0;0m[48;2;0;0;0m▄[38;2;0;0;0m[48;2;11;11;11m▄[0m
