[38;2;50;52;55m[48;2;50;53;61m▄[38;2;51;56;62m[48;2;36;42;46m▄[38;2;28;22;20m[48;2;25;19;15m▄[38;2;142;108;90m[48;2;129;98;83m▄[38;2;190;139;110m[48;2;171;127;100m▄[38;2;190;141;112m[48;2;173;129;102m▄[38;2;191;143;114m[48;2;175;131;104m▄[38;2;192;144;114m[48;2;179;131;106m▄[38;2;193;143;113m[48;2;179;133;106m▄[38;2;192;143;112m[48;2;179;133;108m▄[38;2;194;146;114m[48;2;177;133;104m▄[38;2;197;149;116m[48;2;175;131;102m▄[38;2;199;149;116m[48;2;179;133;104m▄[38;2;180;133;106m[48;2;185;137;108m▄[38;2;159;117;94m[48;2;187;137;110m▄[38;2;149;110;87m[48;2;189;141;108m▄[38;2;156;116;93m[48;2;179;135;106m▄[38;2;172;131;103m[48;2;173;133;104m▄[38;2;172;130;105m[48;2;150;115;92m▄[38;2;70;37;31m[48;2;63;32;25m▄[38;2;65;26;17m[48;2;61;23;17m▄[38;2;57;26;19m[48;2;52;23;19m▄[38;2;15;17;13m[48;2;7;9;7m▄[38;2;9;11;9m[48;2;7;9;5m▄[38;2;9;12;9m[48;2;13;17;13m▄[38;2;21;28;24m[48;2;11;15;9m▄[38;2;23;33;30m[48;2;9;17;9m▄[38;2;23;36;35m[48;2;11;27;13m▄[38;2;29;42;48m[48;2;13;28;19m▄[38;2;37;35;38m[48;2;25;25;19m▄[38;2;66;50;52m[48;2;65;54;56m▄[38;2;100;88;89m[48;2;100;88;88m▄[38;2;69;58;58m[48;2;69;57;59m▄[38;2;41;30;26m[48;2;86;71;67m▄[38;2;59;44;35m[48;2;102;84;79m▄[38;2;67;50;42m[48;2;112;94;86m▄[38;2;69;52;43m[48;2;121;102;94m▄[38;2;77;56;47m[48;2;129;108;100m▄[38;2;83;63;49m[48;2;135;115;104m▄[38;2;89;65;51m[48;2;146;123;110m▄[38;2;95;66;53m[48;2;152;125;112m▄[38;2;98;70;55m[48;2;150;125;113m▄[38;2;101;72;55m[48;2;144;123;110m▄[38;2;104;71;54m[48;2;144;121;108m▄[38;2;103;71;54m[48;2;148;123;112m▄[38;2;103;72;56m[48;2;150;123;112m▄[38;2;103;71;54m[48;2;152;123;112m▄[38;2;101;68;51m[48;2;152;123;112m▄[38;2;98;66;51m[48;2;152;123;110m▄[38;2;97;64;49m[48;2;152;123;106m▄[38;2;102;65;45m[48;2;154;123;106m▄[38;2;103;67;46m[48;2;160;127;108m▄[38;2;116;78;55m[48;2;156;127;108m▄[38;2;158;105;70m[48;2;158;131;113m▄[38;2;183;113;67m[48;2;146;102;77m▄[38;2;193;113;63m[48;2;131;71;38m▄[38;2;207;122;69m[48;2;142;81;52m▄[38;2;198;117;68m[48;2;129;69;46m▄[38;2;171;101;59m[48;2;125;73;46m▄[38;2;181;108;60m[48;2;131;81;54m▄[0m
[38;2;63;41;35m[48;2;50;46;50m▄[38;2;56;35;30m[48;2;48;52;59m▄[38;2;22;12;11m[48;2;20;18;17m▄[38;2;115;88;70m[48;2;127;98;80m▄[38;2;179;133;105m[48;2;177;132;105m▄[38;2;179;133;104m[48;2;178;132;104m▄[38;2;178;132;104m[48;2;178;134;105m▄[38;2;178;132;104m[48;2;178;134;105m▄[38;2;177;132;104m[48;2;177;133;104m▄[38;2;179;136;107m[48;2;178;134;107m▄[38;2;141;93;69m[48;2;157;109;83m▄[38;2;85;42;25m[48;2;138;88;63m▄[38;2;0;0;0m[48;2;83;58;46m▄[38;2;0;0;0m[48;2;27;17;17m▄[38;2;56;30;26m[48;2;19;11;12m▄[38;2;132;73;57m[48;2;16;9;13m▄[38;2;153;86;66m[48;2;19;12;15m▄[38;2;145;82;63m[48;2;30;21;20m▄[38;2;132;73;57m[48;2;63;46;38m▄[38;2;64;32;27m[48;2;58;29;25m▄[38;2;57;23;18m[48;2;60;25;18m▄[38;2;54;24;18m[48;2;53;24;18m▄[38;2;7;7;6m[48;2;16;16;13m▄[38;2;14;14;13m[48;2;16;17;16m▄[38;2;19;21;17m[48;2;19;21;19m▄[38;2;11;13;8m[48;2;25;31;30m▄[38;2;9;10;6m[48;2;28;33;36m▄[38;2;7;10;5m[48;2;10;13;16m▄[38;2;10;22;13m[48;2;3;9;8m▄[38;2;21;12;10m[48;2;13;5;3m▄[38;2;56;41;44m[48;2;54;40;44m▄[38;2;70;59;64m[48;2;80;68;70m▄[38;2;67;55;56m[48;2;66;53;53m▄[38;2;44;24;23m[48;2;19;12;8m▄[38;2;58;33;26m[48;2;35;22;15m▄[38;2;69;42;21m[48;2;43;24;10m▄[38;2;69;45;29m[48;2;39;20;7m▄[38;2;77;51;33m[48;2;49;24;9m▄[38;2;88;55;31m[48;2;53;28;10m▄[38;2;85;54;32m[48;2;54;29;11m▄[38;2;114;70;39m[48;2;69;36;14m▄[38;2;103;61;32m[48;2;79;43;17m▄[38;2;32;20;15m[48;2;73;41;21m▄[38;2;12;8;7m[48;2;61;35;22m▄[38;2;27;14;13m[48;2;34;20;13m▄[38;2;43;23;19m[48;2;25;14;9m▄[38;2;33;20;17m[48;2;38;22;12m▄[38;2;21;15;15m[48;2;61;33;20m▄[38;2;63;39;24m[48;2;84;45;20m▄[38;2;122;78;51m[48;2;77;43;24m▄[38;2;142;101;70m[48;2;88;62;42m▄[38;2;146;99;66m[48;2;99;66;45m▄[38;2;157;93;49m[48;2;130;73;38m▄[38;2;181;104;50m[48;2;169;94;44m▄[38;2;178;104;53m[48;2;173;99;49m▄[38;2;163;99;59m[48;2;173;102;54m▄[38;2;174;107;62m[48;2;188;108;53m▄[38;2;174;107;62m[48;2;194;113;56m▄[38;2;170;105;62m[48;2;195;117;63m▄[38;2;201;121;65m[48;2;214;125;63m▄[0m
[38;2;80;37;30m[48;2;78;37;28m▄[38;2;71;32;21m[48;2;72;32;22m▄[38;2;35;13;9m[48;2;37;14;10m▄[38;2;101;72;59m[48;2;107;78;62m▄[38;2;179;132;106m[48;2;179;133;104m▄[38;2;183;137;108m[48;2;182;134;106m▄[38;2;181;135;106m[48;2;180;133;105m▄[38;2;182;136;107m[48;2;180;132;105m▄[38;2;185;139;109m[48;2;180;133;105m▄[38;2;187;141;111m[48;2;180;135;106m▄[38;2;190;144;114m[48;2;171;125;98m▄[38;2;194;146;116m[48;2;156;110;86m▄[38;2;173;113;92m[48;2;74;37;31m▄[38;2;105;53;44m[48;2;31;15;12m▄[38;2;126;65;49m[48;2;109;58;47m▄[38;2;147;73;56m[48;2;147;78;61m▄[38;2;154;80;62m[48;2;150;81;63m▄[38;2;140;69;55m[48;2;182;97;71m▄[38;2;169;87;68m[48;2;182;97;74m▄[38;2;81;39;28m[48;2;84;44;35m▄[38;2;55;17;11m[48;2;52;19;13m▄[38;2;50;20;14m[48;2;55;24;16m▄[38;2;5;7;4m[48;2;21;14;13m▄[38;2;14;11;9m[48;2;23;16;14m▄[38;2;17;13;11m[48;2;20;15;13m▄[38;2;24;18;15m[48;2;22;18;16m▄[38;2;18;16;13m[48;2;30;22;20m▄[38;2;25;20;18m[48;2;29;24;21m▄[38;2;18;15;14m[48;2;27;23;21m▄[38;2;28;16;14m[48;2;30;18;17m▄[38;2;60;43;42m[48;2;57;43;44m▄[38;2;57;47;47m[48;2;66;55;59m▄[38;2;67;56;57m[48;2;70;57;57m▄[38;2;59;26;21m[48;2;42;21;18m▄[38;2;61;31;25m[48;2;52;31;26m▄[38;2;44;37;36m[48;2;78;59;49m▄[38;2;51;35;26m[48;2;41;34;31m▄[38;2;72;44;30m[48;2;42;36;31m▄[38;2;67;57;62m[48;2;101;88;87m▄[38;2;122;102;101m[48;2;115;103;108m▄[38;2;142;119;113m[48;2;134;113;111m▄[38;2;138;118;116m[48;2;84;71;70m▄[38;2;120;80;69m[48;2;20;9;6m▄[38;2;133;72;56m[48;2;94;49;39m▄[38;2;142;79;62m[48;2;138;74;61m▄[38;2;142;81;63m[48;2;133;71;57m▄[38;2;136;73;58m[48;2;104;58;48m▄[38;2;174;98;80m[48;2;93;57;47m▄[38;2;148;86;67m[48;2;37;23;20m▄[38;2;123;74;59m[48;2;134;87;69m▄[38;2;184;96;75m[48;2;173;115;85m▄[38;2;170;101;82m[48;2;179;123;95m▄[38;2;178;107;81m[48;2;181;125;96m▄[38;2;176;90;65m[48;2;184;127;95m▄[38;2;158;72;48m[48;2;179;118;76m▄[38;2;127;78;49m[48;2;153;95;60m▄[38;2;158;97;52m[48;2;145;113;88m▄[38;2;106;71;48m[48;2;151;120;92m▄[38;2;34;28;27m[48;2;156;102;63m▄[38;2;54;44;48m[48;2;179;115;69m▄[0m
[38;2;76;39;28m[48;2;84;39;31m▄[38;2;71;36;26m[48;2;73;32;23m▄[38;2;42;17;12m[48;2;34;12;9m▄[38;2;94;65;52m[48;2;94;66;54m▄[38;2;178;132;104m[48;2;178;131;104m▄[38;2;183;135;107m[48;2;186;138;109m▄[38;2;136;93;78m[48;2;186;138;107m▄[38;2;134;85;72m[48;2;179;133;105m▄[38;2;119;77;66m[48;2;161;117;95m▄[38;2;106;66;56m[48;2;144;105;86m▄[38;2;88;52;46m[48;2;133;94;78m▄[38;2;84;46;39m[48;2;112;77;66m▄[38;2;72;47;44m[48;2;95;61;55m▄[38;2;41;21;20m[48;2;72;35;31m▄[38;2;12;7;6m[48;2;68;36;29m▄[38;2;17;8;6m[48;2;87;42;33m▄[38;2;37;17;15m[48;2;118;58;47m▄[38;2;48;24;21m[48;2;128;56;51m▄[38;2;78;46;40m[48;2;127;66;56m▄[38;2;107;69;61m[48;2;84;49;40m▄[38;2;106;65;61m[48;2;68;29;23m▄[38;2;128;74;64m[48;2;57;25;19m▄[38;2;112;66;56m[48;2;52;30;26m▄[38;2;117;66;57m[48;2;89;50;46m▄[38;2;154;85;72m[48;2;108;60;53m▄[38;2;135;76;64m[48;2;96;54;46m▄[38;2;25;17;17m[48;2;8;11;9m▄[38;2;22;14;15m[48;2;9;6;5m▄[38;2;10;5;6m[48;2;0;0;0m▄[38;2;16;4;4m[48;2;18;6;4m▄[38;2;57;42;43m[48;2;59;41;40m▄[38;2;49;39;39m[48;2;50;40;40m▄[38;2;67;55;56m[48;2;66;54;55m▄[38;2;52;41;39m[48;2;70;46;45m▄[38;2;105;76;62m[48;2;63;41;42m▄[38;2;110;71;47m[48;2;49;41;40m▄[38;2;116;70;39m[48;2;71;43;27m▄[38;2;145;89;51m[48;2;141;87;48m▄[38;2;154;94;55m[48;2;125;79;52m▄[38;2;126;78;49m[48;2;89;54;39m▄[38;2;118;73;48m[48;2;95;60;45m▄[38;2;122;72;44m[48;2;134;90;72m▄[38;2;122;77;49m[48;2;135;81;65m▄[38;2;91;60;44m[48;2;145;78;57m▄[38;2;64;35;28m[48;2;151;81;62m▄[38;2;92;44;34m[48;2;119;61;53m▄[38;2;95;48;37m[48;2;140;73;59m▄[38;2;88;45;33m[48;2;148;79;59m▄[38;2;129;65;50m[48;2;130;80;64m▄[38;2;139;78;64m[48;2;94;54;45m▄[38;2;9;7;12m[48;2;112;44;31m▄[38;2;16;11;13m[48;2;134;81;66m▄[38;2;91;70;62m[48;2;136;82;67m▄[38;2;158;122;104m[48;2;127;69;56m▄[38;2;140;104;89m[48;2;138;75;55m▄[38;2;114;77;58m[48;2;132;83;55m▄[38;2;121;81;54m[48;2;121;74;41m▄[38;2;79;59;47m[48;2;63;40;25m▄[38;2;94;80;78m[48;2;0;0;0m▄[38;2;110;95;95m[48;2;1;3;8m▄[0m
[38;2;106;58;41m[48;2;73;41;31m▄[38;2;97;54;39m[48;2;55;32;24m▄[38;2;52;22;16m[48;2;41;17;10m▄[38;2;88;60;48m[48;2;95;66;52m▄[38;2;172;126;103m[48;2;181;135;108m▄[38;2;115;77;65m[48;2;144;102;81m▄[38;2;102;67;58m[48;2;99;60;53m▄[38;2;105;58;51m[48;2;97;53;48m▄[38;2;119;71;62m[48;2;128;80;67m▄[38;2;73;50;44m[48;2;96;62;56m▄[38;2;55;29;27m[48;2;87;53;47m▄[38;2;85;46;36m[48;2;77;36;28m▄[38;2;90;56;50m[48;2;91;54;49m▄[38;2;86;57;54m[48;2;76;44;41m▄[38;2;78;54;52m[48;2;53;24;20m▄[38;2;90;58;51m[48;2;63;36;32m▄[38;2;90;54;47m[48;2;65;38;35m▄[38;2;55;30;26m[48;2;45;24;21m▄[38;2;86;54;47m[48;2;82;46;38m▄[38;2;80;47;41m[48;2;81;49;43m▄[38;2;44;21;19m[48;2;62;35;33m▄[38;2;68;42;39m[48;2;93;48;40m▄[38;2;98;62;58m[48;2;108;67;59m▄[38;2;94;55;53m[48;2;126;72;66m▄[38;2;61;34;31m[48;2;160;91;77m▄[38;2;90;56;50m[48;2;171;100;84m▄[38;2;70;43;41m[48;2;57;35;31m▄[38;2;25;14;12m[48;2;12;3;3m▄[38;2;25;13;11m[48;2;7;0;0m▄[38;2;28;11;10m[48;2;17;5;3m▄[38;2;61;45;46m[48;2;62;47;49m▄[38;2;98;82;83m[48;2;87;74;77m▄[38;2;82;68;67m[48;2;75;63;65m▄[38;2;0;0;0m[48;2;0;0;0m▄[38;2;51;44;42m[48;2;49;34;22m▄[38;2;115;96;89m[48;2;90;63;47m▄[38;2;102;84;78m[48;2;90;63;49m▄[38;2;93;74;62m[48;2;81;59;48m▄[38;2;105;81;69m[48;2;82;60;49m▄[38;2;38;32;32m[48;2;84;60;47m▄[38;2;19;19;20m[48;2;73;51;41m▄[38;2;176;141;121m[48;2;151;116;96m▄[38;2;146;116;101m[48;2;78;61;55m▄[38;2;141;111;96m[48;2;2;3;6m▄[38;2;181;142;121m[48;2;53;42;40m▄[38;2;191;151;130m[48;2;136;91;74m▄[38;2;182;132;113m[48;2;112;54;40m▄[38;2;164;115;97m[48;2;110;47;35m▄[38;2;165;132;111m[48;2;134;79;63m▄[38;2;171;138;116m[48;2;140;107;90m▄[38;2;180;143;121m[48;2;90;74;66m▄[38;2;186;148;125m[48;2;75;62;56m▄[38;2;183;146;124m[48;2;98;82;73m▄[38;2;165;134;115m[48;2;180;147;125m▄[38;2;36;31;30m[48;2;88;75;70m▄[38;2;0;0;0m[48;2;0;0;0m▄[38;2;51;42;38m[48;2;42;29;22m▄[38;2;151;124;108m[48;2;52;40;34m▄[38;2;60;50;51m[48;2;66;55;61m▄[38;2;50;41;43m[48;2;83;70;72m▄[0m
[38;2;86;50;37m[48;2;82;45;33m▄[38;2;71;41;29m[48;2;74;39;29m▄[38;2;39;17;10m[48;2;39;14;8m▄[38;2;89;62;47m[48;2;92;63;49m▄[38;2;105;76;61m[48;2;128;90;75m▄[38;2;83;49;44m[48;2;74;46;41m▄[38;2;105;63;56m[48;2;104;64;55m▄[38;2;103;57;44m[48;2;133;78;65m▄[38;2;108;72;66m[48;2;121;77;68m▄[38;2;76;47;44m[48;2;36;23;23m▄[38;2;73;42;36m[48;2;53;21;17m▄[38;2;82;55;50m[48;2;90;53;45m▄[38;2;101;60;51m[48;2;69;39;35m▄[38;2;49;26;23m[48;2;80;58;56m▄[38;2;25;11;10m[48;2;102;79;78m▄[38;2;36;18;15m[48;2;73;43;39m▄[38;2;36;17;13m[48;2;39;18;15m▄[38;2;68;42;38m[48;2;41;19;16m▄[38;2;42;27;25m[48;2;58;35;33m▄[38;2;20;8;8m[48;2;37;18;16m▄[38;2;29;14;12m[48;2;25;10;8m▄[38;2;5;1;1m[48;2;37;21;18m▄[38;2;15;8;7m[48;2;61;38;36m▄[38;2;29;15;13m[48;2;65;38;36m▄[38;2;40;21;20m[48;2;43;23;23m▄[38;2;47;21;16m[48;2;41;21;21m▄[38;2;39;20;17m[48;2;62;36;33m▄[38;2;31;17;16m[48;2;51;28;25m▄[38;2;4;1;0m[48;2;22;11;10m▄[38;2;21;6;4m[48;2;29;11;9m▄[38;2;52;36;39m[48;2;64;48;51m▄[38;2;72;57;58m[48;2;85;72;73m▄[38;2;91;50;27m[48;2;75;54;45m▄[38;2;76;37;19m[48;2;6;4;3m▄[38;2;90;53;42m[48;2;46;42;41m▄[38;2;118;91;80m[48;2;117;97;88m▄[38;2;113;92;80m[48;2;107;86;78m▄[38;2;93;75;70m[48;2;87;63;51m▄[38;2;95;78;85m[48;2;73;52;43m▄[38;2;128;103;94m[48;2;54;44;41m▄[38;2;25;20;17m[48;2;0;0;0m▄[38;2;57;44;38m[48;2;143;114;98m▄[38;2;147;115;100m[48;2;189;150;129m▄[38;2;137;109;93m[48;2;175;139;119m▄[38;2;157;125;104m[48;2;191;150;129m▄[38;2;157;124;103m[48;2;181;143;123m▄[38;2;165;131;110m[48;2;167;135;113m▄[38;2;184;148;126m[48;2;170;139;118m▄[38;2;173;138;115m[48;2;180;143;122m▄[38;2;166;133;110m[48;2;179;143;120m▄[38;2;151;120;101m[48;2;178;142;121m▄[38;2;130;104;86m[48;2;172;137;117m▄[38;2;145;114;100m[48;2;161;127;108m▄[38;2;83;65;60m[48;2;118;93;84m▄[38;2;0;0;0m[48;2;0;1;1m▄[38;2;92;75;67m[48;2;11;8;8m▄[38;2;157;127;111m[48;2;122;97;86m▄[38;2;148;119;101m[48;2;171;137;119m▄[38;2;167;135;116m[48;2;132;109;97m▄[38;2;113;94;85m[48;2;69;60;59m▄[0m
[38;2;69;39;31m[48;2;97;52;37m▄[38;2;58;33;25m[48;2;89;47;33m▄[38;2;40;20;14m[48;2;48;18;11m▄[38;2;80;54;43m[48;2;75;49;37m▄[38;2;160;124;104m[48;2;159;118;93m▄[38;2;74;56;56m[48;2;88;59;49m▄[38;2;33;22;28m[48;2;81;43;34m▄[38;2;35;26;28m[48;2;56;28;24m▄[38;2;30;18;16m[48;2;88;59;52m▄[38;2;66;40;41m[48;2;150;95;76m▄[38;2;117;75;76m[48;2;173;106;86m▄[38;2;132;81;70m[48;2;153;88;71m▄[38;2;123;72;70m[48;2;156;85;68m▄[38;2;124;63;50m[48;2;136;73;59m▄[38;2;138;89;88m[48;2;77;51;52m▄[38;2;113;94;112m[48;2;59;41;44m▄[38;2;80;61;82m[48;2;33;12;4m▄[38;2;78;67;91m[48;2;41;22;16m▄[38;2;82;69;96m[48;2;31;13;7m▄[38;2;80;69;99m[48;2;19;5;0m▄[38;2;85;72;100m[48;2;30;9;4m▄[38;2;92;78;106m[48;2;23;7;3m▄[38;2;80;74;109m[48;2;19;7;4m▄[38;2;82;76;107m[48;2;7;0;0m▄[38;2;78;75;108m[48;2;19;5;3m▄[38;2;81;76;108m[48;2;21;4;0m▄[38;2;83;69;91m[48;2;21;5;0m▄[38;2;83;61;73m[48;2;11;3;0m▄[38;2;84;56;60m[48;2;4;0;0m▄[38;2;86;50;46m[48;2;13;1;0m▄[38;2;82;57;56m[48;2;47;34;39m▄[38;2;92;65;62m[48;2;103;70;64m▄[38;2;108;58;45m[48;2;125;60;40m▄[38;2;126;71;53m[48;2;113;62;49m▄[38;2;117;72;54m[48;2;108;62;47m▄[38;2;109;61;40m[48;2;98;64;50m▄[38;2;109;83;72m[48;2;125;106;96m▄[38;2;70;62;61m[48;2;105;88;82m▄[38;2;65;52;45m[48;2;46;31;28m▄[38;2;85;72;67m[48;2;99;79;69m▄[38;2;113;106;123m[48;2;118;101;89m▄[38;2;115;109;136m[48;2;5;6;3m▄[38;2;104;100;139m[48;2;80;65;57m▄[38;2;132;127;149m[48;2;144;121;105m▄[38;2;126;118;135m[48;2;166;134;113m▄[38;2;126;120;138m[48;2;159;129;109m▄[38;2;143;136;143m[48;2;149;122;102m▄[38;2;110;107;122m[48;2;150;123;102m▄[38;2;112;108;127m[48;2;143;116;96m▄[38;2;117;109;146m[48;2;134;105;87m▄[38;2;130;126;155m[48;2;125;106;90m▄[38;2;126;120;146m[48;2;141;118;101m▄[38;2;116;113;139m[48;2;136;114;99m▄[38;2;108;110;134m[48;2;45;39;35m▄[38;2;101;98;142m[48;2;3;3;3m▄[38;2;103;97;152m[48;2;92;77;68m▄[38;2;108;101;146m[48;2;108;87;77m▄[38;2;104;98;135m[48;2;104;86;76m▄[38;2;115;103;137m[48;2;123;99;79m▄[38;2;132;91;87m[48;2;147;112;91m▄[0m
[38;2;82;63;60m[48;2;95;46;31m▄[38;2;71;45;39m[48;2;104;53;34m▄[38;2;75;44;36m[48;2;106;68;55m▄[38;2;132;88;68m[48;2;113;75;64m▄[38;2;147;95;73m[48;2;115;94;88m▄[38;2;146;93;70m[48;2;98;78;79m▄[38;2;148;95;70m[48;2;94;78;80m▄[38;2;145;95;72m[48;2;97;85;90m▄[38;2;140;102;95m[48;2;85;83;105m▄[38;2;134;102;103m[48;2;66;69;105m▄[38;2;129;98;95m[48;2;73;74;111m▄[38;2;124;93;90m[48;2;99;94;112m▄[38;2;124;89;82m[48;2;88;80;97m▄[38;2;126;89;77m[48;2;79;73;79m▄[38;2;128;89;75m[48;2;91;84;88m▄[38;2;131;90;75m[48;2;90;86;100m▄[38;2;137;95;80m[48;2;99;96;130m▄[38;2;139;96;78m[48;2;107;101;133m▄[38;2;123;80;66m[48;2;115;108;130m▄[38;2;85;45;38m[48;2;126;117;133m▄[38;2;100;59;51m[48;2;130;118;124m▄[38;2;88;54;48m[48;2;137;124;131m▄[38;2;65;46;39m[48;2;137;123;134m▄[38;2;74;55;48m[48;2;147;132;135m▄[38;2;76;59;52m[48;2;136;123;127m▄[38;2;64;44;33m[48;2;128;113;125m▄[38;2;57;38;24m[48;2;139;124;137m▄[38;2;64;46;31m[48;2;135;120;137m▄[38;2;74;49;36m[48;2;122;93;115m▄[38;2;90;56;43m[48;2;128;90;100m▄[38;2;47;31;31m[48;2;97;62;59m▄[38;2;12;11;19m[48;2;95;65;55m▄[38;2;61;45;49m[48;2;142;101;87m▄[38;2;98;68;71m[48;2;194;120;97m▄[38;2;97;69;73m[48;2;191;113;91m▄[38;2;94;60;52m[48;2;209;128;105m▄[38;2;84;45;36m[48;2;164;121;108m▄[38;2;80;46;36m[48;2;119;75;64m▄[38;2;69;40;33m[48;2;124;97;92m▄[38;2;67;40;34m[48;2;111;89;85m▄[38;2;61;40;45m[48;2;121;108;126m▄[38;2;47;28;27m[48;2;125;114;134m▄[38;2;50;27;20m[48;2;115;102;123m▄[38;2;55;32;27m[48;2;114;100;120m▄[38;2;65;41;35m[48;2;114;96;114m▄[38;2;61;35;29m[48;2;121;102;112m▄[38;2;60;33;25m[48;2;127;109;112m▄[38;2;66;39;29m[48;2;126;112;121m▄[38;2;65;37;26m[48;2;119;104;114m▄[38;2;67;39;29m[48;2;122;106;118m▄[38;2;66;38;28m[48;2;120;102;116m▄[38;2;63;38;29m[48;2;127;111;121m▄[38;2;64;39;30m[48;2;125;107;119m▄[38;2;65;38;31m[48;2;126;111;120m▄[38;2;58;34;27m[48;2;116;99;119m▄[38;2;59;37;31m[48;2;112;94;129m▄[38;2;67;52;51m[48;2;126;104;116m▄[38;2;65;53;58m[48;2;108;92;100m▄[38;2;63;46;46m[48;2;108;95;124m▄[38;2;63;38;29m[48;2;120;101;138m▄[0m
[38;2;56;54;60m[48;2;61;71;80m▄[38;2;38;41;47m[48;2;32;40;49m▄[38;2;30;25;22m[48;2;36;31;30m▄[38;2;143;110;88m[48;2;151;116;95m▄[38;2;178;133;104m[48;2;181;134;106m▄[38;2;178;132;104m[48;2;181;136;108m▄[38;2;178;133;106m[48;2;183;137;111m▄[38;2;178;132;107m[48;2;184;139;111m▄[38;2;177;132;105m[48;2;185;137;108m▄[38;2;178;133;105m[48;2;186;137;105m▄[38;2;143;96;70m[48;2;188;140;104m▄[38;2;125;77;54m[48;2;189;141;105m▄[38;2;130;81;59m[48;2;189;141;107m▄[38;2;101;69;56m[48;2;194;144;112m▄[38;2;48;34;30m[48;2;183;136;108m▄[38;2;28;19;16m[48;2;168;123;96m▄[38;2;56;34;31m[48;2;159;118;92m▄[38;2;79;50;43m[48;2;165;127;99m▄[38;2;74;49;42m[48;2;138;104;84m▄[38;2;38;20;18m[48;2;52;21;17m▄[38;2;49;20;16m[48;2;59;21;12m▄[38;2;47;24;19m[48;2;40;17;11m▄[38;2;12;14;11m[48;2;2;9;5m▄[38;2;18;19;18m[48;2;0;3;0m▄[38;2;19;22;18m[48;2;0;4;1m▄[38;2;24;30;29m[48;2;15;27;25m▄[38;2;22;26;26m[48;2;16;32;31m▄[38;2;9;13;13m[48;2;18;34;35m▄[38;2;1;8;4m[48;2;17;32;40m▄[38;2;20;9;4m[48;2;32;30;32m▄[38;2;16;13;22m[48;2;16;16;27m▄[38;2;10;17;38m[48;2;15;21;41m▄[38;2;23;32;53m[48;2;15;25;48m▄[38;2;22;31;49m[48;2;8;22;42m▄[38;2;17;18;20m[48;2;5;12;18m▄[38;2;20;16;12m[48;2;4;7;6m▄[38;2;22;17;13m[48;2;3;7;6m▄[38;2;12;10;8m[48;2;0;3;3m▄[38;2;14;11;9m[48;2;2;6;6m▄[38;2;25;20;18m[48;2;8;10;9m▄[38;2;20;19;19m[48;2;8;10;12m▄[38;2;9;12;16m[48;2;0;3;8m▄[38;2;2;4;9m[48;2;0;0;5m▄[38;2;1;2;8m[48;2;0;0;6m▄[38;2;0;0;6m[48;2;0;1;8m▄[38;2;0;1;7m[48;2;0;4;12m▄[38;2;0;4;10m[48;2;3;9;18m▄[38;2;7;10;19m[48;2;4;9;18m▄[38;2;10;13;23m[48;2;3;9;19m▄[38;2;12;15;24m[48;2;6;13;23m▄[38;2;13;16;25m[48;2;7;13;23m▄[38;2;13;16;25m[48;2;4;11;21m▄[38;2;13;16;25m[48;2;3;10;20m▄[38;2;14;17;26m[48;2;4;11;22m▄[38;2;13;16;25m[48;2;7;14;25m▄[38;2;11;14;26m[48;2;6;13;23m▄[38;2;10;12;25m[48;2;3;8;18m▄[38;2;10;12;25m[48;2;1;6;17m▄[38;2;8;11;24m[48;2;0;7;18m▄[38;2;8;11;24m[48;2;1;8;23m▄[0m
[38;2;75;35;26m[48;2;63;37;30m▄[38;2;67;28;21m[48;2;51;27;23m▄[38;2;39;18;13m[48;2;29;17;14m▄[38;2;126;94;74m[48;2;134;103;82m▄[38;2;182;135;106m[48;2;180;133;105m▄[38;2;181;134;105m[48;2;180;132;103m▄[38;2;181;134;104m[48;2;179;133;104m▄[38;2;180;134;102m[48;2;178;133;106m▄[38;2;180;134;104m[48;2;178;133;105m▄[38;2;179;134;105m[48;2;178;135;105m▄[38;2;172;126;100m[48;2;130;82;58m▄[38;2;177;128;103m[48;2;109;57;37m▄[38;2;98;72;59m[48;2;74;41;29m▄[38;2;121;57;45m[48;2;4;0;1m▄[38;2;130;70;57m[48;2;3;0;1m▄[38;2;129;72;57m[48;2;23;13;15m▄[38;2;204;111;82m[48;2;134;78;65m▄[38;2;183;99;75m[48;2;204;116;91m▄[38;2;164;86;66m[48;2;207;117;91m▄[38;2;198;105;79m[48;2;174;99;77m▄[38;2;99;49;39m[48;2;77;39;33m▄[38;2;44;18;16m[48;2;41;19;16m▄[38;2;21;15;14m[48;2;5;7;7m▄[38;2;25;17;15m[48;2;18;18;18m▄[38;2;24;17;14m[48;2;17;19;16m▄[38;2;26;20;16m[48;2;13;14;9m▄[38;2;31;23;21m[48;2;12;13;7m▄[38;2;31;24;21m[48;2;10;14;8m▄[38;2;27;22;20m[48;2;12;21;15m▄[38;2;27;12;10m[48;2;28;14;12m▄[38;2;88;85;95m[48;2;42;39;48m▄[38;2;128;137;158m[48;2;49;57;78m▄[38;2;28;34;52m[48;2;14;20;39m▄[38;2;12;15;33m[48;2;18;25;46m▄[38;2;13;17;35m[48;2;17;24;44m▄[38;2;5;11;22m[48;2;9;12;19m▄[38;2;8;14;26m[48;2;13;11;13m▄[38;2;11;13;22m[48;2;17;10;5m▄[38;2;5;9;18m[48;2;17;10;7m▄[38;2;1;6;16m[48;2;9;8;11m▄[38;2;0;3;12m[48;2;3;6;15m▄[38;2;1;3;12m[48;2;2;6;15m▄[38;2;2;5;13m[48;2;3;5;12m▄[38;2;11;15;22m[48;2;4;6;14m▄[38;2;63;49;52m[48;2;28;24;31m▄[38;2;83;59;71m[48;2;39;31;39m▄[38;2;117;87;103m[48;2;34;27;34m▄[38;2;28;22;32m[48;2;9;10;16m▄[38;2;6;9;14m[48;2;9;12;20m▄[38;2;5;8;15m[48;2;9;12;20m▄[38;2;6;11;20m[48;2;10;14;22m▄[38;2;9;13;23m[48;2;13;16;25m▄[38;2;10;13;27m[48;2;15;17;27m▄[38;2;10;13;27m[48;2;15;17;27m▄[38;2;10;13;27m[48;2;14;17;28m▄[38;2;9;12;25m[48;2;12;14;26m▄[38;2;6;10;24m[48;2;12;13;26m▄[38;2;5;9;23m[48;2;10;11;24m▄[38;2;4;9;19m[48;2;8;10;23m▄[38;2;3;8;18m[48;2;7;10;24m▄[0m
[38;2;80;37;26m[48;2;76;35;24m▄[38;2;69;30;21m[48;2;65;29;19m▄[38;2;35;15;10m[48;2;36;16;10m▄[38;2;115;83;65m[48;2;119;87;68m▄[38;2;183;135;107m[48;2;182;135;107m▄[38;2;186;138;109m[48;2;183;135;107m▄[38;2;188;141;110m[48;2;181;135;107m▄[38;2;187;140;109m[48;2;182;135;106m▄[38;2;178;130;104m[48;2;184;137;108m▄[38;2;165;120;96m[48;2;185;137;108m▄[38;2;162;117;93m[48;2;187;140;111m▄[38;2;142;98;78m[48;2;194;146;116m▄[38;2;105;67;57m[48;2;173;129;103m▄[38;2;106;59;50m[48;2;135;75;59m▄[38;2;105;57;48m[48;2;149;79;61m▄[38;2;84;44;37m[48;2;152;84;67m▄[38;2;93;51;44m[48;2;173;92;69m▄[38;2;137;73;58m[48;2;187;94;70m▄[38;2;124;61;53m[48;2;173;87;68m▄[38;2;82;39;34m[48;2;150;72;60m▄[38;2;69;29;23m[48;2;71;29;22m▄[38;2;48;20;16m[48;2;42;17;11m▄[38;2;3;3;3m[48;2;7;8;7m▄[38;2;7;6;4m[48;2;12;11;8m▄[38;2;18;14;13m[48;2;12;12;10m▄[38;2;20;15;16m[48;2;14;13;12m▄[38;2;17;14;13m[48;2;20;17;17m▄[38;2;6;5;4m[48;2;23;18;17m▄[38;2;0;0;0m[48;2;15;13;12m▄[38;2;22;4;3m[48;2;31;14;12m▄[38;2;62;54;55m[48;2;58;47;41m▄[38;2;70;68;65m[48;2;78;73;62m▄[38;2;28;25;21m[48;2;49;45;38m▄[38;2;64;62;56m[48;2;30;24;14m▄[38;2;59;57;53m[48;2;33;26;16m▄[38;2;44;40;36m[48;2;34;27;15m▄[38;2;57;54;49m[48;2;28;23;12m▄[38;2;53;50;46m[48;2;31;26;16m▄[38;2;53;49;45m[48;2;26;21;10m▄[38;2;46;43;37m[48;2;26;20;8m▄[38;2;37;34;25m[48;2;26;20;9m▄[38;2;33;29;21m[48;2;35;31;19m▄[38;2;14;10;8m[48;2;21;20;17m▄[38;2;64;44;32m[48;2;5;5;6m▄[38;2;99;68;49m[48;2;36;26;23m▄[38;2;90;71;64m[48;2;75;55;62m▄[38;2;112;81;61m[48;2;117;89;96m▄[38;2;126;84;56m[48;2;73;55;49m▄[38;2;9;5;3m[48;2;11;11;11m▄[38;2;46;41;35m[48;2;37;35;28m▄[38;2;43;37;27m[48;2;31;28;19m▄[38;2;30;27;19m[48;2;26;25;18m▄[38;2;32;28;21m[48;2;29;28;23m▄[38;2;31;28;23m[48;2;28;28;22m▄[38;2;27;25;21m[48;2;28;26;21m▄[38;2;25;23;19m[48;2;29;27;21m▄[38;2;23;21;17m[48;2;27;26;22m▄[38;2;20;19;15m[48;2;23;22;20m▄[38;2;17;14;11m[48;2;21;20;17m▄[38;2;15;12;10m[48;2;20;19;16m▄[0m
[38;2;75;41;33m[48;2;76;39;28m▄[38;2;52;28;22m[48;2;65;32;22m▄[38;2;46;20;14m[48;2;46;20;14m▄[38;2;112;82;64m[48;2;113;82;65m▄[38;2;182;136;105m[48;2;185;138;106m▄[38;2;131;88;73m[48;2;182;135;105m▄[38;2;90;46;44m[48;2;156;108;88m▄[38;2;125;75;65m[48;2;148;102;84m▄[38;2;108;69;62m[48;2;127;81;68m▄[38;2;70;44;37m[48;2;107;69;60m▄[38;2;100;69;66m[48;2;91;49;44m▄[38;2;108;65;56m[48;2;98;55;46m▄[38;2;100;59;51m[48;2;75;45;42m▄[38;2;80;46;44m[48;2;50;27;26m▄[38;2;71;32;27m[48;2;40;21;19m▄[38;2;68;43;38m[48;2;54;27;23m▄[38;2;66;34;32m[48;2;31;15;12m▄[38;2;46;21;20m[48;2;34;18;15m▄[38;2;82;46;39m[48;2;73;42;36m▄[38;2;69;39;36m[48;2;80;48;44m▄[38;2;66;32;29m[48;2;110;69;64m▄[38;2;90;51;45m[48;2;104;64;56m▄[38;2;105;67;62m[48;2;67;46;43m▄[38;2;106;66;61m[48;2;21;13;14m▄[38;2;50;33;31m[48;2;22;11;13m▄[38;2;16;6;6m[48;2;33;20;21m▄[38;2;21;10;10m[48;2;26;18;18m▄[38;2;16;5;4m[48;2;23;14;14m▄[38;2;7;0;0m[48;2;9;4;5m▄[38;2;23;6;5m[48;2;18;2;0m▄[38;2;58;52;52m[48;2;73;68;76m▄[38;2;88;86;84m[48;2;107;107;119m▄[38;2;47;45;41m[48;2;49;48;49m▄[38;2;102;98;96m[48;2;125;123;132m▄[38;2;104;101;102m[48;2;125;123;133m▄[38;2;76;72;72m[48;2;91;87;94m▄[38;2;105;102;102m[48;2;125;126;137m▄[38;2;101;98;98m[48;2;128;128;140m▄[38;2;52;49;48m[48;2;122;121;131m▄[38;2;38;36;32m[48;2;77;76;78m▄[38;2;34;34;32m[48;2;60;60;56m▄[38;2;64;62;60m[48;2;40;37;36m▄[38;2;21;14;13m[48;2;21;14;12m▄[38;2;42;27;26m[48;2;72;51;43m▄[38;2;66;45;39m[48;2;92;63;45m▄[38;2;93;61;41m[48;2;106;71;44m▄[38;2;114;72;46m[48;2;89;63;45m▄[38;2;111;69;44m[48;2;78;61;55m▄[38;2;86;53;41m[48;2;40;26;24m▄[38;2;59;43;45m[48;2;48;42;39m▄[38;2;98;92;87m[48;2;94;92;88m▄[38;2;91;90;81m[48;2;100;98;101m▄[38;2;89;86;78m[48;2;98;93;96m▄[38;2;92;87;81m[48;2;99;93;95m▄[38;2;91;86;80m[48;2;95;89;91m▄[38;2;87;82;75m[48;2;91;85;88m▄[38;2;83;78;72m[48;2;85;80;82m▄[38;2;80;75;68m[48;2;78;72;73m▄[38;2;74;70;65m[48;2;72;64;64m▄[38;2;75;71;66m[48;2;71;62;62m▄[0m
[38;2;78;41;31m[48;2;106;60;41m▄[38;2;60;31;23m[48;2;94;51;34m▄[38;2;38;14;11m[48;2;49;21;14m▄[38;2;104;73;60m[48;2;109;79;65m▄[38;2;133;93;77m[48;2;154;110;88m▄[38;2;86;56;49m[48;2;110;69;60m▄[38;2;88;50;44m[48;2;91;52;48m▄[38;2;114;66;54m[48;2;119;70;58m▄[38;2;80;53;48m[48;2;103;71;63m▄[38;2;52;27;24m[48;2;54;32;30m▄[38;2;74;33;26m[48;2;67;52;53m▄[38;2;51;24;21m[48;2;65;48;47m▄[38;2;41;23;23m[48;2;95;58;51m▄[38;2;65;32;28m[48;2;78;43;42m▄[38;2;107;67;59m[48;2;84;46;39m▄[38;2;95;57;48m[48;2;103;68;59m▄[38;2;54;27;23m[48;2;85;47;44m▄[38;2;73;42;38m[48;2;76;45;41m▄[38;2;79;48;44m[48;2;110;70;62m▄[38;2;42;20;18m[48;2;74;42;40m▄[38;2;42;17;15m[48;2;61;31;28m▄[38;2;51;29;25m[48;2;62;37;33m▄[38;2;86;56;49m[48;2;94;55;50m▄[38;2;91;57;51m[48;2;102;59;53m▄[38;2;110;65;58m[48;2;130;79;71m▄[38;2;144;95;83m[48;2;70;49;44m▄[38;2;53;34;32m[48;2;29;15;13m▄[38;2;12;2;2m[48;2;33;16;15m▄[38;2;25;12;10m[48;2;30;14;14m▄[38;2;33;13;12m[48;2;31;12;12m▄[38;2;64;48;38m[48;2;63;48;39m▄[38;2;73;62;48m[48;2;90;77;63m▄[38;2;40;35;28m[48;2;51;45;38m▄[38;2;74;62;48m[48;2;104;90;76m▄[38;2;71;62;51m[48;2;104;89;77m▄[38;2;53;50;47m[48;2;72;62;53m▄[38;2;77;74;73m[48;2;100;86;71m▄[38;2;88;89;94m[48;2;65;50;45m▄[38;2;77;74;76m[48;2;58;46;37m▄[38;2;57;49;42m[48;2;84;74;59m▄[38;2;58;50;37m[48;2;45;37;27m▄[38;2;73;62;44m[48;2;52;43;31m▄[38;2;59;45;39m[48;2;50;38;32m▄[38;2;31;19;18m[48;2;28;17;18m▄[38;2;40;24;24m[48;2;57;38;34m▄[38;2;59;38;33m[48;2;85;55;42m▄[38;2;85;56;37m[48;2;111;70;45m▄[38;2;87;58;39m[48;2;113;71;47m▄[38;2;44;27;22m[48;2;76;49;36m▄[38;2;71;49;52m[48;2;60;40;43m▄[38;2;74;59;50m[48;2;95;75;67m▄[38;2;45;40;21m[48;2;79;72;50m▄[38;2;46;40;24m[48;2;83;74;54m▄[38;2;44;38;25m[48;2;85;75;60m▄[38;2;37;31;21m[48;2;83;74;61m▄[38;2;37;32;23m[48;2;81;72;57m▄[38;2;34;31;23m[48;2;75;66;51m▄[38;2;28;25;17m[48;2;70;61;46m▄[38;2;23;21;13m[48;2;65;56;42m▄[38;2;24;23;12m[48;2;66;59;43m▄[0m
[38;2;91;48;33m[48;2;93;52;37m▄[38;2;79;42;29m[48;2;72;39;28m▄[38;2;45;19;14m[48;2;44;19;13m▄[38;2;83;54;44m[48;2;92;63;51m▄[38;2;91;54;47m[48;2;97;65;54m▄[38;2;88;51;41m[48;2;93;53;46m▄[38;2;57;28;22m[48;2;94;50;43m▄[38;2;71;45;40m[48;2;106;70;62m▄[38;2;91;51;42m[48;2;113;70;60m▄[38;2;93;46;37m[48;2;146;79;62m▄[38;2;102;51;42m[48;2;161;85;69m▄[38;2;108;51;39m[48;2;146;73;59m▄[38;2;70;32;25m[48;2;118;75;75m▄[38;2;61;46;48m[48;2;142;114;117m▄[38;2;39;24;21m[48;2;94;62;56m▄[38;2;29;7;1m[48;2;39;20;17m▄[38;2;41;18;13m[48;2;52;26;24m▄[38;2;43;22;18m[48;2;61;38;36m▄[38;2;34;14;10m[48;2;34;20;18m▄[38;2;38;15;12m[48;2;28;13;12m▄[38;2;19;9;7m[48;2;29;14;12m▄[38;2;22;8;9m[48;2;18;7;5m▄[38;2;70;39;37m[48;2;29;13;10m▄[38;2;147;98;84m[48;2;93;63;55m▄[38;2;161;102;87m[48;2;105;70;63m▄[38;2;116;73;69m[48;2;100;57;57m▄[38;2;107;68;63m[48;2;119;73;66m▄[38;2;82;53;45m[48;2;50;37;35m▄[38;2;9;4;0m[48;2;3;1;1m▄[38;2;21;6;2m[48;2;25;7;6m▄[38;2;36;28;26m[48;2;50;38;33m▄[38;2;42;41;41m[48;2;53;52;45m▄[38;2;35;34;34m[48;2;31;30;28m▄[38;2;55;53;55m[48;2;51;51;51m▄[38;2;41;39;40m[48;2;41;38;43m▄[38;2;67;68;78m[48;2;54;61;72m▄[38;2;81;86;96m[48;2;110;129;145m▄[38;2;78;82;92m[48;2;110;130;143m▄[38;2;63;64;73m[48;2;69;78;94m▄[38;2;64;61;68m[48;2;48;49;55m▄[38;2;64;61;66m[48;2;39;36;33m▄[38;2;44;41;41m[48;2;39;35;30m▄[38;2;11;9;8m[48;2;43;31;30m▄[38;2;7;5;5m[48;2;38;25;24m▄[38;2;6;4;4m[48;2;26;16;15m▄[38;2;6;3;3m[48;2;40;24;22m▄[38;2;12;7;6m[48;2;78;50;36m▄[38;2;9;6;5m[48;2;60;40;28m▄[38;2;0;0;0m[48;2;8;3;3m▄[38;2;14;14;12m[48;2;42;28;27m▄[38;2;46;45;42m[48;2;28;23;18m▄[38;2;45;45;43m[48;2;19;20;12m▄[38;2;44;43;41m[48;2;23;23;17m▄[38;2;43;42;39m[48;2;24;22;18m▄[38;2;42;41;38m[48;2;23;22;17m▄[38;2;41;41;38m[48;2;25;24;19m▄[38;2;40;40;37m[48;2;23;22;18m▄[38;2;39;38;37m[48;2;20;20;16m▄[38;2;36;36;34m[48;2;18;19;15m▄[38;2;35;35;32m[48;2;15;17;12m▄[0m
[38;2;98;52;38m[48;2;75;41;35m▄[38;2;116;62;43m[48;2;57;32;25m▄[38;2;110;59;41m[48;2;47;22;16m▄[38;2;120;67;48m[48;2;85;55;43m▄[38;2;111;57;42m[48;2;61;35;29m▄[38;2;95;45;33m[48;2;44;24;26m▄[38;2;101;65;61m[48;2;26;21;29m▄[38;2;113;96;98m[48;2;22;21;23m▄[38;2;102;94;110m[48;2;20;16;24m▄[38;2;108;103;127m[48;2;40;32;46m▄[38;2;111;107;130m[48;2;72;57;73m▄[38;2;94;87;122m[48;2;92;69;91m▄[38;2;113;106;139m[48;2;70;56;81m▄[38;2;123;115;135m[48;2;50;46;76m▄[38;2;117;107;126m[48;2;74;65;97m▄[38;2;117;104;122m[48;2;90;75;104m▄[38;2;116;102;127m[48;2;86;75;104m▄[38;2;132;117;130m[48;2;86;76;110m▄[38;2;128;108;132m[48;2;92;81;121m▄[38;2;130;111;127m[48;2;95;83;122m▄[38;2;142;124;124m[48;2;86;78;107m▄[38;2;156;136;135m[48;2;106;81;98m▄[38;2;142;114;107m[48;2;150;92;82m▄[38;2;137;118;116m[48;2;198;132;115m▄[38;2;143;112;110m[48;2;214;139;122m▄[38;2;161;97;87m[48;2;201;126;107m▄[38;2;136;84;80m[48;2;92;62;67m▄[38;2;132;93;106m[48;2;68;54;76m▄[38;2;129;94;109m[48;2;93;67;78m▄[38;2;134;90;94m[48;2;98;61;59m▄[38;2;91;65;59m[48;2;79;60;57m▄[38;2;62;55;47m[48;2;60;58;57m▄[38;2;75;65;61m[48;2;72;65;67m▄[38;2;68;58;52m[48;2;73;66;67m▄[38;2;80;70;67m[48;2;76;70;69m▄[38;2;83;72;70m[48;2;82;75;77m▄[38;2;83;72;70m[48;2;79;71;73m▄[38;2;83;72;67m[48;2;82;73;75m▄[38;2;83;73;69m[48;2;83;74;77m▄[38;2;82;72;69m[48;2;84;78;81m▄[38;2;81;71;69m[48;2;83;77;79m▄[38;2;84;75;72m[48;2;77;72;73m▄[38;2;66;59;56m[48;2;10;10;9m▄[38;2;20;14;14m[48;2;0;0;0m▄[38;2;25;18;17m[48;2;0;0;0m▄[38;2;66;57;55m[48;2;4;4;4m▄[38;2;70;62;59m[48;2;8;8;8m▄[38;2;21;14;15m[48;2;0;0;0m▄[38;2;38;26;26m[48;2;0;0;0m▄[38;2;64;57;55m[48;2;15;14;13m▄[38;2;62;58;54m[48;2;65;62;59m▄[38;2;57;55;50m[48;2;66;63;60m▄[38;2;52;51;45m[48;2;62;61;57m▄[38;2;38;38;33m[48;2;56;55;51m▄[38;2;27;28;23m[48;2;50;49;45m▄[38;2;23;24;20m[48;2;47;46;42m▄[38;2;19;20;17m[48;2;41;40;38m▄[38;2;17;17;15m[48;2;37;36;35m▄[38;2;15;15;15m[48;2;30;30;28m▄[38;2;11;12;11m[48;2;26;26;25m▄[0m
