[38;2;254;254;254m[48;2;254;254;254m▄[38;2;255;255;255m[48;2;254;254;254m▄[38;2;255;255;255m[48;2;254;254;254m▄[38;2;255;255;255m[48;2;254;254;254m▄[38;2;255;255;255m[48;2;254;254;254m▄[38;2;255;255;255m[48;2;254;254;254m▄[38;2;255;255;255m[48;2;254;254;254m▄[38;2;255;255;255m[48;2;254;254;254m▄[38;2;255;255;255m[48;2;254;254;254m▄[38;2;255;255;255m[48;2;254;254;254m▄[38;2;255;255;255m[48;2;254;254;254m▄[38;2;255;255;255m[48;2;254;254;254m▄[38;2;255;255;255m[48;2;254;254;254m▄[38;2;255;255;255m[48;2;254;254;254m▄[38;2;255;255;255m[48;2;254;254;254m▄[38;2;255;255;255m[48;2;254;254;254m▄[38;2;255;255;255m[48;2;254;254;254m▄[38;2;255;255;255m[48;2;254;254;254m▄[38;2;255;255;255m[48;2;254;254;254m▄[38;2;255;255;255m[48;2;254;254;254m▄[38;2;255;255;255m[48;2;254;254;254m▄[38;2;255;255;255m[48;2;254;254;254m▄[38;2;255;255;255m[48;2;254;254;254m▄[38;2;255;255;255m[48;2;254;254;254m▄[38;2;255;255;255m[48;2;254;254;254m▄[38;2;255;255;255m[48;2;254;254;254m▄[38;2;255;255;255m[48;2;254;254;254m▄[38;2;255;255;255m[48;2;254;254;254m▄[38;2;255;255;255m[48;2;254;254;254m▄[38;2;255;255;255m[48;2;254;254;254m▄[38;2;158;158;159m[48;2;152;154;154m▄[38;2;18;23;23m[48;2;73;98;96m▄[38;2;14;18;15m[48;2;75;98;94m▄[38;2;22;21;16m[48;2;19;28;27m▄[38;2;28;27;20m[48;2;1;5;1m▄[38;2;35;33;26m[48;2;15;19;11m▄[38;2;38;35;27m[48;2;19;23;17m▄[38;2;41;35;29m[48;2;25;25;21m▄[38;2;39;33;26m[48;2;25;25;21m▄[38;2;33;32;26m[48;2;23;25;19m▄[38;2;29;31;25m[48;2;21;23;17m▄[38;2;25;26;21m[48;2;21;23;19m▄[38;2;23;25;21m[48;2;21;23;19m▄[38;2;25;27;23m[48;2;19;21;15m▄[38;2;23;25;21m[48;2;15;17;15m▄[38;2;21;24;20m[48;2;11;15;17m▄[38;2;14;19;16m[48;2;7;13;13m▄[38;2;8;16;15m[48;2;3;11;11m▄[38;2;2;12;9m[48;2;1;9;9m▄[38;2;12;22;21m[48;2;1;5;5m▄[38;2;106;126;128m[48;2;3;7;5m▄[38;2;135;159;163m[48;2;23;30;32m▄[38;2;137;163;168m[48;2;59;73;75m▄[38;2;142;168;172m[48;2;102;121;125m▄[38;2;142;168;171m[48;2;129;154;156m▄[38;2;143;167;168m[48;2;131;154;154m▄[38;2;145;167;169m[48;2;131;152;152m▄[38;2;144;167;169m[48;2;131;150;154m▄[38;2;143;167;168m[48;2;131;150;154m▄[38;2;153;177;178m[48;2;139;164;162m▄[0m
[38;2;255;255;255m[48;2;255;255;255m▄[38;2;255;255;255m[48;2;255;255;255m▄[38;2;255;255;255m[48;2;255;255;255m▄[38;2;255;255;255m[48;2;255;255;255m▄[38;2;255;255;255m[48;2;255;255;255m▄[38;2;255;255;255m[48;2;255;255;255m▄[38;2;255;255;255m[48;2;255;255;255m▄[38;2;255;255;255m[48;2;255;255;255m▄[38;2;255;255;255m[48;2;255;255;255m▄[38;2;255;255;255m[48;2;255;255;255m▄[38;2;255;255;255m[48;2;255;255;255m▄[38;2;255;255;255m[48;2;255;255;255m▄[38;2;255;255;255m[48;2;255;255;255m▄[38;2;255;255;255m[48;2;255;255;255m▄[38;2;255;255;255m[48;2;255;255;255m▄[38;2;255;255;255m[48;2;255;255;255m▄[38;2;255;255;255m[48;2;255;255;255m▄[38;2;255;255;255m[48;2;255;255;255m▄[38;2;255;255;255m[48;2;255;255;255m▄[38;2;255;255;255m[48;2;255;255;255m▄[38;2;255;255;255m[48;2;255;255;255m▄[38;2;255;255;255m[48;2;255;255;255m▄[38;2;255;255;255m[48;2;255;255;255m▄[38;2;255;255;255m[48;2;255;255;255m▄[38;2;255;255;255m[48;2;255;255;255m▄[38;2;255;255;255m[48;2;255;255;255m▄[38;2;255;255;255m[48;2;255;255;255m▄[38;2;255;255;255m[48;2;255;255;255m▄[38;2;255;255;255m[48;2;255;255;255m▄[38;2;255;255;255m[48;2;255;255;255m▄[38;2;149;152;151m[48;2;142;142;142m▄[38;2;1;6;3m[48;2;0;0;0m▄[38;2;25;26;19m[48;2;10;11;5m▄[38;2;56;51;38m[48;2;31;30;20m▄[38;2;82;70;56m[48;2;49;43;32m▄[38;2;92;75;64m[48;2;56;46;36m▄[38;2;105;89;81m[48;2;58;48;36m▄[38;2;136;126;125m[48;2;67;55;41m▄[38;2;143;142;148m[48;2;80;64;55m▄[38;2;117;119;126m[48;2;79;68;60m▄[38;2;99;102;109m[48;2;73;66;61m▄[38;2;105;111;117m[48;2;71;65;60m▄[38;2;112;118;124m[48;2;67;61;56m▄[38;2;104;105;109m[48;2;52;49;42m▄[38;2;90;88;85m[48;2;43;42;35m▄[38;2;72;68;61m[48;2;33;34;27m▄[38;2;60;57;50m[48;2;22;26;22m▄[38;2;35;38;31m[48;2;13;19;16m▄[38;2;20;26;20m[48;2;11;20;14m▄[38;2;17;22;18m[48;2;4;12;7m▄[38;2;5;11;5m[48;2;56;71;71m▄[38;2;85;102;98m[48;2;140;164;167m▄[38;2;148;171;171m[48;2;128;151;154m▄[38;2;133;157;153m[48;2;120;144;146m▄[38;2;132;154;151m[48;2;120;142;145m▄[38;2;129;151;149m[48;2;114;135;138m▄[38;2;123;146;142m[48;2;107;131;131m▄[38;2;117;140;134m[48;2;100;125;124m▄[38;2;112;135;129m[48;2;90;114;112m▄[38;2;116;141;134m[48;2;93;116;114m▄[0m
[38;2;255;255;255m[48;2;255;255;255m▄[38;2;255;255;255m[48;2;255;255;255m▄[38;2;255;255;255m[48;2;255;255;255m▄[38;2;255;255;255m[48;2;255;255;255m▄[38;2;255;255;255m[48;2;255;255;255m▄[38;2;255;255;255m[48;2;255;255;255m▄[38;2;255;255;255m[48;2;255;255;255m▄[38;2;255;255;255m[48;2;255;255;255m▄[38;2;255;255;255m[48;2;255;255;255m▄[38;2;255;255;255m[48;2;255;255;255m▄[38;2;255;255;255m[48;2;255;255;255m▄[38;2;255;255;255m[48;2;255;255;255m▄[38;2;255;255;255m[48;2;255;255;255m▄[38;2;255;255;255m[48;2;255;255;255m▄[38;2;255;255;255m[48;2;255;255;255m▄[38;2;255;255;255m[48;2;255;255;255m▄[38;2;255;255;255m[48;2;255;255;255m▄[38;2;255;255;255m[48;2;255;255;255m▄[38;2;255;255;255m[48;2;255;255;255m▄[38;2;255;255;255m[48;2;255;255;255m▄[38;2;255;255;255m[48;2;255;255;255m▄[38;2;255;255;255m[48;2;255;255;255m▄[38;2;255;255;255m[48;2;255;255;255m▄[38;2;255;255;255m[48;2;255;255;255m▄[38;2;255;255;255m[48;2;255;255;255m▄[38;2;255;255;255m[48;2;255;255;255m▄[38;2;255;255;255m[48;2;255;255;255m▄[38;2;255;255;255m[48;2;255;255;255m▄[38;2;255;255;255m[48;2;255;255;255m▄[38;2;255;255;255m[48;2;255;255;255m▄[38;2;141;142;141m[48;2;142;144;143m▄[38;2;3;7;3m[48;2;3;10;4m▄[38;2;64;66;63m[48;2;64;64;55m▄[38;2;87;77;72m[48;2;101;90;82m▄[38;2;105;91;86m[48;2;121;104;100m▄[38;2;97;88;86m[48;2;134;121;121m▄[38;2;113;106;109m[48;2;141;135;139m▄[38;2;136;130;136m[48;2;150;146;154m▄[38;2;132;122;125m[48;2;144;143;152m▄[38;2;114;107;110m[48;2;126;125;132m▄[38;2;82;77;79m[48;2;107;103;107m▄[38;2;103;97;101m[48;2;130;125;132m▄[38;2;121;120;130m[48;2;141;143;152m▄[38;2;95;95;101m[48;2;111;107;112m▄[38;2;98;96;101m[48;2;99;91;93m▄[38;2;109;107;114m[48;2;96;89;91m▄[38;2;102;100;106m[48;2;96;93;94m▄[38;2;88;86;90m[48;2;76;74;74m▄[38;2;69;69;68m[48;2;40;41;37m▄[38;2;46;47;41m[48;2;25;27;21m▄[38;2;29;33;28m[48;2;15;19;12m▄[38;2;28;34;25m[48;2;42;53;47m▄[38;2;40;40;30m[48;2;132;150;149m▄[38;2;70;72;66m[48;2;145;166;166m▄[38;2;146;163;162m[48;2;154;176;176m▄[38;2;155;176;175m[48;2;145;166;165m▄[38;2;152;174;171m[48;2;143;164;163m▄[38;2;151;173;170m[48;2;143;163;162m▄[38;2;147;168;165m[48;2;140;161;157m▄[38;2;156;178;176m[48;2;145;167;163m▄[0m
[38;2;255;255;255m[48;2;255;255;255m▄[38;2;255;255;255m[48;2;255;255;255m▄[38;2;255;255;255m[48;2;255;255;255m▄[38;2;255;255;255m[48;2;255;255;255m▄[38;2;255;255;255m[48;2;255;255;255m▄[38;2;255;255;255m[48;2;255;255;255m▄[38;2;255;255;255m[48;2;255;255;255m▄[38;2;255;255;255m[48;2;255;255;255m▄[38;2;255;255;255m[48;2;255;255;255m▄[38;2;255;255;255m[48;2;255;255;255m▄[38;2;255;255;255m[48;2;255;255;255m▄[38;2;255;255;255m[48;2;255;255;255m▄[38;2;255;255;255m[48;2;255;255;255m▄[38;2;255;255;255m[48;2;255;255;255m▄[38;2;255;255;255m[48;2;255;255;255m▄[38;2;255;255;255m[48;2;255;255;255m▄[38;2;255;255;255m[48;2;255;255;255m▄[38;2;255;255;255m[48;2;255;255;255m▄[38;2;255;255;255m[48;2;255;255;255m▄[38;2;255;255;255m[48;2;255;255;255m▄[38;2;255;255;255m[48;2;255;255;255m▄[38;2;255;255;255m[48;2;255;255;255m▄[38;2;255;255;255m[48;2;255;255;255m▄[38;2;255;255;255m[48;2;255;255;255m▄[38;2;255;255;255m[48;2;255;255;255m▄[38;2;255;255;255m[48;2;255;255;255m▄[38;2;255;255;255m[48;2;255;255;255m▄[38;2;255;255;255m[48;2;255;255;255m▄[38;2;255;255;255m[48;2;255;255;255m▄[38;2;255;255;255m[48;2;255;255;255m▄[38;2;154;157;157m[48;2;139;140;139m▄[38;2;42;53;48m[48;2;9;10;4m▄[38;2;36;37;28m[48;2;79;72;64m▄[38;2;57;53;45m[48;2;116;107;105m▄[38;2;84;72;70m[48;2;114;112;115m▄[38;2;119;97;92m[48;2;68;62;60m▄[38;2;151;124;122m[48;2;99;81;78m▄[38;2;145;122;122m[48;2;126;105;106m▄[38;2;148;124;126m[48;2;130;107;108m▄[38;2;144;116;120m[48;2;130;106;109m▄[38;2;153;128;130m[48;2;124;102;104m▄[38;2;174;151;155m[48;2;124;107;110m▄[38;2;166;145;149m[48;2;134;122;126m▄[38;2;159;140;144m[48;2;143;132;135m▄[38;2;155;143;148m[48;2;146;135;138m▄[38;2;159;149;155m[48;2;144;136;142m▄[38;2;148;137;143m[48;2;135;129;136m▄[38;2;130;120;125m[48;2;112;108;113m▄[38;2;108;103;102m[48;2;86;85;84m▄[38;2;83;82;79m[48;2;68;67;65m▄[38;2;59;61;56m[48;2;48;50;45m▄[38;2;37;43;37m[48;2;25;32;26m▄[38;2;17;25;19m[48;2;44;46;37m▄[38;2;45;44;37m[48;2;83;75;66m▄[38;2;55;57;46m[48;2;94;98;93m▄[38;2;162;183;180m[48;2;165;188;186m▄[38;2;172;193;192m[48;2;161;183;181m▄[38;2;168;189;188m[48;2;160;183;179m▄[38;2;168;190;185m[48;2;160;182;178m▄[38;2;182;205;201m[48;2;172;193;191m▄[0m
[38;2;255;255;255m[48;2;255;255;255m▄[38;2;255;255;255m[48;2;255;255;255m▄[38;2;255;255;255m[48;2;255;255;255m▄[38;2;255;255;255m[48;2;255;255;255m▄[38;2;255;255;255m[48;2;255;255;255m▄[38;2;255;255;255m[48;2;255;255;255m▄[38;2;255;255;255m[48;2;255;255;255m▄[38;2;255;255;255m[48;2;255;255;255m▄[38;2;255;255;255m[48;2;255;255;255m▄[38;2;255;255;255m[48;2;255;255;255m▄[38;2;255;255;255m[48;2;255;255;255m▄[38;2;255;255;255m[48;2;255;255;255m▄[38;2;255;255;255m[48;2;255;255;255m▄[38;2;255;255;255m[48;2;255;255;255m▄[38;2;255;255;255m[48;2;255;255;255m▄[38;2;255;255;255m[48;2;255;255;255m▄[38;2;255;255;255m[48;2;255;255;255m▄[38;2;255;255;255m[48;2;255;255;255m▄[38;2;255;255;255m[48;2;255;255;255m▄[38;2;255;255;255m[48;2;255;255;255m▄[38;2;255;255;255m[48;2;255;255;255m▄[38;2;255;255;255m[48;2;255;255;255m▄[38;2;255;255;255m[48;2;255;255;255m▄[38;2;255;255;255m[48;2;255;255;255m▄[38;2;255;255;255m[48;2;255;255;255m▄[38;2;255;255;255m[48;2;255;255;255m▄[38;2;255;255;255m[48;2;255;255;255m▄[38;2;255;255;255m[48;2;255;255;255m▄[38;2;255;255;255m[48;2;255;255;255m▄[38;2;255;255;255m[48;2;255;255;255m▄[38;2;158;160;160m[48;2;158;160;160m▄[38;2;140;160;160m[48;2;110;127;128m▄[38;2;75;80;76m[48;2;51;56;49m▄[38;2;72;66;58m[48;2;73;66;58m▄[38;2;96;86;81m[48;2;108;90;85m▄[38;2;92;81;79m[48;2;171;145;145m▄[38;2;74;67;67m[48;2;202;183;186m▄[38;2;72;68;71m[48;2;172;154;158m▄[38;2;75;68;70m[48;2;146;129;133m▄[38;2;96;85;84m[48;2;155;136;138m▄[38;2;107;91;90m[48;2;149;125;127m▄[38;2;121;101;101m[48;2;165;142;147m▄[38;2;127;110;109m[48;2;179;159;167m▄[38;2;132;120;125m[48;2;167;153;162m▄[38;2;145;137;145m[48;2;157;145;153m▄[38;2;150;142;147m[48;2;157;144;150m▄[38;2;143;133;137m[48;2;150;136;143m▄[38;2;130;122;123m[48;2;133;120;126m▄[38;2;115;109;106m[48;2;119;110;110m▄[38;2;95;90;83m[48;2;94;89;85m▄[38;2;73;72;62m[48;2;64;65;59m▄[38;2;56;59;51m[48;2;49;55;49m▄[38;2;29;38;31m[48;2;22;32;29m▄[38;2;12;22;13m[48;2;21;28;23m▄[38;2;104;119;111m[48;2;117;133;126m▄[38;2;181;203;196m[48;2;179;201;196m▄[38;2;175;197;189m[48;2;178;198;194m▄[38;2;177;198;190m[48;2;177;199;195m▄[38;2;177;198;189m[48;2;177;200;195m▄[38;2;190;213;203m[48;2;192;214;211m▄[0m
[38;2;255;255;255m[48;2;255;255;255m▄[38;2;255;255;255m[48;2;255;255;255m▄[38;2;255;255;255m[48;2;255;255;255m▄[38;2;255;255;255m[48;2;255;255;255m▄[38;2;255;255;255m[48;2;255;255;255m▄[38;2;255;255;255m[48;2;255;255;255m▄[38;2;255;255;255m[48;2;255;255;255m▄[38;2;255;255;255m[48;2;255;255;255m▄[38;2;255;255;255m[48;2;255;255;255m▄[38;2;255;255;255m[48;2;255;255;255m▄[38;2;255;255;255m[48;2;255;255;255m▄[38;2;255;255;255m[48;2;255;255;255m▄[38;2;255;255;255m[48;2;255;255;255m▄[38;2;255;255;255m[48;2;255;255;255m▄[38;2;255;255;255m[48;2;255;255;255m▄[38;2;255;255;255m[48;2;255;255;255m▄[38;2;255;255;255m[48;2;255;255;255m▄[38;2;255;255;255m[48;2;255;255;255m▄[38;2;255;255;255m[48;2;255;255;255m▄[38;2;255;255;255m[48;2;255;255;255m▄[38;2;255;255;255m[48;2;255;255;255m▄[38;2;255;255;255m[48;2;255;255;255m▄[38;2;255;255;255m[48;2;255;255;255m▄[38;2;255;255;255m[48;2;255;255;255m▄[38;2;255;255;255m[48;2;255;255;255m▄[38;2;255;255;255m[48;2;255;255;255m▄[38;2;255;255;255m[48;2;255;255;255m▄[38;2;255;255;255m[48;2;255;255;255m▄[38;2;255;255;255m[48;2;255;255;255m▄[38;2;255;255;255m[48;2;255;255;255m▄[38;2;157;158;158m[48;2;156;158;157m▄[38;2;168;190;189m[48;2;151;171;171m▄[38;2;148;168;167m[48;2;98;108;106m▄[38;2;36;46;39m[48;2;54;51;41m▄[38;2;41;48;49m[48;2;59;57;49m▄[38;2;88;90;95m[48;2;41;41;39m▄[38;2;110;107;112m[48;2;65;63;65m▄[38;2;132;131;143m[48;2;109;110;119m▄[38;2;125;128;143m[48;2;143;147;160m▄[38;2;129;134;149m[48;2;128;133;144m▄[38;2;138;142;157m[48;2;116;118;124m▄[38;2;141;142;155m[48;2;106;104;108m▄[38;2;135;134;145m[48;2;92;91;97m▄[38;2;118;122;131m[48;2;83;85;93m▄[38;2;92;106;113m[48;2;80;86;93m▄[38;2;67;79;87m[48;2;111;112;119m▄[38;2;101;100;106m[48;2;131;127;130m▄[38;2;119;107;106m[48;2;123;116;115m▄[38;2;100;90;81m[48;2;109;102;98m▄[38;2;82;77;69m[48;2;90;85;78m▄[38;2;59;61;53m[48;2;75;74;64m▄[38;2;32;41;36m[48;2;58;61;54m▄[38;2;12;25;23m[48;2;27;35;31m▄[38;2;16;27;19m[48;2;14;24;17m▄[38;2;28;34;25m[48;2;29;37;28m▄[38;2;49;55;46m[48;2;125;141;132m▄[38;2;158;177;171m[48;2;179;201;192m▄[38;2;172;194;187m[48;2;172;194;184m▄[38;2;170;191;182m[48;2;173;195;185m▄[38;2;180;203;193m[48;2;185;208;200m▄[0m
[38;2;255;255;255m[48;2;255;255;255m▄[38;2;255;255;255m[48;2;255;255;255m▄[38;2;255;255;255m[48;2;255;255;255m▄[38;2;255;255;255m[48;2;255;255;255m▄[38;2;255;255;255m[48;2;255;255;255m▄[38;2;255;255;255m[48;2;255;255;255m▄[38;2;255;255;255m[48;2;255;255;255m▄[38;2;255;255;255m[48;2;255;255;255m▄[38;2;255;255;255m[48;2;255;255;255m▄[38;2;255;255;255m[48;2;255;255;255m▄[38;2;255;255;255m[48;2;255;255;255m▄[38;2;255;255;255m[48;2;255;255;255m▄[38;2;255;255;255m[48;2;255;255;255m▄[38;2;255;255;255m[48;2;255;255;255m▄[38;2;255;255;255m[48;2;255;255;255m▄[38;2;255;255;255m[48;2;255;255;255m▄[38;2;255;255;255m[48;2;255;255;255m▄[38;2;255;255;255m[48;2;255;255;255m▄[38;2;255;255;255m[48;2;255;255;255m▄[38;2;255;255;255m[48;2;255;255;255m▄[38;2;255;255;255m[48;2;255;255;255m▄[38;2;255;255;255m[48;2;255;255;255m▄[38;2;255;255;255m[48;2;255;255;255m▄[38;2;255;255;255m[48;2;255;255;255m▄[38;2;255;255;255m[48;2;255;255;255m▄[38;2;255;255;255m[48;2;255;255;255m▄[38;2;255;255;255m[48;2;255;255;255m▄[38;2;255;255;255m[48;2;255;255;255m▄[38;2;255;255;255m[48;2;255;255;255m▄[38;2;255;255;255m[48;2;255;255;255m▄[38;2;160;162;161m[48;2;159;161;161m▄[38;2;181;209;204m[48;2;185;213;209m▄[38;2;219;248;244m[48;2;191;218;216m▄[38;2;107;128;126m[48;2;45;61;58m▄[38;2;15;31;31m[48;2;37;49;49m▄[38;2;46;54;56m[48;2;68;76;82m▄[38;2;67;72;74m[48;2;88;91;98m▄[38;2;76;76;81m[48;2;107;106;111m▄[38;2;78;79;87m[48;2;118;117;126m▄[38;2;90;91;97m[48;2;147;150;164m▄[38;2;104;103;104m[48;2;156;161;177m▄[38;2;114;111;115m[48;2;147;146;159m▄[38;2;122;121;129m[48;2;131;129;136m▄[38;2;116;116;122m[48;2;114;111;113m▄[38;2;102;100;101m[48;2;106;107;108m▄[38;2;84;84;87m[48;2;74;82;88m▄[38;2;40;49;53m[48;2;43;53;59m▄[38;2;14;27;29m[48;2;64;67;66m▄[38;2;18;32;32m[48;2;62;64;57m▄[38;2;9;24;24m[48;2;47;53;46m▄[38;2;2;14;14m[48;2;22;32;29m▄[38;2;5;17;19m[48;2;6;18;18m▄[38;2;7;16;15m[48;2;3;15;15m▄[38;2;19;25;19m[48;2;16;23;18m▄[38;2;19;23;16m[48;2;27;29;22m▄[38;2;16;22;15m[48;2;14;20;12m▄[38;2;19;27;18m[48;2;80;93;86m▄[38;2;84;97;89m[48;2;174;193;189m▄[38;2;104;119;113m[48;2;171;192;186m▄[38;2;113;127;123m[48;2;181;204;197m▄[0m
[38;2;255;255;255m[48;2;255;255;255m▄[38;2;255;255;255m[48;2;255;255;255m▄[38;2;255;255;255m[48;2;255;255;255m▄[38;2;255;255;255m[48;2;255;255;255m▄[38;2;255;255;255m[48;2;255;255;255m▄[38;2;255;255;255m[48;2;255;255;255m▄[38;2;255;255;255m[48;2;255;255;255m▄[38;2;255;255;255m[48;2;255;255;255m▄[38;2;255;255;255m[48;2;255;255;255m▄[38;2;255;255;255m[48;2;255;255;255m▄[38;2;255;255;255m[48;2;255;255;255m▄[38;2;255;255;255m[48;2;255;255;255m▄[38;2;255;255;255m[48;2;255;255;255m▄[38;2;255;255;255m[48;2;255;255;255m▄[38;2;255;255;255m[48;2;255;255;255m▄[38;2;255;255;255m[48;2;255;255;255m▄[38;2;255;255;255m[48;2;255;255;255m▄[38;2;255;255;255m[48;2;255;255;255m▄[38;2;255;255;255m[48;2;255;255;255m▄[38;2;255;255;255m[48;2;255;255;255m▄[38;2;255;255;255m[48;2;255;255;255m▄[38;2;255;255;255m[48;2;255;255;255m▄[38;2;255;255;255m[48;2;255;255;255m▄[38;2;255;255;255m[48;2;255;255;255m▄[38;2;255;255;255m[48;2;255;255;255m▄[38;2;255;255;255m[48;2;255;255;255m▄[38;2;255;255;255m[48;2;255;255;255m▄[38;2;255;255;255m[48;2;255;255;255m▄[38;2;255;255;255m[48;2;255;255;255m▄[38;2;255;255;255m[48;2;255;255;255m▄[38;2;160;162;162m[48;2;158;161;160m▄[38;2;161;189;187m[48;2;173;202;197m▄[38;2;205;235;233m[48;2;220;250;246m▄[38;2;202;231;229m[48;2;178;204;203m▄[38;2;140;164;164m[48;2;30;46;47m▄[38;2;33;50;50m[48;2;8;17;16m▄[38;2;12;24;20m[48;2;37;43;38m▄[38;2;36;45;41m[48;2;52;51;46m▄[38;2;55;58;56m[48;2;62;57;54m▄[38;2;62;68;68m[48;2;96;88;86m▄[38;2;54;62;68m[48;2;120;117;118m▄[38;2;100;108;116m[48;2;153;154;160m▄[38;2;82;95;102m[48;2;151;156;167m▄[38;2;71;87;90m[48;2;131;135;142m▄[38;2;82;95;97m[48;2;117;117;117m▄[38;2;75;85;87m[48;2;116;115;112m▄[38;2;67;81;83m[48;2;62;67;66m▄[38;2;59;71;76m[48;2;31;40;43m▄[38;2;60;71;75m[48;2;27;39;40m▄[38;2;89;100;103m[48;2;26;37;39m▄[38;2;65;79;82m[48;2;21;28;28m▄[38;2;30;46;52m[48;2;12;20;20m▄[38;2;25;39;44m[48;2;25;32;31m▄[38;2;16;29;29m[48;2;21;27;21m▄[38;2;9;23;19m[48;2;18;24;19m▄[38;2;5;17;13m[48;2;15;20;15m▄[38;2;7;17;13m[48;2;13;18;12m▄[38;2;8;13;8m[48;2;6;12;5m▄[38;2;6;9;3m[48;2;10;15;8m▄[38;2;4;6;0m[48;2;12;18;10m▄[0m
[38;2;249;249;249m[48;2;196;196;196m▄[38;2;250;250;250m[48;2;197;197;197m▄[38;2;250;250;250m[48;2;196;196;196m▄[38;2;250;250;250m[48;2;196;196;196m▄[38;2;250;250;250m[48;2;196;196;196m▄[38;2;250;250;250m[48;2;196;196;196m▄[38;2;250;250;250m[48;2;196;196;196m▄[38;2;250;250;250m[48;2;196;196;196m▄[38;2;250;250;250m[48;2;196;196;196m▄[38;2;250;250;250m[48;2;196;196;196m▄[38;2;250;250;250m[48;2;196;196;196m▄[38;2;250;250;250m[48;2;196;196;196m▄[38;2;250;250;250m[48;2;196;196;196m▄[38;2;250;250;250m[48;2;196;196;196m▄[38;2;250;250;250m[48;2;196;196;196m▄[38;2;250;250;250m[48;2;196;196;196m▄[38;2;250;250;250m[48;2;196;196;196m▄[38;2;250;250;250m[48;2;196;196;196m▄[38;2;250;250;250m[48;2;196;196;196m▄[38;2;250;250;250m[48;2;196;196;196m▄[38;2;250;250;250m[48;2;196;196;196m▄[38;2;250;250;250m[48;2;196;196;196m▄[38;2;250;250;250m[48;2;196;196;196m▄[38;2;250;250;250m[48;2;196;196;196m▄[38;2;250;250;250m[48;2;196;196;196m▄[38;2;250;250;250m[48;2;196;196;196m▄[38;2;250;250;250m[48;2;196;196;196m▄[38;2;250;250;250m[48;2;196;196;196m▄[38;2;250;250;250m[48;2;196;196;196m▄[38;2;250;250;250m[48;2;197;197;197m▄[38;2;150;149;148m[48;2;120;122;121m▄[38;2;82;62;59m[48;2;117;126;121m▄[38;2;88;51;50m[48;2;141;151;152m▄[38;2;76;29;26m[48;2;141;154;155m▄[38;2;89;30;22m[48;2;145;159;158m▄[38;2;101;29;17m[48;2;89;100;101m▄[38;2;144;47;28m[48;2;15;11;12m▄[38;2;158;48;28m[48;2;51;24;22m▄[38;2;185;74;45m[48;2;72;40;34m▄[38;2;207;95;58m[48;2;68;36;29m▄[38;2;215;97;61m[48;2;76;47;39m▄[38;2;207;88;51m[48;2;64;37;30m▄[38;2;207;81;43m[48;2;53;29;24m▄[38;2;206;82;48m[48;2;59;32;27m▄[38;2;200;71;41m[48;2;57;29;24m▄[38;2;226;105;68m[48;2;62;34;27m▄[38;2;242;126;77m[48;2;69;35;28m▄[38;2;243;128;76m[48;2;66;37;28m▄[38;2;217;88;46m[48;2;62;33;27m▄[38;2;223;101;68m[48;2;88;56;51m▄[38;2;212;85;54m[48;2;90;57;53m▄[38;2;196;74;44m[48;2;75;48;45m▄[38;2;190;66;40m[48;2;62;37;33m▄[38;2;169;52;39m[48;2;56;31;29m▄[38;2;152;57;40m[48;2;66;38;31m▄[38;2;148;54;34m[48;2;62;36;25m▄[38;2;93;29;22m[48;2;44;22;19m▄[38;2;144;135;136m[48;2;40;32;30m▄[38;2;233;234;235m[48;2;41;37;35m▄[38;2;188;185;185m[48;2;65;64;61m▄[0m
[38;2;255;255;255m[48;2;255;255;255m▄[38;2;255;255;255m[48;2;255;255;255m▄[38;2;255;255;255m[48;2;255;255;255m▄[38;2;255;255;255m[48;2;255;255;255m▄[38;2;255;255;255m[48;2;255;255;255m▄[38;2;255;255;255m[48;2;255;255;255m▄[38;2;255;255;255m[48;2;255;255;255m▄[38;2;255;255;255m[48;2;255;255;255m▄[38;2;255;255;255m[48;2;255;255;255m▄[38;2;255;255;255m[48;2;255;255;255m▄[38;2;255;255;255m[48;2;255;255;255m▄[38;2;255;255;255m[48;2;255;255;255m▄[38;2;255;255;255m[48;2;255;255;255m▄[38;2;255;255;255m[48;2;255;255;255m▄[38;2;255;255;255m[48;2;255;255;255m▄[38;2;255;255;255m[48;2;255;255;255m▄[38;2;255;255;255m[48;2;255;255;255m▄[38;2;255;255;255m[48;2;255;255;255m▄[38;2;255;255;255m[48;2;255;255;255m▄[38;2;255;255;255m[48;2;255;255;255m▄[38;2;255;255;255m[48;2;255;255;255m▄[38;2;255;255;255m[48;2;255;255;255m▄[38;2;255;255;255m[48;2;255;255;255m▄[38;2;255;255;255m[48;2;255;255;255m▄[38;2;255;255;255m[48;2;255;255;255m▄[38;2;255;255;255m[48;2;255;255;255m▄[38;2;255;255;255m[48;2;255;255;255m▄[38;2;255;255;255m[48;2;255;255;255m▄[38;2;255;255;255m[48;2;255;255;255m▄[38;2;255;255;255m[48;2;255;255;255m▄[38;2;158;156;155m[48;2;153;151;149m▄[38;2;176;158;135m[48;2;94;66;54m▄[38;2;232;218;201m[48;2;120;76;67m▄[38;2;212;201;197m[48;2;131;93;86m▄[38;2;120;35;18m[48;2;103;31;25m▄[38;2;229;116;58m[48;2;173;49;24m▄[38;2;243;175;113m[48;2;206;82;35m▄[38;2;239;163;101m[48;2;205;85;41m▄[38;2;241;188;145m[48;2;205;98;51m▄[38;2;237;179;137m[48;2;219;112;65m▄[38;2;240;184;142m[48;2;217;101;56m▄[38;2;240;207;180m[48;2;226;123;74m▄[38;2;244;239;234m[48;2;241;168;135m▄[38;2;227;204;191m[48;2;238;175;134m▄[38;2;235;215;199m[48;2;233;164;130m▄[38;2;243;223;186m[48;2;235;159;123m▄[38;2;250;248;232m[48;2;245;200;154m▄[38;2;255;255;255m[48;2;252;228;195m▄[38;2;255;255;255m[48;2;248;205;162m▄[38;2;253;252;226m[48;2;243;178;135m▄[38;2;250;233;192m[48;2;233;147;105m▄[38;2;243;191;138m[48;2;226;108;57m▄[38;2;241;185;130m[48;2;218;96;53m▄[38;2;247;173;121m[48;2;193;67;39m▄[38;2;220;110;63m[48;2;169;56;28m▄[38;2;190;77;35m[48;2;156;56;35m▄[38;2;168;64;31m[48;2;124;39;26m▄[38;2;161;62;30m[48;2;61;12;10m▄[38;2;88;18;2m[48;2;130;121;123m▄[38;2;189;171;168m[48;2;190;191;188m▄[0m
[38;2;255;255;255m[48;2;255;255;255m▄[38;2;255;255;255m[48;2;255;255;255m▄[38;2;255;255;255m[48;2;255;255;255m▄[38;2;255;255;255m[48;2;255;255;255m▄[38;2;255;255;255m[48;2;255;255;255m▄[38;2;255;255;255m[48;2;255;255;255m▄[38;2;255;255;255m[48;2;255;255;255m▄[38;2;255;255;255m[48;2;255;255;255m▄[38;2;255;255;255m[48;2;255;255;255m▄[38;2;255;255;255m[48;2;255;255;255m▄[38;2;255;255;255m[48;2;255;255;255m▄[38;2;255;255;255m[48;2;255;255;255m▄[38;2;255;255;255m[48;2;255;255;255m▄[38;2;255;255;255m[48;2;255;255;255m▄[38;2;255;255;255m[48;2;255;255;255m▄[38;2;255;255;255m[48;2;255;255;255m▄[38;2;255;255;255m[48;2;255;255;255m▄[38;2;255;255;255m[48;2;255;255;255m▄[38;2;255;255;255m[48;2;255;255;255m▄[38;2;255;255;255m[48;2;255;255;255m▄[38;2;255;255;255m[48;2;255;255;255m▄[38;2;255;255;255m[48;2;255;255;255m▄[38;2;255;255;255m[48;2;255;255;255m▄[38;2;255;255;255m[48;2;255;255;255m▄[38;2;255;255;255m[48;2;255;255;255m▄[38;2;255;255;255m[48;2;255;255;255m▄[38;2;255;255;255m[48;2;255;255;255m▄[38;2;255;255;255m[48;2;255;255;255m▄[38;2;255;255;255m[48;2;255;255;255m▄[38;2;255;255;255m[48;2;255;255;255m▄[38;2;160;157;155m[48;2;160;157;156m▄[38;2;170;152;136m[48;2;185;165;146m▄[38;2;239;235;228m[48;2;249;248;241m▄[38;2;196;119;106m[48;2;198;130;122m▄[38;2;231;155;79m[48;2;217;93;27m▄[38;2;255;255;228m[48;2;250;206;133m▄[38;2;255;255;255m[48;2;251;245;195m▄[38;2;255;255;245m[48;2;243;224;165m▄[38;2;254;245;191m[48;2;250;228;186m▄[38;2;227;169;90m[48;2;215;159;129m▄[38;2;195;120;75m[48;2;212;167;147m▄[38;2;208;162;132m[48;2;235;209;189m▄[38;2;180;132;103m[48;2;224;192;168m▄[38;2;197;142;109m[48;2;230;197;176m▄[38;2;206;142;106m[48;2;215;169;146m▄[38;2;226;179;139m[48;2;232;207;157m▄[38;2;243;225;179m[48;2;254;255;236m▄[38;2;252;249;225m[48;2;255;255;255m▄[38;2;253;250;230m[48;2;255;255;254m▄[38;2;253;251;221m[48;2;250;247;202m▄[38;2;239;216;185m[48;2;233;213;159m▄[38;2;232;205;176m[48;2;231;200;161m▄[38;2;235;206;181m[48;2;238;201;167m▄[38;2;232;189;158m[48;2;227;175;137m▄[38;2;215;153;116m[48;2;223;159;114m▄[38;2;221;155;95m[48;2;223;143;77m▄[38;2;212;143;73m[48;2;206;104;35m▄[38;2;204;137;49m[48;2;194;96;38m▄[38;2;193;125;34m[48;2;157;67;20m▄[38;2;174;88;32m[48;2;192;95;54m▄[0m
[38;2;255;255;255m[48;2;255;255;255m▄[38;2;255;255;255m[48;2;255;255;255m▄[38;2;255;255;255m[48;2;255;255;255m▄[38;2;255;255;255m[48;2;255;255;255m▄[38;2;255;255;255m[48;2;255;255;255m▄[38;2;255;255;255m[48;2;255;255;255m▄[38;2;255;255;255m[48;2;255;255;255m▄[38;2;255;255;255m[48;2;255;255;255m▄[38;2;255;255;255m[48;2;255;255;255m▄[38;2;255;255;255m[48;2;255;255;255m▄[38;2;255;255;255m[48;2;255;255;255m▄[38;2;255;255;255m[48;2;255;255;255m▄[38;2;255;255;255m[48;2;255;255;255m▄[38;2;255;255;255m[48;2;255;255;255m▄[38;2;255;255;255m[48;2;255;255;255m▄[38;2;255;255;255m[48;2;255;255;255m▄[38;2;255;255;255m[48;2;255;255;255m▄[38;2;255;255;255m[48;2;255;255;255m▄[38;2;255;255;255m[48;2;255;255;255m▄[38;2;255;255;255m[48;2;255;255;255m▄[38;2;255;255;255m[48;2;255;255;255m▄[38;2;255;255;255m[48;2;255;255;255m▄[38;2;255;255;255m[48;2;255;255;255m▄[38;2;255;255;255m[48;2;255;255;255m▄[38;2;255;255;255m[48;2;255;255;255m▄[38;2;255;255;255m[48;2;255;255;255m▄[38;2;255;255;255m[48;2;255;255;255m▄[38;2;255;255;255m[48;2;255;255;255m▄[38;2;255;255;255m[48;2;255;255;255m▄[38;2;255;255;255m[48;2;255;255;255m▄[38;2;150;149;149m[48;2;158;155;154m▄[38;2;99;76;74m[48;2;179;157;146m▄[38;2;144;104;95m[48;2;232;214;201m▄[38;2;171;139;125m[48;2;219;202;195m▄[38;2;210;200;202m[48;2;209;143;111m▄[38;2;172;66;43m[48;2;246;199;134m▄[38;2;255;177;107m[48;2;255;255;221m▄[38;2;233;187;155m[48;2;255;255;255m▄[38;2;223;179;147m[48;2;255;250;212m▄[38;2;238;202;192m[48;2;245;218;159m▄[38;2;237;193;180m[48;2;239;205;173m▄[38;2;216;171;156m[48;2;208;149;117m▄[38;2;170;129;125m[48;2;192;136;115m▄[38;2;155;128;125m[48;2;183;141;126m▄[38;2;190;160;154m[48;2;190;151;130m▄[38;2;193;136;125m[48;2;190;147;128m▄[38;2;175;128;123m[48;2;210;175;158m▄[38;2;245;197;187m[48;2;233;212;188m▄[38;2;213;161;157m[48;2;227;193;169m▄[38;2;208;160;161m[48;2;232;203;187m▄[38;2;217;179;176m[48;2;238;217;199m▄[38;2;211;171;166m[48;2;238;214;203m▄[38;2;205;166;161m[48;2;230;197;184m▄[38;2;189;143;139m[48;2;221;176;154m▄[38;2;178;125;119m[48;2;212;165;136m▄[38;2;174;117;106m[48;2;212;159;121m▄[38;2;169;96;90m[48;2;208;147;102m▄[38;2;139;55;52m[48;2;211;141;69m▄[38;2;123;52;51m[48;2;219;142;59m▄[38;2;171;95;74m[48;2;225;120;55m▄[0m
[38;2;255;255;255m[48;2;255;255;255m▄[38;2;255;255;255m[48;2;255;255;255m▄[38;2;255;255;255m[48;2;255;255;255m▄[38;2;255;255;255m[48;2;255;255;255m▄[38;2;255;255;255m[48;2;255;255;255m▄[38;2;255;255;255m[48;2;255;255;255m▄[38;2;255;255;255m[48;2;255;255;255m▄[38;2;255;255;255m[48;2;255;255;255m▄[38;2;255;255;255m[48;2;255;255;255m▄[38;2;255;255;255m[48;2;255;255;255m▄[38;2;255;255;255m[48;2;255;255;255m▄[38;2;255;255;255m[48;2;255;255;255m▄[38;2;255;255;255m[48;2;255;255;255m▄[38;2;255;255;255m[48;2;255;255;255m▄[38;2;255;255;255m[48;2;255;255;255m▄[38;2;255;255;255m[48;2;255;255;255m▄[38;2;255;255;255m[48;2;255;255;255m▄[38;2;255;255;255m[48;2;255;255;255m▄[38;2;255;255;255m[48;2;255;255;255m▄[38;2;255;255;255m[48;2;255;255;255m▄[38;2;255;255;255m[48;2;255;255;255m▄[38;2;255;255;255m[48;2;255;255;255m▄[38;2;255;255;255m[48;2;255;255;255m▄[38;2;255;255;255m[48;2;255;255;255m▄[38;2;255;255;255m[48;2;255;255;255m▄[38;2;255;255;255m[48;2;255;255;255m▄[38;2;255;255;255m[48;2;255;255;255m▄[38;2;255;255;255m[48;2;255;255;255m▄[38;2;255;255;255m[48;2;255;255;255m▄[38;2;255;255;255m[48;2;255;255;255m▄[38;2;150;149;150m[48;2;151;150;150m▄[38;2;112;105;102m[48;2;107;96;93m▄[38;2;149;146;139m[48;2;156;149;146m▄[38;2;153;146;143m[48;2;157;150;146m▄[38;2;196;196;191m[48;2;216;213;208m▄[38;2;181;185;184m[48;2;112;91;93m▄[38;2;86;19;12m[48;2;161;58;32m▄[38;2;136;64;45m[48;2;221;113;79m▄[38;2;106;58;51m[48;2;171;107;88m▄[38;2;165;110;102m[48;2;126;77;72m▄[38;2;194;141;131m[48;2;147;72;57m▄[38;2;202;165;161m[48;2;123;68;57m▄[38;2;215;184;182m[48;2;141;100;94m▄[38;2;190;167;169m[48;2;149;117;112m▄[38;2;175;161;167m[48;2;139;106;103m▄[38;2;158;136;141m[48;2;141;95;91m▄[38;2;152;119;123m[48;2;166;107;98m▄[38;2;130;121;122m[48;2;144;87;78m▄[38;2;143;132;134m[48;2;150;91;80m▄[38;2;132;114;116m[48;2;127;81;79m▄[38;2;111;90;91m[48;2;167;125;126m▄[38;2;113;82;82m[48;2;214;176;173m▄[38;2;179;141;137m[48;2;209;170;164m▄[38;2;240;204;197m[48;2;199;161;158m▄[38;2;197;139;126m[48;2;188;138;133m▄[38;2;201;137;116m[48;2;173;119;104m▄[38;2;185;119;110m[48;2;164;101;92m▄[38;2;175;108;98m[48;2;159;99;86m▄[38;2;173;112;88m[48;2;160;95;72m▄[38;2;161;92;74m[48;2;172;97;72m▄[0m
[38;2;255;255;255m[48;2;255;255;255m▄[38;2;255;255;255m[48;2;255;255;255m▄[38;2;255;255;255m[48;2;255;255;255m▄[38;2;255;255;255m[48;2;255;255;255m▄[38;2;255;255;255m[48;2;255;255;255m▄[38;2;255;255;255m[48;2;255;255;255m▄[38;2;255;255;255m[48;2;255;255;255m▄[38;2;255;255;255m[48;2;255;255;255m▄[38;2;255;255;255m[48;2;255;255;255m▄[38;2;255;255;255m[48;2;255;255;255m▄[38;2;255;255;255m[48;2;255;255;255m▄[38;2;255;255;255m[48;2;255;255;255m▄[38;2;255;255;255m[48;2;255;255;255m▄[38;2;255;255;255m[48;2;255;255;255m▄[38;2;255;255;255m[48;2;255;255;255m▄[38;2;255;255;255m[48;2;255;255;255m▄[38;2;255;255;255m[48;2;255;255;255m▄[38;2;255;255;255m[48;2;255;255;255m▄[38;2;255;255;255m[48;2;255;255;255m▄[38;2;255;255;255m[48;2;255;255;255m▄[38;2;255;255;255m[48;2;255;255;255m▄[38;2;255;255;255m[48;2;255;255;255m▄[38;2;255;255;255m[48;2;255;255;255m▄[38;2;255;255;255m[48;2;255;255;255m▄[38;2;255;255;255m[48;2;255;255;255m▄[38;2;255;255;255m[48;2;255;255;255m▄[38;2;255;255;255m[48;2;255;255;255m▄[38;2;255;255;255m[48;2;255;255;255m▄[38;2;255;255;255m[48;2;255;255;255m▄[38;2;255;255;255m[48;2;255;255;255m▄[38;2;156;157;157m[48;2;150;149;150m▄[38;2;173;182;180m[48;2;150;148;146m▄[38;2;215;226;225m[48;2;217;218;214m▄[38;2;214;224;223m[48;2;215;219;216m▄[38;2;214;219;220m[48;2;223;229;229m▄[38;2;245;248;248m[48;2;249;251;251m▄[38;2;210;209;209m[48;2;110;65;60m▄[38;2;81;45;40m[48;2;52;13;8m▄[38;2;47;20;15m[48;2;132;86;79m▄[38;2;117;69;61m[48;2;138;93;92m▄[38;2;149;80;77m[48;2;160;105;104m▄[38;2;156;115;108m[48;2;190;157;155m▄[38;2;152;110;105m[48;2;165;115;114m▄[38;2;159;118;113m[48;2;163;120;125m▄[38;2;153;113;110m[48;2;182;158;163m▄[38;2;163;118;113m[48;2;191;176;179m▄[38;2;161;112;110m[48;2;206;182;186m▄[38;2;184;136;143m[48;2;210;181;185m▄[38;2;189;152;153m[48;2;174;139;139m▄[38;2;181;140;142m[48;2;158;109;107m▄[38;2;142;100;99m[48;2;165;118;118m▄[38;2;166;113;107m[48;2;134;104;107m▄[38;2;116;80;74m[48;2;80;53;53m▄[38;2;70;34;32m[48;2;146;108;102m▄[38;2;114;57;50m[48;2;202;129;107m▄[38;2;126;70;62m[48;2;170;96;71m▄[38;2;125;64;57m[48;2;174;102;84m▄[38;2;80;33;32m[48;2;144;77;66m▄[38;2;118;55;49m[48;2;113;57;53m▄[38;2;113;46;42m[48;2;109;56;52m▄[0m
[38;2;254;254;254m[48;2;255;255;255m▄[38;2;255;255;255m[48;2;255;255;255m▄[38;2;255;255;255m[48;2;255;255;255m▄[38;2;255;255;255m[48;2;255;255;255m▄[38;2;255;255;255m[48;2;255;255;255m▄[38;2;255;255;255m[48;2;255;255;255m▄[38;2;255;255;255m[48;2;255;255;255m▄[38;2;255;255;255m[48;2;255;255;255m▄[38;2;255;255;255m[48;2;255;255;255m▄[38;2;255;255;255m[48;2;255;255;255m▄[38;2;255;255;255m[48;2;255;255;255m▄[38;2;255;255;255m[48;2;255;255;255m▄[38;2;255;255;255m[48;2;255;255;255m▄[38;2;255;255;255m[48;2;255;255;255m▄[38;2;255;255;255m[48;2;255;255;255m▄[38;2;255;255;255m[48;2;255;255;255m▄[38;2;255;255;255m[48;2;255;255;255m▄[38;2;255;255;255m[48;2;255;255;255m▄[38;2;255;255;255m[48;2;255;255;255m▄[38;2;255;255;255m[48;2;255;255;255m▄[38;2;255;255;255m[48;2;255;255;255m▄[38;2;255;255;255m[48;2;255;255;255m▄[38;2;255;255;255m[48;2;255;255;255m▄[38;2;255;255;255m[48;2;255;255;255m▄[38;2;255;255;255m[48;2;255;255;255m▄[38;2;255;255;255m[48;2;255;255;255m▄[38;2;255;255;255m[48;2;255;255;255m▄[38;2;255;255;255m[48;2;255;255;255m▄[38;2;255;255;255m[48;2;255;255;255m▄[38;2;255;255;255m[48;2;255;255;255m▄[38;2;174;174;175m[48;2;155;155;156m▄[38;2;149;159;161m[48;2;146;154;153m▄[38;2;164;174;175m[48;2;193;208;206m▄[38;2;169;178;176m[48;2;195;207;206m▄[38;2;174;183;180m[48;2;212;220;219m▄[38;2;214;223;221m[48;2;228;235;235m▄[38;2;245;253;254m[48;2;255;255;255m▄[38;2;233;240;243m[48;2;172;171;171m▄[38;2;205;202;201m[48;2;26;2;0m▄[38;2;123;114;114m[48;2;45;8;4m▄[38;2;98;93;93m[48;2;85;40;31m▄[38;2;103;92;91m[48;2;102;46;38m▄[38;2;127;108;106m[48;2;131;62;52m▄[38;2;156;134;132m[48;2;145;94;81m▄[38;2;114;61;61m[48;2;175;125;120m▄[38;2;129;86;85m[48;2;193;153;150m▄[38;2;144;131;131m[48;2;197;182;180m▄[38;2;135;123;122m[48;2;197;189;194m▄[38;2;106;91;91m[48;2;205;197;201m▄[38;2;103;83;83m[48;2;185;154;155m▄[38;2;108;72;70m[48;2;172;117;113m▄[38;2;123;89;89m[48;2;173;116;105m▄[38;2;93;58;58m[48;2;159;94;86m▄[38;2;74;26;24m[48;2;85;42;39m▄[38;2;72;21;22m[48;2;64;23;24m▄[38;2;96;34;34m[48;2;109;49;46m▄[38;2;114;57;56m[48;2;100;41;38m▄[38;2;138;82;80m[48;2;74;23;21m▄[38;2;169;113;115m[48;2;83;30;28m▄[38;2;163;97;95m[48;2;150;86;81m▄[0m
