[38;2;27;24;17m[48;2;32;25;14m▄[38;2;30;28;22m[48;2;27;25;19m▄[38;2;27;25;21m[48;2;23;21;17m▄[38;2;31;27;19m[48;2;27;25;19m▄[38;2;34;28;20m[48;2;27;23;17m▄[38;2;50;39;28m[48;2;32;28;19m▄[38;2;41;34;23m[48;2;34;30;21m▄[38;2;37;32;22m[48;2;28;27;17m▄[38;2;40;35;24m[48;2;30;28;21m▄[38;2;37;36;27m[48;2;36;36;28m▄[38;2;43;40;31m[48;2;38;34;27m▄[38;2;48;44;35m[48;2;42;40;30m▄[38;2;57;54;46m[48;2;50;48;42m▄[38;2;68;66;59m[48;2;63;57;48m▄[38;2;68;66;56m[48;2;77;71;61m▄[38;2;65;63;55m[48;2;63;57;52m▄[38;2;54;51;45m[48;2;56;44;34m▄[38;2;54;48;43m[48;2;59;52;44m▄[38;2;72;64;59m[48;2;71;59;56m▄[38;2;73;62;56m[48;2;73;61;54m▄[38;2;59;51;44m[48;2;61;56;50m▄[38;2;43;41;36m[48;2;44;42;36m▄[38;2;45;43;39m[48;2;40;36;30m▄[38;2;52;52;46m[48;2;52;50;42m▄[38;2;50;48;41m[48;2;42;40;32m▄[38;2;45;43;38m[48;2;40;38;30m▄[38;2;43;41;35m[48;2;38;38;32m▄[38;2;42;38;31m[48;2;38;34;28m▄[38;2;46;40;35m[48;2;30;27;21m▄[38;2;39;34;28m[48;2;32;28;21m▄[38;2;58;44;33m[48;2;34;28;19m▄[38;2;52;38;27m[48;2;40;30;19m▄[38;2;39;32;24m[48;2;38;28;21m▄[38;2;46;33;21m[48;2;38;30;19m▄[38;2;43;29;16m[48;2;34;27;17m▄[38;2;36;25;16m[48;2;23;19;13m▄[38;2;77;70;61m[48;2;3;0;0m▄[38;2;125;122;115m[48;2;11;0;0m▄[38;2;145;144;140m[48;2;13;1;0m▄[38;2;143;142;136m[48;2;9;0;0m▄[38;2;133;133;126m[48;2;3;0;0m▄[38;2;123;122;115m[48;2;7;1;0m▄[38;2;90;83;73m[48;2;32;25;15m▄[38;2;45;35;22m[48;2;44;38;28m▄[38;2;38;33;20m[48;2;36;34;23m▄[38;2;41;36;24m[48;2;34;30;23m▄[38;2;32;29;20m[48;2;27;27;19m▄[38;2;21;21;19m[48;2;23;21;17m▄[38;2;26;26;22m[48;2;28;27;21m▄[38;2;39;36;27m[48;2;32;28;21m▄[38;2;48;41;29m[48;2;30;27;17m▄[38;2;47;39;24m[48;2;38;32;19m▄[38;2;45;38;21m[48;2;38;32;19m▄[38;2;34;30;20m[48;2;32;28;17m▄[38;2;33;29;19m[48;2;32;27;17m▄[38;2;31;28;18m[48;2;27;25;17m▄[38;2;29;27;18m[48;2;21;23;17m▄[38;2;27;26;19m[48;2;23;23;17m▄[38;2;28;27;18m[48;2;25;23;17m▄[38;2;27;27;21m[48;2;25;25;19m▄[0m
[38;2;20;20;18m[48;2;22;20;16m▄[38;2;24;23;18m[48;2;32;29;23m▄[38;2;42;35;25m[48;2;40;35;27m▄[38;2;36;29;20m[48;2;31;26;18m▄[38;2;43;32;21m[48;2;46;34;23m▄[38;2;35;28;20m[48;2;47;35;25m▄[38;2;28;25;18m[48;2;33;28;20m▄[38;2;36;30;19m[48;2;41;34;24m▄[38;2;49;38;26m[48;2;44;34;25m▄[38;2;39;36;28m[48;2;37;33;24m▄[38;2;46;39;28m[48;2;50;47;40m▄[38;2;46;40;30m[48;2;60;56;50m▄[38;2;39;32;23m[48;2;52;49;41m▄[38;2;39;33;25m[48;2;47;44;40m▄[38;2;25;23;19m[48;2;43;39;31m▄[38;2;33;30;25m[48;2;59;52;41m▄[38;2;40;34;29m[48;2;60;54;47m▄[38;2;57;43;33m[48;2;48;43;38m▄[38;2;35;27;17m[48;2;50;44;38m▄[38;2;47;32;19m[48;2;49;41;34m▄[38;2;75;47;26m[48;2;59;44;31m▄[38;2;78;50;28m[48;2;61;46;32m▄[38;2;95;61;38m[48;2;59;45;33m▄[38;2;104;69;47m[48;2;55;45;38m▄[38;2;82;62;46m[48;2;44;41;36m▄[38;2;47;42;35m[48;2;40;35;28m▄[38;2;46;39;34m[48;2;42;39;33m▄[38;2;45;38;31m[48;2;37;35;28m▄[38;2;40;34;27m[48;2;46;40;33m▄[38;2;47;37;28m[48;2;47;39;33m▄[38;2;57;41;30m[48;2;46;34;25m▄[38;2;55;38;25m[48;2;54;39;30m▄[38;2;54;35;23m[48;2;48;35;27m▄[38;2;36;23;14m[48;2;44;28;18m▄[38;2;112;90;70m[48;2;56;35;22m▄[38;2;168;147;111m[48;2;143;125;104m▄[38;2;165;147;111m[48;2;208;209;192m▄[38;2;162;140;95m[48;2;207;213;197m▄[38;2;159;132;82m[48;2;200;206;190m▄[38;2;166;141;89m[48;2;201;206;186m▄[38;2;168;144;91m[48;2;203;201;177m▄[38;2;178;152;96m[48;2;208;202;173m▄[38;2;182;155;94m[48;2;203;195;162m▄[38;2;189;160;93m[48;2;140;124;93m▄[38;2;94;74;39m[48;2;37;28;16m▄[38;2;14;13;12m[48;2;32;27;17m▄[38;2;29;24;17m[48;2;32;27;18m▄[38;2;20;18;17m[48;2;20;20;16m▄[38;2;26;25;21m[48;2;23;22;21m▄[38;2;34;31;23m[48;2;38;35;25m▄[38;2;35;31;20m[48;2;47;41;29m▄[38;2;37;34;22m[48;2;47;41;28m▄[38;2;38;34;23m[48;2;45;38;24m▄[38;2;39;33;23m[48;2;37;31;20m▄[38;2;32;29;19m[48;2;31;28;18m▄[38;2;36;30;17m[48;2;32;28;18m▄[38;2;33;28;18m[48;2;32;27;18m▄[38;2;31;28;18m[48;2;28;26;17m▄[38;2;28;27;20m[48;2;31;29;19m▄[38;2;24;24;22m[48;2;25;24;21m▄[0m
[38;2;30;26;20m[48;2;28;26;20m▄[38;2;30;27;20m[48;2;25;24;19m▄[38;2;31;27;19m[48;2;37;31;23m▄[38;2;37;31;21m[48;2;46;35;24m▄[38;2;33;32;23m[48;2;33;29;19m▄[38;2;33;36;25m[48;2;31;29;20m▄[38;2;34;31;21m[48;2;31;26;18m▄[38;2;39;30;20m[48;2;36;30;20m▄[38;2;56;42;29m[48;2;49;38;26m▄[38;2;53;40;28m[48;2;48;40;29m▄[38;2;63;46;31m[48;2;59;45;30m▄[38;2;60;45;31m[48;2;52;39;27m▄[38;2;47;38;28m[48;2;53;41;31m▄[38;2;25;23;21m[48;2;18;18;19m▄[38;2;41;32;26m[48;2;14;16;17m▄[38;2;90;71;62m[48;2;25;22;21m▄[38;2;89;72;65m[48;2;41;34;30m▄[38;2;49;39;32m[48;2;56;42;30m▄[38;2;61;45;35m[48;2;42;32;22m▄[38;2;74;52;40m[48;2;41;32;21m▄[38;2;87;63;51m[48;2;59;46;34m▄[38;2;96;69;55m[48;2;69;55;45m▄[38;2;99;67;51m[48;2;68;53;43m▄[38;2;96;63;44m[48;2;68;50;37m▄[38;2;71;48;31m[48;2;92;67;52m▄[38;2;69;47;31m[48;2;56;44;38m▄[38;2;86;55;32m[48;2;42;33;27m▄[38;2;74;52;35m[48;2;46;37;30m▄[38;2;46;36;27m[48;2;40;33;24m▄[38;2;37;30;22m[48;2;37;29;20m▄[38;2;42;32;21m[48;2;47;34;23m▄[38;2;50;35;24m[48;2;52;36;23m▄[38;2;53;38;25m[48;2;57;37;24m▄[38;2;41;28;18m[48;2;45;31;18m▄[38;2;77;49;23m[48;2;104;72;36m▄[38;2;102;77;38m[48;2;110;84;46m▄[38;2;144;108;49m[48;2;135;102;49m▄[38;2;157;120;58m[48;2;155;119;59m▄[38;2;158;121;55m[48;2;161;125;61m▄[38;2;164;127;58m[48;2;162;128;60m▄[38;2;162;125;59m[48;2;168;135;72m▄[38;2;174;140;63m[48;2;167;134;66m▄[38;2;182;149;69m[48;2;167;134;60m▄[38;2;174;139;67m[48;2;165;131;56m▄[38;2;175;136;58m[48;2;151;115;45m▄[38;2;89;65;26m[48;2;36;27;16m▄[38;2;16;14;13m[48;2;22;20;15m▄[38;2;18;17;17m[48;2;19;18;17m▄[38;2;23;20;17m[48;2;21;21;17m▄[38;2;33;29;22m[48;2;29;27;21m▄[38;2;47;39;28m[48;2;35;31;21m▄[38;2;45;38;24m[48;2;35;32;19m▄[38;2;38;34;21m[48;2;39;36;23m▄[38;2;35;31;19m[48;2;40;36;23m▄[38;2;33;29;19m[48;2;33;29;19m▄[38;2;31;28;17m[48;2;35;29;18m▄[38;2;29;27;18m[48;2;31;28;18m▄[38;2;28;27;18m[48;2;31;27;18m▄[38;2;35;30;20m[48;2;31;28;19m▄[38;2;33;29;22m[48;2;31;27;22m▄[0m
[38;2;26;24;18m[48;2;22;20;18m▄[38;2;30;27;21m[48;2;25;24;19m▄[38;2;29;26;19m[48;2;20;20;17m▄[38;2;22;22;18m[48;2;20;21;17m▄[38;2;22;23;18m[48;2;25;25;18m▄[38;2;35;32;21m[48;2;39;41;29m▄[38;2;51;45;27m[48;2;47;45;34m▄[38;2;43;35;24m[48;2;39;33;22m▄[38;2;36;29;20m[48;2;49;37;26m▄[38;2;44;34;22m[48;2;59;44;32m▄[38;2;51;39;26m[48;2;83;59;40m▄[38;2;42;35;25m[48;2;46;37;28m▄[38;2;39;33;26m[48;2;25;23;19m▄[38;2;48;37;31m[48;2;32;28;25m▄[38;2;52;41;34m[48;2;59;44;37m▄[38;2;57;45;38m[48;2;67;49;40m▄[38;2;56;48;40m[48;2;59;43;33m▄[38;2;93;51;24m[48;2;100;56;30m▄[38;2;153;78;33m[48;2;144;83;46m▄[38;2;133;65;27m[48;2;144;82;45m▄[38;2;145;67;22m[48;2;160;85;41m▄[38;2;156;75;28m[48;2;172;102;54m▄[38;2;160;85;43m[48;2;166;99;55m▄[38;2;152;75;30m[48;2;169;87;35m▄[38;2;137;68;24m[48;2;127;65;23m▄[38;2;109;57;26m[48;2;134;66;26m▄[38;2;39;31;24m[48;2;83;55;38m▄[38;2;47;38;31m[48;2;58;47;40m▄[38;2;80;70;69m[48;2;41;33;24m▄[38;2;85;74;72m[48;2;42;31;20m▄[38;2;86;75;73m[48;2;40;30;18m▄[38;2;75;60;57m[48;2;47;32;19m▄[38;2;63;48;41m[48;2;52;37;23m▄[38;2;46;31;22m[48;2;40;28;19m▄[38;2;79;47;22m[48;2;67;42;22m▄[38;2;133;100;52m[48;2;110;82;43m▄[38;2;138;105;52m[48;2;143;106;48m▄[38;2;136;101;45m[48;2;146;108;50m▄[38;2;137;100;46m[48;2;151;111;51m▄[38;2;145;111;51m[48;2;165;123;46m▄[38;2;155;123;58m[48;2;173;135;58m▄[38;2;158;133;85m[48;2;206;184;121m▄[38;2;163;136;81m[48;2;204;178;111m▄[38;2;165;136;77m[48;2;201;172;100m▄[38;2;167;130;59m[48;2;192;159;84m▄[38;2;157;118;51m[48;2;154;118;52m▄[38;2;47;35;21m[48;2;36;27;16m▄[38;2;15;15;14m[48;2;16;15;15m▄[38;2;14;14;16m[48;2;18;17;17m▄[38;2;25;23;17m[48;2;33;28;20m▄[38;2;47;39;27m[48;2;48;39;29m▄[38;2;51;43;32m[48;2;51;42;30m▄[38;2;40;34;21m[48;2;38;33;19m▄[38;2;32;29;18m[48;2;33;29;18m▄[38;2;32;29;19m[48;2;32;28;19m▄[38;2;31;27;17m[48;2;30;27;17m▄[38;2;27;25;18m[48;2;25;25;17m▄[38;2;25;24;17m[48;2;25;25;17m▄[38;2;28;26;18m[48;2;32;28;19m▄[38;2;22;21;21m[48;2;27;25;20m▄[0m
[38;2;31;30;18m[48;2;33;30;20m▄[38;2;41;38;23m[48;2;33;28;23m▄[38;2;22;22;19m[48;2;28;24;18m▄[38;2;22;23;17m[48;2;22;22;18m▄[38;2;24;24;17m[48;2;21;21;17m▄[38;2;34;33;21m[48;2;27;26;19m▄[38;2;37;33;23m[48;2;40;34;25m▄[38;2;50;43;28m[48;2;45;34;26m▄[38;2;57;41;29m[48;2;51;39;27m▄[38;2;65;46;35m[48;2;45;36;24m▄[38;2;59;44;33m[48;2;33;27;17m▄[38;2;57;41;30m[48;2;42;33;22m▄[38;2;52;37;26m[48;2;50;40;25m▄[38;2;53;38;28m[48;2;56;40;29m▄[38;2;52;38;28m[48;2;61;43;32m▄[38;2;52;41;37m[48;2;53;38;28m▄[38;2;52;43;39m[48;2;53;40;33m▄[38;2;31;24;16m[48;2;63;41;26m▄[38;2;87;46;19m[48;2;121;59;23m▄[38;2;105;56;22m[48;2;116;57;23m▄[38;2;141;78;38m[48;2;122;60;24m▄[38;2;149;84;39m[48;2;133;67;26m▄[38;2;148;83;39m[48;2;145;78;34m▄[38;2;162;91;44m[48;2;145;77;35m▄[38;2;124;68;35m[48;2;142;77;39m▄[38;2;47;30;18m[48;2;68;46;31m▄[38;2;33;23;16m[48;2;29;24;18m▄[38;2;48;37;28m[48;2;38;29;19m▄[38;2;80;62;42m[48;2;75;59;53m▄[38;2;70;48;29m[48;2;86;65;55m▄[38;2;60;35;15m[48;2;84;61;47m▄[38;2;56;35;17m[48;2;78;55;43m▄[38;2;60;38;20m[48;2;84;57;47m▄[38;2;61;40;24m[48;2;68;43;32m▄[38;2;87;57;31m[48;2;76;51;26m▄[38;2;134;94;39m[48;2;128;92;40m▄[38;2;114;72;22m[48;2;98;64;22m▄[38;2;93;58;17m[48;2;71;47;20m▄[38;2;103;63;14m[48;2;87;56;19m▄[38;2;150;105;31m[48;2;112;75;26m▄[38;2;177;133;47m[48;2;139;104;46m▄[38;2;182;143;53m[48;2;147;111;45m▄[38;2;193;147;48m[48;2;158;112;28m▄[38;2;190;138;37m[48;2;174;127;33m▄[38;2;94;68;29m[48;2;156;112;35m▄[38;2;27;23;19m[48;2;38;26;13m▄[38;2;37;27;16m[48;2;22;19;13m▄[38;2;41;28;13m[48;2;33;23;15m▄[38;2;36;22;9m[48;2;34;23;16m▄[38;2;15;12;8m[48;2;28;25;15m▄[38;2;23;18;9m[48;2;43;36;22m▄[38;2;36;27;17m[48;2;49;40;29m▄[38;2;31;28;18m[48;2;39;33;21m▄[38;2;31;28;19m[48;2;32;30;19m▄[38;2;33;28;18m[48;2;32;29;19m▄[38;2;29;26;17m[48;2;26;25;18m▄[38;2;27;25;18m[48;2;26;25;18m▄[38;2;26;25;18m[48;2;25;25;18m▄[38;2;28;25;19m[48;2;27;26;19m▄[38;2;33;31;19m[48;2;29;27;22m▄[0m
[38;2;41;39;28m[48;2;35;31;18m▄[38;2;37;36;21m[48;2;51;47;26m▄[38;2;42;36;19m[48;2;47;43;25m▄[38;2;42;34;22m[48;2;48;45;28m▄[38;2;49;43;28m[48;2;42;38;23m▄[38;2;38;35;25m[48;2;25;22;17m▄[38;2;41;35;26m[48;2;29;25;17m▄[38;2;60;49;34m[48;2;42;39;21m▄[38;2;73;60;41m[48;2;42;36;27m▄[38;2;63;50;36m[48;2;63;50;45m▄[38;2;59;44;36m[48;2;70;53;49m▄[38;2;63;49;43m[48;2;72;57;56m▄[38;2;64;51;50m[48;2;75;60;62m▄[38;2;36;31;28m[48;2;58;47;45m▄[38;2;30;26;22m[48;2;56;50;54m▄[38;2;36;32;30m[48;2;43;37;37m▄[38;2;36;33;30m[48;2;23;19;12m▄[38;2;52;39;30m[48;2;14;14;12m▄[38;2;106;65;38m[48;2;88;44;15m▄[38;2;142;100;57m[48;2;172;98;38m▄[38;2;158;124;81m[48;2;198;134;68m▄[38;2;150;119;80m[48;2;192;129;72m▄[38;2;134;111;78m[48;2;159;99;57m▄[38;2;124;107;74m[48;2;154;97;54m▄[38;2;128;111;74m[48;2;138;102;63m▄[38;2;143;124;80m[48;2;103;85;56m▄[38;2;116;103;75m[48;2;95;79;54m▄[38;2;92;87;83m[48;2;95;82;64m▄[38;2;103;97;94m[48;2;123;108;85m▄[38;2;119;125;121m[48;2;118;114;102m▄[38;2;114;116;113m[48;2;117;113;107m▄[38;2;121;122;124m[48;2;125;119;116m▄[38;2;133;138;139m[48;2;124;124;115m▄[38;2;134;141;141m[48;2;114;105;95m▄[38;2;134;144;147m[48;2;85;68;62m▄[38;2;133;146;150m[48;2;49;31;22m▄[38;2;121;131;132m[48;2;27;17;11m▄[38;2;101;112;119m[48;2;90;59;15m▄[38;2;121;132;136m[48;2;148;102;34m▄[38;2;134;142;142m[48;2;154;110;39m▄[38;2;125;136;136m[48;2;88;50;15m▄[38;2;114;126;131m[48;2;96;60;18m▄[38;2;114;127;131m[48;2;118;81;27m▄[38;2;122;125;120m[48;2;107;84;61m▄[38;2;120;119;112m[48;2;93;83;76m▄[38;2;122;123;120m[48;2;120;119;109m▄[38;2;131;132;125m[48;2;115;116;107m▄[38;2;124;123;117m[48;2;107;106;100m▄[38;2;125;117;108m[48;2;98;96;92m▄[38;2;131;122;113m[48;2;85;78;75m▄[38;2;134;129;114m[48;2;81;71;59m▄[38;2;119;106;90m[48;2;68;56;41m▄[38;2;92;76;60m[48;2;37;31;17m▄[38;2;99;84;65m[48;2;31;27;14m▄[38;2;101;85;66m[48;2;30;25;14m▄[38;2;98;79;57m[48;2;32;25;15m▄[38;2;91;76;48m[48;2;27;23;13m▄[38;2;81;71;44m[48;2;26;23;13m▄[38;2;74;64;40m[48;2;25;21;14m▄[38;2;80;67;43m[48;2;32;28;17m▄[0m
[38;2;15;13;11m[48;2;33;31;18m▄[38;2;21;17;15m[48;2;40;34;23m▄[38;2;23;20;19m[48;2;40;31;22m▄[38;2;28;25;25m[48;2;45;36;29m▄[38;2;32;26;25m[48;2;54;44;40m▄[38;2;45;38;24m[48;2;83;71;60m▄[38;2;53;44;26m[48;2;110;92;66m▄[38;2;60;48;29m[48;2;120;100;61m▄[38;2;70;57;41m[48;2;117;92;59m▄[38;2;76;63;45m[48;2;118;92;66m▄[38;2;77;65;46m[48;2;120;97;73m▄[38;2;76;62;45m[48;2;118;98;75m▄[38;2;78;66;48m[48;2;111;92;74m▄[38;2;85;74;55m[48;2;104;87;68m▄[38;2;82;69;48m[48;2;117;99;80m▄[38;2;80;69;48m[48;2;122;106;86m▄[38;2;84;75;55m[48;2;126;109;89m▄[38;2;89;81;59m[48;2;137;116;88m▄[38;2;82;74;52m[48;2;143;124;91m▄[38;2;72;62;39m[48;2;132;117;81m▄[38;2;66;57;33m[48;2;128;112;80m▄[38;2;56;47;27m[48;2;122;107;72m▄[38;2;67;57;39m[48;2;123;106;72m▄[38;2;71;61;43m[48;2;128;110;76m▄[38;2;68;58;42m[48;2;133;115;80m▄[38;2;57;50;40m[48;2;139;122;85m▄[38;2;56;51;40m[48;2;94;83;56m▄[38;2;57;52;39m[48;2;52;48;36m▄[38;2;52;47;35m[48;2;60;58;47m▄[38;2;45;39;28m[48;2;54;50;39m▄[38;2;50;46;36m[48;2;82;77;71m▄[38;2;41;39;30m[48;2;69;69;63m▄[38;2;38;35;24m[48;2;68;70;66m▄[38;2;36;33;24m[48;2;78;84;80m▄[38;2;12;11;7m[48;2;77;87;89m▄[38;2;17;16;9m[48;2;89;102;103m▄[38;2;17;12;5m[48;2;98;112;113m▄[38;2;12;8;3m[48;2;98;116;118m▄[38;2;13;8;3m[48;2;100;118;120m▄[38;2;13;8;1m[48;2;106;123;124m▄[38;2;14;8;2m[48;2;100;119;120m▄[38;2;18;12;5m[48;2;99;112;110m▄[38;2;20;13;5m[48;2;102;117;115m▄[38;2;25;18;9m[48;2;83;88;87m▄[38;2;28;20;11m[48;2;91;89;85m▄[38;2;28;23;14m[48;2;96;94;86m▄[38;2;31;25;16m[48;2;97;88;75m▄[38;2;32;25;15m[48;2;96;85;71m▄[38;2;27;21;13m[48;2;82;70;55m▄[38;2;24;19;11m[48;2;69;59;48m▄[38;2;19;15;9m[48;2;61;53;41m▄[38;2;15;13;9m[48;2;54;44;29m▄[38;2;29;26;17m[48;2;68;59;42m▄[38;2;49;43;32m[48;2;115;96;74m▄[38;2;42;34;24m[48;2;121;97;76m▄[38;2;47;40;29m[48;2;135;112;80m▄[38;2;51;41;30m[48;2;135;115;79m▄[38;2;50;39;31m[48;2;133;110;79m▄[38;2;38;28;19m[48;2;121;96;66m▄[38;2;42;32;23m[48;2;124;97;65m▄[0m
[38;2;3;5;5m[48;2;0;0;1m▄[38;2;4;6;6m[48;2;0;1;1m▄[38;2;6;8;4m[48;2;0;1;0m▄[38;2;5;7;6m[48;2;0;0;0m▄[38;2;5;7;6m[48;2;0;0;0m▄[38;2;7;8;5m[48;2;0;0;0m▄[38;2;16;12;9m[48;2;0;0;0m▄[38;2;16;11;9m[48;2;0;0;0m▄[38;2;14;12;7m[48;2;0;0;0m▄[38;2;14;13;5m[48;2;0;0;0m▄[38;2;9;10;6m[48;2;0;0;0m▄[38;2;8;10;6m[48;2;0;0;0m▄[38;2;12;11;7m[48;2;0;0;0m▄[38;2;6;8;6m[48;2;0;0;0m▄[38;2;13;13;11m[48;2;0;0;0m▄[38;2;19;18;14m[48;2;0;0;0m▄[38;2;21;22;17m[48;2;0;0;0m▄[38;2;13;14;11m[48;2;0;0;0m▄[38;2;19;19;17m[48;2;0;0;0m▄[38;2;22;23;21m[48;2;0;0;0m▄[38;2;23;24;22m[48;2;0;0;0m▄[38;2;28;29;26m[48;2;0;0;0m▄[38;2;21;22;19m[48;2;0;0;0m▄[38;2;22;22;21m[48;2;0;0;0m▄[38;2;18;19;19m[48;2;0;0;0m▄[38;2;18;19;18m[48;2;0;0;0m▄[38;2;20;19;19m[48;2;0;0;0m▄[38;2;15;16;15m[48;2;0;0;0m▄[38;2;9;10;8m[48;2;0;0;0m▄[38;2;11;13;8m[48;2;0;0;0m▄[38;2;17;19;14m[48;2;0;0;0m▄[38;2;13;14;9m[48;2;0;0;0m▄[38;2;15;15;11m[48;2;0;0;0m▄[38;2;18;19;15m[48;2;0;0;0m▄[38;2;11;11;6m[48;2;1;2;0m▄[38;2;8;9;4m[48;2;0;1;0m▄[38;2;26;21;14m[48;2;0;0;0m▄[38;2;33;23;13m[48;2;0;0;0m▄[38;2;26;17;9m[48;2;0;2;1m▄[38;2;14;10;3m[48;2;1;2;1m▄[38;2;21;15;8m[48;2;1;2;1m▄[38;2;49;31;18m[48;2;0;1;0m▄[38;2;31;22;13m[48;2;0;0;0m▄[38;2;6;7;3m[48;2;0;0;0m▄[38;2;7;8;4m[48;2;0;0;0m▄[38;2;7;8;3m[48;2;0;0;0m▄[38;2;7;7;4m[48;2;0;0;0m▄[38;2;6;8;4m[48;2;0;0;0m▄[38;2;6;8;5m[48;2;0;1;0m▄[38;2;6;8;4m[48;2;0;1;0m▄[38;2;5;7;4m[48;2;0;2;0m▄[38;2;4;6;6m[48;2;0;2;0m▄[38;2;5;6;7m[48;2;0;0;0m▄[38;2;4;6;6m[48;2;0;0;0m▄[38;2;4;6;5m[48;2;0;0;0m▄[38;2;4;5;7m[48;2;0;0;0m▄[38;2;3;6;7m[48;2;0;0;0m▄[38;2;4;5;6m[48;2;0;0;0m▄[38;2;3;5;6m[48;2;0;0;0m▄[38;2;3;6;8m[48;2;0;0;0m▄[0m
[38;2;9;11;7m[48;2;1;3;5m▄[38;2;11;13;6m[48;2;3;4;7m▄[38;2;15;15;9m[48;2;5;5;3m▄[38;2;13;12;8m[48;2;8;8;5m▄[38;2;4;7;3m[48;2;8;10;4m▄[38;2;29;20;11m[48;2;19;15;7m▄[38;2;32;22;11m[48;2;36;24;12m▄[38;2;15;11;3m[48;2;31;22;9m▄[38;2;25;21;10m[48;2;23;18;6m▄[38;2;36;32;25m[48;2;28;25;16m▄[38;2;34;28;17m[48;2;19;18;11m▄[38;2;40;33;23m[48;2;21;19;9m▄[38;2;28;26;23m[48;2;27;22;14m▄[38;2;20;21;17m[48;2;20;19;16m▄[38;2;19;19;15m[48;2;30;28;23m▄[38;2;17;18;15m[48;2;34;30;28m▄[38;2;16;16;12m[48;2;26;27;22m▄[38;2;27;26;22m[48;2;29;29;24m▄[38;2;38;38;32m[48;2;47;47;43m▄[38;2;51;51;45m[48;2;41;42;37m▄[38;2;35;36;30m[48;2;42;42;38m▄[38;2;37;37;30m[48;2;47;48;43m▄[38;2;56;54;48m[48;2;61;59;54m▄[38;2;69;66;58m[48;2;74;72;64m▄[38;2;86;78;73m[48;2;85;81;76m▄[38;2;80;76;68m[48;2;54;53;47m▄[38;2;75;72;65m[48;2;64;61;54m▄[38;2;97;92;88m[48;2;55;54;49m▄[38;2;95;90;89m[48;2;51;51;48m▄[38;2;55;51;54m[48;2;39;39;38m▄[38;2;40;40;38m[48;2;30;30;27m▄[38;2;46;43;40m[48;2;51;48;44m▄[38;2;36;35;33m[48;2;47;42;37m▄[38;2;37;32;26m[48;2;45;43;40m▄[38;2;33;24;16m[48;2;23;22;18m▄[38;2;31;28;22m[48;2;31;27;22m▄[38;2;23;17;15m[48;2;35;23;14m▄[38;2;29;24;21m[48;2;51;33;20m▄[38;2;38;33;30m[48;2;56;39;27m▄[38;2;43;39;38m[48;2;39;30;22m▄[38;2;46;41;39m[48;2;35;26;18m▄[38;2;48;40;36m[48;2;68;46;32m▄[38;2;60;48;43m[48;2;87;60;44m▄[38;2;55;42;35m[48;2;26;17;8m▄[38;2;40;29;21m[48;2;17;13;6m▄[38;2;52;32;20m[48;2;33;23;14m▄[38;2;34;21;11m[48;2;27;19;10m▄[38;2;17;15;8m[48;2;11;11;5m▄[38;2;14;13;6m[48;2;12;11;6m▄[38;2;21;18;11m[48;2;19;15;8m▄[38;2;14;14;7m[48;2;7;9;3m▄[38;2;13;13;5m[48;2;8;9;6m▄[38;2;17;13;4m[48;2;17;15;9m▄[38;2;12;10;5m[48;2;11;10;6m▄[38;2;4;6;6m[48;2;1;2;6m▄[38;2;6;7;5m[48;2;1;2;6m▄[38;2;3;5;4m[48;2;1;2;7m▄[38;2;4;6;5m[48;2;2;3;7m▄[38;2;4;6;4m[48;2;6;7;4m▄[38;2;3;5;6m[48;2;7;8;4m▄[0m
[38;2;13;13;9m[48;2;7;9;3m▄[38;2;18;18;15m[48;2;22;22;15m▄[38;2;23;22;18m[48;2;38;35;29m▄[38;2;21;21;15m[48;2;21;21;14m▄[38;2;25;21;13m[48;2;15;14;6m▄[38;2;13;12;5m[48;2;24;18;7m▄[38;2;15;12;6m[48;2;18;14;6m▄[38;2;42;32;22m[48;2;17;13;6m▄[38;2;41;34;28m[48;2;51;40;28m▄[38;2;18;16;9m[48;2;34;25;17m▄[38;2;30;23;14m[48;2;39;30;19m▄[38;2;19;15;8m[48;2;43;34;27m▄[38;2;33;24;17m[48;2;24;22;18m▄[38;2;30;22;15m[48;2;13;16;11m▄[38;2;23;21;13m[48;2;15;17;11m▄[38;2;25;20;12m[48;2;17;18;13m▄[38;2;25;25;18m[48;2;17;17;12m▄[38;2;23;25;19m[48;2;20;20;15m▄[38;2;30;29;24m[48;2;26;26;21m▄[38;2;31;30;24m[48;2;47;46;40m▄[38;2;54;50;46m[48;2;60;60;54m▄[38;2;69;65;62m[48;2;67;65;60m▄[38;2;84;77;70m[48;2;49;46;42m▄[38;2;73;67;62m[48;2;48;44;41m▄[38;2;56;51;48m[48;2;67;59;53m▄[38;2;41;34;29m[48;2;80;74;71m▄[38;2;53;44;42m[48;2;77;68;66m▄[38;2;61;50;49m[48;2;84;79;70m▄[38;2;75;59;57m[48;2;43;42;38m▄[38;2;65;52;49m[48;2;53;43;40m▄[38;2;42;34;30m[48;2;57;49;47m▄[38;2;38;36;34m[48;2;43;41;39m▄[38;2;47;41;39m[48;2;37;37;34m▄[38;2;53;43;44m[48;2;39;28;17m▄[38;2;19;20;23m[48;2;33;21;10m▄[38;2;52;23;12m[48;2;60;27;9m▄[38;2;94;37;9m[48;2;57;28;12m▄[38;2;112;46;9m[48;2;56;32;16m▄[38;2;150;66;20m[48;2;96;49;23m▄[38;2;171;85;39m[48;2;137;71;38m▄[38;2;173;82;34m[48;2;157;91;56m▄[38;2;194;104;52m[48;2;155;96;64m▄[38;2;187;94;41m[48;2;165;97;63m▄[38;2;59;27;7m[48;2;112;69;46m▄[38;2;8;6;0m[48;2;60;43;33m▄[38;2;22;14;6m[48;2;55;35;21m▄[38;2;28;16;6m[48;2;34;21;10m▄[38;2;13;10;4m[48;2;22;18;12m▄[38;2;16;14;8m[48;2;24;19;9m▄[38;2;18;13;7m[48;2;29;21;13m▄[38;2;30;22;17m[48;2;27;21;15m▄[38;2;16;14;9m[48;2;16;14;6m▄[38;2;14;12;7m[48;2;12;9;4m▄[38;2;16;12;5m[48;2;14;12;6m▄[38;2;13;12;9m[48;2;5;6;4m▄[38;2;28;28;20m[48;2;12;12;6m▄[38;2;42;39;31m[48;2;32;30;23m▄[38;2;35;32;20m[48;2;31;27;18m▄[38;2;27;26;14m[48;2;26;23;16m▄[38;2;22;21;12m[48;2;11;12;9m▄[0m
[38;2;18;16;9m[48;2;16;15;9m▄[38;2;24;22;17m[48;2;23;21;17m▄[38;2;26;24;19m[48;2;15;14;10m▄[38;2;22;21;17m[48;2;18;17;12m▄[38;2;24;24;19m[48;2;27;24;17m▄[38;2;23;22;16m[48;2;27;24;16m▄[38;2;20;19;10m[48;2;16;16;11m▄[38;2;25;24;16m[48;2;39;32;22m▄[38;2;31;23;16m[48;2;28;25;20m▄[38;2;29;21;13m[48;2;12;11;6m▄[38;2;17;11;4m[48;2;21;14;6m▄[38;2;45;29;19m[48;2;26;18;10m▄[38;2;38;25;17m[48;2;49;34;23m▄[38;2;23;17;10m[48;2;35;25;16m▄[38;2;28;22;14m[48;2;30;24;14m▄[38;2;38;28;19m[48;2;31;23;13m▄[38;2;29;22;15m[48;2;28;22;14m▄[38;2;29;26;20m[48;2;23;24;18m▄[38;2;44;41;36m[48;2;29;30;24m▄[38;2;58;53;50m[48;2;43;39;35m▄[38;2;48;43;37m[48;2;41;38;33m▄[38;2;48;45;43m[48;2;62;61;57m▄[38;2;25;24;21m[48;2;61;61;56m▄[38;2;40;35;29m[48;2;55;54;48m▄[38;2;55;46;38m[48;2;60;58;52m▄[38;2;58;49;44m[48;2;49;48;45m▄[38;2;44;37;33m[48;2;37;32;33m▄[38;2;40;35;31m[48;2;57;49;48m▄[38;2;57;50;49m[48;2;65;54;51m▄[38;2;47;41;41m[48;2;62;48;46m▄[38;2;42;38;37m[48;2;64;51;50m▄[38;2;50;42;39m[48;2;60;49;47m▄[38;2;33;24;16m[48;2;50;38;34m▄[38;2;28;18;8m[48;2;52;36;29m▄[38;2;43;25;10m[48;2;22;12;3m▄[38;2;51;30;9m[48;2;21;14;7m▄[38;2;86;54;25m[48;2;73;32;9m▄[38;2;84;45;18m[48;2;115;47;8m▄[38;2;122;58;18m[48;2;167;81;30m▄[38;2;157;70;26m[48;2;159;76;31m▄[38;2;159;69;29m[48;2;129;50;14m▄[38;2;112;56;20m[48;2;181;87;34m▄[38;2;22;14;5m[48;2;123;67;36m▄[38;2;55;42;39m[48;2;67;53;56m▄[38;2;83;59;51m[48;2;65;52;52m▄[38;2;96;74;69m[48;2;40;28;21m▄[38;2;86;58;53m[48;2;33;21;11m▄[38;2;65;43;34m[48;2;17;9;1m▄[38;2;100;94;92m[48;2;0;0;0m▄[38;2;108;109;115m[48;2;0;0;0m▄[38;2;117;112;110m[48;2;7;2;0m▄[38;2;103;90;88m[48;2;23;17;14m▄[38;2;33;20;18m[48;2;27;20;15m▄[38;2;9;5;1m[48;2;11;9;4m▄[38;2;22;21;17m[48;2;33;31;27m▄[38;2;39;37;34m[48;2;41;41;36m▄[38;2;37;32;21m[48;2;33;31;22m▄[38;2;29;27;17m[48;2;29;26;13m▄[38;2;20;20;12m[48;2;21;21;12m▄[38;2;22;20;12m[48;2;24;23;14m▄[0m
[38;2;0;0;5m[48;2;9;9;3m▄[38;2;2;4;5m[48;2;15;16;11m▄[38;2;5;9;5m[48;2;21;22;19m▄[38;2;26;24;18m[48;2;26;26;24m▄[38;2;40;37;31m[48;2;22;22;17m▄[38;2;41;35;28m[48;2;29;25;18m▄[38;2;53;42;35m[48;2;32;29;19m▄[38;2;43;38;30m[48;2;29;26;19m▄[38;2;37;34;28m[48;2;23;21;15m▄[38;2;23;20;13m[48;2;21;17;8m▄[38;2;24;16;7m[48;2;17;12;4m▄[38;2;20;17;9m[48;2;37;24;14m▄[38;2;20;15;8m[48;2;21;15;8m▄[38;2;14;10;5m[48;2;12;11;6m▄[38;2;19;16;9m[48;2;19;15;9m▄[38;2;36;25;14m[48;2;42;28;17m▄[38;2;41;31;21m[48;2;36;29;21m▄[38;2;35;29;20m[48;2;26;26;20m▄[38;2;51;38;25m[48;2;34;28;18m▄[38;2;33;23;15m[48;2;34;30;23m▄[38;2;39;29;22m[48;2;23;17;11m▄[38;2;5;4;7m[48;2;32;24;17m▄[38;2;0;1;7m[48;2;18;15;13m▄[38;2;1;3;6m[48;2;11;11;11m▄[38;2;5;4;6m[48;2;27;23;20m▄[38;2;15;13;12m[48;2;28;23;22m▄[38;2;15;12;13m[48;2;30;25;23m▄[38;2;17;14;16m[48;2;16;14;14m▄[38;2;15;10;2m[48;2;35;30;28m▄[38;2;20;13;5m[48;2;40;33;29m▄[38;2;33;27;23m[48;2;40;35;31m▄[38;2;66;64;69m[48;2;27;26;26m▄[38;2;41;42;46m[48;2;12;10;7m▄[38;2;17;11;2m[48;2;33;22;11m▄[38;2;25;15;5m[48;2;36;21;9m▄[38;2;1;1;2m[48;2;27;16;5m▄[38;2;118;97;89m[48;2;109;78;50m▄[38;2;170;149;140m[48;2;163;133;112m▄[38;2;162;149;138m[48;2;174;155;142m▄[38;2;149;132;121m[48;2;190;165;146m▄[38;2;169;157;148m[48;2;157;126;102m▄[38;2;162;147;140m[48;2;72;55;43m▄[38;2;144;127;116m[48;2;40;23;9m▄[38;2;73;53;36m[48;2;50;29;11m▄[38;2;36;18;6m[48;2;61;34;14m▄[38;2;21;8;3m[48;2;61;32;17m▄[38;2;102;66;34m[48;2;112;70;51m▄[38;2;153;117;63m[48;2;198;174;149m▄[38;2;160;121;63m[48;2;215;207;183m▄[38;2;161;121;58m[48;2;212;204;177m▄[38;2;164;126;66m[48;2;217;208;178m▄[38;2;176;137;63m[48;2;222;208;171m▄[38;2;180;139;61m[48;2;155;130;95m▄[38;2;130;86;50m[48;2;21;12;10m▄[38;2;93;53;41m[48;2;31;31;33m▄[38;2;27;19;5m[48;2;49;40;32m▄[38;2;9;12;5m[48;2;31;27;15m▄[38;2;10;12;6m[48;2;16;18;12m▄[38;2;10;12;5m[48;2;7;10;5m▄[38;2;11;13;6m[48;2;11;13;9m▄[0m
[38;2;18;16;9m[48;2;7;7;7m▄[38;2;16;17;12m[48;2;3;3;7m▄[38;2;6;8;9m[48;2;1;1;5m▄[38;2;3;5;7m[48;2;9;8;6m▄[38;2;0;3;6m[48;2;21;18;14m▄[38;2;3;5;5m[48;2;26;23;19m▄[38;2;19;19;17m[48;2;36;32;27m▄[38;2;17;17;14m[48;2;29;28;22m▄[38;2;3;5;3m[48;2;24;23;17m▄[38;2;4;5;5m[48;2;27;22;14m▄[38;2;4;6;6m[48;2;22;18;10m▄[38;2;9;12;10m[48;2;20;22;13m▄[38;2;18;25;15m[48;2;16;21;13m▄[38;2;33;35;26m[48;2;18;17;8m▄[38;2;25;19;11m[48;2;23;17;9m▄[38;2;45;30;20m[48;2;36;25;15m▄[38;2;44;31;23m[48;2;41;29;19m▄[38;2;53;36;23m[48;2;39;28;17m▄[38;2;56;38;25m[48;2;57;39;25m▄[38;2;35;26;17m[48;2;47;32;20m▄[38;2;16;14;11m[48;2;52;36;27m▄[38;2;11;9;11m[48;2;2;3;8m▄[38;2;22;17;14m[48;2;0;2;4m▄[38;2;47;36;33m[48;2;26;21;18m▄[38;2;105;82;79m[48;2;76;59;55m▄[38;2;45;36;37m[48;2;50;38;38m▄[38;2;34;25;24m[48;2;40;31;32m▄[38;2;44;31;29m[48;2;55;43;46m▄[38;2;37;26;20m[48;2;45;34;31m▄[38;2;38;30;24m[48;2;28;21;14m▄[38;2;76;65;65m[48;2;57;52;55m▄[38;2;110;88;82m[48;2;93;93;104m▄[38;2;105;83;73m[48;2;70;68;76m▄[38;2;81;61;51m[48;2;37;29;23m▄[38;2;93;63;44m[48;2;77;57;42m▄[38;2;70;41;23m[48;2;108;86;73m▄[38;2;104;45;11m[48;2;102;65;48m▄[38;2;116;49;8m[48;2;82;44;21m▄[38;2;104;47;16m[48;2;100;57;33m▄[38;2;107;51;24m[48;2;122;71;49m▄[38;2;98;49;20m[48;2;98;63;43m▄[38;2;80;40;7m[48;2;105;74;53m▄[38;2;106;59;26m[48;2;149;119;104m▄[38;2;101;66;45m[48;2;138;116;105m▄[38;2;43;30;21m[48;2;24;13;7m▄[38;2;13;8;4m[48;2;0;0;1m▄[38;2;59;33;13m[48;2;56;33;15m▄[38;2;134;91;37m[48;2;137;94;41m▄[38;2;127;89;35m[48;2;157;116;58m▄[38;2;136;93;36m[48;2;153;108;50m▄[38;2;158;114;45m[48;2;164;118;53m▄[38;2;177;135;66m[48;2;186;141;64m▄[38;2;186;140;61m[48;2;181;139;65m▄[38;2;176;120;42m[48;2;179;121;52m▄[38;2;75;37;17m[48;2;111;51;23m▄[38;2;27;24;23m[48;2;3;2;0m▄[38;2;33;28;17m[48;2;12;13;8m▄[38;2;21;20;9m[48;2;19;19;12m▄[38;2;14;14;7m[48;2;15;15;7m▄[38;2;12;13;6m[48;2;13;13;6m▄[0m
[38;2;5;9;7m[48;2;13;13;9m▄[38;2;14;14;10m[48;2;17;17;11m▄[38;2;18;16;10m[48;2;18;17;11m▄[38;2;18;16;11m[48;2;13;15;10m▄[38;2;16;15;11m[48;2;11;13;10m▄[38;2;10;11;8m[48;2;9;11;8m▄[38;2;8;10;6m[48;2;22;22;20m▄[38;2;11;11;6m[48;2;18;18;17m▄[38;2;11;10;7m[48;2;2;4;3m▄[38;2;13;11;7m[48;2;2;4;6m▄[38;2;5;6;6m[48;2;4;5;6m▄[38;2;4;5;6m[48;2;3;6;6m▄[38;2;8;9;7m[48;2;14;18;10m▄[38;2;14;16;5m[48;2;28;32;20m▄[38;2;27;21;9m[48;2;29;30;20m▄[38;2;19;16;8m[48;2;25;19;11m▄[38;2;21;17;9m[48;2;28;21;14m▄[38;2;23;17;8m[48;2;73;47;28m▄[38;2;22;18;9m[48;2;56;39;25m▄[38;2;22;20;13m[48;2;20;18;13m▄[38;2;24;19;16m[48;2;4;5;7m▄[38;2;35;25;21m[48;2;20;16;17m▄[38;2;38;28;23m[48;2;29;23;21m▄[38;2;42;30;25m[48;2;37;28;24m▄[38;2;49;36;30m[48;2;48;36;35m▄[38;2;49;38;29m[48;2;50;41;44m▄[38;2;33;20;10m[48;2;43;28;21m▄[38;2;20;12;6m[48;2;35;14;0m▄[38;2;5;5;2m[48;2;20;13;4m▄[38;2;16;11;3m[48;2;19;13;3m▄[38;2;15;9;0m[48;2;59;42;29m▄[38;2;23;12;3m[48;2;83;55;36m▄[38;2;28;14;2m[48;2;75;46;31m▄[38;2;47;27;14m[48;2;74;48;36m▄[38;2;34;19;9m[48;2;45;24;9m▄[38;2;42;27;16m[48;2;47;26;7m▄[38;2;65;51;37m[48;2;63;32;12m▄[38;2;114;95;70m[48;2;62;28;11m▄[38;2;206;163;106m[48;2;123;79;46m▄[38;2;160;116;68m[48;2;114;65;30m▄[38;2;102;62;25m[48;2;100;50;19m▄[38;2;99;61;31m[48;2;83;43;15m▄[38;2;92;69;46m[48;2;87;43;7m▄[38;2;92;80;68m[48;2;66;31;1m▄[38;2;107;97;90m[48;2;30;14;0m▄[38;2;119;110;105m[48;2;17;6;0m▄[38;2;113;103;97m[48;2;41;18;0m▄[38;2;94;84;78m[48;2;124;73;16m▄[38;2;97;87;74m[48;2;83;40;2m▄[38;2;150;122;85m[48;2;107;58;5m▄[38;2;142;116;89m[48;2;156;99;20m▄[38;2;157;132;96m[48;2;170;108;17m▄[38;2;151;127;97m[48;2;191;126;21m▄[38;2;90;86;86m[48;2;74;40;0m▄[38;2;95;92;89m[48;2;16;8;6m▄[38;2;102;94;86m[48;2;33;24;18m▄[38;2;91;80;69m[48;2;14;12;1m▄[38;2;50;45;34m[48;2;11;11;3m▄[38;2;5;6;3m[48;2;14;14;7m▄[38;2;4;6;2m[48;2;11;13;6m▄[0m
[38;2;5;6;3m[48;2;1;3;5m▄[38;2;6;8;6m[48;2;8;9;6m▄[38;2;4;6;6m[48;2;9;10;7m▄[38;2;8;8;4m[48;2;12;12;9m▄[38;2;6;8;4m[48;2;14;14;9m▄[38;2;6;8;5m[48;2;10;11;6m▄[38;2;11;12;7m[48;2;9;11;5m▄[38;2;16;20;7m[48;2;14;13;8m▄[38;2;12;15;7m[48;2;11;10;9m▄[38;2;8;10;9m[48;2;8;8;8m▄[38;2;9;13;8m[48;2;2;4;6m▄[38;2;9;14;6m[48;2;4;5;5m▄[38;2;14;18;9m[48;2;6;7;6m▄[38;2;18;19;10m[48;2;10;9;9m▄[38;2;31;26;15m[48;2;19;14;12m▄[38;2;34;26;15m[48;2;31;22;15m▄[38;2;42;27;17m[48;2;32;24;14m▄[38;2;46;29;18m[48;2;16;13;6m▄[38;2;38;25;16m[48;2;14;12;5m▄[38;2;37;23;14m[48;2;25;20;10m▄[38;2;31;19;10m[48;2;32;26;13m▄[38;2;31;20;11m[48;2;36;23;14m▄[38;2;30;20;11m[48;2;45;28;20m▄[38;2;27;18;9m[48;2;38;24;17m▄[38;2;25;17;9m[48;2;36;24;18m▄[38;2;29;16;5m[48;2;36;21;14m▄[38;2;80;53;26m[48;2;22;14;5m▄[38;2;134;105;58m[48;2;39;28;15m▄[38;2;154;128;80m[48;2;64;46;23m▄[38;2;140;119;76m[48;2;73;49;25m▄[38;2;130;107;70m[48;2;52;31;18m▄[38;2;141;123;80m[48;2;33;21;10m▄[38;2;138;123;76m[48;2;40;26;12m▄[38;2;131;110;69m[48;2;57;34;14m▄[38;2;124;106;67m[48;2;78;44;21m▄[38;2;90;84;51m[48;2;90;59;32m▄[38;2;70;69;48m[48;2;128;96;60m▄[38;2;78;75;55m[48;2;123;92;54m▄[38;2;87;80;49m[48;2;110;86;47m▄[38;2;94;85;46m[48;2;108;92;50m▄[38;2;117;108;65m[48;2;114;103;55m▄[38;2;83;74;44m[48;2;51;46;26m▄[38;2;49;43;24m[48;2;16;19;22m▄[38;2;43;40;24m[48;2;36;42;40m▄[38;2;22;20;11m[48;2;55;58;52m▄[38;2;20;19;11m[48;2;60;64;63m▄[38;2;20;19;11m[48;2;66;72;75m▄[38;2;17;13;2m[48;2;76;84;84m▄[38;2;25;21;5m[48;2;74;86;87m▄[38;2;21;16;3m[48;2;74;88;94m▄[38;2;11;9;0m[48;2;83;94;97m▄[38;2;17;14;0m[48;2;86;92;91m▄[38;2;28;21;6m[48;2;97;92;83m▄[38;2;42;33;18m[48;2;108;101;89m▄[38;2;54;44;24m[48;2;113;100;84m▄[38;2;57;48;29m[48;2;95;81;67m▄[38;2;43;36;19m[48;2;76;68;52m▄[38;2;35;30;15m[48;2;61;57;39m▄[38;2;103;87;59m[48;2;89;75;49m▄[38;2;164;134;95m[48;2;106;86;58m▄[0m
