[38;2;230;243;225m[48;2;228;241;224m▄[38;2;255;255;255m[48;2;241;253;237m▄[38;2;248;255;243m[48;2;218;233;214m▄[38;2;246;255;242m[48;2;214;227;208m▄[38;2;245;255;240m[48;2;210;226;206m▄[38;2;242;255;237m[48;2;208;224;202m▄[38;2;241;255;236m[48;2;208;224;202m▄[38;2;238;254;233m[48;2;208;224;200m▄[38;2;235;252;230m[48;2;208;224;200m▄[38;2;237;253;232m[48;2;208;222;200m▄[38;2;240;255;234m[48;2;208;222;200m▄[38;2;240;255;235m[48;2;208;224;200m▄[38;2;238;255;235m[48;2;208;224;202m▄[38;2;239;255;234m[48;2;208;224;202m▄[38;2;244;255;239m[48;2;208;222;202m▄[38;2;163;197;190m[48;2;197;222;206m▄[38;2;168;201;195m[48;2;200;224;208m▄[38;2;244;255;238m[48;2;210;224;202m▄[38;2;232;249;226m[48;2;210;226;204m▄[38;2;231;248;225m[48;2;210;226;204m▄[38;2;229;246;223m[48;2;212;227;206m▄[38;2;230;248;225m[48;2;212;227;206m▄[38;2;231;249;226m[48;2;214;229;210m▄[38;2;232;250;227m[48;2;218;231;214m▄[38;2;234;253;231m[48;2;224;235;218m▄[38;2;153;153;139m[48;2;171;173;160m▄[38;2;129;100;86m[48;2;129;119;110m▄[38;2;174;132;112m[48;2;100;84;81m▄[38;2;199;154;127m[48;2;98;81;79m▄[38;2;215;168;138m[48;2;92;69;67m▄[38;2;227;177;144m[48;2;98;71;65m▄[38;2;229;180;146m[48;2;102;75;67m▄[38;2;228;178;146m[48;2;104;77;71m▄[38;2;227;176;144m[48;2;104;77;69m▄[38;2;223;172;141m[48;2;98;75;69m▄[38;2;215;166;136m[48;2;88;69;67m▄[38;2;199;151;124m[48;2;104;90;88m▄[38;2;178;139;115m[48;2;117;115;108m▄[38;2;146;116;99m[48;2;141;142;133m▄[38;2;118;95;86m[48;2;173;179;166m▄[38;2;128;110;103m[48;2;206;222;202m▄[38;2;169;165;153m[48;2;227;247;227m▄[38;2;226;241;221m[48;2;216;231;212m▄[38;2;235;253;230m[48;2;210;226;204m▄[38;2;225;242;219m[48;2;210;226;204m▄[38;2;226;242;219m[48;2;210;226;204m▄[38;2;226;242;219m[48;2;210;226;204m▄[38;2;226;242;219m[48;2;210;226;204m▄[38;2;226;242;219m[48;2;210;226;204m▄[38;2;226;242;219m[48;2;210;226;204m▄[38;2;226;242;219m[48;2;210;226;204m▄[38;2;226;242;219m[48;2;210;226;204m▄[38;2;227;243;220m[48;2;210;226;204m▄[38;2;227;244;221m[48;2;210;226;204m▄[38;2;227;244;221m[48;2;210;226;204m▄[38;2;227;244;221m[48;2;210;226;204m▄[38;2;227;244;221m[48;2;210;226;204m▄[38;2;227;244;221m[48;2;210;226;204m▄[38;2;227;244;221m[48;2;210;226;204m▄[38;2;246;255;238m[48;2;229;245;222m▄[0m
[38;2;234;248;230m[48;2;223;237;218m▄[38;2;250;254;247m[48;2;240;252;235m▄[38;2;232;247;228m[48;2;222;236;218m▄[38;2;232;247;227m[48;2;225;238;220m▄[38;2;233;248;228m[48;2;226;239;221m▄[38;2;231;245;226m[48;2;228;242;223m▄[38;2;228;243;223m[48;2;229;242;224m▄[38;2;225;239;221m[48;2;228;241;223m▄[38;2;227;241;223m[48;2;228;241;223m▄[38;2;218;231;213m[48;2;229;243;225m▄[38;2;143;138;127m[48;2;222;234;218m▄[38;2;150;139;131m[48;2;214;223;208m▄[38;2;151;138;129m[48;2;211;221;205m▄[38;2;154;145;137m[48;2;211;220;204m▄[38;2;150;142;136m[48;2;217;224;211m▄[38;2;144;137;131m[48;2;150;147;138m▄[38;2;146;137;131m[48;2;149;138;129m▄[38;2;151;142;135m[48;2;188;180;167m▄[38;2;156;142;133m[48;2;174;162;151m▄[38;2;154;140;131m[48;2;170;157;145m▄[38;2;156;143;134m[48;2;167;154;143m▄[38;2;157;142;134m[48;2;167;158;146m▄[38;2;161;146;138m[48;2;166;166;155m▄[38;2;167;153;144m[48;2;180;182;169m▄[38;2;151;139;131m[48;2;190;192;179m▄[38;2;163;150;141m[48;2;182;177;167m▄[38;2;168;157;147m[48;2;194;174;161m▄[38;2;139;133;126m[48;2;213;188;170m▄[38;2;131;128;122m[48;2;212;179;155m▄[38;2;129;124;117m[48;2;213;171;145m▄[38;2;104;98;93m[48;2;225;179;150m▄[38;2;159;134;114m[48;2;224;177;147m▄[38;2;216;172;142m[48;2;199;159;135m▄[38;2;237;187;153m[48;2;202;169;149m▄[38;2;233;185;153m[48;2;212;185;167m▄[38;2;136;122;115m[48;2;216;194;179m▄[38;2;213;212;211m[48;2;236;214;197m▄[38;2;220;196;179m[48;2;229;191;162m▄[38;2;241;189;150m[48;2;246;193;155m▄[38;2;255;212;171m[48;2;216;172;140m▄[38;2;205;161;133m[48;2;122;91;78m▄[38;2;89;65;60m[48;2;93;65;58m▄[38;2;85;57;52m[48;2;113;92;85m▄[38;2;147;144;134m[48;2;169;168;156m▄[38;2;232;246;227m[48;2;228;241;224m▄[38;2;220;234;216m[48;2;220;235;215m▄[38;2;222;235;217m[48;2;220;235;216m▄[38;2;224;236;219m[48;2;220;235;216m▄[38;2;225;238;220m[48;2;220;234;215m▄[38;2;226;239;221m[48;2;220;234;215m▄[38;2;228;240;222m[48;2;220;235;215m▄[38;2;228;239;222m[48;2;218;233;213m▄[38;2;226;238;221m[48;2;213;228;209m▄[38;2;227;240;222m[48;2;210;225;206m▄[38;2;227;240;222m[48;2;209;224;204m▄[38;2;225;239;220m[48;2;209;224;203m▄[38;2;225;239;220m[48;2;209;224;203m▄[38;2;224;239;219m[48;2;209;224;202m▄[38;2;223;238;218m[48;2;208;224;202m▄[38;2;241;251;237m[48;2;225;242;219m▄[0m
[38;2;228;244;227m[48;2;218;232;213m▄[38;2;240;255;237m[48;2;234;247;229m▄[38;2;219;234;215m[48;2;218;233;213m▄[38;2;221;237;217m[48;2;220;235;215m▄[38;2;222;237;218m[48;2;222;237;218m▄[38;2;218;233;214m[48;2;224;239;220m▄[38;2;214;230;210m[48;2;227;242;222m▄[38;2;212;228;208m[48;2;230;244;225m▄[38;2;218;233;212m[48;2;233;248;229m▄[38;2;223;238;218m[48;2;234;247;229m▄[38;2;216;231;212m[48;2;194;200;186m▄[38;2;192;207;193m[48;2;194;196;182m▄[38;2;184;196;187m[48;2;192;193;182m▄[38;2;197;166;144m[48;2;173;158;142m▄[38;2;244;193;157m[48;2;193;163;140m▄[38;2;250;197;158m[48;2;208;172;145m▄[38;2;255;202;159m[48;2;222;182;150m▄[38;2;209;177;148m[48;2;194;161;137m▄[38;2;231;246;230m[48;2;172;168;157m▄[38;2;239;255;236m[48;2;177;174;163m▄[38;2;238;253;233m[48;2;170;165;154m▄[38;2;236;251;232m[48;2;169;162;152m▄[38;2;217;230;213m[48;2;171;165;153m▄[38;2;163;167;159m[48;2;171;164;152m▄[38;2;131;116;107m[48;2;153;136;122m▄[38;2;139;119;107m[48;2;146;133;123m▄[38;2;133;131;128m[48;2;145;133;127m▄[38;2;183;162;146m[48;2;147;130;116m▄[38;2;185;156;136m[48;2;131;123;111m▄[38;2;137;141;143m[48;2;130;134;131m▄[38;2;218;175;147m[48;2;121;109;97m▄[38;2;219;171;140m[48;2;149;126;110m▄[38;2;228;180;147m[48;2;232;185;151m▄[38;2;253;200;160m[48;2;255;204;163m▄[38;2;243;193;156m[48;2;233;185;150m▄[38;2;209;160;132m[48;2;188;149;123m▄[38;2;248;196;158m[48;2;242;191;152m▄[38;2;255;201;161m[48;2;250;196;155m▄[38;2;254;197;157m[48;2;249;197;158m▄[38;2;228;182;148m[48;2;255;203;161m▄[38;2;226;195;164m[48;2;230;178;142m▄[38;2;227;200;171m[48;2;141;105;87m▄[38;2;206;210;191m[48;2;137;125;113m▄[38;2;216;233;215m[48;2;208;223;206m▄[38;2;212;227;208m[48;2;213;229;209m▄[38;2;213;228;209m[48;2;210;226;205m▄[38;2;214;229;210m[48;2;210;225;205m▄[38;2;214;229;209m[48;2;211;225;206m▄[38;2;213;228;208m[48;2;211;226;207m▄[38;2;213;228;208m[48;2;212;227;208m▄[38;2;212;227;208m[48;2;213;227;208m▄[38;2;211;227;207m[48;2;215;229;210m▄[38;2;211;226;207m[48;2;217;230;211m▄[38;2;211;226;207m[48;2;219;232;213m▄[38;2;212;227;207m[48;2;222;234;216m▄[38;2;212;227;208m[48;2;222;235;217m▄[38;2;213;228;209m[48;2;224;237;219m▄[38;2;213;228;209m[48;2;225;238;221m▄[38;2;214;228;210m[48;2;227;239;222m▄[38;2;232;247;227m[48;2;246;255;241m▄[0m
[38;2;186;199;181m[48;2;136;143;134m▄[38;2;220;235;215m[48;2;173;182;171m▄[38;2;208;223;202m[48;2;179;190;177m▄[38;2;205;218;201m[48;2;178;189;176m▄[38;2;193;205;191m[48;2;186;197;183m▄[38;2;160;170;162m[48;2;199;210;195m▄[38;2;126;133;127m[48;2;210;223;206m▄[38;2;136;143;135m[48;2;212;226;208m▄[38;2;138;146;138m[48;2;184;196;182m▄[38;2;134;141;133m[48;2;149;158;148m▄[38;2;167;176;166m[48;2;128;137;128m▄[38;2;179;190;179m[48;2;137;147;140m▄[38;2;191;162;138m[48;2;165;148;132m▄[38;2;246;195;157m[48;2;213;177;150m▄[38;2;247;195;157m[48;2;198;169;148m▄[38;2;252;198;156m[48;2;195;167;146m▄[38;2;205;167;138m[48;2;194;164;142m▄[38;2;131;134;130m[48;2;169;165;153m▄[38;2;124;127;125m[48;2;186;201;188m▄[38;2;100;106;91m[48;2;197;208;195m▄[38;2;93;103;71m[48;2;181;191;183m▄[38;2;102;112;83m[48;2;145;152;149m▄[38;2;134;143;121m[48;2;136;143;140m▄[38;2;142;151;131m[48;2;154;165;156m▄[38;2;129;141;117m[48;2;180;192;178m▄[38;2;109;125;94m[48;2;190;172;148m▄[38;2;124;130;121m[48;2;151;143;133m▄[38;2;137;139;135m[48;2;154;152;146m▄[38;2;106;100;64m[48;2;183;161;146m▄[38;2;205;165;132m[48;2;190;168;150m▄[38;2;249;196;162m[48;2;224;178;147m▄[38;2;253;199;167m[48;2;230;181;149m▄[38;2;213;164;140m[48;2;201;160;133m▄[38;2;241;188;156m[48;2;254;202;162m▄[38;2;253;200;160m[48;2;252;199;159m▄[38;2;253;201;160m[48;2;235;185;151m▄[38;2;238;190;155m[48;2;207;162;134m▄[38;2;138;125;96m[48;2;214;175;140m▄[38;2;74;101;53m[48;2;205;185;158m▄[38;2;85;114;55m[48;2;196;204;188m▄[38;2;92;118;60m[48;2;207;226;212m▄[38;2;111;132;81m[48;2;215;234;221m▄[38;2;126;144;101m[48;2;224;240;225m▄[38;2;148;164;129m[48;2;223;237;220m▄[38;2;186;201;179m[48;2;218;232;214m▄[38;2;215;230;212m[48;2;211;226;206m▄[38;2;211;226;206m[48;2;211;226;207m▄[38;2;211;226;206m[48;2;211;226;208m▄[38;2;211;226;207m[48;2;212;227;208m▄[38;2;212;227;208m[48;2;212;227;208m▄[38;2;214;228;209m[48;2;212;227;208m▄[38;2;214;229;209m[48;2;212;227;208m▄[38;2;213;227;208m[48;2;212;227;208m▄[38;2;211;225;206m[48;2;212;227;209m▄[38;2;209;224;204m[48;2;213;228;209m▄[38;2;209;224;204m[48;2;214;229;209m▄[38;2;210;225;205m[48;2;214;229;209m▄[38;2;211;226;205m[48;2;215;230;209m▄[38;2;211;226;205m[48;2;215;230;209m▄[38;2;228;244;222m[48;2;233;247;228m▄[0m
[38;2;162;158;151m[48;2;220;234;216m▄[38;2;170;168;159m[48;2;224;237;220m▄[38;2;126;123;120m[48;2;207;221;206m▄[38;2;149;141;136m[48;2;168;179;168m▄[38;2;189;173;163m[48;2;134;142;134m▄[38;2;202;186;174m[48;2;124;127;122m▄[38;2;174;168;157m[48;2;131;131;126m▄[38;2;176;175;165m[48;2;160;160;151m▄[38;2;185;188;176m[48;2;197;204;192m▄[38;2;188;196;183m[48;2;198;209;197m▄[38;2;214;229;211m[48;2;208;220;209m▄[38;2;219;235;218m[48;2;197;209;199m▄[38;2;215;230;212m[48;2;173;171;159m▄[38;2;210;217;196m[48;2;186;162;142m▄[38;2;206;209;190m[48;2;190;163;143m▄[38;2;203;206;187m[48;2;182;156;137m▄[38;2;215;215;194m[48;2;144;126;112m▄[38;2;205;207;183m[48;2;163;137;118m▄[38;2;152;158;131m[48;2;200;160;132m▄[38;2;137;149;119m[48;2;97;95;53m▄[38;2;143;162;122m[48;2;58;85;10m▄[38;2;150;168;132m[48;2;66;89;15m▄[38;2;166;184;150m[48;2;62;86;14m▄[38;2;121;135;107m[48;2;70;91;28m▄[38;2;64;84;25m[48;2;84;103;46m▄[38;2;75;98;28m[48;2;90;108;56m▄[38;2;73;97;28m[48;2;87;104;62m▄[38;2;73;97;28m[48;2;87;103;60m▄[38;2;77;100;34m[48;2;65;90;29m▄[38;2;75;99;32m[48;2;76;95;40m▄[38;2;65;92;26m[48;2;130;127;78m▄[38;2;62;90;25m[48;2;187;161;119m▄[38;2;63;93;25m[48;2;163;144;104m▄[38;2;61;89;27m[48;2;148;127;97m▄[38;2;126;120;79m[48;2;255;203;168m▄[38;2;211;173;138m[48;2;255;203;164m▄[38;2;241;191;155m[48;2;255;201;161m▄[38;2;250;197;160m[48;2;255;203;165m▄[38;2;255;204;168m[48;2;176;148;110m▄[38;2;255;201;168m[48;2;133;125;77m▄[38;2;239;193;162m[48;2;126;124;70m▄[38;2;138;124;96m[48;2;82;99;35m▄[38;2;61;84;35m[48;2;70;95;22m▄[38;2;134;151;113m[48;2;55;78;5m▄[38;2;202;214;197m[48;2;76;92;51m▄[38;2;231;245;227m[48;2;203;215;201m▄[38;2;231;244;224m[48;2;211;227;207m▄[38;2;233;247;226m[48;2;208;224;202m▄[38;2;231;245;225m[48;2;208;223;203m▄[38;2;228;242;221m[48;2;208;223;202m▄[38;2;225;239;218m[48;2;208;223;202m▄[38;2;224;238;218m[48;2;208;223;202m▄[38;2;235;248;227m[48;2;211;226;205m▄[38;2;240;254;232m[48;2;215;230;209m▄[38;2;239;253;231m[48;2;215;229;208m▄[38;2;239;252;230m[48;2;213;228;207m▄[38;2;233;247;224m[48;2;209;224;203m▄[38;2;225;241;218m[48;2;207;222;201m▄[38;2;233;247;225m[48;2;209;224;203m▄[38;2;252;255;247m[48;2;227;243;220m▄[0m
[38;2;85;94;89m[48;2;169;193;186m▄[38;2;94;98;92m[48;2;203;210;199m▄[38;2;109;112;103m[48;2;210;204;191m▄[38;2;114;116;105m[48;2;232;228;211m▄[38;2;114;116;106m[48;2;226;225;207m▄[38;2;117;117;108m[48;2;221;226;207m▄[38;2;114;113;103m[48;2;225;237;216m▄[38;2;105;104;94m[48;2;229;245;223m▄[38;2;97;99;89m[48;2;230;248;224m▄[38;2;94;99;89m[48;2;231;248;224m▄[38;2;100;105;95m[48;2;226;242;220m▄[38;2;109;113;103m[48;2;223;239;217m▄[38;2;123;125;115m[48;2;222;238;215m▄[38;2;140;141;133m[48;2;221;237;216m▄[38;2;155;152;141m[48;2;218;235;214m▄[38;2;167;161;147m[48;2;216;233;211m▄[38;2;177;176;165m[48;2;214;231;211m▄[38;2;183;185;176m[48;2;215;233;213m▄[38;2;185;189;180m[48;2;219;236;217m▄[38;2;183;190;181m[48;2;222;239;219m▄[38;2;179;185;176m[48;2;224;239;222m▄[38;2;169;176;166m[48;2;225;241;223m▄[38;2;151;158;151m[48;2;237;254;240m▄[38;2;107;99;90m[48;2;155;154;137m▄[38;2;108;91;76m[48;2;115;88;46m▄[38;2;89;75;60m[48;2;132;105;59m▄[38;2;76;63;47m[48;2;133;108;63m▄[38;2;67;55;40m[48;2;134;108;64m▄[38;2;66;56;39m[48;2;133;109;64m▄[38;2;74;62;44m[48;2;134;110;63m▄[38;2;82;69;52m[48;2;135;109;63m▄[38;2;83;68;52m[48;2;134;109;62m▄[38;2;79;64;47m[48;2;133;108;61m▄[38;2;76;59;43m[48;2;130;108;60m▄[38;2;80;63;46m[48;2;117;99;51m▄[38;2;90;74;55m[48;2;120;97;54m▄[38;2;99;85;64m[48;2;138;105;67m▄[38;2;110;95;75m[48;2;146;111;71m▄[38;2;124;108;87m[48;2;140;107;69m▄[38;2;137;121;100m[48;2;125;99;59m▄[38;2;148;129;110m[48;2;100;83;41m▄[38;2;155;134;115m[48;2;85;75;28m▄[38;2;138;118;106m[48;2;71;62;27m▄[38;2;161;148;136m[48;2;198;197;183m▄[38;2;186;173;157m[48;2;245;251;231m▄[38;2;171;164;148m[48;2;229;242;219m▄[38;2;159;157;142m[48;2;230;245;221m▄[38;2;145;147;136m[48;2;232;247;224m▄[38;2;130;136;125m[48;2;234;250;227m▄[38;2;116;123;113m[48;2;239;255;231m▄[38;2;103;109;99m[48;2;243;255;235m▄[38;2;92;99;89m[48;2;247;255;239m▄[38;2;91;96;86m[48;2;248;255;239m▄[38;2;94;100;90m[48;2;248;255;239m▄[38;2;102;107;97m[48;2;247;255;239m▄[38;2;109;111;101m[48;2;247;255;240m▄[38;2;112;110;99m[48;2;247;255;239m▄[38;2;112;108;96m[48;2;250;255;239m▄[38;2;111;103;89m[48;2;250;255;237m▄[38;2;122;110;93m[48;2;255;255;255m▄[0m
[38;2;0;0;0m[48;2;0;0;0m▄[38;2;0;0;0m[48;2;0;0;0m▄[38;2;0;0;0m[48;2;0;0;0m▄[38;2;0;0;0m[48;2;0;0;0m▄[38;2;33;34;33m[48;2;0;0;0m▄[38;2;116;116;115m[48;2;0;0;0m▄[38;2;192;192;191m[48;2;0;0;0m▄[38;2;240;240;240m[48;2;19;18;20m▄[38;2;255;255;255m[48;2;65;64;65m▄[38;2;255;255;255m[48;2;111;110;111m▄[38;2;255;255;255m[48;2;151;150;152m▄[38;2;255;255;255m[48;2;182;181;183m▄[38;2;255;255;255m[48;2;204;204;205m▄[38;2;255;255;255m[48;2;221;220;221m▄[38;2;255;255;255m[48;2;231;231;233m▄[38;2;255;255;255m[48;2;239;239;241m▄[38;2;255;255;255m[48;2;244;243;245m▄[38;2;255;255;255m[48;2;246;245;246m▄[38;2;255;255;255m[48;2;247;246;247m▄[38;2;255;255;255m[48;2;246;245;247m▄[38;2;255;255;255m[48;2;244;243;245m▄[38;2;255;255;255m[48;2;240;239;240m▄[38;2;255;255;255m[48;2;233;232;233m▄[38;2;255;255;255m[48;2;227;228;230m▄[38;2;255;255;255m[48;2;209;212;215m▄[38;2;255;255;255m[48;2;187;190;193m▄[38;2;255;255;255m[48;2;158;160;163m▄[38;2;255;255;255m[48;2;119;121;124m▄[38;2;255;255;255m[48;2;74;77;79m▄[38;2;251;251;251m[48;2;31;34;37m▄[38;2;225;225;225m[48;2;0;0;2m▄[38;2;234;235;234m[48;2;6;9;12m▄[38;2;255;255;255m[48;2;47;50;53m▄[38;2;255;255;255m[48;2;91;94;96m▄[38;2;255;255;255m[48;2;134;137;139m▄[38;2;255;255;255m[48;2;170;173;175m▄[38;2;255;255;255m[48;2;198;200;204m▄[38;2;255;255;255m[48;2;218;220;223m▄[38;2;255;255;255m[48;2;231;234;236m▄[38;2;255;255;255m[48;2;241;243;245m▄[38;2;255;255;255m[48;2;248;250;253m▄[38;2;255;255;255m[48;2;252;255;255m▄[38;2;255;255;255m[48;2;255;255;255m▄[38;2;255;255;255m[48;2;250;252;254m▄[38;2;255;255;255m[48;2;244;246;248m▄[38;2;255;255;255m[48;2;243;243;244m▄[38;2;255;255;255m[48;2;237;236;237m▄[38;2;255;255;255m[48;2;229;228;229m▄[38;2;255;255;255m[48;2;215;214;215m▄[38;2;255;255;255m[48;2;197;196;197m▄[38;2;255;255;255m[48;2;171;170;172m▄[38;2;255;255;255m[48;2;137;136;138m▄[38;2;255;255;255m[48;2;93;93;94m▄[38;2;255;255;255m[48;2;46;46;47m▄[38;2;225;224;224m[48;2;2;2;3m▄[38;2;164;165;165m[48;2;0;0;0m▄[38;2;81;82;82m[48;2;0;0;0m▄[38;2;9;9;9m[48;2;0;0;0m▄[38;2;0;0;0m[48;2;0;0;0m▄[38;2;0;0;0m[48;2;0;0;0m▄[0m
[38;2;0;0;0m[48;2;0;0;0m▄[38;2;0;0;0m[48;2;0;0;0m▄[38;2;67;67;67m[48;2;5;5;5m▄[38;2;223;224;224m[48;2;102;104;103m▄[38;2;255;255;255m[48;2;216;218;217m▄[38;2;255;255;255m[48;2;255;255;255m▄[38;2;255;255;255m[48;2;255;255;255m▄[38;2;255;255;255m[48;2;255;255;255m▄[38;2;255;255;255m[48;2;255;255;255m▄[38;2;255;255;255m[48;2;255;255;255m▄[38;2;255;255;255m[48;2;255;255;255m▄[38;2;255;255;255m[48;2;255;255;255m▄[38;2;255;255;255m[48;2;255;255;255m▄[38;2;255;255;255m[48;2;255;255;255m▄[38;2;255;255;255m[48;2;255;255;255m▄[38;2;255;255;255m[48;2;255;255;255m▄[38;2;255;255;255m[48;2;255;255;255m▄[38;2;255;255;255m[48;2;255;255;255m▄[38;2;255;255;255m[48;2;255;255;255m▄[38;2;255;255;255m[48;2;255;255;255m▄[38;2;255;255;255m[48;2;255;255;255m▄[38;2;255;255;255m[48;2;255;255;255m▄[38;2;255;255;255m[48;2;255;255;255m▄[38;2;255;255;255m[48;2;255;255;255m▄[38;2;255;255;255m[48;2;255;255;255m▄[38;2;255;255;255m[48;2;255;255;255m▄[38;2;255;255;255m[48;2;255;255;255m▄[38;2;255;255;255m[48;2;255;255;255m▄[38;2;255;255;255m[48;2;255;255;255m▄[38;2;255;255;255m[48;2;255;255;255m▄[38;2;255;255;255m[48;2;255;255;255m▄[38;2;255;255;255m[48;2;255;255;255m▄[38;2;255;255;255m[48;2;255;255;255m▄[38;2;255;255;255m[48;2;255;255;255m▄[38;2;255;255;255m[48;2;255;255;255m▄[38;2;255;255;255m[48;2;255;255;255m▄[38;2;255;255;255m[48;2;255;255;255m▄[38;2;255;255;255m[48;2;255;255;255m▄[38;2;255;255;255m[48;2;255;255;255m▄[38;2;255;255;255m[48;2;255;255;255m▄[38;2;255;255;255m[48;2;255;255;255m▄[38;2;255;255;255m[48;2;255;255;255m▄[38;2;255;255;255m[48;2;255;255;255m▄[38;2;255;255;255m[48;2;255;255;255m▄[38;2;255;255;255m[48;2;255;255;255m▄[38;2;255;255;255m[48;2;255;255;255m▄[38;2;255;255;255m[48;2;255;255;255m▄[38;2;255;255;255m[48;2;255;255;255m▄[38;2;255;255;255m[48;2;255;255;255m▄[38;2;255;255;255m[48;2;255;255;255m▄[38;2;255;255;255m[48;2;255;255;255m▄[38;2;255;255;255m[48;2;255;255;255m▄[38;2;255;255;255m[48;2;255;255;255m▄[38;2;255;255;255m[48;2;255;255;255m▄[38;2;255;255;255m[48;2;255;255;255m▄[38;2;255;255;255m[48;2;255;255;255m▄[38;2;255;255;255m[48;2;251;251;251m▄[38;2;249;250;249m[48;2;179;181;180m▄[38;2;175;178;177m[48;2;52;54;53m▄[38;2;12;12;12m[48;2;0;0;0m▄[0m
[38;2;0;0;0m[48;2;0;0;0m▄[38;2;0;0;0m[48;2;0;0;0m▄[38;2;0;0;0m[48;2;40;40;40m▄[38;2;36;34;34m[48;2;192;191;190m▄[38;2;144;142;140m[48;2;254;255;255m▄[38;2;226;227;225m[48;2;255;255;255m▄[38;2;255;255;255m[48;2;255;255;255m▄[38;2;255;255;255m[48;2;255;255;255m▄[38;2;255;255;255m[48;2;255;255;255m▄[38;2;255;255;255m[48;2;255;255;255m▄[38;2;255;255;255m[48;2;255;255;255m▄[38;2;255;255;255m[48;2;255;255;255m▄[38;2;255;255;255m[48;2;255;255;255m▄[38;2;255;255;255m[48;2;255;255;255m▄[38;2;255;255;255m[48;2;255;255;255m▄[38;2;255;255;255m[48;2;255;255;255m▄[38;2;255;255;255m[48;2;255;255;255m▄[38;2;255;255;255m[48;2;255;255;255m▄[38;2;255;255;255m[48;2;255;255;255m▄[38;2;255;255;255m[48;2;255;255;255m▄[38;2;255;255;255m[48;2;255;255;255m▄[38;2;255;255;255m[48;2;255;255;255m▄[38;2;255;255;255m[48;2;255;255;255m▄[38;2;255;255;255m[48;2;255;255;255m▄[38;2;255;255;255m[48;2;255;255;255m▄[38;2;255;255;255m[48;2;255;255;255m▄[38;2;255;255;255m[48;2;255;255;255m▄[38;2;255;255;255m[48;2;255;255;255m▄[38;2;255;255;255m[48;2;255;255;255m▄[38;2;255;255;255m[48;2;255;255;255m▄[38;2;255;255;255m[48;2;255;255;255m▄[38;2;255;255;255m[48;2;255;255;255m▄[38;2;255;255;255m[48;2;255;255;255m▄[38;2;255;255;255m[48;2;255;255;255m▄[38;2;255;255;255m[48;2;255;255;255m▄[38;2;255;255;255m[48;2;255;255;255m▄[38;2;255;255;255m[48;2;255;255;255m▄[38;2;255;255;255m[48;2;255;255;255m▄[38;2;255;255;255m[48;2;255;255;255m▄[38;2;255;255;255m[48;2;255;255;255m▄[38;2;255;255;255m[48;2;255;255;255m▄[38;2;255;255;255m[48;2;255;255;255m▄[38;2;255;255;255m[48;2;255;255;255m▄[38;2;255;255;255m[48;2;255;255;255m▄[38;2;255;255;255m[48;2;255;255;255m▄[38;2;255;255;255m[48;2;255;255;255m▄[38;2;255;255;255m[48;2;255;255;255m▄[38;2;255;255;255m[48;2;255;255;255m▄[38;2;255;255;255m[48;2;255;255;255m▄[38;2;255;255;255m[48;2;255;255;255m▄[38;2;255;255;255m[48;2;255;255;255m▄[38;2;255;255;255m[48;2;255;255;255m▄[38;2;255;255;255m[48;2;255;255;255m▄[38;2;255;255;255m[48;2;255;255;255m▄[38;2;255;255;255m[48;2;255;255;255m▄[38;2;253;254;254m[48;2;255;255;255m▄[38;2;198;200;199m[48;2;255;255;255m▄[38;2;98;99;99m[48;2;240;243;242m▄[38;2;7;7;7m[48;2;133;135;134m▄[38;2;0;0;0m[48;2;5;6;6m▄[0m
[38;2;12;12;12m[48;2;0;0;0m▄[38;2;12;12;12m[48;2;0;0;0m▄[38;2;12;12;12m[48;2;0;0;0m▄[38;2;11;12;11m[48;2;0;0;0m▄[38;2;10;10;10m[48;2;0;0;0m▄[38;2;3;3;3m[48;2;26;25;25m▄[38;2;0;0;0m[48;2;92;90;90m▄[38;2;0;0;0m[48;2;157;155;154m▄[38;2;19;18;17m[48;2;205;204;204m▄[38;2;48;46;46m[48;2;237;237;236m▄[38;2;80;79;78m[48;2;255;255;255m▄[38;2;111;111;110m[48;2;255;255;255m▄[38;2;139;140;139m[48;2;255;255;255m▄[38;2;164;164;164m[48;2;255;255;255m▄[38;2;183;184;183m[48;2;255;255;255m▄[38;2;198;199;199m[48;2;255;255;255m▄[38;2;208;209;209m[48;2;255;255;255m▄[38;2;213;214;214m[48;2;255;255;255m▄[38;2;222;225;224m[48;2;255;255;255m▄[38;2;224;228;227m[48;2;255;255;255m▄[38;2;218;222;221m[48;2;255;255;255m▄[38;2;207;211;210m[48;2;255;255;255m▄[38;2;182;185;184m[48;2;255;255;255m▄[38;2;157;157;157m[48;2;255;255;255m▄[38;2;133;134;133m[48;2;255;255;255m▄[38;2;105;105;105m[48;2;255;255;255m▄[38;2;72;72;72m[48;2;255;255;255m▄[38;2;37;37;38m[48;2;242;243;243m▄[38;2;10;11;12m[48;2;212;213;213m▄[38;2;0;0;0m[48;2;172;174;173m▄[38;2;0;0;0m[48;2;126;127;126m▄[38;2;0;0;0m[48;2;141;141;141m▄[38;2;11;14;13m[48;2;188;188;188m▄[38;2;38;41;40m[48;2;222;222;222m▄[38;2;69;71;70m[48;2;248;248;248m▄[38;2;97;97;97m[48;2;255;255;255m▄[38;2;126;126;126m[48;2;255;255;255m▄[38;2;153;153;153m[48;2;255;255;255m▄[38;2;175;175;175m[48;2;255;255;255m▄[38;2;192;192;192m[48;2;255;255;255m▄[38;2;205;205;205m[48;2;255;255;255m▄[38;2;211;212;212m[48;2;255;255;255m▄[38;2;214;216;216m[48;2;255;255;255m▄[38;2;214;215;215m[48;2;255;255;255m▄[38;2;210;211;210m[48;2;255;255;255m▄[38;2;202;203;203m[48;2;255;255;255m▄[38;2;190;191;191m[48;2;255;255;255m▄[38;2;175;175;174m[48;2;255;255;255m▄[38;2;153;153;153m[48;2;255;255;255m▄[38;2;127;127;126m[48;2;255;255;255m▄[38;2;97;97;96m[48;2;255;255;255m▄[38;2;64;64;64m[48;2;250;250;250m▄[38;2;32;32;32m[48;2;227;227;227m▄[38;2;7;7;7m[48;2;188;188;188m▄[38;2;0;0;0m[48;2;132;132;132m▄[38;2;0;0;0m[48;2;64;64;64m▄[38;2;5;6;5m[48;2;5;5;5m▄[38;2;10;10;10m[48;2;0;0;0m▄[38;2;10;11;10m[48;2;0;0;0m▄[38;2;11;12;11m[48;2;0;0;0m▄[0m
[38;2;242;254;237m[48;2;207;220;204m▄[38;2;255;255;255m[48;2;223;231;219m▄[38;2;239;254;234m[48;2;206;219;202m▄[38;2;237;253;232m[48;2;204;216;200m▄[38;2;237;253;232m[48;2;203;213;198m▄[38;2;235;250;231m[48;2;204;215;199m▄[38;2;235;250;231m[48;2;205;217;201m▄[38;2;235;250;231m[48;2;205;217;201m▄[38;2;234;249;230m[48;2;203;215;199m▄[38;2;233;247;228m[48;2;199;211;195m▄[38;2;230;244;225m[48;2;194;206;189m▄[38;2;227;241;222m[48;2;191;203;186m▄[38;2;227;242;223m[48;2;191;204;187m▄[38;2;229;243;224m[48;2;194;206;190m▄[38;2;228;241;223m[48;2;198;210;194m▄[38;2;228;242;223m[48;2;203;215;198m▄[38;2;225;239;220m[48;2;207;219;203m▄[38;2;224;239;220m[48;2;210;222;206m▄[38;2;160;161;150m[48;2;170;174;162m▄[38;2;107;91;84m[48;2;143;138;128m▄[38;2;130;95;81m[48;2;128;120;113m▄[38;2;177;134;111m[48;2;112;101;96m▄[38;2;204;160;131m[48;2;82;65;61m▄[38;2;221;174;141m[48;2;77;54;48m▄[38;2;231;182;148m[48;2;83;58;51m▄[38;2;239;188;152m[48;2;87;62;53m▄[38;2;242;191;154m[48;2;93;68;59m▄[38;2;244;193;156m[48;2;98;74;64m▄[38;2;244;193;155m[48;2;102;80;71m▄[38;2;240;190;152m[48;2;105;84;76m▄[38;2;228;180;146m[48;2;102;82;76m▄[38;2;209;164;134m[48;2;99;81;76m▄[38;2;178;138;114m[48;2;101;87;81m▄[38;2;131;98;84m[48;2;116;109;101m▄[38;2;96;71;65m[48;2;145;147;134m▄[38;2;121;105;95m[48;2;176;189;172m▄[38;2;151;144;132m[48;2;187;202;185m▄[38;2;192;201;183m[48;2;186;199;181m▄[38;2;220;237;216m[48;2;185;196;179m▄[38;2;214;230;209m[48;2;192;203;187m▄[38;2;215;230;209m[48;2;198;209;194m▄[38;2;216;231;210m[48;2;203;214;199m▄[38;2;217;231;211m[48;2;205;218;202m▄[38;2;219;232;214m[48;2;205;216;200m▄[38;2;222;235;217m[48;2;204;215;199m▄[38;2;224;238;218m[48;2;196;208;192m▄[38;2;226;240;220m[48;2;188;201;184m▄[38;2;228;243;223m[48;2;183;196;180m▄[38;2;230;245;226m[48;2;179;193;176m▄[38;2;231;246;227m[48;2;177;191;174m▄[38;2;233;247;228m[48;2;179;192;175m▄[38;2;235;248;230m[48;2;183;197;180m▄[38;2;236;248;230m[48;2;189;202;185m▄[38;2;235;248;230m[48;2;193;206;190m▄[38;2;235;248;229m[48;2;196;209;192m▄[38;2;232;245;226m[48;2;194;207;191m▄[38;2;230;243;224m[48;2;191;204;187m▄[38;2;228;243;222m[48;2;190;203;186m▄[38;2;225;241;221m[48;2;190;203;186m▄[38;2;243;255;237m[48;2;206;221;201m▄[0m
[38;2;216;230;211m[48;2;216;232;211m▄[38;2;231;248;226m[48;2;234;246;228m▄[38;2;215;230;210m[48;2;219;234;213m▄[38;2;218;233;213m[48;2;220;235;215m▄[38;2;216;231;212m[48;2;223;238;218m▄[38;2;215;230;210m[48;2;224;239;219m▄[38;2;214;228;208m[48;2;226;241;221m▄[38;2;214;229;209m[48;2;228;243;223m▄[38;2;214;229;210m[48;2;230;245;225m▄[38;2;213;228;208m[48;2;232;246;226m▄[38;2;214;229;208m[48;2;232;247;227m▄[38;2;215;230;210m[48;2;232;248;228m▄[38;2;217;232;212m[48;2;235;250;230m▄[38;2;219;234;214m[48;2;236;251;231m▄[38;2;222;237;218m[48;2;234;249;229m▄[38;2;225;241;221m[48;2;232;246;227m▄[38;2;230;246;227m[48;2;232;246;227m▄[38;2;220;232;217m[48;2;231;245;228m▄[38;2;185;159;140m[48;2;216;228;215m▄[38;2;232;180;149m[48;2;202;174;152m▄[38;2;230;182;151m[48;2;251;197;158m▄[38;2;225;178;147m[48;2;255;206;165m▄[38;2;227;181;148m[48;2;255;205;163m▄[38;2;209;169;139m[48;2;255;204;163m▄[38;2;218;173;144m[48;2;253;200;160m▄[38;2;231;183;151m[48;2;248;195;157m▄[38;2;208;165;139m[48;2;250;198;159m▄[38;2;224;177;147m[48;2;249;197;158m▄[38;2;228;179;147m[48;2;246;194;156m▄[38;2;230;181;148m[48;2;245;193;156m▄[38;2;231;183;149m[48;2;247;194;157m▄[38;2;222;176;146m[48;2;245;194;157m▄[38;2;210;167;140m[48;2;250;199;161m▄[38;2;253;199;160m[48;2;254;202;161m▄[38;2;255;210;168m[48;2;201;159;131m▄[38;2;209;166;136m[48;2;107;79;70m▄[38;2;126;96;82m[48;2;87;57;54m▄[38;2;120;99;89m[48;2;102;87;82m▄[38;2;206;215;200m[48;2;211;226;208m▄[38;2;221;236;217m[48;2;217;232;213m▄[38;2;217;231;212m[48;2;212;228;208m▄[38;2;215;229;211m[48;2;212;227;208m▄[38;2;214;228;209m[48;2;211;227;207m▄[38;2;213;228;208m[48;2;211;226;206m▄[38;2;213;228;208m[48;2;210;226;206m▄[38;2;213;228;208m[48;2;210;226;206m▄[38;2;213;228;209m[48;2;210;225;206m▄[38;2;213;228;208m[48;2;211;226;206m▄[38;2;213;228;208m[48;2;211;226;206m▄[38;2;213;228;208m[48;2;212;226;206m▄[38;2;213;228;209m[48;2;212;226;207m▄[38;2;212;228;208m[48;2;213;227;208m▄[38;2;212;227;208m[48;2;215;229;210m▄[38;2;211;227;208m[48;2;217;230;212m▄[38;2;211;226;207m[48;2;218;231;213m▄[38;2;211;226;207m[48;2;220;232;215m▄[38;2;211;226;207m[48;2;223;235;218m▄[38;2;211;226;206m[48;2;226;239;220m▄[38;2;213;227;207m[48;2;227;239;221m▄[38;2;231;246;225m[48;2;246;255;241m▄[0m
[38;2;211;227;206m[48;2;218;234;213m▄[38;2;227;244;221m[48;2;234;249;228m▄[38;2;210;226;205m[48;2;216;231;212m▄[38;2;209;226;205m[48;2;217;232;213m▄[38;2;209;225;204m[48;2;217;232;213m▄[38;2;212;228;206m[48;2;217;232;212m▄[38;2;208;223;202m[48;2;216;231;211m▄[38;2;208;223;202m[48;2;216;231;211m▄[38;2;208;223;202m[48;2;217;232;213m▄[38;2;208;223;202m[48;2;216;231;212m▄[38;2;209;224;203m[48;2;214;229;210m▄[38;2;209;224;203m[48;2;212;227;208m▄[38;2;209;224;203m[48;2;212;227;207m▄[38;2;209;224;203m[48;2;213;227;207m▄[38;2;209;224;203m[48;2;213;228;208m▄[38;2;209;224;205m[48;2;212;227;208m▄[38;2;210;225;205m[48;2;211;227;207m▄[38;2;211;226;205m[48;2;208;222;203m▄[38;2;215;235;217m[48;2;201;207;190m▄[38;2;198;216;202m[48;2;192;170;148m▄[38;2;208;181;157m[48;2;240;187;151m▄[38;2;250;197;161m[48;2;245;193;155m▄[38;2;245;192;156m[48;2;245;194;156m▄[38;2;218;161;130m[48;2;248;198;161m▄[38;2;189;137;109m[48;2;211;168;141m▄[38;2;192;145;120m[48;2;245;195;159m▄[38;2;187;144;118m[48;2;248;197;159m▄[38;2;188;138;107m[48;2;253;202;165m▄[38;2;183;124;90m[48;2;255;206;166m▄[38;2;180;117;87m[48;2;255;206;166m▄[38;2;179;123;100m[48;2;255;205;165m▄[38;2;204;153;126m[48;2;255;203;162m▄[38;2;234;185;150m[48;2;253;200;160m▄[38;2;255;200;161m[48;2;248;196;157m▄[38;2;255;209;172m[48;2;249;196;156m▄[38;2;192;157;130m[48;2;255;202;163m▄[38;2;131;137;108m[48;2;246;199;166m▄[38;2;146;162;126m[48;2;228;197;174m▄[38;2;142;160;121m[48;2;208;215;203m▄[38;2;143;159;121m[48;2;227;242;227m▄[38;2;149;166;132m[48;2;223;237;221m▄[38;2;164;181;151m[48;2;221;235;219m▄[38;2;187;202;181m[48;2;218;232;215m▄[38;2;212;225;208m[48;2;214;229;210m▄[38;2;225;239;224m[48;2;212;227;208m▄[38;2;226;240;223m[48;2;212;227;209m▄[38;2;219;234;215m[48;2;211;226;208m▄[38;2;215;229;210m[48;2;211;225;206m▄[38;2;214;228;208m[48;2;211;225;206m▄[38;2;212;226;206m[48;2;212;226;207m▄[38;2;210;225;205m[48;2;213;227;208m▄[38;2;211;226;206m[48;2;213;227;208m▄[38;2;212;226;206m[48;2;213;228;209m▄[38;2;213;228;208m[48;2;213;228;209m▄[38;2;213;228;208m[48;2;212;227;207m▄[38;2;213;228;208m[48;2;212;227;207m▄[38;2;213;228;208m[48;2;213;228;208m▄[38;2;211;226;206m[48;2;213;228;209m▄[38;2;211;226;206m[48;2;214;229;210m▄[38;2;228;244;222m[48;2;232;246;227m▄[0m
[38;2;90;85;78m[48;2;183;174;164m▄[38;2;113;107;99m[48;2;191;182;169m▄[38;2;130;121;112m[48;2;169;162;150m▄[38;2;152;143;133m[48;2;167;161;150m▄[38;2;159;153;142m[48;2;162;157;145m▄[38;2;169;173;159m[48;2;169;172;158m▄[38;2;223;238;221m[48;2;222;236;221m▄[38;2;218;234;216m[48;2;217;232;215m▄[38;2;216;231;213m[48;2;218;233;214m▄[38;2;218;233;216m[48;2;218;233;213m▄[38;2;219;236;222m[48;2;217;232;212m▄[38;2;219;235;221m[48;2;216;231;211m▄[38;2;218;233;220m[48;2;216;231;211m▄[38;2;217;231;213m[48;2;216;232;212m▄[38;2;212;221;197m[48;2;216;233;215m▄[38;2;203;205;175m[48;2;215;233;217m▄[38;2;189;182;144m[48;2;216;233;215m▄[38;2;176;163;117m[48;2;214;230;208m▄[38;2;169;154;107m[48;2;208;217;191m▄[38;2;176;163;118m[48;2;199;204;171m▄[38;2;201;199;169m[48;2;181;177;139m▄[38;2;128;137;103m[48;2;180;157;114m▄[38;2;92;102;39m[48;2;168;134;92m▄[38;2;117;121;56m[48;2;128;74;42m▄[38;2;119;123;64m[48;2;128;67;45m▄[38;2;106;113;61m[48;2;137;82;65m▄[38;2;96;104;62m[48;2;155;105;71m▄[38;2;113;122;75m[48;2;161;112;85m▄[38;2;117;121;76m[48;2;155;101;85m▄[38;2;156;144;105m[48;2;162;98;88m▄[38;2;204;174;138m[48;2;163;89;86m▄[38;2;202;171;136m[48;2;170;107;97m▄[38;2;130;124;84m[48;2;210;166;146m▄[38;2;75;92;42m[48;2;198;158;135m▄[38;2;64;90;29m[48;2;146;134;94m▄[38;2;76;99;37m[48;2;72;87;43m▄[38;2;76;97;39m[48;2;58;79;29m▄[38;2;82;104;38m[48;2;72;95;25m▄[38;2;81;103;38m[48;2;70;93;22m▄[38;2;81;103;38m[48;2;70;92;24m▄[38;2;80;103;38m[48;2;70;93;23m▄[38;2;78;103;38m[48;2;70;93;24m▄[38;2;77;105;36m[48;2;76;97;33m▄[38;2;75;102;31m[48;2;94;113;58m▄[38;2;70;94;23m[48;2;123;141;100m▄[38;2;69;93;25m[48;2;159;175;145m▄[38;2;81;102;42m[48;2;192;207;186m▄[38;2;107;126;77m[48;2;215;229;212m▄[38;2;142;160;125m[48;2;222;236;219m▄[38;2;183;199;174m[48;2;217;232;212m▄[38;2;215;230;213m[48;2;210;226;204m▄[38;2;224;241;224m[48;2;208;224;202m▄[38;2;222;239;219m[48;2;209;224;203m▄[38;2;217;233;213m[48;2;210;225;204m▄[38;2;214;229;209m[48;2;211;226;205m▄[38;2;218;232;211m[48;2;210;225;206m▄[38;2;230;244;222m[48;2;210;225;206m▄[38;2;233;247;225m[48;2;210;225;205m▄[38;2;232;246;224m[48;2;209;224;204m▄[38;2;246;252;238m[48;2;225;242;218m▄[0m
[38;2;225;224;201m[48;2;172;188;172m▄[38;2;255;255;233m[48;2;196;213;196m▄[38;2;242;241;214m[48;2;198;214;196m▄[38;2;232;232;210m[48;2;206;223;203m▄[38;2;216;219;201m[48;2;210;228;207m▄[38;2;209;205;186m[48;2;212;230;210m▄[38;2;187;175;149m[48;2;204;221;203m▄[38;2;182;170;138m[48;2;203;219;202m▄[38;2;191;178;144m[48;2;212;228;206m▄[38;2;190;172;135m[48;2;204;216;188m▄[38;2;197;181;140m[48;2;199;206;174m▄[38;2;206;191;149m[48;2;201;206;170m▄[38;2;219;205;156m[48;2;195;192;153m▄[38;2;220;209;169m[48;2;182;169;121m▄[38;2;210;195;146m[48;2;167;152;103m▄[38;2;209;180;122m[48;2;158;136;80m▄[38;2;214;199;158m[48;2;147;125;70m▄[38;2;226;219;185m[48;2;174;161;112m▄[38;2;219;204;161m[48;2;200;201;168m▄[38;2;209;186;130m[48;2;216;232;212m▄[38;2;223;205;161m[48;2;215;228;204m▄[38;2;241;238;213m[48;2;182;195;174m▄[38;2;223;224;204m[48;2;102;114;71m▄[38;2;141;148;109m[48;2;75;95;26m▄[38;2;88;107;44m[48;2;77;103;30m▄[38;2;79;99;41m[48;2;73;99;32m▄[38;2;81;101;42m[48;2;73;98;34m▄[38;2;87;110;42m[48;2;72;98;31m▄[38;2;88;110;42m[48;2;73;100;31m▄[38;2;89;111;42m[48;2;70;97;29m▄[38;2;87;110;41m[48;2;77;100;36m▄[38;2;87;110;41m[48;2;77;100;37m▄[38;2;89;110;42m[48;2;71;98;30m▄[38;2;89;109;41m[48;2;80;105;36m▄[38;2;89;108;40m[48;2;83;106;39m▄[38;2;90;106;40m[48;2;82;106;39m▄[38;2;92;105;40m[48;2;82;107;38m▄[38;2;95;102;41m[48;2;81;106;39m▄[38;2;100;97;42m[48;2;79;106;37m▄[38;2;108;92;42m[48;2;78;105;36m▄[38;2;121;91;47m[48;2;77;98;40m▄[38;2;139;100;56m[48;2;78;82;37m▄[38;2;160;119;79m[48;2;87;77;31m▄[38;2;184;148;112m[48;2;81;83;33m▄[38;2;195;168;132m[48;2;85;101;45m▄[38;2;127;125;81m[48;2;85;105;42m▄[38;2;77;100;40m[48;2;79;101;35m▄[38;2;86;104;49m[48;2;74;97;28m▄[38;2;145;142;102m[48;2;62;87;17m▄[38;2;197;171;137m[48;2;71;92;31m▄[38;2;236;190;155m[48;2;129;130;94m▄[38;2;254;197;160m[48;2;218;205;186m▄[38;2;255;202;165m[48;2;230;232;216m▄[38;2;247;206;172m[48;2;227;243;225m▄[38;2;236;214;186m[48;2;231;251;231m▄[38;2;221;221;198m[48;2;237;255;232m▄[38;2;226;231;207m[48;2;238;255;231m▄[38;2;234;237;209m[48;2;237;253;231m▄[38;2;233;236;206m[48;2;237;253;231m▄[38;2;251;251;219m[48;2;254;255;250m▄[0m
