[38;2;20;30;25m[48;2;21;31;28m▄[38;2;40;50;41m[48;2;36;46;38m▄[38;2;55;62;53m[48;2;56;61;54m▄[38;2;36;53;46m[48;2;44;54;48m▄[38;2;11;32;31m[48;2;11;30;27m▄[38;2;18;31;30m[48;2;15;28;25m▄[38;2;53;59;48m[48;2;52;57;46m▄[38;2;71;73;57m[48;2;67;69;56m▄[38;2;81;83;64m[48;2;71;73;57m▄[38;2;58;65;52m[48;2;54;59;48m▄[38;2;27;37;37m[48;2;19;30;28m▄[38;2;36;43;42m[48;2;28;38;38m▄[38;2;33;38;36m[48;2;19;30;30m▄[38;2;41;49;47m[48;2;9;25;27m▄[38;2;39;48;43m[48;2;17;32;32m▄[38;2;26;32;30m[48;2;28;30;28m▄[38;2;33;33;30m[48;2;34;30;27m▄[38;2;28;36;32m[48;2;30;32;27m▄[38;2;39;48;44m[48;2;19;30;25m▄[38;2;33;41;37m[48;2;28;38;34m▄[38;2;52;58;48m[48;2;56;57;50m▄[38;2;53;60;49m[48;2;40;48;40m▄[38;2;49;55;47m[48;2;44;52;40m▄[38;2;57;61;49m[48;2;61;65;50m▄[38;2;82;85;64m[48;2;79;81;59m▄[38;2;101;99;74m[48;2;96;92;67m▄[38;2;82;81;61m[48;2;79;79;59m▄[38;2;42;45;39m[48;2;38;40;36m▄[38;2;44;46;40m[48;2;38;40;36m▄[38;2;41;43;38m[48;2;38;38;36m▄[38;2;55;58;48m[48;2;52;54;44m▄[38;2;78;78;60m[48;2;67;69;52m▄[38;2;97;92;67m[48;2;88;84;61m▄[38;2;54;55;45m[48;2;50;52;42m▄[38;2;14;22;26m[48;2;21;28;28m▄[38;2;50;52;48m[48;2;56;56;50m▄[38;2;92;101;89m[48;2;86;96;84m▄[38;2;42;47;39m[48;2;81;79;63m▄[38;2;85;83;67m[48;2;100;94;75m▄[38;2;132;134;112m[48;2;127;129;108m▄[38;2;140;138;115m[48;2;141;139;115m▄[38;2;179;177;141m[48;2;166;166;131m▄[38;2;226;227;178m[48;2;210;212;168m▄[38;2;225;225;174m[48;2;202;202;158m▄[38;2;217;214;163m[48;2;144;156;123m▄[38;2;215;212;162m[48;2;135;148;121m▄[38;2;221;220;170m[48;2;187;191;150m▄[38;2;224;225;177m[48;2;214;214;169m▄[38;2;224;226;179m[48;2;212;214;169m▄[38;2;222;223;176m[48;2;208;208;166m▄[38;2;225;226;177m[48;2;210;210;168m▄[38;2;227;228;179m[48;2;212;212;169m▄[38;2;221;220;171m[48;2;208;208;164m▄[38;2;219;214;162m[48;2;152;160;129m▄[38;2;175;169;130m[48;2;133;133;110m▄[38;2;63;71;61m[48;2;65;71;59m▄[38;2;22;34;30m[48;2;32;46;40m▄[38;2;58;66;55m[48;2;75;88;77m▄[38;2;61;80;72m[48;2;83;102;90m▄[38;2;45;63;56m[48;2;69;83;73m▄[0m
[38;2;22;33;25m[48;2;18;27;24m▄[38;2;28;41;32m[48;2;32;41;34m▄[38;2;31;43;34m[48;2;49;55;48m▄[38;2;36;49;42m[48;2;23;41;35m▄[38;2;56;70;61m[48;2;14;32;32m▄[38;2;53;64;53m[48;2;17;30;28m▄[38;2;66;73;59m[48;2;44;50;41m▄[38;2;70;72;57m[48;2;67;70;55m▄[38;2;56;58;45m[48;2;72;75;56m▄[38;2;31;39;34m[48;2;43;49;39m▄[38;2;27;36;35m[48;2;23;31;31m▄[38;2;43;51;47m[48;2;38;40;38m▄[38;2;43;53;47m[48;2;33;34;29m▄[38;2;47;51;45m[48;2;50;54;48m▄[38;2;46;45;40m[48;2;50;49;44m▄[38;2;39;47;43m[48;2;40;44;40m▄[38;2;26;33;31m[48;2;26;28;27m▄[38;2;60;68;61m[48;2;53;56;51m▄[38;2;61;64;57m[48;2;64;69;60m▄[38;2;32;35;33m[48;2;30;36;33m▄[38;2;30;43;42m[48;2;34;45;39m▄[38;2;29;45;43m[48;2;40;51;44m▄[38;2;22;39;37m[48;2;35;47;41m▄[38;2;43;54;45m[48;2;49;54;45m▄[38;2;72;74;57m[48;2;72;75;58m▄[38;2;88;88;67m[48;2;88;87;66m▄[38;2;73;74;58m[48;2;72;72;55m▄[38;2;33;40;36m[48;2;37;41;35m▄[38;2;30;43;38m[48;2;41;44;37m▄[38;2;40;43;37m[48;2;39;41;36m▄[38;2;58;61;50m[48;2;54;57;47m▄[38;2;71;70;53m[48;2;73;73;56m▄[38;2;91;98;67m[48;2;88;84;61m▄[38;2;92;129;77m[48;2;66;69;53m▄[38;2;85;136;73m[48;2;57;74;52m▄[38;2;90;119;84m[48;2;72;83;62m▄[38;2;82;93;84m[48;2;103;113;97m▄[38;2;103;99;86m[48;2;109;117;98m▄[38;2;94;108;96m[48;2;102;110;92m▄[38;2;102;122;95m[48;2;111;119;99m▄[38;2;99;136;84m[48;2;94;96;82m▄[38;2;109;141;88m[48;2;137;136;110m▄[38;2;155;164;119m[48;2;200;197;152m▄[38;2;176;173;133m[48;2;208;207;159m▄[38;2;80;93;83m[48;2;182;185;143m▄[38;2;68;86;79m[48;2;181;185;144m▄[38;2;147;152;120m[48;2;200;200;154m▄[38;2;203;200;151m[48;2;210;210;162m▄[38;2;197;195;147m[48;2;210;210;162m▄[38;2;194;192;147m[48;2;208;208;163m▄[38;2;195;194;148m[48;2;207;209;163m▄[38;2;196;195;149m[48;2;210;209;163m▄[38;2;200;197;151m[48;2;210;208;162m▄[38;2;118;129;107m[48;2;195;194;149m▄[38;2;50;75;74m[48;2;121;125;99m▄[38;2;115;129;108m[48;2;38;51;45m▄[38;2;203;200;151m[48;2;54;63;51m▄[38;2;192;190;144m[48;2;55;64;53m▄[38;2;107;105;84m[48;2;39;48;42m▄[38;2;83;70;58m[48;2;23;34;32m▄[0m
[38;2;0;12;12m[48;2;3;16;14m▄[38;2;1;14;15m[48;2;10;25;22m▄[38;2;3;15;15m[48;2;12;27;22m▄[38;2;3;15;15m[48;2;15;28;25m▄[38;2;4;15;15m[48;2;22;34;29m▄[38;2;7;19;18m[48;2;28;40;33m▄[38;2;6;18;17m[48;2;41;53;43m▄[38;2;10;23;21m[48;2;46;56;45m▄[38;2;16;28;24m[48;2;49;57;45m▄[38;2;24;36;29m[48;2;36;45;38m▄[38;2;38;47;38m[48;2;32;42;39m▄[38;2;39;46;40m[48;2;39;50;47m▄[38;2;43;48;45m[48;2;52;63;57m▄[38;2;33;34;30m[48;2;33;37;33m▄[38;2;42;46;42m[48;2;35;38;36m▄[38;2;43;50;45m[48;2;41;46;44m▄[38;2;53;57;50m[48;2;47;51;45m▄[38;2;63;66;58m[48;2;60;66;58m▄[38;2;35;35;32m[48;2;54;53;48m▄[38;2;34;34;31m[48;2;33;34;32m▄[38;2;40;44;37m[48;2;35;42;37m▄[38;2;42;44;37m[48;2;36;47;43m▄[38;2;37;44;38m[48;2;28;44;42m▄[38;2;45;51;45m[48;2;49;57;49m▄[38;2;72;74;58m[48;2;82;84;63m▄[38;2;77;79;60m[48;2;94;94;70m▄[38;2;60;63;51m[48;2;76;74;56m▄[38;2;34;43;40m[48;2;27;40;35m▄[38;2;38;54;46m[48;2;24;45;42m▄[38;2;40;51;45m[48;2;46;53;50m▄[38;2;46;50;46m[48;2;53;55;48m▄[38;2;51;53;47m[48;2;58;58;49m▄[38;2;82;85;65m[48;2;84;94;65m▄[38;2;59;79;53m[48;2;52;92;49m▄[38;2;25;53;36m[48;2;11;56;28m▄[38;2;39;54;45m[48;2;55;68;59m▄[38;2;51;53;46m[48;2;68;65;59m▄[38;2;61;62;57m[48;2;35;28;25m▄[38;2;54;53;47m[48;2;76;76;69m▄[38;2;40;40;34m[48;2;53;69;59m▄[38;2;26;41;28m[48;2;10;60;29m▄[38;2;51;75;50m[48;2;28;83;37m▄[38;2;180;181;135m[48;2;136;156;104m▄[38;2;215;208;155m[48;2;203;201;153m▄[38;2;200;191;140m[48;2;148;150;117m▄[38;2;201;192;141m[48;2;128;130;104m▄[38;2;201;193;143m[48;2;160;160;125m▄[38;2;201;196;146m[48;2;191;190;144m▄[38;2;202;196;146m[48;2;190;189;144m▄[38;2;196;192;143m[48;2;191;191;146m▄[38;2;192;185;136m[48;2;194;194;148m▄[38;2;198;193;143m[48;2;198;197;150m▄[38;2;200;192;143m[48;2;199;198;152m▄[38;2;198;187;137m[48;2;164;167;128m▄[38;2;194;184;136m[48;2;134;139;111m▄[38;2;190;181;132m[48;2;157;160;127m▄[38;2;187;181;133m[48;2;201;201;153m▄[38;2;206;194;145m[48;2;203;203;154m▄[38;2;107;106;85m[48;2;104;105;86m▄[38;2;108;98;84m[48;2;122;99;84m▄[0m
[38;2;9;25;25m[48;2;0;11;11m▄[38;2;12;27;27m[48;2;0;12;12m▄[38;2;0;12;13m[48;2;0;12;12m▄[38;2;0;7;8m[48;2;0;13;13m▄[38;2;0;10;11m[48;2;0;13;14m▄[38;2;0;14;15m[48;2;0;13;13m▄[38;2;4;16;17m[48;2;0;12;12m▄[38;2;2;16;16m[48;2;0;12;13m▄[38;2;1;16;16m[48;2;0;13;14m▄[38;2;2;17;17m[48;2;1;15;15m▄[38;2;8;21;23m[48;2;21;29;27m▄[38;2;29;33;33m[48;2;42;44;39m▄[38;2;42;44;41m[48;2;33;32;28m▄[38;2;31;37;37m[48;2;30;32;31m▄[38;2;44;48;45m[48;2;46;56;51m▄[38;2;45;51;48m[48;2;46;56;52m▄[38;2;44;52;47m[48;2;54;60;55m▄[38;2;42;43;37m[48;2;54;57;49m▄[38;2;45;48;42m[48;2;36;42;39m▄[38;2;49;53;47m[48;2;48;51;46m▄[38;2;45;49;42m[48;2;44;48;41m▄[38;2;45;46;39m[48;2;43;44;38m▄[38;2;40;43;37m[48;2;48;46;37m▄[38;2;32;44;41m[48;2;32;41;36m▄[38;2;55;64;55m[48;2;35;49;44m▄[38;2;80;83;66m[48;2;48;58;50m▄[38;2;63;67;54m[48;2;38;49;45m▄[38;2;29;44;42m[48;2;32;46;44m▄[38;2;53;71;63m[48;2;49;67;58m▄[38;2;25;40;36m[48;2;25;40;36m▄[38;2;36;43;40m[48;2;39;45;42m▄[38;2;38;46;45m[48;2;63;66;59m▄[38;2;95;72;41m[48;2;64;69;62m▄[38;2;149;99;40m[48;2;98;74;49m▄[38;2;124;114;84m[48;2;101;82;56m▄[38;2;118;119;97m[48;2;64;64;56m▄[38;2;113;95;65m[48;2;57;48;37m▄[38;2;151;97;40m[48;2;101;80;52m▄[38;2;98;58;26m[48;2;80;46;29m▄[38;2;46;30;20m[48;2;48;18;21m▄[38;2;36;37;33m[48;2;67;30;30m▄[38;2;48;53;47m[48;2;90;77;69m▄[38;2;64;68;61m[48;2;110;106;87m▄[38;2;63;69;63m[48;2;146;139;109m▄[38;2;110;105;92m[48;2;169;159;125m▄[38;2;151;135;115m[48;2;167;156;123m▄[38;2;146;134;114m[48;2;174;162;126m▄[38;2;154;135;114m[48;2;183;163;126m▄[38;2;132;128;110m[48;2;173;162;127m▄[38;2;156;132;111m[48;2;179;159;122m▄[38;2;128;127;109m[48;2;164;155;120m▄[38;2;163;138;115m[48;2;180;160;123m▄[38;2;123;122;106m[48;2;162;152;118m▄[38;2;105;119;104m[48;2;152;150;118m▄[38;2;147;123;105m[48;2;166;148;119m▄[38;2;124;121;105m[48;2;154;144;113m▄[38;2;148;131;112m[48;2;176;154;119m▄[38;2;89;105;94m[48;2;144;140;111m▄[38;2;67;73;60m[48;2;101;95;75m▄[38;2;82;76;61m[48;2;115;103;83m▄[0m
[38;2;14;35;35m[48;2;49;73;72m▄[38;2;36;58;55m[48;2;93;118;108m▄[38;2;56;78;71m[48;2;96;116;101m▄[38;2;67;90;82m[48;2;77;92;80m▄[38;2;64;87;79m[48;2;33;46;42m▄[38;2;46;67;62m[48;2;10;22;22m▄[38;2;28;45;42m[48;2;5;18;19m▄[38;2;8;25;25m[48;2;6;19;20m▄[38;2;9;24;25m[48;2;5;19;21m▄[38;2;19;31;31m[48;2;8;22;22m▄[38;2;33;46;43m[48;2;14;29;28m▄[38;2;41;50;46m[48;2;15;22;24m▄[38;2;43;47;42m[48;2;41;43;41m▄[38;2;50;61;53m[48;2;49;57;52m▄[38;2;46;53;49m[48;2;43;46;43m▄[38;2;47;51;46m[48;2;48;55;50m▄[38;2;48;50;44m[48;2;43;48;44m▄[38;2;49;51;46m[48;2;47;47;41m▄[38;2;26;36;35m[48;2;31;34;30m▄[38;2;18;30;28m[48;2;24;26;23m▄[38;2;32;42;39m[48;2;45;50;44m▄[38;2;35;47;43m[48;2;45;52;45m▄[38;2;41;46;40m[48;2;41;46;40m▄[38;2;30;42;38m[48;2;31;44;41m▄[38;2;36;49;43m[48;2;42;54;48m▄[38;2;64;70;56m[48;2;66;71;58m▄[38;2;74;78;61m[48;2;70;75;59m▄[38;2;35;51;47m[48;2;30;47;44m▄[38;2;53;62;57m[48;2;60;75;69m▄[38;2;24;33;31m[48;2;41;50;46m▄[38;2;1;15;17m[48;2;17;29;29m▄[38;2;68;51;27m[48;2;44;41;28m▄[38;2;120;78;29m[48;2;130;82;32m▄[38;2;120;76;28m[48;2;123;82;35m▄[38;2;94;59;25m[48;2;85;78;56m▄[38;2;65;44;22m[48;2;87;84;65m▄[38;2;59;43;23m[48;2;88;89;72m▄[38;2;34;38;33m[48;2;89;92;77m▄[38;2;33;37;34m[48;2;90;80;63m▄[38;2;32;43;39m[48;2;88;77;60m▄[38;2;42;51;48m[48;2;62;63;54m▄[38;2;55;57;54m[48;2;57;60;53m▄[38;2;60;63;57m[48;2;74;75;67m▄[38;2;63;65;59m[48;2;71;72;63m▄[38;2;58;57;52m[48;2;66;70;63m▄[38;2;70;88;76m[48;2;87;109;95m▄[38;2;106;145;119m[48;2;81;113;98m▄[38;2;103;141;114m[48;2;73;104;88m▄[38;2;81;121;96m[48;2;83;110;92m▄[38;2;76;117;93m[48;2;67;98;84m▄[38;2;77;117;94m[48;2;66;96;84m▄[38;2;67;109;89m[48;2;69;102;90m▄[38;2;74;102;88m[48;2;88;111;95m▄[38;2;60;83;78m[48;2;69;91;82m▄[38;2;86;104;90m[48;2;54;78;71m▄[38;2;91;134;115m[48;2;75;92;80m▄[38;2;114;158;135m[48;2;92;110;95m▄[38;2;118;141;119m[48;2;91;112;97m▄[38;2;28;47;42m[48;2;58;70;61m▄[38;2;61;62;54m[48;2;83;78;66m▄[0m
[38;2;20;49;48m[48;2;7;31;31m▄[38;2;20;49;48m[48;2;4;29;30m▄[38;2;15;41;41m[48;2;3;28;29m▄[38;2;5;29;31m[48;2;0;26;28m▄[38;2;3;22;25m[48;2;1;29;30m▄[38;2;2;23;24m[48;2;10;35;36m▄[38;2;3;22;23m[48;2;36;55;52m▄[38;2;10;26;27m[48;2;47;63;57m▄[38;2;14;30;31m[48;2;34;50;48m▄[38;2;13;30;30m[48;2;25;37;37m▄[38;2;32;45;43m[48;2;39;48;45m▄[38;2;36;39;37m[48;2;52;61;54m▄[38;2;52;58;51m[48;2;57;70;61m▄[38;2;51;65;57m[48;2;49;62;53m▄[38;2;48;53;46m[48;2;44;47;42m▄[38;2;46;39;35m[48;2;50;45;40m▄[38;2;35;33;30m[48;2;41;38;34m▄[38;2;32;34;31m[48;2;34;31;28m▄[38;2;41;45;39m[48;2;34;41;40m▄[38;2;33;41;36m[48;2;21;31;31m▄[38;2;38;54;52m[48;2;28;43;41m▄[38;2;40;56;52m[48;2;31;48;47m▄[38;2;32;50;47m[48;2;31;44;43m▄[38;2;18;38;38m[48;2;21;38;35m▄[38;2;25;43;40m[48;2;28;45;41m▄[38;2;38;51;46m[48;2;39;52;45m▄[38;2;46;52;47m[48;2;54;62;52m▄[38;2;41;47;42m[48;2;47;52;48m▄[38;2;18;29;27m[48;2;35;40;36m▄[38;2;40;48;42m[48;2;17;26;26m▄[38;2;60;64;51m[48;2;6;21;24m▄[38;2;108;74;34m[48;2;68;51;28m▄[38;2;121;75;30m[48;2;125;78;30m▄[38;2;104;66;26m[48;2;113;72;28m▄[38;2;84;54;25m[48;2;85;55;25m▄[38;2;78;51;26m[48;2;60;43;23m▄[38;2;78;50;23m[48;2;61;42;22m▄[38;2;62;42;22m[48;2;51;34;20m▄[38;2;57;38;22m[48;2;44;32;19m▄[38;2;53;36;20m[48;2;30;25;16m▄[38;2;43;31;18m[48;2;19;22;16m▄[38;2;30;25;17m[48;2;14;21;20m▄[38;2;0;8;10m[48;2;9;21;21m▄[38;2;0;7;10m[48;2;19;28;29m▄[38;2;23;33;32m[48;2;24;31;33m▄[38;2;21;38;37m[48;2;28;44;42m▄[38;2;38;67;63m[48;2;83;116;99m▄[38;2;70;99;86m[48;2;96;133;107m▄[38;2;70;98;85m[48;2;87;121;95m▄[38;2;69;97;84m[48;2;94;130;102m▄[38;2;89;112;94m[48;2;103;138;109m▄[38;2;87;115;99m[48;2;73;116;93m▄[38;2;60;79;70m[48;2;60;90;81m▄[38;2;55;62;54m[48;2;116;120;102m▄[38;2;49;74;68m[48;2;119;129;107m▄[38;2;47;67;63m[48;2;95;116;102m▄[38;2;95;90;76m[48;2;116;144;122m▄[38;2;88;92;77m[48;2;108;126;105m▄[38;2;36;57;52m[48;2;10;28;27m▄[38;2;39;61;57m[48;2;43;51;46m▄[0m
[38;2;0;3;9m[48;2;1;16;20m▄[38;2;0;5;9m[48;2;8;32;33m▄[38;2;0;17;20m[48;2;7;36;35m▄[38;2;4;29;30m[48;2;7;35;34m▄[38;2;6;30;30m[48;2;4;28;27m▄[38;2;3;21;22m[48;2;2;19;19m▄[38;2;2;17;19m[48;2;1;15;17m▄[38;2;8;26;28m[48;2;0;13;15m▄[38;2;12;29;30m[48;2;0;8;12m▄[38;2;4;17;19m[48;2;0;9;12m▄[38;2;0;9;15m[48;2;1;12;16m▄[38;2;0;9;14m[48;2;4;18;19m▄[38;2;0;12;15m[48;2;23;32;31m▄[38;2;23;31;32m[48;2;44;52;48m▄[38;2;43;52;48m[48;2;48;55;50m▄[38;2;27;25;21m[48;2;51;58;51m▄[38;2;23;21;19m[48;2;49;59;50m▄[38;2;29;36;33m[48;2;37;46;39m▄[38;2;28;40;38m[48;2;39;46;40m▄[38;2;24;34;33m[48;2;36;45;40m▄[38;2;38;48;41m[48;2;31;45;42m▄[38;2;49;57;48m[48;2;38;51;45m▄[38;2;52;59;50m[48;2;32;47;42m▄[38;2;53;63;53m[48;2;28;42;39m▄[38;2;59;64;55m[48;2;30;39;34m▄[38;2;64;66;55m[48;2;54;57;50m▄[38;2;83;87;73m[48;2;80;81;71m▄[38;2;55;62;54m[48;2;59;63;55m▄[38;2;9;30;30m[48;2;14;31;29m▄[38;2;34;49;43m[48;2;45;56;46m▄[38;2;15;25;23m[48;2;56;60;48m▄[38;2;0;7;12m[48;2;46;41;27m▄[38;2;0;6;12m[48;2;57;41;22m▄[38;2;0;10;14m[48;2;78;52;24m▄[38;2;0;9;13m[48;2;54;39;20m▄[38;2;0;8;13m[48;2;47;35;21m▄[38;2;0;11;13m[48;2;68;46;23m▄[38;2;0;12;13m[48;2;45;33;18m▄[38;2;0;12;13m[48;2;27;25;16m▄[38;2;0;11;13m[48;2;19;20;15m▄[38;2;0;11;13m[48;2;9;13;14m▄[38;2;0;6;10m[48;2;5;9;12m▄[38;2;23;36;33m[48;2;31;46;42m▄[38;2;46;63;57m[48;2;36;50;45m▄[38;2;42;54;49m[48;2;9;18;19m▄[38;2;60;69;62m[48;2;56;62;56m▄[38;2;111;120;102m[48;2;90;101;87m▄[38;2;110;117;99m[48;2;128;135;113m▄[38;2;127;132;110m[48;2;130;136;112m▄[38;2;131;134;113m[48;2;126;129;108m▄[38;2;128;132;110m[48;2;139;140;115m▄[38;2;120;124;104m[48;2;138;142;116m▄[38;2;117;122;103m[48;2;133;140;114m▄[38;2;119;125;105m[48;2;115;123;101m▄[38;2;114;122;104m[48;2;99;108;92m▄[38;2;97;107;92m[48;2;96;106;91m▄[38;2;82;93;81m[48;2;94;100;84m▄[38;2;93;102;89m[48;2;75;84;73m▄[38;2;107;115;99m[48;2;71;83;74m▄[38;2;89;99;85m[48;2;55;68;60m▄[0m
[38;2;49;62;57m[48;2;77;101;90m▄[38;2;40;56;51m[48;2;43;64;61m▄[38;2;21;33;32m[48;2;8;19;22m▄[38;2;12;16;17m[48;2;0;5;11m▄[38;2;7;11;14m[48;2;0;7;12m▄[38;2;7;13;15m[48;2;0;7;12m▄[38;2;6;13;15m[48;2;1;9;12m▄[38;2;2;10;11m[48;2;2;11;14m▄[38;2;1;8;10m[48;2;4;14;19m▄[38;2;1;8;10m[48;2;2;13;17m▄[38;2;0;7;9m[48;2;1;10;15m▄[38;2;2;10;12m[48;2;0;6;12m▄[38;2;12;20;21m[48;2;3;14;17m▄[38;2;28;37;35m[48;2;52;66;61m▄[38;2;29;39;36m[48;2;68;78;69m▄[38;2;29;40;38m[48;2;58;65;58m▄[38;2;29;39;37m[48;2;49;59;53m▄[38;2;39;43;38m[48;2;54;60;55m▄[38;2;72;64;39m[48;2;52;64;62m▄[38;2;86;76;35m[48;2;40;54;55m▄[38;2;89;78;32m[48;2;50;64;63m▄[38;2;91;77;29m[48;2;36;51;47m▄[38;2;86;71;25m[48;2;26;40;37m▄[38;2;80;67;30m[48;2;23;39;37m▄[38;2;67;59;30m[48;2;23;39;36m▄[38;2;59;55;37m[48;2;36;47;39m▄[38;2;55;55;41m[48;2;33;43;34m▄[38;2;56;55;43m[48;2;43;50;40m▄[38;2;46;45;36m[48;2;41;53;46m▄[38;2;39;42;33m[48;2;29;46;43m▄[38;2;47;50;41m[48;2;6;21;23m▄[38;2;42;46;39m[48;2;18;31;31m▄[38;2;31;36;31m[48;2;17;27;28m▄[38;2;19;24;21m[48;2;5;15;18m▄[38;2;12;16;16m[48;2;2;12;16m▄[38;2;23;27;24m[48;2;0;9;12m▄[38;2;24;28;25m[48;2;0;8;12m▄[38;2;16;20;20m[48;2;0;10;12m▄[38;2;23;27;27m[48;2;0;8;10m▄[38;2;32;36;32m[48;2;0;6;8m▄[38;2;36;38;32m[48;2;0;6;8m▄[38;2;48;50;44m[48;2;0;3;6m▄[38;2;53;55;47m[48;2;0;0;2m▄[38;2;84;89;74m[48;2;3;20;23m▄[38;2;97;103;85m[48;2;69;82;73m▄[38;2;86;95;79m[48;2;73;86;75m▄[38;2;88;98;82m[48;2;86;94;80m▄[38;2;105;110;91m[48;2;104;109;92m▄[38;2;115;118;98m[48;2;114;118;99m▄[38;2;117;120;100m[48;2;115;118;99m▄[38;2;116;119;99m[48;2;114;117;99m▄[38;2;115;118;98m[48;2;111;115;95m▄[38;2;116;119;99m[48;2;103;107;89m▄[38;2;115;118;97m[48;2;90;96;81m▄[38;2;100;106;88m[48;2;84;93;80m▄[38;2;88;98;84m[48;2;83;92;81m▄[38;2;84;93;79m[48;2;76;86;78m▄[38;2;86;91;73m[48;2;66;78;71m▄[38;2;101;104;84m[48;2;62;74;66m▄[38;2;82;83;67m[48;2;70;88;77m▄[0m
[38;2;3;24;25m[48;2;5;25;25m▄[38;2;6;26;27m[48;2;9;29;30m▄[38;2;9;25;25m[48;2;11;25;24m▄[38;2;11;26;26m[48;2;9;21;20m▄[38;2;11;25;25m[48;2;2;14;14m▄[38;2;7;22;23m[48;2;5;18;17m▄[38;2;1;17;18m[48;2;12;25;24m▄[38;2;0;11;13m[48;2;6;20;20m▄[38;2;0;12;13m[48;2;0;13;13m▄[38;2;29;27;23m[48;2;2;14;15m▄[38;2;62;45;34m[48;2;18;25;23m▄[38;2;63;46;36m[48;2;25;30;28m▄[38;2;44;38;29m[48;2;8;20;19m▄[38;2;29;29;23m[48;2;0;12;13m▄[38;2;54;43;33m[48;2;3;15;15m▄[38;2;74;56;43m[48;2;19;23;20m▄[38;2;55;43;33m[48;2;30;28;24m▄[38;2;29;30;23m[48;2;43;34;25m▄[38;2;39;44;35m[48;2;120;87;27m▄[38;2;72;72;57m[48;2;170;127;26m▄[38;2;22;31;32m[48;2;144;110;22m▄[38;2;11;22;32m[48;2;116;91;21m▄[38;2;20;28;36m[48;2;95;78;28m▄[38;2;25;30;32m[48;2;72;63;31m▄[38;2;31;34;34m[48;2;56;51;32m▄[38;2;50;50;41m[48;2;43;43;33m▄[38;2;71;66;50m[48;2;49;52;44m▄[38;2;90;83;60m[48;2;65;67;55m▄[38;2;95;87;61m[48;2;66;68;54m▄[38;2;109;96;65m[48;2;90;88;67m▄[38;2;110;96;63m[48;2;99;94;69m▄[38;2;92;80;51m[48;2;54;54;46m▄[38;2;91;77;49m[48;2;35;40;37m▄[38;2;98;83;52m[48;2;42;46;42m▄[38;2;106;90;54m[48;2;48;51;44m▄[38;2;112;94;54m[48;2;81;80;65m▄[38;2;99;80;41m[48;2;62;64;55m▄[38;2;105;87;47m[48;2;60;62;57m▄[38;2;120;102;58m[48;2;88;92;82m▄[38;2;118;100;54m[48;2;108;112;97m▄[38;2;115;95;49m[48;2;116;112;94m▄[38;2;113;93;45m[48;2;147;145;121m▄[38;2;115;95;44m[48;2;165;161;130m▄[38;2;119;98;46m[48;2;206;203;160m▄[38;2;117;96;45m[48;2;221;221;175m▄[38;2;113;91;39m[48;2;183;189;149m▄[38;2;110;85;33m[48;2;155;170;136m▄[38;2;108;82;30m[48;2;178;182;143m▄[38;2;101;77;24m[48;2;203;200;155m▄[38;2;99;75;20m[48;2;204;202;157m▄[38;2;98;73;18m[48;2;200;198;153m▄[38;2;95;70;15m[48;2;195;191;147m▄[38;2;92;68;14m[48;2;193;190;145m▄[38;2;92;67;12m[48;2;191;186;140m▄[38;2;93;67;11m[48;2;178;176;132m▄[38;2;94;66;9m[48;2;171;172;129m▄[38;2;87;64;13m[48;2;148;151;112m▄[38;2;67;70;57m[48;2;134;137;108m▄[38;2;80;92;83m[48;2;181;182;142m▄[38;2;87;104;92m[48;2;140;139;109m▄[0m
[38;2;3;24;24m[48;2;5;22;22m▄[38;2;4;26;28m[48;2;5;25;24m▄[38;2;0;18;25m[48;2;10;30;32m▄[38;2;13;32;36m[48;2;49;68;68m▄[38;2;67;81;75m[48;2;82;94;89m▄[38;2;101;113;100m[48;2;60;72;68m▄[38;2;109;119;106m[48;2;28;44;41m▄[38;2;113;122;111m[48;2;50;62;58m▄[38;2;112;119;108m[48;2;66;73;68m▄[38;2;101;108;100m[48;2;62;61;53m▄[38;2;89;97;88m[48;2;50;44;35m▄[38;2;77;85;75m[48;2;44;36;27m▄[38;2;67;68;60m[48;2;61;46;37m▄[38;2;52;50;42m[48;2;66;47;36m▄[38;2;45;40;29m[48;2;66;48;35m▄[38;2;39;32;22m[48;2;69;52;39m▄[38;2;38;29;16m[48;2;53;42;33m▄[38;2;74;48;6m[48;2;51;41;32m▄[38;2;99;62;0m[48;2;78;65;44m▄[38;2;101;63;0m[48;2;103;88;58m▄[38;2;103;65;1m[48;2;91;77;50m▄[38;2;104;66;1m[48;2;91;75;49m▄[38;2;101;65;0m[48;2;93;76;47m▄[38;2;98;64;4m[48;2;92;73;41m▄[38;2;92;62;5m[48;2;96;76;43m▄[38;2;85;60;5m[48;2;102;80;37m▄[38;2;83;60;10m[48;2;97;70;20m▄[38;2;81;59;13m[48;2;96;70;17m▄[38;2;80;58;11m[48;2;97;70;17m▄[38;2;80;58;9m[48;2;94;67;15m▄[38;2;80;59;8m[48;2;92;65;12m▄[38;2;81;59;8m[48;2;93;67;12m▄[38;2;81;58;11m[48;2;95;68;15m▄[38;2;81;59;12m[48;2;94;67;13m▄[38;2;82;61;13m[48;2;93;66;13m▄[38;2;83;60;16m[48;2;90;66;11m▄[38;2;83;61;17m[48;2;94;69;14m▄[38;2;84;61;19m[48;2;94;69;14m▄[38;2;84;62;19m[48;2;93;68;13m▄[38;2;83;62;19m[48;2;95;69;16m▄[38;2;84;62;21m[48;2;97;72;18m▄[38;2;84;62;20m[48;2;97;72;19m▄[38;2;82;61;19m[48;2;97;71;18m▄[38;2;80;61;18m[48;2;97;71;20m▄[38;2;81;62;19m[48;2;96;71;24m▄[38;2;80;61;18m[48;2;99;75;27m▄[38;2;80;60;18m[48;2;100;76;28m▄[38;2;81;60;19m[48;2;103;78;29m▄[38;2;97;74;19m[48;2;100;73;13m▄[38;2;94;70;10m[48;2;92;65;6m▄[38;2;93;68;11m[48;2;91;66;8m▄[38;2;93;68;11m[48;2;92;66;9m▄[38;2;93;68;11m[48;2;92;66;9m▄[38;2;93;68;11m[48;2;92;66;9m▄[38;2;93;69;12m[48;2;92;66;9m▄[38;2;94;69;13m[48;2;93;67;9m▄[38;2;89;64;9m[48;2;94;68;8m▄[38;2;110;96;54m[48;2;58;52;26m▄[38;2;130;134;107m[48;2;45;57;54m▄[38;2;82;85;70m[48;2;53;69;63m▄[0m
[38;2;1;20;24m[48;2;1;24;22m▄[38;2;1;21;27m[48;2;2;22;26m▄[38;2;1;19;26m[48;2;0;17;25m▄[38;2;1;20;26m[48;2;0;16;23m▄[38;2;0;17;24m[48;2;0;14;20m▄[38;2;0;14;19m[48;2;3;17;18m▄[38;2;0;12;17m[48;2;18;31;29m▄[38;2;0;12;17m[48;2;44;55;51m▄[38;2;0;15;20m[48;2;71;82;75m▄[38;2;11;27;29m[48;2;92;103;94m▄[38;2;24;38;39m[48;2;104;112;102m▄[38;2;21;35;37m[48;2;98;106;96m▄[38;2;15;31;32m[48;2;86;95;88m▄[38;2;12;26;28m[48;2;74;84;77m▄[38;2;10;22;23m[48;2;60;67;60m▄[38;2;36;42;35m[48;2;68;66;53m▄[38;2;83;76;56m[48;2;107;86;53m▄[38;2;93;85;64m[48;2;132;100;46m▄[38;2;89;80;58m[48;2;135;103;49m▄[38;2;85;74;49m[48;2;135;103;53m▄[38;2;81;68;40m[48;2;131;100;50m▄[38;2;86;70;38m[48;2;127;92;39m▄[38;2;96;76;36m[48;2;129;92;38m▄[38;2;100;79;37m[48;2;125;90;35m▄[38;2;101;79;35m[48;2;120;87;35m▄[38;2;99;77;29m[48;2;112;81;30m▄[38;2;97;75;25m[48;2;105;76;29m▄[38;2;95;73;25m[48;2;102;74;34m▄[38;2;94;71;24m[48;2;97;72;33m▄[38;2;91;68;21m[48;2;95;70;27m▄[38;2;93;74;35m[48;2;93;69;24m▄[38;2;70;70;56m[48;2;92;70;23m▄[38;2;74;85;60m[48;2;86;66;19m▄[38;2;90;114;64m[48;2;86;67;17m▄[38;2;44;67;35m[48;2;87;65;13m▄[38;2;29;45;25m[48;2;88;65;12m▄[38;2;32;46;26m[48;2;89;65;11m▄[38;2;41;49;31m[48;2;91;66;11m▄[38;2;46;49;33m[48;2;91;65;11m▄[38;2;44;43;25m[48;2;93;66;9m▄[38;2;50;48;29m[48;2;93;67;9m▄[38;2;43;41;23m[48;2;92;67;10m▄[38;2;39;40;25m[48;2;91;67;10m▄[38;2;35;43;25m[48;2;92;66;10m▄[38;2;34;49;24m[48;2;93;65;10m▄[38;2;51;68;35m[48;2;89;64;11m▄[38;2;108;111;68m[48;2;82;58;9m▄[38;2;161;148;102m[48;2;77;54;7m▄[38;2;164;153;110m[48;2;76;55;5m▄[38;2;167;157;112m[48;2;86;61;7m▄[38;2;172;162;113m[48;2;93;67;10m▄[38;2;167;156;109m[48;2;95;69;11m▄[38;2;173;162;115m[48;2;95;70;14m▄[38;2;177;167;119m[48;2;95;70;13m▄[38;2;173;162;115m[48;2;96;71;15m▄[38;2;170;159;113m[48;2;98;72;19m▄[38;2;168;159;114m[48;2;92;67;18m▄[38;2;172;164;120m[48;2;119;100;53m▄[38;2;193;186;142m[48;2;197;196;147m▄[38;2;127;124;100m[48;2;131;126;101m▄[0m
[38;2;1;18;24m[48;2;1;20;27m▄[38;2;1;19;26m[48;2;2;22;29m▄[38;2;1;18;24m[48;2;1;20;26m▄[38;2;1;20;26m[48;2;1;20;26m▄[38;2;1;19;25m[48;2;1;20;26m▄[38;2;1;19;25m[48;2;0;18;25m▄[38;2;2;20;25m[48;2;0;18;25m▄[38;2;3;25;28m[48;2;5;29;34m▄[38;2;2;25;28m[48;2;7;38;40m▄[38;2;3;23;27m[48;2;5;36;39m▄[38;2;2;19;23m[48;2;10;37;41m▄[38;2;1;14;19m[48;2;16;40;45m▄[38;2;0;13;17m[48;2;9;32;38m▄[38;2;1;14;18m[48;2;0;21;28m▄[38;2;1;14;18m[48;2;0;15;21m▄[38;2;4;18;18m[48;2;6;20;19m▄[38;2;19;29;25m[48;2;37;32;15m▄[38;2;42;47;39m[48;2;43;31;11m▄[38;2;52;54;41m[48;2;41;29;8m▄[38;2;48;51;39m[48;2;44;33;6m▄[38;2;41;46;34m[48;2;56;39;9m▄[38;2;60;58;43m[48;2;66;46;11m▄[38;2;85;66;44m[48;2;73;52;9m▄[38;2;82;58;38m[48;2;80;56;11m▄[38;2;65;47;29m[48;2;84;60;12m▄[38;2;60;47;32m[48;2;85;61;18m▄[38;2;74;60;33m[48;2;85;62;16m▄[38;2;83;68;35m[48;2;86;63;14m▄[38;2;77;65;34m[48;2;86;63;11m▄[38;2;80;70;37m[48;2;90;62;5m▄[38;2;81;74;48m[48;2;87;72;38m▄[38;2;106;78;19m[48;2;82;69;33m▄[38;2;109;79;12m[48;2;96;74;19m▄[38;2;109;78;10m[48;2;96;76;18m▄[38;2;114;81;8m[48;2;88;69;15m▄[38;2;118;84;8m[48;2;84;67;13m▄[38;2;120;85;8m[48;2;81;67;14m▄[38;2;122;86;8m[48;2;79;64;17m▄[38;2;124;87;7m[48;2;78;64;21m▄[38;2;127;89;7m[48;2;76;61;19m▄[38;2;132;92;8m[48;2;73;59;20m▄[38;2;135;96;5m[48;2;68;56;19m▄[38;2;136;96;6m[48;2;64;55;21m▄[38;2;136;96;7m[48;2;55;53;20m▄[38;2;135;95;5m[48;2;47;52;17m▄[38;2;132;93;5m[48;2;49;58;21m▄[38;2;126;88;2m[48;2;101;101;56m▄[38;2;119;84;1m[48;2;159;146;98m▄[38;2;117;83;3m[48;2;172;156;109m▄[38;2;118;84;4m[48;2;172;158;110m▄[38;2;118;85;6m[48;2;169;156;109m▄[38;2;121;86;8m[48;2;164;153;109m▄[38;2;122;88;10m[48;2;168;157;114m▄[38;2;123;89;10m[48;2;169;159;116m▄[38;2;123;90;12m[48;2;165;157;116m▄[38;2;126;91;14m[48;2;161;153;117m▄[38;2;126;92;17m[48;2;157;150;118m▄[38;2;130;94;19m[48;2;167;155;118m▄[38;2;130;98;21m[48;2;158;148;114m▄[38;2;152;116;37m[48;2;123;115;91m▄[0m
[38;2;1;14;18m[48;2;1;16;22m▄[38;2;3;20;23m[48;2;2;20;25m▄[38;2;2;22;25m[48;2;2;19;24m▄[38;2;2;17;21m[48;2;2;18;24m▄[38;2;3;15;18m[48;2;3;21;25m▄[38;2;3;14;18m[48;2;3;19;24m▄[38;2;1;13;17m[48;2;2;17;22m▄[38;2;2;13;16m[48;2;2;17;21m▄[38;2;1;12;15m[48;2;1;12;15m▄[38;2;1;10;13m[48;2;1;9;13m▄[38;2;0;10;13m[48;2;1;10;14m▄[38;2;1;12;14m[48;2;1;12;13m▄[38;2;1;14;14m[48;2;1;13;12m▄[38;2;4;15;16m[48;2;2;14;13m▄[38;2;5;15;18m[48;2;1;14;14m▄[38;2;1;15;15m[48;2;0;14;14m▄[38;2;0;15;14m[48;2;0;14;15m▄[38;2;0;13;12m[48;2;11;30;34m▄[38;2;0;6;7m[48;2;33;53;56m▄[38;2;0;5;7m[48;2;22;46;48m▄[38;2;2;19;20m[48;2;6;34;38m▄[38;2;29;38;35m[48;2;7;32;36m▄[38;2;52;58;53m[48;2;41;46;41m▄[38;2;74;82;73m[48;2;52;50;43m▄[38;2;81;86;73m[48;2;61;61;53m▄[38;2;85;88;74m[48;2;68;73;64m▄[38;2;75;80;68m[48;2;82;87;75m▄[38;2;54;59;52m[48;2;68;72;64m▄[38;2;44;56;49m[48;2;52;63;58m▄[38;2;55;65;58m[48;2;69;81;75m▄[38;2;90;84;58m[48;2;105;90;47m▄[38;2;88;76;38m[48;2;132;90;1m▄[38;2;83;72;32m[48;2;131;91;3m▄[38;2;89;79;41m[48;2;131;91;3m▄[38;2;106;83;33m[48;2;128;91;5m▄[38;2;112;80;20m[48;2;127;92;8m▄[38;2;118;85;22m[48;2;127;92;7m▄[38;2;119;85;22m[48;2;126;92;8m▄[38;2;120;86;20m[48;2;126;92;10m▄[38;2;123;90;23m[48;2;132;97;14m▄[38;2;127;94;28m[48;2;134;98;11m▄[38;2;132;98;30m[48;2;136;100;9m▄[38;2;134;99;24m[48;2;136;102;9m▄[38;2;135;100;25m[48;2;137;102;9m▄[38;2;135;100;21m[48;2;136;101;8m▄[38;2;135;100;19m[48;2;136;100;8m▄[38;2;135;100;19m[48;2;136;100;8m▄[38;2;135;101;21m[48;2;136;100;8m▄[38;2;139;104;25m[48;2;135;98;11m▄[38;2;142;105;31m[48;2;134;98;15m▄[38;2;142;105;25m[48;2;133;97;12m▄[38;2;141;103;12m[48;2;132;95;7m▄[38;2;141;102;12m[48;2;131;95;6m▄[38;2;139;100;10m[48;2;131;95;7m▄[38;2;140;101;10m[48;2;131;95;6m▄[38;2;141;101;8m[48;2;131;95;6m▄[38;2;140;100;7m[48;2;131;95;5m▄[38;2;141;101;9m[48;2;133;97;6m▄[38;2;144;105;9m[48;2;141;103;10m▄[38;2;152;114;29m[48;2;156;116;27m▄[0m
[38;2;1;14;20m[48;2;1;16;18m▄[38;2;2;17;23m[48;2;2;16;21m▄[38;2;2;16;19m[48;2;1;15;20m▄[38;2;3;18;21m[48;2;4;15;19m▄[38;2;3;21;25m[48;2;3;14;18m▄[38;2;3;20;24m[48;2;4;14;18m▄[38;2;2;16;19m[48;2;2;13;16m▄[38;2;1;14;16m[48;2;1;12;14m▄[38;2;1;13;16m[48;2;1;11;15m▄[38;2;1;12;14m[48;2;1;13;14m▄[38;2;1;10;13m[48;2;1;12;13m▄[38;2;1;9;14m[48;2;0;9;14m▄[38;2;1;10;14m[48;2;1;9;13m▄[38;2;0;16;16m[48;2;1;14;14m▄[38;2;8;25;25m[48;2;7;21;22m▄[38;2;14;30;30m[48;2;9;24;24m▄[38;2;1;17;17m[48;2;1;16;17m▄[38;2;3;20;21m[48;2;1;15;17m▄[38;2;24;44;40m[48;2;71;82;70m▄[38;2;42;63;57m[48;2;101;111;92m▄[38;2;29;51;51m[48;2;43;54;51m▄[38;2;29;47;46m[48;2;47;50;45m▄[38;2;40;51;45m[48;2;65;69;62m▄[38;2;36;45;39m[48;2;74;80;71m▄[38;2;22;31;28m[48;2;61;66;56m▄[38;2;17;25;24m[48;2;54;58;49m▄[38;2;34;45;44m[48;2;38;45;40m▄[38;2;44;56;56m[48;2;36;45;43m▄[38;2;60;66;61m[48;2;41;52;46m▄[38;2;68;73;65m[48;2;73;81;72m▄[38;2;58;62;56m[48;2;74;78;73m▄[38;2;59;62;58m[48;2;65;71;68m▄[38;2;66;61;48m[48;2;51;62;63m▄[38;2;112;76;37m[48;2;51;56;54m▄[38;2;118;78;36m[48;2;99;72;44m▄[38;2;127;87;40m[48;2;111;75;38m▄[38;2;139;93;43m[48;2;120;81;41m▄[38;2;147;98;48m[48;2;127;87;43m▄[38;2;151;102;50m[48;2;129;87;43m▄[38;2;142;96;47m[48;2;117;80;41m▄[38;2;138;94;47m[48;2;113;79;44m▄[38;2;150;99;49m[48;2;128;87;42m▄[38;2;149;99;46m[48;2;134;89;42m▄[38;2;148;98;43m[48;2;136;91;40m▄[38;2;148;98;42m[48;2;134;89;37m▄[38;2;142;93;40m[48;2;129;86;35m▄[38;2;135;89;38m[48;2;124;83;33m▄[38;2;122;80;34m[48;2;96;68;29m▄[38;2;50;42;28m[48;2;53;50;32m▄[38;2;17;29;32m[48;2;60;57;37m▄[38;2;29;40;43m[48;2;75;68;45m▄[38;2;47;57;57m[48;2;97;89;58m▄[38;2;62;69;65m[48;2;107;99;66m▄[38;2;70;80;74m[48;2;113;108;71m▄[38;2;64;78;73m[48;2;115;107;69m▄[38;2;63;81;78m[48;2;113;106;64m▄[38;2;54;86;85m[48;2;123;111;65m▄[38;2;92;116;109m[48;2;127;115;66m▄[38;2;88;96;89m[48;2;139;118;63m▄[38;2;42;66;67m[48;2;99;84;40m▄[0m
[38;2;3;22;27m[48;2;1;20;25m▄[38;2;3;24;28m[48;2;0;23;29m▄[38;2;2;18;22m[48;2;2;20;25m▄[38;2;1;15;20m[48;2;3;17;20m▄[38;2;2;16;21m[48;2;2;15;19m▄[38;2;3;18;22m[48;2;1;11;17m▄[38;2;3;19;22m[48;2;1;10;15m▄[38;2;2;17;20m[48;2;1;10;14m▄[38;2;1;15;18m[48;2;1;10;13m▄[38;2;1;14;17m[48;2;0;9;13m▄[38;2;2;14;16m[48;2;0;9;14m▄[38;2;3;18;19m[48;2;0;11;13m▄[38;2;7;27;28m[48;2;2;17;18m▄[38;2;1;18;20m[48;2;1;18;19m▄[38;2;7;22;23m[48;2;7;23;24m▄[38;2;14;30;31m[48;2;14;29;29m▄[38;2;1;18;19m[48;2;2;18;18m▄[38;2;2;18;20m[48;2;2;18;20m▄[38;2;10;28;29m[48;2;3;25;26m▄[38;2;4;26;27m[48;2;4;29;29m▄[38;2;2;28;28m[48;2;2;22;24m▄[38;2;2;20;22m[48;2;2;21;23m▄[38;2;0;15;17m[48;2;3;19;21m▄[38;2;0;16;16m[48;2;3;17;17m▄[38;2;2;16;16m[48;2;3;15;16m▄[38;2;4;16;17m[48;2;5;18;17m▄[38;2;4;19;19m[48;2;30;41;40m▄[38;2;11;25;25m[48;2;39;47;47m▄[38;2;16;28;28m[48;2;30;40;38m▄[38;2;25;39;37m[48;2;31;38;36m▄[38;2;44;51;51m[48;2;44;48;44m▄[38;2;12;24;25m[48;2;26;34;34m▄[38;2;2;19;21m[48;2;34;32;21m▄[38;2;35;34;24m[48;2;94;63;31m▄[38;2;105;72;34m[48;2;107;72;34m▄[38;2;119;76;33m[48;2;123;83;36m▄[38;2;125;83;36m[48;2;128;85;36m▄[38;2;146;96;42m[48;2;142;95;43m▄[38;2;158;104;43m[48;2;147;100;44m▄[38;2;140;92;40m[48;2;141;94;44m▄[38;2;130;88;44m[48;2;141;95;46m▄[38;2;154;101;45m[48;2;149;100;46m▄[38;2;156;103;44m[48;2;150;100;44m▄[38;2;148;99;41m[48;2;150;100;44m▄[38;2;139;93;39m[48;2;144;96;42m▄[38;2;126;84;36m[48;2;134;90;38m▄[38;2;117;78;31m[48;2;129;86;34m▄[38;2;111;73;29m[48;2;124;81;31m▄[38;2;86;61;30m[48;2;83;60;31m▄[38;2;10;20;19m[48;2;15;24;25m▄[38;2;8;21;23m[48;2;14;26;28m▄[38;2;67;79;71m[48;2;26;35;33m▄[38;2;59;67;59m[48;2;24;32;30m▄[38;2;30;38;35m[48;2;44;50;46m▄[38;2;66;73;62m[48;2;67;71;64m▄[38;2;108;112;94m[48;2;87;87;76m▄[38;2;128;130;109m[48;2;97;104;90m▄[38;2;130;132;111m[48;2;107;112;95m▄[38;2;128;133;112m[48;2;74;81;71m▄[38;2;122;131;112m[48;2;68;81;75m▄[0m
