[38;2;0;10;8m[48;2;3;10;10m▄[38;2;1;11;11m[48;2;3;13;11m▄[38;2;1;10;11m[48;2;3;13;13m▄[38;2;1;10;12m[48;2;3;13;13m▄[38;2;1;9;11m[48;2;1;9;9m▄[38;2;1;9;12m[48;2;0;7;9m▄[38;2;0;9;11m[48;2;1;11;11m▄[38;2;0;9;11m[48;2;1;11;11m▄[38;2;4;13;13m[48;2;7;17;15m▄[38;2;12;19;16m[48;2;17;23;17m▄[38;2;19;24;18m[48;2;21;25;19m▄[38;2;23;27;20m[48;2;23;27;21m▄[38;2;17;22;16m[48;2;15;21;15m▄[38;2;18;21;17m[48;2;27;25;19m▄[38;2;54;45;24m[48;2;69;54;28m▄[38;2;151;120;63m[48;2;137;115;71m▄[38;2;193;153;84m[48;2;158;137;92m▄[38;2;183;142;72m[48;2;156;135;90m▄[38;2;192;150;78m[48;2;169;154;108m▄[38;2;203;161;82m[48;2;173;158;110m▄[38;2;195;153;73m[48;2;156;139;92m▄[38;2;178;139;63m[48;2;144;129;86m▄[38;2;199;158;79m[48;2;168;148;100m▄[38;2;205;163;79m[48;2;181;164;110m▄[38;2;203;162;80m[48;2;166;146;94m▄[38;2;207;167;84m[48;2;162;137;83m▄[38;2;215;180;96m[48;2;191;173;115m▄[38;2;214;179;98m[48;2;183;162;104m▄[38;2;213;179;100m[48;2;168;137;73m▄[38;2;216;184;107m[48;2;175;142;75m▄[38;2;218;188;110m[48;2;189;158;88m▄[38;2;202;162;77m[48;2;169;141;75m▄[38;2;125;92;28m[48;2;79;65;28m▄[38;2;150;138;92m[48;2;154;142;98m▄[38;2;168;160;116m[48;2;212;195;133m▄[38;2;152;143;101m[48;2;193;171;112m▄[38;2;138;126;86m[48;2;193;173;113m▄[38;2;141;132;91m[48;2;202;185;127m▄[38;2;169;162;117m[48;2;231;224;164m▄[38;2;168;157;106m[48;2;191;177;119m▄[38;2;205;191;133m[48;2;179;162;108m▄[38;2;214;202;142m[48;2;195;185;129m▄[38;2;194;179;121m[48;2;202;195;141m▄[38;2;185;169;113m[48;2;187;179;123m▄[38;2;213;203;145m[48;2;169;158;110m▄[38;2;190;177;121m[48;2;183;171;121m▄[38;2;180;161;106m[48;2;198;189;139m▄[38;2;186;146;68m[48;2;179;146;73m▄[38;2;198;150;57m[48;2;187;144;52m▄[38;2;219;219;177m[48;2;191;164;88m▄[38;2;237;250;224m[48;2;195;177;115m▄[38;2;236;247;218m[48;2;198;179;121m▄[38;2;238;249;222m[48;2;202;187;135m▄[38;2;239;252;225m[48;2;202;195;146m▄[38;2;241;253;227m[48;2;204;202;162m▄[38;2;242;254;229m[48;2;206;210;173m▄[38;2;242;255;230m[48;2;210;218;187m▄[38;2;242;255;231m[48;2;214;224;197m▄[38;2;243;255;230m[48;2;216;226;198m▄[38;2;255;255;249m[48;2;235;247;218m▄[0m
[38;2;0;9;9m[48;2;0;9;7m▄[38;2;0;9;10m[48;2;0;9;8m▄[38;2;0;8;9m[48;2;1;7;7m▄[38;2;1;6;9m[48;2;1;7;9m▄[38;2;0;8;10m[48;2;2;10;12m▄[38;2;1;9;11m[48;2;4;12;14m▄[38;2;1;9;11m[48;2;1;9;12m▄[38;2;3;11;13m[48;2;1;8;11m▄[38;2;3;11;14m[48;2;2;9;12m▄[38;2;4;13;15m[48;2;5;13;15m▄[38;2;9;15;13m[48;2;13;18;15m▄[38;2;11;15;11m[48;2;15;18;13m▄[38;2;7;14;10m[48;2;13;17;13m▄[38;2;11;16;13m[48;2;9;14;11m▄[38;2;15;17;12m[48;2;24;22;13m▄[38;2;77;79;66m[48;2;115;87;38m▄[38;2;143;148;129m[48;2;175;138;73m▄[38;2;146;155;136m[48;2;177;148;83m▄[38;2;144;156;136m[48;2;175;152;91m▄[38;2;147;161;139m[48;2;185;164;107m▄[38;2;156;170;148m[48;2;209;196;142m▄[38;2;168;181;160m[48;2;222;217;171m▄[38;2;183;196;174m[48;2;224;220;179m▄[38;2;198;212;191m[48;2;223;223;184m▄[38;2;209;225;202m[48;2;223;226;189m▄[38;2;219;233;212m[48;2;223;228;196m▄[38;2;224;237;217m[48;2;224;230;201m▄[38;2;223;236;215m[48;2;223;233;205m▄[38;2;221;234;213m[48;2;222;234;208m▄[38;2;228;242;219m[48;2;225;239;216m▄[38;2;150;147;112m[48;2;205;197;150m▄[38;2;94;75;52m[48;2;126;104;57m▄[38;2;130;102;76m[48;2;70;58;37m▄[38;2;126;91;62m[48;2;50;45;29m▄[38;2;125;86;56m[48;2;41;36;23m▄[38;2;122;83;51m[48;2;45;38;26m▄[38;2;115;77;47m[48;2;46;39;26m▄[38;2;116;81;51m[48;2;41;34;22m▄[38;2;108;76;51m[48;2;26;23;15m▄[38;2;59;47;32m[48;2;20;24;17m▄[38;2;14;20;14m[48;2;55;53;35m▄[38;2;5;9;6m[48;2;103;90;58m▄[38;2;79;75;51m[48;2;167;146;93m▄[38;2;158;145;100m[48;2;166;149;96m▄[38;2;102;96;67m[48;2;201;189;133m▄[38;2;132;120;80m[48;2;175;160;107m▄[38;2;175;155;103m[48;2;158;140;87m▄[38;2;171;132;58m[48;2;171;133;59m▄[38;2;185;138;47m[48;2;185;141;52m▄[38;2;151;143;104m[48;2;198;200;164m▄[38;2;150;166;142m[48;2;212;228;205m▄[38;2;149;163;135m[48;2;207;221;195m▄[38;2;148;161;135m[48;2;205;218;193m▄[38;2;147;160;134m[48;2;202;215;191m▄[38;2;146;159;134m[48;2;199;211;187m▄[38;2;146;158;133m[48;2;196;209;185m▄[38;2;145;158;132m[48;2;194;206;182m▄[38;2;145;158;132m[48;2;190;203;179m▄[38;2;145;158;132m[48;2;187;199;175m▄[38;2;158;172;144m[48;2;200;213;187m▄[0m
[38;2;0;7;9m[48;2;3;9;13m▄[38;2;0;8;11m[48;2;2;9;13m▄[38;2;0;8;10m[48;2;0;8;10m▄[38;2;0;7;9m[48;2;0;7;9m▄[38;2;1;7;10m[48;2;1;6;8m▄[38;2;1;7;10m[48;2;1;5;9m▄[38;2;0;7;10m[48;2;1;5;9m▄[38;2;0;5;9m[48;2;1;8;11m▄[38;2;2;8;11m[48;2;4;12;14m▄[38;2;6;13;13m[48;2;4;14;13m▄[38;2;2;11;10m[48;2;5;14;13m▄[38;2;5;12;12m[48;2;12;18;16m▄[38;2;11;13;11m[48;2;17;20;16m▄[38;2;33;31;21m[48;2;22;22;18m▄[38;2;111;113;99m[48;2;41;41;33m▄[38;2;164;174;150m[48;2;127;134;116m▄[38;2;168;180;152m[48;2;171;183;157m▄[38;2;169;180;152m[48;2;168;181;152m▄[38;2;168;181;153m[48;2;166;177;149m▄[38;2;166;180;150m[48;2;162;173;145m▄[38;2;166;180;150m[48;2;155;167;139m▄[38;2;165;178;150m[48;2;150;161;135m▄[38;2;159;170;143m[48;2;145;156;129m▄[38;2;143;153;127m[48;2;139;150;126m▄[38;2;133;142;121m[48;2;137;148;125m▄[38;2;134;144;123m[48;2;141;152;129m▄[38;2;139;152;128m[48;2;151;163;140m▄[38;2;149;161;136m[48;2;157;170;145m▄[38;2;157;171;146m[48;2;160;174;148m▄[38;2;161;169;138m[48;2;163;173;143m▄[38;2;108;95;68m[48;2;126;111;80m▄[38;2;82;64;44m[48;2;140;108;77m▄[38;2;55;44;29m[48;2;124;91;61m▄[38;2;101;70;44m[48;2;117;81;53m▄[38;2;78;54;31m[48;2;106;74;47m▄[38;2;55;43;26m[48;2;91;65;41m▄[38;2;63;48;32m[48;2;92;64;40m▄[38;2;71;52;32m[48;2;94;68;42m▄[38;2;92;65;40m[48;2;109;78;49m▄[38;2;100;70;42m[48;2;87;63;40m▄[38;2;46;37;21m[48;2;33;34;23m▄[38;2;26;26;18m[48;2;14;19;15m▄[38;2;38;30;20m[48;2;7;14;10m▄[38;2;96;78;46m[48;2;102;94;64m▄[38;2;168;147;90m[48;2;105;97;66m▄[38;2;143;126;78m[48;2;125;112;71m▄[38;2;137;118;73m[48;2;161;140;90m▄[38;2;152;117;49m[48;2;161;125;52m▄[38;2;168;123;38m[48;2;180;133;46m▄[38;2;160;155;112m[48;2;160;151;111m▄[38;2;177;193;165m[48;2;166;181;157m▄[38;2;175;188;159m[48;2;167;180;153m▄[38;2;175;188;158m[48;2;169;182;155m▄[38;2;174;187;157m[48;2;169;182;154m▄[38;2;173;188;157m[48;2;170;183;155m▄[38;2;172;187;155m[48;2;170;183;154m▄[38;2;171;187;155m[48;2;170;183;155m▄[38;2;172;186;156m[48;2;171;184;156m▄[38;2;171;186;156m[48;2;171;184;155m▄[38;2;185;202;169m[48;2;185;200;168m▄[0m
[38;2;22;22;13m[48;2;0;5;11m▄[38;2;13;16;15m[48;2;2;10;14m▄[38;2;5;10;13m[48;2;2;10;13m▄[38;2;4;9;13m[48;2;1;9;11m▄[38;2;7;11;14m[48;2;2;10;13m▄[38;2;12;15;14m[48;2;3;12;14m▄[38;2;15;19;16m[48;2;3;12;15m▄[38;2;27;24;15m[48;2;8;13;15m▄[38;2;48;38;21m[48;2;17;19;14m▄[38;2;130;112;77m[48;2;33;28;16m▄[38;2;195;175;129m[48;2;64;52;34m▄[38;2;183;167;123m[48;2;84;72;50m▄[38;2;161;148;109m[48;2;117;108;78m▄[38;2;155;149;111m[48;2;177;170;129m▄[38;2;132;127;93m[48;2;194;188;145m▄[38;2;100;97;72m[48;2;143;144;117m▄[38;2;93;93;71m[48;2;143;150;126m▄[38;2;96;96;72m[48;2;152;158;134m▄[38;2;105;105;81m[48;2;156;165;139m▄[38;2;114;114;91m[48;2;159;169;143m▄[38;2;121;123;97m[48;2;160;172;144m▄[38;2;128;133;108m[48;2;158;170;143m▄[38;2;132;139;114m[48;2;149;160;132m▄[38;2;131;138;115m[48;2;140;151;124m▄[38;2;133;141;118m[48;2;140;151;126m▄[38;2;138;148;126m[48;2;148;158;136m▄[38;2;141;151;128m[48;2;153;165;139m▄[38;2;144;157;132m[48;2;161;174;147m▄[38;2;152;164;140m[48;2;169;183;157m▄[38;2;155;163;134m[48;2;173;183;150m▄[38;2;162;130;70m[48;2;145;125;81m▄[38;2;115;78;46m[48;2;119;88;60m▄[38;2;93;68;48m[48;2;110;82;57m▄[38;2;68;51;37m[48;2;101;69;46m▄[38;2;54;41;28m[48;2;82;55;34m▄[38;2;67;48;33m[48;2;87;59;37m▄[38;2;82;55;35m[48;2;104;69;44m▄[38;2;87;59;37m[48;2;103;68;42m▄[38;2;84;59;37m[48;2;93;64;38m▄[38;2;85;57;36m[48;2;96;64;35m▄[38;2;87;59;34m[48;2;76;52;28m▄[38;2;83;56;33m[48;2;58;43;27m▄[38;2;60;40;23m[48;2;68;43;27m▄[38;2;59;51;30m[48;2;72;50;25m▄[38;2;57;54;34m[48;2;129;109;58m▄[38;2;97;89;59m[48;2;142;123;75m▄[38;2;142;124;76m[48;2;133;116;70m▄[38;2;142;109;41m[48;2;147;112;45m▄[38;2;160;115;31m[48;2;165;120;35m▄[38;2;138;131;89m[48;2;152;147;103m▄[38;2;148;160;138m[48;2;168;182;156m▄[38;2;146;157;133m[48;2;166;178;150m▄[38;2;144;157;133m[48;2;165;177;149m▄[38;2;144;156;134m[48;2;162;175;148m▄[38;2;144;157;133m[48;2;161;174;146m▄[38;2;144;157;134m[48;2;160;173;145m▄[38;2;144;157;135m[48;2;159;172;144m▄[38;2;145;158;136m[48;2;158;170;143m▄[38;2;146;160;137m[48;2;156;169;142m▄[38;2;141;155;132m[48;2;167;180;152m▄[0m
[38;2;56;46;24m[48;2;60;46;22m▄[38;2;61;49;24m[48;2;59;45;24m▄[38;2;57;46;23m[48;2;49;38;21m▄[38;2;62;50;24m[48;2;45;37;20m▄[38;2;68;54;28m[48;2;45;37;21m▄[38;2;64;51;25m[48;2;45;35;19m▄[38;2;55;41;21m[48;2;37;29;14m▄[38;2;117;101;75m[48;2;52;42;24m▄[38;2;194;177;134m[48;2;144;126;91m▄[38;2;195;181;135m[48;2;206;189;140m▄[38;2;202;186;138m[48;2;210;196;144m▄[38;2;196;181;134m[48;2;202;187;137m▄[38;2;178;167;126m[48;2;168;154;116m▄[38;2;151;148;115m[48;2;122;119;95m▄[38;2;127;129;104m[48;2;104;107;88m▄[38;2;119;121;100m[48;2;101;104;84m▄[38;2;115;120;97m[48;2;94;98;77m▄[38;2;119;124;101m[48;2;98;100;79m▄[38;2;129;129;108m[48;2;110;109;87m▄[38;2;136;135;113m[48;2;118;115;93m▄[38;2;141;141;118m[48;2;123;123;100m▄[38;2;142;143;119m[48;2;131;132;108m▄[38;2;133;137;115m[48;2;131;135;113m▄[38;2;120;129;108m[48;2;121;129;110m▄[38;2;116;127;109m[48;2;116;126;107m▄[38;2;120;131;115m[48;2;115;128;107m▄[38;2;130;141;125m[48;2;121;134;114m▄[38;2;133;145;125m[48;2;128;140;120m▄[38;2;132;146;124m[48;2;135;147;126m▄[38;2;135;144;123m[48;2;140;147;125m▄[38;2;155;121;54m[48;2;161;126;57m▄[38;2;143;99;27m[48;2;121;84;40m▄[38;2;95;67;37m[48;2;93;69;49m▄[38;2;70;50;36m[48;2;89;62;48m▄[38;2;63;43;30m[48;2;77;54;37m▄[38;2;61;45;31m[48;2;77;53;35m▄[38;2;55;42;27m[48;2;73;51;33m▄[38;2;40;32;18m[48;2;66;48;30m▄[38;2;46;33;16m[48;2;67;48;30m▄[38;2;56;40;23m[48;2;68;47;30m▄[38;2;77;62;45m[48;2;67;42;22m▄[38;2;129;118;95m[48;2;74;45;24m▄[38;2;173;165;130m[48;2;95;75;46m▄[38;2;84;77;52m[48;2;107;88;44m▄[38;2;84;75;45m[48;2;89;79;48m▄[38;2;121;104;61m[48;2;104;92;58m▄[38;2;114;99;56m[48;2;127;112;67m▄[38;2;132;99;39m[48;2;130;100;39m▄[38;2;152;107;28m[48;2;154;109;29m▄[38;2;130;124;88m[48;2;135;129;90m▄[38;2;140;155;137m[48;2;147;161;141m▄[38;2;139;151;129m[48;2;147;160;135m▄[38;2;140;152;130m[48;2;144;159;134m▄[38;2;140;153;133m[48;2;143;157;136m▄[38;2;141;155;135m[48;2;143;159;136m▄[38;2;143;157;136m[48;2;143;159;136m▄[38;2;143;157;135m[48;2;144;160;137m▄[38;2;144;157;137m[48;2;150;165;142m▄[38;2;147;162;139m[48;2;156;171;148m▄[38;2;153;169;145m[48;2;154;171;146m▄[0m
[38;2;48;39;20m[48;2;48;41;20m▄[38;2;52;43;24m[48;2;53;45;24m▄[38;2;49;41;23m[48;2;51;43;23m▄[38;2;51;42;23m[48;2;55;44;24m▄[38;2;53;42;23m[48;2;60;47;24m▄[38;2;55;43;23m[48;2;65;50;25m▄[38;2;59;46;25m[48;2;68;54;28m▄[38;2;53;40;21m[48;2;84;70;42m▄[38;2;56;42;20m[48;2;100;86;55m▄[38;2;66;50;23m[48;2;113;98;66m▄[38;2;68;52;27m[48;2;139;123;85m▄[38;2;83;67;37m[48;2;164;150;108m▄[38;2;107;90;61m[48;2;173;162;126m▄[38;2;125;110;80m[48;2;166;160;127m▄[38;2;134;122;92m[48;2;152;148;116m▄[38;2;150;139;107m[48;2;143;138;111m▄[38;2;134;128;104m[48;2;126;127;104m▄[38;2;139;133;110m[48;2;130;130;107m▄[38;2;146;142;115m[48;2;138;135;113m▄[38;2;146;143;113m[48;2;141;139;115m▄[38;2;150;145;115m[48;2;143;143;115m▄[38;2;150;146;118m[48;2;143;142;116m▄[38;2;132;136;116m[48;2;134;137;115m▄[38;2;115;126;108m[48;2;121;129;108m▄[38;2;110;123;103m[48;2;115;126;106m▄[38;2;110;123;105m[48;2;118;130;113m▄[38;2;119;131;113m[48;2;127;138;122m▄[38;2;123;136;116m[48;2;128;140;120m▄[38;2;125;139;124m[48;2;131;143;123m▄[38;2;136;142;122m[48;2;142;148;124m▄[38;2;150;116;48m[48;2;155;121;55m▄[38;2;124;86;18m[48;2;149;101;20m▄[38;2;60;44;15m[48;2;93;63;13m▄[38;2;92;88;58m[48;2;82;72;44m▄[38;2;112;105;85m[48;2;66;54;35m▄[38;2;23;19;16m[48;2;34;30;19m▄[38;2;29;33;30m[48;2;34;32;20m▄[38;2;102;112;100m[48;2;49;44;31m▄[38;2;121;133;119m[48;2;72;69;53m▄[38;2;127;135;120m[48;2;102;103;85m▄[38;2;90;97;85m[48;2;136;138;117m▄[38;2;8;14;16m[48;2;128;131;111m▄[38;2;0;0;2m[48;2;45;51;45m▄[38;2;0;5;11m[48;2;0;3;9m▄[38;2;0;8;12m[48;2;0;7;11m▄[38;2;0;7;13m[48;2;36;40;28m▄[38;2;0;10;13m[48;2;80;72;41m▄[38;2;10;20;17m[48;2;114;87;33m▄[38;2;32;33;21m[48;2;143;102;25m▄[38;2;45;50;41m[48;2;140;133;94m▄[38;2;77;88;77m[48;2;161;176;157m▄[38;2;108;119;102m[48;2;155;168;144m▄[38;2;138;150;129m[48;2;150;162;140m▄[38;2;148;162;142m[48;2;150;162;139m▄[38;2;152;164;141m[48;2;150;162;138m▄[38;2;143;157;136m[48;2;150;162;139m▄[38;2;145;157;135m[48;2;150;161;139m▄[38;2;145;156;134m[48;2;146;158;136m▄[38;2;143;154;132m[48;2;148;160;138m▄[38;2;146;158;134m[48;2;153;166;142m▄[0m
[38;2;41;33;16m[48;2;45;35;18m▄[38;2;45;37;19m[48;2;48;39;22m▄[38;2;45;36;19m[48;2;47;38;20m▄[38;2;47;38;20m[48;2;47;39;20m▄[38;2;49;40;22m[48;2;48;41;23m▄[38;2;49;40;22m[48;2;50;40;22m▄[38;2;39;32;18m[48;2;90;72;33m▄[38;2;124;102;44m[48;2;114;91;42m▄[38;2;111;91;41m[48;2;115;92;42m▄[38;2;84;69;31m[48;2;100;80;38m▄[38;2;125;103;45m[48;2;91;73;35m▄[38;2;125;101;44m[48;2;91;72;35m▄[38;2;149;120;52m[48;2;89;71;32m▄[38;2;123;100;45m[48;2;81;63;31m▄[38;2;145;117;51m[48;2;105;84;44m▄[38;2;52;41;23m[48;2;98;83;53m▄[38;2;130;104;45m[48;2;146;122;70m▄[38;2;160;129;53m[48;2;166;140;80m▄[38;2;141;114;53m[48;2;182;159;96m▄[38;2;149;123;63m[48;2;170;156;111m▄[38;2;187;160;87m[48;2;180;165;116m▄[38;2;202;173;97m[48;2;178;162;114m▄[38;2;169;154;103m[48;2;162;153;111m▄[38;2;169;154;97m[48;2;135;136;105m▄[38;2;179;160;91m[48;2;151;145;96m▄[38;2;185;164;92m[48;2;135;136;99m▄[38;2;141;143;111m[48;2;124;133;110m▄[38;2;129;137;117m[48;2;127;136;116m▄[38;2;197;179;109m[48;2;164;157;109m▄[38;2;184;166;99m[48;2;171;160;108m▄[38;2;113;94;38m[48;2;186;141;52m▄[38;2;125;109;50m[48;2;98;77;29m▄[38;2;96;84;42m[48;2;43;44;30m▄[38;2;95;81;38m[48;2;45;49;31m▄[38;2;150;130;65m[48;2;53;54;37m▄[38;2;104;107;84m[48;2;0;0;5m▄[38;2;74;82;69m[48;2;0;2;2m▄[38;2;129;116;63m[48;2;69;67;45m▄[38;2;117;104;54m[48;2;130;131;99m▄[38;2;122;103;47m[48;2;113;115;87m▄[38;2;17;20;16m[48;2;5;9;11m▄[38;2;35;39;25m[48;2;24;22;15m▄[38;2;109;94;46m[48;2;105;91;46m▄[38;2;93;79;41m[48;2;26;26;20m▄[38;2;82;71;38m[48;2;7;13;13m▄[38;2;121;101;47m[48;2;28;31;19m▄[38;2;80;70;36m[48;2;41;42;25m▄[38;2;77;67;35m[48;2;36;39;24m▄[38;2;126;104;50m[48;2;21;27;21m▄[38;2;69;61;32m[48;2;41;43;25m▄[38;2;95;79;39m[48;2;30;30;17m▄[38;2;89;75;37m[48;2;26;28;17m▄[38;2;132;109;49m[48;2;29;34;28m▄[38;2;18;16;8m[48;2;87;88;66m▄[38;2;39;36;18m[48;2;130;126;85m▄[38;2;76;70;40m[48;2;180;171;113m▄[38;2;111;123;108m[48;2;150;160;134m▄[38;2;142;155;131m[48;2;137;149;128m▄[38;2;137;148;124m[48;2;137;150;128m▄[38;2;147;154;129m[48;2;144;156;132m▄[0m
[38;2;138;140;127m[48;2;45;35;16m▄[38;2;145;146;131m[48;2;47;38;19m▄[38;2;140;140;125m[48;2;41;33;19m▄[38;2;141;140;125m[48;2;37;31;18m▄[38;2;144;140;124m[48;2;34;30;17m▄[38;2;146;140;122m[48;2;31;28;17m▄[38;2;154;144;120m[48;2;30;28;17m▄[38;2;160;149;124m[48;2;37;34;19m▄[38;2;167;155;130m[48;2;41;36;21m▄[38;2;170;160;134m[48;2;41;36;20m▄[38;2;167;158;134m[48;2;64;55;27m▄[38;2;169;159;133m[48;2;59;50;25m▄[38;2;169;160;133m[48;2;52;43;23m▄[38;2;161;152;126m[48;2;73;62;29m▄[38;2;154;143;117m[48;2;65;56;29m▄[38;2;134;128;109m[48;2;55;47;28m▄[38;2;102;104;97m[48;2;67;57;33m▄[38;2;90;93;91m[48;2;79;66;36m▄[38;2;93;95;91m[48;2;67;56;31m▄[38;2;101;100;93m[48;2;69;56;29m▄[38;2;104;102;94m[48;2;83;68;36m▄[38;2;107;104;94m[48;2;109;91;55m▄[38;2;114;108;96m[48;2;118;95;69m▄[38;2;118;112;103m[48;2;119;105;79m▄[38;2;122;120;112m[48;2;119;121;99m▄[38;2;126;129;122m[48;2;125;134;114m▄[38;2;128;131;124m[48;2;145;150;126m▄[38;2;117;120;114m[48;2;140;144;125m▄[38;2;80;87;88m[48;2;93;98;79m▄[38;2;88;95;94m[48;2;33;44;35m▄[38;2;101;106;102m[48;2;8;25;26m▄[38;2;129;129;120m[48;2;11;20;19m▄[38;2;158;154;135m[48;2;23;33;33m▄[38;2;188;178;153m[48;2;110;120;105m▄[38;2;172;164;139m[48;2;169;174;139m▄[38;2;181;177;156m[48;2;176;183;156m▄[38;2;164;165;150m[48;2;157;164;143m▄[38;2;129;132;123m[48;2;62;72;61m▄[38;2;130;135;126m[48;2;12;16;13m▄[38;2;129;135;126m[48;2;20;25;19m▄[38;2;135;140;129m[48;2;2;12;15m▄[38;2;136;141;133m[48;2;0;11;14m▄[38;2;134;143;135m[48;2;2;10;12m▄[38;2;131;142;134m[48;2;12;15;13m▄[38;2;125;137;131m[48;2;29;28;20m▄[38;2;125;135;129m[48;2;12;16;16m▄[38;2;124;133;126m[48;2;2;8;12m▄[38;2;121;128;123m[48;2;4;9;13m▄[38;2;119;126;122m[48;2;14;18;17m▄[38;2;128;132;125m[48;2;0;6;11m▄[38;2;131;137;130m[48;2;5;7;11m▄[38;2;133;142;136m[48;2;46;41;24m▄[38;2;130;142;137m[48;2;49;43;24m▄[38;2;139;149;140m[48;2;0;0;2m▄[38;2;136;146;137m[48;2;5;10;10m▄[38;2;134;145;137m[48;2;0;0;0m▄[38;2;130;138;132m[48;2;12;18;20m▄[38;2;153;163;152m[48;2;123;131;113m▄[38;2;175;185;170m[48;2;146;153;129m▄[38;2;179;190;174m[48;2;149;154;130m▄[0m
[38;2;114;118;91m[48;2;120;125;101m▄[38;2;128;130;97m[48;2;133;138;106m▄[38;2;126;125;92m[48;2;132;131;98m▄[38;2;136;129;94m[48;2;137;133;98m▄[38;2;172;149;96m[48;2;148;134;93m▄[38;2;230;192;117m[48;2;172;145;89m▄[38;2;239;208;126m[48;2;197;160;90m▄[38;2;237;207;128m[48;2;203;165;93m▄[38;2;206;179;112m[48;2;198;167;103m▄[38;2;188;164;104m[48;2;199;174;114m▄[38;2;185;164;110m[48;2;199;176;118m▄[38;2;183;160;108m[48;2;198;174;117m▄[38;2;154;134;86m[48;2;196;171;114m▄[38;2;71;66;42m[48;2;173;149;94m▄[38;2;8;15;15m[48;2;102;91;53m▄[38;2;0;11;14m[48;2;30;36;25m▄[38;2;2;12;14m[48;2;0;10;12m▄[38;2;30;29;21m[48;2;0;8;8m▄[38;2;75;59;41m[48;2;38;33;24m▄[38;2;90;74;54m[48;2;76;64;48m▄[38;2;97;76;57m[48;2;81;65;49m▄[38;2;101;75;50m[48;2;77;60;40m▄[38;2;101;72;47m[48;2;81;57;36m▄[38;2;89;61;38m[48;2;83;57;35m▄[38;2;64;45;25m[48;2;71;50;30m▄[38;2;42;33;18m[48;2;35;28;15m▄[38;2;68;52;34m[48;2;16;15;7m▄[38;2;100;72;46m[48;2;48;37;23m▄[38;2;84;62;39m[48;2;30;27;16m▄[38;2;30;25;15m[48;2;16;19;13m▄[38;2;9;16;15m[48;2;15;19;15m▄[38;2;27;29;19m[48;2;68;69;49m▄[38;2;83;77;54m[48;2;133;114;71m▄[38;2;79;69;41m[48;2;129;97;47m▄[38;2;78;69;41m[48;2;116;89;42m▄[38;2;105;104;76m[48;2;113;103;68m▄[38;2;122;124;99m[48;2;131;131;103m▄[38;2;125;129;104m[48;2;140;141;111m▄[38;2;125;130;103m[48;2;137;140;109m▄[38;2;125;129;102m[48;2;134;139;107m▄[38;2;123;128;102m[48;2;135;138;109m▄[38;2;120;130;107m[48;2;138;148;123m▄[38;2;120;139;116m[48;2;142;160;135m▄[38;2;125;143;120m[48;2;141;161;134m▄[38;2;123;141;118m[48;2;134;154;127m▄[38;2;114;132;110m[48;2;122;141;117m▄[38;2;104;122;100m[48;2;114;132;108m▄[38;2;99;113;93m[48;2;107;122;100m▄[38;2;106;117;96m[48;2;112;122;100m▄[38;2;122;127;103m[48;2;124;130;106m▄[38;2;128;138;114m[48;2;133;144;118m▄[38;2;137;155;131m[48;2;146;164;138m▄[38;2;142;162;137m[48;2;151;171;145m▄[38;2;141;161;136m[48;2;150;171;144m▄[38;2;139;159;134m[48;2;148;169;141m▄[38;2;133;154;128m[48;2;141;163;137m▄[38;2;133;153;129m[48;2;138;162;137m▄[38;2;132;152;129m[48;2;130;154;131m▄[38;2;128;150;127m[48;2;124;149;126m▄[38;2;138;165;139m[48;2;138;165;139m▄[0m
[38;2;116;121;91m[48;2;112;116;91m▄[38;2;134;136;100m[48;2;127;128;98m▄[38;2;136;131;97m[48;2;129;126;92m▄[38;2;147;138;101m[48;2;141;134;98m▄[38;2;150;139;98m[48;2;161;144;99m▄[38;2;145;131;85m[48;2;193;161;99m▄[38;2;145;122;73m[48;2;206;170;98m▄[38;2;151;126;77m[48;2;199;167;95m▄[38;2;160;137;86m[48;2;183;156;93m▄[38;2;165;143;93m[48;2;177;154;99m▄[38;2;170;146;93m[48;2;173;153;99m▄[38;2;116;100;62m[48;2;165;143;93m▄[38;2;17;24;17m[48;2;71;65;43m▄[38;2;11;20;16m[48;2;0;11;10m▄[38;2;18;24;20m[48;2;7;16;17m▄[38;2;5;14;13m[48;2;6;15;16m▄[38;2;3;14;15m[48;2;4;13;15m▄[38;2;14;17;14m[48;2;20;21;18m▄[38;2;52;40;26m[48;2;49;38;24m▄[38;2;65;50;32m[48;2;71;55;36m▄[38;2;57;47;34m[48;2;84;65;45m▄[38;2;41;37;28m[48;2;97;72;49m▄[38;2;33;32;23m[48;2;97;71;46m▄[38;2;33;31;23m[48;2;98;71;46m▄[38;2;35;32;23m[48;2;103;73;49m▄[38;2;38;34;23m[48;2;116;83;58m▄[38;2;68;49;33m[48;2;129;95;67m▄[38;2;116;85;59m[48;2;128;96;68m▄[38;2;90;69;46m[48;2;127;94;68m▄[38;2;43;38;25m[48;2;82;64;44m▄[38;2;32;33;21m[48;2;37;37;26m▄[38;2;46;46;34m[48;2;40;41;30m▄[38;2;28;29;19m[48;2;46;48;33m▄[38;2;63;69;55m[48;2;79;88;71m▄[38;2;112;126;107m[48;2;93;104;88m▄[38;2;117;127;105m[48;2;113;120;99m▄[38;2;119;128;102m[48;2;122;128;104m▄[38;2;118;128;100m[48;2;121;128;103m▄[38;2;120;126;100m[48;2;120;127;101m▄[38;2;122;128;100m[48;2;122;127;100m▄[38;2;123;128;101m[48;2;122;127;101m▄[38;2;129;138;115m[48;2;122;131;108m▄[38;2;134;151;128m[48;2;119;136;114m▄[38;2;133;151;128m[48;2;118;136;115m▄[38;2;128;145;122m[48;2;117;134;114m▄[38;2;120;136;112m[48;2;114;131;109m▄[38;2;114;129;107m[48;2;108;123;102m▄[38;2;103;115;96m[48;2;98;111;91m▄[38;2;110;116;96m[48;2;107;116;95m▄[38;2;123;126;103m[48;2;123;127;103m▄[38;2;128;135;111m[48;2;127;137;113m▄[38;2;131;146;123m[48;2;133;151;127m▄[38;2;133;152;128m[48;2;139;158;133m▄[38;2;134;153;129m[48;2;139;159;135m▄[38;2;133;152;127m[48;2;136;157;132m▄[38;2;129;149;124m[48;2;132;151;126m▄[38;2;132;154;130m[48;2;133;153;129m▄[38;2;132;154;131m[48;2;134;154;130m▄[38;2;129;151;129m[48;2;131;152;129m▄[38;2;137;162;136m[48;2;139;164;139m▄[0m
[38;2;125;123;95m[48;2;121;123;93m▄[38;2;142;138;103m[48;2;139;139;100m▄[38;2;140;133;97m[48;2;142;134;98m▄[38;2;144;135;98m[48;2;149;138;100m▄[38;2;146;136;97m[48;2;151;140;98m▄[38;2;148;139;98m[48;2;153;141;96m▄[38;2;151;141;100m[48;2;153;141;97m▄[38;2;150;140;98m[48;2;157;142;97m▄[38;2;154;141;97m[48;2;160;141;96m▄[38;2;139;128;88m[48;2;166;145;98m▄[38;2;36;38;26m[48;2;129;112;73m▄[38;2;1;10;11m[48;2;34;35;23m▄[38;2;6;14;15m[48;2;12;19;16m▄[38;2;4;13;14m[48;2;20;25;21m▄[38;2;2;9;11m[48;2;9;15;13m▄[38;2;1;6;7m[48;2;3;11;13m▄[38;2;0;8;10m[48;2;0;8;11m▄[38;2;21;21;17m[48;2;15;17;14m▄[38;2;61;46;27m[48;2;57;43;28m▄[38;2;73;55;34m[48;2;59;46;30m▄[38;2;81;60;37m[48;2;48;38;24m▄[38;2;93;66;43m[48;2;46;36;21m▄[38;2;106;74;50m[48;2;47;36;23m▄[38;2;115;80;53m[48;2;47;38;25m▄[38;2;110;75;52m[48;2;50;38;25m▄[38;2;83;52;31m[48;2;46;33;19m▄[38;2;74;50;29m[48;2;58;39;23m▄[38;2;77;53;34m[48;2;106;77;51m▄[38;2;111;79;56m[48;2;106;80;56m▄[38;2;131;103;79m[48;2;66;52;34m▄[38;2;120;91;67m[48;2;69;54;36m▄[38;2;143;114;88m[48;2;86;70;49m▄[38;2;109;93;71m[48;2;50;47;36m▄[38;2;13;15;8m[48;2;24;26;18m▄[38;2;57;60;46m[48;2;90;97;78m▄[38;2;115;125;102m[48;2;118;129;105m▄[38;2;112;121;97m[48;2;116;125;99m▄[38;2;113;120;96m[48;2;116;123;99m▄[38;2;112;118;94m[48;2;116;122;98m▄[38;2;115;120;97m[48;2;118;123;99m▄[38;2;119;126;101m[48;2;121;128;102m▄[38;2;127;138;111m[48;2;128;140;114m▄[38;2;135;152;127m[48;2;136;153;129m▄[38;2;134;153;129m[48;2;136;155;130m▄[38;2;130;148;124m[48;2;131;150;125m▄[38;2;123;140;116m[48;2;125;143;119m▄[38;2;113;128;105m[48;2;115;131;107m▄[38;2;101;114;94m[48;2;101;114;94m▄[38;2;110;117;97m[48;2;110;117;97m▄[38;2;125;129;106m[48;2;127;131;107m▄[38;2;130;137;113m[48;2;132;141;117m▄[38;2;134;148;123m[48;2;134;151;126m▄[38;2;135;153;128m[48;2;135;153;128m▄[38;2;133;151;127m[48;2;131;149;126m▄[38;2;129;147;123m[48;2;125;143;119m▄[38;2;126;144;121m[48;2;122;142;117m▄[38;2;130;148;124m[48;2;130;150;126m▄[38;2;130;149;126m[48;2;130;151;129m▄[38;2;128;149;127m[48;2;128;150;127m▄[38;2;138;161;136m[48;2;137;162;137m▄[0m
[38;2;120;118;90m[48;2;127;123;91m▄[38;2;125;123;96m[48;2;137;133;100m▄[38;2;106;109;83m[48;2;125;122;91m▄[38;2;111;113;85m[48;2;128;124;92m▄[38;2;127;120;87m[48;2;137;129;94m▄[38;2;134;123;85m[48;2;143;134;93m▄[38;2;133;123;85m[48;2;144;135;94m▄[38;2;134;125;86m[48;2;145;136;95m▄[38;2;143;134;91m[48;2;153;143;100m▄[38;2;107;101;70m[48;2;106;101;72m▄[38;2;8;14;11m[48;2;0;8;8m▄[38;2;0;9;11m[48;2;0;8;10m▄[38;2;1;7;10m[48;2;1;9;11m▄[38;2;2;8;10m[48;2;1;10;12m▄[38;2;1;8;10m[48;2;1;9;11m▄[38;2;1;9;11m[48;2;3;9;10m▄[38;2;4;10;12m[48;2;7;13;12m▄[38;2;27;24;18m[48;2;25;23;17m▄[38;2;55;42;24m[48;2;55;42;25m▄[38;2;64;50;30m[48;2;64;49;28m▄[38;2;70;52;32m[48;2;72;54;30m▄[38;2;67;51;28m[48;2;76;54;30m▄[38;2;74;55;31m[48;2;85;60;37m▄[38;2;72;51;29m[48;2;99;69;44m▄[38;2;55;41;26m[48;2;91;60;37m▄[38;2;63;50;32m[48;2;80;54;35m▄[38;2;68;52;32m[48;2;68;50;35m▄[38;2;77;60;37m[48;2;56;41;26m▄[38;2;91;75;48m[48;2;71;50;32m▄[38;2;84;72;47m[48;2;105;83;62m▄[38;2;74;55;34m[48;2;89;63;39m▄[38;2;104;77;48m[48;2;114;84;53m▄[38;2;79;69;54m[48;2;113;94;70m▄[38;2;0;0;3m[48;2;4;7;9m▄[38;2;54;62;50m[48;2;18;25;20m▄[38;2;110;121;96m[48;2;107;117;93m▄[38;2;110;118;95m[48;2;112;121;97m▄[38;2;111;119;95m[48;2;111;119;95m▄[38;2;110;118;94m[48;2;110;118;94m▄[38;2;107;115;91m[48;2;111;119;95m▄[38;2;110;117;94m[48;2;115;123;99m▄[38;2;124;135;110m[48;2;126;136;111m▄[38;2;133;149;125m[48;2;133;150;126m▄[38;2;131;149;125m[48;2;132;151;127m▄[38;2;127;145;121m[48;2;127;145;121m▄[38;2;120;138;114m[48;2;118;135;112m▄[38;2;112;127;104m[48;2;111;126;103m▄[38;2;103;116;97m[48;2;103;116;96m▄[38;2;108;116;97m[48;2;110;117;97m▄[38;2;118;123;100m[48;2;122;127;104m▄[38;2;125;135;108m[48;2;128;136;111m▄[38;2;133;149;123m[48;2;134;148;123m▄[38;2;134;153;127m[48;2;134;152;126m▄[38;2;134;152;126m[48;2;134;152;127m▄[38;2;132;150;124m[48;2;133;151;127m▄[38;2;126;144;121m[48;2;128;146;123m▄[38;2;126;144;121m[48;2;129;147;124m▄[38;2;125;143;119m[48;2;126;146;121m▄[38;2;129;147;124m[48;2;128;147;124m▄[38;2;143;164;138m[48;2;140;161;135m▄[0m
[38;2;101;105;80m[48;2;112;112;88m▄[38;2;102;109;85m[48;2;112;116;91m▄[38;2;87;97;75m[48;2;94;101;79m▄[38;2;95;100;77m[48;2;100;103;80m▄[38;2;106;104;77m[48;2;115;111;81m▄[38;2;109;105;75m[48;2;120;112;79m▄[38;2;108;104;74m[48;2;120;111;78m▄[38;2;111;105;75m[48;2;124;115;79m▄[38;2;86;78;51m[48;2;135;125;86m▄[38;2;73;67;43m[48;2;110;102;69m▄[38;2;37;39;31m[48;2;27;31;23m▄[38;2;3;12;11m[48;2;1;10;11m▄[38;2;3;9;10m[48;2;1;6;9m▄[38;2;1;6;9m[48;2;1;5;9m▄[38;2;1;6;9m[48;2;1;6;9m▄[38;2;0;5;7m[48;2;0;3;7m▄[38;2;1;3;6m[48;2;3;6;9m▄[38;2;27;23;16m[48;2;30;25;18m▄[38;2;43;36;19m[48;2;47;38;21m▄[38;2;46;36;19m[48;2;56;44;26m▄[38;2;55;42;24m[48;2;64;48;30m▄[38;2;61;46;27m[48;2;64;49;30m▄[38;2;73;54;33m[48;2;75;55;34m▄[38;2;87;61;36m[48;2;69;50;28m▄[38;2;62;44;29m[48;2;15;16;15m▄[38;2;37;26;22m[48;2;0;5;8m▄[38;2;36;29;23m[48;2;1;6;6m▄[38;2;44;37;27m[48;2;6;10;11m▄[38;2;42;35;25m[48;2;8;14;15m▄[38;2;57;45;32m[48;2;15;16;11m▄[38;2;102;75;50m[48;2;64;45;24m▄[38;2;65;57;40m[48;2;103;78;52m▄[38;2;43;51;39m[48;2;29;33;26m▄[38;2;103;110;91m[48;2;48;59;48m▄[38;2;106;119;97m[48;2;108;120;97m▄[38;2;104;116;94m[48;2;106;118;94m▄[38;2;105;117;95m[48;2;107;118;95m▄[38;2;105;117;95m[48;2;109;119;97m▄[38;2;102;114;92m[48;2;106;117;94m▄[38;2;97;109;86m[48;2;101;111;87m▄[38;2;98;110;87m[48;2;102;112;89m▄[38;2;106;121;99m[48;2;116;129;106m▄[38;2;120;136;114m[48;2;131;148;123m▄[38;2;125;142;120m[48;2;133;151;127m▄[38;2;123;141;117m[48;2;128;147;122m▄[38;2;115;133;109m[48;2;120;139;114m▄[38;2;107;121;98m[48;2;113;127;104m▄[38;2;98;112;89m[48;2;103;117;96m▄[38;2;101;114;91m[48;2;108;116;96m▄[38;2;114;123;100m[48;2;118;123;100m▄[38;2;125;135;110m[48;2;126;135;109m▄[38;2;134;149;123m[48;2;132;148;122m▄[38;2;136;153;128m[48;2;134;152;126m▄[38;2;135;152;127m[48;2;134;152;126m▄[38;2;129;146;122m[48;2;131;149;122m▄[38;2;117;134;110m[48;2;124;142;118m▄[38;2;111;129;106m[48;2;124;142;117m▄[38;2;110;127;107m[48;2;126;144;120m▄[38;2;105;123;103m[48;2;130;149;124m▄[38;2;100;118;101m[48;2;141;162;135m▄[0m
[38;2;78;82;63m[48;2;90;93;73m▄[38;2;80;88;68m[48;2;91;99;78m▄[38;2;73;82;65m[48;2;80;89;71m▄[38;2;80;85;65m[48;2;87;92;72m▄[38;2;88;91;68m[48;2;96;98;72m▄[38;2;89;91;69m[48;2;98;99;71m▄[38;2;88;91;68m[48;2;98;99;71m▄[38;2;93;94;71m[48;2;102;100;73m▄[38;2;105;103;76m[48;2;89;86;58m▄[38;2;103;101;73m[48;2;76;75;52m▄[38;2;46;48;35m[48;2;19;24;17m▄[38;2;9;15;11m[48;2;4;13;13m▄[38;2;8;15;12m[48;2;0;9;10m▄[38;2;5;12;12m[48;2;0;6;9m▄[38;2;1;7;10m[48;2;1;5;8m▄[38;2;1;6;9m[48;2;1;6;9m▄[38;2;0;5;8m[48;2;0;2;6m▄[38;2;23;21;18m[48;2;23;20;16m▄[38;2;62;45;26m[48;2;52;39;24m▄[38;2;59;43;25m[48;2;46;36;20m▄[38;2;47;36;21m[48;2;49;37;22m▄[38;2;41;33;19m[48;2;56;43;25m▄[38;2;42;34;20m[48;2;65;49;29m▄[38;2;60;45;30m[48;2;90;65;41m▄[38;2;84;63;39m[48;2;85;59;35m▄[38;2;93;68;42m[48;2;76;52;32m▄[38;2;93;66;42m[48;2;79;56;36m▄[38;2;103;72;50m[48;2;83;60;39m▄[38;2;114;82;58m[48;2;94;69;47m▄[38;2;133;101;73m[48;2;110;85;61m▄[38;2;93;74;51m[48;2;116;89;65m▄[38;2;41;37;18m[48;2;30;34;24m▄[38;2;103;96;65m[48;2;16;24;22m▄[38;2;116;113;80m[48;2;53;59;48m▄[38;2;110;113;88m[48;2;86;99;80m▄[38;2;105;116;94m[48;2;101;114;95m▄[38;2;97;111;91m[48;2;98;111;91m▄[38;2;95;108;90m[48;2;98;110;90m▄[38;2;95;107;89m[48;2;99;111;90m▄[38;2;95;107;87m[48;2;97;109;87m▄[38;2;96;108;87m[48;2;96;109;87m▄[38;2;105;118;97m[48;2;105;116;97m▄[38;2;116;130;110m[48;2;114;128;110m▄[38;2;113;126;106m[48;2;116;131;111m▄[38;2;102;114;94m[48;2;114;129;108m▄[38;2;91;103;84m[48;2;112;125;104m▄[38;2;76;86;71m[48;2;106;118;96m▄[38;2;64;74;62m[48;2;97;109;87m▄[38;2;60;70;58m[48;2;96;108;85m▄[38;2;55;67;56m[48;2;101;112;89m▄[38;2;50;64;54m[48;2;107;118;97m▄[38;2;45;60;52m[48;2;113;126;107m▄[38;2;31;49;43m[48;2;107;124;106m▄[38;2;20;38;34m[48;2;97;116;98m▄[38;2;11;28;26m[48;2;82;99;85m▄[38;2;5;23;21m[48;2;66;83;70m▄[38;2;3;19;18m[48;2;57;74;63m▄[38;2;0;14;13m[48;2;47;63;54m▄[38;2;0;10;11m[48;2;36;51;44m▄[38;2;0;9;11m[48;2;24;40;38m▄[0m
[38;2;58;64;48m[48;2;67;75;54m▄[38;2;64;71;55m[48;2;70;78;59m▄[38;2;54;63;50m[48;2;62;72;55m▄[38;2;58;66;51m[48;2;67;74;57m▄[38;2;72;74;55m[48;2;74;78;60m▄[38;2;82;74;46m[48;2;78;82;62m▄[38;2;80;68;36m[48;2;84;84;60m▄[38;2;73;62;32m[48;2;85;81;54m▄[38;2;38;37;20m[48;2;73;71;47m▄[38;2;43;36;18m[48;2;32;34;21m▄[38;2;83;68;34m[48;2;36;34;19m▄[38;2;71;56;25m[48;2;53;46;27m▄[38;2;63;49;24m[48;2;44;39;22m▄[38;2;67;54;26m[48;2;31;30;15m▄[38;2;50;43;22m[48;2;25;25;16m▄[38;2;5;19;17m[48;2;1;8;11m▄[38;2;16;30;23m[48;2;4;15;13m▄[38;2;21;32;26m[48;2;11;22;17m▄[38;2;21;29;21m[48;2;43;35;21m▄[38;2;43;36;22m[48;2;66;47;27m▄[38;2;62;45;27m[48;2;62;44;27m▄[38;2;63;46;27m[48;2;52;39;24m▄[38;2;54;42;24m[48;2;45;36;22m▄[38;2;51;41;24m[48;2;38;32;19m▄[38;2;47;39;22m[48;2;40;34;21m▄[38;2;52;43;25m[48;2;55;44;28m▄[38;2;70;55;36m[48;2;73;52;33m▄[38;2;83;66;45m[48;2;92;68;47m▄[38;2;42;39;28m[48;2;97;72;50m▄[38;2;5;15;11m[48;2;68;57;40m▄[38;2;47;54;39m[48;2;42;46;33m▄[38;2;44;53;43m[48;2;15;16;11m▄[38;2;9;14;10m[48;2;67;56;31m▄[38;2;89;75;43m[48;2;133;115;72m▄[38;2;125;103;58m[48;2;130;114;74m▄[38;2;110;91;53m[48;2;136;125;87m▄[38;2;120;104;67m[48;2;135;128;93m▄[38;2;108;94;57m[48;2;116;117;87m▄[38;2;93;87;57m[48;2;99;107;85m▄[38;2;68;69;50m[48;2;85;96;78m▄[38;2;43;51;42m[48;2;81;93;77m▄[38;2;25;40;36m[48;2;83;96;80m▄[38;2;14;30;27m[48;2;78;91;77m▄[38;2;4;20;20m[48;2;60;72;61m▄[38;2;0;15;17m[48;2;44;57;48m▄[38;2;0;14;15m[48;2;30;45;39m▄[38;2;0;14;14m[48;2;19;33;31m▄[38;2;0;13;14m[48;2;12;27;26m▄[38;2;0;12;14m[48;2;8;25;21m▄[38;2;0;13;14m[48;2;4;21;19m▄[38;2;0;12;14m[48;2;1;16;17m▄[38;2;0;13;13m[48;2;0;14;14m▄[38;2;2;11;13m[48;2;0;11;11m▄[38;2;2;11;13m[48;2;0;10;10m▄[38;2;1;11;14m[48;2;0;10;10m▄[38;2;2;10;13m[48;2;0;10;12m▄[38;2;2;10;12m[48;2;0;11;12m▄[38;2;2;10;13m[48;2;1;10;13m▄[38;2;1;10;12m[48;2;1;10;13m▄[38;2;0;10;12m[48;2;2;10;12m▄[0m
