[38;2;218;236;236m[48;2;216;234;234m▄[38;2;255;255;255m[48;2;233;253;253m▄[38;2;236;255;255m[48;2;216;233;233m▄[38;2;238;255;255m[48;2;218;235;235m▄[38;2;240;255;255m[48;2;218;237;237m▄[38;2;241;255;255m[48;2;220;237;237m▄[38;2;241;255;255m[48;2;222;237;237m▄[38;2;242;255;255m[48;2;222;237;237m▄[38;2;243;255;255m[48;2;222;237;237m▄[38;2;242;255;255m[48;2;222;237;237m▄[38;2;243;255;255m[48;2;222;237;237m▄[38;2;243;255;255m[48;2;222;237;237m▄[38;2;243;255;255m[48;2;222;239;239m▄[38;2;243;255;255m[48;2;224;239;239m▄[38;2;244;255;255m[48;2;224;239;239m▄[38;2;244;255;255m[48;2;224;239;239m▄[38;2;245;255;255m[48;2;226;239;239m▄[38;2;246;255;255m[48;2;226;241;241m▄[38;2;246;255;255m[48;2;226;241;241m▄[38;2;245;255;255m[48;2;226;241;241m▄[38;2;245;255;255m[48;2;224;241;241m▄[38;2;245;255;255m[48;2;224;241;241m▄[38;2;244;255;255m[48;2;224;241;241m▄[38;2;244;255;255m[48;2;224;239;239m▄[38;2;244;255;255m[48;2;226;239;241m▄[38;2;244;255;255m[48;2;226;239;239m▄[38;2;244;255;255m[48;2;224;239;239m▄[38;2;244;255;255m[48;2;224;237;239m▄[38;2;242;255;255m[48;2;222;239;239m▄[38;2;243;255;255m[48;2;224;239;239m▄[38;2;243;255;255m[48;2;224;239;239m▄[38;2;242;255;255m[48;2;222;239;239m▄[38;2;242;255;255m[48;2;222;237;237m▄[38;2;241;255;255m[48;2;222;237;237m▄[38;2;240;255;255m[48;2;220;237;237m▄[38;2;240;255;255m[48;2;220;237;237m▄[38;2;240;255;255m[48;2;222;237;237m▄[38;2;240;255;255m[48;2;220;237;237m▄[38;2;239;255;255m[48;2;220;237;237m▄[38;2;240;255;255m[48;2;220;237;237m▄[38;2;241;255;255m[48;2;222;237;237m▄[38;2;240;255;255m[48;2;218;235;235m▄[38;2;238;255;255m[48;2;218;235;235m▄[38;2;238;255;255m[48;2;218;235;235m▄[38;2;238;255;255m[48;2;218;235;233m▄[38;2;239;255;255m[48;2;218;235;233m▄[38;2;239;254;255m[48;2;218;233;233m▄[38;2;238;255;255m[48;2;218;233;233m▄[38;2;238;255;255m[48;2;218;235;235m▄[38;2;238;255;255m[48;2;220;235;235m▄[38;2;239;255;255m[48;2;220;235;235m▄[38;2;239;255;255m[48;2;220;235;235m▄[38;2;239;255;255m[48;2;220;235;235m▄[38;2;239;255;255m[48;2;220;235;235m▄[38;2;239;255;255m[48;2;220;235;235m▄[38;2;238;255;255m[48;2;218;233;233m▄[38;2;238;255;255m[48;2;218;233;233m▄[38;2;238;255;255m[48;2;218;233;233m▄[38;2;236;254;254m[48;2;216;233;233m▄[38;2;255;255;255m[48;2;233;253;253m▄[0m
[38;2;233;245;245m[48;2;227;242;242m▄[38;2;251;255;255m[48;2;246;255;255m▄[38;2;233;244;245m[48;2;227;242;243m▄[38;2;232;243;244m[48;2;226;241;242m▄[38;2;232;244;244m[48;2;226;241;242m▄[38;2;230;243;244m[48;2;226;242;242m▄[38;2;230;243;243m[48;2;226;242;242m▄[38;2;229;242;243m[48;2;227;243;243m▄[38;2;228;242;243m[48;2;226;241;242m▄[38;2;228;242;243m[48;2;227;242;242m▄[38;2;228;242;243m[48;2;228;242;243m▄[38;2;230;242;243m[48;2;228;242;243m▄[38;2;230;243;244m[48;2;228;242;243m▄[38;2;232;243;244m[48;2;228;242;243m▄[38;2;231;243;245m[48;2;228;243;243m▄[38;2;232;243;245m[48;2;228;242;243m▄[38;2;231;242;244m[48;2;228;242;242m▄[38;2;232;243;245m[48;2;228;242;243m▄[38;2;232;243;245m[48;2;228;242;243m▄[38;2;231;243;245m[48;2;228;242;243m▄[38;2;230;243;243m[48;2;228;242;243m▄[38;2;229;243;243m[48;2;228;242;243m▄[38;2;229;243;243m[48;2;228;243;243m▄[38;2;229;243;244m[48;2;228;242;243m▄[38;2;229;242;243m[48;2;227;242;243m▄[38;2;230;242;243m[48;2;227;242;243m▄[38;2;230;242;243m[48;2;227;241;242m▄[38;2;228;242;243m[48;2;227;242;242m▄[38;2;228;242;243m[48;2;226;242;242m▄[38;2;227;242;243m[48;2;225;241;241m▄[38;2;227;242;243m[48;2;225;241;241m▄[38;2;229;242;243m[48;2;226;240;241m▄[38;2;228;241;242m[48;2;225;240;241m▄[38;2;227;241;242m[48;2;225;239;240m▄[38;2;226;240;241m[48;2;225;239;240m▄[38;2;226;240;242m[48;2;224;239;240m▄[38;2;227;241;242m[48;2;224;239;239m▄[38;2;226;242;242m[48;2;223;239;239m▄[38;2;227;242;242m[48;2;223;240;239m▄[38;2;227;242;242m[48;2;224;240;240m▄[38;2;227;242;242m[48;2;225;241;241m▄[38;2;227;242;242m[48;2;224;240;240m▄[38;2;227;242;243m[48;2;224;240;240m▄[38;2;228;242;243m[48;2;223;240;240m▄[38;2;228;242;243m[48;2;224;239;240m▄[38;2;228;242;243m[48;2;225;240;240m▄[38;2;228;242;243m[48;2;224;240;240m▄[38;2;227;242;243m[48;2;224;241;241m▄[38;2;227;242;243m[48;2;224;240;240m▄[38;2;227;242;243m[48;2;223;240;239m▄[38;2;226;242;243m[48;2;223;239;239m▄[38;2;226;242;242m[48;2;223;240;240m▄[38;2;226;241;242m[48;2;223;239;239m▄[38;2;227;242;243m[48;2;223;239;239m▄[38;2;226;241;241m[48;2;222;238;238m▄[38;2;225;241;241m[48;2;222;238;238m▄[38;2;224;240;240m[48;2;222;238;238m▄[38;2;224;240;240m[48;2;222;238;238m▄[38;2;224;239;239m[48;2;221;237;237m▄[38;2;242;255;255m[48;2;239;255;255m▄[0m
[38;2;238;245;249m[48;2;234;245;247m▄[38;2;255;255;255m[48;2;254;255;255m▄[38;2;236;245;247m[48;2;234;245;245m▄[38;2;235;245;246m[48;2;233;245;245m▄[38;2;235;244;246m[48;2;233;245;245m▄[38;2;235;245;246m[48;2;233;244;245m▄[38;2;234;245;245m[48;2;233;245;245m▄[38;2;234;244;245m[48;2;233;245;245m▄[38;2;234;244;245m[48;2;232;244;245m▄[38;2;233;243;244m[48;2;231;242;244m▄[38;2;232;242;244m[48;2;231;242;244m▄[38;2;231;243;243m[48;2;231;242;243m▄[38;2;231;242;243m[48;2;231;243;244m▄[38;2;231;242;243m[48;2;231;243;243m▄[38;2;231;242;244m[48;2;231;242;244m▄[38;2;232;243;245m[48;2;231;242;244m▄[38;2;234;244;246m[48;2;232;243;245m▄[38;2;234;244;246m[48;2;234;244;246m▄[38;2;235;243;246m[48;2;234;244;246m▄[38;2;235;243;245m[48;2;234;244;246m▄[38;2;234;244;245m[48;2;233;244;245m▄[38;2;234;244;245m[48;2;233;244;245m▄[38;2;234;244;246m[48;2;232;244;244m▄[38;2;234;244;245m[48;2;231;244;244m▄[38;2;234;244;245m[48;2;231;244;244m▄[38;2;234;244;246m[48;2;233;243;245m▄[38;2;233;245;245m[48;2;232;244;244m▄[38;2;233;244;244m[48;2;231;244;244m▄[38;2;232;244;244m[48;2;230;243;243m▄[38;2;231;243;243m[48;2;229;242;243m▄[38;2;232;244;244m[48;2;231;243;244m▄[38;2;233;244;245m[48;2;232;244;244m▄[38;2;232;244;244m[48;2;232;244;244m▄[38;2;233;244;244m[48;2;230;243;244m▄[38;2;237;247;247m[48;2;229;243;243m▄[38;2;234;244;244m[48;2;228;243;243m▄[38;2;232;243;242m[48;2;228;242;243m▄[38;2;234;243;242m[48;2;227;242;243m▄[38;2;235;243;242m[48;2;227;242;243m▄[38;2;235;243;242m[48;2;227;242;243m▄[38;2;236;243;242m[48;2;227;242;243m▄[38;2;238;244;243m[48;2;226;241;242m▄[38;2;241;244;244m[48;2;227;242;243m▄[38;2;243;245;245m[48;2;231;243;245m▄[38;2;245;246;245m[48;2;233;244;246m▄[38;2;245;246;245m[48;2;234;244;246m▄[38;2;245;245;244m[48;2;235;244;246m▄[38;2;243;243;242m[48;2;235;245;245m▄[38;2;240;240;238m[48;2;236;245;246m▄[38;2;235;235;233m[48;2;236;246;246m▄[38;2;227;225;222m[48;2;238;248;247m▄[38;2;234;233;230m[48;2;236;245;245m▄[38;2;250;248;248m[48;2;235;244;244m▄[38;2;223;228;221m[48;2;227;237;235m▄[38;2;229;241;241m[48;2;228;241;242m▄[38;2;233;244;245m[48;2;230;243;244m▄[38;2;229;243;243m[48;2;228;242;242m▄[38;2;227;242;242m[48;2;225;241;241m▄[38;2;227;241;242m[48;2;225;240;241m▄[38;2;245;255;255m[48;2;243;255;255m▄[0m
[38;2;240;247;247m[48;2;238;247;247m▄[38;2;255;255;255m[48;2;255;255;255m▄[38;2;240;246;246m[48;2;237;246;246m▄[38;2;240;246;246m[48;2;237;246;246m▄[38;2;240;246;246m[48;2;237;246;246m▄[38;2;238;247;246m[48;2;236;246;246m▄[38;2;237;246;247m[48;2;236;245;247m▄[38;2;237;245;247m[48;2;235;244;246m▄[38;2;236;245;247m[48;2;235;245;246m▄[38;2;237;245;247m[48;2;234;244;245m▄[38;2;235;245;247m[48;2;233;244;245m▄[38;2;234;244;246m[48;2;233;243;244m▄[38;2;234;244;246m[48;2;233;243;244m▄[38;2;233;243;245m[48;2;233;243;244m▄[38;2;233;243;245m[48;2;233;243;245m▄[38;2;234;244;246m[48;2;233;243;245m▄[38;2;234;244;246m[48;2;234;244;246m▄[38;2;235;243;245m[48;2;235;243;245m▄[38;2;235;243;245m[48;2;235;243;245m▄[38;2;238;246;248m[48;2;236;244;246m▄[38;2;247;255;255m[48;2;235;244;246m▄[38;2;250;255;255m[48;2;234;243;245m▄[38;2;247;255;255m[48;2;234;244;245m▄[38;2;238;248;250m[48;2;234;244;245m▄[38;2;233;244;245m[48;2;234;244;245m▄[38;2;235;243;245m[48;2;234;244;246m▄[38;2;234;244;245m[48;2;234;244;246m▄[38;2;234;244;245m[48;2;234;244;246m▄[38;2;234;244;246m[48;2;233;245;245m▄[38;2;234;244;246m[48;2;232;244;244m▄[38;2;234;244;246m[48;2;233;244;245m▄[38;2;234;244;246m[48;2;234;244;246m▄[38;2;236;245;247m[48;2;234;244;246m▄[38;2;239;239;237m[48;2;241;242;241m▄[38;2;203;199;191m[48;2;226;224;220m▄[38;2;239;238;237m[48;2;240;239;238m▄[38;2;247;247;247m[48;2;244;244;243m▄[38;2;245;245;245m[48;2;244;243;242m▄[38;2;248;248;249m[48;2;245;243;242m▄[38;2;231;232;230m[48;2;246;244;243m▄[38;2;196;197;190m[48;2;246;245;243m▄[38;2;191;193;185m[48;2;242;240;239m▄[38;2;197;198;193m[48;2;238;236;235m▄[38;2;199;200;195m[48;2;233;232;230m▄[38;2;194;195;189m[48;2;227;227;223m▄[38;2;191;189;183m[48;2;220;220;216m▄[38;2;188;184;178m[48;2;213;212;208m▄[38;2;185;181;175m[48;2;205;204;200m▄[38;2;185;180;174m[48;2;197;195;190m▄[38;2;188;183;177m[48;2;192;189;183m▄[38;2;188;183;176m[48;2;183;180;174m▄[38;2;226;224;222m[48;2;219;218;215m▄[38;2;248;248;248m[48;2;250;250;250m▄[38;2;217;227;224m[48;2;220;226;218m▄[38;2;233;244;246m[48;2;232;243;244m▄[38;2;234;244;246m[48;2;234;244;246m▄[38;2;232;243;244m[48;2;231;243;244m▄[38;2;231;243;243m[48;2;229;242;243m▄[38;2;229;243;244m[48;2;228;242;243m▄[38;2;247;255;255m[48;2;247;255;255m▄[0m
[38;2;242;245;247m[48;2;242;245;247m▄[38;2;255;255;255m[48;2;255;255;255m▄[38;2;241;245;246m[48;2;241;245;246m▄[38;2;241;245;246m[48;2;241;245;246m▄[38;2;241;245;246m[48;2;240;246;246m▄[38;2;240;246;246m[48;2;240;246;246m▄[38;2;240;246;246m[48;2;238;246;246m▄[38;2;239;247;246m[48;2;237;246;246m▄[38;2;237;247;245m[48;2;237;245;247m▄[38;2;237;245;246m[48;2;237;245;247m▄[38;2;237;245;247m[48;2;237;245;247m▄[38;2;237;245;248m[48;2;236;245;248m▄[38;2;236;244;246m[48;2;236;245;247m▄[38;2;235;245;246m[48;2;235;245;246m▄[38;2;235;245;246m[48;2;235;245;246m▄[38;2;237;248;250m[48;2;234;244;246m▄[38;2;238;250;252m[48;2;234;244;246m▄[38;2;241;252;255m[48;2;234;244;245m▄[38;2;255;255;255m[48;2;237;245;247m▄[38;2;153;155;152m[48;2;231;239;240m▄[38;2;34;29;19m[48;2;189;196;197m▄[38;2;30;27;18m[48;2;162;168;168m▄[38;2;58;38;21m[48;2;174;182;184m▄[38;2;127;112;98m[48;2;222;233;235m▄[38;2;225;230;227m[48;2;241;252;255m▄[38;2;213;219;218m[48;2;240;250;253m▄[38;2;230;239;241m[48;2;236;246;248m▄[38;2;235;246;246m[48;2;234;244;245m▄[38;2;234;244;245m[48;2;234;244;245m▄[38;2;234;244;246m[48;2;234;244;246m▄[38;2;234;244;246m[48;2;234;244;246m▄[38;2;233;244;246m[48;2;233;244;246m▄[38;2;237;247;248m[48;2;237;246;248m▄[38;2;234;234;231m[48;2;237;236;234m▄[38;2;205;200;192m[48;2;204;199;190m▄[38;2;242;242;241m[48;2;240;240;239m▄[38;2;246;246;246m[48;2;247;247;247m▄[38;2;245;245;245m[48;2;245;245;245m▄[38;2;249;249;250m[48;2;249;249;250m▄[38;2;222;222;219m[48;2;223;224;219m▄[38;2;185;185;177m[48;2;183;183;175m▄[38;2;187;187;179m[48;2;187;187;178m▄[38;2;196;196;190m[48;2;197;197;191m▄[38;2;198;197;192m[48;2;200;199;194m▄[38;2;194;191;185m[48;2;195;193;186m▄[38;2;191;187;180m[48;2;193;188;181m▄[38;2;189;185;177m[48;2;190;185;178m▄[38;2;188;183;175m[48;2;190;184;176m▄[38;2;189;183;174m[48;2;191;184;176m▄[38;2;191;185;176m[48;2;192;185;179m▄[38;2;190;184;177m[48;2;189;183;177m▄[38;2;230;229;227m[48;2;227;226;224m▄[38;2;244;246;244m[48;2;246;247;246m▄[38;2;217;229;225m[48;2;217;228;225m▄[38;2;235;245;247m[48;2;234;245;247m▄[38;2;234;244;246m[48;2;234;244;246m▄[38;2;234;244;246m[48;2;233;244;245m▄[38;2;233;244;245m[48;2;232;244;244m▄[38;2;232;244;244m[48;2;232;244;244m▄[38;2;251;255;255m[48;2;249;255;255m▄[0m
[38;2;242;245;247m[48;2;242;245;247m▄[38;2;255;255;255m[48;2;255;255;255m▄[38;2;241;245;246m[48;2;241;245;246m▄[38;2;241;245;246m[48;2;241;245;246m▄[38;2;241;245;246m[48;2;241;245;246m▄[38;2;241;245;246m[48;2;240;246;246m▄[38;2;240;246;246m[48;2;240;246;246m▄[38;2;240;246;246m[48;2;240;246;246m▄[38;2;237;246;247m[48;2;238;247;246m▄[38;2;237;245;246m[48;2;237;246;246m▄[38;2;239;247;250m[48;2;237;245;247m▄[38;2;245;255;255m[48;2;237;245;247m▄[38;2;243;254;255m[48;2;236;245;248m▄[38;2;224;230;226m[48;2;240;251;255m▄[38;2;180;177;165m[48;2;244;255;255m▄[38;2;118;103;81m[48;2;232;240;238m▄[38;2;115;98;74m[48;2;221;226;222m▄[38;2;119;102;76m[48;2;206;209;203m▄[38;2;124;102;75m[48;2;192;189;177m▄[38;2;115;96;71m[48;2;145;134;116m▄[38;2;126;108;83m[48;2;116;96;72m▄[38;2;127;110;85m[48;2;117;99;74m▄[38;2;119;104;80m[48;2;122;99;73m▄[38;2;112;97;75m[48;2;125;104;77m▄[38;2;97;84;65m[48;2;125;107;82m▄[38;2;127;107;81m[48;2;90;73;51m▄[38;2;117;99;76m[48;2;147;142;131m▄[38;2;180;179;173m[48;2;252;255;255m▄[38;2;238;250;252m[48;2;236;246;248m▄[38;2;241;252;254m[48;2;233;244;246m▄[38;2;232;244;245m[48;2;233;244;246m▄[38;2;234;248;247m[48;2;233;244;246m▄[38;2;245;255;255m[48;2;238;247;248m▄[38;2;237;236;233m[48;2;233;232;228m▄[38;2;207;203;195m[48;2;205;200;192m▄[38;2;246;246;247m[48;2;243;243;243m▄[38;2;246;246;246m[48;2;246;246;246m▄[38;2;245;245;245m[48;2;245;245;245m▄[38;2;250;250;250m[48;2;250;250;250m▄[38;2;213;214;206m[48;2;217;218;213m▄[38;2;178;178;167m[48;2;180;180;170m▄[38;2;190;186;177m[48;2;184;183;173m▄[38;2;203;200;194m[48;2;194;193;186m▄[38;2;196;193;186m[48;2;195;194;187m▄[38;2;190;185;176m[48;2;190;187;180m▄[38;2;186;181;170m[48;2;188;184;175m▄[38;2;184;178;166m[48;2;186;181;171m▄[38;2;180;174;162m[48;2;185;179;168m▄[38;2;178;172;160m[48;2;184;178;167m▄[38;2;180;173;161m[48;2;185;179;169m▄[38;2;180;173;161m[48;2;186;180;171m▄[38;2;233;231;229m[48;2;232;230;228m▄[38;2;242;244;243m[48;2;243;245;244m▄[38;2;217;230;229m[48;2;218;229;226m▄[38;2;236;246;248m[48;2;235;246;247m▄[38;2;234;244;246m[48;2;234;244;246m▄[38;2;233;243;245m[48;2;233;243;245m▄[38;2;233;243;244m[48;2;234;244;245m▄[38;2;232;244;244m[48;2;233;243;244m▄[38;2;251;255;255m[48;2;251;255;255m▄[0m
[38;2;240;247;247m[48;2;242;245;247m▄[38;2;255;255;255m[48;2;255;255;255m▄[38;2;239;246;247m[48;2;240;246;246m▄[38;2;238;246;246m[48;2;240;246;246m▄[38;2;238;246;246m[48;2;241;246;246m▄[38;2;239;246;246m[48;2;240;246;246m▄[38;2;238;246;246m[48;2;239;247;246m▄[38;2;239;247;249m[48;2;238;247;246m▄[38;2;246;255;255m[48;2;237;245;248m▄[38;2;216;216;208m[48;2;243;253;255m▄[38;2;146;129;106m[48;2;237;244;245m▄[38;2;78;58;35m[48;2;193;190;179m▄[38;2;63;52;35m[48;2;137;127;110m▄[38;2;111;108;99m[48;2;84;70;49m▄[38;2;182;186;184m[48;2;66;53;35m▄[38;2;171;172;164m[48;2;82;68;48m▄[38;2;110;93;68m[48;2;102;87;64m▄[38;2;125;107;82m[48;2;127;110;84m▄[38;2;131;113;88m[48;2;136;119;92m▄[38;2;125;107;82m[48;2;127;110;84m▄[38;2;122;104;80m[48;2;124;106;81m▄[38;2;122;104;80m[48;2;125;108;83m▄[38;2;126;110;86m[48;2;115;100;77m▄[38;2;113;97;76m[48;2;117;101;79m▄[38;2;126;108;83m[48;2;91;79;62m▄[38;2;110;95;74m[48;2;95;84;67m▄[38;2;93;81;64m[48;2;132;114;87m▄[38;2;115;100;77m[48;2;109;89;62m▄[38;2;111;92;67m[48;2;134;125;112m▄[38;2;111;100;86m[48;2;218;227;227m▄[38;2;122;118;109m[48;2;245;255;255m▄[38;2;84;81;70m[48;2;228;239;237m▄[38;2;64;57;43m[48;2;213;217;214m▄[38;2;64;56;40m[48;2;198;193;186m▄[38;2;83;74;58m[48;2;195;190;181m▄[38;2;102;93;77m[48;2;248;249;248m▄[38;2;122;114;102m[48;2;255;255;255m▄[38;2;142;135;124m[48;2;255;255;255m▄[38;2;166;162;154m[48;2;255;255;255m▄[38;2;165;162;153m[48;2;220;220;214m▄[38;2;163;160;148m[48;2;189;189;176m▄[38;2;84;80;71m[48;2;176;174;164m▄[38;2;28;28;22m[48;2;166;165;159m▄[38;2;153;150;140m[48;2;196;194;187m▄[38;2;194;190;181m[48;2;191;186;177m▄[38;2;184;177;166m[48;2;186;180;169m▄[38;2;172;162;148m[48;2;181;175;162m▄[38;2;174;165;151m[48;2;178;171;157m▄[38;2;173;164;149m[48;2;174;166;152m▄[38;2;172;162;147m[48;2;174;166;152m▄[38;2;173;164;150m[48;2;175;166;153m▄[38;2;236;235;234m[48;2;234;232;230m▄[38;2;237;240;238m[48;2;240;242;241m▄[38;2;217;230;226m[48;2;217;230;228m▄[38;2;235;246;247m[48;2;236;246;248m▄[38;2;234;244;245m[48;2;234;244;246m▄[38;2;233;244;245m[48;2;233;244;245m▄[38;2;232;244;244m[48;2;233;244;244m▄[38;2;232;243;244m[48;2;232;244;244m▄[38;2;249;255;255m[48;2;251;255;255m▄[0m
[38;2;236;245;249m[48;2;236;245;247m▄[38;2;255;255;255m[48;2;255;255;255m▄[38;2;235;245;247m[48;2;237;245;248m▄[38;2;235;245;246m[48;2;237;245;247m▄[38;2;235;245;246m[48;2;236;245;247m▄[38;2;235;245;247m[48;2;237;246;247m▄[38;2;241;251;251m[48;2;238;247;249m▄[38;2;189;178;165m[48;2;239;250;253m▄[38;2;123;96;67m[48;2;184;179;166m▄[38;2;83;65;45m[48;2;112;94;68m▄[38;2;170;173;169m[48;2;89;76;57m▄[38;2;252;255;255m[48;2;136;132;124m▄[38;2;239;253;255m[48;2;197;204;202m▄[38;2;230;243;244m[48;2;243;255;255m▄[38;2;236;253;254m[48;2;248;255;255m▄[38;2;182;184;174m[48;2;219;230;229m▄[38;2;107;88;64m[48;2;117;101;77m▄[38;2;106;90;69m[48;2;118;100;76m▄[38;2;108;92;72m[48;2;119;101;78m▄[38;2;109;93;73m[48;2;119;101;77m▄[38;2;116;100;78m[48;2;121;103;78m▄[38;2;115;99;76m[48;2;129;112;87m▄[38;2;87;75;58m[48;2;109;95;75m▄[38;2;113;98;76m[48;2;108;93;73m▄[38;2;132;114;88m[48;2;127;109;85m▄[38;2;114;97;76m[48;2;127;109;85m▄[38;2;116;100;79m[48;2;111;96;75m▄[38;2;96;85;68m[48;2;78;69;56m▄[38;2;66;58;46m[48;2;101;88;70m▄[38;2;71;61;48m[48;2;106;89;67m▄[38;2;109;98;87m[48;2;80;57;39m▄[38;2;184;171;162m[48;2;92;57;37m▄[38;2;219;193;181m[48;2;79;59;43m▄[38;2;195;183;173m[48;2;80;74;62m▄[38;2;195;189;180m[48;2;94;85;72m▄[38;2;255;255;255m[48;2;118;111;100m▄[38;2;253;254;255m[48;2;112;105;94m▄[38;2;255;255;255m[48;2;113;105;94m▄[38;2;255;255;255m[48;2;120;113;103m▄[38;2;197;198;194m[48;2;108;101;88m▄[38;2;174;172;160m[48;2;91;84;69m▄[38;2;169;165;153m[48;2;62;57;47m▄[38;2;169;167;159m[48;2;32;34;29m▄[38;2;181;177;168m[48;2;141;137;127m▄[38;2;185;180;170m[48;2;189;184;173m▄[38;2;182;178;166m[48;2;182;177;165m▄[38;2;174;169;154m[48;2;171;164;148m▄[38;2;171;162;146m[48;2;170;161;145m▄[38;2;170;160;147m[48;2;171;162;147m▄[38;2;169;158;146m[48;2;171;161;146m▄[38;2;180;173;162m[48;2;175;167;154m▄[38;2;245;244;244m[48;2;240;239;238m▄[38;2;232;233;229m[48;2;234;237;234m▄[38;2;217;230;226m[48;2;217;230;226m▄[38;2;230;244;246m[48;2;233;246;247m▄[38;2;230;243;243m[48;2;232;244;243m▄[38;2;230;243;243m[48;2;231;243;243m▄[38;2;230;243;243m[48;2;231;243;243m▄[38;2;228;242;243m[48;2;229;242;243m▄[38;2;246;255;255m[48;2;247;255;255m▄[0m
[38;2;234;245;247m[48;2;236;245;247m▄[38;2;253;255;255m[48;2;255;255;255m▄[38;2;233;245;245m[48;2;235;245;246m▄[38;2;233;245;246m[48;2;234;245;245m▄[38;2;232;244;245m[48;2;234;245;245m▄[38;2;232;244;245m[48;2;235;246;247m▄[38;2;232;246;247m[48;2;229;234;232m▄[38;2;228;240;240m[48;2;210;183;167m▄[38;2;225;234;233m[48;2;194;143;119m▄[38;2;230;247;248m[48;2;205;190;179m▄[38;2;229;247;248m[48;2;227;235;234m▄[38;2;225;241;241m[48;2;229;246;247m▄[38;2;225;241;241m[48;2;227;242;243m▄[38;2;223;239;241m[48;2;226;242;242m▄[38;2;230;247;250m[48;2;233;252;254m▄[38;2;156;148;132m[48;2;159;152;137m▄[38;2;112;95;71m[48;2;101;82;56m▄[38;2;131;121;106m[48;2;99;82;61m▄[38;2;138;135;125m[48;2;88;72;54m▄[38;2;161;163;156m[48;2;87;71;52m▄[38;2;177;182;178m[48;2;95;78;58m▄[38;2;197;206;203m[48;2;99;83;65m▄[38;2;221;232;229m[48;2;108;94;75m▄[38;2;184;191;187m[48;2;121;103;80m▄[38;2;76;69;56m[48;2;112;97;75m▄[38;2;73;65;52m[48;2;97;86;68m▄[38;2;71;65;52m[48;2;79;71;57m▄[38;2;52;46;34m[48;2;57;51;39m▄[38;2;163;170;166m[48;2;116;117;110m▄[38;2;246;255;255m[48;2;206;215;213m▄[38;2;226;242;242m[48;2;226;243;244m▄[38;2;221;238;238m[48;2;232;253;255m▄[38;2;241;247;247m[48;2;246;255;255m▄[38;2;210;203;195m[48;2;212;205;197m▄[38;2;215;212;206m[48;2;206;202;195m▄[38;2;249;250;251m[48;2;250;251;252m▄[38;2;245;245;245m[48;2;246;246;246m▄[38;2;246;246;246m[48;2;246;247;247m▄[38;2;245;245;245m[48;2;242;242;242m▄[38;2;193;192;181m[48;2;188;190;187m▄[38;2;176;172;159m[48;2;179;177;168m▄[38;2;182;179;169m[48;2;184;183;172m▄[38;2;190;187;180m[48;2;197;196;190m▄[38;2;187;183;176m[48;2;192;189;183m▄[38;2;182;176;166m[48;2;185;179;171m▄[38;2;177;170;158m[48;2;180;173;162m▄[38;2;170;162;149m[48;2;173;166;153m▄[38;2;168;160;147m[48;2;170;161;148m▄[38;2;168;159;146m[48;2;169;158;146m▄[38;2;168;160;148m[48;2;167;158;145m▄[38;2;190;185;176m[48;2;184;178;168m▄[38;2;250;249;250m[48;2;248;247;248m▄[38;2;226;229;225m[48;2;229;231;228m▄[38;2;216;232;230m[48;2;217;232;229m▄[38;2;227;243;243m[48;2;229;245;245m▄[38;2;225;241;241m[48;2;227;243;243m▄[38;2;225;241;241m[48;2;227;243;243m▄[38;2;225;241;240m[48;2;226;242;242m▄[38;2;225;241;241m[48;2;226;242;242m▄[38;2;242;255;255m[48;2;244;255;255m▄[0m
[38;2;236;251;253m[48;2;229;244;245m▄[38;2;253;255;255m[48;2;248;255;255m▄[38;2;233;247;249m[48;2;229;244;245m▄[38;2;231;245;248m[48;2;229;243;245m▄[38;2;228;244;246m[48;2;228;243;244m▄[38;2;226;242;244m[48;2;227;243;243m▄[38;2;224;240;243m[48;2;227;242;243m▄[38;2;224;239;242m[48;2;227;244;245m▄[38;2;222;237;241m[48;2;227;245;246m▄[38;2;220;236;239m[48;2;225;241;243m▄[38;2;218;234;237m[48;2;224;239;240m▄[38;2;217;233;237m[48;2;223;238;240m▄[38;2;217;233;236m[48;2;222;237;239m▄[38;2;217;232;235m[48;2;220;235;238m▄[38;2;216;231;234m[48;2;221;236;239m▄[38;2;219;235;239m[48;2;203;215;215m▄[38;2;219;235;239m[48;2;202;213;214m▄[38;2;214;230;233m[48;2;221;237;241m▄[38;2;213;228;232m[48;2;226;243;248m▄[38;2;214;228;231m[48;2;227;244;249m▄[38;2;212;228;231m[48;2;225;244;248m▄[38;2;215;232;234m[48;2;228;246;249m▄[38;2;221;237;240m[48;2;230;246;249m▄[38;2;229;248;252m[48;2;240;255;255m▄[38;2;156;152;139m[48;2;171;176;172m▄[38;2;98;82;62m[48;2;86;75;57m▄[38;2;79;70;55m[48;2;78;70;56m▄[38;2;69;61;47m[48;2;64;56;42m▄[38;2;188;199;198m[48;2;183;191;189m▄[38;2;226;244;247m[48;2;232;249;253m▄[38;2;194;208;210m[48;2;225;241;243m▄[38;2;197;208;211m[48;2;222;239;241m▄[38;2;214;217;218m[48;2;244;249;248m▄[38;2;194;191;185m[48;2;208;201;192m▄[38;2;203;202;199m[48;2;220;218;212m▄[38;2;219;219;219m[48;2;253;253;254m▄[38;2;216;216;216m[48;2;249;249;249m▄[38;2;217;217;218m[48;2;250;250;251m▄[38;2;213;212;212m[48;2;246;246;244m▄[38;2;172;169;162m[48;2;185;182;169m▄[38;2;164;162;154m[48;2;173;168;155m▄[38;2;168;166;159m[48;2;182;178;166m▄[38;2;168;165;160m[48;2;191;186;179m▄[38;2;167;164;157m[48;2;187;182;174m▄[38;2;165;160;153m[48;2;183;177;165m▄[38;2;161;156;148m[48;2;177;170;158m▄[38;2;159;153;145m[48;2;172;163;152m▄[38;2;160;155;146m[48;2;172;163;151m▄[38;2;161;157;149m[48;2;174;166;154m▄[38;2;162;157;149m[48;2;175;168;156m▄[38;2;183;179;174m[48;2;201;196;188m▄[38;2;217;217;217m[48;2;255;255;255m▄[38;2;193;195;190m[48;2;227;229;223m▄[38;2;190;202;202m[48;2;220;236;233m▄[38;2;195;208;210m[48;2;230;246;247m▄[38;2;194;207;208m[48;2;228;245;245m▄[38;2;194;206;208m[48;2;228;244;246m▄[38;2;194;206;208m[48;2;228;244;245m▄[38;2;193;206;207m[48;2;227;244;244m▄[38;2;208;221;223m[48;2;244;255;255m▄[0m
[38;2;109;111;116m[48;2;205;205;207m▄[38;2;120;123;128m[48;2;222;223;224m▄[38;2;114;116;121m[48;2;217;218;219m▄[38;2;119;120;125m[48;2;223;224;225m▄[38;2;126;126;131m[48;2;227;229;230m▄[38;2;132;132;135m[48;2;231;234;234m▄[38;2;140;138;141m[48;2;234;238;239m▄[38;2;146;143;145m[48;2;237;242;242m▄[38;2;149;147;147m[48;2;238;244;244m▄[38;2;154;150;150m[48;2;239;245;245m▄[38;2;161;157;155m[48;2;238;246;247m▄[38;2;166;163;162m[48;2;238;246;248m▄[38;2;174;171;170m[48;2;236;246;248m▄[38;2;183;181;180m[48;2;233;245;247m▄[38;2;190;189;189m[48;2;231;243;245m▄[38;2;197;196;197m[48;2;229;240;243m▄[38;2;206;205;206m[48;2;225;238;241m▄[38;2;212;212;213m[48;2;223;236;238m▄[38;2;217;218;219m[48;2;220;232;235m▄[38;2;222;222;224m[48;2;218;231;234m▄[38;2;227;227;229m[48;2;216;229;233m▄[38;2;230;234;235m[48;2;214;229;232m▄[38;2;242;247;249m[48;2;220;241;244m▄[38;2;158;147;132m[48;2;199;208;205m▄[38;2;85;70;50m[48;2;112;95;72m▄[38;2;91;79;60m[48;2;82;71;56m▄[38;2;98;82;61m[48;2;77;67;53m▄[38;2;108;99;86m[48;2;88;79;64m▄[38;2;234;243;245m[48;2;200;215;215m▄[38;2;236;246;248m[48;2;217;237;239m▄[38;2;209;217;218m[48;2;167;178;179m▄[38;2;205;212;214m[48;2;185;190;193m▄[38;2;217;219;219m[48;2;196;197;199m▄[38;2;183;178;170m[48;2;184;182;180m▄[38;2;165;164;165m[48;2;199;198;200m▄[38;2;167;171;176m[48;2;202;203;204m▄[38;2;168;172;178m[48;2;190;190;190m▄[38;2;172;177;183m[48;2;192;192;193m▄[38;2;167;171;173m[48;2;191;191;191m▄[38;2;142;141;132m[48;2;166;164;161m▄[38;2;143;141;132m[48;2;156;155;151m▄[38;2;162;159;152m[48;2;154;153;150m▄[38;2;174;171;166m[48;2;149;149;145m▄[38;2;173;169;164m[48;2;150;148;144m▄[38;2;170;164;157m[48;2;148;146;141m▄[38;2;164;159;149m[48;2;146;144;137m▄[38;2;162;157;148m[48;2;145;143;137m▄[38;2;162;157;149m[48;2;147;144;138m▄[38;2;164;160;152m[48;2;148;146;140m▄[38;2;162;158;151m[48;2;146;145;141m▄[38;2;187;185;181m[48;2;161;160;157m▄[38;2;220;219;219m[48;2;182;182;182m▄[38;2;188;194;190m[48;2;164;166;163m▄[38;2;187;202;202m[48;2;163;171;172m▄[38;2;191;204;207m[48;2;165;174;176m▄[38;2;190;204;205m[48;2;165;174;175m▄[38;2;190;204;205m[48;2;164;173;174m▄[38;2;190;203;205m[48;2;164;173;174m▄[38;2;190;203;204m[48;2;164;173;174m▄[38;2;205;219;221m[48;2;177;187;188m▄[0m
[38;2;122;122;127m[48;2;120;122;127m▄[38;2;131;132;137m[48;2;132;133;138m▄[38;2;121;120;125m[48;2;122;122;128m▄[38;2;120;119;124m[48;2;121;120;126m▄[38;2;119;119;124m[48;2;120;120;123m▄[38;2;116;117;122m[48;2;117;118;122m▄[38;2;116;117;122m[48;2;116;115;120m▄[38;2;116;117;122m[48;2;114;113;117m▄[38;2;115;116;121m[48;2;113;111;115m▄[38;2;114;115;119m[48;2;111;110;113m▄[38;2;114;115;119m[48;2;108;107;109m▄[38;2;113;114;119m[48;2;106;105;107m▄[38;2;114;114;119m[48;2;105;103;105m▄[38;2;114;115;120m[48;2;106;104;105m▄[38;2;114;113;119m[48;2;105;103;106m▄[38;2;114;114;119m[48;2;108;105;108m▄[38;2;114;115;119m[48;2;112;110;113m▄[38;2;112;113;115m[48;2;113;112;114m▄[38;2;113;114;116m[48;2;116;115;117m▄[38;2;112;113;116m[48;2;121;120;120m▄[38;2;113;114;116m[48;2;127;127;127m▄[38;2;107;108;110m[48;2;139;139;140m▄[38;2;70;67;63m[48;2;147;146;146m▄[38;2;23;24;19m[48;2;96;86;73m▄[38;2;31;35;32m[48;2;74;66;51m▄[38;2;66;67;65m[48;2;107;96;82m▄[38;2;86;88;87m[48;2;94;85;71m▄[38;2;103;104;105m[48;2;103;98;90m▄[38;2;94;95;96m[48;2;178;176;175m▄[38;2;98;98;98m[48;2;184;182;182m▄[38;2;102;102;102m[48;2;196;196;196m▄[38;2;103;104;104m[48;2;204;204;205m▄[38;2;107;107;108m[48;2;214;214;214m▄[38;2;110;111;112m[48;2;193;189;182m▄[38;2;116;116;115m[48;2;165;163;158m▄[38;2;117;118;116m[48;2;159;159;157m▄[38;2;118;118;116m[48;2;161;160;158m▄[38;2;120;119;116m[48;2;154;154;153m▄[38;2;121;119;118m[48;2;144;144;141m▄[38;2;124;123;120m[48;2;131;131;126m▄[38;2;124;124;122m[48;2;123;124;119m▄[38;2;121;122;118m[48;2;134;133;129m▄[38;2;121;121;118m[48;2;148;147;143m▄[38;2;124;124;122m[48;2;159;158;152m▄[38;2;128;127;126m[48;2;164;159;152m▄[38;2;134;133;131m[48;2;167;161;151m▄[38;2;142;141;138m[48;2;172;164;154m▄[38;2;149;147;143m[48;2;176;168;158m▄[38;2;159;156;152m[48;2;183;176;165m▄[38;2;167;163;160m[48;2;183;175;164m▄[38;2;197;196;194m[48;2;222;217;213m▄[38;2;223;224;224m[48;2;255;255;255m▄[38;2;222;223;224m[48;2;222;228;221m▄[38;2;227;229;230m[48;2;219;237;238m▄[38;2;231;234;233m[48;2;221;238;241m▄[38;2;234;238;237m[48;2;218;236;238m▄[38;2;237;240;241m[48;2;216;235;237m▄[38;2;239;242;244m[48;2;215;234;236m▄[38;2;239;244;246m[48;2;215;232;235m▄[38;2;255;255;255m[48;2;231;250;253m▄[0m
[38;2;127;131;143m[48;2;127;127;138m▄[38;2;136;137;149m[48;2;135;136;145m▄[38;2;125;126;134m[48;2;124;126;133m▄[38;2;124;125;133m[48;2;121;122;130m▄[38;2;122;125;132m[48;2;122;122;130m▄[38;2;121;124;131m[48;2;121;122;129m▄[38;2;120;121;127m[48;2;120;121;127m▄[38;2;121;122;128m[48;2;119;120;125m▄[38;2;119;120;128m[48;2;117;118;123m▄[38;2;118;119;126m[48;2;116;117;122m▄[38;2;118;120;125m[48;2;117;118;123m▄[38;2;116;118;124m[48;2;118;118;123m▄[38;2;116;117;123m[48;2;117;118;123m▄[38;2;116;116;122m[48;2;116;117;122m▄[38;2;113;115;121m[48;2;114;115;120m▄[38;2;114;116;122m[48;2;115;116;121m▄[38;2;114;115;120m[48;2;116;116;120m▄[38;2;112;113;118m[48;2;113;114;118m▄[38;2;113;114;118m[48;2;113;115;119m▄[38;2;112;113;118m[48;2;113;114;118m▄[38;2;110;111;116m[48;2;113;113;118m▄[38;2;110;111;116m[48;2;100;102;105m▄[38;2;113;114;119m[48;2;78;80;83m▄[38;2;113;114;119m[48;2;80;82;86m▄[38;2;111;112;116m[48;2;86;88;93m▄[38;2;110;111;116m[48;2;87;90;94m▄[38;2;108;109;113m[48;2;97;99;102m▄[38;2;107;108;112m[48;2;104;105;108m▄[38;2;106;107;112m[48;2;106;107;110m▄[38;2;106;107;112m[48;2;106;107;110m▄[38;2;107;108;113m[48;2;107;108;111m▄[38;2;106;107;111m[48;2;106;108;110m▄[38;2;106;107;111m[48;2;105;107;109m▄[38;2;107;108;111m[48;2;106;106;108m▄[38;2;105;107;109m[48;2;105;105;107m▄[38;2;104;105;108m[48;2;102;104;105m▄[38;2;103;104;107m[48;2;100;102;102m▄[38;2;102;103;106m[48;2;99;100;102m▄[38;2;101;102;107m[48;2;96;97;100m▄[38;2;99;100;103m[48;2;94;96;97m▄[38;2;97;98;101m[48;2;91;93;94m▄[38;2;95;96;99m[48;2;89;90;91m▄[38;2;93;94;97m[48;2;88;90;91m▄[38;2;93;94;95m[48;2;88;89;90m▄[38;2;92;93;95m[48;2;88;89;90m▄[38;2;90;92;93m[48;2;86;88;88m▄[38;2;88;90;91m[48;2;86;88;87m▄[38;2;87;88;90m[48;2;85;87;86m▄[38;2;85;86;87m[48;2;85;87;86m▄[38;2;84;86;87m[48;2;86;87;87m▄[38;2;82;83;86m[48;2;84;86;87m▄[38;2;81;82;85m[48;2;85;86;87m▄[38;2;79;80;81m[48;2;92;92;94m▄[38;2;76;77;79m[48;2;97;97;98m▄[38;2;75;75;77m[48;2;102;102;103m▄[38;2;73;74;76m[48;2;110;110;111m▄[38;2;71;73;75m[48;2;117;117;118m▄[38;2;70;71;73m[48;2;125;125;126m▄[38;2;67;69;69m[48;2;133;133;134m▄[38;2;71;72;74m[48;2;154;153;153m▄[0m
[38;2;127;129;142m[48;2;127;131;143m▄[38;2;135;138;150m[48;2;134;137;149m▄[38;2;124;127;138m[48;2;122;125;132m▄[38;2;122;124;134m[48;2;121;124;131m▄[38;2;121;122;130m[48;2;119;123;130m▄[38;2;119;121;128m[48;2;120;123;130m▄[38;2;119;121;129m[48;2;118;120;127m▄[38;2;118;120;128m[48;2;119;120;128m▄[38;2;117;120;128m[48;2;118;121;128m▄[38;2;116;120;127m[48;2;115;118;125m▄[38;2;115;118;125m[48;2;115;118;125m▄[38;2;114;117;124m[48;2;114;117;124m▄[38;2;114;117;123m[48;2;114;117;124m▄[38;2;113;116;124m[48;2;115;116;124m▄[38;2;115;118;124m[48;2;114;115;121m▄[38;2;115;117;123m[48;2;114;115;121m▄[38;2;115;116;124m[48;2;115;116;122m▄[38;2;114;116;123m[48;2;115;115;121m▄[38;2;113;115;122m[48;2;114;115;120m▄[38;2;113;115;120m[48;2;115;116;120m▄[38;2;112;114;120m[48;2;111;112;118m▄[38;2;112;114;120m[48;2;111;113;118m▄[38;2;113;115;121m[48;2;112;113;119m▄[38;2;112;114;120m[48;2;112;113;118m▄[38;2;112;113;120m[48;2;112;112;118m▄[38;2;109;112;118m[48;2;110;111;116m▄[38;2;108;110;115m[48;2;109;110;115m▄[38;2;109;110;115m[48;2;109;110;116m▄[38;2;107;109;114m[48;2;107;108;113m▄[38;2;107;109;114m[48;2;106;108;113m▄[38;2;105;107;112m[48;2;106;107;112m▄[38;2;104;106;110m[48;2;105;106;110m▄[38;2;104;106;111m[48;2;105;105;109m▄[38;2;104;106;111m[48;2;105;106;111m▄[38;2;105;106;111m[48;2;104;105;110m▄[38;2;103;105;110m[48;2;103;104;108m▄[38;2;102;104;109m[48;2;102;103;107m▄[38;2;102;103;108m[48;2;101;102;106m▄[38;2;99;101;106m[48;2;101;102;106m▄[38;2;99;101;106m[48;2;100;101;106m▄[38;2;98;99;104m[48;2;97;98;101m▄[38;2;97;98;102m[48;2;96;97;101m▄[38;2;97;98;102m[48;2;95;96;100m▄[38;2;96;97;101m[48;2;94;95;98m▄[38;2;97;98;102m[48;2;94;95;98m▄[38;2;95;96;99m[48;2;93;94;96m▄[38;2;94;95;98m[48;2;92;92;94m▄[38;2;92;94;98m[48;2;89;90;92m▄[38;2;89;91;95m[48;2;89;90;92m▄[38;2;89;90;94m[48;2;88;89;93m▄[38;2;87;89;93m[48;2;86;87;91m▄[38;2;85;87;93m[48;2;86;87;91m▄[38;2;85;88;94m[48;2;86;87;92m▄[38;2;86;89;94m[48;2;85;86;90m▄[38;2;85;89;94m[48;2;83;85;88m▄[38;2;84;87;92m[48;2;81;82;86m▄[38;2;82;85;91m[48;2;79;80;83m▄[38;2;82;85;89m[48;2;79;81;83m▄[38;2;82;84;88m[48;2;80;81;85m▄[38;2;87;90;95m[48;2;85;87;91m▄[0m
[38;2;127;130;142m[48;2;127;132;147m▄[38;2;153;157;170m[48;2;135;139;154m▄[38;2;145;148;160m[48;2;122;124;137m▄[38;2;141;143;153m[48;2;123;125;136m▄[38;2;143;145;155m[48;2;120;123;133m▄[38;2;141;143;154m[48;2;121;123;134m▄[38;2;140;141;151m[48;2;120;123;133m▄[38;2;138;140;148m[48;2;119;122;132m▄[38;2;130;133;142m[48;2;119;122;132m▄[38;2;129;131;142m[48;2;118;121;129m▄[38;2;129;132;143m[48;2;118;121;129m▄[38;2;127;129;140m[48;2;117;120;128m▄[38;2;127;130;140m[48;2;116;119;127m▄[38;2;127;130;138m[48;2;114;117;125m▄[38;2;127;129;137m[48;2;115;118;125m▄[38;2;127;130;138m[48;2;116;118;126m▄[38;2;126;129;137m[48;2;114;117;124m▄[38;2;124;127;134m[48;2;113;116;123m▄[38;2;124;127;135m[48;2;112;115;122m▄[38;2;124;127;135m[48;2;113;116;123m▄[38;2;121;124;132m[48;2;111;114;121m▄[38;2;119;122;130m[48;2;111;113;120m▄[38;2;119;122;128m[48;2;110;113;120m▄[38;2;117;121;127m[48;2;110;113;120m▄[38;2;116;120;127m[48;2;111;114;121m▄[38;2;116;119;127m[48;2;109;112;120m▄[38;2;118;121;129m[48;2;108;111;118m▄[38;2;116;119;127m[48;2;108;111;116m▄[38;2;114;117;125m[48;2;107;109;116m▄[38;2;113;117;124m[48;2;106;109;116m▄[38;2;113;116;123m[48;2;107;109;116m▄[38;2;111;114;121m[48;2;104;108;115m▄[38;2;112;115;122m[48;2;104;107;114m▄[38;2;111;114;121m[48;2;103;106;112m▄[38;2;111;114;122m[48;2;104;106;112m▄[38;2;108;112;119m[48;2;101;104;110m▄[38;2;108;111;118m[48;2;100;103;108m▄[38;2;107;110;116m[48;2;101;104;109m▄[38;2;105;108;115m[48;2;99;103;107m▄[38;2;105;108;114m[48;2;98;102;107m▄[38;2;103;106;111m[48;2;97;100;105m▄[38;2;102;105;110m[48;2;95;98;103m▄[38;2;102;105;110m[48;2;95;97;102m▄[38;2;101;104;110m[48;2;95;97;102m▄[38;2;100;104;109m[48;2;95;97;103m▄[38;2;101;104;109m[48;2;93;96;101m▄[38;2;98;102;107m[48;2;93;96;101m▄[38;2;98;101;106m[48;2;91;94;99m▄[38;2;98;101;106m[48;2;90;93;98m▄[38;2;96;100;106m[48;2;89;92;97m▄[38;2;95;99;105m[48;2;88;91;96m▄[38;2;94;97;103m[48;2;87;90;95m▄[38;2;93;96;102m[48;2;86;89;94m▄[38;2;93;96;102m[48;2;84;87;92m▄[38;2;93;96;102m[48;2;85;88;93m▄[38;2;93;97;101m[48;2;84;88;92m▄[38;2;91;95;100m[48;2;83;85;90m▄[38;2;90;94;99m[48;2;82;84;89m▄[38;2;90;93;99m[48;2;80;83;88m▄[38;2;100;104;111m[48;2;90;92;98m▄[0m
