[38;2;119;93;72m[48;2;118;94;73m▄[38;2;140;110;88m[48;2;129;102;81m▄[38;2;130;102;84m[48;2;119;94;77m▄[38;2;130;103;84m[48;2;119;94;77m▄[38;2;129;104;85m[48;2;119;94;79m▄[38;2;129;106;86m[48;2;117;94;77m▄[38;2;129;107;87m[48;2;117;94;77m▄[38;2;130;107;87m[48;2;117;96;79m▄[38;2;129;107;88m[48;2;117;96;81m▄[38;2;130;108;90m[48;2;119;98;81m▄[38;2;131;109;92m[48;2;117;98;84m▄[38;2;132;110;94m[48;2;119;100;84m▄[38;2;132;112;96m[48;2;121;102;86m▄[38;2;133;112;96m[48;2;121;102;88m▄[38;2;133;113;97m[48;2;123;104;88m▄[38;2;133;113;97m[48;2;123;104;88m▄[38;2;133;113;96m[48;2;119;102;84m▄[38;2;132;111;92m[48;2;119;102;84m▄[38;2;131;111;91m[48;2;121;102;84m▄[38;2;132;111;92m[48;2;121;102;84m▄[38;2;133;112;94m[48;2;123;104;86m▄[38;2;134;113;95m[48;2;123;104;86m▄[38;2;136;115;97m[48;2;125;106;88m▄[38;2;137;117;98m[48;2;127;108;90m▄[38;2;139;119;98m[48;2;129;110;90m▄[38;2;142;122;101m[48;2;129;112;94m▄[38;2;144;123;102m[48;2;131;112;92m▄[38;2;146;124;103m[48;2;135;113;94m▄[38;2;150;127;107m[48;2;139;117;98m▄[38;2;155;132;111m[48;2;141;121;102m▄[38;2;157;134;114m[48;2;142;123;104m▄[38;2;160;137;116m[48;2;148;127;106m▄[38;2;165;141;116m[48;2;152;131;108m▄[38;2;171;144;118m[48;2;154;133;112m▄[38;2;172;146;119m[48;2;158;137;113m▄[38;2;176;152;124m[48;2;166;142;117m▄[38;2;191;165;136m[48;2;171;146;121m▄[38;2;199;173;141m[48;2;175;152;125m▄[38;2;201;177;142m[48;2;185;162;135m▄[38;2;193;163;129m[48;2;177;152;121m▄[38;2;209;180;143m[48;2;189;160;127m▄[38;2;228;199;160m[48;2;210;183;148m▄[38;2;241;210;166m[48;2;218;193;156m▄[38;2;255;244;198m[48;2;241;216;175m▄[38;2;255;247;208m[48;2;249;227;193m▄[38;2;247;214;175m[48;2;214;185;160m▄[38;2;245;210;164m[48;2;202;169;141m▄[38;2;245;216;164m[48;2;200;168;142m▄[38;2;239;201;155m[48;2;197;164;135m▄[38;2;232;189;146m[48;2;187;156;125m▄[38;2;205;168;129m[48;2;173;148;123m▄[38;2;199;159;117m[48;2;179;144;112m▄[38;2;200;161;129m[48;2;177;139;115m▄[38;2;192;157;136m[48;2;175;146;125m▄[38;2;183;147;120m[48;2;175;146;119m▄[38;2;166;121;81m[48;2;146;100;63m▄[38;2;163;123;94m[48;2;152;112;81m▄[38;2;100;74;59m[48;2;88;61;44m▄[38;2;178;163;151m[48;2;135;121;112m▄[38;2;185;157;139m[48;2;166;141;127m▄[0m
[38;2;123;100;76m[48;2;122;96;72m▄[38;2;134;108;82m[48;2;131;104;82m▄[38;2;125;100;78m[48;2;122;96;79m▄[38;2;125;100;79m[48;2;123;97;80m▄[38;2;126;100;79m[48;2;123;97;80m▄[38;2;125;101;80m[48;2;122;99;81m▄[38;2;124;102;83m[48;2;122;101;82m▄[38;2;126;104;86m[48;2;123;102;83m▄[38;2;127;105;86m[48;2;124;103;84m▄[38;2;128;106;87m[48;2;124;103;85m▄[38;2;128;107;88m[48;2;124;103;84m▄[38;2;127;108;89m[48;2;124;104;86m▄[38;2;128;110;90m[48;2;124;106;89m▄[38;2;129;110;91m[48;2;125;106;91m▄[38;2;128;110;92m[48;2;125;106;91m▄[38;2;128;110;91m[48;2;126;107;91m▄[38;2;128;110;90m[48;2;125;106;89m▄[38;2;128;111;90m[48;2;125;107;87m▄[38;2;130;112;92m[48;2;124;106;87m▄[38;2;129;109;90m[48;2;124;105;87m▄[38;2;128;109;89m[48;2;124;105;88m▄[38;2;129;109;90m[48;2;125;106;89m▄[38;2;130;110;91m[48;2;127;108;90m▄[38;2;131;113;93m[48;2;128;109;90m▄[38;2;133;115;95m[48;2;129;111;92m▄[38;2;134;116;96m[48;2;131;113;93m▄[38;2;135;117;94m[48;2;135;116;97m▄[38;2;138;117;91m[48;2;138;118;99m▄[38;2;131;110;84m[48;2;139;119;100m▄[38;2;123;103;79m[48;2;141;121;100m▄[38;2;126;109;87m[48;2;142;120;97m▄[38;2;120;106;89m[48;2;139;117;91m▄[38;2;120;107;93m[48;2;137;116;89m▄[38;2;133;118;102m[48;2;143;122;97m▄[38;2;155;132;106m[48;2;163;145;125m▄[38;2;165;140;107m[48;2;164;146;125m▄[38;2;161;134;103m[48;2;140;116;91m▄[38;2;75;48;30m[48;2;147;122;94m▄[38;2;182;153;117m[48;2;192;167;132m▄[38;2;191;161;121m[48;2;181;153;117m▄[38;2;210;182;142m[48;2;202;175;137m▄[38;2;221;192;149m[48;2;216;187;147m▄[38;2;237;207;159m[48;2;231;199;153m▄[38;2;252;248;203m[48;2;250;242;200m▄[38;2;253;249;185m[48;2;254;251;201m▄[38;2;254;244;167m[48;2;255;248;180m▄[38;2;251;206;145m[48;2;253;223;165m▄[38;2;249;172;124m[48;2;250;181;143m▄[38;2;254;206;134m[48;2;254;207;142m▄[38;2;251;211;138m[48;2;255;214;148m▄[38;2;237;187;121m[48;2;230;183;125m▄[38;2;243;188;121m[48;2;225;176;120m▄[38;2;227;173;110m[48;2;211;163;110m▄[38;2;218;164;104m[48;2;181;129;92m▄[38;2;207;153;93m[48;2;160;109;74m▄[38;2;209;159;107m[48;2;180;135;92m▄[38;2;132;91;65m[48;2;145;108;82m▄[38;2;174;149;128m[48;2;121;99;84m▄[38;2;244;216;182m[48;2;218;200;177m▄[38;2;207;150;100m[48;2;201;158;120m▄[0m
[38;2;132;107;83m[48;2;129;103;78m▄[38;2;143;115;91m[48;2;138;111;86m▄[38;2;131;106;84m[48;2;127;103;80m▄[38;2;130;107;82m[48;2;128;103;79m▄[38;2;131;107;83m[48;2;128;104;81m▄[38;2;132;107;85m[48;2;129;105;83m▄[38;2;132;108;87m[48;2;129;106;86m▄[38;2;133;109;89m[48;2;129;107;89m▄[38;2;133;111;90m[48;2;129;108;90m▄[38;2;133;113;93m[48;2;131;110;92m▄[38;2;134;116;96m[48;2;131;113;93m▄[38;2;135;117;96m[48;2;131;113;93m▄[38;2;135;117;96m[48;2;132;114;94m▄[38;2;134;116;97m[48;2;131;114;93m▄[38;2;133;115;94m[48;2;131;113;93m▄[38;2;135;117;96m[48;2;133;115;95m▄[38;2;136;117;98m[48;2;132;114;94m▄[38;2;135;116;96m[48;2;131;114;94m▄[38;2;135;115;95m[48;2;132;114;94m▄[38;2;135;115;92m[48;2;133;114;94m▄[38;2;136;114;89m[48;2;133;112;93m▄[38;2;132;108;82m[48;2;132;111;91m▄[38;2;121;99;72m[48;2;133;112;93m▄[38;2;112;92;68m[48;2;134;113;91m▄[38;2;102;83;65m[48;2;135;113;88m▄[38;2;112;97;82m[48;2;129;106;80m▄[38;2;129;118;108m[48;2;119;97;73m▄[38;2;127;116;105m[48;2;109;91;74m▄[38;2;143;127;111m[48;2;109;97;85m▄[38;2;148;128;105m[48;2;131;122;113m▄[38;2;150;127;99m[48;2;145;134;125m▄[38;2;159;135;106m[48;2;136;119;103m▄[38;2;164;140;112m[48;2;139;118;97m▄[38;2;155;132;105m[48;2;128;109;86m▄[38;2;152;129;102m[48;2;132;110;83m▄[38;2;184;156;123m[48;2;167;141;108m▄[38;2;189;161;125m[48;2;151;124;95m▄[38;2;205;176;135m[48;2;132;102;73m▄[38;2;203;174;131m[48;2;201;172;130m▄[38;2;200;169;127m[48;2;195;165;123m▄[38;2;219;189;148m[48;2;215;187;146m▄[38;2;226;194;149m[48;2;226;194;150m▄[38;2;241;219;167m[48;2;241;214;164m▄[38;2;254;247;183m[48;2;253;250;192m▄[38;2;253;226;155m[48;2;252;236;165m▄[38;2;254;215;142m[48;2;254;226;151m▄[38;2;254;208;135m[48;2;255;220;144m▄[38;2;253;201;128m[48;2;255;216;139m▄[38;2;255;203;128m[48;2;255;209;134m▄[38;2;235;186;121m[48;2;238;197;130m▄[38;2;242;184;112m[48;2;241;186;116m▄[38;2;238;180;108m[48;2;245;187;116m▄[38;2;233;174;106m[48;2;235;178;109m▄[38;2;221;161;95m[48;2;224;166;101m▄[38;2;228;168;102m[48;2;220;160;95m▄[38;2;185;132;89m[48;2;209;159;108m▄[38;2;150;115;87m[48;2;126;85;59m▄[38;2;255;253;214m[48;2;232;210;181m▄[38;2;202;162;128m[48;2;229;188;147m▄[38;2;130;113;99m[48;2;189;131;79m▄[0m
[38;2;151;122;92m[48;2;142;114;91m▄[38;2;159;130;101m[48;2;151;122;97m▄[38;2;144;117;94m[48;2;136;112;88m▄[38;2;142;116;92m[48;2;134;110;86m▄[38;2;139;115;90m[48;2;134;110;86m▄[38;2;137;113;88m[48;2;134;110;86m▄[38;2;136;112;89m[48;2;134;109;86m▄[38;2;136;111;89m[48;2;134;110;87m▄[38;2;136;112;90m[48;2;134;114;90m▄[38;2;137;114;91m[48;2;136;116;93m▄[38;2;137;116;94m[48;2;137;119;99m▄[38;2;137;119;97m[48;2;137;120;99m▄[38;2;135;122;96m[48;2;137;119;96m▄[38;2;133;119;92m[48;2;137;119;96m▄[38;2;130;115;87m[48;2;137;119;95m▄[38;2;127;110;81m[48;2;137;120;96m▄[38;2;121;100;71m[48;2;138;119;96m▄[38;2;106;86;61m[48;2;136;114;89m▄[38;2;91;76;59m[48;2;132;108;81m▄[38;2;87;79;66m[48;2;122;98;70m▄[38;2;98;90;79m[48;2;109;88;64m▄[38;2;119;108;92m[48;2;99;84;65m▄[38;2;143;125;101m[48;2;104;92;80m▄[38;2;151;128;98m[48;2;107;94;81m▄[38;2;153;129;95m[48;2;123;106;88m▄[38;2;151;127;95m[48;2;146;125;102m▄[38;2;152;129;97m[48;2;155;133;104m▄[38;2;154;131;99m[48;2;155;131;98m▄[38;2;157;133;101m[48;2;155;131;100m▄[38;2;159;136;103m[48;2;156;132;104m▄[38;2;163;140;106m[48;2;162;138;107m▄[38;2;168;145;111m[48;2;165;141;110m▄[38;2;171;147;113m[48;2;166;143;112m▄[38;2;178;151;117m[48;2;166;142;110m▄[38;2;183;157;122m[48;2;179;154;120m▄[38;2;191;163;125m[48;2;191;162;127m▄[38;2;200;171;130m[48;2;199;170;129m▄[38;2;208;180;138m[48;2;207;179;136m▄[38;2;199;168;123m[48;2;200;170;126m▄[38;2;205;175;130m[48;2;202;171;128m▄[38;2;220;190;147m[48;2;221;191;147m▄[38;2;226;194;149m[48;2;226;192;147m▄[38;2;250;237;181m[48;2;243;226;171m▄[38;2;255;235;175m[48;2;253;243;181m▄[38;2;255;216;153m[48;2;253;218;151m▄[38;2;255;211;149m[48;2;254;209;138m▄[38;2;255;199;135m[48;2;254;202;132m▄[38;2;252;191;122m[48;2;251;194;124m▄[38;2;247;189;119m[48;2;252;196;124m▄[38;2;235;176;110m[48;2;238;182;114m▄[38;2;240;177;106m[48;2;241;183;110m▄[38;2;237;175;105m[48;2;237;179;106m▄[38;2;229;165;96m[48;2;232;171;102m▄[38;2;228;161;88m[48;2;223;160;92m▄[38;2;235;175;115m[48;2;230;172;108m▄[38;2;147;106;80m[48;2;164;108;69m▄[38;2;90;83;75m[48;2;205;179;148m▄[38;2;78;70;59m[48;2;179;170;150m▄[38;2;137;115;89m[48;2;84;80;76m▄[38;2;108;93;78m[48;2;108;104;102m▄[0m
[38;2;160;131;100m[48;2;156;127;96m▄[38;2;171;140;108m[48;2;166;135;104m▄[38;2;155;127;98m[48;2;150;123;96m▄[38;2;154;125;97m[48;2;148;121;95m▄[38;2;150;123;96m[48;2;145;118;93m▄[38;2;147;121;94m[48;2;142;117;91m▄[38;2;144;117;91m[48;2;139;115;90m▄[38;2;139;113;86m[48;2;137;113;88m▄[38;2;137;110;81m[48;2;137;113;88m▄[38;2;128;106;75m[48;2;137;112;88m▄[38;2;139;80;60m[48;2;132;112;86m▄[38;2;184;42;45m[48;2;132;106;81m▄[38;2;188;31;39m[48;2;134;92;70m▄[38;2;175;27;36m[48;2;131;81;61m▄[38;2;155;24;30m[48;2;126;74;54m▄[38;2;135;21;26m[48;2;106;63;45m▄[38;2;114;25;29m[48;2;81;63;52m▄[38;2;104;38;35m[48;2;71;70;61m▄[38;2;111;61;49m[48;2;84;90;87m▄[38;2;136;85;66m[48;2;123;115;98m▄[38;2;144;114;84m[48;2;144;122;91m▄[38;2;141;119;87m[48;2;147;123;91m▄[38;2;143;120;88m[48;2;148;125;93m▄[38;2;145;122;89m[48;2;150;127;95m▄[38;2;146;123;91m[48;2;151;128;96m▄[38;2;146;123;91m[48;2;151;128;96m▄[38;2;147;123;90m[48;2;150;127;96m▄[38;2;148;124;90m[48;2;151;128;96m▄[38;2;149;126;91m[48;2;155;130;98m▄[38;2;151;127;94m[48;2;158;135;101m▄[38;2;157;133;98m[48;2;162;139;105m▄[38;2;165;140;104m[48;2;168;144;111m▄[38;2;170;143;105m[48;2;174;151;116m▄[38;2;185;157;114m[48;2;181;155;120m▄[38;2;187;158;116m[48;2;187;159;123m▄[38;2;122;97;69m[48;2;194;164;123m▄[38;2;104;91;72m[48;2;205;173;128m▄[38;2;98;86;69m[48;2;213;181;135m▄[38;2;91;80;66m[48;2;204;168;119m▄[38;2;101;90;74m[48;2;212;179;130m▄[38;2;105;94;78m[48;2;222;189;141m▄[38;2;109;99;83m[48;2;229;196;147m▄[38;2;164;163;161m[48;2;227;211;171m▄[38;2;190;197;205m[48;2;214;186;151m▄[38;2;191;198;205m[48;2;213;173;136m▄[38;2;188;196;201m[48;2;206;171;146m▄[38;2;184;195;200m[48;2;205;156;121m▄[38;2;180;191;199m[48;2;206;160;107m▄[38;2;181;192;199m[48;2;201;153;101m▄[38;2;184;192;198m[48;2;200;150;95m▄[38;2;177;186;193m[48;2;200;147;90m▄[38;2;180;185;189m[48;2;197;143;85m▄[38;2;129;126;123m[48;2;206;150;88m▄[38;2;60;54;44m[48;2;222;163;97m▄[38;2;49;49;41m[48;2;135;109;80m▄[38;2;106;105;94m[48;2;48;44;40m▄[38;2;137;131;122m[48;2;86;76;63m▄[38;2;153;144;135m[48;2;136;108;81m▄[38;2;125;119;111m[48;2;148;122;92m▄[38;2;150;150;146m[48;2;123;106;86m▄[0m
[38;2;165;129;92m[48;2;158;125;94m▄[38;2;176;136;100m[48;2;169;134;101m▄[38;2;156;121;88m[48;2;153;122;92m▄[38;2;156;118;84m[48;2;150;119;89m▄[38;2;156;115;79m[48;2;144;115;83m▄[38;2;156;113;81m[48;2;138;110;78m▄[38;2;89;68;49m[48;2;139;108;74m▄[38;2;60;47;35m[48;2;127;97;66m▄[38;2;65;54;42m[48;2;105;81;57m▄[38;2;86;75;57m[48;2;82;67;49m▄[38;2;105;93;68m[48;2;81;42;35m▄[38;2;95;69;49m[48;2;80;18;18m▄[38;2;82;48;31m[48;2;106;19;23m▄[38;2;83;42;29m[48;2;149;20;29m▄[38;2;61;32;21m[48;2;116;14;21m▄[38;2;89;54;38m[48;2;105;23;24m▄[38;2;99;67;49m[48;2;86;28;25m▄[38;2;110;93;68m[48;2;80;42;32m▄[38;2;120;106;78m[48;2;130;85;64m▄[38;2;122;106;77m[48;2;132;83;61m▄[38;2;127;103;75m[48;2;127;97;69m▄[38;2;126;102;75m[48;2;127;104;73m▄[38;2;124;101;74m[48;2;129;104;74m▄[38;2;123;101;73m[48;2;131;107;74m▄[38;2;127;105;76m[48;2;131;107;74m▄[38;2;133;110;79m[48;2;132;109;76m▄[38;2;142;119;86m[48;2;136;112;78m▄[38;2;145;123;86m[48;2;136;113;77m▄[38;2;147;123;82m[48;2;140;117;80m▄[38;2;152;126;83m[48;2;145;121;82m▄[38;2;159;135;90m[48;2;149;123;81m▄[38;2;121;106;73m[48;2;157;129;81m▄[38;2;91;83;62m[48;2;164;136;87m▄[38;2;65;62;49m[48;2;176;152;103m▄[38;2;30;30;27m[48;2;111;95;67m▄[38;2;26;25;24m[48;2;39;32;23m▄[38;2;27;25;22m[48;2;45;39;31m▄[38;2;28;25;22m[48;2;42;37;30m▄[38;2;31;28;24m[48;2;37;35;30m▄[38;2;33;28;25m[48;2;52;45;38m▄[38;2;36;31;26m[48;2;53;46;41m▄[38;2;35;30;26m[48;2;57;51;43m▄[38;2;35;30;25m[48;2;65;61;53m▄[38;2;37;30;24m[48;2;80;75;67m▄[38;2;34;28;21m[48;2;91;85;78m▄[38;2;34;26;20m[48;2;95;91;84m▄[38;2;36;27;20m[48;2;88;88;86m▄[38;2;33;24;17m[48;2;96;96;94m▄[38;2;36;24;17m[48;2;104;103;100m▄[38;2;40;29;20m[48;2;99;102;102m▄[38;2;28;22;17m[48;2;130;133;130m▄[38;2;27;25;20m[48;2;124;124;120m▄[38;2;49;45;40m[48;2;48;45;41m▄[38;2;42;40;33m[48;2;34;33;30m▄[38;2;56;46;33m[48;2;57;54;45m▄[38;2;68;51;37m[48;2;76;79;71m▄[38;2;62;45;31m[48;2;119;118;114m▄[38;2;57;42;27m[48;2;110;108;103m▄[38;2;53;41;30m[48;2;67;60;53m▄[38;2;81;63;45m[48;2;126;128;121m▄[0m
[38;2;103;72;56m[48;2;169;136;98m▄[38;2;105;72;56m[48;2;170;136;100m▄[38;2;98;72;56m[48;2;129;103;78m▄[38;2;113;85;64m[48;2;137;97;74m▄[38;2;207;143;104m[48;2;212;149;113m▄[38;2;186;120;87m[48;2;211;145;108m▄[38;2;161;98;77m[48;2;121;90;69m▄[38;2;206;114;92m[48;2;109;90;69m▄[38;2;231;121;101m[48;2;141;106;81m▄[38;2;219;103;88m[48;2;156;108;83m▄[38;2;209;93;81m[48;2;175;105;83m▄[38;2;212;96;82m[48;2;194;99;82m▄[38;2;229;110;94m[48;2;196;95;77m▄[38;2;226;109;92m[48;2;201;100;81m▄[38;2;214;100;84m[48;2;190;93;76m▄[38;2;208;96;81m[48;2;166;84;67m▄[38;2;208;96;82m[48;2;156;85;68m▄[38;2;188;80;70m[48;2;161;95;75m▄[38;2;193;88;75m[48;2;153;96;75m▄[38;2;175;90;75m[48;2;132;99;74m▄[38;2;128;102;77m[48;2;121;100;72m▄[38;2;125;107;77m[48;2;122;97;70m▄[38;2;130;108;78m[48;2;119;99;71m▄[38;2;131;111;78m[48;2;123;104;73m▄[38;2;132;111;76m[48;2;132;111;80m▄[38;2;141;120;82m[48;2;139;115;81m▄[38;2;148;128;90m[48;2;141;117;78m▄[38;2;91;81;61m[48;2;152;127;84m▄[38;2;47;46;38m[48;2;156;133;91m▄[38;2;35;36;32m[48;2;152;133;93m▄[38;2;20;22;25m[48;2;113;99;71m▄[38;2;23;25;27m[48;2;41;34;27m▄[38;2;25;27;27m[48;2;26;22;20m▄[38;2;23;24;24m[48;2;28;24;19m▄[38;2;21;21;22m[48;2;26;21;17m▄[38;2;25;24;23m[48;2;28;23;18m▄[38;2;26;26;24m[48;2;26;21;18m▄[38;2;28;27;26m[48;2;24;21;18m▄[38;2;31;29;27m[48;2;23;20;17m▄[38;2;33;30;28m[48;2;23;20;18m▄[38;2;35;30;27m[48;2;23;21;19m▄[38;2;33;28;25m[48;2;23;22;22m▄[38;2;34;28;24m[48;2;23;23;22m▄[38;2;37;30;26m[48;2;23;24;24m▄[38;2;36;29;26m[48;2;22;22;23m▄[38;2;40;31;25m[48;2;21;23;24m▄[38;2;48;38;30m[48;2;21;23;26m▄[38;2;32;27;22m[48;2;35;36;35m▄[38;2;31;28;24m[48;2;47;44;39m▄[38;2;41;36;30m[48;2;33;30;25m▄[38;2;35;30;23m[48;2;35;31;27m▄[38;2;44;37;29m[48;2;29;32;30m▄[38;2;63;50;41m[48;2;37;38;32m▄[38;2;62;50;41m[48;2;59;49;41m▄[38;2;61;49;41m[48;2;67;55;45m▄[38;2;63;51;44m[48;2;65;54;44m▄[38;2;66;55;46m[48;2;69;57;46m▄[38;2;61;51;43m[48;2;72;59;47m▄[38;2;68;56;47m[48;2;67;55;43m▄[38;2;77;64;54m[48;2;87;72;56m▄[0m
[38;2;156;129;98m[48;2;131;96;72m▄[38;2;170;141;108m[48;2;152;118;90m▄[38;2;155;123;94m[48;2;145;119;91m▄[38;2;180;113;82m[48;2;188;135;96m▄[38;2;160;82;63m[48;2;222;131;93m▄[38;2;138;59;51m[48;2;190;90;72m▄[38;2;109;46;39m[48;2;184;76;68m▄[38;2;85;46;36m[48;2;169;72;62m▄[38;2;193;99;83m[48;2;219;108;92m▄[38;2;212;97;83m[48;2;208;94;82m▄[38;2;208;96;82m[48;2;211;98;85m▄[38;2;208;95;81m[48;2;218;102;86m▄[38;2;203;92;78m[48;2;220;104;89m▄[38;2;197;86;74m[48;2;200;89;76m▄[38;2;218;102;87m[48;2;200;90;76m▄[38;2;193;90;76m[48;2;208;98;82m▄[38;2;144;56;50m[48;2;174;73;65m▄[38;2;168;72;62m[48;2;181;77;68m▄[38;2;203;94;80m[48;2;203;93;79m▄[38;2;184;87;72m[48;2;186;85;73m▄[38;2;164;79;66m[48;2;167;94;78m▄[38;2;104;59;45m[48;2;140;114;83m▄[38;2;130;90;63m[48;2;139;108;76m▄[38;2;190;135;97m[48;2;143;104;71m▄[38;2;168;119;85m[48;2;163;124;83m▄[38;2;103;67;48m[48;2;178;144;106m▄[38;2;108;69;47m[48;2;148;123;96m▄[38;2;132;89;60m[48;2;97;82;69m▄[38;2;136;95;67m[48;2;78;67;59m▄[38;2;131;95;69m[48;2;69;62;56m▄[38;2;124;91;68m[48;2;61;56;53m▄[38;2;110;82;63m[48;2;56;52;51m▄[38;2;100;77;61m[48;2;53;50;49m▄[38;2;100;81;65m[48;2;53;50;49m▄[38;2;128;104;83m[48;2;51;48;49m▄[38;2;127;106;85m[48;2;53;50;50m▄[38;2;97;86;74m[48;2;59;55;54m▄[38;2;88;78;69m[48;2;51;48;48m▄[38;2;89;81;77m[48;2;47;45;46m▄[38;2;101;93;89m[48;2;45;45;47m▄[38;2;119;112;108m[48;2;41;43;46m▄[38;2;176;177;178m[48;2;44;47;51m▄[38;2;192;192;192m[48;2;34;39;44m▄[38;2;119;114;109m[48;2;30;34;40m▄[38;2;22;19;15m[48;2;38;39;40m▄[38;2;26;24;24m[48;2;41;38;35m▄[38;2;94;93;91m[48;2;18;15;13m▄[38;2;109;107;101m[48;2;30;29;29m▄[38;2;114;103;84m[48;2;21;22;25m▄[38;2;113;132;166m[48;2;14;19;27m▄[38;2;101;134;199m[48;2;38;37;41m▄[38;2;91;120;178m[48;2;51;44;43m▄[38;2;59;95;151m[48;2;54;44;39m▄[38;2;84;165;187m[48;2;54;39;35m▄[38;2;88;162;181m[48;2;56;39;33m▄[38;2;59;67;77m[48;2;61;51;45m▄[38;2;90;78;73m[48;2;59;48;45m▄[38;2;116;105;95m[48;2;44;34;32m▄[38;2;140;126;115m[48;2;59;46;39m▄[38;2;72;66;64m[48;2;77;62;53m▄[0m
[38;2;134;109;81m[48;2;149;120;91m▄[38;2;145;115;87m[48;2;162;131;99m▄[38;2;130;104;78m[48;2;136;107;82m▄[38;2;126;101;75m[48;2;103;75;57m▄[38;2;120;95;71m[48;2;89;63;48m▄[38;2;116;91;68m[48;2;87;62;48m▄[38;2;110;86;64m[48;2;88;66;49m▄[38;2;101;82;60m[48;2;84;67;50m▄[38;2;131;82;65m[48;2;173;94;78m▄[38;2;213;100;85m[48;2;213;97;82m▄[38;2;208;96;82m[48;2;204;94;80m▄[38;2;207;96;81m[48;2;205;95;81m▄[38;2;203;91;77m[48;2;204;93;79m▄[38;2;201;89;76m[48;2;204;91;78m▄[38;2;214;99;84m[48;2;214;101;86m▄[38;2;170;74;64m[48;2;154;64;56m▄[38;2;152;65;58m[48;2;136;53;47m▄[38;2;151;64;56m[48;2;119;44;39m▄[38;2;129;55;46m[48;2;173;92;71m▄[38;2;147;81;62m[48;2;202;123;91m▄[38;2;174;107;81m[48;2;162;101;72m▄[38;2;171;106;80m[48;2;97;66;50m▄[38;2;107;72;55m[48;2;41;36;30m▄[38;2;25;29;27m[48;2;73;58;44m▄[38;2;10;14;19m[48;2;85;68;55m▄[38;2;26;25;28m[48;2;60;54;49m▄[38;2;28;27;28m[48;2;59;50;44m▄[38;2;31;30;28m[48;2;65;51;44m▄[38;2;39;36;34m[48;2;65;50;43m▄[38;2;47;43;40m[48;2;65;50;42m▄[38;2;55;50;47m[48;2;67;52;43m▄[38;2;63;57;53m[48;2;67;50;41m▄[38;2;68;62;57m[48;2;71;51;39m▄[38;2;78;69;63m[48;2;122;87;61m▄[38;2;86;77;70m[48;2;133;98;68m▄[38;2;90;83;77m[48;2;60;47;35m▄[38;2;106;97;88m[48;2;4;8;11m▄[38;2;103;90;77m[48;2;8;15;22m▄[38;2;113;101;88m[48;2;7;15;25m▄[38;2;91;82;72m[48;2;10;18;28m▄[38;2;43;39;35m[48;2;24;29;37m▄[38;2;29;25;21m[48;2;41;41;42m▄[38;2;24;24;23m[48;2;47;43;38m▄[38;2;76;69;61m[48;2;19;18;17m▄[38;2;54;50;45m[48;2;44;43;40m▄[38;2;73;65;50m[48;2;44;45;45m▄[38;2;149;130;97m[48;2;85;82;74m▄[38;2;153;135;104m[48;2;157;140;110m▄[38;2;117;105;87m[48;2;119;111;101m▄[38;2;100;91;80m[48;2;94;130;165m▄[38;2;95;88;81m[48;2;115;160;195m▄[38;2;91;91;90m[48;2;130;175;211m▄[38;2;90;92;95m[48;2;99;174;219m▄[38;2;81;88;97m[48;2;142;229;253m▄[38;2;68;77;87m[48;2;136;204;225m▄[38;2;99;91;82m[48;2;104;89;81m▄[38;2;181;162;135m[48;2;158;145;135m▄[38;2;141;126;105m[48;2;255;250;236m▄[38;2;38;37;37m[48;2;162;152;137m▄[38;2;170;157;160m[48;2;77;76;79m▄[0m
[38;2;132;105;80m[48;2;134;107;78m▄[38;2;141;112;86m[48;2;144;114;85m▄[38;2;127;101;77m[48;2;129;102;77m▄[38;2;126;100;76m[48;2;125;100;75m▄[38;2;129;103;78m[48;2;121;97;70m▄[38;2;130;105;80m[48;2;118;95;69m▄[38;2;129;105;80m[48;2;120;96;71m▄[38;2;136;113;87m[48;2;119;99;72m▄[38;2;150;96;76m[48;2;134;90;70m▄[38;2;176;80;69m[48;2;204;98;84m▄[38;2;198;91;79m[48;2;200;91;78m▄[38;2;196;91;78m[48;2;200;93;80m▄[38;2;188;85;75m[48;2;198;92;80m▄[38;2;180;79;71m[48;2;198;91;79m▄[38;2;169;73;65m[48;2;201;94;80m▄[38;2;155;66;60m[48;2;168;73;64m▄[38;2;134;56;51m[48;2;152;67;59m▄[38;2;116;49;43m[48;2;135;59;51m▄[38;2;99;42;38m[48;2;123;49;43m▄[38;2;72;32;29m[48;2;143;59;52m▄[38;2;30;17;16m[48;2;121;56;48m▄[38;2;7;11;11m[48;2;114;69;55m▄[38;2;60;40;36m[48;2;148;90;69m▄[38;2;161;97;75m[48;2;90;59;47m▄[38;2;114;76;63m[48;2;13;16;19m▄[38;2;59;53;50m[48;2;11;14;19m▄[38;2;59;53;50m[48;2;11;13;19m▄[38;2;56;50;47m[48;2;7;11;16m▄[38;2;50;46;43m[48;2;4;9;15m▄[38;2;45;41;40m[48;2;5;10;16m▄[38;2;37;36;36m[48;2;6;10;16m▄[38;2;27;28;29m[48;2;8;12;18m▄[38;2;18;20;23m[48;2;12;16;21m▄[38;2;15;20;26m[48;2;17;21;26m▄[38;2;14;21;31m[48;2;25;29;33m▄[38;2;15;23;33m[48;2;34;36;40m▄[38;2;29;30;38m[48;2;43;43;45m▄[38;2;42;36;36m[48;2;54;52;51m▄[38;2;26;23;21m[48;2;99;88;74m▄[38;2;24;28;30m[48;2;87;75;60m▄[38;2;64;68;75m[48;2;22;20;18m▄[38;2;47;50;59m[48;2;42;44;49m▄[38;2;34;35;38m[48;2;64;65;71m▄[38;2;70;71;69m[48;2;81;76;69m▄[38;2;78;78;76m[48;2;118;111;95m▄[38;2;72;72;71m[48;2;161;142;113m▄[38;2;82;82;80m[48;2;163;140;108m▄[38;2;96;92;87m[48;2;167;142;108m▄[38;2;101;97;91m[48;2;182;155;117m▄[38;2;105;99;90m[48;2;192;163;120m▄[38;2;129;115;97m[48;2;203;171;125m▄[38;2;139;115;91m[48;2;201;168;124m▄[38;2;143;126;105m[48;2;201;172;131m▄[38;2;161;143;121m[48;2;203;174;130m▄[38;2;168;150;125m[48;2;213;183;138m▄[38;2;62;56;48m[48;2;172;153;125m▄[38;2;47;44;42m[48;2;93;83;70m▄[38;2;165;150;136m[48;2;43;41;40m▄[38;2;174;152;134m[48;2;149;136;128m▄[38;2;201;185;173m[48;2;183;163;152m▄[0m
[38;2;147;122;91m[48;2;134;107;83m▄[38;2;164;135;103m[48;2;147;119;93m▄[38;2;156;130;100m[48;2;141;115;90m▄[38;2;161;135;102m[48;2;145;120;92m▄[38;2;161;133;100m[48;2;147;122;92m▄[38;2;152;123;89m[48;2;149;124;93m▄[38;2;154;124;88m[48;2;150;123;92m▄[38;2;180;151;110m[48;2;145;118;86m▄[38;2;195;167;127m[48;2;119;99;70m▄[38;2;82;72;59m[48;2;84;53;46m▄[38;2;26;28;27m[48;2;126;64;58m▄[38;2;24;27;24m[48;2;122;58;52m▄[38;2;15;18;15m[48;2;106;50;46m▄[38;2;11;14;13m[48;2;85;41;37m▄[38;2;13;15;14m[48;2;62;32;29m▄[38;2;14;15;13m[48;2;44;24;22m▄[38;2;17;18;16m[48;2;30;18;18m▄[38;2;20;20;21m[48;2;19;15;16m▄[38;2;20;20;20m[48;2;10;13;15m▄[38;2;15;15;18m[48;2;6;12;13m▄[38;2;12;14;19m[48;2;7;11;13m▄[38;2;18;18;22m[48;2;17;14;15m▄[38;2;20;19;23m[48;2;54;34;31m▄[38;2;5;12;17m[48;2;110;69;56m▄[38;2;12;18;23m[48;2;65;43;38m▄[38;2;23;26;32m[48;2;24;23;25m▄[38;2;21;25;31m[48;2;28;27;28m▄[38;2;18;21;28m[48;2;41;37;37m▄[38;2;13;16;21m[48;2;53;48;46m▄[38;2;9;13;18m[48;2;66;60;55m▄[38;2;9;13;18m[48;2;80;71;65m▄[38;2;14;16;21m[48;2;91;81;72m▄[38;2;16;20;25m[48;2;102;90;79m▄[38;2;45;40;40m[48;2;108;97;84m▄[38;2;101;82;69m[48;2;112;99;87m▄[38;2;66;57;50m[48;2;72;60;53m▄[38;2;35;37;35m[48;2;45;36;32m▄[38;2;69;69;64m[48;2;36;34;30m▄[38;2;105;98;86m[48;2;62;62;57m▄[38;2;96;90;81m[48;2;84;83;81m▄[38;2;127;136;146m[48;2;29;32;36m▄[38;2;150;158;168m[48;2;44;44;42m▄[38;2;149;154;158m[48;2;77;74;70m▄[38;2;154;155;151m[48;2;71;69;67m▄[38;2;149;145;136m[48;2;71;70;67m▄[38;2;129;125;119m[48;2;81;78;74m▄[38;2;113;111;107m[48;2;88;85;80m▄[38;2;103;101;98m[48;2;92;89;85m▄[38;2;109;105;98m[48;2;94;91;87m▄[38;2;105;101;96m[48;2;92;90;87m▄[38;2;109;105;98m[48;2;93;91;88m▄[38;2;119;113;106m[48;2;93;93;90m▄[38;2;124;117;110m[48;2;102;99;94m▄[38;2;46;46;45m[48;2;110;105;101m▄[38;2;44;44;47m[48;2;48;48;48m▄[38;2;141;129;127m[48;2;35;35;38m▄[38;2;157;137;122m[48;2;139;127;118m▄[38;2;154;141;135m[48;2;161;141;123m▄[38;2;168;171;184m[48;2;159;149;145m▄[38;2;190;193;204m[48;2;195;198;212m▄[0m
[38;2;169;138;103m[48;2;162;134;105m▄[38;2;179;145;108m[48;2;180;150;116m▄[38;2;175;145;109m[48;2;167;138;106m▄[38;2;202;174;136m[48;2;160;129;96m▄[38;2;210;186;148m[48;2;166;136;100m▄[38;2;127;116;97m[48;2;196;167;127m▄[38;2;45;45;48m[48;2;203;180;142m▄[38;2;25;29;40m[48;2;168;151;124m▄[38;2;18;28;42m[48;2;105;94;81m▄[38;2;39;38;41m[48;2;47;41;39m▄[38;2;45;38;33m[48;2;31;27;25m▄[38;2;37;32;28m[48;2;32;28;25m▄[38;2;51;40;34m[48;2;28;26;23m▄[38;2;41;33;30m[48;2;28;26;22m▄[38;2;16;17;17m[48;2;27;24;20m▄[38;2;12;13;15m[48;2;23;22;19m▄[38;2;10;10;14m[48;2;16;17;15m▄[38;2;9;10;14m[48;2;25;23;22m▄[38;2;7;9;13m[48;2;45;40;37m▄[38;2;12;13;17m[48;2;51;44;41m▄[38;2;21;20;23m[48;2;53;46;44m▄[38;2;30;28;30m[48;2;48;43;41m▄[38;2;43;39;38m[48;2;42;39;38m▄[38;2;55;51;48m[48;2;36;35;34m▄[38;2;66;60;55m[48;2;30;30;32m▄[38;2;74;66;60m[48;2;23;26;31m▄[38;2;77;69;64m[48;2;20;24;32m▄[38;2;75;69;66m[48;2;22;27;36m▄[38;2;66;62;62m[48;2;25;31;40m▄[38;2;44;45;50m[48;2;29;35;44m▄[38;2;37;39;45m[48;2;29;36;44m▄[38;2;91;80;74m[48;2;23;30;40m▄[38;2;125;113;101m[48;2;50;45;48m▄[38;2;73;72;69m[48;2;77;64;58m▄[38;2;72;73;69m[48;2;45;45;45m▄[38;2;73;73;71m[48;2;57;59;58m▄[38;2;34;37;40m[48;2;86;85;80m▄[38;2;62;63;61m[48;2;43;45;45m▄[38;2;102;100;93m[48;2;43;44;43m▄[38;2;90;89;86m[48;2;94;91;86m▄[38;2;89;86;82m[48;2;112;108;103m▄[38;2;86;85;80m[48;2;112;110;108m▄[38;2;90;86;80m[48;2;125;125;125m▄[38;2;86;82;78m[48;2;151;151;145m▄[38;2;84;82;79m[48;2;168;167;157m▄[38;2;93;89;83m[48;2;172;171;167m▄[38;2;103;97;90m[48;2;165;167;169m▄[38;2;113;107;100m[48;2;157;158;162m▄[38;2;115;110;107m[48;2;161;160;157m▄[38;2;134;128;121m[48;2;162;157;151m▄[38;2;127;124;121m[48;2;159;154;148m▄[38;2;38;39;40m[48;2;128;123;117m▄[38;2;47;45;42m[48;2;44;43;42m▄[38;2;150;137;127m[48;2;43;41;40m▄[38;2;164;141;126m[48;2;146;134;129m▄[38;2;159;143;130m[48;2;160;139;125m▄[38;2;168;166;167m[48;2;156;142;133m▄[38;2;162;164;168m[48;2;169;168;171m▄[38;2;171;170;171m[48;2;170;170;175m▄[38;2;184;183;185m[48;2;183;184;187m▄[0m
[38;2;207;185;151m[48;2;191;162;120m▄[38;2;184;163;133m[48;2;225;197;155m▄[38;2;116;99;84m[48;2;219;193;157m▄[38;2;77;67;59m[48;2;188;164;133m▄[38;2;58;53;49m[48;2;148;127;104m▄[38;2;35;35;37m[48;2;102;89;77m▄[38;2;37;32;33m[48;2;49;46;47m▄[38;2;143;98;77m[48;2;16;21;29m▄[38;2;225;152;115m[48;2;59;49;51m▄[38;2;231;157;118m[48;2;170;115;90m▄[38;2;200;133;102m[48;2;179;119;90m▄[38;2;119;79;66m[48;2;168;110;87m▄[38;2;35;29;29m[48;2;130;86;71m▄[38;2;20;22;26m[48;2;40;32;34m▄[38;2;32;34;43m[48;2;17;22;29m▄[38;2;34;40;52m[48;2;27;30;39m▄[38;2;33;40;52m[48;2;29;32;41m▄[38;2;37;44;57m[48;2;26;29;36m▄[38;2;44;51;64m[48;2;24;28;35m▄[38;2;48;55;67m[48;2;25;29;35m▄[38;2;44;51;64m[48;2;23;28;34m▄[38;2;43;49;61m[48;2;21;26;33m▄[38;2;45;52;63m[48;2;21;26;33m▄[38;2;44;51;62m[48;2;21;27;34m▄[38;2;44;51;62m[48;2;21;27;33m▄[38;2;48;54;66m[48;2;28;32;39m▄[38;2;43;51;63m[48;2;43;45;49m▄[38;2;60;63;67m[48;2;58;58;61m▄[38;2;150;148;141m[48;2;68;64;62m▄[38;2;236;232;225m[48;2;113;99;85m▄[38;2;255;249;240m[48;2;162;145;129m▄[38;2;145;140;130m[48;2;169;157;149m▄[38;2;70;72;70m[48;2;106;103;98m▄[38;2;61;60;56m[48;2;103;100;90m▄[38;2;76;72;65m[48;2;84;80;72m▄[38;2;143;131;109m[48;2;56;54;48m▄[38;2;134;116;95m[48;2;84;79;72m▄[38;2;91;86;81m[48;2;85;82;79m▄[38;2;96;91;84m[48;2;74;74;72m▄[38;2;110;102;90m[48;2;77;77;73m▄[38;2;102;97;90m[48;2;81;79;76m▄[38;2;100;97;91m[48;2;90;88;85m▄[38;2;87;85;82m[48;2;99;96;92m▄[38;2;88;85;81m[48;2;106;101;95m▄[38;2;93;89;84m[48;2;105;101;95m▄[38;2;90;88;84m[48;2;104;101;95m▄[38;2;99;95;89m[48;2;105;100;95m▄[38;2;101;99;96m[48;2;105;100;96m▄[38;2;110;105;100m[48;2;106;103;97m▄[38;2;41;40;38m[48;2;107;100;93m▄[38;2;56;54;50m[48;2;28;28;27m▄[38;2;149;135;126m[48;2;49;47;45m▄[38;2;161;142;125m[48;2;152;138;128m▄[38;2;161;145;129m[48;2;167;145;127m▄[38;2;177;175;171m[48;2;159;142;128m▄[38;2;163;168;173m[48;2;154;156;159m▄[38;2;171;174;180m[48;2;171;170;170m▄[38;2;181;176;175m[48;2;161;160;163m▄[38;2;177;157;141m[48;2;167;169;172m▄[38;2;214;198;180m[48;2;187;186;183m▄[0m
[38;2;32;40;56m[48;2;54;50;56m▄[38;2;41;49;66m[48;2;45;45;53m▄[38;2;47;53;68m[48;2;24;27;39m▄[38;2;46;53;67m[48;2;19;23;35m▄[38;2;35;44;59m[48;2;13;20;31m▄[38;2;164;115;97m[48;2;27;27;36m▄[38;2;242;159;125m[48;2;185;122;96m▄[38;2;196;130;102m[48;2;249;168;131m▄[38;2;116;76;61m[48;2;221;151;118m▄[38;2;25;20;21m[48;2;164;109;85m▄[38;2;6;11;17m[48;2;60;42;38m▄[38;2;17;18;23m[48;2;3;8;13m▄[38;2;16;18;23m[48;2;14;16;19m▄[38;2;14;16;23m[48;2;24;23;24m▄[38;2;14;16;23m[48;2;31;29;31m▄[38;2;17;19;27m[48;2;35;34;38m▄[38;2;23;24;30m[48;2;40;39;44m▄[38;2;31;31;36m[48;2;43;45;51m▄[38;2;39;37;40m[48;2;45;48;57m▄[38;2;44;42;45m[48;2;38;43;55m▄[38;2;47;47;48m[48;2;36;43;55m▄[38;2;50;51;54m[48;2;41;50;64m▄[38;2;47;51;56m[48;2;47;54;68m▄[38;2;38;45;54m[48;2;50;57;70m▄[38;2;53;58;66m[48;2;50;57;72m▄[38;2;130;124;114m[48;2;44;52;67m▄[38;2;199;183;167m[48;2;90;91;92m▄[38;2;209;195;182m[48;2;193;184;172m▄[38;2;178;170;156m[48;2;255;255;249m▄[38;2;88;86;78m[48;2;222;217;206m▄[38;2;39;41;43m[48;2;145;141;129m▄[38;2;39;42;46m[48;2;76;76;74m▄[38;2;54;57;63m[48;2;48;49;52m▄[38;2;51;54;59m[48;2;53;56;61m▄[38;2;48;50;52m[48;2;59;62;65m▄[38;2;45;47;50m[48;2;52;55;61m▄[38;2;43;45;46m[48;2;51;54;61m▄[38;2;45;47;45m[48;2;64;63;63m▄[38;2;47;48;46m[48;2;69;67;64m▄[38;2;47;49;47m[48;2;86;82;75m▄[38;2;48;49;48m[48;2;91;90;85m▄[38;2;50;52;52m[48;2;110;106;100m▄[38;2;60;60;59m[48;2;110;109;106m▄[38;2;73;74;71m[48;2;121;118;112m▄[38;2;84;83;78m[48;2;109;108;104m▄[38;2;88;88;86m[48;2;102;103;101m▄[38;2;90;89;85m[48;2;99;98;95m▄[38;2;39;38;35m[48;2;76;76;73m▄[38;2;38;39;36m[48;2;35;34;32m▄[38;2;91;87;79m[48;2;42;43;40m▄[38;2;133;121;104m[48;2;114;108;99m▄[38;2;139;125;109m[48;2;146;130;114m▄[38;2;155;147;141m[48;2;147;130;117m▄[38;2;146;145;147m[48;2;154;153;155m▄[38;2;164;158;155m[48;2;166;168;170m▄[38;2;130;123;119m[48;2;174;176;177m▄[38;2;63;59;56m[48;2;162;162;163m▄[38;2;117;114;114m[48;2;165;162;160m▄[38;2;82;81;80m[48;2;145;131;117m▄[38;2;77;77;80m[48;2;117;109;102m▄[0m
[38;2;15;15;20m[48;2;30;32;43m▄[38;2;17;18;25m[48;2;36;40;52m▄[38;2;21;22;28m[48;2;35;40;54m▄[38;2;121;90;80m[48;2;23;34;52m▄[38;2;233;158;125m[48;2;130;97;87m▄[38;2;185;122;97m[48;2;236;157;122m▄[38;2;76;57;55m[48;2;181;118;94m▄[38;2;24;32;45m[48;2;88;60;52m▄[38;2;37;44;59m[48;2;18;21;26m▄[38;2;45;52;67m[48;2;20;24;32m▄[38;2;50;57;71m[48;2;30;33;41m▄[38;2;49;56;70m[48;2;33;38;47m▄[38;2;46;53;67m[48;2;32;37;48m▄[38;2;48;55;69m[48;2;31;36;46m▄[38;2;46;54;67m[48;2;30;35;44m▄[38;2;44;50;62m[48;2;29;32;42m▄[38;2;40;44;56m[48;2;24;28;38m▄[38;2;38;42;54m[48;2;21;25;34m▄[38;2;38;43;55m[48;2;18;22;31m▄[38;2;39;43;54m[48;2;20;23;31m▄[38;2;43;44;51m[48;2;26;28;34m▄[38;2;53;50;52m[48;2;34;36;41m▄[38;2;75;67;60m[48;2;49;47;47m▄[38;2;95;87;76m[48;2;75;66;56m▄[38;2;108;106;102m[48;2;151;141;124m▄[38;2;113;111;103m[48;2;221;210;196m▄[38;2;82;81;73m[48;2;184;171;152m▄[38;2;49;48;45m[48;2;138;130;111m▄[38;2;53;51;49m[48;2;65;64;61m▄[38;2;54;54;51m[48;2;32;33;36m▄[38;2;111;114;109m[48;2;45;48;53m▄[38;2;113;119;116m[48;2;51;55;60m▄[38;2;108;113;107m[48;2;50;54;56m▄[38;2;49;53;56m[48;2;53;55;56m▄[38;2;37;41;45m[48;2;48;49;50m▄[38;2;51;53;54m[48;2;50;51;51m▄[38;2;52;55;57m[48;2;56;57;55m▄[38;2;52;54;56m[48;2;57;59;57m▄[38;2;49;50;51m[48;2;59;60;60m▄[38;2;46;49;50m[48;2;60;61;59m▄[38;2;55;56;55m[48;2;55;57;56m▄[38;2;55;57;56m[48;2;61;61;58m▄[38;2;57;58;57m[48;2;59;60;58m▄[38;2;72;69;64m[48;2;70;68;64m▄[38;2;91;86;76m[48;2;66;64;60m▄[38;2;79;77;67m[48;2;62;60;54m▄[38;2;81;79;70m[48;2;40;40;35m▄[38;2;88;82;73m[48;2;52;51;45m▄[38;2;120;108;92m[48;2;80;75;68m▄[38;2;120;109;94m[48;2;128;116;100m▄[38;2;117;108;98m[48;2;126;115;100m▄[38;2;121;116;113m[48;2;140;131;122m▄[38;2;138;130;122m[48;2;141;136;134m▄[38;2;157;144;131m[48;2;157;146;135m▄[38;2;86;79;75m[48;2;137;128;125m▄[38;2;104;99;97m[48;2;87;78;74m▄[38;2;151;143;135m[48;2;129;123;117m▄[38;2;140;132;127m[48;2;124;118;115m▄[38;2;164;151;144m[48;2;124;116;110m▄[38;2;187;170;164m[48;2;164;154;148m▄[0m
