[38;2;209;222;225m[48;2;208;222;226m▄[38;2;245;255;255m[48;2;227;239;245m▄[38;2;226;238;243m[48;2;210;222;226m▄[38;2;226;238;243m[48;2;210;222;226m▄[38;2;226;238;243m[48;2;210;222;226m▄[38;2;226;238;243m[48;2;210;222;226m▄[38;2;226;238;243m[48;2;210;222;226m▄[38;2;226;238;243m[48;2;210;222;226m▄[38;2;226;238;243m[48;2;210;222;226m▄[38;2;226;238;243m[48;2;210;222;226m▄[38;2;226;238;243m[48;2;210;222;226m▄[38;2;226;238;243m[48;2;210;222;226m▄[38;2;226;238;243m[48;2;210;222;226m▄[38;2;226;238;243m[48;2;210;222;226m▄[38;2;226;238;243m[48;2;210;222;226m▄[38;2;226;238;243m[48;2;210;222;226m▄[38;2;226;238;243m[48;2;210;222;226m▄[38;2;226;238;243m[48;2;210;222;226m▄[38;2;226;238;243m[48;2;210;222;226m▄[38;2;226;238;243m[48;2;210;222;226m▄[38;2;226;238;243m[48;2;210;222;226m▄[38;2;226;238;243m[48;2;210;222;226m▄[38;2;226;238;243m[48;2;210;222;226m▄[38;2;226;238;243m[48;2;210;222;226m▄[38;2;226;238;243m[48;2;210;222;226m▄[38;2;226;238;243m[48;2;210;222;226m▄[38;2;226;238;243m[48;2;210;222;226m▄[38;2;226;238;243m[48;2;210;222;226m▄[38;2;226;238;243m[48;2;210;222;226m▄[38;2;226;238;243m[48;2;210;222;226m▄[38;2;226;238;243m[48;2;210;222;226m▄[38;2;226;238;243m[48;2;210;222;226m▄[38;2;226;238;243m[48;2;210;222;226m▄[38;2;226;238;243m[48;2;210;222;226m▄[38;2;226;238;243m[48;2;210;222;226m▄[38;2;226;238;243m[48;2;210;222;226m▄[38;2;226;238;243m[48;2;210;222;226m▄[38;2;226;238;243m[48;2;210;222;226m▄[38;2;226;238;243m[48;2;210;222;226m▄[38;2;226;238;243m[48;2;210;222;226m▄[38;2;226;238;243m[48;2;210;222;226m▄[38;2;226;238;243m[48;2;210;222;226m▄[38;2;226;238;243m[48;2;210;222;226m▄[38;2;226;238;243m[48;2;210;222;226m▄[38;2;226;238;243m[48;2;210;222;226m▄[38;2;226;238;243m[48;2;210;222;226m▄[38;2;226;238;243m[48;2;210;222;226m▄[38;2;227;239;243m[48;2;210;222;226m▄[38;2;229;241;246m[48;2;210;222;226m▄[38;2;230;244;249m[48;2;210;222;226m▄[38;2;230;243;249m[48;2;210;222;226m▄[38;2;230;243;248m[48;2;210;222;226m▄[38;2;228;240;245m[48;2;210;222;226m▄[38;2;226;238;242m[48;2;210;222;226m▄[38;2;226;238;243m[48;2;210;222;226m▄[38;2;226;238;243m[48;2;210;222;226m▄[38;2;226;238;243m[48;2;210;222;226m▄[38;2;226;238;243m[48;2;210;222;226m▄[38;2;226;238;243m[48;2;210;222;226m▄[38;2;245;255;255m[48;2;227;239;245m▄[0m
[38;2;210;221;225m[48;2;210;221;225m▄[38;2;226;238;243m[48;2;226;238;243m▄[38;2;209;220;224m[48;2;209;220;224m▄[38;2;209;220;224m[48;2;209;220;224m▄[38;2;209;220;224m[48;2;209;220;224m▄[38;2;209;220;224m[48;2;209;220;224m▄[38;2;209;220;224m[48;2;209;220;224m▄[38;2;209;220;224m[48;2;209;220;224m▄[38;2;209;220;224m[48;2;209;220;224m▄[38;2;209;220;224m[48;2;209;220;224m▄[38;2;209;220;224m[48;2;209;220;224m▄[38;2;209;220;224m[48;2;209;220;224m▄[38;2;209;220;224m[48;2;209;220;224m▄[38;2;209;220;224m[48;2;209;220;224m▄[38;2;209;220;224m[48;2;209;220;224m▄[38;2;209;220;224m[48;2;209;220;224m▄[38;2;209;220;224m[48;2;209;220;224m▄[38;2;209;220;224m[48;2;209;220;224m▄[38;2;209;220;224m[48;2;209;220;224m▄[38;2;209;220;224m[48;2;209;220;224m▄[38;2;209;220;224m[48;2;209;220;224m▄[38;2;209;220;224m[48;2;209;220;224m▄[38;2;209;220;224m[48;2;209;220;224m▄[38;2;209;220;224m[48;2;209;220;224m▄[38;2;209;220;224m[48;2;209;220;224m▄[38;2;209;220;224m[48;2;209;220;224m▄[38;2;209;220;224m[48;2;209;220;224m▄[38;2;209;220;224m[48;2;209;220;224m▄[38;2;209;220;224m[48;2;209;220;224m▄[38;2;209;220;224m[48;2;209;220;224m▄[38;2;209;220;224m[48;2;209;220;224m▄[38;2;209;220;224m[48;2;209;220;224m▄[38;2;209;220;224m[48;2;209;220;224m▄[38;2;209;220;224m[48;2;209;220;224m▄[38;2;209;220;224m[48;2;209;220;224m▄[38;2;209;220;224m[48;2;209;220;224m▄[38;2;209;220;224m[48;2;209;220;224m▄[38;2;209;220;224m[48;2;209;220;224m▄[38;2;209;220;224m[48;2;209;220;224m▄[38;2;209;220;224m[48;2;209;220;224m▄[38;2;209;220;224m[48;2;209;220;224m▄[38;2;209;220;224m[48;2;209;220;224m▄[38;2;209;220;224m[48;2;209;220;224m▄[38;2;212;223;227m[48;2;209;220;224m▄[38;2;206;221;229m[48;2;210;221;225m▄[38;2;178;185;186m[48;2;215;228;233m▄[38;2;181;170;155m[48;2;212;228;237m▄[38;2;174;147;117m[48;2;206;223;233m▄[38;2;179;135;89m[48;2;196;209;215m▄[38;2;183;131;78m[48;2;189;198;200m▄[38;2;185;133;81m[48;2;191;200;203m▄[38;2;170;125;79m[48;2;188;201;207m▄[38;2;166;130;92m[48;2;199;214;222m▄[38;2;177;180;177m[48;2;214;228;234m▄[38;2;213;227;234m[48;2;210;220;224m▄[38;2;209;220;224m[48;2;209;220;224m▄[38;2;209;220;224m[48;2;209;220;224m▄[38;2;209;220;224m[48;2;209;220;224m▄[38;2;209;220;224m[48;2;209;220;224m▄[38;2;226;238;243m[48;2;226;238;243m▄[0m
[38;2;210;221;225m[48;2;210;221;225m▄[38;2;226;238;243m[48;2;226;238;243m▄[38;2;209;220;224m[48;2;209;220;224m▄[38;2;209;220;224m[48;2;209;220;224m▄[38;2;209;220;224m[48;2;209;220;224m▄[38;2;209;220;224m[48;2;209;220;224m▄[38;2;209;220;224m[48;2;209;220;224m▄[38;2;209;220;224m[48;2;209;220;224m▄[38;2;209;220;224m[48;2;209;220;224m▄[38;2;209;220;224m[48;2;209;220;224m▄[38;2;209;220;224m[48;2;209;220;224m▄[38;2;209;220;224m[48;2;209;220;224m▄[38;2;209;220;224m[48;2;209;220;224m▄[38;2;209;220;224m[48;2;209;220;224m▄[38;2;209;220;224m[48;2;209;220;224m▄[38;2;209;220;224m[48;2;209;220;224m▄[38;2;209;220;224m[48;2;209;220;224m▄[38;2;209;220;224m[48;2;209;220;224m▄[38;2;209;220;224m[48;2;209;220;224m▄[38;2;209;220;224m[48;2;209;220;224m▄[38;2;209;220;224m[48;2;209;220;224m▄[38;2;209;220;224m[48;2;209;220;224m▄[38;2;209;220;224m[48;2;209;220;224m▄[38;2;209;220;224m[48;2;209;220;224m▄[38;2;209;220;224m[48;2;209;220;224m▄[38;2;209;220;224m[48;2;209;220;224m▄[38;2;209;220;224m[48;2;209;220;224m▄[38;2;209;220;224m[48;2;209;220;224m▄[38;2;209;220;224m[48;2;209;220;224m▄[38;2;209;220;224m[48;2;209;220;224m▄[38;2;209;220;224m[48;2;209;220;224m▄[38;2;209;220;224m[48;2;209;220;224m▄[38;2;209;220;224m[48;2;209;220;224m▄[38;2;209;220;224m[48;2;209;220;224m▄[38;2;209;220;224m[48;2;209;220;224m▄[38;2;209;220;224m[48;2;209;220;224m▄[38;2;209;220;224m[48;2;209;220;224m▄[38;2;209;220;224m[48;2;209;220;224m▄[38;2;209;220;224m[48;2;209;220;224m▄[38;2;209;220;224m[48;2;209;220;224m▄[38;2;209;220;224m[48;2;209;220;224m▄[38;2;209;220;224m[48;2;209;220;224m▄[38;2;213;224;229m[48;2;210;221;225m▄[38;2;190;204;211m[48;2;205;219;226m▄[38;2;141;114;85m[48;2;165;152;135m▄[38;2;196;133;70m[48;2;179;123;67m▄[38;2;183;133;82m[48;2;202;134;67m▄[38;2;175;133;89m[48;2;207;138;70m▄[38;2;184;140;94m[48;2;208;141;75m▄[38;2;187;136;85m[48;2;208;143;79m▄[38;2;183;127;71m[48;2;209;145;81m▄[38;2;194;135;77m[48;2;209;145;81m▄[38;2;185;137;87m[48;2;214;144;75m▄[38;2;187;126;65m[48;2;166;114;63m▄[38;2;149;141;128m[48;2;168;175;176m▄[38;2;213;228;236m[48;2;217;230;235m▄[38;2;209;220;224m[48;2;209;220;224m▄[38;2;209;220;224m[48;2;209;220;224m▄[38;2;209;220;224m[48;2;209;220;224m▄[38;2;226;238;243m[48;2;226;238;243m▄[0m
[38;2;210;221;225m[48;2;210;221;225m▄[38;2;226;238;243m[48;2;226;238;243m▄[38;2;209;220;224m[48;2;209;220;224m▄[38;2;209;220;224m[48;2;209;220;224m▄[38;2;209;220;224m[48;2;209;220;224m▄[38;2;209;220;224m[48;2;209;220;224m▄[38;2;209;220;224m[48;2;209;220;224m▄[38;2;209;220;224m[48;2;209;220;224m▄[38;2;209;220;224m[48;2;209;220;224m▄[38;2;209;220;224m[48;2;209;220;224m▄[38;2;209;220;224m[48;2;209;220;224m▄[38;2;209;220;224m[48;2;209;220;224m▄[38;2;209;220;224m[48;2;209;220;224m▄[38;2;209;220;224m[48;2;209;220;224m▄[38;2;209;220;224m[48;2;209;220;224m▄[38;2;209;220;224m[48;2;209;220;224m▄[38;2;209;220;224m[48;2;209;220;224m▄[38;2;209;220;224m[48;2;209;220;224m▄[38;2;209;220;224m[48;2;209;220;224m▄[38;2;209;220;224m[48;2;209;220;224m▄[38;2;209;220;224m[48;2;209;220;224m▄[38;2;209;220;224m[48;2;209;220;224m▄[38;2;209;220;224m[48;2;209;220;224m▄[38;2;209;220;224m[48;2;209;220;224m▄[38;2;209;220;224m[48;2;209;220;224m▄[38;2;209;220;224m[48;2;209;220;224m▄[38;2;209;220;224m[48;2;209;220;224m▄[38;2;209;220;224m[48;2;209;220;224m▄[38;2;209;220;224m[48;2;209;220;224m▄[38;2;209;220;224m[48;2;209;220;224m▄[38;2;209;220;224m[48;2;209;220;224m▄[38;2;209;220;224m[48;2;209;220;224m▄[38;2;209;220;224m[48;2;209;220;224m▄[38;2;209;220;224m[48;2;209;220;224m▄[38;2;209;220;224m[48;2;209;220;224m▄[38;2;209;220;224m[48;2;209;220;224m▄[38;2;209;220;224m[48;2;209;220;224m▄[38;2;209;220;224m[48;2;209;220;224m▄[38;2;209;220;224m[48;2;209;220;224m▄[38;2;209;220;224m[48;2;209;220;224m▄[38;2;209;219;223m[48;2;209;220;224m▄[38;2;211;222;226m[48;2;209;220;224m▄[38;2;213;235;238m[48;2;209;220;224m▄[38;2;206;235;237m[48;2;212;223;227m▄[38;2;205;232;236m[48;2;208;221;228m▄[38;2;190;213;218m[48;2;161;161;155m▄[38;2;170;170;155m[48;2;204;176;141m▄[38;2;207;198;174m[48;2;220;191;158m▄[38;2;230;200;167m[48;2;239;208;173m▄[38;2;252;217;178m[48;2;233;203;168m▄[38;2;254;219;181m[48;2;165;138;108m▄[38;2;239;210;175m[48;2;203;171;136m▄[38;2;142;124;90m[48;2;187;156;122m▄[38;2;164;152;124m[48;2;174;113;52m▄[38;2;179;184;185m[48;2;157;148;136m▄[38;2;209;221;226m[48;2;212;227;234m▄[38;2;209;220;224m[48;2;209;220;224m▄[38;2;209;220;224m[48;2;209;220;224m▄[38;2;209;220;224m[48;2;209;220;224m▄[38;2;226;238;243m[48;2;226;238;243m▄[0m
[38;2;210;221;225m[48;2;210;221;225m▄[38;2;226;238;243m[48;2;226;238;243m▄[38;2;209;220;224m[48;2;209;220;224m▄[38;2;209;220;224m[48;2;209;220;224m▄[38;2;209;220;224m[48;2;209;220;224m▄[38;2;209;220;224m[48;2;209;220;224m▄[38;2;209;220;224m[48;2;209;220;224m▄[38;2;209;220;224m[48;2;209;220;224m▄[38;2;209;220;224m[48;2;209;220;224m▄[38;2;209;220;224m[48;2;209;220;224m▄[38;2;209;220;224m[48;2;209;220;224m▄[38;2;209;220;224m[48;2;209;220;224m▄[38;2;209;220;224m[48;2;209;220;224m▄[38;2;209;220;224m[48;2;209;220;224m▄[38;2;209;220;224m[48;2;209;220;224m▄[38;2;209;220;224m[48;2;209;220;224m▄[38;2;209;220;224m[48;2;209;220;224m▄[38;2;209;220;224m[48;2;209;220;224m▄[38;2;209;220;224m[48;2;209;220;224m▄[38;2;209;220;224m[48;2;209;220;224m▄[38;2;209;220;224m[48;2;209;220;224m▄[38;2;209;220;224m[48;2;209;220;224m▄[38;2;209;220;224m[48;2;209;220;224m▄[38;2;209;220;224m[48;2;209;220;224m▄[38;2;209;220;224m[48;2;209;220;224m▄[38;2;209;220;224m[48;2;209;220;224m▄[38;2;209;220;224m[48;2;209;220;224m▄[38;2;209;220;224m[48;2;209;220;224m▄[38;2;209;220;224m[48;2;209;220;224m▄[38;2;209;220;224m[48;2;209;220;224m▄[38;2;209;220;224m[48;2;209;220;224m▄[38;2;209;220;224m[48;2;209;220;224m▄[38;2;209;220;224m[48;2;209;220;224m▄[38;2;209;220;224m[48;2;209;220;224m▄[38;2;209;220;224m[48;2;209;220;224m▄[38;2;209;220;224m[48;2;209;220;224m▄[38;2;209;220;224m[48;2;209;220;224m▄[38;2;209;220;224m[48;2;209;220;224m▄[38;2;209;220;224m[48;2;209;220;224m▄[38;2;213;225;229m[48;2;209;219;223m▄[38;2;197;224;226m[48;2;213;226;230m▄[38;2;174;82;94m[48;2;201;227;230m▄[38;2;213;0;22m[48;2;183;150;157m▄[38;2;227;1;26m[48;2;190;91;104m▄[38;2;230;6;31m[48;2;195;61;77m▄[38;2;235;8;34m[48;2;204;48;67m▄[38;2;208;11;34m[48;2;181;38;57m▄[38;2;159;9;27m[48;2;165;107;100m▄[38;2;192;160;132m[48;2;208;186;153m▄[38;2;218;170;143m[48;2;232;208;170m▄[38;2;209;105;98m[48;2;244;226;183m▄[38;2;188;43;55m[48;2;244;219;178m▄[38;2;212;9;34m[48;2;184;105;97m▄[38;2;218;4;28m[48;2;156;107;122m▄[38;2;168;96;107m[48;2;212;246;249m▄[38;2;192;218;220m[48;2;214;226;230m▄[38;2;214;228;232m[48;2;208;219;223m▄[38;2;209;219;223m[48;2;209;220;224m▄[38;2;209;220;224m[48;2;209;220;224m▄[38;2;226;238;243m[48;2;226;238;243m▄[0m
[38;2;210;221;225m[48;2;210;221;225m▄[38;2;226;238;243m[48;2;226;238;243m▄[38;2;209;220;224m[48;2;209;220;224m▄[38;2;209;220;224m[48;2;209;220;224m▄[38;2;209;220;224m[48;2;209;220;224m▄[38;2;209;220;224m[48;2;209;220;224m▄[38;2;209;220;224m[48;2;209;220;224m▄[38;2;209;220;224m[48;2;209;220;224m▄[38;2;209;220;224m[48;2;209;220;224m▄[38;2;209;220;224m[48;2;209;220;224m▄[38;2;209;220;224m[48;2;209;220;224m▄[38;2;209;220;224m[48;2;209;220;224m▄[38;2;209;220;224m[48;2;209;220;224m▄[38;2;209;220;224m[48;2;209;220;224m▄[38;2;209;220;224m[48;2;209;220;224m▄[38;2;209;220;224m[48;2;209;220;224m▄[38;2;209;220;224m[48;2;209;220;224m▄[38;2;209;220;224m[48;2;209;220;224m▄[38;2;209;220;224m[48;2;209;220;224m▄[38;2;209;220;224m[48;2;209;220;224m▄[38;2;209;220;224m[48;2;209;220;224m▄[38;2;209;220;224m[48;2;209;220;224m▄[38;2;209;220;224m[48;2;209;220;224m▄[38;2;209;220;224m[48;2;209;220;224m▄[38;2;209;220;224m[48;2;209;220;224m▄[38;2;209;220;224m[48;2;209;220;224m▄[38;2;209;220;224m[48;2;209;220;224m▄[38;2;209;220;224m[48;2;209;220;224m▄[38;2;209;220;224m[48;2;209;220;224m▄[38;2;209;220;224m[48;2;209;220;224m▄[38;2;209;220;224m[48;2;209;220;224m▄[38;2;209;220;224m[48;2;209;220;224m▄[38;2;209;220;224m[48;2;209;220;224m▄[38;2;209;220;224m[48;2;209;220;224m▄[38;2;209;220;224m[48;2;209;220;224m▄[38;2;209;220;224m[48;2;209;220;224m▄[38;2;209;220;224m[48;2;209;220;224m▄[38;2;209;221;225m[48;2;209;220;224m▄[38;2;209;230;233m[48;2;211;221;226m▄[38;2;171;132;139m[48;2;206;238;240m▄[38;2;217;2;27m[48;2;165;101;111m▄[38;2;163;21;37m[48;2;223;0;20m▄[38;2;189;20;39m[48;2;193;19;39m▄[38;2;232;16;41m[48;2;223;18;41m▄[38;2;225;17;41m[48;2;225;17;41m▄[38;2;225;17;41m[48;2;227;17;41m▄[38;2;226;17;41m[48;2;220;18;41m▄[38;2;217;18;41m[48;2;169;22;38m▄[38;2;227;14;40m[48;2;196;23;42m▄[38;2;235;15;41m[48;2;183;11;32m▄[38;2;196;19;40m[48;2;201;3;29m▄[38;2;177;21;39m[48;2;216;10;35m▄[38;2;202;19;40m[48;2;210;18;41m▄[38;2;219;18;41m[48;2;216;17;40m▄[38;2;231;17;42m[48;2;225;0;22m▄[38;2;215;0;18m[48;2;165;58;71m▄[38;2;160;129;134m[48;2;193;213;216m▄[38;2;215;236;240m[48;2;212;224;228m▄[38;2;209;220;224m[48;2;209;220;224m▄[38;2;226;238;243m[48;2;226;238;243m▄[0m
[38;2;210;221;225m[48;2;210;221;225m▄[38;2;226;238;243m[48;2;226;238;243m▄[38;2;209;220;224m[48;2;209;220;224m▄[38;2;209;220;224m[48;2;209;220;224m▄[38;2;209;220;224m[48;2;209;220;224m▄[38;2;209;220;224m[48;2;209;220;224m▄[38;2;209;220;224m[48;2;209;220;224m▄[38;2;209;220;224m[48;2;209;220;224m▄[38;2;209;220;224m[48;2;209;220;224m▄[38;2;209;220;224m[48;2;209;220;224m▄[38;2;209;220;224m[48;2;209;220;224m▄[38;2;209;220;224m[48;2;209;220;224m▄[38;2;209;220;224m[48;2;209;220;224m▄[38;2;209;220;224m[48;2;209;220;224m▄[38;2;209;220;224m[48;2;209;220;224m▄[38;2;209;220;224m[48;2;209;220;224m▄[38;2;209;220;224m[48;2;209;220;224m▄[38;2;209;220;224m[48;2;209;220;224m▄[38;2;209;220;224m[48;2;209;220;224m▄[38;2;209;220;224m[48;2;209;220;224m▄[38;2;209;220;224m[48;2;209;220;224m▄[38;2;209;220;224m[48;2;209;220;224m▄[38;2;209;220;224m[48;2;209;220;224m▄[38;2;209;220;224m[48;2;209;220;224m▄[38;2;209;220;224m[48;2;209;220;224m▄[38;2;209;220;224m[48;2;209;220;224m▄[38;2;209;220;224m[48;2;209;220;224m▄[38;2;209;220;224m[48;2;209;220;224m▄[38;2;209;220;224m[48;2;209;220;224m▄[38;2;209;220;224m[48;2;209;220;224m▄[38;2;209;220;224m[48;2;209;220;224m▄[38;2;209;220;224m[48;2;209;220;224m▄[38;2;209;220;224m[48;2;209;220;224m▄[38;2;209;220;224m[48;2;209;220;224m▄[38;2;209;220;224m[48;2;209;220;224m▄[38;2;209;220;224m[48;2;209;220;224m▄[38;2;209;220;224m[48;2;209;220;224m▄[38;2;213;224;228m[48;2;213;225;229m▄[38;2;202;219;227m[48;2;189;207;210m▄[38;2;172;160;145m[48;2;170;34;51m▄[38;2;207;144;121m[48;2;227;0;25m▄[38;2;178;31;46m[48;2;152;21;35m▄[38;2;232;13;39m[48;2;221;18;41m▄[38;2;225;17;41m[48;2;226;17;41m▄[38;2;225;17;41m[48;2;225;17;41m▄[38;2;225;17;41m[48;2;225;17;41m▄[38;2;227;17;41m[48;2;225;17;41m▄[38;2;228;16;40m[48;2;228;17;41m▄[38;2;197;19;39m[48;2;231;17;41m▄[38;2;192;20;40m[48;2;209;18;40m▄[38;2;229;17;41m[48;2;165;21;38m▄[38;2;229;17;41m[48;2;213;18;40m▄[38;2;225;18;41m[48;2;231;17;41m▄[38;2;235;14;39m[48;2;226;17;41m▄[38;2;216;0;21m[48;2;232;16;40m▄[38;2;164;93;102m[48;2;203;0;20m▄[38;2;202;227;229m[48;2;164;151;155m▄[38;2;211;222;226m[48;2;215;234;238m▄[38;2;209;220;224m[48;2;209;220;224m▄[38;2;226;238;243m[48;2;226;238;243m▄[0m
[38;2;210;221;225m[48;2;210;221;225m▄[38;2;226;238;243m[48;2;226;238;243m▄[38;2;209;220;224m[48;2;209;220;224m▄[38;2;209;220;224m[48;2;209;220;224m▄[38;2;209;220;224m[48;2;209;220;224m▄[38;2;209;220;224m[48;2;209;220;224m▄[38;2;209;220;224m[48;2;209;220;224m▄[38;2;209;220;224m[48;2;209;220;224m▄[38;2;209;220;224m[48;2;209;220;224m▄[38;2;209;220;224m[48;2;209;220;224m▄[38;2;209;220;224m[48;2;209;220;224m▄[38;2;209;220;224m[48;2;209;220;224m▄[38;2;209;220;224m[48;2;209;220;224m▄[38;2;209;220;224m[48;2;209;220;224m▄[38;2;209;220;224m[48;2;209;220;224m▄[38;2;209;220;224m[48;2;209;220;224m▄[38;2;209;220;224m[48;2;209;220;224m▄[38;2;209;220;224m[48;2;209;220;224m▄[38;2;209;220;224m[48;2;209;220;224m▄[38;2;209;220;224m[48;2;209;220;224m▄[38;2;209;220;224m[48;2;209;220;224m▄[38;2;209;220;224m[48;2;209;220;224m▄[38;2;209;220;224m[48;2;209;220;224m▄[38;2;209;220;224m[48;2;209;220;224m▄[38;2;209;220;224m[48;2;209;220;224m▄[38;2;209;220;224m[48;2;209;220;224m▄[38;2;209;220;224m[48;2;209;220;224m▄[38;2;209;220;224m[48;2;209;220;224m▄[38;2;209;220;224m[48;2;209;220;224m▄[38;2;209;220;224m[48;2;209;220;224m▄[38;2;211;222;226m[48;2;209;220;224m▄[38;2;210;221;225m[48;2;209;220;224m▄[38;2;210;222;226m[48;2;209;220;224m▄[38;2;209;220;224m[48;2;209;220;224m▄[38;2;209;220;224m[48;2;209;220;224m▄[38;2;212;223;227m[48;2;209;220;224m▄[38;2;200;215;224m[48;2;213;224;228m▄[38;2;172;164;151m[48;2;200;214;222m▄[38;2;244;216;171m[48;2;175;170;161m▄[38;2;218;194;158m[48;2;244;222;179m▄[38;2;190;28;44m[48;2;208;174;144m▄[38;2;233;5;34m[48;2;209;13;37m▄[38;2;227;6;34m[48;2;228;15;40m▄[38;2;222;1;30m[48;2;225;17;41m▄[38;2;215;5;32m[48;2;226;17;41m▄[38;2;207;19;41m[48;2;231;13;39m▄[38;2;192;77;77m[48;2;218;6;33m▄[38;2;207;170;142m[48;2;175;12;33m▄[38;2;213;125;112m[48;2;204;4;30m▄[38;2;210;62;69m[48;2;233;8;36m▄[38;2;213;20;42m[48;2;228;16;41m▄[38;2;216;17;39m[48;2;228;17;42m▄[38;2;177;2;22m[48;2;230;14;39m▄[38;2;136;127;130m[48;2;184;10;29m▄[38;2;213;244;246m[48;2;166;125;132m▄[38;2;212;223;227m[48;2;203;230;233m▄[38;2;209;219;223m[48;2;213;224;229m▄[38;2;209;220;224m[48;2;209;220;224m▄[38;2;209;220;224m[48;2;209;220;224m▄[38;2;226;238;243m[48;2;226;238;243m▄[0m
[38;2;210;221;225m[48;2;210;221;225m▄[38;2;226;238;243m[48;2;226;238;243m▄[38;2;209;220;224m[48;2;209;220;224m▄[38;2;209;220;224m[48;2;209;220;224m▄[38;2;209;220;224m[48;2;209;220;224m▄[38;2;209;220;224m[48;2;209;220;224m▄[38;2;209;220;224m[48;2;209;220;224m▄[38;2;209;220;224m[48;2;209;220;224m▄[38;2;209;220;224m[48;2;209;220;224m▄[38;2;209;220;224m[48;2;209;220;224m▄[38;2;209;220;224m[48;2;209;220;224m▄[38;2;209;220;224m[48;2;209;220;224m▄[38;2;209;220;224m[48;2;209;220;224m▄[38;2;211;223;227m[48;2;209;220;224m▄[38;2;211;222;226m[48;2;209;220;224m▄[38;2;209;220;224m[48;2;209;220;224m▄[38;2;209;220;224m[48;2;209;220;224m▄[38;2;209;220;224m[48;2;209;220;224m▄[38;2;209;220;224m[48;2;209;220;224m▄[38;2;209;220;224m[48;2;209;220;224m▄[38;2;209;220;224m[48;2;209;220;224m▄[38;2;209;220;224m[48;2;209;220;224m▄[38;2;209;220;224m[48;2;209;220;224m▄[38;2;209;220;224m[48;2;209;220;224m▄[38;2;210;221;225m[48;2;209;220;224m▄[38;2;211;222;226m[48;2;209;220;224m▄[38;2;213;224;229m[48;2;209;220;224m▄[38;2;213;225;229m[48;2;209;220;224m▄[38;2;207;218;221m[48;2;210;221;225m▄[38;2;200;212;217m[48;2;208;219;223m▄[38;2;151;152;150m[48;2;203;214;219m▄[38;2;126;100;91m[48;2;216;230;232m▄[38;2;187;163;141m[48;2;203;215;220m▄[38;2;205;198;181m[48;2;205;220;227m▄[38;2;200;204;202m[48;2;213;226;232m▄[38;2;174;174;169m[48;2;209;224;232m▄[38;2;218;189;153m[48;2;172;170;162m▄[38;2;217;194;157m[48;2;243;211;167m▄[38;2;168;89;82m[48;2;224;186;153m▄[38;2;210;106;99m[48;2;184;21;39m▄[38;2;221;172;145m[48;2;218;0;25m▄[38;2;230;213;172m[48;2;208;28;47m▄[38;2;237;233;187m[48;2;206;66;71m▄[38;2;237;229;184m[48;2;210;113;103m▄[38;2;230;207;169m[48;2;219;160;136m▄[38;2;219;176;147m[48;2;229;201;164m▄[38;2;211;142;124m[48;2;246;236;190m▄[38;2;198;87;85m[48;2;252;240;193m▄[38;2;202;18;39m[48;2;219;199;162m▄[38;2;223;2;31m[48;2;188;104;95m▄[38;2;240;6;33m[48;2;199;23;42m▄[38;2;165;39;53m[48;2;205;0;23m▄[38;2;184;213;215m[48;2;156;85;94m▄[38;2;215;228;232m[48;2;209;233;236m▄[38;2;209;220;224m[48;2;212;223;227m▄[38;2;209;220;224m[48;2;209;220;224m▄[38;2;209;220;224m[48;2;209;220;224m▄[38;2;209;220;224m[48;2;209;220;224m▄[38;2;209;220;224m[48;2;209;220;224m▄[38;2;226;238;243m[48;2;226;238;243m▄[0m
[38;2;210;221;225m[48;2;210;221;225m▄[38;2;226;238;243m[48;2;226;238;243m▄[38;2;209;220;224m[48;2;209;220;224m▄[38;2;209;220;224m[48;2;209;220;224m▄[38;2;209;220;224m[48;2;209;220;224m▄[38;2;209;220;224m[48;2;209;220;224m▄[38;2;209;220;223m[48;2;209;220;224m▄[38;2;213;225;231m[48;2;209;220;224m▄[38;2;210;225;237m[48;2;209;220;224m▄[38;2;202;216;228m[48;2;210;221;225m▄[38;2;198;210;218m[48;2;211;222;227m▄[38;2;197;209;217m[48;2;211;223;228m▄[38;2;201;214;225m[48;2;212;224;228m▄[38;2;181;191;195m[48;2;194;203;206m▄[38;2;194;204;207m[48;2;200;210;214m▄[38;2;207;220;227m[48;2;211;222;226m▄[38;2;188;196;200m[48;2;213;225;229m▄[38;2;172;173;170m[48;2;215;228;233m▄[38;2;192;201;203m[48;2;212;224;228m▄[38;2;215;228;234m[48;2;209;219;223m▄[38;2;212;224;230m[48;2;209;220;224m▄[38;2;207;218;222m[48;2;210;221;225m▄[38;2;202;210;209m[48;2;211;223;228m▄[38;2;181;186;181m[48;2;210;222;228m▄[38;2;168;172;166m[48;2;205;216;221m▄[38;2;177;183;179m[48;2;199;209;212m▄[38;2;187;195;195m[48;2;191;199;199m▄[38;2;200;210;213m[48;2;181;189;189m▄[38;2;211;222;226m[48;2;169;178;180m▄[38;2;213;224;228m[48;2;193;206;209m▄[38;2;219;232;237m[48;2;157;154;159m▄[38;2;179;197;195m[48;2;113;65;58m▄[38;2;148;97;91m[48;2;214;185;148m▄[38;2;163;65;67m[48;2;228;201;160m▄[38;2;156;132;111m[48;2;207;178;144m▄[38;2;173;155;129m[48;2;228;196;158m▄[38;2;165;150;126m[48;2;228;199;162m▄[38;2;173;140;124m[48;2;205;171;141m▄[38;2;173;63;69m[48;2;219;168;141m▄[38;2;191;16;37m[48;2;223;171;144m▄[38;2;206;0;25m[48;2;216;145;126m▄[38;2;216;0;22m[48;2;208;112;102m▄[38;2;224;0;23m[48;2;205;77;79m▄[38;2;227;0;26m[48;2;203;49;60m▄[38;2;231;1;30m[48;2;204;26;45m▄[38;2;230;4;32m[48;2;209;11;35m▄[38;2;227;4;32m[48;2;217;2;30m▄[38;2;228;4;32m[48;2;226;3;32m▄[38;2;228;6;33m[48;2;229;14;39m▄[38;2;227;0;21m[48;2;232;16;41m▄[38;2;159;76;86m[48;2;198;5;27m▄[38;2;203;234;236m[48;2;163;160;164m▄[38;2;211;221;225m[48;2;217;237;241m▄[38;2;209;220;224m[48;2;209;219;223m▄[38;2;209;220;224m[48;2;209;220;224m▄[38;2;209;220;224m[48;2;209;220;224m▄[38;2;209;220;224m[48;2;209;220;224m▄[38;2;209;220;224m[48;2;209;220;224m▄[38;2;209;220;224m[48;2;209;220;224m▄[38;2;226;238;243m[48;2;226;238;243m▄[0m
[38;2;210;221;225m[48;2;210;221;225m▄[38;2;226;238;243m[48;2;226;238;243m▄[38;2;209;220;224m[48;2;209;220;224m▄[38;2;209;220;224m[48;2;209;220;224m▄[38;2;209;220;224m[48;2;209;220;224m▄[38;2;214;226;232m[48;2;209;220;223m▄[38;2;178;185;184m[48;2;214;227;234m▄[38;2;168;140;61m[48;2;189;200;204m▄[38;2;205;162;45m[48;2;175;166;127m▄[38;2;209;166;53m[48;2;183;160;90m▄[38;2;209;167;56m[48;2;185;156;77m▄[38;2;214;171;54m[48;2;185;156;73m▄[38;2;193;152;36m[48;2;172;151;87m▄[38;2;161;140;101m[48;2;198;196;173m▄[38;2;219;211;190m[48;2;229;226;201m▄[38;2;250;242;209m[48;2;199;201;187m▄[38;2;228;222;192m[48;2;169;162;150m▄[38;2;199;192;168m[48;2;197;167;148m▄[38;2;181;178;159m[48;2;164;160;154m▄[38;2;174;177;169m[48;2;187;194;190m▄[38;2;182;189;187m[48;2;182;184;176m▄[38;2;200;211;214m[48;2;184;185;174m▄[38;2;211;223;229m[48;2;188;191;183m▄[38;2;212;223;229m[48;2;195;202;200m▄[38;2;210;221;225m[48;2;206;216;219m▄[38;2;209;220;224m[48;2;212;224;229m▄[38;2;209;220;224m[48;2;213;225;230m▄[38;2;209;220;224m[48;2;210;222;226m▄[38;2;209;220;224m[48;2;209;220;224m▄[38;2;209;220;224m[48;2;209;220;224m▄[38;2;209;219;223m[48;2;209;220;224m▄[38;2;215;228;233m[48;2;217;231;236m▄[38;2;187;198;200m[48;2;190;192;201m▄[38;2;158;143;125m[48;2;151;126;111m▄[38;2;195;173;150m[48;2;167;147;124m▄[38;2;205;183;159m[48;2;191;171;150m▄[38;2;205;182;159m[48;2;181;161;141m▄[38;2;202;180;157m[48;2;206;187;163m▄[38;2;207;182;157m[48;2;198;186;161m▄[38;2;168;151;132m[48;2;169;150;132m▄[38;2;184;171;149m[48;2;186;147;131m▄[38;2;207;193;167m[48;2;184;127;116m▄[38;2;202;192;166m[48;2;184;112;106m▄[38;2;202;193;166m[48;2;187;105;101m▄[38;2;195;188;162m[48;2;176;89;88m▄[38;2;182;177;153m[48;2;178;87;87m▄[38;2;187;182;156m[48;2;187;90;90m▄[38;2;200;193;166m[48;2;189;82;84m▄[38;2;192;181;153m[48;2;179;78;79m▄[38;2;151;163;157m[48;2;132;70;72m▄[38;2;217;233;239m[48;2;182;186;191m▄[38;2;209;219;223m[48;2;216;230;234m▄[38;2;209;220;224m[48;2;209;220;224m▄[38;2;209;220;224m[48;2;209;220;224m▄[38;2;209;220;224m[48;2;209;220;224m▄[38;2;209;220;224m[48;2;209;220;224m▄[38;2;209;220;224m[48;2;209;220;224m▄[38;2;209;220;224m[48;2;209;220;224m▄[38;2;209;220;224m[48;2;209;220;224m▄[38;2;226;238;243m[48;2;226;238;243m▄[0m
[38;2;213;225;228m[48;2;210;221;225m▄[38;2;230;242;247m[48;2;226;238;243m▄[38;2;213;224;227m[48;2;209;220;224m▄[38;2;213;224;227m[48;2;209;220;224m▄[38;2;213;224;227m[48;2;209;220;224m▄[38;2;216;227;231m[48;2;216;230;239m▄[38;2;201;212;220m[48;2;156;155;137m▄[38;2;163;147;97m[48;2;195;150;34m▄[38;2;195;154;48m[48;2;211;171;62m▄[38;2;211;167;52m[48;2;205;166;61m▄[38;2;184;148;45m[48;2;206;167;59m▄[38;2;175;150;123m[48;2;187;152;62m▄[38;2;242;212;205m[48;2;180;153;111m▄[38;2;238;208;197m[48;2;221;192;175m▄[38;2;231;198;186m[48;2;202;179;162m▄[38;2;184;170;158m[48;2;217;206;181m▄[38;2;235;231;205m[48;2;246;239;208m▄[38;2;200;196;177m[48;2;240;232;199m▄[38;2;194;204;209m[48;2;178;181;173m▄[38;2;203;213;217m[48;2;194;206;214m▄[38;2;211;222;225m[48;2;203;214;219m▄[38;2;213;224;228m[48;2;212;223;228m▄[38;2;214;224;228m[48;2;209;220;224m▄[38;2;214;225;229m[48;2;209;220;224m▄[38;2;212;224;228m[48;2;209;220;224m▄[38;2;200;213;219m[48;2;210;222;226m▄[38;2;209;223;229m[48;2;209;220;224m▄[38;2;212;224;229m[48;2;209;220;224m▄[38;2;214;226;230m[48;2;209;220;224m▄[38;2;215;225;229m[48;2;209;220;224m▄[38;2;205;217;222m[48;2;215;226;231m▄[38;2;159;151;141m[48;2;191;203;208m▄[38;2;200;175;150m[48;2;168;155;139m▄[38;2;202;180;157m[48;2;210;185;160m▄[38;2;202;180;157m[48;2;203;181;158m▄[38;2;199;177;155m[48;2;201;179;156m▄[38;2;194;171;147m[48;2;205;182;159m▄[38;2;166;161;153m[48;2;198;173;149m▄[38;2;203;216;222m[48;2;170;158;144m▄[38;2;208;222;229m[48;2;170;179;182m▄[38;2;154;145;133m[48;2;155;146;134m▄[38;2;207;182;157m[48;2;207;183;158m▄[38;2;201;179;156m[48;2;201;179;156m▄[38;2;201;179;156m[48;2;201;179;156m▄[38;2;201;179;156m[48;2;202;180;157m▄[38;2;203;181;158m[48;2;203;181;158m▄[38;2;193;170;147m[48;2;205;182;159m▄[38;2;171;162;150m[48;2;204;179;153m▄[38;2;195;205;209m[48;2;169;153;136m▄[38;2;218;230;235m[48;2;182;190;193m▄[38;2;213;223;227m[48;2;214;226;230m▄[38;2;213;224;227m[48;2;209;220;224m▄[38;2;213;224;227m[48;2;209;220;224m▄[38;2;213;224;227m[48;2;209;220;224m▄[38;2;213;224;227m[48;2;209;220;224m▄[38;2;213;224;227m[48;2;209;220;224m▄[38;2;213;224;227m[48;2;209;220;224m▄[38;2;213;224;227m[48;2;209;220;224m▄[38;2;213;224;227m[48;2;209;220;224m▄[38;2;230;242;247m[48;2;226;238;243m▄[0m
[38;2;153;172;178m[48;2;178;193;198m▄[38;2;165;186;192m[48;2;191;209;214m▄[38;2;152;171;178m[48;2;176;192;197m▄[38;2;152;171;178m[48;2;176;192;197m▄[38;2;152;171;178m[48;2;176;192;197m▄[38;2;152;171;178m[48;2;176;192;196m▄[38;2;152;171;177m[48;2;181;197;203m▄[38;2;154;174;180m[48;2;169;187;199m▄[38;2;162;185;196m[48;2;147;156;149m▄[38;2;137;151;160m[48;2;141;137;104m▄[38;2;135;133;139m[48;2;181;152;117m▄[38;2;78;106;109m[48;2;142;137;138m▄[38;2;215;196;92m[48;2;133;140;117m▄[38;2;253;232;108m[48;2;172;167;115m▄[38;2;253;233;109m[48;2;173;162;116m▄[38;2;225;208;100m[48;2;126;126;108m▄[38;2;180;162;124m[48;2;137;150;145m▄[38;2;194;177;173m[48;2;155;174;181m▄[38;2;184;176;170m[48;2;171;192;200m▄[38;2;184;176;167m[48;2;171;191;198m▄[38;2;190;177;166m[48;2;167;188;194m▄[38;2;202;183;169m[48;2;165;185;192m▄[38;2;203;181;166m[48;2;165;184;190m▄[38;2;203;179;162m[48;2;167;184;190m▄[38;2;208;182;165m[48;2;170;178;179m▄[38;2;219;193;175m[48;2;175;165;156m▄[38;2;207;181;164m[48;2;187;181;174m▄[38;2;127;118;110m[48;2;155;157;156m▄[38;2;130;146;151m[48;2;169;184;189m▄[38;2;156;176;183m[48;2;182;200;205m▄[38;2;148;170;178m[48;2;146;160;164m▄[38;2;129;127;120m[48;2;167;147;127m▄[38;2;204;179;153m[48;2;211;187;163m▄[38;2;202;180;157m[48;2;201;179;156m▄[38;2;201;179;156m[48;2;205;183;159m▄[38;2;203;178;153m[48;2;183;161;139m▄[38;2;129;130;125m[48;2;130;129;123m▄[38;2;151;173;182m[48;2;172;191;199m▄[38;2;154;173;180m[48;2;183;200;205m▄[38;2;136;157;165m[48;2;162;179;186m▄[38;2;141;131;119m[48;2;146;136;124m▄[38;2;210;186;161m[48;2;209;184;160m▄[38;2;201;179;156m[48;2;201;179;156m▄[38;2;202;180;156m[48;2;201;179;156m▄[38;2;200;178;155m[48;2;200;178;156m▄[38;2;156;140;122m[48;2;212;186;160m▄[38;2;135;146;147m[48;2;138;130;120m▄[38;2;155;177;185m[48;2;162;182;190m▄[38;2;152;171;177m[48;2;182;199;204m▄[38;2;152;171;178m[48;2;176;192;197m▄[38;2;152;171;178m[48;2;176;192;197m▄[38;2;152;171;178m[48;2;176;192;197m▄[38;2;152;171;178m[48;2;176;192;197m▄[38;2;152;171;178m[48;2;176;192;197m▄[38;2;152;171;178m[48;2;176;192;197m▄[38;2;152;171;178m[48;2;176;192;197m▄[38;2;152;171;178m[48;2;176;192;197m▄[38;2;152;171;178m[48;2;176;192;197m▄[38;2;152;171;178m[48;2;176;192;197m▄[38;2;165;186;192m[48;2;191;209;214m▄[0m
[38;2;157;176;181m[48;2;157;176;181m▄[38;2;169;190;196m[48;2;169;190;196m▄[38;2;156;175;181m[48;2;156;175;181m▄[38;2;156;175;181m[48;2;156;175;181m▄[38;2;156;175;181m[48;2;156;175;181m▄[38;2;156;175;181m[48;2;156;175;181m▄[38;2;156;175;181m[48;2;156;175;181m▄[38;2;156;175;181m[48;2;156;175;181m▄[38;2;156;175;181m[48;2;159;179;185m▄[38;2;163;180;184m[48;2;144;155;156m▄[38;2;92;119;133m[48;2;47;89;121m▄[38;2;49;114;158m[48;2;101;134;130m▄[38;2;165;169;113m[48;2;235;208;92m▄[38;2;254;227;102m[48;2;214;197;101m▄[38;2;253;227;105m[48;2;224;207;103m▄[38;2;238;215;102m[48;2;174;160;92m▄[38;2;246;222;100m[48;2;198;174;147m▄[38;2;247;221;93m[48;2;239;210;167m▄[38;2;114;133;108m[48;2;227;195;160m▄[38;2;47;112;159m[48;2;202;177;161m▄[38;2;97;128;144m[48;2;215;191;174m▄[38;2;149;166;170m[48;2;196;182;171m▄[38;2;156;179;186m[48;2;177;173;166m▄[38;2;154;176;183m[48;2;165;169;168m▄[38;2;156;177;183m[48;2;155;168;171m▄[38;2;157;176;183m[48;2;147;166;172m▄[38;2;157;177;183m[48;2;147;165;171m▄[38;2;158;177;184m[48;2;148;166;172m▄[38;2;156;175;181m[48;2;157;177;183m▄[38;2;156;175;181m[48;2;156;175;181m▄[38;2;156;175;181m[48;2;161;182;188m▄[38;2;154;176;184m[48;2;127;144;150m▄[38;2;122;123;118m[48;2;160;143;125m▄[38;2;201;176;152m[48;2;210;186;162m▄[38;2;202;180;156m[48;2;201;179;156m▄[38;2;204;182;158m[48;2;210;186;161m▄[38;2;191;167;144m[48;2;151;139;124m▄[38;2;123;131;130m[48;2;138;159;166m▄[38;2;158;181;189m[48;2;162;181;188m▄[38;2;152;173;181m[48;2;138;158;166m▄[38;2;124;125;120m[48;2;144;132;118m▄[38;2;199;174;149m[48;2;213;188;163m▄[38;2;205;183;159m[48;2;201;179;156m▄[38;2;201;179;156m[48;2;201;179;156m▄[38;2;202;180;157m[48;2;209;185;160m▄[38;2;205;181;156m[48;2;150;137;122m▄[38;2;158;146;132m[48;2;132;153;160m▄[38;2;136;152;157m[48;2;161;182;189m▄[38;2;156;178;186m[48;2;156;175;181m▄[38;2;158;177;183m[48;2;156;175;181m▄[38;2;156;175;181m[48;2;156;175;181m▄[38;2;156;175;181m[48;2;156;175;181m▄[38;2;156;175;181m[48;2;156;175;181m▄[38;2;156;175;181m[48;2;156;175;181m▄[38;2;156;175;181m[48;2;156;175;181m▄[38;2;156;175;181m[48;2;156;175;181m▄[38;2;156;175;181m[48;2;156;175;181m▄[38;2;156;175;181m[48;2;156;175;181m▄[38;2;156;175;181m[48;2;156;175;181m▄[38;2;169;190;196m[48;2;169;190;196m▄[0m
[38;2;157;176;182m[48;2;157;176;181m▄[38;2;183;206;212m[48;2;169;190;196m▄[38;2;169;190;196m[48;2;156;175;181m▄[38;2;169;190;196m[48;2;156;175;181m▄[38;2;169;190;196m[48;2;156;175;181m▄[38;2;169;190;196m[48;2;156;175;181m▄[38;2;169;190;196m[48;2;156;175;181m▄[38;2;169;190;196m[48;2;156;175;181m▄[38;2;169;190;196m[48;2;156;175;181m▄[38;2;169;189;196m[48;2;159;178;184m▄[38;2;174;195;202m[48;2;154;168;170m▄[38;2;163;178;180m[48;2;74;110;132m▄[38;2;94;132;154m[48;2;50;122;175m▄[38;2;64;141;197m[48;2;103;142;145m▄[38;2;61;140;200m[48;2;153;165;122m▄[38;2;62;139;195m[48;2;179;182;119m▄[38;2;61;138;194m[48;2;185;185;116m▄[38;2;65;144;200m[48;2;120;143;124m▄[38;2;76;150;198m[48;2;59;127;176m▄[38;2;76;148;194m[48;2;70;142;188m▄[38;2;76;150;197m[48;2;61;130;175m▄[38;2;70;148;198m[48;2;81;122;146m▄[38;2;71;132;171m[48;2;140;156;160m▄[38;2;121;150;163m[48;2;165;181;185m▄[38;2;168;187;192m[48;2;157;176;182m▄[38;2;170;191;197m[48;2;156;175;181m▄[38;2;169;190;196m[48;2;156;175;181m▄[38;2;169;190;196m[48;2;156;175;181m▄[38;2;169;190;196m[48;2;156;175;181m▄[38;2;169;190;196m[48;2;156;175;181m▄[38;2;169;190;196m[48;2;156;175;181m▄[38;2;170;191;198m[48;2;162;183;189m▄[38;2;157;180;188m[48;2;124;138;143m▄[38;2;151;145;133m[48;2;167;148;128m▄[38;2;225;198;171m[48;2;208;185;161m▄[38;2;218;194;169m[48;2;201;179;156m▄[38;2;217;194;169m[48;2;208;185;161m▄[38;2;227;201;174m[48;2;169;151;131m▄[38;2;175;157;139m[48;2;128;143;146m▄[38;2;145;161;165m[48;2;163;185;193m▄[38;2;175;198;206m[48;2;145;166;174m▄[38;2;157;180;188m[48;2;133;129;121m▄[38;2;148;148;141m[48;2;200;175;150m▄[38;2;208;185;161m[48;2;206;183;159m▄[38;2;220;196;171m[48;2;200;178;156m▄[38;2;218;194;169m[48;2;202;180;157m▄[38;2;218;194;169m[48;2;209;183;158m▄[38;2;225;199;172m[48;2;176;157;137m▄[38;2;214;188;161m[48;2;138;144;142m▄[38;2;167;159;146m[48;2;148;170;178m▄[38;2;155;171;176m[48;2;159;179;186m▄[38;2;170;192;199m[48;2;156;175;181m▄[38;2;169;190;196m[48;2;156;175;181m▄[38;2;169;190;196m[48;2;156;175;181m▄[38;2;169;190;196m[48;2;156;175;181m▄[38;2;169;190;196m[48;2;156;175;181m▄[38;2;169;190;196m[48;2;156;175;181m▄[38;2;169;190;196m[48;2;156;175;181m▄[38;2;169;190;196m[48;2;156;175;181m▄[38;2;183;206;212m[48;2;169;190;196m▄[0m
