[38;2;209;222;225m[48;2;208;222;226m▄[38;2;245;255;255m[48;2;227;239;245m▄[38;2;226;238;243m[48;2;210;222;226m▄[38;2;226;238;243m[48;2;210;222;226m▄[38;2;226;238;243m[48;2;210;222;226m▄[38;2;226;238;243m[48;2;210;222;226m▄[38;2;226;238;243m[48;2;210;222;226m▄[38;2;226;238;243m[48;2;210;222;226m▄[38;2;226;238;243m[48;2;210;222;226m▄[38;2;226;238;243m[48;2;210;222;226m▄[38;2;226;238;243m[48;2;210;222;226m▄[38;2;226;238;243m[48;2;210;222;226m▄[38;2;226;238;243m[48;2;210;222;226m▄[38;2;226;238;243m[48;2;210;222;226m▄[38;2;226;238;243m[48;2;210;222;226m▄[38;2;226;238;243m[48;2;210;222;226m▄[38;2;226;238;243m[48;2;210;222;226m▄[38;2;226;238;243m[48;2;210;222;226m▄[38;2;226;238;243m[48;2;210;222;226m▄[38;2;226;238;243m[48;2;210;222;226m▄[38;2;226;238;243m[48;2;210;222;226m▄[38;2;226;238;243m[48;2;210;222;226m▄[38;2;226;238;243m[48;2;210;222;226m▄[38;2;226;238;243m[48;2;210;222;226m▄[38;2;226;238;243m[48;2;210;222;226m▄[38;2;226;238;243m[48;2;210;222;226m▄[38;2;226;238;243m[48;2;210;222;226m▄[38;2;226;238;243m[48;2;210;222;226m▄[38;2;226;238;243m[48;2;210;222;226m▄[38;2;226;238;243m[48;2;210;222;226m▄[38;2;226;238;243m[48;2;210;222;226m▄[38;2;226;238;243m[48;2;210;222;226m▄[38;2;226;238;243m[48;2;210;222;226m▄[38;2;226;238;243m[48;2;210;222;226m▄[38;2;226;238;243m[48;2;210;222;226m▄[38;2;226;238;242m[48;2;210;222;226m▄[38;2;233;247;253m[48;2;210;220;224m▄[38;2;218;235;243m[48;2;214;226;229m▄[38;2;171;165;152m[48;2;214;229;241m▄[38;2;187;150;110m[48;2;197;216;226m▄[38;2;194;146;96m[48;2;187;197;197m▄[38;2;196;148;97m[48;2;183;195;197m▄[38;2;198;151;101m[48;2;181;197;204m▄[38;2;198;163;125m[48;2;202;224;237m▄[38;2;190;188;179m[48;2;218;237;247m▄[38;2;224;239;247m[48;2;214;224;227m▄[38;2;228;240;245m[48;2;210;220;224m▄[38;2;226;238;243m[48;2;210;222;226m▄[38;2;226;238;243m[48;2;210;222;226m▄[38;2;226;238;243m[48;2;210;222;226m▄[38;2;226;238;243m[48;2;210;222;226m▄[38;2;226;238;243m[48;2;210;222;226m▄[38;2;226;238;243m[48;2;210;222;226m▄[38;2;226;238;243m[48;2;210;222;226m▄[38;2;226;238;243m[48;2;210;222;226m▄[38;2;226;238;243m[48;2;210;222;226m▄[38;2;226;238;243m[48;2;210;222;226m▄[38;2;226;238;243m[48;2;210;222;226m▄[38;2;226;238;243m[48;2;210;222;226m▄[38;2;245;255;255m[48;2;227;239;245m▄[0m
[38;2;210;221;225m[48;2;210;221;225m▄[38;2;226;238;243m[48;2;226;238;243m▄[38;2;209;220;224m[48;2;209;220;224m▄[38;2;209;220;224m[48;2;209;220;224m▄[38;2;209;220;224m[48;2;209;220;224m▄[38;2;209;220;224m[48;2;209;220;224m▄[38;2;209;220;224m[48;2;209;220;224m▄[38;2;209;220;224m[48;2;209;220;224m▄[38;2;209;220;224m[48;2;209;220;224m▄[38;2;209;220;224m[48;2;209;220;224m▄[38;2;209;220;224m[48;2;209;220;224m▄[38;2;209;220;224m[48;2;209;220;224m▄[38;2;209;220;224m[48;2;209;220;224m▄[38;2;209;220;224m[48;2;209;220;224m▄[38;2;209;220;224m[48;2;209;220;224m▄[38;2;209;220;224m[48;2;209;220;224m▄[38;2;209;220;224m[48;2;209;220;224m▄[38;2;209;220;224m[48;2;209;220;224m▄[38;2;209;220;224m[48;2;209;220;224m▄[38;2;209;220;224m[48;2;209;220;224m▄[38;2;209;220;224m[48;2;209;220;224m▄[38;2;209;220;224m[48;2;209;220;224m▄[38;2;209;220;224m[48;2;209;220;224m▄[38;2;209;220;224m[48;2;209;220;224m▄[38;2;209;220;224m[48;2;209;220;224m▄[38;2;209;220;224m[48;2;209;220;224m▄[38;2;209;220;224m[48;2;209;220;224m▄[38;2;209;220;224m[48;2;209;220;224m▄[38;2;209;220;224m[48;2;209;220;224m▄[38;2;209;220;224m[48;2;209;220;224m▄[38;2;209;220;224m[48;2;209;220;224m▄[38;2;209;220;224m[48;2;209;220;224m▄[38;2;209;220;224m[48;2;209;220;224m▄[38;2;209;220;224m[48;2;209;220;224m▄[38;2;210;221;225m[48;2;209;220;224m▄[38;2;207;222;230m[48;2;213;226;231m▄[38;2;142;128;106m[48;2;181;191;193m▄[38;2;167;118;64m[48;2;161;128;90m▄[38;2;186;161;132m[48;2;175;127;77m▄[38;2;178;161;138m[48;2;195;156;114m▄[38;2;203;181;155m[48;2;194;160;124m▄[38;2;200;179;151m[48;2;193;154;111m▄[38;2;219;192;161m[48;2;173;136;96m▄[38;2;223;197;166m[48;2;185;136;85m▄[38;2;179;125;69m[48;2;181;120;59m▄[38;2;157;122;86m[48;2;160;151;139m▄[38;2;199;215;224m[48;2;211;226;233m▄[38;2;211;222;226m[48;2;209;220;224m▄[38;2;209;220;224m[48;2;209;220;224m▄[38;2;209;220;224m[48;2;209;220;224m▄[38;2;209;220;224m[48;2;209;220;224m▄[38;2;209;220;224m[48;2;209;220;224m▄[38;2;209;220;224m[48;2;209;220;224m▄[38;2;209;220;224m[48;2;209;220;224m▄[38;2;209;220;224m[48;2;209;220;224m▄[38;2;209;220;224m[48;2;209;220;224m▄[38;2;209;220;224m[48;2;209;220;224m▄[38;2;209;220;224m[48;2;209;220;224m▄[38;2;209;220;224m[48;2;209;220;224m▄[38;2;226;238;243m[48;2;226;238;243m▄[0m
[38;2;210;221;225m[48;2;210;221;225m▄[38;2;226;238;243m[48;2;226;238;243m▄[38;2;209;220;224m[48;2;209;220;224m▄[38;2;209;220;224m[48;2;209;220;224m▄[38;2;209;220;224m[48;2;209;220;224m▄[38;2;209;220;224m[48;2;209;220;224m▄[38;2;209;220;224m[48;2;209;220;224m▄[38;2;209;220;224m[48;2;209;220;224m▄[38;2;209;220;224m[48;2;209;220;224m▄[38;2;209;220;224m[48;2;209;220;224m▄[38;2;209;220;224m[48;2;209;220;224m▄[38;2;209;220;224m[48;2;209;220;224m▄[38;2;209;220;224m[48;2;209;220;224m▄[38;2;209;220;224m[48;2;209;220;224m▄[38;2;209;220;224m[48;2;209;220;224m▄[38;2;209;220;224m[48;2;209;220;224m▄[38;2;209;220;224m[48;2;209;220;224m▄[38;2;209;220;224m[48;2;209;220;224m▄[38;2;209;220;224m[48;2;209;220;224m▄[38;2;209;220;224m[48;2;209;220;224m▄[38;2;209;220;224m[48;2;209;220;224m▄[38;2;209;220;224m[48;2;209;220;224m▄[38;2;209;220;224m[48;2;209;220;224m▄[38;2;209;220;224m[48;2;209;220;224m▄[38;2;209;220;224m[48;2;209;220;224m▄[38;2;209;220;224m[48;2;209;220;224m▄[38;2;209;220;224m[48;2;209;220;224m▄[38;2;209;220;224m[48;2;209;220;224m▄[38;2;209;220;224m[48;2;209;220;224m▄[38;2;209;220;224m[48;2;209;220;224m▄[38;2;209;220;224m[48;2;209;220;224m▄[38;2;209;220;224m[48;2;209;220;224m▄[38;2;209;220;224m[48;2;209;220;224m▄[38;2;209;220;224m[48;2;209;220;224m▄[38;2;209;220;224m[48;2;210;221;225m▄[38;2;218;232;237m[48;2;204;218;224m▄[38;2;142;152;150m[48;2;144;135;121m▄[38;2;192;164;133m[48;2;200;173;140m▄[38;2;255;227;185m[48;2;216;187;155m▄[38;2;251;217;177m[48;2;136;121;101m▄[38;2;241;208;169m[48;2;141;127;109m▄[38;2;255;224;183m[48;2;115;104;90m▄[38;2;243;211;172m[48;2;211;184;152m▄[38;2;164;144;115m[48;2;213;182;146m▄[38;2;176;178;173m[48;2;146;108;68m▄[38;2;209;224;232m[48;2;180;182;177m▄[38;2;210;221;224m[48;2;213;226;232m▄[38;2;209;220;224m[48;2;209;220;224m▄[38;2;209;220;224m[48;2;209;220;224m▄[38;2;209;220;224m[48;2;209;220;224m▄[38;2;209;220;224m[48;2;209;220;224m▄[38;2;209;220;224m[48;2;209;220;224m▄[38;2;209;220;224m[48;2;209;220;224m▄[38;2;209;220;224m[48;2;209;220;224m▄[38;2;209;220;224m[48;2;209;220;224m▄[38;2;209;220;224m[48;2;209;220;224m▄[38;2;209;220;224m[48;2;209;220;224m▄[38;2;209;220;224m[48;2;209;220;224m▄[38;2;209;220;224m[48;2;209;220;224m▄[38;2;226;238;243m[48;2;226;238;243m▄[0m
[38;2;210;221;225m[48;2;210;221;225m▄[38;2;226;238;243m[48;2;226;238;243m▄[38;2;209;220;224m[48;2;209;220;224m▄[38;2;209;220;224m[48;2;209;220;224m▄[38;2;209;220;224m[48;2;209;220;224m▄[38;2;209;220;224m[48;2;209;220;224m▄[38;2;209;220;224m[48;2;209;220;224m▄[38;2;209;220;224m[48;2;209;220;224m▄[38;2;209;220;224m[48;2;209;220;224m▄[38;2;209;220;224m[48;2;209;220;224m▄[38;2;209;220;224m[48;2;209;220;224m▄[38;2;209;220;224m[48;2;209;220;224m▄[38;2;209;220;224m[48;2;209;220;224m▄[38;2;209;220;224m[48;2;209;220;224m▄[38;2;209;220;224m[48;2;209;220;224m▄[38;2;209;220;224m[48;2;209;220;224m▄[38;2;209;220;224m[48;2;209;220;224m▄[38;2;209;220;224m[48;2;209;220;224m▄[38;2;209;220;224m[48;2;209;220;224m▄[38;2;209;220;224m[48;2;209;220;224m▄[38;2;209;220;224m[48;2;209;220;224m▄[38;2;209;220;224m[48;2;209;220;224m▄[38;2;209;220;224m[48;2;209;220;224m▄[38;2;209;220;224m[48;2;209;220;224m▄[38;2;209;220;224m[48;2;209;220;224m▄[38;2;209;220;224m[48;2;209;220;224m▄[38;2;209;220;224m[48;2;209;220;224m▄[38;2;209;220;224m[48;2;209;220;224m▄[38;2;209;220;224m[48;2;209;220;224m▄[38;2;210;220;224m[48;2;209;220;224m▄[38;2;213;234;237m[48;2;209;220;224m▄[38;2;199;226;229m[48;2;211;222;226m▄[38;2;185;183;187m[48;2;214;230;234m▄[38;2;178;129;137m[48;2;212;237;240m▄[38;2;186;85;97m[48;2;205;235;237m▄[38;2;165;43;58m[48;2;202;219;223m▄[38;2;181;8;27m[48;2;155;143;149m▄[38;2;207;186;151m[48;2;206;182;150m▄[38;2;255;228;186m[48;2;253;217;177m▄[38;2;251;225;183m[48;2;246;212;174m▄[38;2;243;221;180m[48;2;249;214;175m▄[38;2;220;155;133m[48;2;255;234;190m▄[38;2;191;40;52m[48;2;182;158;131m▄[38;2;176;33;51m[48;2;134;139;143m▄[38;2;191;84;97m[48;2;206;240;244m▄[38;2;181;147;154m[48;2;215;238;241m▄[38;2;191;209;211m[48;2;212;225;229m▄[38;2;206;236;238m[48;2;209;220;224m▄[38;2;213;233;236m[48;2;209;220;224m▄[38;2;210;220;224m[48;2;209;220;224m▄[38;2;209;220;224m[48;2;209;220;224m▄[38;2;209;220;224m[48;2;209;220;224m▄[38;2;209;220;224m[48;2;209;220;224m▄[38;2;209;220;224m[48;2;209;220;224m▄[38;2;209;220;224m[48;2;209;220;224m▄[38;2;209;220;224m[48;2;209;220;224m▄[38;2;209;220;224m[48;2;209;220;224m▄[38;2;209;220;224m[48;2;209;220;224m▄[38;2;209;220;224m[48;2;209;220;224m▄[38;2;226;238;243m[48;2;226;238;243m▄[0m
[38;2;210;221;225m[48;2;210;221;225m▄[38;2;226;238;243m[48;2;226;238;243m▄[38;2;209;220;224m[48;2;209;220;224m▄[38;2;209;220;224m[48;2;209;220;224m▄[38;2;209;220;224m[48;2;209;220;224m▄[38;2;209;220;224m[48;2;209;220;224m▄[38;2;209;220;224m[48;2;209;220;224m▄[38;2;209;220;224m[48;2;209;220;224m▄[38;2;209;220;224m[48;2;209;220;224m▄[38;2;209;220;224m[48;2;209;220;224m▄[38;2;209;220;224m[48;2;209;220;224m▄[38;2;209;220;224m[48;2;209;220;224m▄[38;2;209;220;224m[48;2;209;220;224m▄[38;2;209;220;224m[48;2;209;220;224m▄[38;2;209;220;224m[48;2;209;220;224m▄[38;2;209;220;224m[48;2;209;220;224m▄[38;2;209;220;224m[48;2;209;220;224m▄[38;2;209;220;224m[48;2;209;220;224m▄[38;2;209;220;224m[48;2;209;220;224m▄[38;2;209;220;224m[48;2;209;220;224m▄[38;2;209;220;224m[48;2;209;220;224m▄[38;2;209;220;224m[48;2;209;220;224m▄[38;2;209;220;224m[48;2;209;220;224m▄[38;2;209;220;224m[48;2;209;220;224m▄[38;2;209;220;224m[48;2;209;220;224m▄[38;2;209;220;224m[48;2;209;220;224m▄[38;2;209;220;224m[48;2;209;220;224m▄[38;2;209;219;223m[48;2;209;220;224m▄[38;2;216;234;238m[48;2;210;220;224m▄[38;2;167;166;170m[48;2;210;233;236m▄[38;2;193;3;24m[48;2;176;151;157m▄[38;2;239;3;30m[48;2;192;52;69m▄[38;2;229;15;40m[48;2;206;12;34m▄[38;2;226;17;41m[48;2;220;0;25m▄[38;2;226;17;41m[48;2;235;2;28m▄[38;2;221;18;41m[48;2;195;13;33m▄[38;2;208;19;41m[48;2;176;12;32m▄[38;2;224;8;34m[48;2;182;60;65m▄[38;2;158;27;41m[48;2;220;194;159m▄[38;2;213;10;36m[48;2;212;159;135m▄[38;2;212;6;32m[48;2;189;64;69m▄[38;2;196;19;39m[48;2;196;6;31m▄[38;2;223;18;41m[48;2;193;12;34m▄[38;2;228;17;41m[48;2;224;14;38m▄[38;2;225;17;41m[48;2;231;2;28m▄[38;2;227;17;41m[48;2;216;1;26m▄[38;2;231;11;37m[48;2;196;31;50m▄[38;2;231;0;26m[48;2;182;88;100m▄[38;2;192;0;21m[48;2;183;169;174m▄[38;2;166;159;164m[48;2;208;225;229m▄[38;2;216;234;237m[48;2;210;220;224m▄[38;2;209;220;224m[48;2;209;220;224m▄[38;2;209;220;224m[48;2;209;220;224m▄[38;2;209;220;224m[48;2;209;220;224m▄[38;2;209;220;224m[48;2;209;220;224m▄[38;2;209;220;224m[48;2;209;220;224m▄[38;2;209;220;224m[48;2;209;220;224m▄[38;2;209;220;224m[48;2;209;220;224m▄[38;2;209;220;224m[48;2;209;220;224m▄[38;2;226;238;243m[48;2;226;238;243m▄[0m
[38;2;210;221;225m[48;2;210;221;225m▄[38;2;226;238;243m[48;2;226;238;243m▄[38;2;209;220;224m[48;2;209;220;224m▄[38;2;209;220;224m[48;2;209;220;224m▄[38;2;209;220;224m[48;2;209;220;224m▄[38;2;209;220;224m[48;2;209;220;224m▄[38;2;209;220;224m[48;2;209;220;224m▄[38;2;209;220;224m[48;2;209;220;224m▄[38;2;209;220;224m[48;2;209;220;224m▄[38;2;209;220;224m[48;2;209;220;224m▄[38;2;209;220;224m[48;2;209;220;224m▄[38;2;209;220;224m[48;2;209;220;224m▄[38;2;209;220;224m[48;2;209;220;224m▄[38;2;209;220;224m[48;2;209;220;224m▄[38;2;209;220;224m[48;2;209;220;224m▄[38;2;209;220;224m[48;2;209;220;224m▄[38;2;209;220;224m[48;2;209;220;224m▄[38;2;209;220;224m[48;2;209;220;224m▄[38;2;209;220;224m[48;2;209;220;224m▄[38;2;209;220;224m[48;2;209;220;224m▄[38;2;209;220;224m[48;2;209;220;224m▄[38;2;209;220;224m[48;2;209;220;224m▄[38;2;209;220;224m[48;2;209;220;224m▄[38;2;209;220;224m[48;2;209;220;224m▄[38;2;209;220;224m[48;2;209;220;224m▄[38;2;209;220;224m[48;2;209;220;224m▄[38;2;209;219;223m[48;2;209;220;224m▄[38;2;217;238;242m[48;2;213;223;228m▄[38;2;154;143;146m[48;2;192;223;224m▄[38;2;204;1;23m[48;2;160;48;61m▄[38;2;234;17;43m[48;2;239;5;32m▄[38;2;150;22;37m[48;2;182;21;39m▄[38;2;218;18;40m[48;2;213;18;41m▄[38;2;226;17;41m[48;2;227;17;41m▄[38;2;225;17;41m[48;2;225;17;41m▄[38;2;225;17;41m[48;2;226;17;41m▄[38;2;225;17;41m[48;2;229;17;41m▄[38;2;225;17;41m[48;2;224;17;41m▄[38;2;227;17;41m[48;2;217;15;39m▄[38;2;225;17;41m[48;2;226;16;40m▄[38;2;225;17;41m[48;2;228;17;41m▄[38;2;225;17;41m[48;2;230;17;41m▄[38;2;230;17;41m[48;2;226;17;41m▄[38;2;191;20;39m[48;2;225;17;41m▄[38;2;212;18;41m[48;2;223;17;41m▄[38;2;227;17;41m[48;2;225;17;41m▄[38;2;225;17;41m[48;2;225;17;41m▄[38;2;225;17;41m[48;2;226;17;41m▄[38;2;230;5;31m[48;2;222;0;24m▄[38;2;161;72;83m[48;2;158;105;113m▄[38;2;201;230;232m[48;2;211;236;239m▄[38;2;210;221;225m[48;2;209;220;224m▄[38;2;209;220;224m[48;2;209;220;224m▄[38;2;209;220;224m[48;2;209;220;224m▄[38;2;209;220;224m[48;2;209;220;224m▄[38;2;209;220;224m[48;2;209;220;224m▄[38;2;209;220;224m[48;2;209;220;224m▄[38;2;209;220;224m[48;2;209;220;224m▄[38;2;209;220;224m[48;2;209;220;224m▄[38;2;226;238;243m[48;2;226;238;243m▄[0m
[38;2;210;221;225m[48;2;210;221;225m▄[38;2;226;238;243m[48;2;226;238;243m▄[38;2;209;220;224m[48;2;209;220;224m▄[38;2;209;220;224m[48;2;209;220;224m▄[38;2;209;220;224m[48;2;209;220;224m▄[38;2;209;220;224m[48;2;209;220;224m▄[38;2;209;220;224m[48;2;209;220;224m▄[38;2;209;220;224m[48;2;209;220;224m▄[38;2;209;220;224m[48;2;209;220;224m▄[38;2;209;220;224m[48;2;209;220;224m▄[38;2;209;220;224m[48;2;209;220;224m▄[38;2;209;220;224m[48;2;209;220;224m▄[38;2;209;220;224m[48;2;209;220;224m▄[38;2;209;220;224m[48;2;209;220;224m▄[38;2;209;220;224m[48;2;209;220;224m▄[38;2;209;220;224m[48;2;209;220;224m▄[38;2;209;220;224m[48;2;209;220;224m▄[38;2;209;220;224m[48;2;209;220;224m▄[38;2;209;220;224m[48;2;209;220;224m▄[38;2;209;220;224m[48;2;209;220;224m▄[38;2;209;220;224m[48;2;209;220;224m▄[38;2;209;220;224m[48;2;209;220;224m▄[38;2;209;220;224m[48;2;209;220;224m▄[38;2;209;220;224m[48;2;209;220;224m▄[38;2;209;220;224m[48;2;209;220;224m▄[38;2;209;220;224m[48;2;209;220;224m▄[38;2;215;234;238m[48;2;213;225;229m▄[38;2;154;131;136m[48;2;188;209;211m▄[38;2;190;7;26m[48;2;170;35;52m▄[38;2;213;14;38m[48;2;237;7;33m▄[38;2;221;6;33m[48;2;233;17;41m▄[38;2;174;12;30m[48;2;182;20;38m▄[38;2;179;18;36m[48;2;212;17;40m▄[38;2;234;17;42m[48;2;227;17;41m▄[38;2;225;17;41m[48;2;225;17;41m▄[38;2;225;17;41m[48;2;225;17;41m▄[38;2;225;17;41m[48;2;225;17;41m▄[38;2;225;17;41m[48;2;225;17;41m▄[38;2;225;17;41m[48;2;225;17;41m▄[38;2;225;17;41m[48;2;225;17;41m▄[38;2;225;17;41m[48;2;225;17;41m▄[38;2;226;17;41m[48;2;225;17;41m▄[38;2;218;18;41m[48;2;227;17;42m▄[38;2;178;21;39m[48;2;177;21;38m▄[38;2;230;17;41m[48;2;223;17;41m▄[38;2;225;17;41m[48;2;225;17;41m▄[38;2;225;17;41m[48;2;225;17;41m▄[38;2;225;17;41m[48;2;225;17;41m▄[38;2;231;5;31m[48;2;232;6;33m▄[38;2;160;70;81m[48;2;157;59;72m▄[38;2;200;229;231m[48;2;197;225;227m▄[38;2;210;221;225m[48;2;210;222;225m▄[38;2;209;220;224m[48;2;209;220;224m▄[38;2;209;220;224m[48;2;209;220;224m▄[38;2;209;220;224m[48;2;209;220;224m▄[38;2;209;220;224m[48;2;209;220;224m▄[38;2;209;220;224m[48;2;209;220;224m▄[38;2;209;220;224m[48;2;209;220;224m▄[38;2;209;220;224m[48;2;209;220;224m▄[38;2;226;238;243m[48;2;226;238;243m▄[0m
[38;2;210;221;225m[48;2;210;221;225m▄[38;2;226;238;243m[48;2;226;238;243m▄[38;2;209;220;224m[48;2;209;220;224m▄[38;2;209;220;224m[48;2;209;220;224m▄[38;2;209;220;224m[48;2;209;220;224m▄[38;2;209;220;224m[48;2;209;220;224m▄[38;2;209;220;224m[48;2;209;220;224m▄[38;2;209;220;224m[48;2;209;220;224m▄[38;2;209;220;224m[48;2;209;220;224m▄[38;2;209;220;224m[48;2;209;220;224m▄[38;2;209;220;224m[48;2;209;220;224m▄[38;2;209;220;224m[48;2;209;220;224m▄[38;2;209;220;224m[48;2;209;220;224m▄[38;2;209;220;224m[48;2;209;220;224m▄[38;2;209;220;224m[48;2;209;220;224m▄[38;2;209;220;224m[48;2;209;220;224m▄[38;2;209;220;224m[48;2;209;220;224m▄[38;2;215;228;236m[48;2;209;220;224m▄[38;2;197;211;221m[48;2;211;223;227m▄[38;2;183;187;177m[48;2;214;227;235m▄[38;2;182;177;149m[48;2;212;227;238m▄[38;2;179;171;136m[48;2;211;226;238m▄[38;2;174;168;136m[48;2;212;226;238m▄[38;2;175;173;154m[48;2;214;228;238m▄[38;2;183;191;192m[48;2;214;226;232m▄[38;2;205;219;232m[48;2;210;221;225m▄[38;2;221;235;243m[48;2;214;228;233m▄[38;2;169;176;176m[48;2;168;170;169m▄[38;2;222;192;154m[48;2;206;174;141m▄[38;2;255;228;186m[48;2;223;178;149m▄[38;2;237;210;167m[48;2;203;144;121m▄[38;2;185;204;198m[48;2;143;135;133m▄[38;2;169;148;156m[48;2;166;67;81m▄[38;2;207;2;25m[48;2;234;6;32m▄[38;2;230;17;41m[48;2;224;17;41m▄[38;2;225;17;41m[48;2;225;17;41m▄[38;2;225;17;41m[48;2;225;17;41m▄[38;2;225;17;41m[48;2;225;17;41m▄[38;2;225;17;41m[48;2;225;17;41m▄[38;2;225;17;41m[48;2;225;17;41m▄[38;2;225;17;41m[48;2;225;17;41m▄[38;2;226;17;41m[48;2;228;17;41m▄[38;2;221;18;41m[48;2;207;18;40m▄[38;2;187;11;33m[48;2;169;23;39m▄[38;2;174;55;61m[48;2;236;9;37m▄[38;2;214;95;92m[48;2;225;1;30m▄[38;2;206;81;82m[48;2;226;3;32m▄[38;2;206;84;81m[48;2;226;3;32m▄[38;2;169;85;90m[48;2;228;0;17m▄[38;2;185;180;187m[48;2;155;78;87m▄[38;2;211;226;230m[48;2;206;234;237m▄[38;2;209;220;224m[48;2;209;220;224m▄[38;2;209;220;224m[48;2;209;220;224m▄[38;2;209;220;224m[48;2;209;220;224m▄[38;2;209;220;224m[48;2;209;220;224m▄[38;2;209;220;224m[48;2;209;220;224m▄[38;2;209;220;224m[48;2;209;220;224m▄[38;2;209;220;224m[48;2;209;220;224m▄[38;2;209;220;224m[48;2;209;220;224m▄[38;2;226;238;243m[48;2;226;238;243m▄[0m
[38;2;210;221;225m[48;2;210;221;225m▄[38;2;226;238;243m[48;2;226;238;243m▄[38;2;209;220;224m[48;2;209;220;224m▄[38;2;209;220;224m[48;2;209;220;224m▄[38;2;209;220;224m[48;2;209;220;224m▄[38;2;209;220;224m[48;2;209;220;224m▄[38;2;209;220;224m[48;2;209;220;224m▄[38;2;209;220;224m[48;2;209;220;224m▄[38;2;209;220;224m[48;2;209;220;224m▄[38;2;209;220;224m[48;2;209;220;224m▄[38;2;209;220;224m[48;2;209;220;224m▄[38;2;209;220;224m[48;2;209;220;224m▄[38;2;209;220;224m[48;2;209;220;224m▄[38;2;209;220;224m[48;2;209;220;224m▄[38;2;209;220;224m[48;2;209;220;224m▄[38;2;215;227;233m[48;2;209;220;224m▄[38;2;173;183;188m[48;2;214;227;235m▄[38;2;158;128;49m[48;2;170;176;173m▄[38;2;214;170;52m[48;2;168;143;76m▄[38;2;208;168;61m[48;2;193;154;49m▄[38;2;205;166;61m[48;2;201;159;47m▄[38;2;206;167;61m[48;2;203;160;47m▄[38;2;208;168;57m[48;2;201;159;47m▄[38;2;211;170;60m[48;2;196;155;46m▄[38;2;212;170;55m[48;2;183;148;53m▄[38;2;206;161;39m[48;2;166;150;98m▄[38;2;159;130;48m[48;2;184;194;197m▄[38;2;181;192;197m[48;2;200;215;225m▄[38;2;171;177;179m[48;2;182;165;143m▄[38;2;220;187;150m[48;2;255;218;176m▄[38;2;255;221;178m[48;2;243;206;165m▄[38;2;174;162;145m[48;2;177;173;162m▄[38;2;188;219;225m[48;2;187;217;221m▄[38;2;165;58;72m[48;2;143;42;53m▄[38;2;203;10;32m[48;2;226;11;36m▄[38;2;201;19;39m[48;2;230;17;41m▄[38;2;225;17;41m[48;2;225;17;41m▄[38;2;226;17;41m[48;2;225;17;41m▄[38;2;226;17;41m[48;2;225;17;41m▄[38;2;230;12;38m[48;2;225;17;41m▄[38;2;222;0;29m[48;2;225;17;41m▄[38;2;201;17;38m[48;2;230;14;39m▄[38;2;191;84;83m[48;2;228;1;31m▄[38;2;213;175;146m[48;2;201;0;27m▄[38;2;251;230;186m[48;2;177;134;114m▄[38;2;241;224;181m[48;2;252;241;194m▄[38;2;215;177;147m[48;2;253;237;191m▄[38;2;170;73;68m[48;2;225;220;174m▄[38;2;165;154;159m[48;2;168;190;184m▄[38;2;217;234;237m[48;2;219;236;242m▄[38;2;209;220;224m[48;2;209;219;223m▄[38;2;209;220;224m[48;2;209;220;224m▄[38;2;209;220;224m[48;2;209;220;224m▄[38;2;209;220;224m[48;2;209;220;224m▄[38;2;209;220;224m[48;2;209;220;224m▄[38;2;209;220;224m[48;2;209;220;224m▄[38;2;209;220;224m[48;2;209;220;224m▄[38;2;209;220;224m[48;2;209;220;224m▄[38;2;209;220;224m[48;2;209;220;224m▄[38;2;226;238;243m[48;2;226;238;243m▄[0m
[38;2;210;221;225m[48;2;210;221;225m▄[38;2;226;238;243m[48;2;226;238;243m▄[38;2;209;220;224m[48;2;209;220;224m▄[38;2;209;220;224m[48;2;209;220;224m▄[38;2;209;220;224m[48;2;209;220;224m▄[38;2;209;220;224m[48;2;209;220;224m▄[38;2;209;220;224m[48;2;209;220;224m▄[38;2;209;220;224m[48;2;209;220;224m▄[38;2;209;220;224m[48;2;209;220;224m▄[38;2;209;220;224m[48;2;209;220;224m▄[38;2;209;220;224m[48;2;209;220;224m▄[38;2;209;220;224m[48;2;209;220;224m▄[38;2;209;220;224m[48;2;209;220;224m▄[38;2;209;220;225m[48;2;209;220;224m▄[38;2;216;227;232m[48;2;209;220;224m▄[38;2;226;235;237m[48;2;219;232;239m▄[38;2;185;199;213m[48;2;150;154;149m▄[38;2;145;126;72m[48;2;183;143;39m▄[38;2;206;163;50m[48;2;214;173;63m▄[38;2;200;157;51m[48;2;208;168;61m▄[38;2;200;161;65m[48;2;208;169;60m▄[38;2;176;145;75m[48;2;205;165;55m▄[38;2;212;185;170m[48;2;187;154;71m▄[38;2;225;196;176m[48;2;180;147;59m▄[38;2;214;185;169m[48;2;182;152;82m▄[38;2;164;158;157m[48;2;190;160;118m▄[38;2;191;203;212m[48;2;147;126;81m▄[38;2;214;227;232m[48;2;180;189;190m▄[38;2;216;231;236m[48;2;203;218;227m▄[38;2;168;178;181m[48;2;165;153;136m▄[38;2;206;177;146m[48;2;255;223;179m▄[38;2;237;205;167m[48;2;186;167;143m▄[38;2;140;143;139m[48;2;164;191;196m▄[38;2;171;84;82m[48;2;182;31;51m▄[38;2;212;77;79m[48;2;239;0;28m▄[38;2;211;36;52m[48;2;207;13;36m▄[38;2;207;38;53m[48;2;204;13;36m▄[38;2;196;54;62m[48;2;230;7;35m▄[38;2;203;128;113m[48;2;219;0;29m▄[38;2;228;214;173m[48;2;196;26;44m▄[38;2;239;236;189m[48;2;192;103;95m▄[38;2;223;185;153m[48;2;222;195;160m▄[38;2;201;106;98m[48;2;247;244;195m▄[38;2;202;37;52m[48;2;237;219;178m▄[38;2;217;0;28m[48;2;206;149;127m▄[38;2;233;0;27m[48;2;195;69;72m▄[38;2;233;2;31m[48;2;204;12;35m▄[38;2;224;0;25m[48;2;229;0;19m▄[38;2;135;62;71m[48;2;157;74;84m▄[38;2;195;220;222m[48;2;203;231;232m▄[38;2;212;223;227m[48;2;210;221;225m▄[38;2;209;220;224m[48;2;209;220;224m▄[38;2;209;220;224m[48;2;209;220;224m▄[38;2;209;220;224m[48;2;209;220;224m▄[38;2;209;220;224m[48;2;209;220;224m▄[38;2;209;220;224m[48;2;209;220;224m▄[38;2;209;220;224m[48;2;209;220;224m▄[38;2;209;220;224m[48;2;209;220;224m▄[38;2;209;220;224m[48;2;209;220;224m▄[38;2;226;238;243m[48;2;226;238;243m▄[0m
[38;2;210;221;225m[48;2;210;221;225m▄[38;2;226;238;243m[48;2;226;238;243m▄[38;2;209;220;224m[48;2;209;220;224m▄[38;2;209;220;224m[48;2;209;220;224m▄[38;2;209;220;224m[48;2;209;220;224m▄[38;2;209;220;224m[48;2;209;220;224m▄[38;2;209;220;224m[48;2;209;220;224m▄[38;2;209;220;224m[48;2;209;220;224m▄[38;2;209;220;224m[48;2;209;220;224m▄[38;2;209;220;224m[48;2;209;220;224m▄[38;2;209;220;224m[48;2;209;220;224m▄[38;2;212;223;227m[48;2;209;220;224m▄[38;2;203;217;228m[48;2;212;223;227m▄[38;2;184;179;138m[48;2;210;222;231m▄[38;2;110;127;100m[48;2;180;189;188m▄[38;2;41;105;150m[48;2;115;141;160m▄[38;2;145;148;94m[48;2;189;181;124m▄[38;2;101;143;148m[48;2;208;193;101m▄[38;2;46;121;181m[48;2;137;142;99m▄[38;2;120;146;129m[48;2;65;103;125m▄[38;2;231;215;105m[48;2;133;132;117m▄[38;2;237;218;105m[48;2;209;185;155m▄[38;2;203;186;99m[48;2;226;199;183m▄[38;2;168;167;134m[48;2;222;196;187m▄[38;2;192;207;212m[48;2;182;179;176m▄[38;2;209;228;234m[48;2;202;218;224m▄[38;2;214;194;202m[48;2;214;220;224m▄[38;2;214;195;203m[48;2;209;214;219m▄[38;2;218;220;226m[48;2;211;210;215m▄[38;2;185;190;193m[48;2;204;217;225m▄[38;2;174;153;128m[48;2;163;154;139m▄[38;2;144;147;141m[48;2;237;205;167m▄[38;2;170;135;123m[48;2;128;117;98m▄[38;2;168;140;121m[48;2;136;134;109m▄[38;2;138;127;108m[48;2;185;176;143m▄[38;2;155;141;119m[48;2;215;192;157m▄[38;2;178;146;126m[48;2;221;193;157m▄[38;2;173;124;111m[48;2;223;200;162m▄[38;2;167;101;94m[48;2;228;197;161m▄[38;2;177;72;74m[48;2;210;123;110m▄[38;2;182;81;82m[48;2;197;46;56m▄[38;2;186;107;101m[48;2;205;0;27m▄[38;2;185;129;117m[48;2;216;0;21m▄[38;2;185;148;131m[48;2;216;7;33m▄[38;2;187;168;145m[48;2;205;27;46m▄[38;2;192;184;157m[48;2;194;50;62m▄[38;2;204;197;168m[48;2;192;85;86m▄[38;2;173;164;139m[48;2;162;98;90m▄[38;2;167;176;178m[48;2;157;165;167m▄[38;2;217;229;234m[48;2;217;231;235m▄[38;2;209;220;224m[48;2;209;220;224m▄[38;2;209;220;224m[48;2;209;220;224m▄[38;2;209;220;224m[48;2;209;220;224m▄[38;2;209;220;224m[48;2;209;220;224m▄[38;2;209;220;224m[48;2;209;220;224m▄[38;2;209;220;224m[48;2;209;220;224m▄[38;2;209;220;224m[48;2;209;220;224m▄[38;2;209;220;224m[48;2;209;220;224m▄[38;2;209;220;224m[48;2;209;220;224m▄[38;2;226;238;243m[48;2;226;238;243m▄[0m
[38;2;213;225;228m[48;2;210;221;225m▄[38;2;230;242;247m[48;2;226;238;243m▄[38;2;213;224;227m[48;2;209;220;224m▄[38;2;213;224;227m[48;2;209;220;224m▄[38;2;213;224;227m[48;2;209;220;224m▄[38;2;213;224;227m[48;2;209;220;224m▄[38;2;213;224;227m[48;2;209;220;224m▄[38;2;213;224;227m[48;2;209;220;224m▄[38;2;213;224;227m[48;2;209;220;224m▄[38;2;213;224;227m[48;2;209;220;224m▄[38;2;217;229;233m[48;2;210;220;224m▄[38;2;185;194;198m[48;2;208;221;232m▄[38;2;198;173;146m[48;2;164;165;130m▄[38;2;179;162;120m[48;2;216;192;77m▄[38;2;54;116;157m[48;2;78;124;143m▄[38;2;69;140;187m[48;2;65;137;187m▄[38;2;68;137;183m[48;2;58;127;177m▄[38;2;61;136;190m[48;2;56;135;197m▄[38;2;90;122;125m[48;2;82;123;137m▄[38;2;239;210;93m[48;2;224;198;89m▄[38;2;208;192;99m[48;2;244;223;110m▄[38;2;219;201;101m[48;2;252;231;114m▄[38;2;206;189;100m[48;2;255;238;113m▄[38;2;193;172;144m[48;2;225;205;96m▄[38;2;241;208;191m[48;2;182;164;141m▄[38;2;229;195;172m[48;2;201;193;189m▄[38;2;231;196;174m[48;2;194;200;199m▄[38;2;229;196;174m[48;2;192;202;202m▄[38;2;217;189;170m[48;2;199;201;204m▄[38;2;211;189;174m[48;2;174;179;184m▄[38;2;217;192;175m[48;2;162;148;125m▄[38;2;203;177;160m[48;2;87;66;58m▄[38;2;108;93;84m[48;2;145;57;60m▄[38;2;195;130;118m[48;2;201;150;134m▄[38;2;208;155;138m[48;2;205;168;147m▄[38;2;203;173;151m[48;2;199;176;153m▄[38;2;208;186;160m[48;2;203;183;159m▄[38;2;182;161;137m[48;2;210;191;164m▄[38;2;174;176;173m[48;2;188;174;148m▄[38;2;171;183;190m[48;2;137;147;135m▄[38;2;163;146;127m[48;2;165;163;140m▄[38;2;210;186;160m[48;2;204;194;166m▄[38;2;201;179;155m[48;2;204;191;164m▄[38;2;201;179;155m[48;2;204;187;161m▄[38;2;201;179;155m[48;2;203;183;158m▄[38;2;201;179;155m[48;2;202;180;156m▄[38;2;207;184;159m[48;2;207;184;159m▄[38;2;168;149;128m[48;2;170;151;129m▄[38;2;170;179;181m[48;2;165;174;175m▄[38;2;221;233;237m[48;2;217;229;234m▄[38;2;213;224;227m[48;2;209;220;224m▄[38;2;213;224;227m[48;2;209;220;224m▄[38;2;213;224;227m[48;2;209;220;224m▄[38;2;213;224;227m[48;2;209;220;224m▄[38;2;213;224;227m[48;2;209;220;224m▄[38;2;213;224;227m[48;2;209;220;224m▄[38;2;213;224;227m[48;2;209;220;224m▄[38;2;213;224;227m[48;2;209;220;224m▄[38;2;213;224;227m[48;2;209;220;224m▄[38;2;230;242;247m[48;2;226;238;243m▄[0m
[38;2;153;172;178m[48;2;178;193;198m▄[38;2;165;186;192m[48;2;191;209;214m▄[38;2;152;171;178m[48;2;176;192;197m▄[38;2;152;171;178m[48;2;176;192;197m▄[38;2;152;171;178m[48;2;176;192;197m▄[38;2;152;171;178m[48;2;176;192;197m▄[38;2;152;171;178m[48;2;176;192;197m▄[38;2;152;171;178m[48;2;176;192;197m▄[38;2;152;171;178m[48;2;176;192;197m▄[38;2;152;171;178m[48;2;176;192;197m▄[38;2;155;175;181m[48;2;181;200;205m▄[38;2;132;152;158m[48;2;139;145;145m▄[38;2;179;154;136m[48;2;254;212;187m▄[38;2;106;126;137m[48;2;160;154;155m▄[38;2;56;125;171m[48;2;51;124;173m▄[38;2;65;128;170m[48;2;69;139;184m▄[38;2;65;128;169m[48;2;69;138;183m▄[38;2;65;127;168m[48;2;69;139;186m▄[38;2;64;127;169m[48;2;58;125;175m▄[38;2;52;120;171m[48;2;141;150;109m▄[38;2;88;134;148m[48;2;242;217;100m▄[38;2;124;157;140m[48;2;246;221;100m▄[38;2;82;103;104m[48;2;187;171;86m▄[38;2;146;163;170m[48;2;136;148;155m▄[38;2;153;174;180m[48;2;169;182;186m▄[38;2;141;160;166m[48;2;156;166;168m▄[38;2;130;147;153m[48;2;156;162;162m▄[38;2;141;162;168m[48;2;159;164;162m▄[38;2;156;181;191m[48;2;168;174;174m▄[38;2;119;129;130m[48;2;118;119;117m▄[38;2;173;154;131m[48;2;146;129;115m▄[38;2;204;192;164m[48;2;204;186;163m▄[38;2;213;134;123m[48;2;189;136;123m▄[38;2;209;142;129m[48;2;202;155;137m▄[38;2;209;192;163m[48;2;201;188;161m▄[38;2;162;147;128m[48;2;210;186;159m▄[38;2;132;146;150m[48;2;170;152;131m▄[38;2;156;178;186m[48;2;137;147;147m▄[38;2;159;180;186m[48;2;185;205;213m▄[38;2;119;137;143m[48;2;143;156;160m▄[38;2;141;126;109m[48;2;155;139;119m▄[38;2;213;189;163m[48;2;210;187;161m▄[38;2;201;179;155m[48;2;201;179;155m▄[38;2;201;179;155m[48;2;201;179;155m▄[38;2;201;179;155m[48;2;201;179;155m▄[38;2;205;182;158m[48;2;201;179;155m▄[38;2;201;176;149m[48;2;212;188;162m▄[38;2;128;127;120m[48;2;158;141;121m▄[38;2;147;169;176m[48;2;145;160;164m▄[38;2;153;172;178m[48;2;182;199;204m▄[38;2;152;171;178m[48;2;176;192;197m▄[38;2;152;171;178m[48;2;176;192;197m▄[38;2;152;171;178m[48;2;176;192;197m▄[38;2;152;171;178m[48;2;176;192;197m▄[38;2;152;171;178m[48;2;176;192;197m▄[38;2;152;171;178m[48;2;176;192;197m▄[38;2;152;171;178m[48;2;176;192;197m▄[38;2;152;171;178m[48;2;176;192;197m▄[38;2;152;171;178m[48;2;176;192;197m▄[38;2;165;186;192m[48;2;191;209;214m▄[0m
[38;2;157;176;181m[48;2;157;176;181m▄[38;2;169;190;196m[48;2;169;190;196m▄[38;2;156;175;181m[48;2;156;175;181m▄[38;2;156;175;181m[48;2;156;175;181m▄[38;2;156;175;181m[48;2;156;175;181m▄[38;2;156;175;181m[48;2;156;175;181m▄[38;2;156;175;181m[48;2;156;175;181m▄[38;2;156;175;181m[48;2;156;175;181m▄[38;2;156;175;181m[48;2;156;175;181m▄[38;2;156;175;181m[48;2;156;175;181m▄[38;2;159;178;184m[48;2;156;175;181m▄[38;2;148;162;164m[48;2;165;184;190m▄[38;2;66;110;138m[48;2;99;113;118m▄[38;2;66;141;190m[48;2;54;112;150m▄[38;2;69;137;183m[48;2;68;135;180m▄[38;2;68;137;183m[48;2;66;131;174m▄[38;2;68;137;183m[48;2;66;130;173m▄[38;2;68;137;183m[48;2;66;130;173m▄[38;2;68;136;181m[48;2;66;130;172m▄[38;2;62;120;157m[48;2;61;117;154m▄[38;2;64;125;165m[48;2;59;129;178m▄[38;2;57;121;163m[48;2;48;124;182m▄[38;2;103;118;123m[48;2;86;112;128m▄[38;2;167;185;190m[48;2;166;182;185m▄[38;2;157;176;182m[48;2;151;169;175m▄[38;2;157;176;183m[48;2;149;167;172m▄[38;2;163;183;190m[48;2;150;168;173m▄[38;2;126;142;147m[48;2;157;179;186m▄[38;2;158;141;121m[48;2;128;139;139m▄[38;2;212;188;161m[48;2;177;156;134m▄[38;2;201;179;155m[48;2;210;186;161m▄[38;2;201;179;155m[48;2;200;180;155m▄[38;2;206;186;160m[48;2;203;172;150m▄[38;2;178;158;134m[48;2;202;172;149m▄[38;2;116;129;132m[48;2;137;128;113m▄[38;2;163;185;192m[48;2;135;152;157m▄[38;2;158;177;183m[48;2;159;181;188m▄[38;2;158;180;188m[48;2;157;176;182m▄[38;2;134;146;148m[48;2;160;182;190m▄[38;2;123;111;96m[48;2;118;128;130m▄[38;2;156;139;120m[48;2;141;125;108m▄[38;2;200;178;155m[48;2;196;175;151m▄[38;2;202;180;156m[48;2;203;181;156m▄[38;2;203;181;156m[48;2;201;179;155m▄[38;2;205;180;154m[48;2;204;182;157m▄[38;2;137;131;119m[48;2;204;179;152m▄[38;2;142;162;170m[48;2;137;133;123m▄[38;2;160;180;187m[48;2;144;165;173m▄[38;2;156;175;181m[48;2;159;179;185m▄[38;2;156;175;181m[48;2;156;175;181m▄[38;2;156;175;181m[48;2;156;175;181m▄[38;2;156;175;181m[48;2;156;175;181m▄[38;2;156;175;181m[48;2;156;175;181m▄[38;2;156;175;181m[48;2;156;175;181m▄[38;2;156;175;181m[48;2;156;175;181m▄[38;2;156;175;181m[48;2;156;175;181m▄[38;2;156;175;181m[48;2;156;175;181m▄[38;2;156;175;181m[48;2;156;175;181m▄[38;2;156;175;181m[48;2;156;175;181m▄[38;2;169;190;196m[48;2;169;190;196m▄[0m
[38;2;157;176;182m[48;2;157;176;181m▄[38;2;183;206;212m[48;2;169;190;196m▄[38;2;169;190;196m[48;2;156;175;181m▄[38;2;169;190;196m[48;2;156;175;181m▄[38;2;169;190;196m[48;2;156;175;181m▄[38;2;169;190;196m[48;2;156;175;181m▄[38;2;169;190;196m[48;2;156;175;181m▄[38;2;169;190;196m[48;2;156;175;181m▄[38;2;169;190;196m[48;2;156;175;181m▄[38;2;169;190;196m[48;2;156;175;181m▄[38;2;176;196;202m[48;2;161;180;186m▄[38;2;134;152;158m[48;2;139;152;154m▄[38;2;64;126;166m[48;2;59;108;140m▄[38;2;71;143;190m[48;2;68;139;186m▄[38;2;66;126;165m[48;2;67;133;176m▄[38;2;62;113;146m[48;2;68;136;182m▄[38;2;70;138;181m[48;2;69;138;184m▄[38;2;74;149;197m[48;2;66;132;174m▄[38;2;74;149;199m[48;2;62;120;157m▄[38;2;74;149;199m[48;2;64;126;166m▄[38;2;74;147;196m[48;2;69;138;184m▄[38;2;74;149;198m[48;2;67;137;184m▄[38;2;69;146;198m[48;2;59;104;132m▄[38;2;75;121;149m[48;2;139;150;151m▄[38;2;150;169;175m[48;2;165;184;189m▄[38;2;174;195;203m[48;2;156;175;181m▄[38;2;139;151;152m[48;2;158;180;189m▄[38;2;191;170;147m[48;2;115;119;116m▄[38;2;225;200;173m[48;2;192;168;143m▄[38;2;217;194;168m[48;2;204;181;157m▄[38;2;218;194;168m[48;2;201;179;155m▄[38;2;219;195;169m[48;2;201;179;155m▄[38;2;213;187;159m[48;2;212;188;162m▄[38;2;132;134;130m[48;2;148;134;118m▄[38;2;170;194;203m[48;2;133;152;159m▄[38;2;160;180;188m[48;2;163;183;189m▄[38;2;143;143;137m[48;2;151;173;182m▄[38;2;204;179;152m[48;2;128;135;134m▄[38;2;226;200;172m[48;2;177;158;136m▄[38;2;220;196;170m[48;2;195;173;149m▄[38;2;221;197;170m[48;2;187;167;145m▄[38;2;219;195;169m[48;2;204;181;157m▄[38;2;212;188;161m[48;2;203;181;157m▄[38;2;148;138;123m[48;2;208;184;158m▄[38;2;145;164;170m[48;2;153;139;121m▄[38;2;172;195;202m[48;2;130;148;155m▄[38;2;169;189;196m[48;2;162;182;189m▄[38;2;169;190;196m[48;2;156;175;181m▄[38;2;169;190;196m[48;2;156;175;181m▄[38;2;169;190;196m[48;2;156;175;181m▄[38;2;169;190;196m[48;2;156;175;181m▄[38;2;169;190;196m[48;2;156;175;181m▄[38;2;169;190;196m[48;2;156;175;181m▄[38;2;169;190;196m[48;2;156;175;181m▄[38;2;169;190;196m[48;2;156;175;181m▄[38;2;169;190;196m[48;2;156;175;181m▄[38;2;169;190;196m[48;2;156;175;181m▄[38;2;169;190;196m[48;2;156;175;181m▄[38;2;169;190;196m[48;2;156;175;181m▄[38;2;183;206;212m[48;2;169;190;196m▄[0m
