[38;2;109;235;242m[48;2;120;226;233m▄[38;2;115;255;255m[48;2;123;251;254m▄[38;2;128;167;129m[48;2;110;235;241m▄[38;2;115;181;170m[48;2;106;232;249m▄[38;2;151;232;243m[48;2;100;232;243m▄[38;2;152;232;237m[48;2;104;232;239m▄[38;2;150;229;236m[48;2;98;232;239m▄[38;2;149;228;234m[48;2;95;232;241m▄[38;2;143;224;231m[48;2;93;232;241m▄[38;2;145;228;234m[48;2;93;230;241m▄[38;2;147;230;233m[48;2;93;230;239m▄[38;2;145;230;233m[48;2;89;230;237m▄[38;2;143;229;233m[48;2;87;232;237m▄[38;2;140;226;231m[48;2;89;230;235m▄[38;2;136;222;230m[48;2;87;228;239m▄[38;2;132;217;227m[48;2;85;230;241m▄[38;2;127;219;229m[48;2;83;230;241m▄[38;2;129;220;232m[48;2;81;232;245m▄[38;2;129;220;231m[48;2;79;234;245m▄[38;2;126;220;231m[48;2;81;232;241m▄[38;2;126;221;229m[48;2;81;230;239m▄[38;2;126;218;226m[48;2;85;232;241m▄[38;2;127;220;230m[48;2;83;228;239m▄[38;2;131;223;235m[48;2;81;228;241m▄[38;2;136;228;242m[48;2;78;226;241m▄[38;2;130;217;230m[48;2;81;226;241m▄[38;2;128;217;231m[48;2;79;222;239m▄[38;2;131;218;231m[48;2;78;222;239m▄[38;2;136;220;230m[48;2;78;222;237m▄[38;2;137;225;233m[48;2;74;220;234m▄[38;2;133;221;231m[48;2;72;222;234m▄[38;2;126;215;226m[48;2;72;220;234m▄[38;2;124;216;226m[48;2;72;222;234m▄[38;2;122;217;227m[48;2;66;220;232m▄[38;2;124;215;225m[48;2;70;220;230m▄[38;2;119;210;220m[48;2;72;220;232m▄[38;2;116;211;220m[48;2;72;220;232m▄[38;2;114;211;221m[48;2;72;222;234m▄[38;2;117;212;221m[48;2;74;222;234m▄[38;2;119;213;222m[48;2;76;220;232m▄[38;2;115;214;224m[48;2;74;218;234m▄[38;2;117;216;225m[48;2;72;218;234m▄[38;2;119;218;227m[48;2;76;218;232m▄[38;2;123;217;226m[48;2;76;220;234m▄[38;2;123;221;231m[48;2;76;222;234m▄[38;2;122;203;207m[48;2;70;218;230m▄[38;2;160;171;122m[48;2;78;201;201m▄[38;2;101;199;196m[48;2;81;220;234m▄[38;2;97;247;255m[48;2;93;224;234m▄[38;2;103;246;251m[48;2;93;226;232m▄[38;2;102;248;252m[48;2;93;228;230m▄[38;2;106;251;251m[48;2;97;230;228m▄[38;2;107;251;250m[48;2;97;234;228m▄[38;2;103;250;250m[48;2;97;234;230m▄[38;2;102;248;249m[48;2;95;232;232m▄[38;2;75;216;229m[48;2;72;207;216m▄[38;2;120;233;251m[48;2;116;222;237m▄[38;2;100;157;166m[48;2;81;138;146m▄[38;2;40;103;113m[48;2;20;79;85m▄[38;2;43;117;127m[48;2;32;100;108m▄[0m
[38;2;82;176;189m[48;2;103;240;251m▄[38;2;102;179;189m[48;2;120;240;248m▄[38;2;248;248;250m[48;2;157;165;166m▄[38;2;255;255;255m[48;2;183;178;177m▄[38;2;255;255;255m[48;2;255;251;251m▄[38;2;255;255;255m[48;2;255;252;252m▄[38;2;255;255;255m[48;2;255;252;251m▄[38;2;255;255;255m[48;2;255;252;251m▄[38;2;255;255;255m[48;2;255;250;250m▄[38;2;255;255;255m[48;2;255;251;250m▄[38;2;255;255;255m[48;2;255;252;251m▄[38;2;255;255;255m[48;2;255;252;252m▄[38;2;255;255;255m[48;2;255;252;252m▄[38;2;255;255;255m[48;2;255;252;251m▄[38;2;255;255;255m[48;2;255;250;250m▄[38;2;255;255;255m[48;2;255;249;248m▄[38;2;255;255;255m[48;2;255;248;248m▄[38;2;255;255;255m[48;2;255;248;248m▄[38;2;255;255;255m[48;2;255;248;247m▄[38;2;255;255;255m[48;2;255;248;248m▄[38;2;255;255;255m[48;2;255;248;247m▄[38;2;255;255;255m[48;2;255;247;246m▄[38;2;255;255;255m[48;2;255;248;248m▄[38;2;255;255;255m[48;2;255;250;249m▄[38;2;255;255;255m[48;2;255;252;251m▄[38;2;255;255;255m[48;2;255;248;247m▄[38;2;255;255;255m[48;2;255;249;248m▄[38;2;255;255;255m[48;2;255;250;249m▄[38;2;255;255;255m[48;2;255;250;249m▄[38;2;255;255;255m[48;2;255;252;251m▄[38;2;255;255;255m[48;2;255;252;251m▄[38;2;255;255;255m[48;2;255;250;249m▄[38;2;255;255;255m[48;2;255;250;249m▄[38;2;255;255;255m[48;2;255;250;249m▄[38;2;255;255;255m[48;2;255;249;249m▄[38;2;255;255;255m[48;2;255;247;247m▄[38;2;255;255;255m[48;2;255;247;247m▄[38;2;255;255;255m[48;2;255;247;246m▄[38;2;255;255;255m[48;2;255;246;246m▄[38;2;255;255;255m[48;2;254;247;246m▄[38;2;255;255;255m[48;2;255;247;246m▄[38;2;255;255;255m[48;2;255;248;247m▄[38;2;255;255;255m[48;2;255;248;247m▄[38;2;255;255;255m[48;2;255;248;247m▄[38;2;255;255;255m[48;2;255;247;247m▄[38;2;255;255;255m[48;2;255;247;246m▄[38;2;255;255;255m[48;2;251;245;244m▄[38;2;164;174;178m[48;2;168;209;211m▄[38;2;40;65;71m[48;2;92;220;226m▄[38;2;43;79;88m[48;2;109;230;235m▄[38;2;41;77;85m[48;2;101;228;237m▄[38;2;41;75;84m[48;2;103;229;238m▄[38;2;42;74;83m[48;2;103;229;238m▄[38;2;40;72;83m[48;2;103;228;238m▄[38;2;38;71;82m[48;2;107;230;238m▄[38;2;38;66;74m[48;2;100;218;230m▄[38;2;49;87;95m[48;2;113;213;225m▄[38;2;88;181;193m[48;2;101;167;178m▄[38;2;95;221;235m[48;2;78;183;198m▄[38;2;93;228;243m[48;2;76;187;200m▄[0m
[38;2;63;172;185m[48;2;5;33;45m▄[38;2;81;174;184m[48;2;31;60;68m▄[38;2;237;238;238m[48;2;241;241;241m▄[38;2;255;255;255m[48;2;255;255;255m▄[38;2;255;255;255m[48;2;255;255;255m▄[38;2;255;255;255m[48;2;255;255;255m▄[38;2;255;255;255m[48;2;255;255;255m▄[38;2;255;255;255m[48;2;255;255;255m▄[38;2;255;255;255m[48;2;255;255;255m▄[38;2;255;255;255m[48;2;255;255;255m▄[38;2;255;255;255m[48;2;255;255;255m▄[38;2;255;255;255m[48;2;255;255;255m▄[38;2;255;255;255m[48;2;255;255;255m▄[38;2;255;255;255m[48;2;255;255;255m▄[38;2;255;255;255m[48;2;255;255;255m▄[38;2;255;255;255m[48;2;255;255;255m▄[38;2;255;255;255m[48;2;255;255;255m▄[38;2;255;255;255m[48;2;255;255;255m▄[38;2;255;255;255m[48;2;255;255;255m▄[38;2;255;255;255m[48;2;255;255;255m▄[38;2;255;255;255m[48;2;255;255;255m▄[38;2;255;255;255m[48;2;255;255;255m▄[38;2;255;255;255m[48;2;255;255;255m▄[38;2;255;255;255m[48;2;255;255;255m▄[38;2;255;255;255m[48;2;255;255;255m▄[38;2;255;255;255m[48;2;255;255;255m▄[38;2;255;255;255m[48;2;255;255;255m▄[38;2;255;255;255m[48;2;255;255;255m▄[38;2;255;255;255m[48;2;255;255;255m▄[38;2;255;255;255m[48;2;255;255;255m▄[38;2;255;255;255m[48;2;255;255;255m▄[38;2;255;255;255m[48;2;255;255;255m▄[38;2;255;255;255m[48;2;255;255;255m▄[38;2;255;255;255m[48;2;255;255;255m▄[38;2;255;255;255m[48;2;255;255;255m▄[38;2;255;255;255m[48;2;255;255;254m▄[38;2;255;255;254m[48;2;255;255;254m▄[38;2;255;255;255m[48;2;255;255;255m▄[38;2;255;255;255m[48;2;255;255;255m▄[38;2;255;255;255m[48;2;255;255;255m▄[38;2;255;255;255m[48;2;255;255;255m▄[38;2;255;255;255m[48;2;255;255;255m▄[38;2;255;255;255m[48;2;255;255;255m▄[38;2;255;255;255m[48;2;255;255;255m▄[38;2;255;255;255m[48;2;255;255;255m▄[38;2;255;255;255m[48;2;255;255;255m▄[38;2;255;255;255m[48;2;255;255;255m▄[38;2;171;206;208m[48;2;147;166;169m▄[38;2;75;194;207m[48;2;19;85;93m▄[38;2;88;208;220m[48;2;36;106;116m▄[38;2;81;207;220m[48;2;36;107;117m▄[38;2;81;208;222m[48;2;37;107;118m▄[38;2;81;210;224m[48;2;36;109;119m▄[38;2;82;210;224m[48;2;36;113;122m▄[38;2;82;210;223m[48;2;38;115;123m▄[38;2;83;211;225m[48;2;46;126;133m▄[38;2;80;206;221m[48;2;72;178;191m▄[38;2;77;198;212m[48;2;86;214;230m▄[38;2;79;196;214m[48;2;81;206;219m▄[38;2;84;212;232m[48;2;88;223;237m▄[0m
[38;2;78;187;210m[48;2;91;223;238m▄[38;2;71;187;207m[48;2;97;217;229m▄[38;2;212;225;228m[48;2;229;234;236m▄[38;2;255;255;255m[48;2;255;255;255m▄[38;2;255;255;255m[48;2;255;255;255m▄[38;2;255;255;255m[48;2;255;255;255m▄[38;2;255;255;255m[48;2;255;255;255m▄[38;2;255;255;255m[48;2;255;255;255m▄[38;2;255;255;255m[48;2;255;255;255m▄[38;2;255;255;255m[48;2;255;255;255m▄[38;2;255;255;255m[48;2;255;255;255m▄[38;2;255;255;255m[48;2;255;255;255m▄[38;2;255;255;255m[48;2;255;255;255m▄[38;2;255;255;255m[48;2;255;255;255m▄[38;2;255;255;255m[48;2;255;255;255m▄[38;2;255;255;255m[48;2;255;255;255m▄[38;2;255;255;255m[48;2;255;255;255m▄[38;2;255;255;255m[48;2;255;255;255m▄[38;2;255;255;255m[48;2;255;255;255m▄[38;2;255;255;255m[48;2;255;255;255m▄[38;2;255;255;255m[48;2;255;255;255m▄[38;2;255;255;255m[48;2;255;255;255m▄[38;2;255;255;255m[48;2;255;255;255m▄[38;2;255;255;255m[48;2;255;255;255m▄[38;2;255;255;255m[48;2;255;255;255m▄[38;2;255;255;255m[48;2;255;255;255m▄[38;2;255;255;255m[48;2;255;255;255m▄[38;2;255;255;255m[48;2;255;255;255m▄[38;2;255;255;255m[48;2;255;255;255m▄[38;2;255;255;255m[48;2;255;255;255m▄[38;2;255;255;255m[48;2;255;255;255m▄[38;2;255;255;255m[48;2;255;255;255m▄[38;2;255;255;255m[48;2;255;255;255m▄[38;2;255;255;255m[48;2;255;255;255m▄[38;2;255;255;255m[48;2;255;255;255m▄[38;2;255;255;255m[48;2;255;255;255m▄[38;2;255;255;255m[48;2;255;255;255m▄[38;2;255;255;255m[48;2;255;255;255m▄[38;2;255;255;255m[48;2;255;255;255m▄[38;2;255;255;255m[48;2;255;255;255m▄[38;2;255;255;255m[48;2;255;255;255m▄[38;2;255;255;255m[48;2;255;255;255m▄[38;2;255;255;255m[48;2;255;255;255m▄[38;2;255;255;255m[48;2;255;255;255m▄[38;2;255;255;255m[48;2;255;255;255m▄[38;2;255;255;255m[48;2;255;255;255m▄[38;2;255;255;255m[48;2;255;255;255m▄[38;2;191;214;216m[48;2;187;220;222m▄[38;2;64;176;194m[48;2;78;205;220m▄[38;2;77;191;212m[48;2;91;218;230m▄[38;2;73;188;207m[48;2;87;215;227m▄[38;2;74;187;204m[48;2;87;214;225m▄[38;2;73;185;202m[48;2;84;213;226m▄[38;2;73;182;201m[48;2;84;213;225m▄[38;2;72;183;201m[48;2;83;212;224m▄[38;2;73;182;201m[48;2;82;208;223m▄[38;2;68;180;200m[48;2;82;203;221m▄[38;2;66;175;196m[48;2;79;197;217m▄[38;2;66;173;192m[48;2;77;195;214m▄[38;2;72;185;206m[48;2;81;209;228m▄[0m
[38;2;33;101;108m[48;2;50;133;146m▄[38;2;22;92;103m[48;2;36;129;141m▄[38;2;175;189;191m[48;2;191;205;208m▄[38;2;255;255;255m[48;2;255;255;255m▄[38;2;255;255;255m[48;2;255;255;255m▄[38;2;255;255;255m[48;2;255;255;255m▄[38;2;255;255;255m[48;2;255;255;255m▄[38;2;255;255;255m[48;2;255;255;255m▄[38;2;255;255;255m[48;2;255;255;255m▄[38;2;255;255;255m[48;2;255;255;255m▄[38;2;255;255;255m[48;2;255;255;255m▄[38;2;255;255;255m[48;2;255;255;255m▄[38;2;255;255;255m[48;2;255;255;255m▄[38;2;255;255;255m[48;2;255;255;255m▄[38;2;255;255;255m[48;2;255;255;255m▄[38;2;255;255;255m[48;2;255;255;255m▄[38;2;255;255;255m[48;2;255;255;255m▄[38;2;255;255;255m[48;2;255;255;255m▄[38;2;255;255;255m[48;2;255;255;255m▄[38;2;255;255;255m[48;2;255;255;255m▄[38;2;255;255;255m[48;2;255;255;255m▄[38;2;255;255;255m[48;2;255;255;255m▄[38;2;255;255;255m[48;2;255;255;255m▄[38;2;255;255;255m[48;2;255;255;255m▄[38;2;255;255;255m[48;2;255;255;255m▄[38;2;255;255;255m[48;2;255;255;255m▄[38;2;255;255;255m[48;2;255;255;255m▄[38;2;255;255;255m[48;2;255;255;255m▄[38;2;255;255;255m[48;2;255;255;255m▄[38;2;255;255;255m[48;2;255;255;255m▄[38;2;255;255;255m[48;2;255;255;255m▄[38;2;255;255;255m[48;2;255;255;255m▄[38;2;255;255;255m[48;2;255;255;255m▄[38;2;255;255;255m[48;2;255;255;255m▄[38;2;255;255;255m[48;2;255;255;255m▄[38;2;255;255;255m[48;2;255;255;255m▄[38;2;255;255;255m[48;2;255;255;255m▄[38;2;255;255;255m[48;2;255;255;255m▄[38;2;255;255;255m[48;2;255;255;255m▄[38;2;255;255;255m[48;2;255;255;255m▄[38;2;255;255;255m[48;2;255;255;255m▄[38;2;255;255;255m[48;2;255;255;255m▄[38;2;255;255;255m[48;2;255;255;255m▄[38;2;255;255;255m[48;2;255;255;255m▄[38;2;255;255;255m[48;2;255;255;255m▄[38;2;255;255;255m[48;2;255;255;255m▄[38;2;255;255;255m[48;2;255;255;255m▄[38;2;161;185;191m[48;2;176;191;193m▄[38;2;35;108;126m[48;2;14;85;91m▄[38;2;52;124;140m[48;2;31;102;107m▄[38;2;50;123;141m[48;2;29;100;106m▄[38;2;52;126;145m[48;2;31;98;108m▄[38;2;51;127;146m[48;2;32;96;106m▄[38;2;48;127;146m[48;2;28;96;107m▄[38;2;49;125;144m[48;2;27;95;106m▄[38;2;48;128;146m[48;2;25;94;106m▄[38;2;46;130;149m[48;2;25;95;105m▄[38;2;49;127;145m[48;2;26;93;104m▄[38;2;50;124;141m[48;2;28;90;101m▄[38;2;58;136;156m[48;2;31;94;107m▄[0m
[38;2;69;176;202m[48;2;71;176;198m▄[38;2;55;175;198m[48;2;63;175;194m▄[38;2;172;203;206m[48;2;176;203;205m▄[38;2;255;255;255m[48;2;255;255;255m▄[38;2;255;255;255m[48;2;255;255;255m▄[38;2;255;255;255m[48;2;255;255;255m▄[38;2;255;255;255m[48;2;255;255;255m▄[38;2;255;255;255m[48;2;255;255;255m▄[38;2;255;255;255m[48;2;255;255;255m▄[38;2;255;255;255m[48;2;255;255;255m▄[38;2;255;255;255m[48;2;255;255;255m▄[38;2;255;255;255m[48;2;255;255;255m▄[38;2;255;255;255m[48;2;255;255;255m▄[38;2;255;255;255m[48;2;255;255;255m▄[38;2;255;255;255m[48;2;255;255;255m▄[38;2;255;255;255m[48;2;255;255;255m▄[38;2;255;255;255m[48;2;255;255;255m▄[38;2;255;255;255m[48;2;255;255;255m▄[38;2;255;255;255m[48;2;255;255;255m▄[38;2;255;255;255m[48;2;255;255;255m▄[38;2;255;255;255m[48;2;255;255;255m▄[38;2;255;255;255m[48;2;255;255;255m▄[38;2;255;255;255m[48;2;254;253;254m▄[38;2;248;248;248m[48;2;223;222;223m▄[38;2;224;224;225m[48;2;227;229;230m▄[38;2;212;211;211m[48;2;252;252;252m▄[38;2;229;230;230m[48;2;255;255;255m▄[38;2;255;255;255m[48;2;255;255;255m▄[38;2;255;255;255m[48;2;255;255;255m▄[38;2;255;255;255m[48;2;255;255;255m▄[38;2;255;255;255m[48;2;255;255;255m▄[38;2;255;255;255m[48;2;255;255;255m▄[38;2;255;255;255m[48;2;255;255;255m▄[38;2;255;255;255m[48;2;255;255;255m▄[38;2;255;255;255m[48;2;255;255;255m▄[38;2;255;255;255m[48;2;255;255;255m▄[38;2;255;255;255m[48;2;255;255;255m▄[38;2;255;255;255m[48;2;255;255;255m▄[38;2;255;255;255m[48;2;255;255;255m▄[38;2;255;255;255m[48;2;255;255;255m▄[38;2;255;255;255m[48;2;255;255;255m▄[38;2;249;255;254m[48;2;255;255;255m▄[38;2;244;242;243m[48;2;255;255;255m▄[38;2;240;228;233m[48;2;255;255;255m▄[38;2;237;217;226m[48;2;255;255;255m▄[38;2;236;211;222m[48;2;255;255;255m▄[38;2;239;215;225m[48;2;255;255;255m▄[38;2;141;160;172m[48;2;146;187;195m▄[38;2;53;138;161m[48;2;47;155;180m▄[38;2;52;149;171m[48;2;65;167;190m▄[38;2;41;155;177m[48;2;59;162;187m▄[38;2;49;157;180m[48;2;61;159;184m▄[38;2;56;155;180m[48;2;62;157;184m▄[38;2;56;152;178m[48;2;60;159;184m▄[38;2;55;151;177m[48;2;59;158;181m▄[38;2;55;152;177m[48;2;58;159;182m▄[38;2;54;155;180m[48;2;58;159;182m▄[38;2;58;158;182m[48;2;57;157;180m▄[38;2;57;160;183m[48;2;55;157;178m▄[38;2;59;174;200m[48;2;58;171;196m▄[0m
[38;2;67;157;185m[48;2;82;187;215m▄[38;2;49;161;187m[48;2;71;189;213m▄[38;2;178;208;214m[48;2;178;207;212m▄[38;2;255;255;255m[48;2;255;255;255m▄[38;2;255;255;255m[48;2;255;255;255m▄[38;2;255;255;255m[48;2;255;255;255m▄[38;2;255;255;255m[48;2;255;255;255m▄[38;2;255;255;255m[48;2;255;255;255m▄[38;2;255;255;255m[48;2;255;255;255m▄[38;2;255;255;255m[48;2;255;255;255m▄[38;2;255;255;255m[48;2;255;255;255m▄[38;2;255;255;255m[48;2;255;255;255m▄[38;2;255;255;255m[48;2;255;255;255m▄[38;2;255;255;255m[48;2;255;255;255m▄[38;2;255;255;255m[48;2;255;255;255m▄[38;2;255;255;255m[48;2;255;255;255m▄[38;2;255;255;255m[48;2;255;255;255m▄[38;2;255;255;255m[48;2;255;255;255m▄[38;2;255;255;255m[48;2;255;255;255m▄[38;2;255;255;255m[48;2;255;255;255m▄[38;2;255;255;255m[48;2;255;255;255m▄[38;2;255;255;255m[48;2;255;255;255m▄[38;2;255;255;255m[48;2;255;255;255m▄[38;2;255;255;255m[48;2;255;255;255m▄[38;2;255;255;255m[48;2;255;255;255m▄[38;2;255;255;255m[48;2;247;247;247m▄[38;2;255;255;255m[48;2;210;210;211m▄[38;2;235;235;235m[48;2;198;198;197m▄[38;2;202;202;201m[48;2;226;226;225m▄[38;2;202;203;203m[48;2;254;254;254m▄[38;2;229;228;228m[48;2;255;255;255m▄[38;2;252;252;252m[48;2;255;255;255m▄[38;2;255;255;255m[48;2;255;255;255m▄[38;2;255;255;255m[48;2;255;255;255m▄[38;2;255;255;255m[48;2;255;255;255m▄[38;2;255;255;255m[48;2;255;255;255m▄[38;2;244;248;248m[48;2;255;255;255m▄[38;2;212;181;190m[48;2;255;255;255m▄[38;2;218;139;162m[48;2;243;246;246m▄[38;2;234;126;158m[48;2;229;209;217m▄[38;2;244;127;160m[48;2;223;175;191m▄[38;2;247;132;163m[48;2;224;154;175m▄[38;2;244;136;164m[48;2;230;140;166m▄[38;2;242;138;167m[48;2;231;132;162m▄[38;2;242;138;167m[48;2;233;128;161m▄[38;2;244;136;166m[48;2;235;126;159m▄[38;2;243;135;165m[48;2;236;127;159m▄[38;2;246;135;166m[48;2;233;130;160m▄[38;2;250;135;167m[48;2;223;130;160m▄[38;2;255;135;168m[48;2;196;129;159m▄[38;2;255;136;168m[48;2;157;130;159m▄[38;2;249;134;165m[48;2;105;132;159m▄[38;2;211;124;152m[48;2;61;141;163m▄[38;2;127;114;141m[48;2;49;153;177m▄[38;2;55;134;160m[48;2;57;156;181m▄[38;2;49;160;182m[48;2;60;153;178m▄[38;2;57;156;179m[48;2;60;156;179m▄[38;2;52;153;175m[48;2;59;157;181m▄[38;2;52;151;174m[48;2;57;158;181m▄[38;2;56;163;189m[48;2;62;171;199m▄[0m
[38;2;63;146;166m[48;2;67;168;195m▄[38;2;58;149;170m[48;2;63;171;198m▄[38;2;205;217;220m[48;2;195;216;220m▄[38;2;255;255;255m[48;2;255;255;255m▄[38;2;255;255;255m[48;2;255;255;255m▄[38;2;255;255;255m[48;2;255;255;255m▄[38;2;255;255;255m[48;2;255;255;255m▄[38;2;255;255;255m[48;2;255;255;255m▄[38;2;255;255;255m[48;2;255;255;255m▄[38;2;255;255;255m[48;2;255;255;255m▄[38;2;255;255;255m[48;2;255;255;255m▄[38;2;255;255;255m[48;2;255;255;255m▄[38;2;255;255;255m[48;2;255;255;255m▄[38;2;255;255;255m[48;2;255;255;255m▄[38;2;255;255;255m[48;2;255;255;255m▄[38;2;255;255;255m[48;2;255;255;255m▄[38;2;255;255;255m[48;2;255;255;255m▄[38;2;255;255;255m[48;2;255;255;255m▄[38;2;255;255;255m[48;2;255;255;255m▄[38;2;255;255;255m[48;2;255;255;255m▄[38;2;255;255;255m[48;2;255;255;255m▄[38;2;255;255;255m[48;2;255;255;255m▄[38;2;255;255;255m[48;2;255;255;255m▄[38;2;255;255;255m[48;2;255;255;255m▄[38;2;255;255;255m[48;2;255;255;255m▄[38;2;255;255;255m[48;2;255;255;255m▄[38;2;255;255;255m[48;2;255;255;255m▄[38;2;255;255;255m[48;2;255;255;255m▄[38;2;255;255;255m[48;2;255;255;255m▄[38;2;255;255;255m[48;2;233;233;233m▄[38;2;254;254;254m[48;2;203;204;204m▄[38;2;211;193;198m[48;2;208;210;209m▄[38;2;207;124;147m[48;2;223;223;224m▄[38;2;241;134;163m[48;2;232;209;217m▄[38;2;214;113;140m[48;2;228;191;203m▄[38;2;223;117;146m[48;2;215;178;190m▄[38;2;244;132;164m[48;2;219;148;168m▄[38;2;253;144;176m[48;2;238;125;156m▄[38;2;255;151;185m[48;2;249;135;166m▄[38;2;215;126;152m[48;2;252;140;171m▄[38;2;210;120;146m[48;2;250;139;170m▄[38;2;249;144;175m[48;2;242;135;164m▄[38;2;219;124;151m[48;2;247;139;168m▄[38;2;246;138;169m[48;2;244;139;168m▄[38;2;254;141;174m[48;2;243;136;166m▄[38;2;247;136;168m[48;2;242;135;165m▄[38;2;253;141;173m[48;2;242;135;165m▄[38;2;248;138;169m[48;2;242;135;165m▄[38;2;240;135;163m[48;2;243;136;166m▄[38;2;239;136;163m[48;2;242;136;165m▄[38;2;240;137;162m[48;2;240;137;164m▄[38;2;241;136;161m[48;2;243;137;163m▄[38;2;241;135;162m[48;2;255;139;167m▄[38;2;242;135;166m[48;2;255;136;167m▄[38;2;255;138;170m[48;2;203;116;144m▄[38;2;223;118;147m[48;2;82;117;136m▄[38;2;124;108;131m[48;2;41;146;163m▄[38;2;106;119;145m[48;2;43;149;168m▄[38;2;81;116;134m[48;2;45;147;169m▄[38;2;44;122;136m[48;2;53;161;186m▄[0m
[38;2;7;60;65m[48;2;26;84;93m▄[38;2;17;69;74m[48;2;29;87;95m▄[38;2;221;221;223m[48;2;214;216;218m▄[38;2;255;255;255m[48;2;255;255;255m▄[38;2;255;255;255m[48;2;255;255;255m▄[38;2;255;255;255m[48;2;255;255;255m▄[38;2;255;255;255m[48;2;255;255;255m▄[38;2;255;255;255m[48;2;255;255;255m▄[38;2;255;255;255m[48;2;255;255;255m▄[38;2;255;255;255m[48;2;255;255;255m▄[38;2;255;255;255m[48;2;255;255;255m▄[38;2;255;255;255m[48;2;255;255;255m▄[38;2;255;255;255m[48;2;255;255;255m▄[38;2;255;255;255m[48;2;255;255;255m▄[38;2;255;255;255m[48;2;255;255;255m▄[38;2;255;255;255m[48;2;255;255;255m▄[38;2;255;255;255m[48;2;255;255;255m▄[38;2;255;255;255m[48;2;255;255;255m▄[38;2;255;255;255m[48;2;255;255;255m▄[38;2;255;255;255m[48;2;255;255;255m▄[38;2;255;255;255m[48;2;255;255;255m▄[38;2;255;255;255m[48;2;255;255;255m▄[38;2;255;255;255m[48;2;255;255;255m▄[38;2;255;255;255m[48;2;255;255;255m▄[38;2;255;255;255m[48;2;255;255;255m▄[38;2;255;255;255m[48;2;255;255;255m▄[38;2;255;255;255m[48;2;255;255;255m▄[38;2;255;255;255m[48;2;255;255;255m▄[38;2;255;255;255m[48;2;255;255;255m▄[38;2;255;255;255m[48;2;255;255;255m▄[38;2;255;255;255m[48;2;255;255;255m▄[38;2;219;194;201m[48;2;214;157;172m▄[38;2;219;119;145m[48;2;255;131;165m▄[38;2;213;119;146m[48;2;223;125;150m▄[38;2;243;124;168m[48;2;221;123;150m▄[38;2;228;90;145m[48;2;255;149;178m▄[38;2;235;100;151m[48;2;227;133;157m▄[38;2;217;121;150m[48;2;146;89;104m▄[38;2;209;116;143m[48;2;148;94;111m▄[38;2;255;144;176m[48;2;136;84;97m▄[38;2;255;144;176m[48;2;220;128;154m▄[38;2;249;138;170m[48;2;254;148;181m▄[38;2;255;147;179m[48;2;192;113;134m▄[38;2;194;113;136m[48;2;116;70;81m▄[38;2;138;83;99m[48;2;210;125;151m▄[38;2;150;87;111m[48;2;224;135;160m▄[38;2;174;94;125m[48;2;194;119;139m▄[38;2;228;125;162m[48;2;219;128;153m▄[38;2;248;139;172m[48;2;246;139;168m▄[38;2;246;137;169m[48;2;240;134;162m▄[38;2;244;133;166m[48;2;241;134;162m▄[38;2;242;135;165m[48;2;240;134;162m▄[38;2;243;136;166m[48;2;241;135;163m▄[38;2;242;138;168m[48;2;242;136;164m▄[38;2;242;139;167m[48;2;242;136;164m▄[38;2;242;139;167m[48;2;245;140;168m▄[38;2;241;138;167m[48;2;255;139;170m▄[38;2;241;137;166m[48;2;255;137;170m▄[38;2;243;136;166m[48;2;246;136;167m▄[38;2;255;154;189m[48;2;207;134;161m▄[0m
[38;2;43;131;144m[48;2;22;103;105m▄[38;2;48;129;142m[48;2;34;110;114m▄[38;2;221;225;227m[48;2;225;226;227m▄[38;2;255;255;255m[48;2;255;255;255m▄[38;2;255;255;255m[48;2;255;255;255m▄[38;2;255;255;255m[48;2;255;255;255m▄[38;2;255;255;255m[48;2;255;255;255m▄[38;2;255;255;255m[48;2;255;255;255m▄[38;2;255;255;255m[48;2;255;255;255m▄[38;2;255;255;255m[48;2;255;255;255m▄[38;2;255;255;255m[48;2;255;255;255m▄[38;2;255;255;255m[48;2;255;255;255m▄[38;2;255;255;255m[48;2;255;255;255m▄[38;2;255;255;255m[48;2;255;255;255m▄[38;2;255;255;255m[48;2;255;255;255m▄[38;2;255;255;255m[48;2;255;255;255m▄[38;2;255;255;255m[48;2;255;255;255m▄[38;2;255;255;255m[48;2;255;255;255m▄[38;2;255;255;255m[48;2;255;255;255m▄[38;2;255;255;255m[48;2;255;255;255m▄[38;2;255;255;255m[48;2;255;255;255m▄[38;2;255;255;255m[48;2;255;255;255m▄[38;2;255;255;255m[48;2;255;255;255m▄[38;2;255;255;255m[48;2;255;255;255m▄[38;2;255;255;255m[48;2;255;255;255m▄[38;2;255;255;255m[48;2;255;255;255m▄[38;2;255;255;255m[48;2;255;255;255m▄[38;2;255;255;255m[48;2;255;255;255m▄[38;2;255;255;255m[48;2;255;255;255m▄[38;2;255;255;255m[48;2;255;255;255m▄[38;2;255;255;255m[48;2;255;255;255m▄[38;2;255;255;255m[48;2;253;255;254m▄[38;2;229;202;211m[48;2;203;166;174m▄[38;2;229;127;156m[48;2;222;126;153m▄[38;2;242;140;168m[48;2;236;90;149m▄[38;2;247;142;171m[48;2;226;75;138m▄[38;2;246;142;171m[48;2;234;106;153m▄[38;2;245;138;169m[48;2;252;139;172m▄[38;2;247;143;172m[48;2;251;139;172m▄[38;2;115;47;65m[48;2;227;122;152m▄[38;2;71;6;17m[48;2;231;124;154m▄[38;2;83;14;24m[48;2;234;128;158m▄[38;2;175;91;109m[48;2;237;132;162m▄[38;2;253;146;177m[48;2;255;144;176m▄[38;2;243;136;166m[48;2;255;148;180m▄[38;2;244;136;167m[48;2;244;103;157m▄[38;2;242;126;165m[48;2;236;74;144m▄[38;2;239;109;157m[48;2;225;65;134m▄[38;2;233;98;149m[48;2;226;71;135m▄[38;2;236;109;154m[48;2;236;107;155m▄[38;2;245;138;168m[48;2;247;139;170m▄[38;2;242;137;167m[48;2;242;138;167m▄[38;2;241;137;167m[48;2;242;138;168m▄[38;2;241;139;168m[48;2;242;139;168m▄[38;2;242;138;168m[48;2;242;139;168m▄[38;2;241;137;167m[48;2;242;139;168m▄[38;2;242;138;167m[48;2;242;139;168m▄[38;2;243;139;168m[48;2;242;138;168m▄[38;2;227;125;153m[48;2;248;141;172m▄[38;2;145;115;139m[48;2;255;145;181m▄[0m
[38;2;28;106;120m[48;2;39;123;144m▄[38;2;31;105;119m[48;2;40;118;137m▄[38;2;221;225;226m[48;2;215;221;223m▄[38;2;255;255;255m[48;2;255;255;255m▄[38;2;255;255;255m[48;2;255;255;255m▄[38;2;255;255;255m[48;2;255;255;255m▄[38;2;255;255;255m[48;2;255;255;255m▄[38;2;255;255;255m[48;2;255;255;255m▄[38;2;255;255;255m[48;2;255;255;255m▄[38;2;255;255;255m[48;2;255;255;255m▄[38;2;255;255;255m[48;2;255;255;255m▄[38;2;255;255;255m[48;2;255;255;255m▄[38;2;255;255;255m[48;2;255;255;255m▄[38;2;255;255;255m[48;2;255;255;255m▄[38;2;255;255;255m[48;2;255;255;255m▄[38;2;255;255;255m[48;2;255;255;255m▄[38;2;255;255;255m[48;2;255;255;255m▄[38;2;255;255;255m[48;2;255;255;255m▄[38;2;255;255;255m[48;2;255;255;255m▄[38;2;255;255;255m[48;2;255;255;255m▄[38;2;255;255;255m[48;2;255;255;255m▄[38;2;255;255;255m[48;2;255;255;255m▄[38;2;255;255;255m[48;2;255;255;255m▄[38;2;255;255;255m[48;2;255;255;255m▄[38;2;255;255;255m[48;2;255;255;255m▄[38;2;255;255;255m[48;2;255;255;255m▄[38;2;255;255;255m[48;2;255;255;255m▄[38;2;255;255;255m[48;2;255;255;255m▄[38;2;255;255;255m[48;2;255;255;255m▄[38;2;255;255;255m[48;2;255;255;255m▄[38;2;255;255;255m[48;2;255;255;255m▄[38;2;255;255;255m[48;2;255;255;255m▄[38;2;225;205;213m[48;2;222;185;200m▄[38;2;228;123;155m[48;2;233;126;157m▄[38;2;243;139;168m[48;2;241;139;168m▄[38;2;243;136;166m[48;2;243;138;166m▄[38;2;242;136;166m[48;2;243;138;167m▄[38;2;242;136;166m[48;2;243;137;167m▄[38;2;241;136;166m[48;2;248;141;171m▄[38;2;249;140;171m[48;2;224;127;153m▄[38;2;255;147;178m[48;2;173;89;108m▄[38;2;252;143;173m[48;2;202;106;130m▄[38;2;245;138;166m[48;2;242;137;166m▄[38;2;242;136;165m[48;2;243;139;169m▄[38;2;242;136;165m[48;2;242;137;167m▄[38;2;241;136;165m[48;2;243;136;167m▄[38;2;239;137;165m[48;2;244;138;169m▄[38;2;238;138;166m[48;2;245;141;171m▄[38;2;239;137;165m[48;2;246;143;171m▄[38;2;239;136;165m[48;2;245;140;168m▄[38;2;240;135;165m[48;2;242;135;165m▄[38;2;239;134;164m[48;2;241;134;164m▄[38;2;239;135;165m[48;2;240;135;165m▄[38;2;238;139;166m[48;2;240;139;167m▄[38;2;242;138;167m[48;2;241;138;167m▄[38;2;246;135;167m[48;2;244;136;167m▄[38;2;229;119;151m[48;2;237;130;160m▄[38;2;212;99;129m[48;2;219;107;137m▄[38;2;114;85;106m[48;2;132;84;105m▄[38;2;16;97;117m[48;2;29;114;133m▄[0m
[38;2;9;69;90m[48;2;26;93;108m▄[38;2;10;72;96m[48;2;26;92;106m▄[38;2;41;79;98m[48;2;207;211;213m▄[38;2;57;91;107m[48;2;255;255;254m▄[38;2;55;89;105m[48;2;255;252;250m▄[38;2;56;89;105m[48;2;255;252;250m▄[38;2;55;89;105m[48;2;254;251;248m▄[38;2;54;87;104m[48;2;254;250;248m▄[38;2;54;88;105m[48;2;255;253;251m▄[38;2;55;89;107m[48;2;255;254;254m▄[38;2;55;89;107m[48;2;255;252;252m▄[38;2;53;89;105m[48;2;255;251;248m▄[38;2;55;91;108m[48;2;255;253;251m▄[38;2;58;93;111m[48;2;255;255;254m▄[38;2;62;97;114m[48;2;255;255;255m▄[38;2;64;98;116m[48;2;255;255;255m▄[38;2;66;97;115m[48;2;255;255;255m▄[38;2;70;101;119m[48;2;255;255;255m▄[38;2;73;106;124m[48;2;255;255;255m▄[38;2;73;106;125m[48;2;255;255;255m▄[38;2;74;104;122m[48;2;255;255;255m▄[38;2;74;105;123m[48;2;255;255;255m▄[38;2;74;106;125m[48;2;255;255;255m▄[38;2;75;107;125m[48;2;255;255;255m▄[38;2;75;105;124m[48;2;255;255;255m▄[38;2;73;103;121m[48;2;255;255;255m▄[38;2;73;103;120m[48;2;255;255;255m▄[38;2;71;103;121m[48;2;255;255;255m▄[38;2;69;102;119m[48;2;255;255;255m▄[38;2;71;103;120m[48;2;255;255;255m▄[38;2;69;100;116m[48;2;255;255;255m▄[38;2;71;104;121m[48;2;255;255;255m▄[38;2;66;104;121m[48;2;250;249;248m▄[38;2;88;90;110m[48;2;227;143;169m▄[38;2;247;144;173m[48;2;250;137;168m▄[38;2;246;137;167m[48;2;241;134;164m▄[38;2;241;134;164m[48;2;239;134;164m▄[38;2;241;136;166m[48;2;240;136;166m▄[38;2;241;139;167m[48;2;242;139;168m▄[38;2;241;139;168m[48;2;243;139;168m▄[38;2;242;137;167m[48;2;243;139;168m▄[38;2;242;135;163m[48;2;242;139;166m▄[38;2;242;135;164m[48;2;242;137;165m▄[38;2;241;134;163m[48;2;241;134;163m▄[38;2;240;133;161m[48;2;240;134;162m▄[38;2;239;134;161m[48;2;240;134;161m▄[38;2;240;134;162m[48;2;240;134;162m▄[38;2;241;133;161m[48;2;240;134;162m▄[38;2;241;134;162m[48;2;239;134;161m▄[38;2;241;134;162m[48;2;240;134;162m▄[38;2;242;135;164m[48;2;240;134;163m▄[38;2;242;138;165m[48;2;240;135;163m▄[38;2;241;138;167m[48;2;239;137;166m▄[38;2;242;138;168m[48;2;241;138;167m▄[38;2;241;134;164m[48;2;246;138;169m▄[38;2;220;114;145m[48;2;240;130;162m▄[38;2;215;99;127m[48;2;213;107;137m▄[38;2;133;76;101m[48;2;201;96;123m▄[38;2;0;57;76m[48;2;57;73;89m▄[38;2;6;71;91m[48;2;14;88;104m▄[0m
[38;2;48;108;131m[48;2;0;37;60m▄[38;2;49;112;134m[48;2;0;43;68m▄[38;2;46;97;115m[48;2;0;36;61m▄[38;2;49;95;113m[48;2;0;35;59m▄[38;2;49;101;121m[48;2;0;34;57m▄[38;2;42;99;121m[48;2;0;31;56m▄[38;2;40;101;124m[48;2;0;28;56m▄[38;2;47;117;140m[48;2;0;29;57m▄[38;2;48;118;142m[48;2;0;28;55m▄[38;2;49;120;144m[48;2;0;30;56m▄[38;2;54;122;147m[48;2;0;32;57m▄[38;2;53;122;149m[48;2;0;33;59m▄[38;2;53;123;151m[48;2;0;33;59m▄[38;2;53;124;153m[48;2;0;33;60m▄[38;2;51;121;149m[48;2;0;33;59m▄[38;2;50;119;147m[48;2;0;32;58m▄[38;2;51;121;150m[48;2;0;31;58m▄[38;2;51;124;153m[48;2;0;29;56m▄[38;2;51;122;151m[48;2;0;29;55m▄[38;2;52;122;149m[48;2;0;27;55m▄[38;2;54;129;157m[48;2;0;25;54m▄[38;2;56;133;163m[48;2;0;26;54m▄[38;2;50;106;130m[48;2;0;30;59m▄[38;2;46;96;117m[48;2;0;28;54m▄[38;2;50;125;151m[48;2;0;29;56m▄[38;2;49;130;155m[48;2;0;32;60m▄[38;2;50;131;155m[48;2;0;33;59m▄[38;2;50;130;156m[48;2;0;34;59m▄[38;2;56;133;160m[48;2;0;35;58m▄[38;2;54;139;167m[48;2;0;35;59m▄[38;2;62;87;119m[48;2;0;43;68m▄[38;2;93;21;67m[48;2;0;39;64m▄[38;2;134;5;64m[48;2;5;24;58m▄[38;2;152;6;68m[48;2;42;12;51m▄[38;2;132;1;57m[48;2;168;78;111m▄[38;2;168;69;104m[48;2;254;153;179m▄[38;2;242;144;171m[48;2;247;137;168m▄[38;2;254;145;176m[48;2;243;134;165m▄[38;2;243;137;167m[48;2;242;138;167m▄[38;2;241;138;167m[48;2;241;139;168m▄[38;2;241;135;164m[48;2;241;136;164m▄[38;2;240;134;161m[48;2;241;133;161m▄[38;2;241;134;162m[48;2;240;133;162m▄[38;2;240;133;161m[48;2;240;133;161m▄[38;2;241;134;162m[48;2;240;133;161m▄[38;2;239;134;161m[48;2;240;134;161m▄[38;2;240;134;162m[48;2;240;134;161m▄[38;2;240;136;164m[48;2;241;134;162m▄[38;2;241;138;167m[48;2;242;135;163m▄[38;2;243;138;167m[48;2;242;136;165m▄[38;2;247;141;171m[48;2;242;137;167m▄[38;2;251;145;175m[48;2;242;137;167m▄[38;2;240;137;164m[48;2;244;138;168m▄[38;2;211;114;138m[48;2;241;135;165m▄[38;2;190;90;113m[48;2;223;119;148m▄[38;2;153;96;115m[48;2;212;99;128m▄[38;2;66;139;159m[48;2;168;82;105m▄[38;2;57;141;167m[48;2;20;47;68m▄[38;2;63;134;156m[48;2;2;46;68m▄[38;2;62;133;153m[48;2;7;49;73m▄[0m
[38;2;73;183;211m[48;2;76;153;176m▄[38;2;78;200;230m[48;2;79;169;190m▄[38;2;70;186;211m[48;2;73;162;180m▄[38;2;71;183;209m[48;2;72;164;187m▄[38;2;67;182;208m[48;2;73;175;202m▄[38;2;68;182;209m[48;2;71;180;207m▄[38;2;71;183;211m[48;2;72;181;208m▄[38;2;70;184;211m[48;2;71;178;206m▄[38;2;68;184;211m[48;2;71;181;208m▄[38;2;70;184;211m[48;2;71;181;209m▄[38;2;65;179;206m[48;2;71;180;208m▄[38;2;67;177;203m[48;2;71;179;209m▄[38;2;64;173;200m[48;2;70;177;208m▄[38;2;62;172;200m[48;2;70;174;205m▄[38;2;67;176;205m[48;2;67;168;199m▄[38;2;71;178;207m[48;2;70;170;201m▄[38;2;63;171;200m[48;2;73;175;206m▄[38;2;65;172;200m[48;2;68;172;202m▄[38;2;73;184;213m[48;2;67;172;201m▄[38;2;69;166;185m[48;2;73;183;210m▄[38;2;57;128;142m[48;2;77;179;203m▄[38;2;64;153;176m[48;2;66;139;158m▄[38;2;73;182;211m[48;2;71;141;164m▄[38;2;65;176;204m[48;2;76;175;203m▄[38;2;66;176;203m[48;2;74;176;205m▄[38;2;61;174;200m[48;2;71;173;200m▄[38;2;64;172;198m[48;2;71;177;202m▄[38;2;63;177;201m[48;2;77;182;208m▄[38;2;82;69;107m[48;2;69;175;202m▄[38;2;144;0;53m[48;2;90;73;112m▄[38;2;148;7;68m[48;2;142;6;63m▄[38;2;146;7;66m[48;2;153;5;68m▄[38;2;146;7;66m[48;2;147;9;69m▄[38;2;147;8;68m[48;2;146;8;67m▄[38;2;150;8;69m[48;2;146;7;68m▄[38;2;156;10;74m[48;2;131;0;59m▄[38;2;151;4;69m[48;2;142;40;80m▄[38;2;140;10;66m[48;2;207;112;140m▄[38;2;156;51;88m[48;2;249;145;173m▄[38;2;189;97;124m[48;2;255;146;177m▄[38;2;225;126;155m[48;2;249;140;170m▄[38;2;252;141;173m[48;2;243;136;165m▄[38;2;255;144;174m[48;2;241;135;163m▄[38;2;255;145;174m[48;2;240;135;163m▄[38;2;255;142;172m[48;2;240;135;163m▄[38;2;252;140;171m[48;2;240;135;164m▄[38;2;250;139;171m[48;2;239;137;165m▄[38;2;234;132;161m[48;2;243;139;168m▄[38;2;202;106;134m[48;2;252;144;173m▄[38;2;160;60;97m[48;2;250;145;174m▄[38;2;134;20;67m[48;2;223;126;154m▄[38;2;133;2;58m[48;2;184;88;119m▄[38;2;140;0;61m[48;2;157;50;89m▄[38;2;143;3;65m[48;2;142;26;72m▄[38;2;141;8;67m[48;2;136;13;65m▄[38;2;148;6;65m[48;2;108;30;71m▄[38;2;126;3;58m[48;2;53;118;141m▄[38;2;57;105;126m[48;2;54;168;189m▄[38;2;63;169;191m[48;2;68;166;191m▄[38;2;66;174;200m[48;2;74;185;212m▄[0m
[38;2;90;211;227m[48;2;78;195;217m▄[38;2;103;246;255m[48;2;83;211;234m▄[38;2;96;229;244m[48;2;78;198;218m▄[38;2;93;227;243m[48;2;80;198;219m▄[38;2;94;227;244m[48;2;83;198;220m▄[38;2;96;230;246m[48;2;78;195;219m▄[38;2;92;227;244m[48;2;77;195;219m▄[38;2;91;224;241m[48;2;81;197;221m▄[38;2;90;224;239m[48;2;78;196;220m▄[38;2;91;224;239m[48;2;74;193;216m▄[38;2;92;225;240m[48;2;75;191;213m▄[38;2;91;227;244m[48;2;77;191;210m▄[38;2;95;228;244m[48;2;78;193;215m▄[38;2;88;217;230m[48;2;81;196;219m▄[38;2;85;215;231m[48;2;74;190;213m▄[38;2;89;219;239m[48;2;72;187;211m▄[38;2;84;207;225m[48;2;75;190;215m▄[38;2;76;175;190m[48;2;75;191;217m▄[38;2;91;193;208m[48;2;67;155;174m▄[38;2;97;227;245m[48;2;69;149;165m▄[38;2;92;226;243m[48;2;78;186;210m▄[38;2;88;225;240m[48;2;80;198;221m▄[38;2;88;225;240m[48;2;75;193;213m▄[38;2;89;224;239m[48;2;73;191;214m▄[38;2;90;225;241m[48;2;70;189;213m▄[38;2;87;223;238m[48;2;74;190;213m▄[38;2;86;222;237m[48;2;76;189;212m▄[38;2;84;220;239m[48;2;70;180;202m▄[38;2;89;204;228m[48;2;99;40;82m▄[38;2;88;179;202m[48;2;136;4;54m▄[38;2;93;175;199m[48;2;136;6;60m▄[38;2;94;175;199m[48;2;135;4;59m▄[38;2;85;169;192m[48;2;128;4;57m▄[38;2;79;166;188m[48;2;123;2;53m▄[38;2;72;163;180m[48;2;111;0;46m▄[38;2;68;161;171m[48;2;94;0;35m▄[38;2;66;156;166m[48;2;76;0;25m▄[38;2;65;152;164m[48;2;52;0;15m▄[38;2;65;151;167m[48;2;23;0;0m▄[38;2;69;151;169m[48;2;0;0;0m▄[38;2;65;150;166m[48;2;12;0;0m▄[38;2;57;145;157m[48;2;59;21;28m▄[38;2;49;136;145m[48;2;101;44;54m▄[38;2;43;125;134m[48;2;128;57;71m▄[38;2;43;107;114m[48;2;146;67;81m▄[38;2;33;84;91m[48;2;152;71;86m▄[38;2;23;61;67m[48;2;138;55;76m▄[38;2;48;47;63m[48;2;139;28;68m▄[38;2;84;39;68m[48;2;138;5;60m▄[38;2;115;28;74m[48;2;142;0;61m▄[38;2;135;22;77m[48;2;146;5;68m▄[38;2;145;16;76m[48;2;144;8;68m▄[38;2;149;12;74m[48;2;141;9;66m▄[38;2;151;10;73m[48;2;140;10;67m▄[38;2;153;8;71m[48;2;140;9;66m▄[38;2;156;9;72m[48;2;140;9;66m▄[38;2;160;8;73m[48;2;149;4;65m▄[38;2;133;4;55m[48;2;112;16;58m▄[38;2;82;147;161m[48;2;57;151;172m▄[38;2;98;248;255m[48;2;78;201;226m▄[0m
