[38;2;234;215;39m[48;2;223;208;38m▄[38;2;255;230;46m[48;2;254;237;41m▄[38;2;93;183;79m[48;2;154;156;49m▄[38;2;128;97;82m[48;2;144;78;79m▄[38;2;195;79;85m[48;2;205;85;89m▄[38;2;190;83;86m[48;2;194;83;85m▄[38;2;179;84;85m[48;2;186;85;85m▄[38;2;214;112;101m[48;2;235;121;110m▄[38;2;183;163;102m[48;2;188;165;104m▄[38;2;213;122;104m[48;2;163;93;79m▄[38;2;255;133;122m[48;2;213;106;97m▄[38;2;255;133;116m[48;2;247;125;112m▄[38;2;255;126;108m[48;2;247;123;112m▄[38;2;219;128;130m[48;2;254;123;104m▄[38;2;162;147;186m[48;2;251;108;87m▄[38;2;137;179;248m[48;2;157;100;116m▄[38;2;145;197;255m[48;2;117;161;228m▄[38;2;150;201;255m[48;2;138;182;254m▄[38;2;145;194;255m[48;2;138;182;254m▄[38;2;128;164;251m[48;2;140;194;254m▄[38;2;113;133;238m[48;2;129;176;243m▄[38;2;95;114;214m[48;2;102;121;215m▄[38;2;71;92;165m[48;2;100;112;226m▄[38;2;49;69;121m[48;2;74;98;175m▄[38;2;60;92;138m[48;2;43;64;108m▄[38;2;96;164;203m[48;2;36;49;97m▄[38;2;130;229;255m[48;2;70;112;154m▄[38;2;138;246;255m[48;2;125;218;245m▄[38;2;136;244;255m[48;2;127;228;254m▄[38;2;136;243;255m[48;2;127;226;254m▄[38;2;136;243;255m[48;2;125;224;254m▄[38;2;136;243;255m[48;2;125;226;254m▄[38;2;136;243;255m[48;2;125;224;254m▄[38;2;136;243;255m[48;2;125;226;254m▄[38;2;136;243;255m[48;2;125;226;254m▄[38;2;136;243;255m[48;2;125;226;254m▄[38;2;136;243;255m[48;2;127;226;254m▄[38;2;136;243;255m[48;2;125;226;254m▄[38;2;137;244;255m[48;2;129;226;254m▄[38;2;144;245;255m[48;2;135;228;254m▄[38;2;149;246;255m[48;2;138;228;254m▄[38;2;150;247;255m[48;2;138;228;254m▄[38;2;158;248;255m[48;2;148;232;254m▄[38;2;170;252;255m[48;2;157;234;254m▄[38;2;177;255;255m[48;2;165;237;254m▄[38;2;192;255;255m[48;2;180;241;254m▄[38;2;201;255;255m[48;2;188;243;254m▄[38;2;209;255;255m[48;2;196;245;254m▄[38;2;213;255;255m[48;2;197;247;253m▄[38;2;213;255;255m[48;2;197;247;254m▄[38;2;214;255;255m[48;2;199;247;254m▄[38;2;215;255;255m[48;2;199;247;254m▄[38;2;214;255;255m[48;2;199;247;254m▄[38;2;215;255;255m[48;2;199;247;254m▄[38;2;213;255;255m[48;2;196;245;254m▄[38;2;193;255;255m[48;2;178;241;254m▄[38;2;183;255;255m[48;2;173;239;254m▄[38;2;179;255;255m[48;2;169;237;254m▄[38;2;178;255;255m[48;2;165;237;254m▄[38;2;188;255;255m[48;2;175;254;254m▄[0m
[38;2;144;153;50m[48;2;251;208;37m▄[38;2;69;196;101m[48;2;150;186;66m▄[38;2;134;179;57m[48;2;51;188;93m▄[38;2;177;106;41m[48;2;129;86;66m▄[38;2;195;69;78m[48;2;183;76;82m▄[38;2;202;82;81m[48;2;170;76;78m▄[38;2;180;80;81m[48;2;153;71;72m▄[38;2;234;110;99m[48;2;211;105;98m▄[38;2;196;162;89m[48;2;200;173;106m▄[38;2;166;115;110m[48;2;226;124;100m▄[38;2;142;139;183m[48;2;250;112;99m▄[38;2;117;171;243m[48;2;193;113;114m▄[38;2;130;186;255m[48;2;138;139;179m▄[38;2;141;188;255m[48;2;117;172;243m▄[38;2;133;182;252m[48;2;129;187;255m▄[38;2;117;153;232m[48;2;141;190;255m▄[38;2;102;121;219m[48;2;133;180;251m▄[38;2;88;102;201m[48;2;117;152;230m▄[38;2;67;86;159m[48;2;102;120;217m▄[38;2;42;61;109m[48;2;87;101;196m▄[38;2;47;75;113m[48;2;64;84;154m▄[38;2;93;145;177m[48;2;40;61;107m▄[38;2;130;218;242m[48;2;49;80;119m▄[38;2;144;242;255m[48;2;93;151;186m▄[38;2;138;231;255m[48;2;127;220;246m▄[38;2;128;225;255m[48;2;135;237;255m▄[38;2;127;224;255m[48;2;129;227;255m▄[38;2;127;224;255m[48;2;126;224;255m▄[38;2;126;225;255m[48;2;126;225;255m▄[38;2;126;226;255m[48;2;126;225;255m▄[38;2;126;227;255m[48;2;126;225;255m▄[38;2;125;229;255m[48;2;126;225;255m▄[38;2;125;229;255m[48;2;126;225;255m▄[38;2;125;230;255m[48;2;126;225;255m▄[38;2;126;229;255m[48;2;126;225;255m▄[38;2;126;227;255m[48;2;126;225;255m▄[38;2;126;226;255m[48;2;126;225;255m▄[38;2;126;225;255m[48;2;126;225;255m▄[38;2;129;226;255m[48;2;127;226;255m▄[38;2;134;227;255m[48;2;134;227;255m▄[38;2;141;227;255m[48;2;139;228;255m▄[38;2;139;227;255m[48;2;139;228;255m▄[38;2;146;229;255m[48;2;150;231;255m▄[38;2;159;235;254m[48;2;159;235;254m▄[38;2;169;239;254m[48;2;165;237;254m▄[38;2;180;240;255m[48;2;176;239;255m▄[38;2;184;241;254m[48;2;182;241;254m▄[38;2;189;243;255m[48;2;191;242;255m▄[38;2;195;244;255m[48;2;196;244;254m▄[38;2;199;244;255m[48;2;197;245;255m▄[38;2;197;244;254m[48;2;198;245;255m▄[38;2;196;244;254m[48;2;198;245;255m▄[38;2;196;244;254m[48;2;198;245;255m▄[38;2;197;244;254m[48;2;196;244;255m▄[38;2;178;240;254m[48;2;181;241;254m▄[38;2;168;237;255m[48;2;171;238;254m▄[38;2;167;236;255m[48;2;167;236;255m▄[38;2;165;236;254m[48;2;165;236;254m▄[38;2;164;237;254m[48;2;165;236;254m▄[38;2;173;255;255m[48;2;173;254;255m▄[0m
[38;2;82;161;65m[48;2;48;195;106m▄[38;2;185;184;70m[48;2;103;188;77m▄[38;2;204;186;103m[48;2;222;193;10m▄[38;2;112;132;158m[48;2;140;132;95m▄[38;2;129;194;255m[48;2;131;110;151m▄[38;2;124;176;249m[48;2;159;88;101m▄[38;2;119;156;218m[48;2;156;69;69m▄[38;2;121;171;245m[48;2;176;109;112m▄[38;2;134;185;255m[48;2;126;149;182m▄[38;2;140;188;255m[48;2;119;175;246m▄[38;2;135;183;253m[48;2;131;187;255m▄[38;2;120;156;234m[48;2;142;188;255m▄[38;2;105;122;219m[48;2;136;181;252m▄[38;2;92;104;206m[48;2;119;155;232m▄[38;2;73;92;173m[48;2;103;123;218m▄[38;2;42;66;118m[48;2;89;103;204m▄[38;2;40;67;105m[48;2;69;89;167m▄[38;2;98;133;161m[48;2;40;63;115m▄[38;2;170;218;230m[48;2;45;70;108m▄[38;2;190;255;255m[48;2;94;139;169m▄[38;2;160;240;255m[48;2;139;215;237m▄[38;2;147;230;255m[48;2;159;245;255m▄[38;2;142;228;255m[48;2;144;234;255m▄[38;2;140;231;255m[48;2;137;227;254m▄[38;2;134;236;255m[48;2;135;226;255m▄[38;2;117;227;253m[48;2;129;226;255m▄[38;2;118;205;228m[48;2;126;230;255m▄[38;2;142;179;201m[48;2;121;232;255m▄[38;2;174;164;187m[48;2;116;228;255m▄[38;2;199;154;178m[48;2;114;222;251m▄[38;2;213;147;170m[48;2;116;215;243m▄[38;2;229;153;177m[48;2;119;209;237m▄[38;2;231;149;172m[48;2;121;206;233m▄[38;2;230;149;171m[48;2;120;206;232m▄[38;2;222;149;171m[48;2;115;210;236m▄[38;2;219;157;181m[48;2;114;217;244m▄[38;2;194;161;183m[48;2;113;224;252m▄[38;2;159;169;190m[48;2;116;231;255m▄[38;2;138;189;210m[48;2;127;234;255m▄[38;2;125;215;237m[48;2;136;231;255m▄[38;2;130;235;255m[48;2;140;228;255m▄[38;2;139;235;255m[48;2;139;228;255m▄[38;2;151;232;255m[48;2;149;230;255m▄[38;2;161;235;254m[48;2;161;234;254m▄[38;2;170;237;254m[48;2;170;237;254m▄[38;2;177;238;255m[48;2;181;241;255m▄[38;2;186;242;255m[48;2;187;242;255m▄[38;2;186;242;255m[48;2;185;242;255m▄[38;2;192;244;254m[48;2;193;243;255m▄[38;2;197;244;254m[48;2;198;244;255m▄[38;2;196;244;255m[48;2;196;244;255m▄[38;2;196;244;255m[48;2;196;244;255m▄[38;2;196;244;255m[48;2;196;244;255m▄[38;2;197;244;254m[48;2;197;244;255m▄[38;2;180;240;254m[48;2;181;240;254m▄[38;2;168;236;254m[48;2;168;236;255m▄[38;2;167;236;255m[48;2;167;237;255m▄[38;2;165;236;254m[48;2;165;236;254m▄[38;2;164;237;254m[48;2;165;237;254m▄[38;2;173;255;255m[48;2;173;254;255m▄[0m
[38;2;146;166;136m[48;2;226;191;0m▄[38;2;133;178;206m[48;2;192;176;62m▄[38;2;125;178;255m[48;2;130;149;151m▄[38;2;138;184;255m[48;2;119;162;219m▄[38;2;137;179;255m[48;2;138;182;255m▄[38;2;138;185;255m[48;2;139;181;255m▄[38;2;135;184;255m[48;2;138;186;255m▄[38;2;122;161;236m[48;2;138;187;255m▄[38;2;105;127;219m[48;2;134;183;254m▄[38;2;93;106;211m[48;2;120;159;235m▄[38;2;78;96;183m[48;2;105;125;220m▄[38;2;49;71;130m[48;2;93;105;208m▄[38;2;36;61;103m[48;2;75;94;178m▄[38;2;86;117;145m[48;2;44;69;125m▄[38;2;160;205;218m[48;2;36;64;104m▄[38;2;203;255;255m[48;2;90;124;153m▄[38;2;204;253;255m[48;2;165;211;224m▄[38;2;196;244;255m[48;2;203;255;255m▄[38;2;193;243;253m[48;2;200;252;255m▄[38;2;191;243;255m[48;2;189;242;255m▄[38;2;184;243;255m[48;2;167;236;254m▄[38;2;153;242;255m[48;2;149;231;254m▄[38;2;142;203;218m[48;2;146;239;255m▄[38;2;189;153;173m[48;2;132;229;249m▄[38;2;245;145;169m[48;2;141;189;208m▄[38;2;255;156;182m[48;2;180;156;178m▄[38;2;255;160;187m[48;2;226;146;169m▄[38;2;254;157;185m[48;2;255;152;176m▄[38;2;182;143;153m[48;2;254;147;173m▄[38;2;244;252;250m[48;2;203;143;155m▄[38;2;198;205;203m[48;2;168;133;140m▄[38;2;203;124;143m[48;2;230;141;161m▄[38;2;255;164;190m[48;2;255;164;189m▄[38;2;255;160;188m[48;2;255;162;187m▄[38;2;187;138;152m[48;2;255;159;186m▄[38;2;200;209;207m[48;2;200;123;140m▄[38;2;170;150;155m[48;2;229;137;157m▄[38;2;244;149;174m[48;2;255;157;182m▄[38;2;255;161;186m[48;2;247;148;171m▄[38;2;255;160;184m[48;2;215;148;170m▄[38;2;255;153;178m[48;2;168;165;185m▄[38;2;229;145;169m[48;2;131;202;222m▄[38;2;167;165;184m[48;2;139;237;255m▄[38;2;145;222;237m[48;2;161;241;255m▄[38;2;163;246;255m[48;2;167;237;254m▄[38;2;172;238;255m[48;2;172;238;254m▄[38;2;186;242;255m[48;2;186;242;255m▄[38;2;187;242;255m[48;2;186;242;255m▄[38;2;191;243;255m[48;2;190;243;255m▄[38;2;195;244;254m[48;2;196;244;255m▄[38;2;193;242;255m[48;2;194;243;254m▄[38;2;193;242;255m[48;2;194;243;255m▄[38;2;192;242;255m[48;2;194;243;254m▄[38;2;193;243;255m[48;2;194;243;254m▄[38;2;178;239;254m[48;2;180;239;254m▄[38;2;164;236;254m[48;2;167;236;254m▄[38;2;165;236;254m[48;2;166;236;255m▄[38;2;165;236;254m[48;2;164;236;254m▄[38;2;161;235;254m[48;2;163;236;254m▄[38;2;170;253;255m[48;2;172;254;255m▄[0m
[38;2;133;180;255m[48;2;127;181;255m▄[38;2;147;198;255m[48;2;145;198;255m▄[38;2;136;184;255m[48;2;139;179;255m▄[38;2;123;164;237m[48;2;138;183;255m▄[38;2;106;130;219m[48;2;135;185;255m▄[38;2;97;108;214m[48;2;123;163;236m▄[38;2;84;99;192m[48;2;106;128;218m▄[38;2;57;78;141m[48;2;96;108;212m▄[38;2;37;59;103m[48;2;81;98;187m▄[38;2;69;101;135m[48;2;52;74;134m▄[38;2;141;188;206m[48;2;35;60;103m▄[38;2;196;250;255m[48;2;76;109;142m▄[38;2;202;255;255m[48;2;150;197;212m▄[38;2;201;247;255m[48;2;207;255;255m▄[38;2;198;245;255m[48;2;207;255;255m▄[38;2;197;244;255m[48;2;196;244;255m▄[38;2;196;244;254m[48;2;196;244;255m▄[38;2;197;244;255m[48;2;197;244;254m▄[38;2;195;245;255m[48;2;194;244;254m▄[38;2;182;249;255m[48;2;191;245;255m▄[38;2;168;174;188m[48;2;177;247;255m▄[38;2;242;143;166m[48;2;160;179;194m▄[38;2;255;162;187m[48;2;226;141;164m▄[38;2;254;159;183m[48;2;255;157;182m▄[38;2;254;159;183m[48;2;255;162;186m▄[38;2;255;161;186m[48;2;254;159;183m▄[38;2;255;168;193m[48;2;255;167;194m▄[38;2;112;76;100m[48;2;182;109;125m▄[38;2;9;12;41m[48;2;113;118;111m▄[38;2;2;4;5m[48;2;212;215;214m▄[38;2;192;120;137m[48;2;137;112;118m▄[38;2;255;169;196m[48;2;249;157;182m▄[38;2;255;169;197m[48;2;255;167;194m▄[38;2;72;45;51m[48;2;183;110;130m▄[38;2;46;50;45m[48;2;177;183;181m▄[38;2;68;73;71m[48;2;255;255;255m▄[38;2;139;89;101m[48;2;162;143;146m▄[38;2;255;170;195m[48;2;245;148;172m▄[38;2;254;159;183m[48;2;255;159;185m▄[38;2;254;158;184m[48;2;254;159;182m▄[38;2;254;159;183m[48;2;254;159;183m▄[38;2;254;158;184m[48;2;255;161;185m▄[38;2;255;160;185m[48;2;255;152;176m▄[38;2;255;158;183m[48;2;203;145;165m▄[38;2;219;140;162m[48;2;153;205;218m▄[38;2;157;203;215m[48;2;171;248;255m▄[38;2;180;251;255m[48;2;182;241;254m▄[38;2;185;242;254m[48;2;187;242;255m▄[38;2;190;242;255m[48;2;191;243;255m▄[38;2;193;242;254m[48;2;193;243;253m▄[38;2;192;243;254m[48;2;194;242;255m▄[38;2;191;242;255m[48;2;192;242;255m▄[38;2;186;242;255m[48;2;188;243;255m▄[38;2;186;242;254m[48;2;190;243;255m▄[38;2;176;238;253m[48;2;176;239;254m▄[38;2;163;236;254m[48;2;163;236;254m▄[38;2;162;236;255m[48;2;164;237;254m▄[38;2;161;235;255m[48;2;164;237;254m▄[38;2;159;234;254m[48;2;161;234;255m▄[38;2;167;252;255m[48;2;168;252;255m▄[0m
[38;2;101;125;215m[48;2;135;187;253m▄[38;2;106;121;234m[48;2;134;179;246m▄[38;2;87;103;202m[48;2;106;130;220m▄[38;2;66;85;153m[48;2;97;109;214m▄[38;2;41;61;106m[48;2;85;100;196m▄[38;2;52;86;122m[48;2;62;81;148m▄[38;2;112;168;194m[48;2;38;60;105m▄[38;2;166;238;251m[48;2;61;94;129m▄[38;2;178;252;255m[48;2;127;179;200m▄[38;2;178;242;255m[48;2;182;245;254m▄[38;2;187;242;254m[48;2;195;255;255m▄[38;2;196;244;255m[48;2;195;244;255m▄[38;2;198;246;255m[48;2;195;244;254m▄[38;2;201;247;255m[48;2;201;247;254m▄[38;2;200;247;255m[48;2;199;246;255m▄[38;2;199;246;255m[48;2;198;245;255m▄[38;2;198;245;255m[48;2;197;245;255m▄[38;2;200;248;255m[48;2;196;244;254m▄[38;2;181;230;238m[48;2;198;254;255m▄[38;2;206;142;162m[48;2;171;193;205m▄[38;2;255;159;185m[48;2;235;140;164m▄[38;2;255;160;184m[48;2;255;164;188m▄[38;2;254;158;182m[48;2;251;149;176m▄[38;2;251;137;167m[48;2;246;98;139m▄[38;2;250;131;162m[48;2;246;94;135m▄[38;2;252;150;176m[48;2;250;135;167m▄[38;2;255;164;189m[48;2;255;168;190m▄[38;2;213;135;152m[48;2;80;58;86m▄[38;2;209;137;152m[48;2;30;32;80m▄[38;2;231;146;166m[48;2;162;105;120m▄[38;2;139;73;85m[48;2;255;183;209m▄[38;2;191;115;133m[48;2;255;168;195m▄[38;2;252;165;190m[48;2;244;152;172m▄[38;2;132;89;112m[48;2;42;38;65m▄[38;2;101;74;108m[48;2;11;19;75m▄[38;2;227;147;168m[48;2;37;21;30m▄[38;2;255;165;191m[48;2;242;157;178m▄[38;2;251;137;167m[48;2;255;166;190m▄[38;2;250;134;165m[48;2;254;164;186m▄[38;2;251;141;169m[48;2;255;163;187m▄[38;2;253;154;179m[48;2;254;160;184m▄[38;2;254;160;184m[48;2;254;158;183m▄[38;2;254;159;182m[48;2;254;158;183m▄[38;2;254;159;183m[48;2;254;159;183m▄[38;2;255;160;184m[48;2;255;158;184m▄[38;2;255;151;178m[48;2;208;141;161m▄[38;2;178;161;176m[48;2;162;222;233m▄[38;2;175;247;254m[48;2;185;248;255m▄[38;2;186;242;255m[48;2;189;241;255m▄[38;2;189;243;255m[48;2;193;242;255m▄[38;2;187;242;255m[48;2;190;243;255m▄[38;2;184;242;254m[48;2;188;242;255m▄[38;2;182;242;254m[48;2;185;242;254m▄[38;2;181;240;255m[48;2;182;241;255m▄[38;2;172;238;254m[48;2;174;238;255m▄[38;2;160;235;255m[48;2;162;236;255m▄[38;2;160;235;255m[48;2;160;235;255m▄[38;2;159;234;255m[48;2;159;235;255m▄[38;2;155;234;255m[48;2;157;234;255m▄[38;2;164;250;255m[48;2;165;251;255m▄[0m
[38;2;41;58;106m[48;2;90;105;204m▄[38;2;53;81;127m[48;2;78;97;179m▄[38;2;83;145;179m[48;2;43;62;109m▄[38;2;120;216;244m[48;2;50;81;119m▄[38;2;137;240;255m[48;2;90;155;186m▄[38;2;145;234;255m[48;2;138;225;248m▄[38;2;162;236;254m[48;2;169;250;255m▄[38;2;165;237;254m[48;2;168;241;255m▄[38;2;166;237;254m[48;2;164;236;254m▄[38;2;181;241;254m[48;2;177;240;254m▄[38;2;191;243;254m[48;2;189;243;254m▄[38;2;197;244;254m[48;2;196;244;254m▄[38;2;199;245;255m[48;2;199;246;255m▄[38;2;199;246;255m[48;2;200;247;255m▄[38;2;200;247;255m[48;2;200;247;255m▄[38;2;200;247;255m[48;2;199;247;255m▄[38;2;197;245;255m[48;2;198;245;255m▄[38;2;192;253;255m[48;2;200;255;255m▄[38;2;186;160;174m[48;2;177;186;197m▄[38;2;255;154;181m[48;2;246;144;168m▄[38;2;242;158;182m[48;2;255;162;186m▄[38;2;173;85;104m[48;2;255;166;191m▄[38;2;166;57;74m[48;2;255;166;190m▄[38;2;175;75;89m[48;2;255;172;195m▄[38;2;181;85;100m[48;2;255;175;198m▄[38;2;188;97;112m[48;2;255;171;197m▄[38;2;194;107;122m[48;2;255;168;193m▄[38;2;203;113;131m[48;2;255;175;200m▄[38;2;212;126;147m[48;2;255;183;210m▄[38;2;202;123;143m[48;2;204;128;147m▄[38;2;177;101;106m[48;2;111;37;40m▄[38;2;215;134;150m[48;2;160;89;97m▄[38;2;243;157;182m[48;2;255;167;193m▄[38;2;248;158;185m[48;2;255;167;193m▄[38;2;253;163;188m[48;2;255;166;187m▄[38;2;255;166;190m[48;2;255;166;190m▄[38;2;255;170;194m[48;2;253;154;180m▄[38;2;255;174;198m[48;2;246;108;146m▄[38;2;255;166;193m[48;2;246;93;133m▄[38;2;254;154;181m[48;2;246;91;132m▄[38;2;254;158;182m[48;2;248;126;158m▄[38;2;254;159;183m[48;2;254;163;186m▄[38;2;254;159;183m[48;2;254;159;183m▄[38;2;254;159;183m[48;2;254;159;183m▄[38;2;254;159;183m[48;2;254;159;183m▄[38;2;255;160;185m[48;2;255;161;188m▄[38;2;245;145;169m[48;2;220;141;162m▄[38;2;165;186;199m[48;2;162;215;227m▄[38;2;183;251;255m[48;2;185;248;255m▄[38;2;183;242;254m[48;2;185;242;254m▄[38;2;179;240;254m[48;2;182;242;254m▄[38;2;177;239;255m[48;2;179;241;254m▄[38;2;177;239;255m[48;2;179;241;254m▄[38;2;175;239;254m[48;2;178;240;255m▄[38;2;165;237;254m[48;2;169;237;254m▄[38;2;158;236;254m[48;2;160;235;255m▄[38;2;159;236;255m[48;2;159;235;255m▄[38;2;155;233;255m[48;2;157;233;255m▄[38;2;148;231;254m[48;2;153;232;255m▄[38;2;158;249;255m[48;2;161;250;255m▄[0m
[38;2;133;240;255m[48;2;88;155;189m▄[38;2;139;250;255m[48;2;123;221;242m▄[38;2;126;224;255m[48;2;132;239;255m▄[38;2;125;225;255m[48;2;128;230;255m▄[38;2;134;227;255m[48;2;131;226;255m▄[38;2;148;232;255m[48;2;145;231;255m▄[38;2;164;236;254m[48;2;162;237;254m▄[38;2;167;238;254m[48;2;165;236;255m▄[38;2;178;242;255m[48;2;174;239;254m▄[38;2;185;243;254m[48;2;187;242;255m▄[38;2;187;244;255m[48;2;189;244;255m▄[38;2;193;244;255m[48;2;195;244;255m▄[38;2;196;243;255m[48;2;199;244;255m▄[38;2;197;244;255m[48;2;198;245;254m▄[38;2;201;247;254m[48;2;200;247;255m▄[38;2;200;248;255m[48;2;200;246;254m▄[38;2;192;247;251m[48;2;200;251;255m▄[38;2;189;157;172m[48;2;178;222;230m▄[38;2;255;154;180m[48;2;214;145;165m▄[38;2;254;159;183m[48;2;254;160;187m▄[38;2;255;162;186m[48;2;226;150;170m▄[38;2;255;175;197m[48;2;171;84;100m▄[38;2;201;114;126m[48;2;171;27;39m▄[38;2;190;30;46m[48;2;185;30;39m▄[38;2;204;32;55m[48;2;178;25;41m▄[38;2;203;34;56m[48;2;175;25;41m▄[38;2;203;38;55m[48;2;170;29;40m▄[38;2;203;42;55m[48;2;167;28;39m▄[38;2;204;43;54m[48;2;162;30;40m▄[38;2;204;43;54m[48;2;162;34;45m▄[38;2;204;44;54m[48;2;156;35;48m▄[38;2;201;42;51m[48;2;162;38;54m▄[38;2;198;39;49m[48;2;160;44;56m▄[38;2;195;37;47m[48;2;160;51;66m▄[38;2;194;30;41m[48;2;164;56;74m▄[38;2;172;29;40m[48;2;171;62;81m▄[38;2;174;57;73m[48;2;175;67;83m▄[38;2;165;67;84m[48;2;171;72;88m▄[38;2;159;74;91m[48;2;177;94;111m▄[38;2;214;139;158m[48;2;253;162;186m▄[38;2;228;144;166m[48;2;255;163;188m▄[38;2;248;155;181m[48;2;255;160;184m▄[38;2;254;160;185m[48;2;254;159;183m▄[38;2;254;159;183m[48;2;254;159;183m▄[38;2;254;159;183m[48;2;254;159;183m▄[38;2;255;159;184m[48;2;255;159;183m▄[38;2;253;148;173m[48;2;255;150;175m▄[38;2;167;170;185m[48;2;173;174;188m▄[38;2;175;249;255m[48;2;177;249;255m▄[38;2;176;239;255m[48;2;180;240;255m▄[38;2;172;238;255m[48;2;177;239;255m▄[38;2;170;237;255m[48;2;174;238;255m▄[38;2;172;238;255m[48;2;173;239;255m▄[38;2;171;238;255m[48;2;172;238;254m▄[38;2;159;234;255m[48;2;162;236;254m▄[38;2;157;233;255m[48;2;157;235;255m▄[38;2;155;234;255m[48;2;157;235;255m▄[38;2;147;231;254m[48;2;153;231;254m▄[38;2;144;231;255m[48;2;144;230;255m▄[38;2;154;249;255m[48;2;156;249;255m▄[0m
[38;2;125;225;255m[48;2;127;226;255m▄[38;2;136;243;255m[48;2;136;243;255m▄[38;2;125;225;255m[48;2;125;225;255m▄[38;2;126;225;255m[48;2;125;225;255m▄[38;2;142;231;255m[48;2;138;229;254m▄[38;2;159;236;254m[48;2;156;235;254m▄[38;2;170;239;254m[48;2;168;238;254m▄[38;2;171;239;254m[48;2;171;240;254m▄[38;2;172;240;255m[48;2;175;242;255m▄[38;2;176;240;254m[48;2;178;241;254m▄[38;2;183;241;254m[48;2;186;242;255m▄[38;2;185;243;254m[48;2;190;243;255m▄[38;2;186;242;255m[48;2;191;243;255m▄[38;2;197;245;254m[48;2;196;244;255m▄[38;2;204;247;254m[48;2;202;247;254m▄[38;2;199;246;255m[48;2;201;249;255m▄[38;2;194;251;255m[48;2;185;237;245m▄[38;2;189;163;176m[48;2;203;146;162m▄[38;2;255;153;179m[48;2;255;160;186m▄[38;2;255;163;188m[48;2;254;159;183m▄[38;2;255;162;186m[48;2;254;159;183m▄[38;2;255;169;195m[48;2;255;163;186m▄[38;2;238;157;174m[48;2;245;164;181m▄[38;2;186;39;60m[48;2;186;40;63m▄[38;2;201;26;51m[48;2;202;20;51m▄[38;2;199;38;53m[48;2;199;36;53m▄[38;2;197;40;54m[48;2;197;40;54m▄[38;2;198;38;54m[48;2;198;39;54m▄[38;2;199;37;54m[48;2;198;39;54m▄[38;2;199;37;53m[48;2;198;39;54m▄[38;2;198;38;54m[48;2;198;40;53m▄[38;2;199;36;53m[48;2;198;38;53m▄[38;2;201;32;55m[48;2;198;38;54m▄[38;2;187;25;43m[48;2;202;36;51m▄[38;2;192;102;117m[48;2;181;51;64m▄[38;2;255;179;205m[48;2;217;135;153m▄[38;2;255;159;184m[48;2;252;168;195m▄[38;2;254;159;183m[48;2;255;170;197m▄[38;2;254;159;183m[48;2;255;168;193m▄[38;2;255;159;183m[48;2;249;157;180m▄[38;2;255;160;185m[48;2;241;151;173m▄[38;2;255;160;184m[48;2;249;155;179m▄[38;2;254;159;183m[48;2;254;159;184m▄[38;2;254;160;184m[48;2;254;159;183m▄[38;2;255;163;189m[48;2;254;159;183m▄[38;2;255;151;174m[48;2;255;165;190m▄[38;2;185;109;123m[48;2;234;133;155m▄[38;2;144;216;234m[48;2;147;179;195m▄[38;2;171;243;255m[48;2;175;249;255m▄[38;2;170;237;254m[48;2;173;238;255m▄[38;2;162;236;254m[48;2;167;237;254m▄[38;2;159;234;255m[48;2;164;236;254m▄[38;2;163;236;254m[48;2;169;237;255m▄[38;2;164;236;254m[48;2;168;237;254m▄[38;2;155;233;255m[48;2;157;234;255m▄[38;2;153;232;255m[48;2;156;233;255m▄[38;2;148;231;255m[48;2;152;232;255m▄[38;2;141;229;255m[48;2;144;231;255m▄[38;2;141;229;255m[48;2;145;231;255m▄[38;2;147;246;255m[48;2;149;248;255m▄[0m
[38;2;125;225;255m[48;2;127;226;255m▄[38;2;136;243;255m[48;2;136;243;255m▄[38;2;125;225;255m[48;2;125;225;255m▄[38;2;129;227;255m[48;2;128;226;255m▄[38;2;138;229;254m[48;2;142;231;255m▄[38;2;152;233;255m[48;2;155;234;254m▄[38;2;167;238;254m[48;2;169;239;255m▄[38;2;166;236;255m[48;2;168;238;255m▄[38;2;171;236;254m[48;2;171;238;254m▄[38;2;181;241;254m[48;2;179;240;255m▄[38;2;181;240;254m[48;2;181;240;254m▄[38;2;182;241;254m[48;2;182;242;254m▄[38;2;189;242;255m[48;2;185;241;254m▄[38;2;201;246;255m[48;2;200;246;254m▄[38;2;205;248;255m[48;2;204;247;255m▄[38;2;198;244;255m[48;2;198;245;255m▄[38;2;202;255;255m[48;2;199;251;255m▄[38;2;182;223;229m[48;2;182;227;233m▄[38;2;141;69;97m[48;2;195;135;150m▄[38;2;156;48;78m[48;2;248;148;169m▄[38;2;171;90;102m[48;2;250;150;173m▄[38;2;180;95;104m[48;2;215;129;147m▄[38;2;177;73;85m[48;2;171;61;72m▄[38;2;185;73;87m[48;2;193;29;42m▄[38;2;181;66;79m[48;2;200;39;48m▄[38;2;180;60;72m[48;2;201;41;49m▄[38;2;180;53;65m[48;2;202;39;50m▄[38;2;180;47;60m[48;2;202;38;51m▄[38;2;183;44;56m[48;2;202;40;52m▄[38;2;185;41;53m[48;2;201;41;53m▄[38;2;187;39;50m[48;2;201;41;54m▄[38;2;191;37;49m[48;2;200;40;53m▄[38;2;193;35;48m[48;2;201;35;54m▄[38;2;200;31;47m[48;2;191;30;47m▄[38;2;171;33;48m[48;2;174;79;91m▄[38;2;190;97;109m[48;2;248;153;175m▄[38;2;240;138;156m[48;2;255;163;188m▄[38;2;248;150;174m[48;2;255;162;186m▄[38;2;251;156;180m[48;2;255;160;184m▄[38;2;252;156;180m[48;2;255;160;184m▄[38;2;250;153;177m[48;2;255;161;185m▄[38;2;244;146;168m[48;2;255;162;187m▄[38;2;236;135;155m[48;2;255;162;188m▄[38;2;224;121;137m[48;2;255;159;184m▄[38;2;224;110;122m[48;2;244;143;163m▄[38;2;156;121;132m[48;2;221;102;116m▄[38;2;138;233;252m[48;2;143;148;164m▄[38;2;156;236;255m[48;2;157;245;255m▄[38;2;161;235;255m[48;2;165;237;254m▄[38;2;161;235;255m[48;2;165;237;254m▄[38;2;153;232;255m[48;2;158;234;255m▄[38;2;151;231;254m[48;2;155;232;255m▄[38;2;155;233;255m[48;2;159;235;255m▄[38;2;155;232;255m[48;2;160;233;255m▄[38;2;147;230;255m[48;2;152;231;255m▄[38;2;146;230;255m[48;2;150;232;254m▄[38;2;140;228;254m[48;2;144;230;254m▄[38;2;140;228;255m[48;2;140;227;255m▄[38;2;139;228;255m[48;2;140;229;255m▄[38;2;143;245;255m[48;2;145;246;255m▄[0m
[38;2;127;225;255m[48;2;125;226;255m▄[38;2;136;244;255m[48;2;136;244;255m▄[38;2;126;225;255m[48;2;126;225;255m▄[38;2;125;225;254m[48;2;127;226;254m▄[38;2;137;228;255m[48;2;135;227;254m▄[38;2;153;233;254m[48;2;154;234;255m▄[38;2;163;236;254m[48;2;167;237;255m▄[38;2;168;237;255m[48;2;166;236;255m▄[38;2;173;238;254m[48;2;171;237;253m▄[38;2;180;242;255m[48;2;181;241;254m▄[38;2;179;241;255m[48;2;181;241;255m▄[38;2;181;241;254m[48;2;183;241;255m▄[38;2;187;242;254m[48;2;191;243;255m▄[38;2;196;244;254m[48;2;199;245;254m▄[38;2;202;251;255m[48;2;202;246;254m▄[38;2;182;225;232m[48;2;203;255;255m▄[38;2;146;49;85m[48;2;174;203;211m▄[38;2;170;26;73m[48;2;149;45;80m▄[38;2;169;41;82m[48;2;170;24;71m▄[38;2;170;41;81m[48;2;166;29;78m▄[38;2;169;36;80m[48;2;149;43;76m▄[38;2;150;40;74m[48;2;202;109;121m▄[38;2;182;92;106m[48;2;229;128;141m▄[38;2;225;122;135m[48;2;219;121;135m▄[38;2;223;118;132m[48;2;216;120;133m▄[38;2;217;114;129m[48;2;214;119;133m▄[38;2;218;115;130m[48;2;209;116;129m▄[38;2;219;116;130m[48;2;205;112;126m▄[38;2;220;117;131m[48;2;201;108;121m▄[38;2;221;118;132m[48;2;197;102;116m▄[38;2;222;119;134m[48;2;191;96;108m▄[38;2;221;119;134m[48;2;188;89;102m▄[38;2;220;120;134m[48;2;186;83;95m▄[38;2;219;122;135m[48;2;183;73;88m▄[38;2;217;121;135m[48;2;182;63;77m▄[38;2;217;117;131m[48;2;153;64;75m▄[38;2;202;107;121m[48;2;181;94;105m▄[38;2;193;101;113m[48;2;211;108;124m▄[38;2;215;113;126m[48;2;220;117;132m▄[38;2;216;114;127m[48;2;219;117;132m▄[38;2;215;114;127m[48;2;217;115;129m▄[38;2;224;120;133m[48;2;214;112;125m▄[38;2;213;119;128m[48;2;215;112;126m▄[38;2;168;76;94m[48;2;223;120;132m▄[38;2;154;32;75m[48;2;175;80;97m▄[38;2;175;14;68m[48;2;128;51;85m▄[38;2;133;80;113m[48;2;133;204;223m▄[38;2;137;239;254m[48;2;150;240;255m▄[38;2;146;231;255m[48;2;154;232;254m▄[38;2;150;231;254m[48;2;155;233;255m▄[38;2;144;230;254m[48;2;148;231;254m▄[38;2;141;230;255m[48;2;146;230;254m▄[38;2;144;230;255m[48;2;151;232;254m▄[38;2;145;230;254m[48;2;150;231;254m▄[38;2;139;229;255m[48;2;143;230;255m▄[38;2;138;229;255m[48;2;142;230;255m▄[38;2;139;228;255m[48;2;139;229;255m▄[38;2;138;227;254m[48;2;138;230;255m▄[38;2;134;227;255m[48;2;137;227;254m▄[38;2;142;246;255m[48;2;144;244;255m▄[0m
[38;2;127;226;255m[48;2;125;225;255m▄[38;2;136;244;255m[48;2;136;243;255m▄[38;2;126;225;255m[48;2;126;225;255m▄[38;2;126;226;255m[48;2;126;225;255m▄[38;2;129;226;255m[48;2;135;229;255m▄[38;2;140;228;255m[48;2;143;229;254m▄[38;2;156;234;255m[48;2;157;233;254m▄[38;2;166;237;254m[48;2;168;238;254m▄[38;2;174;238;255m[48;2;175;239;255m▄[38;2;177;239;255m[48;2;179;241;255m▄[38;2;178;240;255m[48;2;178;240;255m▄[38;2;179;239;255m[48;2;180;241;255m▄[38;2;182;240;255m[48;2;183;241;254m▄[38;2;188;243;254m[48;2;192;243;254m▄[38;2;193;255;255m[48;2;200;255;255m▄[38;2;150;128;149m[48;2;151;124;145m▄[38;2;163;6;58m[48;2;164;12;64m▄[38;2;178;29;81m[48;2;170;36;84m▄[38;2;179;32;83m[48;2;169;40;82m▄[38;2;179;31;83m[48;2;169;39;81m▄[38;2;176;27;84m[48;2;171;35;82m▄[38;2;167;28;80m[48;2;178;28;84m▄[38;2;125;34;64m[48;2;151;27;73m▄[38;2;76;31;38m[48;2;126;66;77m▄[38;2;81;28;36m[48;2;194;104;116m▄[38;2;118;46;55m[48;2;228;121;135m▄[38;2;166;86;98m[48;2;228;119;134m▄[38;2;207;108;121m[48;2;220;115;129m▄[38;2;221;103;117m[48;2;217;115;129m▄[38;2;225;107;120m[48;2;217;115;129m▄[38;2;225;109;123m[48;2;217;115;129m▄[38;2;225;111;124m[48;2;217;115;129m▄[38;2;224;112;125m[48;2;217;115;129m▄[38;2;225;112;125m[48;2;217;115;129m▄[38;2;226;110;124m[48;2;217;115;129m▄[38;2;227;110;123m[48;2;217;115;129m▄[38;2;228;120;134m[48;2;220;116;130m▄[38;2;218;117;130m[48;2;221;118;132m▄[38;2;199;106;118m[48;2;222;118;132m▄[38;2;178;83;101m[48;2;224;121;134m▄[38;2;159;54;82m[48;2;214;119;128m▄[38;2;156;31;76m[48;2;186;96;110m▄[38;2;170;28;81m[48;2;154;50;81m▄[38;2;171;34;83m[48;2;161;26;76m▄[38;2;171;34;81m[48;2;174;32;82m▄[38;2;175;29;82m[48;2;175;27;80m▄[38;2;152;32;75m[48;2;146;41;82m▄[38;2;123;197;220m[48;2;126;214;236m▄[38;2;138;237;255m[48;2;142;235;255m▄[38;2;139;228;255m[48;2;144;230;255m▄[38;2;138;229;255m[48;2;140;229;255m▄[38;2;139;228;255m[48;2;138;229;255m▄[38;2;138;228;254m[48;2;140;229;255m▄[38;2;136;227;254m[48;2;139;229;254m▄[38;2;138;226;254m[48;2;138;228;255m▄[38;2;138;228;254m[48;2;138;229;255m▄[38;2;136;228;254m[48;2;139;228;255m▄[38;2;130;225;255m[48;2;137;226;255m▄[38;2;127;224;255m[48;2;130;226;255m▄[38;2;139;243;255m[48;2;139;245;255m▄[0m
[38;2;125;225;255m[48;2;125;225;255m▄[38;2;136;243;255m[48;2;136;244;255m▄[38;2;126;225;255m[48;2;126;225;255m▄[38;2;126;225;255m[48;2;125;225;255m▄[38;2;128;226;255m[48;2;128;226;255m▄[38;2;142;229;255m[48;2;143;229;255m▄[38;2;153;232;255m[48;2;157;234;255m▄[38;2;157;233;255m[48;2;161;235;254m▄[38;2;165;237;254m[48;2;170;237;255m▄[38;2;168;237;254m[48;2;174;239;255m▄[38;2;173;238;255m[48;2;175;240;255m▄[38;2;178;240;255m[48;2;179;240;255m▄[38;2;178;240;255m[48;2;180;241;255m▄[38;2;182;242;254m[48;2;184;242;254m▄[38;2;182;242;254m[48;2;187;247;255m▄[38;2;186;247;255m[48;2;177;234;242m▄[38;2;182;251;255m[48;2;142;97;123m▄[38;2;161;221;228m[48;2;131;36;70m▄[38;2;148;199;206m[48;2;124;28;60m▄[38;2;141;184;193m[48;2;117;27;51m▄[38;2;134;179;191m[48;2;102;28;47m▄[38;2;136;191;205m[48;2;86;35;44m▄[38;2;144;209;225m[48;2;80;45;50m▄[38;2;135;222;246m[48;2;87;61;68m▄[38;2;134;234;255m[48;2;90;84;96m▄[38;2;138;242;255m[48;2;90;122;140m▄[38;2;132;235;255m[48;2;103;182;205m▄[38;2;125;232;255m[48;2;123;196;219m▄[38;2;121;235;255m[48;2;136;163;184m▄[38;2;117;233;255m[48;2;153;143;160m▄[38;2;116;228;255m[48;2;165;132;148m▄[38;2;115;223;253m[48;2;174;124;140m▄[38;2;116;220;250m[48;2;180;121;138m▄[38;2;117;220;250m[48;2;180;121;138m▄[38;2;116;226;255m[48;2;174;128;143m▄[38;2;116;231;254m[48;2;155;123;137m▄[38;2;86;143;158m[48;2;116;57;64m▄[38;2;80;35;50m[48;2;134;46;67m▄[38;2;163;10;61m[48;2;163;35;80m▄[38;2;182;28;81m[48;2;162;27;75m▄[38;2;170;38;82m[48;2;171;29;81m▄[38;2;168;39;81m[48;2;171;35;83m▄[38;2;169;40;81m[48;2;170;37;81m▄[38;2;168;41;81m[48;2;169;40;81m▄[38;2;170;39;82m[48;2;170;37;81m▄[38;2;178;18;69m[48;2;177;29;82m▄[38;2;131;67;104m[48;2;151;29;75m▄[38;2;121;228;248m[48;2;120;198;223m▄[38;2;130;227;255m[48;2;135;234;255m▄[38;2;132;225;255m[48;2;135;227;254m▄[38;2;134;227;255m[48;2;136;227;254m▄[38;2;134;226;255m[48;2;136;226;255m▄[38;2;133;227;254m[48;2;136;226;254m▄[38;2;134;226;255m[48;2;134;226;255m▄[38;2;134;226;255m[48;2;135;225;254m▄[38;2;130;228;255m[48;2;133;227;254m▄[38;2;127;225;255m[48;2;129;226;255m▄[38;2;127;224;255m[48;2;127;224;255m▄[38;2;126;224;255m[48;2;127;224;255m▄[38;2;136;243;255m[48;2;137;243;255m▄[0m
[38;2;127;225;255m[48;2;127;226;255m▄[38;2;136;243;255m[48;2;136;243;255m▄[38;2;126;225;255m[48;2;126;225;255m▄[38;2;126;225;255m[48;2;126;225;255m▄[38;2;126;225;255m[48;2;128;226;255m▄[38;2;134;227;254m[48;2;139;228;254m▄[38;2;145;230;255m[48;2;148;230;254m▄[38;2;151;232;254m[48;2;154;232;255m▄[38;2;159;235;254m[48;2;162;236;254m▄[38;2;159;234;255m[48;2;161;235;255m▄[38;2;167;236;254m[48;2;169;237;254m▄[38;2;174;239;255m[48;2;176;239;255m▄[38;2;173;239;255m[48;2;176;240;255m▄[38;2;178;240;254m[48;2;180;241;254m▄[38;2;181;240;254m[48;2;183;241;255m▄[38;2;181;240;254m[48;2;182;240;254m▄[38;2;176;239;254m[48;2;181;241;255m▄[38;2;174;239;255m[48;2;183;247;255m▄[38;2;167;236;255m[48;2;183;251;255m▄[38;2;161;235;254m[48;2;177;250;255m▄[38;2;161;237;253m[48;2;171;249;255m▄[38;2;160;236;254m[48;2;165;246;255m▄[38;2;145;230;254m[48;2;162;243;255m▄[38;2;132;225;254m[48;2;139;231;255m▄[38;2;131;225;254m[48;2;132;227;255m▄[38;2;127;225;255m[48;2;131;226;254m▄[38;2;126;225;255m[48;2;127;225;255m▄[38;2;126;225;255m[48;2;126;225;255m▄[38;2;126;225;255m[48;2;126;225;255m▄[38;2;126;225;255m[48;2;126;225;255m▄[38;2;126;225;255m[48;2;126;225;255m▄[38;2;125;224;255m[48;2;126;226;255m▄[38;2;125;224;255m[48;2;126;227;255m▄[38;2;126;225;255m[48;2;126;227;255m▄[38;2;126;225;255m[48;2;126;226;255m▄[38;2;126;224;255m[48;2;126;226;255m▄[38;2;125;224;255m[48;2;129;241;255m▄[38;2;128;233;255m[48;2;107;204;222m▄[38;2;123;242;255m[48;2;97;108;129m▄[38;2;110;210;233m[48;2;143;38;80m▄[38;2;117;147;176m[48;2;168;21;64m▄[38;2;129;105;140m[48;2;174;23;67m▄[38;2;136;88;124m[48;2;175;27;71m▄[38;2;134;94;128m[48;2;174;26;69m▄[38;2;120;137;166m[48;2;171;18;63m▄[38;2;115;214;239m[48;2;140;53;91m▄[38;2;126;236;255m[48;2;117;197;219m▄[38;2;126;224;255m[48;2;127;235;255m▄[38;2;126;225;255m[48;2;126;224;255m▄[38;2;126;225;255m[48;2;129;225;255m▄[38;2;127;226;254m[48;2;132;227;255m▄[38;2;127;225;254m[48;2;132;227;255m▄[38;2;126;224;255m[48;2;130;226;255m▄[38;2;127;225;255m[48;2;129;226;255m▄[38;2;127;225;255m[48;2;130;227;254m▄[38;2;127;224;255m[48;2;128;225;255m▄[38;2;126;224;255m[48;2;127;224;255m▄[38;2;126;225;255m[48;2;127;224;255m▄[38;2;126;225;255m[48;2;125;225;255m▄[38;2;136;243;255m[48;2;136;243;255m▄[0m
[38;2;126;225;254m[48;2;125;225;255m▄[38;2;147;255;255m[48;2;136;243;255m▄[38;2;136;243;255m[48;2;126;225;255m▄[38;2;136;243;255m[48;2;126;225;255m▄[38;2;138;243;255m[48;2;126;224;255m▄[38;2;139;244;255m[48;2;131;226;255m▄[38;2;139;245;255m[48;2;138;228;254m▄[38;2;141;245;255m[48;2;141;229;254m▄[38;2;160;249;255m[48;2;156;234;255m▄[38;2;167;252;255m[48;2;158;235;255m▄[38;2;172;255;255m[48;2;165;235;254m▄[38;2;185;255;255m[48;2;173;238;254m▄[38;2;188;255;255m[48;2;174;238;255m▄[38;2;190;255;255m[48;2;175;239;255m▄[38;2;190;255;255m[48;2;177;238;255m▄[38;2;185;255;255m[48;2;176;238;255m▄[38;2;179;255;255m[48;2;173;238;255m▄[38;2;169;251;255m[48;2;166;236;255m▄[38;2;163;250;255m[48;2;156;233;255m▄[38;2;164;250;255m[48;2;155;233;255m▄[38;2;165;250;255m[48;2;157;233;255m▄[38;2;156;248;255m[48;2;153;232;254m▄[38;2;141;244;255m[48;2;134;226;255m▄[38;2;140;245;255m[48;2;131;225;255m▄[38;2;137;243;255m[48;2;129;224;255m▄[38;2;137;243;255m[48;2;127;225;255m▄[38;2;136;244;255m[48;2;126;225;255m▄[38;2;136;243;255m[48;2;125;224;255m▄[38;2;136;243;255m[48;2;126;225;255m▄[38;2;136;243;255m[48;2;126;225;255m▄[38;2;136;243;255m[48;2;125;224;255m▄[38;2;136;243;255m[48;2;126;225;255m▄[38;2;136;243;255m[48;2;126;225;255m▄[38;2;136;243;255m[48;2;126;225;255m▄[38;2;136;243;255m[48;2;125;224;255m▄[38;2;136;243;255m[48;2;125;224;255m▄[38;2;136;243;255m[48;2;125;224;255m▄[38;2;136;243;255m[48;2;125;224;255m▄[38;2;136;243;255m[48;2;126;224;255m▄[38;2;136;243;255m[48;2;127;230;255m▄[38;2;136;243;255m[48;2;124;240;255m▄[38;2;136;243;255m[48;2;120;240;255m▄[38;2;136;244;255m[48;2;118;235;255m▄[38;2;135;244;255m[48;2;118;238;255m▄[38;2;136;243;255m[48;2;123;241;255m▄[38;2;138;243;255m[48;2;127;229;255m▄[38;2;136;243;255m[48;2;126;224;255m▄[38;2;136;243;255m[48;2;125;224;255m▄[38;2;136;243;255m[48;2;126;225;255m▄[38;2;136;243;255m[48;2;126;225;255m▄[38;2;136;243;255m[48;2;126;225;255m▄[38;2;136;243;255m[48;2;127;224;254m▄[38;2;136;243;255m[48;2;126;224;255m▄[38;2;137;243;255m[48;2;126;224;255m▄[38;2;138;242;255m[48;2;127;224;255m▄[38;2;137;243;255m[48;2;127;224;255m▄[38;2;136;243;255m[48;2;125;225;255m▄[38;2;136;243;255m[48;2;125;224;255m▄[38;2;136;243;255m[48;2;125;224;255m▄[38;2;147;255;255m[48;2;136;243;255m▄[0m
