[38;2;6;41;40m[48;2;6;38;41m▄[38;2;11;54;50m[48;2;9;44;48m▄[38;2;10;58;52m[48;2;7;42;48m▄[38;2;9;54;43m[48;2;11;56;44m▄[38;2;8;51;29m[48;2;9;63;32m▄[38;2;9;58;30m[48;2;3;40;17m▄[38;2;7;30;15m[48;2;5;27;13m▄[38;2;7;18;10m[48;2;5;25;13m▄[38;2;5;17;8m[48;2;5;17;9m▄[38;2;7;17;8m[48;2;7;13;5m▄[38;2;12;25;14m[48;2;13;19;11m▄[38;2;16;31;13m[48;2;19;23;11m▄[38;2;18;28;14m[48;2;21;21;13m▄[38;2;12;13;7m[48;2;11;9;5m▄[38;2;12;11;5m[48;2;9;7;3m▄[38;2;12;11;4m[48;2;9;5;1m▄[38;2;15;27;17m[48;2;9;25;13m▄[38;2;14;38;31m[48;2;9;36;25m▄[38;2;13;48;30m[48;2;9;50;28m▄[38;2;13;49;34m[48;2;9;46;34m▄[38;2;12;47;25m[48;2;11;36;25m▄[38;2;19;35;13m[48;2;17;13;5m▄[38;2;27;18;7m[48;2;19;11;3m▄[38;2;27;19;8m[48;2;19;13;3m▄[38;2;25;15;5m[48;2;19;13;3m▄[38;2;23;17;6m[48;2;17;11;3m▄[38;2;19;40;20m[48;2;15;23;15m▄[38;2;16;43;29m[48;2;13;36;27m▄[38;2;17;44;32m[48;2;13;40;28m▄[38;2;20;35;18m[48;2;17;30;19m▄[38;2;22;12;5m[48;2;17;13;7m▄[38;2;22;13;5m[48;2;15;11;5m▄[38;2;25;24;17m[48;2;17;17;5m▄[38;2;26;39;29m[48;2;25;30;15m▄[38;2;22;38;28m[48;2;27;36;19m▄[38;2;17;19;11m[48;2;17;19;7m▄[38;2;16;12;3m[48;2;17;13;9m▄[38;2;18;18;6m[48;2;17;17;11m▄[38;2;16;17;6m[48;2;17;17;11m▄[38;2;16;14;8m[48;2;11;15;7m▄[38;2;18;17;10m[48;2;19;21;15m▄[38;2;16;16;9m[48;2;13;15;11m▄[38;2;14;14;9m[48;2;11;9;9m▄[38;2;14;14;10m[48;2;11;9;7m▄[38;2;11;13;8m[48;2;7;9;7m▄[38;2;12;14;9m[48;2;7;9;7m▄[38;2;13;15;11m[48;2;9;9;7m▄[38;2;12;15;10m[48;2;7;11;7m▄[38;2;11;16;11m[48;2;7;11;9m▄[38;2;11;17;11m[48;2;9;13;13m▄[38;2;10;16;11m[48;2;7;13;11m▄[38;2;10;16;12m[48;2;9;13;9m▄[38;2;10;16;11m[48;2;9;13;9m▄[38;2;9;15;10m[48;2;7;11;9m▄[38;2;9;16;10m[48;2;9;13;11m▄[38;2;9;16;10m[48;2;9;13;9m▄[38;2;8;16;9m[48;2;7;13;9m▄[38;2;8;16;9m[48;2;7;15;9m▄[38;2;9;17;10m[48;2;7;15;9m▄[38;2;10;19;12m[48;2;9;17;11m▄[0m
[38;2;9;58;34m[48;2;7;50;38m▄[38;2;10;56;39m[48;2;12;65;37m▄[38;2;9;51;44m[48;2;10;58;33m▄[38;2;11;66;50m[48;2;7;44;35m▄[38;2;12;84;50m[48;2;6;37;26m▄[38;2;10;88;48m[48;2;9;67;37m▄[38;2;9;60;31m[48;2;8;47;23m▄[38;2;7;13;5m[48;2;10;10;4m▄[38;2;7;8;3m[48;2;9;10;4m▄[38;2;7;17;12m[48;2;6;16;11m▄[38;2;6;28;24m[48;2;6;29;23m▄[38;2;7;32;30m[48;2;7;32;23m▄[38;2;12;26;22m[48;2;10;30;21m▄[38;2;19;14;7m[48;2;13;16;11m▄[38;2;21;11;3m[48;2;16;12;6m▄[38;2;17;32;15m[48;2;16;10;3m▄[38;2;19;63;36m[48;2;18;30;19m▄[38;2;20;67;39m[48;2;16;54;37m▄[38;2;21;61;31m[48;2;16;57;40m▄[38;2;26;53;30m[48;2;17;53;38m▄[38;2;30;33;26m[48;2;18;51;29m▄[38;2;33;20;7m[48;2;22;39;18m▄[38;2;37;20;5m[48;2;29;20;8m▄[38;2;37;20;5m[48;2;30;19;8m▄[38;2;36;19;5m[48;2;29;14;4m▄[38;2;33;22;5m[48;2;28;22;8m▄[38;2;34;34;17m[48;2;24;51;20m▄[38;2;24;37;23m[48;2;19;49;23m▄[38;2;25;47;31m[48;2;19;46;33m▄[38;2;71;68;45m[48;2;13;27;15m▄[38;2;98;80;49m[48;2;13;10;0m▄[38;2;122;98;61m[48;2;13;4;0m▄[38;2;142;118;74m[48;2;30;23;18m▄[38;2;153;126;81m[48;2;46;35;21m▄[38;2;145;121;79m[48;2;39;29;17m▄[38;2;139;120;82m[48;2;37;27;18m▄[38;2;136;119;84m[48;2;36;29;16m▄[38;2;133;119;91m[48;2;60;56;40m▄[38;2;121;112;89m[48;2;50;49;34m▄[38;2;93;92;73m[48;2;20;15;7m▄[38;2;76;80;67m[48;2;21;16;7m▄[38;2;54;57;47m[48;2;16;12;3m▄[38;2;37;29;18m[48;2;18;16;9m▄[38;2;32;21;10m[48;2;22;21;13m▄[38;2;30;21;9m[48;2;23;27;17m▄[38;2;17;14;4m[48;2;16;21;14m▄[38;2;6;8;4m[48;2;11;18;12m▄[38;2;3;9;5m[48;2;11;20;13m▄[38;2;2;8;4m[48;2;10;20;13m▄[38;2;3;10;6m[48;2;9;22;14m▄[38;2;6;12;8m[48;2;8;22;14m▄[38;2;5;11;7m[48;2;6;21;12m▄[38;2;5;12;8m[48;2;5;20;12m▄[38;2;5;12;8m[48;2;6;19;12m▄[38;2;6;12;8m[48;2;7;19;12m▄[38;2;5;11;6m[48;2;6;19;12m▄[38;2;0;7;3m[48;2;6;19;12m▄[38;2;0;7;3m[48;2;5;19;12m▄[38;2;0;7;3m[48;2;5;19;12m▄[38;2;0;7;3m[48;2;6;21;13m▄[0m
[38;2;9;76;50m[48;2;7;69;49m▄[38;2;11;76;50m[48;2;13;85;54m▄[38;2;10;58;37m[48;2;12;87;50m▄[38;2;8;43;31m[48;2;12;83;44m▄[38;2;4;28;27m[48;2;9;65;36m▄[38;2;7;37;20m[48;2;8;36;21m▄[38;2;8;25;8m[48;2;10;20;10m▄[38;2;7;21;6m[48;2;9;20;7m▄[38;2;4;14;5m[48;2;3;13;4m▄[38;2;5;25;11m[48;2;5;19;13m▄[38;2;8;41;18m[48;2;6;30;20m▄[38;2;6;48;21m[48;2;6;35;23m▄[38;2;9;42;17m[48;2;12;26;14m▄[38;2;18;22;8m[48;2;21;12;3m▄[38;2;27;14;3m[48;2;24;7;1m▄[38;2;27;23;7m[48;2;22;39;16m▄[38;2;32;42;27m[48;2;25;62;31m▄[38;2;34;38;35m[48;2;29;39;35m▄[38;2;37;51;41m[48;2;31;42;37m▄[38;2;42;50;37m[48;2;32;56;31m▄[38;2;41;48;22m[48;2;34;49;25m▄[38;2;43;41;15m[48;2;39;33;11m▄[38;2;46;31;13m[48;2;42;24;6m▄[38;2;49;35;13m[48;2;43;26;8m▄[38;2;47;28;9m[48;2;42;22;3m▄[38;2;76;56;36m[48;2;41;23;4m▄[38;2;53;55;29m[48;2;34;28;14m▄[38;2;178;150;93m[48;2;53;49;33m▄[38;2;190;144;81m[48;2;172;144;91m▄[38;2;64;36;10m[48;2;212;169;103m▄[38;2;102;74;40m[48;2;194;153;91m▄[38;2;124;97;60m[48;2;187;149;88m▄[38;2;60;39;15m[48;2;181;145;89m▄[38;2;136;107;66m[48;2;145;124;86m▄[38;2;175;140;89m[48;2;131;121;89m▄[38;2;125;92;52m[48;2;168;145;99m▄[38;2;117;95;61m[48;2;130;120;88m▄[38;2;105;90;64m[48;2;102;103;85m▄[38;2;90;84;66m[48;2;95;99;85m▄[38;2;84;85;73m[48;2;94;102;87m▄[38;2;85;91;81m[48;2;84;97;86m▄[38;2;80;91;82m[48;2;80;96;87m▄[38;2;79;92;83m[48;2;73;86;78m▄[38;2;78;94;84m[48;2;73;83;74m▄[38;2;80;96;87m[48;2;65;73;65m▄[38;2;94;108;99m[48;2;46;46;35m▄[38;2;105;99;84m[48;2;39;32;19m▄[38;2;94;75;54m[48;2;41;35;23m▄[38;2;95;77;56m[48;2;44;37;26m▄[38;2;66;55;37m[48;2;32;29;18m▄[38;2;17;21;10m[48;2;10;15;7m▄[38;2;13;22;11m[48;2;10;16;9m▄[38;2;12;19;11m[48;2;9;15;8m▄[38;2;9;18;8m[48;2;8;15;7m▄[38;2;5;16;5m[48;2;7;14;6m▄[38;2;21;23;14m[48;2;18;21;12m▄[38;2;77;63;46m[48;2;56;48;33m▄[38;2;83;67;47m[48;2;60;51;34m▄[38;2;80;66;46m[48;2;64;55;37m▄[38;2;85;69;50m[48;2;70;59;42m▄[0m
[38;2;3;50;56m[48;2;7;47;49m▄[38;2;9;63;52m[48;2;11;63;49m▄[38;2;8;63;43m[48;2;10;54;45m▄[38;2;9;66;43m[48;2;9;50;47m▄[38;2;11;73;39m[48;2;8;48;37m▄[38;2;8;58;29m[48;2;7;41;19m▄[38;2;8;24;9m[48;2;8;27;7m▄[38;2;6;17;4m[48;2;6;18;4m▄[38;2;3;11;4m[48;2;4;16;5m▄[38;2;6;19;14m[48;2;5;21;9m▄[38;2;6;29;21m[48;2;7;36;17m▄[38;2;5;29;17m[48;2;6;51;23m▄[38;2;4;30;11m[48;2;6;46;18m▄[38;2;13;32;11m[48;2;15;28;9m▄[38;2;20;23;7m[48;2;24;17;4m▄[38;2;21;23;8m[48;2;29;25;7m▄[38;2;31;50;24m[48;2;32;56;21m▄[38;2;39;60;37m[48;2;37;51;26m▄[38;2;44;63;39m[48;2;42;55;31m▄[38;2;50;71;37m[48;2;43;52;33m▄[38;2;56;71;30m[48;2;44;65;33m▄[38;2;61;51;17m[48;2;45;68;27m▄[38;2;66;40;10m[48;2;50;39;18m▄[38;2;69;40;10m[48;2;55;38;18m▄[38;2;70;39;8m[48;2;54;32;9m▄[38;2;69;38;5m[48;2;62;47;19m▄[38;2;65;33;3m[48;2;66;60;26m▄[38;2;119;83;39m[48;2;206;166;99m▄[38;2;224;177;104m[48;2;189;143;81m▄[38;2;227;176;98m[48;2;63;31;4m▄[38;2;181;133;69m[48;2;93;65;30m▄[38;2;179;135;74m[48;2;160;130;84m▄[38;2;181;141;86m[48;2;156;126;78m▄[38;2;142;113;72m[48;2;191;153;94m▄[38;2;97;89;71m[48;2;137;113;78m▄[38;2;88;82;65m[48;2;52;29;10m▄[38;2;74;48;18m[48;2;127;96;61m▄[38;2;74;48;21m[48;2;126;105;78m▄[38;2;67;39;14m[48;2;60;38;19m▄[38;2;70;43;19m[48;2;41;17;0m▄[38;2;100;77;49m[48;2;57;39;18m▄[38;2;122;105;78m[48;2;103;92;71m▄[38;2;96;93;75m[48;2;93;94;80m▄[38;2;86;91;79m[48;2;84;91;80m▄[38;2;82;92;82m[48;2;80;91;83m▄[38;2;61;73;64m[48;2;83;99;89m▄[38;2;18;26;19m[48;2;77;88;79m▄[38;2;21;22;18m[48;2;26;27;20m▄[38;2;15;14;10m[48;2;16;16;10m▄[38;2;9;8;3m[48;2;15;17;10m▄[38;2;10;8;3m[48;2;12;15;10m▄[38;2;10;8;4m[48;2;12;15;10m▄[38;2;11;9;4m[48;2;11;15;9m▄[38;2;12;9;4m[48;2;10;14;8m▄[38;2;12;9;4m[48;2;9;14;8m▄[38;2;13;8;3m[48;2;9;13;6m▄[38;2;11;7;3m[48;2;9;12;5m▄[38;2;11;7;3m[48;2;9;12;6m▄[38;2;14;8;5m[48;2;8;10;6m▄[38;2;14;7;4m[48;2;8;11;6m▄[0m
[38;2;45;74;45m[48;2;25;69;43m▄[38;2;30;69;48m[48;2;24;68;52m▄[38;2;12;56;45m[48;2;14;58;47m▄[38;2;9;47;46m[48;2;16;65;43m▄[38;2;7;36;32m[48;2;11;67;35m▄[38;2;9;58;28m[48;2;7;58;28m▄[38;2;6;19;6m[48;2;7;21;7m▄[38;2;3;15;4m[48;2;6;18;5m▄[38;2;4;25;11m[48;2;4;23;11m▄[38;2;13;45;20m[48;2;5;31;18m▄[38;2;22;45;20m[48;2;4;34;24m▄[38;2;27;34;15m[48;2;5;32;22m▄[38;2;27;27;11m[48;2;8;32;15m▄[38;2;29;23;10m[48;2;21;41;21m▄[38;2;23;18;8m[48;2;26;32;15m▄[38;2;23;15;7m[48;2;26;19;7m▄[38;2;25;8;2m[48;2;38;34;17m▄[38;2;38;24;7m[48;2;50;47;21m▄[38;2;80;107;32m[48;2;71;83;25m▄[38;2;84;63;13m[48;2;64;55;12m▄[38;2;87;42;7m[48;2;72;34;2m▄[38;2;74;45;4m[48;2;76;39;3m▄[38;2;76;43;3m[48;2;75;41;4m▄[38;2;79;44;4m[48;2;76;41;5m▄[38;2;81;45;4m[48;2;77;42;5m▄[38;2;82;45;4m[48;2;77;42;5m▄[38;2;83;46;4m[48;2;78;42;4m▄[38;2;85;46;5m[48;2;70;35;0m▄[38;2;78;39;0m[48;2;97;61;18m▄[38;2;77;37;0m[48;2;175;129;67m▄[38;2;112;66;22m[48;2;215;159;88m▄[38;2;132;78;31m[48;2;155;98;44m▄[38;2;150;96;40m[48;2;149;99;46m▄[38;2;164;111;49m[48;2;142;94;41m▄[38;2;169;117;58m[48;2;155;111;60m▄[38;2;154;104;47m[48;2;165;126;77m▄[38;2;152;106;49m[48;2;167;123;72m▄[38;2;145;106;50m[48;2;151;108;58m▄[38;2;125;89;45m[48;2;143;106;64m▄[38;2;98;66;35m[48;2;138;107;72m▄[38;2;67;48;30m[48;2;127;102;75m▄[38;2;39;32;22m[48;2;103;89;67m▄[38;2;20;19;15m[48;2;83;79;64m▄[38;2;10;7;2m[48;2;61;62;54m▄[38;2;8;3;0m[48;2;32;35;30m▄[38;2;14;9;2m[48;2;4;7;3m▄[38;2;17;12;4m[48;2;1;3;0m▄[38;2;15;11;4m[48;2;11;12;8m▄[38;2;13;12;5m[48;2;15;15;9m▄[38;2;13;13;7m[48;2;17;16;10m▄[38;2;16;15;10m[48;2;18;15;9m▄[38;2;18;17;10m[48;2;17;14;7m▄[38;2;21;19;13m[48;2;16;11;5m▄[38;2;24;21;14m[48;2;13;9;3m▄[38;2;20;13;8m[48;2;13;8;2m▄[38;2;13;8;2m[48;2;14;9;4m▄[38;2;13;8;3m[48;2;13;8;4m▄[38;2;12;7;3m[48;2;12;7;3m▄[38;2;16;7;3m[48;2;18;6;4m▄[38;2;19;5;3m[48;2;21;4;4m▄[0m
[38;2;50;72;49m[48;2;58;92;40m▄[38;2;48;83;59m[48;2;26;71;53m▄[38;2;48;92;59m[48;2;3;48;56m▄[38;2;48;101;56m[48;2;1;40;44m▄[38;2;21;93;49m[48;2;6;31;24m▄[38;2;7;56;27m[48;2;9;35;12m▄[38;2;9;17;7m[48;2;3;17;4m▄[38;2;36;29;15m[48;2;9;20;8m▄[38;2;37;23;7m[48;2;28;29;14m▄[38;2;32;19;6m[48;2;36;26;12m▄[38;2;31;19;7m[48;2;32;20;6m▄[38;2;31;19;6m[48;2;30;17;4m▄[38;2;30;18;6m[48;2;26;16;4m▄[38;2;37;25;11m[48;2;22;15;4m▄[38;2;39;26;12m[48;2;22;16;6m▄[38;2;27;18;6m[48;2;20;17;9m▄[38;2;20;13;5m[48;2;24;16;8m▄[38;2;27;26;10m[48;2;53;48;16m▄[38;2;30;41;10m[48;2;72;101;25m▄[38;2;97;38;11m[48;2;114;51;14m▄[38;2;148;29;12m[48;2;145;33;13m▄[38;2;146;36;17m[48;2;117;44;14m▄[38;2;141;43;23m[48;2;102;44;10m▄[38;2;128;42;22m[48;2;94;44;8m▄[38;2;118;27;14m[48;2;88;45;6m▄[38;2;111;26;13m[48;2;85;45;5m▄[38;2;102;25;10m[48;2;87;48;6m▄[38;2;95;26;9m[48;2;89;48;6m▄[38;2;90;20;8m[48;2;89;47;7m▄[38;2;85;19;6m[48;2;88;47;5m▄[38;2;76;16;4m[48;2;82;41;1m▄[38;2;66;12;4m[48;2;86;46;5m▄[38;2;53;11;2m[48;2;90;50;9m▄[38;2;48;11;2m[48;2;90;49;9m▄[38;2;68;7;2m[48;2;81;42;5m▄[38;2;59;9;2m[48;2;77;33;1m▄[38;2;55;90;28m[48;2;76;75;20m▄[38;2;56;90;29m[48;2;63;108;35m▄[38;2;48;25;8m[48;2;50;42;11m▄[38;2;30;17;5m[48;2;34;13;0m▄[38;2;20;13;3m[48;2;18;7;0m▄[38;2;19;14;4m[48;2;15;9;1m▄[38;2;21;15;5m[48;2;21;13;5m▄[38;2;34;22;10m[48;2;28;16;6m▄[38;2;31;20;7m[48;2;29;18;5m▄[38;2;26;17;4m[48;2;26;16;5m▄[38;2;25;17;5m[48;2;25;17;6m▄[38;2;24;16;5m[48;2;22;16;5m▄[38;2;24;16;5m[48;2;20;15;5m▄[38;2;21;16;7m[48;2;17;14;6m▄[38;2;17;15;9m[48;2;15;13;8m▄[38;2;16;14;9m[48;2;11;11;7m▄[38;2;13;11;7m[48;2;12;11;7m▄[38;2;11;12;7m[48;2;15;15;10m▄[38;2;12;13;8m[48;2;26;24;18m▄[38;2;19;18;13m[48;2;27;22;16m▄[38;2;25;21;14m[48;2;18;12;4m▄[38;2;15;8;4m[48;2;15;8;4m▄[38;2;21;4;3m[48;2;18;6;3m▄[38;2;24;6;4m[48;2;22;6;3m▄[0m
[38;2;34;83;50m[48;2;116;140;56m▄[38;2;11;67;52m[48;2;106;149;58m▄[38;2;53;90;35m[48;2;61;117;47m▄[38;2;25;75;28m[48;2;32;88;44m▄[38;2;5;51;26m[48;2;10;48;26m▄[38;2;6;28;11m[48;2;4;28;11m▄[38;2;17;26;11m[48;2;27;32;11m▄[38;2;40;30;14m[48;2;46;29;11m▄[38;2;37;22;7m[48;2;36;21;6m▄[38;2;32;18;4m[48;2;35;22;6m▄[38;2;31;18;5m[48;2;35;21;6m▄[38;2;29;17;5m[48;2;33;21;5m▄[38;2;27;17;5m[48;2;33;22;5m▄[38;2;27;17;6m[48;2;38;25;10m▄[38;2;26;18;4m[48;2;34;22;6m▄[38;2;30;19;5m[48;2;30;20;6m▄[38;2;30;16;3m[48;2;20;13;5m▄[38;2;18;8;3m[48;2;6;5;3m▄[38;2;0;2;2m[48;2;0;1;3m▄[38;2;33;16;7m[48;2;38;15;6m▄[38;2;134;41;16m[48;2;138;43;14m▄[38;2;139;51;15m[48;2;144;57;18m▄[38;2;133;43;15m[48;2;137;57;23m▄[38;2;135;52;25m[48;2;133;62;27m▄[38;2;132;58;25m[48;2;127;62;26m▄[38;2;126;57;21m[48;2;121;53;21m▄[38;2;121;51;20m[48;2;111;34;13m▄[38;2;104;37;13m[48;2;102;28;12m▄[38;2;88;27;7m[48;2;90;22;8m▄[38;2;85;25;7m[48;2;80;16;5m▄[38;2;84;25;7m[48;2;67;9;3m▄[38;2;79;23;6m[48;2;64;11;4m▄[38;2;77;14;4m[48;2;63;10;3m▄[38;2;81;13;4m[48;2;75;11;3m▄[38;2;56;13;4m[48;2;81;4;1m▄[38;2;44;32;11m[48;2;50;29;8m▄[38;2;34;31;13m[48;2;51;91;26m▄[38;2;16;12;7m[48;2;30;39;15m▄[38;2;12;11;6m[48;2;27;17;11m▄[38;2;5;7;4m[48;2;20;17;9m▄[38;2;8;8;6m[48;2;25;21;11m▄[38;2;10;11;6m[48;2;21;17;8m▄[38;2;8;9;4m[48;2;18;15;7m▄[38;2;5;5;3m[48;2;29;24;11m▄[38;2;4;5;3m[48;2;25;20;7m▄[38;2;5;5;3m[48;2;21;16;6m▄[38;2;4;5;3m[48;2;19;15;6m▄[38;2;5;5;4m[48;2;19;15;7m▄[38;2;5;5;4m[48;2;21;16;9m▄[38;2;5;6;3m[48;2;21;18;9m▄[38;2;6;6;4m[48;2;18;16;7m▄[38;2;6;7;4m[48;2;16;14;7m▄[38;2;7;8;4m[48;2;14;13;9m▄[38;2;9;10;5m[48;2;12;12;8m▄[38;2;10;12;6m[48;2;12;13;8m▄[38;2;11;13;8m[48;2;10;11;7m▄[38;2;22;25;20m[48;2;21;23;18m▄[38;2;32;28;24m[48;2;27;21;17m▄[38;2;29;7;3m[48;2;22;3;1m▄[38;2;29;7;1m[48;2;28;5;3m▄[0m
[38;2;25;78;45m[48;2;27;63;63m▄[38;2;58;105;41m[48;2;29;75;62m▄[38;2;36;66;38m[48;2;92;123;36m▄[38;2;12;43;38m[48;2;43;94;29m▄[38;2;7;43;34m[48;2;6;55;26m▄[38;2;8;35;25m[48;2;4;19;6m▄[38;2;8;41;25m[48;2;3;10;12m▄[38;2;9;39;22m[48;2;15;23;18m▄[38;2;10;37;27m[48;2;36;45;37m▄[38;2;10;31;24m[48;2;33;31;24m▄[38;2;11;29;19m[48;2;29;22;11m▄[38;2;11;26;14m[48;2;25;20;6m▄[38;2;17;22;12m[48;2;22;17;5m▄[38;2;19;21;10m[48;2;19;13;5m▄[38;2;18;19;9m[48;2;16;11;4m▄[38;2;9;25;15m[48;2;18;18;8m▄[38;2;10;40;28m[48;2;24;36;25m▄[38;2;36;59;21m[48;2;47;71;26m▄[38;2;41;52;19m[48;2;53;47;13m▄[38;2;80;54;30m[48;2;123;31;17m▄[38;2;74;36;19m[48;2;162;48;23m▄[38;2;75;39;25m[48;2;156;49;18m▄[38;2;74;41;25m[48;2;150;46;16m▄[38;2;75;40;19m[48;2;149;43;22m▄[38;2;73;29;16m[48;2;142;35;21m▄[38;2;71;27;16m[48;2;138;36;20m▄[38;2;65;21;11m[48;2;127;27;12m▄[38;2;64;27;13m[48;2;115;24;10m▄[38;2;58;29;12m[48;2;109;27;8m▄[38;2;45;26;12m[48;2;103;27;7m▄[38;2;49;26;15m[48;2;91;18;3m▄[38;2;47;28;15m[48;2;85;18;3m▄[38;2;32;14;6m[48;2;73;11;3m▄[38;2;26;7;3m[48;2;54;9;2m▄[38;2;28;20;8m[48;2;45;22;6m▄[38;2;26;26;14m[48;2;34;20;6m▄[38;2;22;27;16m[48;2;20;8;2m▄[38;2;12;16;9m[48;2;13;7;3m▄[38;2;6;7;3m[48;2;6;5;3m▄[38;2;10;12;9m[48;2;6;5;4m▄[38;2;10;12;8m[48;2;5;5;4m▄[38;2;8;9;6m[48;2;6;6;4m▄[38;2;10;12;9m[48;2;7;7;5m▄[38;2;10;12;9m[48;2;6;5;4m▄[38;2;5;6;4m[48;2;6;6;4m▄[38;2;6;7;5m[48;2;6;6;4m▄[38;2;6;7;6m[48;2;6;6;4m▄[38;2;6;8;7m[48;2;6;5;3m▄[38;2;6;8;7m[48;2;6;5;3m▄[38;2;6;8;7m[48;2;6;5;3m▄[38;2;7;9;7m[48;2;6;5;3m▄[38;2;6;9;6m[48;2;6;5;3m▄[38;2;7;9;6m[48;2;6;5;4m▄[38;2;8;9;7m[48;2;6;6;4m▄[38;2;8;9;7m[48;2;8;8;5m▄[38;2;7;9;7m[48;2;9;9;6m▄[38;2;8;11;8m[48;2;16;18;13m▄[38;2;16;18;13m[48;2;34;28;23m▄[38;2;14;11;7m[48;2;30;8;3m▄[38;2;17;11;7m[48;2;32;8;2m▄[0m
[38;2;5;29;12m[48;2;5;50;20m▄[38;2;7;48;32m[48;2;3;49;34m▄[38;2;8;43;39m[48;2;2;29;39m▄[38;2;9;56;36m[48;2;7;43;45m▄[38;2;9;62;32m[48;2;9;54;51m▄[38;2;8;49;36m[48;2;10;54;45m▄[38;2;6;37;29m[48;2;8;51;32m▄[38;2;7;56;32m[48;2;8;56;28m▄[38;2;9;63;34m[48;2;6;38;16m▄[38;2;9;16;7m[48;2;6;16;6m▄[38;2;9;10;5m[48;2;5;16;8m▄[38;2;9;13;8m[48;2;3;12;6m▄[38;2;7;27;21m[48;2;10;21;12m▄[38;2;5;32;26m[48;2;13;28;13m▄[38;2;7;33;25m[48;2;16;31;14m▄[38;2;5;21;14m[48;2;8;15;9m▄[38;2;4;11;7m[48;2;4;3;1m▄[38;2;4;5;3m[48;2;0;0;1m▄[38;2;5;18;11m[48;2;0;13;9m▄[38;2;8;47;32m[48;2;0;32;24m▄[38;2;9;59;40m[48;2;0;42;31m▄[38;2;3;54;38m[48;2;0;50;35m▄[38;2;0;42;27m[48;2;0;45;29m▄[38;2;24;25;12m[48;2;1;38;17m▄[38;2;34;23;13m[48;2;1;13;7m▄[38;2;44;37;27m[48;2;0;7;6m▄[38;2;63;55;39m[48;2;0;0;0m▄[38;2;71;68;49m[48;2;0;0;0m▄[38;2;91;99;69m[48;2;0;20;11m▄[38;2;145;132;94m[48;2;11;50;39m▄[38;2;120;115;80m[48;2;0;42;32m▄[38;2;95;97;68m[48;2;0;38;23m▄[38;2;88;85;66m[48;2;0;11;7m▄[38;2;75;75;62m[48;2;0;2;2m▄[38;2;65;65;55m[48;2;6;10;6m▄[38;2;44;45;39m[48;2;18;20;11m▄[38;2;33;38;34m[48;2;27;29;18m▄[38;2;30;38;32m[48;2;16;22;13m▄[38;2;16;22;17m[48;2;5;9;5m▄[38;2;13;21;12m[48;2;11;18;11m▄[38;2;10;22;11m[48;2;14;24;15m▄[38;2;6;11;5m[48;2;9;15;9m▄[38;2;9;15;9m[48;2;8;14;10m▄[38;2;11;17;11m[48;2;9;14;10m▄[38;2;8;16;10m[48;2;5;10;6m▄[38;2;9;20;14m[48;2;7;11;8m▄[38;2;7;18;11m[48;2;7;12;9m▄[38;2;6;18;11m[48;2;7;13;10m▄[38;2;6;19;12m[48;2;8;14;11m▄[38;2;6;19;12m[48;2;9;14;11m▄[38;2;6;19;11m[48;2;9;15;10m▄[38;2;5;19;12m[48;2;9;15;9m▄[38;2;7;20;13m[48;2;9;15;10m▄[38;2;7;20;13m[48;2;10;15;11m▄[38;2;6;19;13m[48;2;10;15;11m▄[38;2;5;19;12m[48;2;10;15;11m▄[38;2;6;19;12m[48;2;9;15;10m▄[38;2;7;19;12m[48;2;8;14;9m▄[38;2;5;19;12m[48;2;8;16;11m▄[38;2;6;21;14m[48;2;8;17;11m▄[0m
[38;2;5;40;20m[48;2;7;54;25m▄[38;2;9;45;32m[48;2;8;63;30m▄[38;2;9;54;43m[48;2;7;54;31m▄[38;2;11;75;49m[48;2;8;54;35m▄[38;2;12;86;50m[48;2;8;49;40m▄[38;2;12;86;47m[48;2;10;60;49m▄[38;2;10;72;42m[48;2;11;78;52m▄[38;2;7;45;26m[48;2;10;89;49m▄[38;2;8;24;12m[48;2;8;75;42m▄[38;2;10;20;8m[48;2;9;25;12m▄[38;2;5;15;5m[48;2;8;6;2m▄[38;2;5;15;8m[48;2;8;13;8m▄[38;2;6;28;18m[48;2;7;27;23m▄[38;2;5;34;21m[48;2;5;32;31m▄[38;2;6;31;19m[48;2;6;30;28m▄[38;2;9;13;6m[48;2;7;16;11m▄[38;2;9;5;2m[48;2;7;8;4m▄[38;2;9;21;9m[48;2;7;17;10m▄[38;2;8;65;30m[48;2;9;53;31m▄[38;2;8;44;31m[48;2;9;69;40m▄[38;2;110;107;75m[48;2;0;54;30m▄[38;2;203;167;103m[48;2;18;62;36m▄[38;2;201;160;97m[48;2;72;81;54m▄[38;2;128;102;60m[48;2;144;121;78m▄[38;2;75;56;32m[48;2;177;143;91m▄[38;2;62;43;26m[48;2;168;136;87m▄[38;2;44;31;21m[48;2;147;119;78m▄[38;2;10;2;0m[48;2;104;94;71m▄[38;2;104;92;66m[48;2;102;104;86m▄[38;2;133;121;91m[48;2;173;143;98m▄[38;2;39;36;25m[48;2;149;123;85m▄[38;2;17;11;4m[48;2;102;96;77m▄[38;2;67;58;46m[48;2;79;83;72m▄[38;2;61;60;51m[48;2;71;81;71m▄[38;2;35;36;31m[48;2;71;86;76m▄[38;2;13;16;11m[48;2;79;97;86m▄[38;2;29;36;30m[48;2;86;104;93m▄[38;2;65;79;69m[48;2;81;100;89m▄[38;2;75;96;86m[48;2;72;89;79m▄[38;2;73;96;86m[48;2;70;83;75m▄[38;2;88;108;98m[48;2;56;72;59m▄[38;2;80;91;83m[48;2;11;23;14m▄[38;2;17;31;21m[48;2;11;19;10m▄[38;2;7;24;14m[48;2;13;20;12m▄[38;2;5;12;6m[48;2;5;11;7m▄[38;2;6;11;6m[48;2;5;13;8m▄[38;2;12;14;9m[48;2;4;12;8m▄[38;2;30;28;20m[48;2;1;9;6m▄[38;2;34;31;21m[48;2;0;8;5m▄[38;2;37;32;23m[48;2;0;8;5m▄[38;2;40;35;25m[48;2;0;8;4m▄[38;2;36;34;22m[48;2;1;8;5m▄[38;2;14;17;9m[48;2;5;11;7m▄[38;2;10;14;9m[48;2;6;12;8m▄[38;2;9;14;8m[48;2;5;12;8m▄[38;2;9;14;7m[48;2;5;12;8m▄[38;2;8;14;7m[48;2;5;12;7m▄[38;2;9;14;7m[48;2;6;11;7m▄[38;2;44;38;28m[48;2;1;8;4m▄[38;2;63;54;38m[48;2;0;6;4m▄[0m
[38;2;9;83;36m[48;2;7;45;25m▄[38;2;12;78;39m[48;2;11;78;43m▄[38;2;10;53;44m[48;2;10;80;50m▄[38;2;9;54;45m[48;2;9;73;46m▄[38;2;9;59;45m[48;2;10;64;41m▄[38;2;9;48;48m[48;2;10;49;34m▄[38;2;8;50;43m[48;2;6;31;30m▄[38;2;8;42;27m[48;2;6;34;23m▄[38;2;9;33;12m[48;2;7;31;11m▄[38;2;9;21;7m[48;2;8;22;9m▄[38;2;5;16;5m[48;2;5;16;5m▄[38;2;5;18;9m[48;2;5;18;8m▄[38;2;5;30;15m[48;2;7;36;18m▄[38;2;8;49;23m[48;2;7;46;22m▄[38;2;5;50;21m[48;2;7;46;20m▄[38;2;9;37;13m[48;2;9;28;10m▄[38;2;13;17;8m[48;2;11;12;6m▄[38;2;11;14;7m[48;2;9;9;5m▄[38;2;1;43;17m[48;2;1;32;19m▄[38;2;33;69;39m[48;2;44;61;46m▄[38;2;205;167;106m[48;2;219;179;113m▄[38;2;213;170;104m[48;2;222;176;109m▄[38;2;173;136;81m[48;2;98;71;37m▄[38;2;92;68;34m[48;2;0;0;0m▄[38;2;50;35;18m[48;2;50;36;21m▄[38;2;52;39;22m[48;2;144;121;89m▄[38;2;111;90;54m[48;2;82;78;60m▄[38;2;174;136;82m[48;2;97;82;60m▄[38;2;151;123;77m[48;2;168;139;90m▄[38;2;126;110;72m[48;2;146;130;90m▄[38;2;87;83;64m[48;2;81;85;72m▄[38;2;50;62;52m[48;2;48;54;46m▄[38;2;55;74;66m[48;2;74;73;57m▄[38;2;44;56;49m[48;2;53;55;43m▄[38;2;30;35;28m[48;2;46;44;38m▄[38;2;43;47;38m[48;2;0;0;0m▄[38;2;64;71;63m[48;2;0;0;0m▄[38;2;82;92;84m[48;2;49;58;47m▄[38;2;80;90;82m[48;2;80;97;87m▄[38;2;79;89;81m[48;2;75;93;83m▄[38;2;83;94;85m[48;2;74;91;81m▄[38;2;71;80;72m[48;2;98;109;100m▄[38;2;23;27;23m[48;2;40;56;52m▄[38;2;23;32;28m[48;2;5;26;25m▄[38;2;13;20;14m[48;2;6;15;9m▄[38;2;7;15;8m[48;2;5;12;5m▄[38;2;9;17;8m[48;2;24;24;16m▄[38;2;18;20;11m[48;2;89;72;53m▄[38;2;18;20;11m[48;2;97;78;55m▄[38;2;18;20;13m[48;2;97;79;56m▄[38;2;18;20;12m[48;2;96;77;55m▄[38;2;17;18;10m[48;2;85;69;50m▄[38;2;13;17;9m[48;2;29;28;15m▄[38;2;11;16;9m[48;2;14;20;10m▄[38;2;11;17;9m[48;2;12;19;10m▄[38;2;10;15;8m[48;2;9;18;10m▄[38;2;9;13;7m[48;2;8;18;9m▄[38;2;10;14;7m[48;2;8;15;7m▄[38;2;10;12;5m[48;2;61;51;36m▄[38;2;12;12;7m[48;2;91;75;53m▄[0m
[38;2;7;38;21m[48;2;7;45;29m▄[38;2;21;62;35m[48;2;6;40;40m▄[38;2;31;71;41m[48;2;5;44;53m▄[38;2;23;63;47m[48;2;7;54;53m▄[38;2;15;59;49m[48;2;7;64;44m▄[38;2;12;61;44m[48;2;8;62;44m▄[38;2;14;67;36m[48;2;10;72;39m▄[38;2;7;65;31m[48;2;9;66;36m▄[38;2;8;32;11m[48;2;8;34;15m▄[38;2;6;18;5m[48;2;7;19;6m▄[38;2;5;22;9m[48;2;4;12;5m▄[38;2;6;30;15m[48;2;5;16;11m▄[38;2;7;34;22m[48;2;6;27;19m▄[38;2;5;31;22m[48;2;6;29;18m▄[38;2;1;29;14m[48;2;5;30;15m▄[38;2;11;39;17m[48;2;9;31;13m▄[38;2;28;41;20m[48;2;17;27;13m▄[38;2;27;24;10m[48;2;10;17;6m▄[38;2;37;27;12m[48;2;6;43;20m▄[38;2;55;37;16m[48;2;38;51;29m▄[38;2;41;26;7m[48;2;113;84;45m▄[38;2;62;41;21m[48;2;192;154;94m▄[38;2;127;95;59m[48;2;209;167;101m▄[38;2;167;133;84m[48;2;196;157;95m▄[38;2;173;139;87m[48;2;172;138;87m▄[38;2;163;129;80m[48;2;168;135;85m▄[38;2;172;138;86m[48;2;209;168;106m▄[38;2;174;136;85m[48;2;148;107;58m▄[38;2;144;102;60m[48;2;86;57;31m▄[38;2;120;81;49m[48;2;39;25;17m▄[38;2;88;61;44m[48;2;36;30;22m▄[38;2;66;49;38m[48;2;47;43;33m▄[38;2;53;48;41m[48;2;66;67;58m▄[38;2;65;70;62m[48;2;76;83;75m▄[38;2;82;88;80m[48;2;84;92;84m▄[38;2;82;85;76m[48;2;83;87;75m▄[38;2;82;85;75m[48;2;81;86;77m▄[38;2;79;82;73m[48;2;80;85;77m▄[38;2;63;66;58m[48;2;82;88;80m▄[38;2;32;35;30m[48;2;83;89;81m▄[38;2;8;9;7m[48;2;65;69;63m▄[38;2;4;4;2m[48;2;19;22;18m▄[38;2;8;8;6m[48;2;6;8;4m▄[38;2;7;8;6m[48;2;18;20;15m▄[38;2;5;6;4m[48;2;19;22;17m▄[38;2;6;6;4m[48;2;14;20;14m▄[38;2;7;7;5m[48;2;14;20;14m▄[38;2;11;11;8m[48;2;14;18;12m▄[38;2;14;15;11m[48;2;9;11;7m▄[38;2;16;15;10m[48;2;6;5;2m▄[38;2;17;13;7m[48;2;7;6;2m▄[38;2;14;9;4m[48;2;9;8;3m▄[38;2;13;8;3m[48;2;10;9;4m▄[38;2;14;10;4m[48;2;11;9;4m▄[38;2;14;10;5m[48;2;12;10;4m▄[38;2;14;10;4m[48;2;13;9;5m▄[38;2;14;10;4m[48;2;13;9;4m▄[38;2;13;9;4m[48;2;13;9;4m▄[38;2;13;9;3m[48;2;12;9;3m▄[38;2;12;9;3m[48;2;11;9;3m▄[0m
[38;2;60;85;38m[48;2;30;56;23m▄[38;2;106;125;49m[48;2;52;73;33m▄[38;2;87;112;41m[48;2;58;74;40m▄[38;2;34;73;44m[48;2;36;66;43m▄[38;2;2;51;56m[48;2;13;58;44m▄[38;2;3;44;50m[48;2;9;53;48m▄[38;2;4;31;32m[48;2;8;33;35m▄[38;2;7;36;16m[48;2;7;59;30m▄[38;2;6;23;6m[48;2;8;32;14m▄[38;2;3;15;4m[48;2;5;15;5m▄[38;2;1;20;8m[48;2;4;21;9m▄[38;2;11;35;20m[48;2;5;37;17m▄[38;2;27;38;20m[48;2;4;49;20m▄[38;2;33;31;13m[48;2;11;51;21m▄[38;2;32;20;8m[48;2;22;38;17m▄[38;2;24;12;3m[48;2;34;29;13m▄[38;2;18;11;4m[48;2;34;21;10m▄[38;2;17;12;3m[48;2;30;16;6m▄[38;2;17;12;3m[48;2;29;16;4m▄[38;2;19;14;5m[48;2;33;21;6m▄[38;2;24;16;6m[48;2;37;25;8m▄[38;2;25;16;5m[48;2;32;18;3m▄[38;2;25;16;5m[48;2;25;13;0m▄[38;2;26;16;5m[48;2;46;33;14m▄[38;2;19;10;1m[48;2;77;57;32m▄[38;2;17;8;0m[48;2;98;75;44m▄[38;2;20;10;3m[48;2;113;89;53m▄[38;2;22;14;5m[48;2;138;109;70m▄[38;2;28;20;10m[48;2;145;112;69m▄[38;2;32;23;15m[48;2;127;93;57m▄[38;2;28;21;14m[48;2;88;65;47m▄[38;2;23;17;11m[48;2;76;63;52m▄[38;2;17;13;8m[48;2;76;71;61m▄[38;2;12;9;5m[48;2;72;69;61m▄[38;2;7;5;2m[48;2;63;62;53m▄[38;2;1;0;0m[48;2;54;54;46m▄[38;2;0;0;0m[48;2;38;38;33m▄[38;2;0;0;0m[48;2;21;21;18m▄[38;2;3;3;1m[48;2;5;4;3m▄[38;2;6;5;4m[48;2;0;0;0m▄[38;2;12;9;5m[48;2;4;4;3m▄[38;2;11;8;3m[48;2;4;5;3m▄[38;2;9;6;3m[48;2;3;4;2m▄[38;2;7;6;3m[48;2;4;4;2m▄[38;2;5;6;3m[48;2;4;4;2m▄[38;2;5;5;3m[48;2;4;4;2m▄[38;2;5;5;3m[48;2;5;5;3m▄[38;2;6;6;4m[48;2;4;4;2m▄[38;2;6;6;4m[48;2;5;6;4m▄[38;2;6;6;4m[48;2;8;10;6m▄[38;2;7;8;4m[48;2;16;16;12m▄[38;2;11;12;7m[48;2;20;17;13m▄[38;2;17;17;12m[48;2;17;12;7m▄[38;2;23;20;13m[48;2;13;8;3m▄[38;2;22;14;8m[48;2;13;8;4m▄[38;2;20;11;4m[48;2;13;9;4m▄[38;2;20;11;4m[48;2;13;9;4m▄[38;2;20;11;4m[48;2;13;8;4m▄[38;2;20;12;4m[48;2;14;8;3m▄[38;2;17;11;5m[48;2;14;8;3m▄[0m
[38;2;67;76;41m[48;2;38;52;32m▄[38;2;109;115;56m[48;2;81;91;44m▄[38;2;122;137;58m[48;2;63;77;42m▄[38;2;107;140;55m[48;2;43;71;50m▄[38;2;74;126;49m[48;2;43;85;58m▄[38;2;40;99;46m[48;2;51;99;58m▄[38;2;16;62;34m[48;2;29;96;51m▄[38;2;5;32;15m[48;2;9;74;38m▄[38;2;12;26;9m[48;2;4;23;8m▄[38;2;38;32;15m[48;2;3;14;5m▄[38;2;43;28;12m[48;2;20;31;13m▄[38;2;31;19;6m[48;2;38;32;15m▄[38;2;25;16;6m[48;2;35;21;10m▄[38;2;21;10;6m[48;2;26;14;6m▄[38;2;35;33;14m[48;2;22;15;4m▄[38;2;66;90;28m[48;2;19;14;4m▄[38;2;35;46;17m[48;2;13;9;4m▄[38;2;7;4;5m[48;2;9;9;4m▄[38;2;0;3;2m[48;2;8;8;3m▄[38;2;0;2;1m[48;2;7;7;4m▄[38;2;3;4;3m[48;2;9;7;4m▄[38;2;5;5;3m[48;2;9;7;4m▄[38;2;3;3;2m[48;2;9;7;3m▄[38;2;0;0;0m[48;2;17;12;5m▄[38;2;9;7;4m[48;2;23;15;5m▄[38;2;51;43;35m[48;2;18;9;0m▄[38;2;68;55;37m[48;2;15;7;0m▄[38;2;80;63;39m[48;2;11;5;0m▄[38;2;85;66;40m[48;2;9;3;0m▄[38;2;87;70;41m[48;2;7;3;0m▄[38;2;93;79;54m[48;2;3;0;0m▄[38;2;90;75;52m[48;2;0;0;0m▄[38;2;87;75;54m[48;2;0;0;0m▄[38;2;71;80;43m[48;2;0;0;0m▄[38;2;57;79;36m[48;2;3;0;0m▄[38;2;49;56;37m[48;2;2;1;0m▄[38;2;48;45;37m[48;2;0;0;0m▄[38;2;22;21;12m[48;2;5;5;2m▄[38;2;10;9;3m[48;2;7;6;3m▄[38;2;4;3;0m[48;2;16;12;5m▄[38;2;23;15;4m[48;2;27;18;7m▄[38;2;35;22;7m[48;2;28;18;7m▄[38;2;34;20;6m[48;2;30;19;10m▄[38;2;31;18;6m[48;2;26;17;7m▄[38;2;32;19;8m[48;2;22;16;6m▄[38;2;31;20;8m[48;2;21;16;6m▄[38;2;28;18;7m[48;2;20;16;7m▄[38;2;23;17;4m[48;2;19;14;6m▄[38;2;20;16;6m[48;2;16;12;7m▄[38;2;18;14;6m[48;2;13;11;6m▄[38;2;14;12;8m[48;2;10;11;6m▄[38;2;11;12;7m[48;2;9;10;5m▄[38;2;10;11;6m[48;2;9;10;5m▄[38;2;10;11;6m[48;2;14;15;9m▄[38;2;9;11;6m[48;2;23;20;14m▄[38;2;16;16;12m[48;2;25;17;11m▄[38;2;26;18;11m[48;2;18;9;3m▄[38;2;23;11;3m[48;2;18;9;2m▄[38;2;22;12;4m[48;2;19;10;3m▄[38;2;24;12;4m[48;2;18;10;4m▄[0m
[38;2;36;65;38m[48;2;69;120;43m▄[38;2;67;85;56m[48;2;70;119;46m▄[38;2;61;75;63m[48;2;53;91;44m▄[38;2;18;67;64m[48;2;13;65;49m▄[38;2;72;111;46m[48;2;34;76;39m▄[38;2;70;119;33m[48;2;45;89;31m▄[38;2;13;71;34m[48;2;1;54;28m▄[38;2;47;48;24m[48;2;18;42;19m▄[38;2;44;22;8m[48;2;46;35;16m▄[38;2;35;22;5m[48;2;39;25;8m▄[38;2;34;21;6m[48;2;30;20;7m▄[38;2;33;18;7m[48;2;27;17;7m▄[38;2;32;17;8m[48;2;25;14;5m▄[38;2;28;17;6m[48;2;22;13;4m▄[38;2;25;17;5m[48;2;16;10;4m▄[38;2;20;10;4m[48;2;39;50;19m▄[38;2;55;61;22m[48;2;72;99;28m▄[38;2;78;90;23m[48;2;84;47;21m▄[38;2;146;44;18m[48;2;81;25;17m▄[38;2;165;36;21m[48;2;34;18;11m▄[38;2;124;38;23m[48;2;2;7;4m▄[38;2;95;28;16m[48;2;0;3;2m▄[38;2;96;49;32m[48;2;6;13;11m▄[38;2;96;59;44m[48;2;26;34;30m▄[38;2;85;64;49m[48;2;52;59;55m▄[38;2;76;66;53m[48;2;134;137;131m▄[38;2;90;76;57m[48;2;156;144;119m▄[38;2;108;86;61m[48;2;178;160;124m▄[38;2;117;92;63m[48;2;192;177;141m▄[38;2;116;91;60m[48;2;171;152;106m▄[38;2;102;73;47m[48;2;198;187;157m▄[38;2;72;37;21m[48;2;186;173;144m▄[38;2;43;1;0m[48;2;152;135;118m▄[38;2;36;10;0m[48;2;131;129;105m▄[38;2;40;70;16m[48;2;106;131;82m▄[38;2;37;52;23m[48;2;134;142;118m▄[38;2;34;29;22m[48;2;163;159;148m▄[38;2;31;29;24m[48;2;94;92;80m▄[38;2;35;35;29m[48;2;70;71;59m▄[38;2;48;51;42m[48;2;52;55;45m▄[38;2;47;47;38m[48;2;41;38;28m▄[38;2;29;25;16m[48;2;48;36;18m▄[38;2;23;17;8m[48;2;39;26;9m▄[38;2;20;14;8m[48;2;36;24;9m▄[38;2;15;12;7m[48;2;38;25;10m▄[38;2;10;10;5m[48;2;37;25;11m▄[38;2;9;8;5m[48;2;29;21;9m▄[38;2;9;8;5m[48;2;24;18;7m▄[38;2;10;10;6m[48;2;24;18;7m▄[38;2;11;10;6m[48;2;24;20;9m▄[38;2;11;9;5m[48;2;21;17;8m▄[38;2;10;9;6m[48;2;14;14;8m▄[38;2;10;9;7m[48;2;11;12;7m▄[38;2;11;11;8m[48;2;11;12;7m▄[38;2;11;12;8m[48;2;10;11;6m▄[38;2;14;16;11m[48;2;10;12;7m▄[38;2;24;25;20m[48;2;27;25;17m▄[38;2;39;32;23m[48;2;29;19;10m▄[38;2;30;17;7m[48;2;21;9;2m▄[38;2;28;15;7m[48;2;23;10;6m▄[0m
