[38;2;254;254;254m[48;2;254;254;254m▄[38;2;255;255;255m[48;2;254;254;254m▄[38;2;255;255;255m[48;2;254;254;254m▄[38;2;255;255;255m[48;2;254;254;254m▄[38;2;229;229;229m[48;2;254;254;254m▄[38;2;227;228;228m[48;2;254;254;254m▄[38;2;217;217;217m[48;2;254;254;254m▄[38;2;241;240;241m[48;2;254;254;254m▄[38;2;235;235;235m[48;2;254;254;254m▄[38;2;255;255;255m[48;2;254;254;254m▄[38;2;255;255;255m[48;2;254;254;254m▄[38;2;255;255;255m[48;2;254;254;254m▄[38;2;255;255;255m[48;2;254;254;254m▄[38;2;255;255;255m[48;2;254;254;254m▄[38;2;255;255;255m[48;2;254;254;254m▄[38;2;255;255;255m[48;2;254;254;254m▄[38;2;255;255;255m[48;2;254;254;254m▄[38;2;255;255;255m[48;2;254;254;254m▄[38;2;255;255;255m[48;2;254;254;254m▄[38;2;255;255;255m[48;2;254;254;254m▄[38;2;251;251;251m[48;2;254;254;254m▄[38;2;229;229;229m[48;2;254;254;254m▄[38;2;232;232;232m[48;2;254;254;254m▄[38;2;225;225;225m[48;2;254;254;254m▄[38;2;244;244;244m[48;2;254;254;254m▄[38;2;255;255;255m[48;2;254;254;254m▄[38;2;251;251;251m[48;2;254;254;254m▄[38;2;255;255;255m[48;2;254;254;254m▄[38;2;255;255;255m[48;2;254;254;254m▄[38;2;255;255;255m[48;2;254;254;254m▄[38;2;255;255;255m[48;2;254;254;254m▄[38;2;255;255;255m[48;2;254;254;254m▄[38;2;255;255;255m[48;2;254;254;254m▄[38;2;255;255;255m[48;2;254;254;254m▄[38;2;255;255;255m[48;2;254;254;254m▄[38;2;255;255;255m[48;2;254;254;254m▄[38;2;255;255;255m[48;2;254;254;254m▄[38;2;255;255;255m[48;2;254;254;254m▄[38;2;255;255;255m[48;2;254;254;254m▄[38;2;255;255;255m[48;2;254;254;254m▄[38;2;255;255;255m[48;2;254;254;254m▄[38;2;255;255;255m[48;2;254;254;254m▄[38;2;255;255;255m[48;2;254;254;254m▄[38;2;255;255;255m[48;2;254;254;254m▄[38;2;255;255;255m[48;2;254;254;254m▄[38;2;255;255;255m[48;2;254;254;254m▄[38;2;255;255;255m[48;2;254;254;254m▄[38;2;255;255;255m[48;2;254;254;254m▄[38;2;255;255;255m[48;2;254;254;254m▄[38;2;255;255;255m[48;2;254;254;254m▄[38;2;255;255;255m[48;2;254;254;254m▄[38;2;255;255;255m[48;2;254;254;254m▄[38;2;255;255;255m[48;2;254;254;254m▄[38;2;255;255;255m[48;2;254;254;254m▄[38;2;255;255;255m[48;2;254;254;254m▄[38;2;255;255;255m[48;2;254;254;254m▄[38;2;255;255;255m[48;2;254;254;254m▄[38;2;255;255;255m[48;2;254;254;254m▄[38;2;255;255;255m[48;2;254;254;254m▄[38;2;255;255;255m[48;2;254;254;254m▄[0m
[38;2;254;254;254m[48;2;254;254;254m▄[38;2;255;255;255m[48;2;255;255;255m▄[38;2;255;255;255m[48;2;255;255;255m▄[38;2;232;232;232m[48;2;228;228;228m▄[38;2;227;227;227m[48;2;212;212;212m▄[38;2;231;231;231m[48;2;192;192;192m▄[38;2;181;181;181m[48;2;149;149;149m▄[38;2;176;177;176m[48;2;171;171;171m▄[38;2;203;203;203m[48;2;189;189;189m▄[38;2;244;244;244m[48;2;252;252;252m▄[38;2;204;204;204m[48;2;233;233;233m▄[38;2;170;170;170m[48;2;225;225;225m▄[38;2;181;181;181m[48;2;228;228;228m▄[38;2;167;167;167m[48;2;243;243;243m▄[38;2;179;179;179m[48;2;242;242;242m▄[38;2;249;249;249m[48;2;255;255;255m▄[38;2;183;183;183m[48;2;231;231;231m▄[38;2;143;143;143m[48;2;216;216;216m▄[38;2;183;183;183m[48;2;225;225;225m▄[38;2;192;193;193m[48;2;228;229;229m▄[38;2;165;165;165m[48;2;177;177;177m▄[38;2;162;162;162m[48;2;145;145;145m▄[38;2;170;170;170m[48;2;168;168;168m▄[38;2;187;187;187m[48;2;168;168;168m▄[38;2;172;172;172m[48;2;181;181;181m▄[38;2;244;244;244m[48;2;254;254;254m▄[38;2;219;219;219m[48;2;211;211;211m▄[38;2;209;209;208m[48;2;250;250;249m▄[38;2;236;236;236m[48;2;255;255;255m▄[38;2;255;255;255m[48;2;255;255;255m▄[38;2;255;255;255m[48;2;255;255;255m▄[38;2;255;255;255m[48;2;255;255;255m▄[38;2;255;255;255m[48;2;255;255;255m▄[38;2;255;255;255m[48;2;255;255;255m▄[38;2;255;255;255m[48;2;255;255;255m▄[38;2;255;255;255m[48;2;255;255;255m▄[38;2;255;255;255m[48;2;255;255;255m▄[38;2;255;255;255m[48;2;255;255;255m▄[38;2;255;255;255m[48;2;255;255;255m▄[38;2;255;255;255m[48;2;255;255;255m▄[38;2;255;255;255m[48;2;255;255;255m▄[38;2;255;255;255m[48;2;255;255;255m▄[38;2;255;255;255m[48;2;255;255;255m▄[38;2;255;255;255m[48;2;255;255;255m▄[38;2;255;255;255m[48;2;255;255;255m▄[38;2;255;255;255m[48;2;255;255;255m▄[38;2;255;255;255m[48;2;255;255;255m▄[38;2;255;255;255m[48;2;255;255;255m▄[38;2;255;255;255m[48;2;255;255;255m▄[38;2;255;255;255m[48;2;255;255;255m▄[38;2;255;255;255m[48;2;255;255;255m▄[38;2;255;255;255m[48;2;255;255;255m▄[38;2;255;255;255m[48;2;255;255;255m▄[38;2;255;255;255m[48;2;255;255;255m▄[38;2;255;255;255m[48;2;255;255;255m▄[38;2;255;255;255m[48;2;255;255;255m▄[38;2;255;255;255m[48;2;255;255;255m▄[38;2;255;255;255m[48;2;255;255;255m▄[38;2;255;255;255m[48;2;255;255;255m▄[38;2;255;255;255m[48;2;255;255;255m▄[0m
[38;2;254;254;254m[48;2;254;254;254m▄[38;2;255;255;255m[48;2;255;255;255m▄[38;2;255;255;255m[48;2;255;255;255m▄[38;2;255;255;255m[48;2;241;241;241m▄[38;2;241;241;241m[48;2;212;212;212m▄[38;2;230;230;230m[48;2;213;213;213m▄[38;2;227;227;227m[48;2;183;183;183m▄[38;2;232;235;236m[48;2;159;160;159m▄[38;2;235;240;244m[48;2;167;167;167m▄[38;2;238;244;250m[48;2;161;160;160m▄[38;2;237;243;249m[48;2;167;167;167m▄[38;2;236;242;248m[48;2;165;166;165m▄[38;2;241;244;248m[48;2;247;247;247m▄[38;2;245;245;246m[48;2;210;210;210m▄[38;2;241;240;239m[48;2;175;175;175m▄[38;2;237;236;236m[48;2;167;167;167m▄[38;2;231;231;230m[48;2;164;164;164m▄[38;2;189;189;188m[48;2;160;160;160m▄[38;2;227;230;231m[48;2;216;216;217m▄[38;2;237;245;247m[48;2;246;246;246m▄[38;2;237;242;242m[48;2;201;201;200m▄[38;2;220;220;220m[48;2;178;180;180m▄[38;2;213;201;196m[48;2;166;170;170m▄[38;2;236;238;239m[48;2;162;162;162m▄[38;2;245;250;251m[48;2;163;163;163m▄[38;2;239;240;240m[48;2;173;173;173m▄[38;2;241;241;241m[48;2;182;182;182m▄[38;2;243;243;243m[48;2;203;203;203m▄[38;2;255;255;255m[48;2;218;218;218m▄[38;2;255;255;255m[48;2;255;255;255m▄[38;2;255;255;255m[48;2;255;255;255m▄[38;2;255;255;255m[48;2;255;255;255m▄[38;2;255;255;255m[48;2;255;255;255m▄[38;2;255;255;255m[48;2;255;255;255m▄[38;2;255;255;255m[48;2;255;255;255m▄[38;2;255;255;255m[48;2;255;255;255m▄[38;2;255;255;255m[48;2;255;255;255m▄[38;2;255;255;255m[48;2;255;255;255m▄[38;2;255;255;255m[48;2;255;255;255m▄[38;2;255;255;255m[48;2;255;255;255m▄[38;2;255;255;255m[48;2;255;255;255m▄[38;2;255;255;255m[48;2;255;255;255m▄[38;2;255;255;255m[48;2;255;255;255m▄[38;2;255;255;255m[48;2;255;255;255m▄[38;2;255;255;255m[48;2;255;255;255m▄[38;2;255;255;255m[48;2;255;255;255m▄[38;2;255;255;255m[48;2;255;255;255m▄[38;2;255;255;255m[48;2;255;255;255m▄[38;2;255;255;255m[48;2;255;255;255m▄[38;2;255;255;255m[48;2;255;255;255m▄[38;2;255;255;255m[48;2;255;255;255m▄[38;2;255;255;255m[48;2;255;255;255m▄[38;2;255;255;255m[48;2;255;255;255m▄[38;2;255;255;255m[48;2;255;255;255m▄[38;2;255;255;255m[48;2;255;255;255m▄[38;2;255;255;255m[48;2;255;255;255m▄[38;2;255;255;255m[48;2;255;255;255m▄[38;2;255;255;255m[48;2;255;255;255m▄[38;2;255;255;255m[48;2;255;255;255m▄[38;2;255;255;255m[48;2;255;255;255m▄[0m
[38;2;254;254;254m[48;2;254;254;254m▄[38;2;255;255;255m[48;2;255;255;255m▄[38;2;255;255;255m[48;2;255;255;255m▄[38;2;255;255;255m[48;2;255;255;255m▄[38;2;255;255;255m[48;2;255;255;255m▄[38;2;250;252;252m[48;2;255;255;255m▄[38;2;199;150;155m[48;2;255;255;255m▄[38;2;206;121;75m[48;2;234;217;220m▄[38;2;245;159;66m[48;2;225;190;177m▄[38;2;252;163;69m[48;2;228;187;160m▄[38;2;253;164;69m[48;2;225;189;157m▄[38;2;251;162;68m[48;2;232;206;177m▄[38;2;246;162;72m[48;2;242;229;213m▄[38;2;228;163;102m[48;2;248;252;255m▄[38;2;237;228;222m[48;2;255;255;255m▄[38;2;255;255;255m[48;2;255;255;255m▄[38;2;219;183;174m[48;2;255;255;255m▄[38;2;219;146;123m[48;2;230;235;237m▄[38;2;209;137;114m[48;2;223;211;207m▄[38;2;222;120;90m[48;2;233;178;161m▄[38;2;226;137;110m[48;2;241;164;141m▄[38;2;209;131;109m[48;2;235;164;143m▄[38;2;216;154;135m[48;2;207;125;100m▄[38;2;221;134;108m[48;2;211;150;132m▄[38;2;202;112;84m[48;2;211;188;181m▄[38;2;222;202;195m[48;2;255;251;248m▄[38;2;255;255;255m[48;2;255;255;255m▄[38;2;255;255;255m[48;2;255;255;255m▄[38;2;255;255;255m[48;2;255;255;255m▄[38;2;255;255;255m[48;2;255;255;255m▄[38;2;255;255;255m[48;2;255;255;255m▄[38;2;255;255;255m[48;2;255;255;255m▄[38;2;255;255;255m[48;2;255;255;255m▄[38;2;255;255;255m[48;2;255;255;255m▄[38;2;255;255;255m[48;2;255;255;255m▄[38;2;255;255;255m[48;2;255;255;255m▄[38;2;255;255;255m[48;2;255;255;255m▄[38;2;255;255;255m[48;2;255;255;255m▄[38;2;255;255;255m[48;2;255;255;255m▄[38;2;255;255;255m[48;2;255;255;255m▄[38;2;255;255;255m[48;2;255;255;255m▄[38;2;255;255;255m[48;2;255;255;255m▄[38;2;255;255;255m[48;2;255;255;255m▄[38;2;255;255;255m[48;2;255;255;255m▄[38;2;255;255;255m[48;2;255;255;255m▄[38;2;255;255;255m[48;2;255;255;255m▄[38;2;255;255;255m[48;2;255;255;255m▄[38;2;255;255;255m[48;2;255;255;255m▄[38;2;255;255;255m[48;2;255;255;255m▄[38;2;255;255;255m[48;2;255;255;255m▄[38;2;255;255;255m[48;2;255;255;255m▄[38;2;255;255;255m[48;2;255;255;255m▄[38;2;255;255;255m[48;2;255;255;255m▄[38;2;255;255;255m[48;2;255;255;255m▄[38;2;255;255;255m[48;2;255;255;255m▄[38;2;255;255;255m[48;2;255;255;255m▄[38;2;255;255;255m[48;2;255;255;255m▄[38;2;255;255;255m[48;2;255;255;255m▄[38;2;255;255;255m[48;2;255;255;255m▄[38;2;255;255;255m[48;2;255;255;255m▄[0m
[38;2;254;254;254m[48;2;254;254;254m▄[38;2;255;255;255m[48;2;255;255;255m▄[38;2;255;255;255m[48;2;255;255;255m▄[38;2;255;255;255m[48;2;255;255;255m▄[38;2;255;255;255m[48;2;255;255;255m▄[38;2;255;255;255m[48;2;250;252;252m▄[38;2;255;255;255m[48;2;185;139;144m▄[38;2;221;204;206m[48;2;205;122;70m▄[38;2;203;153;133m[48;2;252;170;73m▄[38;2;213;138;102m[48;2;255;174;79m▄[38;2;227;138;99m[48;2;255;176;80m▄[38;2;207;165;125m[48;2;255;169;74m▄[38;2;216;191;158m[48;2;254;162;66m▄[38;2;235;227;216m[48;2;234;147;63m▄[38;2;254;255;255m[48;2;225;214;204m▄[38;2;255;255;255m[48;2;255;255;255m▄[38;2;255;255;255m[48;2;240;218;211m▄[38;2;210;216;217m[48;2;162;113;98m▄[38;2;212;215;219m[48;2;131;125;124m▄[38;2;227;232;240m[48;2;221;205;201m▄[38;2;164;166;169m[48;2;193;187;187m▄[38;2;199;200;201m[48;2;138;138;138m▄[38;2;235;235;240m[48;2;211;217;218m▄[38;2;207;213;225m[48;2;210;212;212m▄[38;2;177;154;153m[48;2;190;118;96m▄[38;2;231;193;182m[48;2;219;139;115m▄[38;2;242;241;241m[48;2;236;234;234m▄[38;2;255;255;255m[48;2;255;255;255m▄[38;2;255;255;255m[48;2;255;255;255m▄[38;2;255;255;255m[48;2;255;255;255m▄[38;2;255;255;255m[48;2;255;255;255m▄[38;2;255;255;255m[48;2;255;255;255m▄[38;2;255;255;255m[48;2;255;255;255m▄[38;2;255;255;255m[48;2;255;255;255m▄[38;2;251;255;255m[48;2;255;255;255m▄[38;2;232;217;223m[48;2;255;255;255m▄[38;2;220;188;182m[48;2;255;255;255m▄[38;2;217;178;157m[48;2;255;255;255m▄[38;2;218;184;152m[48;2;255;255;255m▄[38;2;233;202;168m[48;2;255;255;255m▄[38;2;238;209;179m[48;2;255;255;255m▄[38;2;233;218;203m[48;2;255;255;255m▄[38;2;241;245;248m[48;2;255;255;255m▄[38;2;255;255;255m[48;2;255;255;255m▄[38;2;255;255;255m[48;2;255;255;255m▄[38;2;255;255;255m[48;2;255;255;255m▄[38;2;255;255;255m[48;2;255;255;255m▄[38;2;255;255;255m[48;2;255;255;255m▄[38;2;255;255;255m[48;2;255;255;255m▄[38;2;255;255;255m[48;2;255;255;255m▄[38;2;255;255;255m[48;2;255;255;255m▄[38;2;255;255;255m[48;2;255;255;255m▄[38;2;255;255;255m[48;2;255;255;255m▄[38;2;255;255;255m[48;2;255;255;255m▄[38;2;255;255;255m[48;2;255;255;255m▄[38;2;255;255;255m[48;2;255;255;255m▄[38;2;255;255;255m[48;2;255;255;255m▄[38;2;255;255;255m[48;2;255;255;255m▄[38;2;255;255;255m[48;2;255;255;255m▄[38;2;255;255;255m[48;2;255;255;255m▄[0m
[38;2;254;254;254m[48;2;254;254;254m▄[38;2;255;255;255m[48;2;255;255;255m▄[38;2;255;255;255m[48;2;255;255;255m▄[38;2;255;255;255m[48;2;255;255;255m▄[38;2;230;205;203m[48;2;246;238;238m▄[38;2;198;101;100m[48;2;214;192;192m▄[38;2;193;107;108m[48;2;230;231;231m▄[38;2;205;106;106m[48;2;213;161;161m▄[38;2;250;132;131m[48;2;236;127;131m▄[38;2;255;138;137m[48;2;248;131;137m▄[38;2;255;137;136m[48;2;246;128;134m▄[38;2;255;131;129m[48;2;230;149;156m▄[38;2;221;99;99m[48;2;227;183;189m▄[38;2;205;166;165m[48;2;244;247;250m▄[38;2;254;255;255m[48;2;255;255;255m▄[38;2;255;255;255m[48;2;255;255;255m▄[38;2;255;255;255m[48;2;255;255;255m▄[38;2;229;228;224m[48;2;255;255;255m▄[38;2;199;189;114m[48;2;233;232;211m▄[38;2;218;203;88m[48;2;200;190;112m▄[38;2;178;173;121m[48;2;182;180;160m▄[38;2;187;188;190m[48;2;209;209;212m▄[38;2;208;207;189m[48;2;184;180;143m▄[38;2;227;219;143m[48;2;230;218;125m▄[38;2;203;190;118m[48;2;240;236;194m▄[38;2;214;211;201m[48;2;255;255;255m▄[38;2;255;255;255m[48;2;255;255;255m▄[38;2;255;255;255m[48;2;255;255;255m▄[38;2;255;255;255m[48;2;255;255;255m▄[38;2;255;255;255m[48;2;255;255;255m▄[38;2;255;255;255m[48;2;255;255;255m▄[38;2;255;255;255m[48;2;255;255;255m▄[38;2;255;255;255m[48;2;255;255;255m▄[38;2;201;157;162m[48;2;237;232;233m▄[38;2;211;102;79m[48;2;214;147;144m▄[38;2;254;175;73m[48;2;221;135;85m▄[38;2;255;175;82m[48;2;238;152;69m▄[38;2;255;172;83m[48;2;249;161;69m▄[38;2;255;171;83m[48;2;253;163;69m▄[38;2;255;171;83m[48;2;253;163;69m▄[38;2;255;171;84m[48;2;252;163;68m▄[38;2;255;171;80m[48;2;244;160;70m▄[38;2;255;170;68m[48;2;227;164;97m▄[38;2;224;148;68m[48;2;223;210;195m▄[38;2;224;222;219m[48;2;254;255;255m▄[38;2;255;255;255m[48;2;255;255;255m▄[38;2;255;255;255m[48;2;255;255;255m▄[38;2;255;255;255m[48;2;255;255;255m▄[38;2;255;255;255m[48;2;255;255;255m▄[38;2;255;255;255m[48;2;255;255;255m▄[38;2;255;255;255m[48;2;255;255;255m▄[38;2;255;255;255m[48;2;255;255;255m▄[38;2;255;255;255m[48;2;255;255;255m▄[38;2;255;255;255m[48;2;255;255;255m▄[38;2;255;255;255m[48;2;255;255;255m▄[38;2;255;255;255m[48;2;255;255;255m▄[38;2;255;255;255m[48;2;255;255;255m▄[38;2;255;255;255m[48;2;255;255;255m▄[38;2;255;255;255m[48;2;255;255;255m▄[38;2;255;255;255m[48;2;255;255;255m▄[0m
[38;2;254;254;254m[48;2;254;254;254m▄[38;2;255;255;255m[48;2;255;255;255m▄[38;2;255;255;255m[48;2;255;255;255m▄[38;2;255;255;255m[48;2;255;255;255m▄[38;2;255;255;255m[48;2;255;255;255m▄[38;2;255;255;255m[48;2;240;223;221m▄[38;2;252;255;255m[48;2;232;148;146m▄[38;2;215;183;183m[48;2;194;113;114m▄[38;2;251;121;120m[48;2;255;136;134m▄[38;2;220;138;137m[48;2;220;118;117m▄[38;2;178;139;139m[48;2;167;90;92m▄[38;2;233;118;117m[48;2;222;123;123m▄[38;2;210;127;126m[48;2;217;111;111m▄[38;2;221;191;190m[48;2;208;118;118m▄[38;2;246;247;247m[48;2;235;241;241m▄[38;2;255;255;255m[48;2;255;255;255m▄[38;2;255;255;255m[48;2;255;255;255m▄[38;2;198;198;199m[48;2;233;233;234m▄[38;2;192;191;190m[48;2;207;207;210m▄[38;2;165;177;151m[48;2;236;216;105m▄[38;2;191;206;166m[48;2;255;237;93m▄[38;2;194;191;127m[48;2;249;230;113m▄[38;2;190;191;124m[48;2;244;234;181m▄[38;2;176;187;144m[48;2;235;230;218m▄[38;2;193;195;185m[48;2;207;207;210m▄[38;2;255;255;255m[48;2;247;247;247m▄[38;2;255;255;255m[48;2;255;255;255m▄[38;2;255;255;255m[48;2;255;255;255m▄[38;2;255;255;255m[48;2;255;255;255m▄[38;2;255;255;255m[48;2;255;255;255m▄[38;2;255;255;255m[48;2;255;255;255m▄[38;2;255;255;255m[48;2;255;255;255m▄[38;2;255;255;255m[48;2;255;255;255m▄[38;2;255;255;255m[48;2;219;211;213m▄[38;2;248;247;248m[48;2;199;122;121m▄[38;2;236;208;214m[48;2;226;128;85m▄[38;2;223;181;175m[48;2;242;153;72m▄[38;2;210;152;132m[48;2;254;168;76m▄[38;2;230;135;105m[48;2;254;174;80m▄[38;2;222;136;101m[48;2;255;174;79m▄[38;2;186;151;115m[48;2;255;172;75m▄[38;2;191;192;182m[48;2;242;166;86m▄[38;2;180;190;193m[48;2;236;168;92m▄[38;2;209;214;217m[48;2;205;145;82m▄[38;2;234;238;240m[48;2;225;223;221m▄[38;2;234;235;235m[48;2;254;253;253m▄[38;2;237;237;238m[48;2;255;255;255m▄[38;2;240;239;239m[48;2;255;255;255m▄[38;2;241;240;239m[48;2;255;255;255m▄[38;2;244;242;242m[48;2;255;255;255m▄[38;2;239;240;242m[48;2;255;255;255m▄[38;2;245;245;246m[48;2;255;255;255m▄[38;2;249;250;255m[48;2;255;255;255m▄[38;2;255;255;255m[48;2;255;255;255m▄[38;2;255;255;255m[48;2;255;255;255m▄[38;2;255;255;255m[48;2;255;255;255m▄[38;2;255;255;255m[48;2;255;255;255m▄[38;2;255;255;255m[48;2;255;255;255m▄[38;2;255;255;255m[48;2;255;255;255m▄[38;2;255;255;255m[48;2;255;255;255m▄[0m
[38;2;254;254;254m[48;2;254;254;254m▄[38;2;255;255;255m[48;2;255;255;255m▄[38;2;255;255;255m[48;2;255;255;255m▄[38;2;255;255;255m[48;2;255;255;255m▄[38;2;255;255;255m[48;2;255;255;255m▄[38;2;255;255;255m[48;2;255;255;255m▄[38;2;255;255;255m[48;2;255;255;255m▄[38;2;242;241;239m[48;2;235;217;216m▄[38;2;240;123;119m[48;2;247;120;116m▄[38;2;222;153;151m[48;2;223;156;156m▄[38;2;209;192;192m[48;2;206;182;181m▄[38;2;239;105;101m[48;2;253;116;114m▄[38;2;218;176;175m[48;2;219;159;159m▄[38;2;255;255;255m[48;2;255;255;255m▄[38;2;255;255;255m[48;2;255;255;255m▄[38;2;246;246;246m[48;2;255;255;255m▄[38;2;247;248;247m[48;2;255;255;255m▄[38;2;250;251;249m[48;2;236;236;236m▄[38;2;167;192;216m[48;2;161;165;172m▄[38;2;124;172;218m[48;2;125;174;233m▄[38;2;202;208;214m[48;2;129;172;225m▄[38;2;255;255;255m[48;2;214;220;233m▄[38;2;255;255;254m[48;2;189;204;224m▄[38;2;193;204;215m[48;2;121;173;230m▄[38;2;128;177;225m[48;2;143;179;217m▄[38;2;159;183;210m[48;2;240;237;237m▄[38;2;248;247;246m[48;2;255;255;255m▄[38;2;255;255;255m[48;2;255;255;255m▄[38;2;255;255;255m[48;2;255;255;255m▄[38;2;255;255;255m[48;2;255;255;255m▄[38;2;255;255;255m[48;2;255;255;255m▄[38;2;255;255;255m[48;2;255;255;255m▄[38;2;255;255;255m[48;2;255;255;255m▄[38;2;255;255;255m[48;2;255;255;255m▄[38;2;249;255;255m[48;2;255;255;255m▄[38;2;214;138;137m[48;2;231;231;231m▄[38;2;237;102;101m[48;2;225;173;175m▄[38;2;240;116;115m[48;2;229;147;152m▄[38;2;255;132;131m[48;2;249;128;134m▄[38;2;255;130;129m[48;2;244;130;136m▄[38;2;255;130;129m[48;2;215;136;142m▄[38;2;234;111;111m[48;2;185;134;138m▄[38;2;212;109;107m[48;2;198;192;194m▄[38;2;234;191;190m[48;2;228;243;246m▄[38;2;253;252;251m[48;2;224;233;236m▄[38;2;253;253;252m[48;2;225;234;238m▄[38;2;249;250;250m[48;2;224;234;238m▄[38;2;242;244;245m[48;2;221;231;235m▄[38;2;236;240;242m[48;2;223;231;235m▄[38;2;207;212;213m[48;2;214;222;229m▄[38;2;214;202;123m[48;2;203;193;122m▄[38;2;236;224;132m[48;2;241;226;107m▄[38;2;250;234;138m[48;2;242;224;122m▄[38;2;254;242;161m[48;2;253;237;135m▄[38;2;254;251;231m[48;2;253;249;210m▄[38;2;255;255;255m[48;2;255;255;255m▄[38;2;255;255;255m[48;2;255;255;255m▄[38;2;255;255;255m[48;2;255;255;255m▄[38;2;255;255;255m[48;2;255;255;255m▄[38;2;255;255;255m[48;2;255;255;255m▄[0m
[38;2;254;254;254m[48;2;254;254;254m▄[38;2;255;255;255m[48;2;255;255;255m▄[38;2;255;255;255m[48;2;255;255;255m▄[38;2;255;255;255m[48;2;254;254;254m▄[38;2;253;252;253m[48;2;235;234;235m▄[38;2;250;246;252m[48;2;239;230;245m▄[38;2;247;241;251m[48;2;233;221;245m▄[38;2;246;238;249m[48;2;201;176;193m▄[38;2;239;239;253m[48;2;209;138;148m▄[38;2;244;241;255m[48;2;212;171;193m▄[38;2;243;234;247m[48;2;195;166;186m▄[38;2;242;242;255m[48;2;213;128;136m▄[38;2;248;244;255m[48;2;216;191;217m▄[38;2;230;227;233m[48;2;218;207;232m▄[38;2;250;250;250m[48;2;226;223;229m▄[38;2;255;255;255m[48;2;249;249;249m▄[38;2;255;253;255m[48;2;238;232;241m▄[38;2;251;248;253m[48;2;187;179;198m▄[38;2;246;241;245m[48;2;146;169;202m▄[38;2;254;246;253m[48;2;178;183;216m▄[38;2;248;242;253m[48;2;235;216;241m▄[38;2;246;240;251m[48;2;221;205;232m▄[38;2;248;242;252m[48;2;230;214;242m▄[38;2;246;242;250m[48;2;230;210;234m▄[38;2;242;238;243m[48;2;153;163;194m▄[38;2;249;244;249m[48;2;143;170;210m▄[38;2;249;246;250m[48;2;215;201;226m▄[38;2;253;252;254m[48;2;242;231;250m▄[38;2;248;247;247m[48;2;237;235;237m▄[38;2;254;254;254m[48;2;253;253;253m▄[38;2;255;255;255m[48;2;255;255;255m▄[38;2;255;255;255m[48;2;255;255;255m▄[38;2;255;255;255m[48;2;255;255;255m▄[38;2;255;255;255m[48;2;255;255;255m▄[38;2;255;255;255m[48;2;252;255;255m▄[38;2;255;255;255m[48;2;244;189;188m▄[38;2;255;255;255m[48;2;239;153;153m▄[38;2;255;255;255m[48;2;235;149;148m▄[38;2;255;255;255m[48;2;253;155;155m▄[38;2;255;255;255m[48;2;253;153;153m▄[38;2;255;255;255m[48;2;254;155;154m▄[38;2;255;255;255m[48;2;255;161;160m▄[38;2;255;255;255m[48;2;237;159;159m▄[38;2;255;255;255m[48;2;243;188;188m▄[38;2;255;255;255m[48;2;250;248;249m▄[38;2;255;255;255m[48;2;255;255;255m▄[38;2;255;255;255m[48;2;255;255;255m▄[38;2;255;255;255m[48;2;255;255;255m▄[38;2;255;255;255m[48;2;255;255;255m▄[38;2;255;255;255m[48;2;255;255;255m▄[38;2;255;255;255m[48;2;250;250;255m▄[38;2;255;255;255m[48;2;249;250;255m▄[38;2;255;255;255m[48;2;253;255;255m▄[38;2;255;255;255m[48;2;255;255;255m▄[38;2;255;255;255m[48;2;255;255;255m▄[38;2;255;255;255m[48;2;255;255;255m▄[38;2;255;255;255m[48;2;255;255;255m▄[38;2;255;255;255m[48;2;255;255;255m▄[38;2;255;255;255m[48;2;255;255;255m▄[38;2;255;255;255m[48;2;255;255;255m▄[0m
[38;2;254;254;254m[48;2;254;254;254m▄[38;2;255;255;255m[48;2;255;255;255m▄[38;2;255;255;255m[48;2;255;255;255m▄[38;2;255;255;255m[48;2;255;255;255m▄[38;2;255;255;255m[48;2;255;255;255m▄[38;2;255;255;255m[48;2;255;255;255m▄[38;2;255;255;255m[48;2;255;255;255m▄[38;2;255;255;255m[48;2;255;255;255m▄[38;2;255;255;255m[48;2;255;255;255m▄[38;2;255;255;255m[48;2;255;255;255m▄[38;2;255;255;255m[48;2;255;255;255m▄[38;2;255;255;255m[48;2;255;255;255m▄[38;2;255;255;255m[48;2;255;255;255m▄[38;2;255;255;255m[48;2;255;255;255m▄[38;2;255;255;255m[48;2;255;255;255m▄[38;2;255;255;255m[48;2;255;255;255m▄[38;2;255;255;255m[48;2;255;255;255m▄[38;2;255;255;255m[48;2;255;255;255m▄[38;2;255;255;255m[48;2;255;255;255m▄[38;2;255;255;255m[48;2;255;255;255m▄[38;2;255;255;255m[48;2;255;255;255m▄[38;2;255;255;255m[48;2;255;255;255m▄[38;2;255;255;255m[48;2;255;255;255m▄[38;2;255;255;255m[48;2;255;255;255m▄[38;2;255;255;255m[48;2;255;255;255m▄[38;2;255;255;255m[48;2;255;255;255m▄[38;2;255;255;255m[48;2;255;255;255m▄[38;2;255;255;255m[48;2;255;255;255m▄[38;2;255;255;255m[48;2;255;255;255m▄[38;2;255;255;255m[48;2;255;255;255m▄[38;2;255;255;255m[48;2;255;255;255m▄[38;2;255;255;255m[48;2;255;255;255m▄[38;2;255;255;255m[48;2;255;255;255m▄[38;2;255;255;255m[48;2;255;255;255m▄[38;2;255;255;255m[48;2;255;255;255m▄[38;2;245;245;245m[48;2;255;255;255m▄[38;2;209;208;207m[48;2;247;248;248m▄[38;2;190;190;190m[48;2;255;255;255m▄[38;2;176;176;176m[48;2;253;255;255m▄[38;2;197;197;197m[48;2;246;248;247m▄[38;2;174;174;174m[48;2;245;246;246m▄[38;2;230;230;230m[48;2;255;255;255m▄[38;2;207;208;208m[48;2;254;254;254m▄[38;2;162;163;163m[48;2;255;255;255m▄[38;2;166;167;166m[48;2;255;255;255m▄[38;2;174;174;174m[48;2;255;255;255m▄[38;2;173;173;173m[48;2;245;245;245m▄[38;2;196;196;196m[48;2;246;246;246m▄[38;2;236;236;236m[48;2;255;255;255m▄[38;2;255;255;255m[48;2;255;255;255m▄[38;2;255;255;255m[48;2;255;255;255m▄[38;2;255;255;255m[48;2;255;255;255m▄[38;2;255;255;255m[48;2;255;255;255m▄[38;2;255;255;255m[48;2;255;255;255m▄[38;2;255;255;255m[48;2;255;255;255m▄[38;2;255;255;255m[48;2;255;255;255m▄[38;2;255;255;255m[48;2;255;255;255m▄[38;2;255;255;255m[48;2;255;255;255m▄[38;2;255;255;255m[48;2;255;255;255m▄[38;2;255;255;255m[48;2;255;255;255m▄[0m
[38;2;254;254;254m[48;2;254;254;254m▄[38;2;255;255;255m[48;2;255;255;255m▄[38;2;255;255;255m[48;2;255;255;255m▄[38;2;255;255;255m[48;2;255;255;255m▄[38;2;255;255;255m[48;2;255;255;255m▄[38;2;255;255;255m[48;2;255;255;255m▄[38;2;243;239;234m[48;2;255;255;254m▄[38;2;223;185;141m[48;2;255;255;255m▄[38;2;227;165;97m[48;2;253;254;254m▄[38;2;239;172;96m[48;2;249;249;249m▄[38;2;240;174;94m[48;2;248;247;247m▄[38;2;242;175;94m[48;2;247;247;247m▄[38;2;242;179;99m[48;2;248;249;251m▄[38;2;240;184;108m[48;2;250;254;255m▄[38;2;237;186;121m[48;2;251;255;255m▄[38;2;236;196;142m[48;2;253;255;255m▄[38;2;238;203;162m[48;2;255;255;255m▄[38;2;233;212;189m[48;2;255;255;255m▄[38;2;239;238;236m[48;2;255;255;255m▄[38;2;246;247;247m[48;2;255;255;255m▄[38;2;255;255;255m[48;2;255;255;255m▄[38;2;255;255;255m[48;2;255;255;255m▄[38;2;255;255;255m[48;2;255;255;255m▄[38;2;255;255;255m[48;2;255;255;255m▄[38;2;255;255;255m[48;2;255;255;255m▄[38;2;255;255;255m[48;2;255;255;255m▄[38;2;255;255;255m[48;2;255;255;255m▄[38;2;255;255;255m[48;2;255;255;255m▄[38;2;255;255;255m[48;2;255;255;255m▄[38;2;255;255;255m[48;2;255;255;255m▄[38;2;255;255;255m[48;2;255;255;255m▄[38;2;255;255;255m[48;2;255;255;255m▄[38;2;255;255;255m[48;2;255;255;255m▄[38;2;255;255;255m[48;2;255;255;255m▄[38;2;251;255;255m[48;2;255;255;255m▄[38;2;243;241;248m[48;2;250;251;251m▄[38;2;237;234;237m[48;2;228;229;230m▄[38;2;228;226;226m[48;2;196;198;199m▄[38;2;229;228;228m[48;2;175;176;177m▄[38;2;232;233;236m[48;2;170;171;172m▄[38;2;235;241;246m[48;2;159;159;159m▄[38;2;240;244;247m[48;2;187;187;186m▄[38;2;235;234;233m[48;2;231;231;231m▄[38;2;192;191;191m[48;2;170;170;170m▄[38;2;233;239;241m[48;2;146;146;146m▄[38;2;228;233;235m[48;2;152;152;152m▄[38;2;216;198;192m[48;2;223;227;228m▄[38;2;233;191;179m[48;2;225;233;235m▄[38;2;239;192;178m[48;2;237;245;247m▄[38;2;229;195;184m[48;2;251;255;255m▄[38;2;198;151;137m[48;2;242;238;236m▄[38;2;209;141;120m[48;2;251;252;252m▄[38;2;217;183;172m[48;2;255;255;255m▄[38;2;209;200;199m[48;2;255;255;255m▄[38;2;247;243;241m[48;2;255;255;255m▄[38;2;255;255;255m[48;2;255;255;255m▄[38;2;255;255;255m[48;2;255;255;255m▄[38;2;255;255;255m[48;2;255;255;255m▄[38;2;255;255;255m[48;2;255;255;255m▄[38;2;255;255;255m[48;2;255;255;255m▄[0m
[38;2;254;254;254m[48;2;254;254;254m▄[38;2;255;255;255m[48;2;255;255;255m▄[38;2;255;255;255m[48;2;255;255;255m▄[38;2;255;255;255m[48;2;255;255;255m▄[38;2;255;255;255m[48;2;255;255;255m▄[38;2;255;255;255m[48;2;255;255;255m▄[38;2;186;177;178m[48;2;233;229;229m▄[38;2;204;91;92m[48;2;172;114;112m▄[38;2;255;139;140m[48;2;223;117;105m▄[38;2;255;134;138m[48;2;244;137;114m▄[38;2;255;133;138m[48;2;242;139;108m▄[38;2;255;133;138m[48;2;242;142;103m▄[38;2;255;132;138m[48;2;243;145;98m▄[38;2;254;131;138m[48;2;244;146;94m▄[38;2;254;131;137m[48;2;244;145;89m▄[38;2;250;130;136m[48;2;231;138;81m▄[38;2;235;132;138m[48;2;211;156;100m▄[38;2;197;149;153m[48;2;170;158;135m▄[38;2;192;202;206m[48;2;185;187;188m▄[38;2;215;228;233m[48;2;220;222;223m▄[38;2;226;237;242m[48;2;233;231;230m▄[38;2;231;237;239m[48;2;241;240;239m▄[38;2;235;237;237m[48;2;246;246;246m▄[38;2;236;236;235m[48;2;253;253;253m▄[38;2;238;237;236m[48;2;255;255;255m▄[38;2;240;240;241m[48;2;255;255;255m▄[38;2;246;248;255m[48;2;255;255;255m▄[38;2;254;255;255m[48;2;255;255;255m▄[38;2;255;255;255m[48;2;255;255;255m▄[38;2;255;255;255m[48;2;255;255;255m▄[38;2;255;255;255m[48;2;255;255;255m▄[38;2;251;255;255m[48;2;255;255;255m▄[38;2;201;148;152m[48;2;246;245;245m▄[38;2;203;100;77m[48;2;221;179;182m▄[38;2;248;166;69m[48;2;207;148;124m▄[38;2;255;174;78m[48;2;220;154;98m▄[38;2;255;173;80m[48;2;229;158;90m▄[38;2;255;172;80m[48;2;234;162;89m▄[38;2;255;170;80m[48;2;239;169;93m▄[38;2;255;166;72m[48;2;245;180;107m▄[38;2;255;161;60m[48;2;234;187;136m▄[38;2;242;152;60m[48;2;232;222;210m▄[38;2;210;190;169m[48;2;255;255;255m▄[38;2;248;250;251m[48;2;238;239;240m▄[38;2;218;165;149m[48;2;211;166;152m▄[38;2;137;100;89m[48;2;224;167;150m▄[38;2;124;112;110m[48;2;227;137;110m▄[38;2;197;170;161m[48;2;226;121;90m▄[38;2;221;204;199m[48;2;219;120;90m▄[38;2;145;119;111m[48;2;238;134;103m▄[38;2;140;134;132m[48;2;214;136;112m▄[38;2;201;172;163m[48;2;217;122;94m▄[38;2;222;163;145m[48;2;231;127;96m▄[38;2;237;137;106m[48;2;197;110;85m▄[38;2;216;147;126m[48;2;203;175;166m▄[38;2;234;226;224m[48;2;255;255;255m▄[38;2;255;255;255m[48;2;255;255;255m▄[38;2;255;255;255m[48;2;255;255;255m▄[38;2;255;255;255m[48;2;255;255;255m▄[38;2;255;255;255m[48;2;255;255;255m▄[0m
[38;2;254;254;254m[48;2;254;254;254m▄[38;2;255;255;255m[48;2;255;255;255m▄[38;2;255;255;255m[48;2;255;255;255m▄[38;2;255;255;255m[48;2;255;255;255m▄[38;2;255;255;255m[48;2;255;255;255m▄[38;2;255;255;255m[48;2;255;255;255m▄[38;2;255;255;255m[48;2;243;244;244m▄[38;2;253;255;255m[48;2;223;167;166m▄[38;2;240;235;234m[48;2;238;127;125m▄[38;2;231;203;203m[48;2;250;124;122m▄[38;2;225;168;167m[48;2;255;128;127m▄[38;2;224;131;130m[48;2;255;136;134m▄[38;2;248;130;129m[48;2;255;136;135m▄[38;2;222;134;133m[48;2;255;135;134m▄[38;2;230;162;161m[48;2;255;129;128m▄[38;2;237;191;190m[48;2;255;125;123m▄[38;2;236;218;218m[48;2;245;118;118m▄[38;2;251;255;255m[48;2;219;168;169m▄[38;2;255;255;255m[48;2;255;255;255m▄[38;2;255;255;255m[48;2;251;251;251m▄[38;2;255;255;255m[48;2;240;244;246m▄[38;2;255;255;255m[48;2;232;240;242m▄[38;2;253;252;252m[48;2;223;233;237m▄[38;2;238;240;241m[48;2;220;231;235m▄[38;2;218;226;235m[48;2;226;236;241m▄[38;2;195;190;140m[48;2;206;202;167m▄[38;2;250;232;102m[48;2;233;217;118m▄[38;2;254;232;88m[48;2;237;227;165m▄[38;2;252;242;169m[48;2;250;248;228m▄[38;2;255;255;255m[48;2;255;255;255m▄[38;2;255;255;255m[48;2;255;255;255m▄[38;2;255;255;255m[48;2;254;255;255m▄[38;2;255;255;255m[48;2;211;186;189m▄[38;2;245;238;240m[48;2;196;114;104m▄[38;2;224;195;194m[48;2;227;143;70m▄[38;2;211;180;153m[48;2;251;164;69m▄[38;2;203;154;104m[48;2;255;174;78m▄[38;2;233;148;87m[48;2;255;176;81m▄[38;2;211;151;91m[48;2;255;169;75m▄[38;2;189;187;178m[48;2;215;153;98m▄[38;2;216;229;238m[48;2;197;158;124m▄[38;2;216;219;222m[48;2;207;147;85m▄[38;2;215;215;214m[48;2;199;164;127m▄[38;2;247;246;246m[48;2;255;255;255m▄[38;2;248;249;249m[48;2;239;245;246m▄[38;2;238;238;242m[48;2;134;138;138m▄[38;2;241;243;253m[48;2;192;195;196m▄[38;2;208;209;220m[48;2;238;243;246m▄[38;2;184;185;190m[48;2;211;213;217m▄[38;2;239;239;238m[48;2;155;160;161m▄[38;2;255;255;255m[48;2;190;192;193m▄[38;2;238;239;248m[48;2;253;255;255m▄[38;2;206;210;219m[48;2;211;207;207m▄[38;2;173;150;146m[48;2;215;120;93m▄[38;2;227;188;176m[48;2;248;130;94m▄[38;2;231;219;215m[48;2;201;139;122m▄[38;2;253;253;254m[48;2;246;250;251m▄[38;2;255;255;255m[48;2;255;255;255m▄[38;2;255;255;255m[48;2;255;255;255m▄[38;2;255;255;255m[48;2;255;255;255m▄[0m
[38;2;254;254;254m[48;2;254;254;254m▄[38;2;255;255;255m[48;2;255;255;255m▄[38;2;255;255;255m[48;2;255;255;255m▄[38;2;255;255;255m[48;2;255;255;255m▄[38;2;255;255;255m[48;2;255;255;255m▄[38;2;255;255;255m[48;2;255;255;255m▄[38;2;255;255;255m[48;2;255;255;255m▄[38;2;244;246;246m[48;2;255;255;255m▄[38;2;219;133;131m[48;2;237;236;236m▄[38;2;237;103;104m[48;2;230;176;176m▄[38;2;220;106;106m[48;2;228;149;149m▄[38;2;255;131;130m[48;2;238;133;132m▄[38;2;255;129;128m[48;2;251;132;131m▄[38;2;255;129;128m[48;2;234;136;135m▄[38;2;251;121;121m[48;2;216;141;140m▄[38;2;204;88;89m[48;2;211;175;174m▄[38;2;210;142;141m[48;2;247;254;253m▄[38;2;244;247;247m[48;2;255;255;255m▄[38;2;255;255;255m[48;2;255;255;255m▄[38;2;255;255;255m[48;2;255;255;255m▄[38;2;255;255;255m[48;2;255;255;255m▄[38;2;255;255;255m[48;2;255;255;255m▄[38;2;255;255;255m[48;2;255;255;255m▄[38;2;255;255;255m[48;2;255;255;255m▄[38;2;255;255;255m[48;2;255;255;255m▄[38;2;255;255;255m[48;2;249;248;249m▄[38;2;255;255;255m[48;2;248;247;240m▄[38;2;255;255;255m[48;2;254;253;234m▄[38;2;255;255;255m[48;2;255;254;250m▄[38;2;255;255;255m[48;2;255;255;255m▄[38;2;255;255;255m[48;2;255;255;255m▄[38;2;255;255;255m[48;2;255;255;255m▄[38;2;255;255;255m[48;2;255;255;255m▄[38;2;240;246;246m[48;2;255;255;255m▄[38;2;207;136;135m[48;2;241;245;247m▄[38;2;244;115;114m[48;2;222;182;187m▄[38;2;238;121;120m[48;2;219;135;141m▄[38;2;255;138;137m[48;2;244;124;129m▄[38;2;255;136;135m[48;2;226;136;140m▄[38;2;240;116;116m[48;2;217;163;163m▄[38;2;192;108;107m[48;2;218;210;209m▄[38;2;226;220;219m[48;2;233;238;239m▄[38;2;242;243;243m[48;2;229;229;230m▄[38;2;241;241;241m[48;2;225;225;225m▄[38;2;237;238;238m[48;2;230;231;231m▄[38;2;216;213;190m[48;2;212;208;178m▄[38;2;234;224;157m[48;2;232;218;136m▄[38;2;211;201;128m[48;2;224;212;136m▄[38;2;234;217;108m[48;2;184;179;148m▄[38;2;230;221;164m[48;2;231;234;246m▄[38;2;230;216;126m[48;2;218;220;225m▄[38;2;251;231;98m[48;2;189;182;131m▄[38;2;233;215;93m[48;2;228;220;174m▄[38;2;224;210;110m[48;2;243;248;250m▄[38;2;206;202;174m[48;2;255;255;255m▄[38;2;243;243;244m[48;2;255;255;255m▄[38;2;255;255;255m[48;2;255;255;255m▄[38;2;255;255;255m[48;2;255;255;255m▄[38;2;255;255;255m[48;2;255;255;255m▄[38;2;255;255;255m[48;2;255;255;255m▄[0m
[38;2;254;254;254m[48;2;254;254;254m▄[38;2;255;255;255m[48;2;255;255;255m▄[38;2;255;255;255m[48;2;255;255;255m▄[38;2;255;255;255m[48;2;255;255;255m▄[38;2;255;255;255m[48;2;255;255;255m▄[38;2;255;255;255m[48;2;255;255;255m▄[38;2;255;255;255m[48;2;255;255;255m▄[38;2;255;255;255m[48;2;244;239;239m▄[38;2;255;255;255m[48;2;246;175;173m▄[38;2;255;255;255m[48;2;239;161;161m▄[38;2;255;255;255m[48;2;242;159;159m▄[38;2;255;255;255m[48;2;253;162;162m▄[38;2;255;255;255m[48;2;253;158;158m▄[38;2;255;255;255m[48;2;253;160;158m▄[38;2;255;255;255m[48;2;254;167;166m▄[38;2;255;255;255m[48;2;237;166;166m▄[38;2;255;255;255m[48;2;237;176;177m▄[38;2;255;255;255m[48;2;242;240;240m▄[38;2;255;255;255m[48;2;255;255;255m▄[38;2;255;255;255m[48;2;255;255;255m▄[38;2;255;255;255m[48;2;255;255;255m▄[38;2;255;255;255m[48;2;255;255;255m▄[38;2;255;255;255m[48;2;255;255;255m▄[38;2;255;255;255m[48;2;255;255;255m▄[38;2;255;255;255m[48;2;255;255;255m▄[38;2;255;255;255m[48;2;255;255;255m▄[38;2;255;255;255m[48;2;255;255;255m▄[38;2;255;255;255m[48;2;255;255;255m▄[38;2;255;255;255m[48;2;255;255;255m▄[38;2;255;255;255m[48;2;255;255;255m▄[38;2;255;255;255m[48;2;255;255;255m▄[38;2;255;255;255m[48;2;255;255;255m▄[38;2;255;255;255m[48;2;255;255;255m▄[38;2;252;241;241m[48;2;212;205;205m▄[38;2;255;193;193m[48;2;227;107;106m▄[38;2;255;182;182m[48;2;243;121;121m▄[38;2;255;175;174m[48;2;230;116;115m▄[38;2;255;184;184m[48;2;255;131;129m▄[38;2;255;179;177m[48;2;255;129;128m▄[38;2;255;181;180m[48;2;255;133;132m▄[38;2;255;180;180m[48;2;216;101;100m▄[38;2;255;191;191m[48;2;198;128;127m▄[38;2;255;255;255m[48;2;252;251;252m▄[38;2;255;255;255m[48;2;255;255;255m▄[38;2;255;255;255m[48;2;255;255;255m▄[38;2;255;255;255m[48;2;255;255;255m▄[38;2;255;255;255m[48;2;255;255;255m▄[38;2;244;238;202m[48;2;204;199;158m▄[38;2;255;255;148m[48;2;255;230;86m▄[38;2;255;255;151m[48;2;255;233;92m▄[38;2;255;255;148m[48;2;255;236;98m▄[38;2;255;255;146m[48;2;255;238;103m▄[38;2;255;250;135m[48;2;208;193;97m▄[38;2;241;236;213m[48;2;225;222;192m▄[38;2;255;255;255m[48;2;201;198;178m▄[38;2;246;246;245m[48;2;204;204;203m▄[38;2;255;255;255m[48;2;255;255;255m▄[38;2;255;255;255m[48;2;255;255;255m▄[38;2;255;255;255m[48;2;255;255;255m▄[38;2;255;255;255m[48;2;255;255;255m▄[0m
