[38;2;38;38;22m[48;2;104;94;69m▄[38;2;39;39;22m[48;2;63;60;37m▄[38;2;36;36;21m[48;2;31;31;16m▄[38;2;40;40;25m[48;2;35;37;24m▄[38;2;44;42;25m[48;2;31;37;20m▄[38;2;56;52;31m[48;2;31;33;20m▄[38;2;66;60;36m[48;2;31;31;18m▄[38;2;73;64;37m[48;2;37;35;18m▄[38;2;80;69;42m[48;2;56;48;28m▄[38;2;84;73;46m[48;2;67;58;35m▄[38;2;91;79;47m[48;2;73;61;37m▄[38;2;101;86;54m[48;2;75;63;39m▄[38;2;109;95;59m[48;2;80;67;43m▄[38;2;117;101;62m[48;2;84;71;46m▄[38;2;125;109;67m[48;2;93;80;50m▄[38;2;137;120;75m[48;2;101;88;52m▄[38;2;144;127;81m[48;2;108;95;60m▄[38;2;147;131;83m[48;2;125;110;71m▄[38;2;151;132;84m[48;2;136;120;75m▄[38;2;154;135;87m[48;2;142;125;80m▄[38;2;156;137;87m[48;2;146;129;82m▄[38;2;157;139;89m[48;2;146;129;82m▄[38;2;157;138;88m[48;2;144;127;80m▄[38;2;156;136;86m[48;2;144;125;80m▄[38;2;154;134;85m[48;2;140;121;76m▄[38;2;156;136;86m[48;2;138;120;75m▄[38;2;155;135;86m[48;2;138;120;73m▄[38;2;151;129;81m[48;2;140;118;75m▄[38;2;150;128;79m[48;2;140;118;73m▄[38;2;151;130;83m[48;2;135;116;73m▄[38;2;155;135;87m[48;2;136;118;75m▄[38;2;159;140;88m[48;2;144;127;80m▄[38;2;160;139;86m[48;2;148;131;84m▄[38;2;156;136;80m[48;2;150;131;84m▄[38;2;156;135;82m[48;2;146;127;82m▄[38;2;156;135;86m[48;2;146;129;82m▄[38;2;154;134;84m[48;2;146;129;82m▄[38;2;154;133;83m[48;2;150;131;78m▄[38;2;153;131;83m[48;2;146;125;78m▄[38;2;155;136;87m[48;2;142;125;78m▄[38;2;158;137;85m[48;2;146;127;80m▄[38;2;160;139;85m[48;2;144;127;80m▄[38;2;163;142;88m[48;2;140;123;78m▄[38;2;165;146;90m[48;2;138;121;78m▄[38;2;169;151;90m[48;2;138;120;78m▄[38;2;171;156;91m[48;2;144;123;80m▄[38;2;167;155;94m[48;2;155;136;84m▄[38;2;143;133;82m[48;2;159;142;88m▄[38;2;123;115;73m[48;2;161;150;90m▄[38;2;150;140;83m[48;2;151;142;84m▄[38;2;195;182;105m[48;2;172;159;91m▄[38;2;172;159;93m[48;2;151;138;80m▄[38;2;151;133;84m[48;2;144;127;82m▄[38;2;157;136;90m[48;2;148;131;84m▄[38;2;156;136;89m[48;2;148;129;84m▄[38;2;153;133;85m[48;2;146;127;82m▄[38;2;153;133;85m[48;2;142;121;78m▄[38;2;153;133;84m[48;2;151;135;88m▄[38;2;152;131;81m[48;2;150;133;88m▄[38;2;162;140;87m[48;2;150;131;82m▄[0m
[38;2;78;69;43m[48;2;37;37;20m▄[38;2;91;80;51m[48;2;51;51;30m▄[38;2;93;80;49m[48;2;59;53;33m▄[38;2;100;86;52m[48;2;68;59;38m▄[38;2;109;95;58m[48;2;77;66;44m▄[38;2;121;105;64m[48;2;83;71;45m▄[38;2;131;114;70m[48;2;87;75;44m▄[38;2;139;122;76m[48;2;95;84;49m▄[38;2;143;125;79m[48;2;106;94;57m▄[38;2;146;127;80m[48;2;119;103;65m▄[38;2;144;126;78m[48;2;127;110;68m▄[38;2;142;124;77m[48;2;134;116;72m▄[38;2;143;124;79m[48;2;135;118;74m▄[38;2;141;122;78m[48;2;137;119;74m▄[38;2;142;122;76m[48;2;142;123;78m▄[38;2;141;122;76m[48;2;143;125;79m▄[38;2;140;121;78m[48;2;139;121;77m▄[38;2;144;126;81m[48;2;136;119;73m▄[38;2;146;128;82m[48;2;138;118;74m▄[38;2;149;131;85m[48;2;142;122;79m▄[38;2;149;131;85m[48;2;145;126;80m▄[38;2;148;130;84m[48;2;146;128;82m▄[38;2;150;132;86m[48;2;147;128;82m▄[38;2;149;131;85m[48;2;146;128;82m▄[38;2;148;130;85m[48;2;146;128;82m▄[38;2;142;124;80m[48;2;147;129;83m▄[38;2;140;122;77m[48;2;146;128;82m▄[38;2;138;121;75m[48;2;142;124;78m▄[38;2;138;121;75m[48;2;139;123;76m▄[38;2;141;123;79m[48;2;139;121;77m▄[38;2;143;125;81m[48;2;140;121;77m▄[38;2;146;126;80m[48;2;145;125;78m▄[38;2;145;125;79m[48;2;149;129;81m▄[38;2;144;126;82m[48;2;147;128;78m▄[38;2;147;128;81m[48;2;144;125;75m▄[38;2;153;136;86m[48;2;145;124;79m▄[38;2;155;141;85m[48;2;144;125;80m▄[38;2;153;139;80m[48;2;146;127;80m▄[38;2;153;140;81m[48;2;152;134;86m▄[38;2;149;139;80m[48;2;154;137;85m▄[38;2;142;133;79m[48;2;154;138;85m▄[38;2;150;142;83m[48;2;156;143;84m▄[38;2;144;136;79m[48;2;154;141;81m▄[38;2;142;133;79m[48;2;173;160;92m▄[38;2;155;143;84m[48;2;188;175;99m▄[38;2;159;148;86m[48;2;175;165;94m▄[38;2;139;129;78m[48;2;94;88;58m▄[38;2;161;150;92m[48;2;86;82;58m▄[38;2;169;159;94m[48;2;105;97;66m▄[38;2;164;153;88m[48;2;145;134;82m▄[38;2;161;148;82m[48;2;157;145;85m▄[38;2;178;164;91m[48;2;149;139;81m▄[38;2;158;142;84m[48;2;140;124;75m▄[38;2;143;124;80m[48;2;139;120;77m▄[38;2;146;128;82m[48;2;140;122;77m▄[38;2;146;128;82m[48;2;142;124;77m▄[38;2;146;128;82m[48;2;142;124;78m▄[38;2;146;127;82m[48;2;142;124;78m▄[38;2;144;125;80m[48;2;145;127;80m▄[38;2;152;132;83m[48;2;158;138;89m▄[0m
[38;2;146;127;80m[48;2;116;99;61m▄[38;2;158;138;87m[48;2;133;115;71m▄[38;2;145;126;80m[48;2;133;115;72m▄[38;2;143;123;75m[48;2;141;123;74m▄[38;2;145;126;76m[48;2;147;128;78m▄[38;2;145;126;78m[48;2;146;128;80m▄[38;2;143;125;79m[48;2;144;126;80m▄[38;2;141;123;78m[48;2;144;126;79m▄[38;2;141;123;77m[48;2;144;125;79m▄[38;2;143;125;79m[48;2;140;121;75m▄[38;2;145;125;80m[48;2;139;121;76m▄[38;2;133;114;73m[48;2;145;127;80m▄[38;2;82;72;48m[48;2;156;136;87m▄[38;2;41;38;28m[48;2;149;130;84m▄[38;2;56;54;48m[48;2;135;117;78m▄[38;2;74;72;66m[48;2;132;114;74m▄[38;2;73;65;48m[48;2;151;131;86m▄[38;2;125;107;69m[48;2;151;132;86m▄[38;2;157;135;89m[48;2;146;127;82m▄[38;2;144;124;79m[48;2;148;129;83m▄[38;2;145;127;82m[48;2;146;128;82m▄[38;2;146;128;83m[48;2;145;127;81m▄[38;2;147;128;83m[48;2;146;127;81m▄[38;2;148;130;84m[48;2;144;125;80m▄[38;2;147;128;80m[48;2;146;127;81m▄[38;2;147;127;81m[48;2;145;127;81m▄[38;2;145;127;82m[48;2;143;126;80m▄[38;2;142;124;78m[48;2;143;126;80m▄[38;2;138;120;75m[48;2;143;124;81m▄[38;2;138;119;76m[48;2;140;122;77m▄[38;2;149;131;84m[48;2;142;124;79m▄[38;2;168;155;87m[48;2;148;130;80m▄[38;2;152;141;80m[48;2;151;135;82m▄[38;2;168;155;88m[48;2;164;149;85m▄[38;2;170;159;89m[48;2;170;158;87m▄[38;2;173;164;92m[48;2;150;137;79m▄[38;2;165;152;86m[48;2;162;151;87m▄[38;2;145;132;76m[48;2;149;140;81m▄[38;2;144;133;77m[48;2;147;137;78m▄[38;2;151;141;83m[48;2;145;135;79m▄[38;2;165;152;88m[48;2;142;132;78m▄[38;2;180;167;94m[48;2;151;140;83m▄[38;2;185;173;96m[48;2;154;144;83m▄[38;2;157;147;83m[48;2;145;136;81m▄[38;2;149;139;77m[48;2;158;147;84m▄[38;2;159;147;82m[48;2;164;152;86m▄[38;2;167;154;86m[48;2;176;164;93m▄[38;2;143;132;77m[48;2;158;146;85m▄[38;2;151;140;82m[48;2;149;138;79m▄[38;2;163;153;88m[48;2;142;132;74m▄[38;2;164;155;91m[48;2;139;129;73m▄[38;2;158;150;87m[48;2;153;143;85m▄[38;2;155;146;84m[48;2;135;125;78m▄[38;2;137;123;74m[48;2;138;121;76m▄[38;2;140;120;78m[48;2;140;121;77m▄[38;2;140;121;77m[48;2;140;121;77m▄[38;2;140;122;77m[48;2;140;123;78m▄[38;2;143;123;79m[48;2;140;123;80m▄[38;2;141;123;78m[48;2;136;118;75m▄[38;2;152;131;84m[48;2;146;127;80m▄[0m
[38;2;146;127;80m[48;2;138;121;76m▄[38;2;158;137;85m[48;2;153;134;84m▄[38;2;147;128;77m[48;2;145;127;80m▄[38;2;145;125;77m[48;2;147;127;77m▄[38;2;138;119;72m[48;2;145;125;73m▄[38;2;134;116;67m[48;2;141;122;73m▄[38;2;131;113;67m[48;2;137;118;74m▄[38;2;132;114;69m[48;2;133;115;71m▄[38;2;138;120;74m[48;2;131;113;67m▄[38;2;136;116;70m[48;2;134;117;70m▄[38;2;144;122;82m[48;2;147;125;81m▄[38;2;143;133;126m[48;2;138;125;109m▄[38;2;109;105;102m[48;2;37;38;41m▄[38;2;186;178;169m[48;2;65;65;65m▄[38;2;111;107;106m[48;2;179;171;161m▄[38;2;138;134;133m[48;2;209;200;189m▄[38;2;238;227;213m[48;2;212;206;200m▄[38;2;205;198;191m[48;2;75;71;65m▄[38;2;31;28;20m[48;2;121;106;71m▄[38;2;95;82;56m[48;2;163;142;95m▄[38;2;92;82;51m[48;2;156;136;91m▄[38;2;108;94;60m[48;2;155;137;91m▄[38;2;133;114;74m[48;2;152;133;89m▄[38;2;148;129;82m[48;2;150;131;86m▄[38;2;144;125;79m[48;2;145;127;81m▄[38;2;143;124;79m[48;2;145;127;81m▄[38;2;143;124;79m[48;2;146;127;82m▄[38;2;139;121;75m[48;2;143;126;80m▄[38;2;137;118;74m[48;2;144;126;80m▄[38;2;140;121;78m[48;2;144;125;82m▄[38;2;145;128;82m[48;2;146;127;82m▄[38;2;162;148;86m[48;2;161;147;85m▄[38;2;178;167;92m[48;2;142;131;77m▄[38;2;141;131;75m[48;2;157;146;85m▄[38;2;64;62;38m[48;2;147;136;79m▄[38;2;77;73;48m[48;2;132;124;74m▄[38;2;104;97;63m[48;2;139;129;77m▄[38;2;93;86;57m[48;2;111;101;62m▄[38;2;117;110;70m[48;2;107;99;64m▄[38;2;136;127;74m[48;2;93;89;58m▄[38;2;152;143;81m[48;2;120;111;66m▄[38;2;171;161;89m[48;2;185;170;95m▄[38;2;172;159;90m[48;2;173;159;87m▄[38;2;177;163;93m[48;2;155;143;80m▄[38;2;178;165;92m[48;2;158;146;83m▄[38;2;176;162;92m[48;2;168;154;87m▄[38;2;175;161;91m[48;2;170;155;88m▄[38;2;174;159;90m[48;2;175;162;91m▄[38;2;172;157;88m[48;2;175;162;91m▄[38;2;168;155;85m[48;2;169;156;89m▄[38;2;171;158;87m[48;2;162;151;83m▄[38;2;173;157;88m[48;2;159;147;80m▄[38;2;170;157;86m[48;2;155;144;79m▄[38;2;161;146;82m[48;2;146;132;76m▄[38;2;133;114;70m[48;2;140;120;76m▄[38;2;134;115;73m[48;2;143;122;77m▄[38;2;134;116;72m[48;2;141;120;75m▄[38;2;131;113;67m[48;2;140;119;74m▄[38;2;131;113;70m[48;2;136;117;73m▄[38;2;145;125;78m[48;2;147;127;80m▄[0m
[38;2;142;125;78m[48;2;146;127;80m▄[38;2;154;135;86m[48;2;155;135;85m▄[38;2;136;117;73m[48;2;143;125;79m▄[38;2;132;114;69m[48;2;142;123;79m▄[38;2;131;112;69m[48;2;133;112;69m▄[38;2;130;112;68m[48;2;128;108;65m▄[38;2;130;111;68m[48;2;128;109;66m▄[38;2;138;119;76m[48;2;136;118;73m▄[38;2;142;124;77m[48;2;141;122;76m▄[38;2;144;127;78m[48;2;144;125;79m▄[38;2;146;125;77m[48;2;152;131;84m▄[38;2;127;114;90m[48;2;122;113;97m▄[38;2;98;100;102m[48;2;79;81;86m▄[38;2;101;77;65m[48;2;147;142;138m▄[38;2;184;122;89m[48;2;170;167;164m▄[38;2;210;166;137m[48;2;171;171;172m▄[38;2;198;160;132m[48;2;215;208;198m▄[38;2;188;150;123m[48;2;246;237;228m▄[38;2;225;204;188m[48;2;117;114;112m▄[38;2;97;96;92m[48;2;0;0;0m▄[38;2;1;0;0m[48;2;16;18;10m▄[38;2;20;20;13m[48;2;19;18;9m▄[38;2;18;18;12m[48;2;30;25;14m▄[38;2;9;10;6m[48;2;76;68;40m▄[38;2;46;43;27m[48;2;141;123;79m▄[38;2;136;118;74m[48;2;145;125;79m▄[38;2;139;121;74m[48;2;140;119;75m▄[38;2;138;120;74m[48;2;140;119;74m▄[38;2;139;121;75m[48;2;141;122;76m▄[38;2;141;123;77m[48;2;143;125;79m▄[38;2;141;124;79m[48;2;146;128;83m▄[38;2;163;148;85m[48;2;173;160;90m▄[38;2;170;159;89m[48;2;183;171;92m▄[38;2;175;165;96m[48;2;132;122;70m▄[38;2;184;172;101m[48;2;102;96;60m▄[38;2;182;171;98m[48;2;135;129;75m▄[38;2;178;168;94m[48;2;161;152;88m▄[38;2;177;166;93m[48;2;172;162;92m▄[38;2;177;165;92m[48;2;180;169;96m▄[38;2;176;164;92m[48;2;183;173;97m▄[38;2;175;163;91m[48;2;181;171;97m▄[38;2;175;163;91m[48;2;177;166;94m▄[38;2;175;162;91m[48;2;176;164;92m▄[38;2;175;162;91m[48;2;175;163;91m▄[38;2;175;162;91m[48;2;173;162;89m▄[38;2;172;162;90m[48;2;174;160;89m▄[38;2;171;159;89m[48;2;172;159;89m▄[38;2;172;159;89m[48;2;172;160;89m▄[38;2;171;158;89m[48;2;173;159;89m▄[38;2;169;156;85m[48;2;172;157;87m▄[38;2;168;154;85m[48;2;170;156;85m▄[38;2;164;154;85m[48;2;169;154;85m▄[38;2;163;152;83m[48;2;167;152;83m▄[38;2;167;155;84m[48;2;166;153;83m▄[38;2;153;139;79m[48;2;137;121;71m▄[38;2;136;119;75m[48;2;135;117;76m▄[38;2;139;121;77m[48;2;135;118;73m▄[38;2;138;118;76m[48;2;132;113;70m▄[38;2;138;118;75m[48;2;133;114;71m▄[38;2;150;130;83m[48;2;146;125;79m▄[0m
[38;2;138;121;75m[48;2;138;121;75m▄[38;2;152;134;84m[48;2;152;132;83m▄[38;2;143;126;80m[48;2;138;119;75m▄[38;2;144;126;80m[48;2;134;116;70m▄[38;2;145;126;81m[48;2;137;119;75m▄[38;2;143;125;79m[48;2;138;120;74m▄[38;2;144;126;80m[48;2;140;122;75m▄[38;2;142;124;78m[48;2;144;125;80m▄[38;2;144;126;79m[48;2;141;123;76m▄[38;2;145;126;80m[48;2;139;121;76m▄[38;2;149;131;84m[48;2;146;126;80m▄[38;2;94;81;58m[48;2;120;105;77m▄[38;2;87;51;29m[48;2;143;98;63m▄[38;2;135;90;65m[48;2;173;96;42m▄[38;2;172;133;110m[48;2;172;80;21m▄[38;2;192;167;150m[48;2;158;74;23m▄[38;2;213;203;193m[48;2;155;94;56m▄[38;2;236;228;218m[48;2;186;149;124m▄[38;2;237;227;216m[48;2;227;205;188m▄[38;2;245;233;220m[48;2;226;216;206m▄[38;2;181;175;164m[48;2;32;30;24m▄[38;2;22;21;16m[48;2;8;9;2m▄[38;2;2;2;0m[48;2;22;21;13m▄[38;2;20;19;12m[48;2;23;20;14m▄[38;2;20;17;11m[48;2;7;8;5m▄[38;2;26;23;14m[48;2;68;63;39m▄[38;2;126;111;71m[48;2;147;131;84m▄[38;2;139;121;75m[48;2;139;123;78m▄[38;2;137;119;73m[48;2;139;121;78m▄[38;2;137;118;73m[48;2;141;122;77m▄[38;2;132;114;69m[48;2;138;121;76m▄[38;2;163;147;83m[48;2;167;152;87m▄[38;2;178;164;91m[48;2;180;167;94m▄[38;2;174;162;90m[48;2;176;162;92m▄[38;2;174;162;90m[48;2;176;161;92m▄[38;2;174;162;91m[48;2;176;163;91m▄[38;2;173;162;91m[48;2;174;163;92m▄[38;2;173;163;91m[48;2;174;163;92m▄[38;2;173;161;91m[48;2;175;162;90m▄[38;2;172;161;91m[48;2;175;163;91m▄[38;2;171;161;90m[48;2;174;162;90m▄[38;2;171;161;90m[48;2;174;160;90m▄[38;2;171;161;89m[48;2;173;161;90m▄[38;2;169;159;89m[48;2;172;160;90m▄[38;2;169;159;90m[48;2;172;160;89m▄[38;2;169;159;89m[48;2;170;160;89m▄[38;2;169;159;90m[48;2;170;159;90m▄[38;2;169;159;91m[48;2;170;159;90m▄[38;2;168;159;90m[48;2;169;159;90m▄[38;2;168;158;89m[48;2;169;159;89m▄[38;2;166;156;87m[48;2;166;155;84m▄[38;2;165;155;86m[48;2;166;155;88m▄[38;2;163;154;89m[48;2;164;155;90m▄[38;2;160;150;87m[48;2;164;153;87m▄[38;2;158;147;82m[48;2;148;137;74m▄[38;2;135;121;70m[48;2;126;109;63m▄[38;2;129;114;71m[48;2;133;116;72m▄[38;2;128;114;71m[48;2;137;121;76m▄[38;2;127;113;74m[48;2;136;121;77m▄[38;2;137;120;76m[48;2;147;131;82m▄[0m
[38;2;140;121;76m[48;2;146;125;82m▄[38;2;154;134;85m[48;2;158;138;90m▄[38;2;143;125;79m[48;2;144;127;80m▄[38;2;144;126;79m[48;2;143;125;79m▄[38;2;140;122;76m[48;2;142;124;78m▄[38;2;139;121;75m[48;2;142;124;78m▄[38;2;139;121;75m[48;2;143;125;79m▄[38;2;135;117;71m[48;2;142;124;78m▄[38;2;137;118;73m[48;2;143;125;79m▄[38;2;127;110;68m[48;2;148;129;83m▄[38;2;42;37;17m[48;2;100;87;52m▄[38;2;30;30;20m[48;2;42;36;25m▄[38;2;108;106;101m[48;2;86;78;74m▄[38;2;115;109;103m[48;2;120;118;116m▄[38;2;124;117;110m[48;2;191;188;183m▄[38;2;171;162;152m[48;2;229;219;210m▄[38;2;207;196;183m[48;2;226;213;201m▄[38;2;211;200;187m[48;2;227;213;200m▄[38;2;215;202;190m[48;2;228;215;203m▄[38;2;219;206;194m[48;2;229;217;205m▄[38;2;223;210;198m[48;2;249;235;222m▄[38;2;241;228;216m[48;2;210;199;190m▄[38;2;243;231;219m[48;2;74;72;65m▄[38;2;101;97;91m[48;2;4;4;0m▄[38;2;6;6;4m[48;2;13;12;8m▄[38;2;4;4;3m[48;2;6;6;3m▄[38;2;91;79;52m[48;2;99;85;55m▄[38;2;146;126;80m[48;2;141;123;76m▄[38;2;136;117;74m[48;2;133;115;71m▄[38;2;136;118;73m[48;2;133;115;70m▄[38;2;132;117;72m[48;2;132;113;68m▄[38;2;155;144;81m[48;2;159;145;83m▄[38;2;173;161;88m[48;2;176;161;90m▄[38;2;170;159;88m[48;2;172;158;88m▄[38;2;170;159;88m[48;2;171;159;88m▄[38;2;168;159;89m[48;2;171;160;89m▄[38;2;169;159;91m[48;2;171;161;91m▄[38;2;169;159;90m[48;2;171;162;89m▄[38;2;169;159;90m[48;2;170;162;91m▄[38;2;169;158;90m[48;2;169;160;91m▄[38;2;169;159;90m[48;2;169;159;90m▄[38;2;169;159;91m[48;2;169;158;89m▄[38;2;168;157;91m[48;2;169;159;89m▄[38;2;166;156;87m[48;2;168;158;89m▄[38;2;168;158;91m[48;2;168;158;89m▄[38;2;167;156;92m[48;2;168;158;89m▄[38;2;165;155;86m[48;2;167;157;87m▄[38;2;164;154;85m[48;2;166;156;87m▄[38;2;165;156;87m[48;2;166;156;88m▄[38;2;165;155;85m[48;2;166;156;85m▄[38;2;164;154;85m[48;2;165;155;87m▄[38;2;164;152;88m[48;2;165;154;87m▄[38;2;163;152;87m[48;2;165;155;86m▄[38;2;165;154;94m[48;2;163;152;86m▄[38;2;164;154;93m[48;2;164;153;86m▄[38;2;146;137;76m[48;2;146;135;77m▄[38;2;127;111;68m[48;2;120;105;64m▄[38;2;133;114;72m[48;2;126;111;69m▄[38;2;134;116;72m[48;2;127;112;72m▄[38;2;146;127;79m[48;2;138;121;77m▄[0m
[38;2;131;114;67m[48;2;138;120;73m▄[38;2;140;121;71m[48;2;149;129;79m▄[38;2;130;112;68m[48;2;136;118;72m▄[38;2;132;113;71m[48;2;136;117;73m▄[38;2;131;111;68m[48;2;133;114;70m▄[38;2;132;113;69m[48;2;133;114;71m▄[38;2;136;117;72m[48;2;131;112;68m▄[38;2;141;122;77m[48;2;131;112;68m▄[38;2;133;115;72m[48;2;141;122;77m▄[38;2;48;46;26m[48;2;81;70;41m▄[38;2;25;27;16m[48;2;25;26;14m▄[38;2;19;17;13m[48;2;17;17;9m▄[38;2;20;20;18m[48;2;86;85;80m▄[38;2;112;109;104m[48;2;138;131;126m▄[38;2;138;131;121m[48;2;122;115;108m▄[38;2;127;120;111m[48;2;124;118;108m▄[38;2;141;135;126m[48;2;171;164;151m▄[38;2;185;174;163m[48;2;200;193;179m▄[38;2;201;189;176m[48;2;204;193;181m▄[38;2;201;189;177m[48;2;208;196;184m▄[38;2;204;192;179m[48;2;212;200;188m▄[38;2;208;196;183m[48;2;218;206;194m▄[38;2;213;200;188m[48;2;231;218;206m▄[38;2;178;168;156m[48;2;192;182;169m▄[38;2;84;82;76m[48;2;56;54;46m▄[38;2;33;32;25m[48;2;9;9;4m▄[38;2;119;104;67m[48;2;104;91;59m▄[38;2;132;114;69m[48;2;143;123;77m▄[38;2;130;112;68m[48;2;136;118;75m▄[38;2;132;114;71m[48;2;136;119;74m▄[38;2;127;109;66m[48;2;131;114;72m▄[38;2;150;135;76m[48;2;154;141;79m▄[38;2;170;159;89m[48;2;174;162;90m▄[38;2;167;157;91m[48;2;170;159;90m▄[38;2;166;156;91m[48;2;168;158;88m▄[38;2;165;155;88m[48;2;167;157;88m▄[38;2;165;156;87m[48;2;167;158;90m▄[38;2;167;157;88m[48;2;167;157;91m▄[38;2;167;156;87m[48;2;168;157;89m▄[38;2;167;157;88m[48;2;168;158;90m▄[38;2;165;155;86m[48;2;167;157;88m▄[38;2;164;154;85m[48;2;166;157;89m▄[38;2;165;154;86m[48;2;166;156;88m▄[38;2;164;154;86m[48;2;165;155;85m▄[38;2;164;154;86m[48;2;166;155;86m▄[38;2;164;152;86m[48;2;167;154;87m▄[38;2;162;152;87m[48;2;166;154;86m▄[38;2;162;151;87m[48;2;164;153;84m▄[38;2;162;151;88m[48;2;164;154;84m▄[38;2;162;151;86m[48;2;164;153;85m▄[38;2;161;150;87m[48;2;162;152;85m▄[38;2;160;149;87m[48;2;161;150;87m▄[38;2;158;147;85m[48;2;160;148;87m▄[38;2;158;148;86m[48;2;157;147;93m▄[38;2;157;147;85m[48;2;145;137;82m▄[38;2;158;148;83m[48;2;139;128;71m▄[38;2;140;128;71m[48;2;125;111;63m▄[38;2;120;104;63m[48;2;129;111;70m▄[38;2;126;108;65m[48;2;131;111;69m▄[38;2;135;115;69m[48;2;141;121;75m▄[0m
[38;2;135;114;71m[48;2;136;118;73m▄[38;2;145;123;77m[48;2;148;128;80m▄[38;2;133;112;70m[48;2;138;117;74m▄[38;2;130;111;68m[48;2;134;115;72m▄[38;2;129;110;67m[48;2;131;113;70m▄[38;2;132;112;69m[48;2;133;114;70m▄[38;2;131;112;69m[48;2;135;117;72m▄[38;2;131;113;69m[48;2;137;119;72m▄[38;2;111;96;59m[48;2;115;98;60m▄[38;2;55;51;32m[48;2;46;43;28m▄[38;2;30;29;15m[48;2;27;28;16m▄[38;2;20;19;13m[48;2;22;21;15m▄[38;2;22;22;16m[48;2;8;9;5m▄[38;2;4;6;5m[48;2;13;14;15m▄[38;2;2;5;8m[48;2;97;94;91m▄[38;2;77;74;73m[48;2;138;132;123m▄[38;2;137;130;121m[48;2;131;124;113m▄[38;2;138;132;119m[48;2;158;149;138m▄[38;2;166;157;146m[48;2;191;178;168m▄[38;2;186;174;164m[48;2;197;184;174m▄[38;2;188;175;165m[48;2;199;186;176m▄[38;2;183;172;162m[48;2;201;188;178m▄[38;2;161;152;142m[48;2;191;178;167m▄[38;2;126;120;111m[48;2;152;144;132m▄[38;2;75;71;63m[48;2;80;75;71m▄[38;2;115;102;66m[48;2;72;65;44m▄[38;2;136;119;74m[48;2;132;117;72m▄[38;2;129;110;68m[48;2;128;110;67m▄[38;2;128;110;68m[48;2;128;111;68m▄[38;2;127;110;67m[48;2;131;114;71m▄[38;2;123;104;64m[48;2;127;109;68m▄[38;2;144;130;75m[48;2;140;127;71m▄[38;2;167;158;84m[48;2;163;154;82m▄[38;2;163;153;84m[48;2;165;154;87m▄[38;2;163;153;85m[48;2;165;153;90m▄[38;2;163;153;86m[48;2;164;153;89m▄[38;2;162;152;88m[48;2;164;154;88m▄[38;2;161;153;88m[48;2;164;155;87m▄[38;2;161;153;88m[48;2;164;155;88m▄[38;2;161;152;86m[48;2;165;155;87m▄[38;2;163;152;86m[48;2;165;154;87m▄[38;2;162;152;87m[48;2;163;153;88m▄[38;2;160;151;84m[48;2;162;152;88m▄[38;2;161;151;86m[48;2;161;151;86m▄[38;2;160;151;86m[48;2;161;151;87m▄[38;2;159;150;85m[48;2;160;151;87m▄[38;2;159;150;85m[48;2;160;151;86m▄[38;2;159;149;85m[48;2;160;150;87m▄[38;2;158;146;84m[48;2;160;148;88m▄[38;2;157;146;83m[48;2;159;149;86m▄[38;2;157;146;82m[48;2;159;149;84m▄[38;2;155;144;82m[48;2;158;147;84m▄[38;2;155;144;82m[48;2;156;145;84m▄[38;2;154;143;81m[48;2;155;144;81m▄[38;2;154;143;81m[48;2;154;143;81m▄[38;2;154;144;81m[48;2;154;143;81m▄[38;2;156;145;82m[48;2;151;140;79m▄[38;2;127;114;63m[48;2;115;100;59m▄[38;2;119;104;68m[48;2;117;100;63m▄[38;2;138;121;81m[48;2;130;112;69m▄[0m
[38;2;133;114;73m[48;2;131;110;69m▄[38;2;141;122;75m[48;2;139;119;73m▄[38;2;129;113;68m[48;2;127;109;66m▄[38;2;130;112;69m[48;2;127;109;67m▄[38;2;132;115;71m[48;2;128;110;68m▄[38;2;133;116;73m[48;2;130;112;69m▄[38;2;131;114;71m[48;2;128;110;67m▄[38;2;133;116;72m[48;2;130;113;69m▄[38;2;131;115;73m[48;2;119;104;65m▄[38;2;80;73;44m[48;2;67;61;38m▄[38;2;36;34;21m[48;2;32;30;17m▄[38;2;17;17;12m[48;2;18;17;13m▄[38;2;22;20;15m[48;2;23;22;17m▄[38;2;21;20;15m[48;2;15;16;12m▄[38;2;9;13;11m[48;2;2;7;10m▄[38;2;5;10;11m[48;2;0;0;2m▄[38;2;1;4;6m[48;2;63;60;56m▄[38;2;35;35;35m[48;2;129;123;115m▄[38;2;48;47;44m[48;2;140;134;125m▄[38;2;62;59;57m[48;2;161;153;144m▄[38;2;80;78;75m[48;2;168;159;151m▄[38;2;90;87;83m[48;2;162;155;145m▄[38;2;89;87;82m[48;2;146;139;128m▄[38;2;82;77;62m[48;2;106;101;95m▄[38;2;113;100;63m[48;2;100;91;66m▄[38;2;120;105;65m[48;2;132;115;69m▄[38;2;124;106;66m[48;2;128;110;66m▄[38;2;130;110;70m[48;2;129;110;67m▄[38;2;132;114;72m[48;2;129;111;67m▄[38;2;134;114;72m[48;2;129;111;67m▄[38;2;129;108;68m[48;2;126;107;65m▄[38;2;144;129;76m[48;2;141;127;74m▄[38;2;171;160;90m[48;2;164;154;86m▄[38;2;167;154;87m[48;2;161;150;86m▄[38;2;167;155;90m[48;2;161;151;85m▄[38;2;164;155;93m[48;2;162;151;84m▄[38;2;160;153;89m[48;2;162;151;86m▄[38;2;159;149;85m[48;2;160;151;85m▄[38;2;158;147;84m[48;2;159;150;84m▄[38;2;157;146;82m[48;2;159;149;82m▄[38;2;156;145;82m[48;2;160;148;83m▄[38;2;156;145;82m[48;2;159;148;83m▄[38;2;155;145;81m[48;2;159;148;81m▄[38;2;153;144;80m[48;2;158;146;81m▄[38;2;150;141;79m[48;2;159;146;82m▄[38;2;150;140;79m[48;2;158;146;83m▄[38;2;147;136;78m[48;2;157;147;83m▄[38;2;145;135;77m[48;2;159;149;84m▄[38;2;143;135;74m[48;2;157;148;82m▄[38;2;140;130;75m[48;2;156;146;82m▄[38;2;141;130;74m[48;2;155;144;81m▄[38;2;144;133;75m[48;2;153;143;81m▄[38;2;146;134;78m[48;2;152;141;80m▄[38;2;142;131;74m[48;2;147;135;77m▄[38;2;138;127;72m[48;2;143;133;74m▄[38;2;141;130;72m[48;2;140;130;73m▄[38;2;143;132;73m[48;2;139;128;72m▄[38;2;143;134;72m[48;2;129;119;66m▄[38;2;115;102;59m[48;2;120;106;67m▄[38;2;126;110;70m[48;2;136;120;79m▄[0m
[38;2;121;103;60m[48;2;131;112;71m▄[38;2;131;111;66m[48;2;140;121;75m▄[38;2;121;102;61m[48;2;128;113;68m▄[38;2;120;103;61m[48;2;130;111;68m▄[38;2;120;103;61m[48;2;130;113;69m▄[38;2;118;102;61m[48;2;126;109;66m▄[38;2;116;100;61m[48;2;126;109;66m▄[38;2;111;96;59m[48;2;123;107;64m▄[38;2;106;92;55m[48;2;122;107;64m▄[38;2;112;98;60m[48;2;103;92;57m▄[38;2;82;74;45m[48;2;48;45;25m▄[38;2;22;22;12m[48;2;17;18;10m▄[38;2;14;14;11m[48;2;22;21;15m▄[38;2;18;17;13m[48;2;23;22;16m▄[38;2;16;17;12m[48;2;16;19;13m▄[38;2;6;9;8m[48;2;6;12;13m▄[38;2;8;10;13m[48;2;8;12;16m▄[38;2;29;32;33m[48;2;2;4;8m▄[38;2;9;10;11m[48;2;6;8;7m▄[38;2;4;6;10m[48;2;3;5;6m▄[38;2;11;12;15m[48;2;2;4;3m▄[38;2;13;15;14m[48;2;2;4;5m▄[38;2;14;16;15m[48;2;4;7;8m▄[38;2;13;15;14m[48;2;9;10;11m▄[38;2;11;13;13m[48;2;14;15;14m▄[38;2;9;12;12m[48;2;22;21;17m▄[38;2;7;10;11m[48;2;32;29;23m▄[38;2;5;8;9m[48;2;42;39;30m▄[38;2;1;4;7m[48;2;54;49;37m▄[38;2;1;4;6m[48;2;67;59;39m▄[38;2;2;5;7m[48;2;76;66;43m▄[38;2;3;6;7m[48;2;107;97;61m▄[38;2;5;6;7m[48;2;136;128;76m▄[38;2;12;12;11m[48;2;138;128;73m▄[38;2;17;17;14m[48;2;146;137;80m▄[38;2;23;22;13m[48;2;150;145;87m▄[38;2;45;42;25m[48;2;151;146;85m▄[38;2;122;114;68m[48;2;146;137;79m▄[38;2;134;125;72m[48;2;148;137;80m▄[38;2;120;111;66m[48;2;145;133;78m▄[38;2;121;110;65m[48;2;142;132;76m▄[38;2;121;111;66m[48;2;141;132;76m▄[38;2;104;96;59m[48;2;137;128;74m▄[38;2;104;97;59m[48;2;133;123;70m▄[38;2;96;91;55m[48;2;137;128;74m▄[38;2;64;63;38m[48;2;135;126;72m▄[38;2;101;94;57m[48;2;129;117;71m▄[38;2;98;90;54m[48;2;119;109;67m▄[38;2;79;76;51m[48;2;123;114;69m▄[38;2;80;77;44m[48;2;125;117;69m▄[38;2;95;91;54m[48;2;127;119;69m▄[38;2;66;63;38m[48;2;118;111;65m▄[38;2;46;47;31m[48;2;96;91;54m▄[38;2;90;83;50m[48;2;131;123;70m▄[38;2;159;147;82m[48;2;158;147;82m▄[38;2;149;137;76m[48;2;151;140;77m▄[38;2;148;137;75m[48;2;150;139;76m▄[38;2;149;139;76m[48;2;150;140;76m▄[38;2;139;127;70m[48;2;130;117;67m▄[38;2;126;110;65m[48;2;132;117;73m▄[0m
[38;2;118;103;58m[48;2;127;110;67m▄[38;2;124;107;60m[48;2;134;118;72m▄[38;2;115;100;57m[48;2;121;106;64m▄[38;2;117;102;60m[48;2;120;105;63m▄[38;2;119;104;63m[48;2;115;100;59m▄[38;2;117;102;62m[48;2;114;98;58m▄[38;2;111;97;59m[48;2;111;95;58m▄[38;2;103;89;55m[48;2;106;90;56m▄[38;2;91;79;50m[48;2;96;81;47m▄[38;2;71;64;38m[48;2;85;73;41m▄[38;2;59;54;29m[48;2;99;90;55m▄[38;2;77;70;42m[48;2;70;64;40m▄[38;2;74;68;45m[48;2;13;12;7m▄[38;2;40;38;25m[48;2;5;7;4m▄[38;2;30;30;20m[48;2;9;10;6m▄[38;2;33;32;23m[48;2;5;6;3m▄[38;2;30;28;20m[48;2;1;2;3m▄[38;2;66;61;45m[48;2;69;69;68m▄[38;2;101;91;59m[48;2;58;58;53m▄[38;2;113;100;62m[48;2;31;30;24m▄[38;2;95;85;54m[48;2;7;9;9m▄[38;2;60;55;34m[48;2;2;4;6m▄[38;2;36;34;20m[48;2;5;8;9m▄[38;2;20;19;13m[48;2;8;11;12m▄[38;2;9;10;9m[48;2;11;13;13m▄[38;2;4;7;9m[48;2;12;14;13m▄[38;2;4;6;10m[48;2;12;13;13m▄[38;2;5;7;10m[48;2;12;14;13m▄[38;2;5;8;9m[48;2;11;13;13m▄[38;2;9;11;9m[48;2;11;13;12m▄[38;2;16;15;12m[48;2;10;11;11m▄[38;2;31;29;21m[48;2;6;8;9m▄[38;2;64;61;40m[48;2;0;3;7m▄[38;2;103;97;55m[48;2;0;2;3m▄[38;2;145;137;78m[48;2;19;21;12m▄[38;2;104;98;62m[48;2;36;37;25m▄[38;2;68;67;43m[48;2;67;65;43m▄[38;2;88;84;51m[48;2;106;101;62m▄[38;2;86;83;55m[48;2;88;84;54m▄[38;2;52;50;32m[48;2;62;59;37m▄[38;2;100;95;55m[48;2;102;95;57m▄[38;2;89;83;50m[48;2;82;76;47m▄[38;2;75;71;44m[48;2;70;68;44m▄[38;2;87;85;50m[48;2;85;81;51m▄[38;2;76;72;44m[48;2;72;68;42m▄[38;2;46;47;31m[48;2;39;39;25m▄[38;2;65;62;39m[48;2;78;73;44m▄[38;2;105;99;57m[48;2;98;93;54m▄[38;2;78;74;45m[48;2;77;73;47m▄[38;2;75;71;44m[48;2;76;72;43m▄[38;2;100;95;58m[48;2;103;99;59m▄[38;2;70;67;40m[48;2;73;71;41m▄[38;2;62;61;38m[48;2;65;65;39m▄[38;2;42;42;28m[48;2;68;64;39m▄[38;2;123;115;63m[48;2;147;136;76m▄[38;2;151;140;76m[48;2;149;138;76m▄[38;2;147;134;74m[48;2;147;136;75m▄[38;2;144;132;72m[48;2;147;136;74m▄[38;2;146;136;73m[48;2;145;135;73m▄[38;2;131;119;65m[48;2;123;109;61m▄[0m
[38;2;120;105;65m[48;2;118;103;60m▄[38;2;128;112;68m[48;2;123;108;61m▄[38;2;114;100;60m[48;2;114;99;58m▄[38;2;115;103;60m[48;2;116;102;61m▄[38;2;120;107;64m[48;2;114;98;60m▄[38;2;118;104;64m[48;2;111;97;58m▄[38;2;102;91;57m[48;2;110;100;60m▄[38;2;96;86;55m[48;2;95;84;52m▄[38;2;86;75;48m[48;2;80;69;44m▄[38;2;73;65;42m[48;2;69;62;39m▄[38;2;65;60;39m[48;2;60;55;33m▄[38;2;62;56;35m[48;2;54;51;28m▄[38;2;59;54;32m[48;2;58;55;32m▄[38;2;58;53;31m[48;2;66;61;37m▄[38;2;64;59;36m[48;2;70;65;40m▄[38;2;76;68;42m[48;2;79;71;46m▄[38;2;87;77;46m[48;2;90;81;50m▄[38;2;99;88;53m[48;2;97;87;51m▄[38;2;113;99;64m[48;2;108;94;56m▄[38;2;119;105;66m[48;2;118;103;64m▄[38;2;119;104;65m[48;2;123;108;68m▄[38;2;119;103;67m[48;2;123;109;68m▄[38;2;119;104;66m[48;2;118;104;64m▄[38;2;121;106;64m[48;2;107;94;58m▄[38;2;125;109;67m[48;2;94;81;51m▄[38;2;125;109;66m[48;2;83;73;45m▄[38;2;125;110;66m[48;2;81;72;46m▄[38;2;124;108;64m[48;2;79;70;45m▄[38;2;122;106;62m[48;2;83;74;46m▄[38;2;122;106;63m[48;2;94;85;50m▄[38;2;116;101;60m[48;2;103;91;56m▄[38;2;121;106;62m[48;2;124;111;66m▄[38;2;152;141;78m[48;2;162;149;85m▄[38;2;151;140;77m[48;2;160;148;82m▄[38;2;158;146;81m[48;2;159;148;82m▄[38;2;111;104;62m[48;2;101;97;61m▄[38;2;65;63;42m[48;2;59;57;38m▄[38;2;94;90;56m[48;2;83;80;49m▄[38;2;108;103;63m[48;2;89;84;56m▄[38;2;77;73;44m[48;2;46;45;30m▄[38;2;113;107;61m[48;2;94;90;54m▄[38;2;109;104;59m[48;2;84;78;47m▄[38;2;107;99;58m[48;2;70;64;41m▄[38;2;116;107;64m[48;2;78;74;46m▄[38;2;118;110;64m[48;2;72;70;45m▄[38;2;116;109;62m[48;2;48;49;34m▄[38;2;119;111;63m[48;2;52;50;32m▄[38;2;133;125;69m[48;2;108;102;61m▄[38;2;133;123;67m[48;2;87;81;48m▄[38;2;132;123;65m[48;2;89;83;49m▄[38;2;131;122;65m[48;2;105;97;57m▄[38;2;133;122;69m[48;2;96;90;54m▄[38;2;131;120;67m[48;2;91;86;49m▄[38;2;133;125;67m[48;2;82;79;45m▄[38;2;124;116;63m[48;2;123;116;64m▄[38;2;116;107;56m[48;2;149;138;74m▄[38;2;120;112;60m[48;2;143;132;71m▄[38;2;119;111;57m[48;2;140;130;69m▄[38;2;119;107;58m[48;2;143;133;72m▄[38;2;134;122;65m[48;2;154;144;81m▄[0m
[38;2;18;16;9m[48;2;114;101;61m▄[38;2;89;80;50m[48;2;124;110;68m▄[38;2;124;109;67m[48;2;115;100;62m▄[38;2;102;88;55m[48;2;118;102;61m▄[38;2;37;33;17m[48;2;105;94;53m▄[38;2;19;21;10m[48;2;57;52;29m▄[38;2;28;27;17m[48;2;20;19;13m▄[38;2;14;15;7m[48;2;48;45;30m▄[38;2;8;10;5m[48;2;44;39;24m▄[38;2;38;37;22m[48;2;36;33;19m▄[38;2;67;62;38m[48;2;66;61;38m▄[38;2;59;55;33m[48;2;58;53;31m▄[38;2;62;57;33m[48;2;57;52;30m▄[38;2;70;64;39m[48;2;60;55;33m▄[38;2;80;70;45m[48;2;71;62;39m▄[38;2;89;79;50m[48;2;82;70;44m▄[38;2;97;87;51m[48;2;92;80;47m▄[38;2;107;93;57m[48;2;105;93;56m▄[38;2;111;96;59m[48;2;115;102;64m▄[38;2;112;96;59m[48;2;118;102;62m▄[38;2;112;97;59m[48;2;118;102;64m▄[38;2;111;95;59m[48;2;117;101;63m▄[38;2;110;95;59m[48;2;116;101;60m▄[38;2;115;101;62m[48;2;115;100;59m▄[38;2;113;101;60m[48;2;117;102;60m▄[38;2;111;97;57m[48;2;118;103;61m▄[38;2;110;95;56m[48;2;117;101;63m▄[38;2;110;95;58m[48;2;116;100;61m▄[38;2;110;94;58m[48;2;117;101;63m▄[38;2;110;95;59m[48;2;117;101;62m▄[38;2;110;94;58m[48;2;114;99;60m▄[38;2;112;99;58m[48;2;118;105;64m▄[38;2;112;100;55m[48;2;138;128;68m▄[38;2;117;105;57m[48;2;143;133;72m▄[38;2;109;97;52m[48;2;136;126;70m▄[38;2;112;100;55m[48;2;132;124;68m▄[38;2;110;99;52m[48;2;129;120;65m▄[38;2;105;95;49m[48;2;130;121;65m▄[38;2;106;95;51m[48;2;131;120;64m▄[38;2;109;97;53m[48;2;136;127;67m▄[38;2;110;96;55m[48;2;134;125;65m▄[38;2;111;97;53m[48;2;131;121;62m▄[38;2;113;98;55m[48;2;131;119;62m▄[38;2;112;98;56m[48;2;130;118;63m▄[38;2;113;99;59m[48;2;128;117;63m▄[38;2;114;100;62m[48;2;126;115;62m▄[38;2;111;97;59m[48;2;122;111;61m▄[38;2;110;95;57m[48;2;117;106;58m▄[38;2;111;96;59m[48;2;117;104;56m▄[38;2;112;98;61m[48;2;115;103;55m▄[38;2;114;99;63m[48;2;113;101;57m▄[38;2;115;100;64m[48;2;112;99;56m▄[38;2;113;99;63m[48;2;110;98;55m▄[38;2;112;96;61m[48;2;106;94;53m▄[38;2;113;99;61m[48;2;104;91;50m▄[38;2;114;102;62m[48;2;107;95;54m▄[38;2;115;103;64m[48;2;109;98;57m▄[38;2;117;105;68m[48;2;112;99;59m▄[38;2;118;105;67m[48;2;111;97;60m▄[38;2;129;113;71m[48;2;119;106;64m▄[0m
[38;2;117;102;62m[48;2;78;67;43m▄[38;2;134;116;67m[48;2;120;105;66m▄[38;2;87;75;43m[48;2;110;95;57m▄[38;2;46;42;22m[48;2;47;41;20m▄[38;2;49;44;24m[48;2;16;16;5m▄[38;2;85;77;48m[48;2;76;70;44m▄[38;2;108;95;59m[48;2;101;91;58m▄[38;2;64;57;35m[48;2;39;36;22m▄[38;2;20;20;11m[48;2;14;15;8m▄[38;2;70;64;42m[48;2;55;53;34m▄[38;2;79;73;48m[48;2;70;65;42m▄[38;2;80;72;46m[48;2;65;61;39m▄[38;2;87;75;49m[48;2;73;66;42m▄[38;2;94;84;52m[48;2;82;74;46m▄[38;2;101;90;54m[48;2;90;79;49m▄[38;2;113;98;59m[48;2;100;87;53m▄[38;2;121;107;66m[48;2;107;94;58m▄[38;2;123;111;68m[48;2;113;101;61m▄[38;2;123;109;66m[48;2;114;101;62m▄[38;2;124;112;69m[48;2;112;100;61m▄[38;2;125;110;68m[48;2;110;98;59m▄[38;2;124;108;65m[48;2;111;96;60m▄[38;2;123;107;62m[48;2;110;96;58m▄[38;2;121;105;61m[48;2;111;97;59m▄[38;2;124;108;66m[48;2;111;98;59m▄[38;2;124;109;68m[48;2;109;94;56m▄[38;2;125;111;70m[48;2;106;91;53m▄[38;2;123;108;66m[48;2;108;92;57m▄[38;2;119;104;62m[48;2;108;92;55m▄[38;2;120;105;62m[48;2;109;93;56m▄[38;2;117;101;59m[48;2;110;94;56m▄[38;2;118;101;59m[48;2;110;95;54m▄[38;2;121;105;62m[48;2;107;92;51m▄[38;2;120;104;60m[48;2;107;91;54m▄[38;2;118;102;58m[48;2;109;94;56m▄[38;2;119;103;60m[48;2;110;95;57m▄[38;2;119;103;61m[48;2;110;97;57m▄[38;2;117;100;60m[48;2;112;98;61m▄[38;2;116;100;58m[48;2;111;96;58m▄[38;2;116;102;59m[48;2;111;96;57m▄[38;2;116;101;60m[48;2;112;97;59m▄[38;2;115;99;58m[48;2;114;98;61m▄[38;2;114;99;58m[48;2;115;100;61m▄[38;2;119;103;62m[48;2;116;102;62m▄[38;2;122;105;62m[48;2;115;101;61m▄[38;2;121;105;64m[48;2;116;101;63m▄[38;2;121;105;65m[48;2;116;102;63m▄[38;2;122;107;66m[48;2;116;101;62m▄[38;2;121;105;64m[48;2;115;100;62m▄[38;2;120;105;63m[48;2;115;100;63m▄[38;2;122;107;65m[48;2;116;102;65m▄[38;2;123;107;67m[48;2;116;103;65m▄[38;2;120;105;64m[48;2;114;100;62m▄[38;2;119;105;63m[48;2;115;101;62m▄[38;2;120;105;63m[48;2;114;100;62m▄[38;2;122;107;66m[48;2;116;103;65m▄[38;2;123;109;66m[48;2;113;102;61m▄[38;2;121;107;63m[48;2;113;102;62m▄[38;2;122;108;63m[48;2;116;104;62m▄[38;2;131;115;69m[48;2;122;106;62m▄[0m
