[38;2;142;53;53m[48;2;136;50;57m▄[38;2;166;62;63m[48;2;152;57;61m▄[38;2;157;58;59m[48;2;144;54;54m▄[38;2;160;58;59m[48;2;148;54;54m▄[38;2;164;58;59m[48;2;150;54;54m▄[38;2;167;58;60m[48;2;152;54;56m▄[38;2;172;59;60m[48;2;158;54;56m▄[38;2;176;58;60m[48;2;160;54;56m▄[38;2;179;58;59m[48;2;162;54;56m▄[38;2;181;59;59m[48;2;164;54;54m▄[38;2;182;59;60m[48;2;164;54;54m▄[38;2;180;59;59m[48;2;164;54;56m▄[38;2;184;58;60m[48;2;168;56;56m▄[38;2;186;58;60m[48;2;169;54;54m▄[38;2;186;58;59m[48;2;169;54;56m▄[38;2;185;58;59m[48;2;169;54;54m▄[38;2;187;59;60m[48;2;169;54;56m▄[38;2;190;58;59m[48;2;171;54;56m▄[38;2;183;54;56m[48;2;173;56;56m▄[38;2;186;55;57m[48;2;171;54;54m▄[38;2;188;56;58m[48;2;162;54;52m▄[38;2;180;58;58m[48;2;154;52;52m▄[38;2;178;58;58m[48;2;154;52;54m▄[38;2;178;57;57m[48;2;156;52;54m▄[38;2;174;57;57m[48;2;154;54;54m▄[38;2;171;57;57m[48;2;154;54;54m▄[38;2;171;57;57m[48;2;154;54;54m▄[38;2;169;57;57m[48;2;152;52;54m▄[38;2;167;57;58m[48;2;148;54;54m▄[38;2;164;57;58m[48;2;144;54;54m▄[38;2;163;58;58m[48;2;141;52;52m▄[38;2;145;54;55m[48;2;133;52;52m▄[38;2;145;55;57m[48;2;129;52;52m▄[38;2;150;57;58m[48;2;129;52;52m▄[38;2;150;57;58m[48;2;133;52;54m▄[38;2;148;57;59m[48;2;133;52;54m▄[38;2;148;57;59m[48;2;135;54;54m▄[38;2;145;56;59m[48;2;133;52;54m▄[38;2;143;57;57m[48;2;131;52;52m▄[38;2;139;57;58m[48;2;129;54;54m▄[38;2;136;57;58m[48;2;125;52;54m▄[38;2;131;57;56m[48;2;119;52;52m▄[38;2;128;57;57m[48;2;113;52;52m▄[38;2;126;56;57m[48;2;113;52;52m▄[38;2;125;56;56m[48;2;113;52;52m▄[38;2;122;56;56m[48;2;104;48;50m▄[38;2;113;54;54m[48;2;81;40;40m▄[38;2;97;47;48m[48;2;75;38;38m▄[38;2;85;43;42m[48;2;79;40;40m▄[38;2;86;43;43m[48;2;79;40;40m▄[38;2;84;42;43m[48;2;75;38;40m▄[38;2;84;42;43m[48;2;73;38;38m▄[38;2;83;41;42m[48;2;73;38;38m▄[38;2;80;41;41m[48;2;75;38;38m▄[38;2;81;42;42m[48;2;77;38;38m▄[38;2;81;42;42m[48;2;77;38;38m▄[38;2;77;41;39m[48;2;73;38;36m▄[38;2;74;39;41m[48;2;73;36;36m▄[38;2;72;38;41m[48;2;67;34;38m▄[38;2;81;42;45m[48;2;81;40;40m▄[0m
[38;2;144;54;54m[48;2;144;54;54m▄[38;2;157;57;57m[48;2;155;57;57m▄[38;2;138;51;51m[48;2;141;52;52m▄[38;2;131;49;49m[48;2;150;54;54m▄[38;2;144;52;53m[48;2;154;53;55m▄[38;2;159;54;54m[48;2;154;53;55m▄[38;2;166;55;56m[48;2;160;54;55m▄[38;2;171;55;55m[48;2;165;54;55m▄[38;2;174;55;56m[48;2;169;55;55m▄[38;2;176;55;56m[48;2;172;55;55m▄[38;2;175;54;55m[48;2;173;54;56m▄[38;2;168;52;53m[48;2;173;54;55m▄[38;2;180;54;55m[48;2;172;53;54m▄[38;2;185;55;56m[48;2;172;54;54m▄[38;2;184;55;56m[48;2;175;54;55m▄[38;2;199;57;58m[48;2;180;55;56m▄[38;2;156;50;50m[48;2;175;53;54m▄[38;2;97;41;42m[48;2;129;49;49m▄[38;2;103;49;49m[48;2;116;72;68m▄[38;2;103;49;48m[48;2;116;67;63m▄[38;2;100;47;46m[48;2;147;64;63m▄[38;2;149;48;49m[48;2;183;52;52m▄[38;2;188;55;56m[48;2;177;53;54m▄[38;2;179;55;54m[48;2;173;54;54m▄[38;2;182;55;55m[48;2;169;53;53m▄[38;2;180;54;55m[48;2;168;53;53m▄[38;2;139;47;47m[48;2;165;53;53m▄[38;2;160;52;52m[48;2;162;53;53m▄[38;2;161;53;53m[48;2;161;53;53m▄[38;2;124;45;45m[48;2;165;54;54m▄[38;2;100;40;40m[48;2;147;50;51m▄[38;2;143;50;50m[48;2;120;45;45m▄[38;2;162;55;55m[48;2;145;53;53m▄[38;2;154;54;54m[48;2;145;54;53m▄[38;2;149;54;54m[48;2;144;54;53m▄[38;2;148;54;54m[48;2;142;54;53m▄[38;2;144;54;53m[48;2;139;53;54m▄[38;2;141;54;53m[48;2;137;52;55m▄[38;2;138;53;55m[48;2;134;52;54m▄[38;2;135;52;55m[48;2;131;53;53m▄[38;2;130;53;53m[48;2;125;53;53m▄[38;2;126;53;53m[48;2;123;52;53m▄[38;2;125;53;53m[48;2;123;52;53m▄[38;2;125;53;53m[48;2;119;52;52m▄[38;2;123;52;52m[48;2;119;52;52m▄[38;2;120;52;53m[48;2;116;52;52m▄[38;2;118;52;53m[48;2;116;52;53m▄[38;2;116;51;52m[48;2;115;53;53m▄[38;2;115;52;53m[48;2;94;45;45m▄[38;2;101;48;48m[48;2;78;39;39m▄[38;2;80;40;40m[48;2;79;40;40m▄[38;2;79;40;40m[48;2;80;40;40m▄[38;2;80;40;40m[48;2;77;39;39m▄[38;2;79;40;39m[48;2;75;38;39m▄[38;2;78;39;40m[48;2;76;38;39m▄[38;2;76;39;39m[48;2;76;39;39m▄[38;2;73;38;38m[48;2;75;38;38m▄[38;2;71;37;37m[48;2;69;37;37m▄[38;2;71;37;37m[48;2;66;35;38m▄[38;2;72;38;41m[48;2;72;38;41m▄[0m
[38;2;142;52;50m[48;2;144;52;54m▄[38;2;156;57;56m[48;2;156;57;57m▄[38;2;149;53;54m[48;2;147;54;53m▄[38;2;154;53;54m[48;2;142;51;52m▄[38;2;157;54;54m[48;2;126;47;47m▄[38;2;141;50;50m[48;2;122;45;46m▄[38;2;118;44;44m[48;2;146;50;51m▄[38;2;119;43;44m[48;2;172;54;55m▄[38;2;128;45;45m[48;2;181;55;57m▄[38;2;130;45;46m[48;2;187;56;57m▄[38;2;136;46;47m[48;2;192;56;57m▄[38;2;134;45;46m[48;2;186;54;55m▄[38;2;103;40;41m[48;2;138;46;46m▄[38;2;96;40;40m[48;2;135;46;46m▄[38;2;102;41;41m[48;2;134;46;46m▄[38;2;99;41;41m[48;2;131;45;46m▄[38;2;100;40;41m[48;2;117;44;45m▄[38;2;101;40;40m[48;2;102;40;41m▄[38;2;100;40;40m[48;2;101;38;39m▄[38;2;101;40;41m[48;2;101;38;39m▄[38;2;102;41;41m[48;2;103;39;40m▄[38;2;102;40;41m[48;2;102;41;42m▄[38;2;95;39;39m[48;2;134;46;46m▄[38;2;100;41;41m[48;2;147;48;48m▄[38;2;99;40;41m[48;2;146;48;49m▄[38;2;96;39;39m[48;2;125;45;45m▄[38;2;98;40;40m[48;2;103;41;41m▄[38;2;131;45;45m[48;2;106;42;41m▄[38;2;181;54;53m[48;2;99;40;40m▄[38;2;209;59;59m[48;2;112;43;43m▄[38;2;200;58;58m[48;2;129;47;47m▄[38;2;176;54;54m[48;2;139;48;48m▄[38;2;157;51;51m[48;2;143;49;50m▄[38;2;142;48;49m[48;2;153;52;52m▄[38;2;136;48;49m[48;2;158;54;54m▄[38;2;140;49;49m[48;2;157;54;55m▄[38;2;153;53;53m[48;2;151;54;54m▄[38;2;156;54;55m[48;2;145;54;53m▄[38;2;150;54;54m[48;2;142;54;54m▄[38;2;143;55;54m[48;2;137;53;55m▄[38;2;141;54;54m[48;2;136;53;55m▄[38;2;142;54;54m[48;2;134;53;54m▄[38;2;140;53;54m[48;2;132;53;53m▄[38;2;139;54;57m[48;2;131;53;54m▄[38;2;130;52;55m[48;2;127;53;53m▄[38;2;125;51;52m[48;2;121;52;52m▄[38;2;127;53;54m[48;2;117;52;53m▄[38;2;122;53;54m[48;2;116;52;52m▄[38;2;117;52;52m[48;2;116;52;53m▄[38;2;112;51;51m[48;2;116;53;53m▄[38;2;110;51;51m[48;2;97;47;47m▄[38;2;86;42;43m[48;2;78;39;39m▄[38;2;78;39;39m[48;2;80;40;40m▄[38;2;80;40;40m[48;2;79;40;40m▄[38;2;79;39;40m[48;2;77;39;39m▄[38;2;78;39;40m[48;2;77;38;39m▄[38;2;77;38;39m[48;2;75;38;39m▄[38;2;75;39;39m[48;2;74;38;38m▄[38;2;75;38;38m[48;2;76;38;39m▄[38;2;79;41;41m[48;2;75;39;42m▄[0m
[38;2;131;50;48m[48;2;144;52;50m▄[38;2;142;53;53m[48;2;159;58;57m▄[38;2;131;48;48m[48;2;152;54;54m▄[38;2;134;48;48m[48;2;158;55;54m▄[38;2;133;48;48m[48;2;163;55;54m▄[38;2;117;44;44m[48;2;174;55;56m▄[38;2;120;44;44m[48;2;168;53;53m▄[38;2;114;43;44m[48;2;127;45;47m▄[38;2;116;43;43m[48;2;156;50;51m▄[38;2;124;44;44m[48;2;174;52;52m▄[38;2;108;41;41m[48;2;148;47;48m▄[38;2;100;40;40m[48;2;102;40;41m▄[38;2;100;40;40m[48;2;98;40;40m▄[38;2;100;40;40m[48;2;101;41;40m▄[38;2;101;40;40m[48;2;103;41;41m▄[38;2;101;40;40m[48;2;100;40;40m▄[38;2;100;40;40m[48;2;100;40;40m▄[38;2;100;40;40m[48;2;100;40;40m▄[38;2;100;40;40m[48;2;100;40;40m▄[38;2;100;40;40m[48;2;100;40;40m▄[38;2;101;40;40m[48;2;102;41;41m▄[38;2;100;40;40m[48;2;101;40;40m▄[38;2;100;40;40m[48;2;103;40;41m▄[38;2;100;40;40m[48;2;102;41;41m▄[38;2;100;40;40m[48;2;101;40;40m▄[38;2;100;40;40m[48;2;101;40;41m▄[38;2;100;40;40m[48;2;99;40;40m▄[38;2;97;39;39m[48;2;116;42;43m▄[38;2;96;39;40m[48;2;142;47;47m▄[38;2;94;39;40m[48;2;149;48;48m▄[38;2;102;40;41m[48;2;184;54;54m▄[38;2;130;45;46m[48;2;211;59;58m▄[38;2;139;47;48m[48;2;205;58;57m▄[38;2;140;47;48m[48;2;191;56;57m▄[38;2;138;47;48m[48;2;174;55;55m▄[38;2;134;47;47m[48;2;152;51;50m▄[38;2;111;42;43m[48;2;129;47;47m▄[38;2;109;43;43m[48;2;152;53;53m▄[38;2;119;45;45m[48;2;162;55;55m▄[38;2;118;45;46m[48;2;154;55;55m▄[38;2;118;46;46m[48;2;147;55;54m▄[38;2;122;48;48m[48;2;145;54;54m▄[38;2;122;48;48m[48;2;139;53;54m▄[38;2;108;43;45m[48;2;125;49;51m▄[38;2;105;42;43m[48;2;107;43;44m▄[38;2;104;42;44m[48;2;110;44;45m▄[38;2;101;41;42m[48;2;116;47;47m▄[38;2;99;41;41m[48;2;114;46;47m▄[38;2;102;43;44m[48;2;115;48;49m▄[38;2;102;44;45m[48;2;112;50;50m▄[38;2;102;46;47m[48;2;109;51;50m▄[38;2;103;50;51m[48;2;100;49;48m▄[38;2;97;50;50m[48;2;85;42;42m▄[38;2;81;40;41m[48;2;79;40;39m▄[38;2;79;40;40m[48;2;78;39;39m▄[38;2;79;40;39m[48;2;78;38;39m▄[38;2;77;38;39m[48;2;77;39;39m▄[38;2;75;39;39m[48;2;76;38;39m▄[38;2;75;39;39m[48;2;75;39;39m▄[38;2;79;40;40m[48;2;78;41;40m▄[0m
[38;2;138;50;54m[48;2;123;46;48m▄[38;2;151;56;57m[48;2;130;50;50m▄[38;2;148;53;53m[48;2;118;45;45m▄[38;2;136;49;48m[48;2;104;41;42m▄[38;2;153;52;51m[48;2;102;41;41m▄[38;2;145;50;50m[48;2;107;42;43m▄[38;2;121;44;45m[48;2;109;42;44m▄[38;2;123;45;46m[48;2;107;42;42m▄[38;2;117;43;45m[48;2;104;41;42m▄[38;2;115;42;45m[48;2;99;41;41m▄[38;2;109;42;43m[48;2;102;41;41m▄[38;2;108;41;42m[48;2;104;40;41m▄[38;2;101;40;41m[48;2;102;40;41m▄[38;2;100;40;40m[48;2;100;40;40m▄[38;2;100;40;40m[48;2;100;40;40m▄[38;2;99;40;40m[48;2;100;40;40m▄[38;2;100;40;40m[48;2;100;40;40m▄[38;2;100;40;40m[48;2;100;40;40m▄[38;2;100;40;40m[48;2;100;40;40m▄[38;2;99;40;40m[48;2;100;40;40m▄[38;2;99;40;40m[48;2;99;40;40m▄[38;2;99;40;40m[48;2;100;40;40m▄[38;2;100;40;40m[48;2;100;40;40m▄[38;2;100;40;40m[48;2;100;40;40m▄[38;2;99;40;39m[48;2;100;40;40m▄[38;2;100;40;40m[48;2;100;40;40m▄[38;2;100;40;40m[48;2;100;40;40m▄[38;2;100;40;40m[48;2;100;40;40m▄[38;2;100;40;40m[48;2;101;40;40m▄[38;2;101;40;41m[48;2;102;40;41m▄[38;2;105;41;41m[48;2;98;39;40m▄[38;2;105;41;42m[48;2;97;39;40m▄[38;2;115;43;44m[48;2;100;40;41m▄[38;2;112;42;44m[48;2;101;41;42m▄[38;2;114;43;45m[48;2;103;41;42m▄[38;2;123;44;45m[48;2;107;41;42m▄[38;2;128;45;46m[48;2;114;43;44m▄[38;2;136;48;47m[48;2;116;43;44m▄[38;2;168;55;54m[48;2;124;46;45m▄[38;2;136;49;48m[48;2;118;44;45m▄[38;2;160;55;54m[48;2;139;50;51m▄[38;2;162;55;54m[48;2;141;52;52m▄[38;2;151;54;54m[48;2;135;51;52m▄[38;2;136;53;53m[48;2;127;51;53m▄[38;2;122;51;51m[48;2;123;51;52m▄[38;2;121;52;51m[48;2;125;51;52m▄[38;2;116;52;51m[48;2;122;51;52m▄[38;2;110;51;51m[48;2;115;50;50m▄[38;2;106;51;51m[48;2;109;47;48m▄[38;2;108;51;51m[48;2;107;48;47m▄[38;2;113;49;50m[48;2;106;50;50m▄[38;2;111;50;50m[48;2;103;51;52m▄[38;2;104;50;50m[48;2;95;52;51m▄[38;2;92;47;48m[48;2;81;43;43m▄[38;2;84;40;40m[48;2;78;39;39m▄[38;2;85;41;41m[48;2;79;40;40m▄[38;2;83;40;41m[48;2;79;39;39m▄[38;2;79;39;40m[48;2;79;39;39m▄[38;2;76;39;39m[48;2;75;39;39m▄[38;2;83;42;43m[48;2;80;41;41m▄[0m
[38;2;146;52;52m[48;2;138;52;50m▄[38;2;164;58;58m[48;2;154;58;57m▄[38;2;167;54;54m[48;2;155;54;53m▄[38;2;179;54;54m[48;2;167;54;54m▄[38;2;183;53;53m[48;2;180;54;54m▄[38;2;192;54;55m[48;2;169;52;52m▄[38;2;164;50;50m[48;2;122;44;45m▄[38;2;134;46;46m[48;2;131;45;46m▄[38;2;128;45;45m[48;2;123;44;46m▄[38;2;129;45;45m[48;2;127;45;46m▄[38;2;149;48;49m[48;2;128;45;46m▄[38;2;128;45;45m[48;2;114;43;44m▄[38;2;123;44;45m[48;2;112;42;43m▄[38;2;106;41;41m[48;2;100;40;40m▄[38;2;100;39;40m[48;2;102;40;40m▄[38;2;101;40;40m[48;2;101;40;40m▄[38;2;100;40;40m[48;2;100;40;40m▄[38;2;101;40;40m[48;2;100;40;40m▄[38;2;101;40;40m[48;2;100;40;40m▄[38;2;100;40;40m[48;2;100;40;40m▄[38;2;100;40;40m[48;2;100;40;40m▄[38;2;97;39;38m[48;2;96;40;38m▄[38;2;97;39;38m[48;2;99;40;39m▄[38;2;99;39;39m[48;2;100;40;40m▄[38;2;99;40;39m[48;2;97;39;38m▄[38;2;97;40;39m[48;2;100;40;40m▄[38;2;98;39;39m[48;2;101;41;41m▄[38;2;99;40;39m[48;2;101;41;41m▄[38;2;100;40;40m[48;2;100;40;40m▄[38;2;100;40;40m[48;2;100;40;40m▄[38;2;99;40;40m[48;2;104;41;41m▄[38;2;116;43;43m[48;2;108;41;43m▄[38;2;148;47;47m[48;2;132;46;45m▄[38;2;149;48;48m[48;2;142;47;47m▄[38;2;166;51;51m[48;2;138;47;47m▄[38;2;134;46;47m[48;2;129;45;46m▄[38;2;127;44;45m[48;2;134;46;46m▄[38;2;153;49;51m[48;2;136;45;47m▄[38;2;190;58;58m[48;2;174;55;55m▄[38;2;162;53;52m[48;2;149;51;51m▄[38;2;161;53;52m[48;2;157;54;52m▄[38;2;164;55;55m[48;2;162;55;54m▄[38;2;158;54;54m[48;2;158;54;54m▄[38;2;154;54;54m[48;2;150;54;54m▄[38;2;146;53;53m[48;2;138;52;52m▄[38;2;141;51;53m[48;2;129;51;52m▄[38;2;135;51;54m[48;2;124;51;52m▄[38;2;128;53;54m[48;2;117;51;51m▄[38;2;122;52;54m[48;2;113;50;51m▄[38;2;116;51;51m[48;2;110;50;50m▄[38;2;114;51;51m[48;2;105;50;50m▄[38;2;115;51;52m[48;2;106;50;50m▄[38;2;110;51;51m[48;2;104;49;49m▄[38;2;103;52;51m[48;2;98;50;50m▄[38;2;86;45;45m[48;2;90;44;44m▄[38;2;77;39;39m[48;2;86;40;41m▄[38;2;78;39;39m[48;2;84;40;41m▄[38;2;78;39;39m[48;2;83;40;40m▄[38;2;83;39;41m[48;2;82;40;40m▄[38;2;85;42;43m[48;2;82;42;43m▄[0m
[38;2;165;54;54m[48;2;161;54;52m▄[38;2;185;58;59m[48;2;181;58;58m▄[38;2;179;55;56m[48;2;176;54;55m▄[38;2;185;54;56m[48;2;183;54;55m▄[38;2;189;53;56m[48;2;186;54;54m▄[38;2;191;54;55m[48;2;191;54;55m▄[38;2;196;54;53m[48;2;203;55;54m▄[38;2;200;54;54m[48;2;168;50;50m▄[38;2;201;54;55m[48;2;139;46;46m▄[38;2;182;52;53m[48;2;138;46;46m▄[38;2;134;46;46m[48;2;133;45;46m▄[38;2;133;45;48m[48;2;141;47;47m▄[38;2;141;48;47m[48;2;137;47;46m▄[38;2;126;44;45m[48;2;115;42;43m▄[38;2;124;44;46m[48;2;104;40;42m▄[38;2;118;43;45m[48;2;105;41;41m▄[38;2;104;41;40m[48;2;100;40;40m▄[38;2;99;40;40m[48;2;101;40;40m▄[38;2;108;42;41m[48;2;104;41;42m▄[38;2;110;42;42m[48;2;103;40;41m▄[38;2;102;40;41m[48;2;100;40;40m▄[38;2;99;40;40m[48;2;100;40;40m▄[38;2;98;39;39m[48;2;97;39;38m▄[38;2;98;39;39m[48;2;97;39;40m▄[38;2;95;39;41m[48;2;97;39;40m▄[38;2;96;39;38m[48;2;97;40;38m▄[38;2;98;40;39m[48;2;95;39;38m▄[38;2;98;40;39m[48;2;95;39;38m▄[38;2;100;41;39m[48;2;98;40;39m▄[38;2;107;45;45m[48;2;99;39;39m▄[38;2;117;54;54m[48;2;98;38;38m▄[38;2;129;64;65m[48;2;110;39;39m▄[38;2;150;68;68m[48;2;135;43;43m▄[38;2;160;61;62m[48;2;141;45;46m▄[38;2;155;54;54m[48;2;143;46;48m▄[38;2;171;54;54m[48;2;143;47;48m▄[38;2;186;58;57m[48;2;159;50;50m▄[38;2;174;56;56m[48;2;195;57;57m▄[38;2;162;54;54m[48;2;197;59;58m▄[38;2;146;51;51m[48;2;171;54;53m▄[38;2;143;51;51m[48;2;173;55;55m▄[38;2;141;51;51m[48;2;173;57;56m▄[38;2;134;50;49m[48;2;164;56;55m▄[38;2;131;49;49m[48;2;157;55;56m▄[38;2;118;45;45m[48;2;148;53;54m▄[38;2;95;43;43m[48;2;130;49;49m▄[38;2;61;34;34m[48;2;111;45;46m▄[38;2;44;28;28m[48;2;82;39;40m▄[38;2;85;40;40m[48;2;78;39;39m▄[38;2;96;43;44m[48;2;89;42;43m▄[38;2;101;45;44m[48;2;90;42;42m▄[38;2;106;46;46m[48;2;86;41;41m▄[38;2;112;47;49m[48;2;87;41;42m▄[38;2;116;50;51m[48;2;93;44;45m▄[38;2;106;48;49m[48;2;86;43;43m▄[38;2;79;40;39m[48;2;76;39;39m▄[38;2;79;39;39m[48;2;78;38;39m▄[38;2;78;39;39m[48;2;77;39;38m▄[38;2;74;38;38m[48;2;75;38;39m▄[38;2;82;41;42m[48;2;82;42;43m▄[0m
[38;2;148;50;50m[48;2;161;54;52m▄[38;2;156;53;53m[48;2;178;57;58m▄[38;2;142;47;48m[48;2;166;52;52m▄[38;2;147;48;49m[48;2;177;54;54m▄[38;2;178;54;54m[48;2;187;54;55m▄[38;2;199;56;57m[48;2;191;54;55m▄[38;2;208;57;57m[48;2;195;54;53m▄[38;2;207;55;56m[48;2;198;54;54m▄[38;2;206;55;55m[48;2;206;55;56m▄[38;2;204;54;55m[48;2;215;56;56m▄[38;2;194;52;52m[48;2;200;54;54m▄[38;2;178;50;50m[48;2;167;50;51m▄[38;2;151;46;46m[48;2;142;46;47m▄[38;2;86;35;36m[48;2;138;46;47m▄[38;2;47;29;29m[48;2;120;43;43m▄[38;2;77;35;34m[48;2;107;40;42m▄[38;2;82;35;36m[48;2;120;43;44m▄[38;2;81;36;38m[48;2;106;41;42m▄[38;2;97;41;42m[48;2;105;41;41m▄[38;2;85;38;38m[48;2;112;42;42m▄[38;2;72;34;34m[48;2;108;42;42m▄[38;2;80;36;36m[48;2;101;40;41m▄[38;2;77;35;35m[48;2;101;40;41m▄[38;2;76;35;35m[48;2;96;38;39m▄[38;2;76;35;35m[48;2;92;38;39m▄[38;2;75;35;35m[48;2;91;38;38m▄[38;2;78;36;36m[48;2;92;41;41m▄[38;2;83;36;37m[48;2;94;42;42m▄[38;2;86;37;37m[48;2;94;43;43m▄[38;2;87;36;36m[48;2;101;51;52m▄[38;2;88;36;35m[48;2;115;65;67m▄[38;2;90;36;35m[48;2;126;77;78m▄[38;2;107;41;41m[48;2;126;71;71m▄[38;2;119;41;42m[48;2;123;56;57m▄[38;2;147;48;48m[48;2;134;48;49m▄[38;2;156;50;50m[48;2;156;49;50m▄[38;2;157;49;49m[48;2;165;52;52m▄[38;2;175;54;54m[48;2;162;51;53m▄[38;2;179;55;55m[48;2;154;50;50m▄[38;2;175;55;56m[48;2;155;50;51m▄[38;2;161;54;54m[48;2;156;53;52m▄[38;2;151;53;53m[48;2;156;53;53m▄[38;2;109;46;47m[48;2;155;56;56m▄[38;2;146;52;52m[48;2;143;53;53m▄[38;2;157;54;55m[48;2;152;54;53m▄[38;2;141;54;54m[48;2;122;49;49m▄[38;2;50;30;31m[48;2;33;26;26m▄[38;2;57;32;33m[48;2;54;32;32m▄[38;2;126;51;51m[48;2;126;51;52m▄[38;2;128;51;52m[48;2;133;52;54m▄[38;2;126;50;53m[48;2;130;51;53m▄[38;2;124;51;52m[48;2;128;52;53m▄[38;2;122;51;51m[48;2;124;52;52m▄[38;2;120;51;51m[48;2;121;51;51m▄[38;2;101;46;47m[48;2;108;48;50m▄[38;2;78;39;39m[48;2;79;40;40m▄[38;2;80;40;40m[48;2;79;39;39m▄[38;2;79;39;39m[48;2;79;39;39m▄[38;2;75;38;38m[48;2;75;39;39m▄[38;2;80;41;41m[48;2;83;42;42m▄[0m
[38;2;138;46;46m[48;2;138;48;46m▄[38;2;149;51;50m[48;2;151;52;51m▄[38;2;137;46;47m[48;2;141;48;48m▄[38;2;138;47;46m[48;2;145;49;49m▄[38;2;151;49;49m[48;2;182;54;54m▄[38;2;162;49;49m[48;2;151;47;47m▄[38;2;167;49;49m[48;2;113;40;39m▄[38;2;189;52;53m[48;2;144;45;45m▄[38;2;196;53;53m[48;2;127;41;41m▄[38;2;202;53;53m[48;2;120;40;40m▄[38;2;197;53;53m[48;2;118;40;40m▄[38;2;165;48;49m[48;2;103;38;38m▄[38;2;182;51;52m[48;2;69;32;32m▄[38;2;209;56;55m[48;2;106;39;38m▄[38;2;229;58;58m[48;2;164;48;48m▄[38;2;236;59;59m[48;2;163;47;47m▄[38;2;210;56;55m[48;2;120;40;41m▄[38;2;161;49;50m[48;2;65;31;32m▄[38;2;87;36;36m[48;2;42;28;27m▄[38;2;31;25;26m[48;2;35;27;27m▄[38;2;34;26;26m[48;2;64;33;33m▄[38;2;62;32;32m[48;2;104;41;41m▄[38;2;94;41;41m[48;2;96;39;38m▄[38;2;101;40;40m[48;2;99;39;38m▄[38;2;98;39;40m[48;2;98;40;39m▄[38;2;95;39;40m[48;2;95;40;40m▄[38;2;103;44;44m[48;2;99;40;40m▄[38;2;96;41;41m[48;2;99;39;39m▄[38;2;104;41;40m[48;2;98;39;40m▄[38;2;99;39;39m[48;2;96;39;39m▄[38;2;83;37;37m[48;2;104;41;40m▄[38;2;57;31;32m[48;2;110;44;43m▄[38;2;27;23;24m[48;2;85;38;38m▄[38;2;29;25;25m[48;2;92;39;39m▄[38;2;27;23;24m[48;2;83;38;39m▄[38;2;32;24;25m[48;2;45;28;29m▄[38;2;34;25;26m[48;2;32;25;26m▄[38;2;30;25;25m[48;2;41;27;28m▄[38;2;29;24;25m[48;2;60;31;31m▄[38;2;34;26;26m[48;2;61;32;32m▄[38;2;35;26;27m[48;2;47;29;29m▄[38;2;31;25;27m[48;2;43;27;29m▄[38;2;35;26;27m[48;2;34;25;25m▄[38;2;31;25;26m[48;2;62;32;32m▄[38;2;28;24;25m[48;2;60;32;32m▄[38;2;27;24;25m[48;2;59;32;33m▄[38;2;31;25;26m[48;2;39;27;28m▄[38;2;22;23;23m[48;2;49;30;30m▄[38;2;54;31;32m[48;2;112;47;47m▄[38;2;127;52;53m[48;2;128;52;53m▄[38;2;122;51;51m[48;2;122;51;51m▄[38;2;119;51;50m[48;2;119;51;51m▄[38;2;117;51;51m[48;2;116;50;51m▄[38;2;114;50;51m[48;2;116;51;51m▄[38;2;85;42;42m[48;2;89;43;42m▄[38;2;78;39;40m[48;2;78;39;39m▄[38;2;80;40;40m[48;2;80;40;40m▄[38;2;79;40;40m[48;2;79;40;39m▄[38;2;75;39;39m[48;2;74;38;38m▄[38;2;82;42;42m[48;2;79;41;41m▄[0m
[38;2;140;48;46m[48;2;138;48;46m▄[38;2;150;51;50m[48;2;149;51;50m▄[38;2;137;47;46m[48;2;137;46;47m▄[38;2;154;49;49m[48;2;148;48;48m▄[38;2;192;55;53m[48;2;171;51;51m▄[38;2;197;55;54m[48;2;195;54;54m▄[38;2;197;54;53m[48;2;205;55;55m▄[38;2;198;54;54m[48;2;201;54;54m▄[38;2;197;53;54m[48;2;199;53;54m▄[38;2;199;54;54m[48;2;198;53;53m▄[38;2;206;54;56m[48;2;199;53;53m▄[38;2;210;55;56m[48;2;195;53;52m▄[38;2;210;55;57m[48;2;213;55;56m▄[38;2;210;56;57m[48;2;215;56;56m▄[38;2;214;56;56m[48;2;216;56;56m▄[38;2;216;56;56m[48;2;220;56;57m▄[38;2;222;57;57m[48;2;210;56;56m▄[38;2;170;50;51m[48;2;157;49;48m▄[38;2;111;41;42m[48;2;127;45;45m▄[38;2;101;41;40m[48;2;81;37;36m▄[38;2;95;39;39m[48;2;47;29;29m▄[38;2;55;31;31m[48;2;31;26;26m▄[38;2;34;25;26m[48;2;56;32;32m▄[38;2;44;27;28m[48;2;96;42;42m▄[38;2;63;33;33m[48;2;102;41;42m▄[38;2;79;35;37m[48;2;102;40;41m▄[38;2;95;40;39m[48;2;105;41;41m▄[38;2;81;36;37m[48;2;93;40;40m▄[38;2;53;32;32m[48;2;71;35;35m▄[38;2;29;24;25m[48;2;64;31;32m▄[38;2;32;26;26m[48;2;38;27;27m▄[38;2;35;27;27m[48;2;28;25;26m▄[38;2;44;28;28m[48;2;32;26;26m▄[38;2;47;29;29m[48;2;35;26;26m▄[38;2;45;28;27m[48;2;36;26;26m▄[38;2;38;27;27m[48;2;34;25;26m▄[38;2;37;27;27m[48;2;37;26;28m▄[38;2;39;27;27m[48;2;36;26;27m▄[38;2;45;28;28m[48;2;38;26;27m▄[38;2;46;27;28m[48;2;35;25;26m▄[38;2;35;26;27m[48;2;35;26;27m▄[38;2;32;26;26m[48;2;31;26;26m▄[38;2;33;26;27m[48;2;33;26;27m▄[38;2;34;26;26m[48;2;39;27;28m▄[38;2;41;27;27m[48;2;40;27;27m▄[38;2;39;27;27m[48;2;36;26;26m▄[38;2;29;26;24m[48;2;37;27;26m▄[38;2;84;39;40m[48;2;53;31;32m▄[38;2;141;54;57m[48;2;98;43;45m▄[38;2;128;51;53m[48;2;129;52;53m▄[38;2;127;52;52m[48;2;122;51;52m▄[38;2;125;52;54m[48;2;118;51;51m▄[38;2;111;50;51m[48;2;118;51;52m▄[38;2;82;41;41m[48;2;104;48;49m▄[38;2;79;40;40m[48;2;79;40;40m▄[38;2;80;40;40m[48;2;80;40;40m▄[38;2;80;40;39m[48;2;80;40;40m▄[38;2;77;38;38m[48;2;79;39;39m▄[38;2;74;37;37m[48;2;76;39;39m▄[38;2;81;40;41m[48;2;82;42;42m▄[0m
[38;2;138;46;46m[48;2;140;48;48m▄[38;2;148;50;50m[48;2;150;51;50m▄[38;2;136;46;46m[48;2;138;47;46m▄[38;2;136;47;46m[48;2;140;48;47m▄[38;2;151;49;49m[48;2;171;51;51m▄[38;2;165;50;50m[48;2;187;54;52m▄[38;2;179;52;52m[48;2;194;54;53m▄[38;2;194;54;54m[48;2;199;55;54m▄[38;2;196;55;54m[48;2;200;55;54m▄[38;2;196;54;55m[48;2;202;54;55m▄[38;2;199;55;55m[48;2;203;55;55m▄[38;2;201;55;55m[48;2;204;55;56m▄[38;2;201;54;54m[48;2;208;55;56m▄[38;2;205;54;54m[48;2;209;55;57m▄[38;2;208;55;54m[48;2;211;55;55m▄[38;2;206;54;55m[48;2;214;56;55m▄[38;2;178;51;50m[48;2;223;58;57m▄[38;2;160;49;48m[48;2;166;50;50m▄[38;2;121;43;43m[48;2;108;41;42m▄[38;2;94;39;38m[48;2;95;40;39m▄[38;2;99;40;39m[48;2;102;41;40m▄[38;2;100;40;40m[48;2;96;39;39m▄[38;2;73;34;34m[48;2;55;31;31m▄[38;2;40;28;27m[48;2;39;27;28m▄[38;2;36;26;27m[48;2;31;25;26m▄[38;2;32;26;26m[48;2;28;25;25m▄[38;2;32;26;26m[48;2;28;25;25m▄[38;2;36;27;27m[48;2;24;24;24m▄[38;2;33;25;26m[48;2;28;25;25m▄[38;2;31;24;25m[48;2;34;26;27m▄[38;2;31;25;26m[48;2;31;26;26m▄[38;2;31;25;26m[48;2;33;26;26m▄[38;2;28;25;25m[48;2;39;26;27m▄[38;2;30;25;25m[48;2;45;28;27m▄[38;2;35;26;26m[48;2;50;29;28m▄[38;2;44;28;27m[48;2;51;30;29m▄[38;2;55;31;31m[48;2;44;28;29m▄[38;2;49;30;29m[48;2;39;27;27m▄[38;2;42;27;28m[48;2;45;28;29m▄[38;2;45;29;28m[48;2;48;29;28m▄[38;2;50;29;29m[48;2;50;30;29m▄[38;2;51;30;30m[48;2;41;28;27m▄[38;2;45;29;29m[48;2;37;27;26m▄[38;2;40;27;27m[48;2;35;26;26m▄[38;2;36;27;26m[48;2;38;27;27m▄[38;2;37;27;26m[48;2;44;27;28m▄[38;2;42;28;28m[48;2;35;26;26m▄[38;2;34;26;26m[48;2;45;28;30m▄[38;2;56;31;30m[48;2;135;52;52m▄[38;2;121;48;49m[48;2;142;53;56m▄[38;2;135;53;54m[48;2;133;52;55m▄[38;2;108;47;46m[48;2;134;53;54m▄[38;2;82;40;40m[48;2;102;46;47m▄[38;2;79;40;40m[48;2;76;39;39m▄[38;2;79;39;39m[48;2;80;40;40m▄[38;2;76;37;39m[48;2;79;40;40m▄[38;2;75;38;39m[48;2;79;40;40m▄[38;2;75;38;38m[48;2;76;39;39m▄[38;2;73;37;37m[48;2;73;37;37m▄[38;2;80;41;41m[48;2;80;40;40m▄[0m
[38;2;138;46;46m[48;2;138;46;46m▄[38;2;151;52;51m[48;2;147;51;50m▄[38;2;143;48;49m[48;2;133;45;46m▄[38;2;147;49;49m[48;2;136;46;47m▄[38;2;157;50;49m[48;2;156;50;50m▄[38;2;167;51;51m[48;2;169;51;51m▄[38;2;174;52;53m[48;2;173;52;51m▄[38;2;189;55;56m[48;2;183;53;54m▄[38;2;192;54;56m[48;2;187;54;55m▄[38;2;193;55;57m[48;2;187;54;55m▄[38;2;194;55;54m[48;2;186;54;54m▄[38;2;184;54;52m[48;2;193;54;54m▄[38;2;187;53;54m[48;2;200;54;54m▄[38;2;192;55;55m[48;2;201;54;54m▄[38;2;173;51;52m[48;2;190;53;52m▄[38;2;190;54;54m[48;2;180;51;52m▄[38;2;214;58;57m[48;2;180;51;52m▄[38;2;186;53;54m[48;2;200;55;54m▄[38;2;98;39;39m[48;2;116;43;42m▄[38;2;97;40;39m[48;2;94;39;38m▄[38;2;95;39;39m[48;2;98;40;39m▄[38;2;91;39;39m[48;2;94;40;39m▄[38;2;82;37;37m[48;2;82;37;36m▄[38;2;90;39;39m[48;2;62;32;32m▄[38;2;95;39;39m[48;2;58;31;31m▄[38;2;94;39;39m[48;2;71;34;35m▄[38;2;110;42;42m[48;2;85;37;37m▄[38;2;105;41;42m[48;2;86;37;37m▄[38;2;103;41;41m[48;2;78;36;35m▄[38;2;109;42;43m[48;2;76;35;36m▄[38;2;107;41;42m[48;2;74;35;36m▄[38;2;93;39;39m[48;2;51;30;31m▄[38;2;85;37;37m[48;2;58;31;32m▄[38;2;85;37;37m[48;2;61;32;32m▄[38;2;81;36;35m[48;2;50;29;29m▄[38;2;79;35;36m[48;2;44;28;28m▄[38;2;59;32;32m[48;2;44;28;28m▄[38;2;42;28;28m[48;2;54;31;31m▄[38;2;54;31;33m[48;2;48;29;30m▄[38;2;44;28;28m[48;2;42;28;28m▄[38;2;45;28;28m[48;2;46;29;28m▄[38;2;43;28;28m[48;2;46;29;30m▄[38;2;44;28;29m[48;2;52;29;31m▄[38;2;50;29;31m[48;2;48;29;30m▄[38;2;48;29;30m[48;2;41;28;28m▄[38;2;40;28;28m[48;2;37;27;27m▄[38;2;40;27;27m[48;2;39;27;27m▄[38;2;41;28;28m[48;2;42;27;28m▄[38;2;44;28;28m[48;2;35;26;26m▄[38;2;39;27;26m[48;2;50;31;30m▄[38;2;38;28;27m[48;2;96;43;44m▄[38;2;32;25;25m[48;2;76;38;38m▄[38;2;65;36;36m[48;2;80;39;40m▄[38;2;86;42;42m[48;2;80;40;40m▄[38;2;79;39;40m[48;2;79;39;39m▄[38;2;77;39;39m[48;2;78;38;39m▄[38;2;77;38;39m[48;2;78;38;39m▄[38;2;77;37;39m[48;2;78;38;39m▄[38;2;75;38;38m[48;2;75;37;38m▄[38;2;81;41;41m[48;2;82;41;42m▄[0m
[38;2;129;46;50m[48;2;140;48;48m▄[38;2;142;52;55m[48;2;154;53;54m▄[38;2;134;48;49m[48;2;146;50;50m▄[38;2;137;48;48m[48;2;146;50;50m▄[38;2;138;48;49m[48;2;151;50;50m▄[38;2;147;51;51m[48;2;164;52;51m▄[38;2;156;53;52m[48;2;165;51;51m▄[38;2;153;52;51m[48;2;173;52;53m▄[38;2;157;53;53m[48;2;183;54;54m▄[38;2;152;52;52m[48;2;182;54;54m▄[38;2;157;52;51m[48;2;190;55;55m▄[38;2;150;52;52m[48;2;186;54;54m▄[38;2;153;53;52m[48;2;176;53;53m▄[38;2;162;53;52m[48;2;172;52;52m▄[38;2;152;50;50m[48;2;165;51;51m▄[38;2;175;54;53m[48;2;192;55;55m▄[38;2;152;50;49m[48;2;203;57;56m▄[38;2;94;39;38m[48;2;138;46;47m▄[38;2;93;39;39m[48;2;88;37;39m▄[38;2;91;39;39m[48;2;96;39;39m▄[38;2;92;39;38m[48;2;90;39;38m▄[38;2;98;40;39m[48;2;93;39;39m▄[38;2;96;39;40m[48;2;95;40;40m▄[38;2;93;38;39m[48;2;90;39;39m▄[38;2;100;40;40m[48;2;99;40;40m▄[38;2;104;41;41m[48;2;105;41;41m▄[38;2;105;41;41m[48;2;104;41;41m▄[38;2;99;39;39m[48;2;103;40;41m▄[38;2;99;39;39m[48;2;101;40;40m▄[38;2;98;40;39m[48;2;99;39;39m▄[38;2;104;41;41m[48;2;100;40;40m▄[38;2;108;42;42m[48;2;101;40;40m▄[38;2;70;34;34m[48;2;100;40;39m▄[38;2;40;27;28m[48;2;98;40;40m▄[38;2;32;25;25m[48;2;80;35;37m▄[38;2;36;26;27m[48;2;61;32;32m▄[38;2;47;29;29m[48;2;43;28;28m▄[38;2;46;29;29m[48;2;40;27;27m▄[38;2;40;26;28m[48;2;49;29;31m▄[38;2;57;33;33m[48;2;58;32;33m▄[38;2;50;31;30m[48;2;44;28;28m▄[38;2;48;29;30m[48;2;47;29;29m▄[38;2;41;28;28m[48;2;40;27;28m▄[38;2;37;26;27m[48;2;44;28;28m▄[38;2;42;28;28m[48;2;45;28;29m▄[38;2;45;28;29m[48;2;45;28;29m▄[38;2;47;29;30m[48;2;41;28;28m▄[38;2;46;29;29m[48;2;39;27;27m▄[38;2;39;27;28m[48;2;40;28;28m▄[38;2;37;27;28m[48;2;45;29;30m▄[38;2;41;28;29m[48;2;45;28;29m▄[38;2;45;29;29m[48;2;36;26;27m▄[38;2;38;27;27m[48;2;45;30;29m▄[38;2;38;28;27m[48;2;71;38;37m▄[38;2;54;32;32m[48;2;81;40;40m▄[38;2;64;34;35m[48;2;81;39;40m▄[38;2;73;37;38m[48;2;77;38;38m▄[38;2;78;38;39m[48;2;76;37;38m▄[38;2;77;38;38m[48;2;74;37;37m▄[38;2;84;41;42m[48;2;79;40;40m▄[0m
[38;2;120;48;48m[48;2;123;48;50m▄[38;2;130;54;55m[48;2;133;53;55m▄[38;2;125;49;49m[48;2;128;48;50m▄[38;2;127;49;49m[48;2;131;49;50m▄[38;2;132;50;51m[48;2;125;48;49m▄[38;2;132;49;51m[48;2;117;45;46m▄[38;2;108;44;44m[48;2;124;48;48m▄[38;2;104;43;44m[48;2;140;52;53m▄[38;2;135;52;52m[48;2;141;52;52m▄[38;2;142;53;52m[48;2;142;52;52m▄[38;2;141;52;52m[48;2;140;52;51m▄[38;2;141;52;52m[48;2;135;50;49m▄[38;2;139;51;51m[48;2;132;49;48m▄[38;2;119;46;46m[48;2;136;49;49m▄[38;2;97;40;41m[48;2;136;49;48m▄[38;2;93;38;39m[48;2;130;47;45m▄[38;2;93;39;39m[48;2;98;39;39m▄[38;2;91;40;40m[48;2;92;39;38m▄[38;2;95;40;39m[48;2;92;40;39m▄[38;2;99;40;39m[48;2;94;40;39m▄[38;2;97;40;39m[48;2;99;40;39m▄[38;2;94;38;39m[48;2;96;39;40m▄[38;2;94;38;39m[48;2;92;38;39m▄[38;2;104;41;41m[48;2;100;40;40m▄[38;2;105;41;42m[48;2;102;40;41m▄[38;2;100;40;40m[48;2;100;40;40m▄[38;2;101;40;40m[48;2;102;40;41m▄[38;2;102;40;40m[48;2;100;40;39m▄[38;2;99;39;39m[48;2;98;39;39m▄[38;2;91;38;38m[48;2;95;39;39m▄[38;2;47;28;29m[48;2;95;39;39m▄[38;2;31;25;26m[48;2;71;34;34m▄[38;2;44;28;28m[48;2;36;27;26m▄[38;2;44;27;28m[48;2;38;27;27m▄[38;2;39;26;27m[48;2;46;28;28m▄[38;2;36;26;27m[48;2;43;28;28m▄[38;2;34;25;26m[48;2;41;27;27m▄[38;2;37;26;26m[48;2;33;25;25m▄[38;2;42;27;28m[48;2;36;26;26m▄[38;2;39;27;27m[48;2;51;30;31m▄[38;2;41;28;29m[48;2;55;31;32m▄[38;2;38;27;27m[48;2;48;30;30m▄[38;2;36;26;27m[48;2;41;28;28m▄[38;2;36;26;27m[48;2;35;26;27m▄[38;2;35;25;27m[48;2;36;26;26m▄[38;2;33;25;26m[48;2;39;27;28m▄[38;2;33;26;26m[48;2;39;27;28m▄[38;2;33;25;26m[48;2;40;26;28m▄[38;2;34;25;26m[48;2;38;27;28m▄[38;2;33;25;26m[48;2;35;26;26m▄[38;2;32;26;26m[48;2;33;25;26m▄[38;2;32;26;26m[48;2;33;26;26m▄[38;2;31;26;26m[48;2;35;27;27m▄[38;2;31;26;26m[48;2;34;27;27m▄[38;2;31;26;26m[48;2;33;26;26m▄[38;2;31;26;26m[48;2;34;26;27m▄[38;2;31;25;26m[48;2;39;27;28m▄[38;2;30;25;25m[48;2;46;30;30m▄[38;2;29;25;25m[48;2;52;31;32m▄[38;2;31;27;27m[48;2;58;34;35m▄[0m
[38;2;100;43;41m[48;2;99;43;41m▄[38;2;117;50;50m[48;2;118;50;51m▄[38;2;116;48;49m[48;2;122;49;51m▄[38;2;121;52;52m[48;2;119;48;49m▄[38;2;107;49;49m[48;2;108;44;44m▄[38;2;99;43;43m[48;2;107;43;43m▄[38;2;96;42;42m[48;2;97;41;42m▄[38;2;99;43;43m[48;2;84;38;37m▄[38;2;96;43;42m[48;2;99;42;42m▄[38;2;93;41;41m[48;2;123;49;50m▄[38;2;96;41;41m[48;2;126;49;50m▄[38;2;97;42;42m[48;2;130;50;51m▄[38;2;94;41;41m[48;2;119;47;48m▄[38;2;95;41;40m[48;2;95;39;39m▄[38;2;95;41;40m[48;2;91;38;39m▄[38;2;95;41;40m[48;2;91;39;38m▄[38;2;99;41;42m[48;2;91;39;38m▄[38;2;101;42;43m[48;2;99;41;40m▄[38;2;98;41;42m[48;2;103;41;41m▄[38;2;94;40;41m[48;2;98;40;39m▄[38;2;92;40;40m[48;2;96;39;39m▄[38;2;90;40;40m[48;2;98;40;39m▄[38;2;88;39;40m[48;2;99;40;39m▄[38;2;85;39;39m[48;2;104;41;41m▄[38;2;84;38;39m[48;2;102;40;40m▄[38;2;82;38;40m[48;2;101;40;40m▄[38;2;78;37;38m[48;2;100;40;40m▄[38;2;71;36;37m[48;2;102;40;40m▄[38;2;62;34;34m[48;2;97;39;40m▄[38;2;55;33;33m[48;2;81;37;37m▄[38;2;51;32;31m[48;2;46;28;29m▄[38;2;44;31;29m[48;2;35;26;27m▄[38;2;41;30;29m[48;2;38;27;27m▄[38;2;41;30;29m[48;2;39;27;27m▄[38;2;40;29;29m[48;2;35;26;27m▄[38;2;38;28;28m[48;2;36;26;27m▄[38;2;37;29;29m[48;2;36;26;27m▄[38;2;37;28;29m[48;2;36;27;26m▄[38;2;37;28;29m[48;2;34;26;26m▄[38;2;37;28;29m[48;2;34;26;27m▄[38;2;36;29;29m[48;2;35;26;27m▄[38;2;36;29;29m[48;2;34;26;27m▄[38;2;36;28;28m[48;2;35;26;27m▄[38;2;35;28;28m[48;2;35;26;27m▄[38;2;35;28;28m[48;2;34;26;26m▄[38;2;35;28;28m[48;2;32;26;26m▄[38;2;35;28;28m[48;2;32;26;26m▄[38;2;35;28;28m[48;2;32;26;26m▄[38;2;35;28;28m[48;2;33;26;26m▄[38;2;36;28;28m[48;2;33;26;26m▄[38;2;35;28;28m[48;2;33;26;26m▄[38;2;35;28;28m[48;2;33;26;26m▄[38;2;35;28;28m[48;2;33;26;26m▄[38;2;35;28;28m[48;2;33;26;26m▄[38;2;35;28;28m[48;2;33;26;26m▄[38;2;35;28;28m[48;2;34;26;27m▄[38;2;35;28;28m[48;2;33;26;27m▄[38;2;35;28;28m[48;2;32;26;26m▄[38;2;35;28;28m[48;2;32;26;26m▄[38;2;38;30;30m[48;2;35;28;28m▄[0m
