[38;2;254;254;254m[48;2;254;254;254m▄[38;2;255;255;255m[48;2;254;254;254m▄[38;2;255;255;255m[48;2;254;254;254m▄[38;2;255;255;255m[48;2;254;254;254m▄[38;2;255;255;255m[48;2;254;254;254m▄[38;2;255;255;255m[48;2;254;254;254m▄[38;2;255;255;255m[48;2;254;254;254m▄[38;2;255;255;255m[48;2;254;254;254m▄[38;2;255;255;255m[48;2;254;254;254m▄[38;2;255;255;255m[48;2;254;254;254m▄[38;2;255;255;255m[48;2;254;254;254m▄[38;2;255;255;255m[48;2;254;254;254m▄[38;2;255;255;255m[48;2;254;254;254m▄[38;2;255;255;255m[48;2;254;254;254m▄[38;2;255;255;255m[48;2;254;254;254m▄[38;2;255;255;255m[48;2;254;254;254m▄[38;2;255;255;255m[48;2;254;254;254m▄[38;2;255;255;255m[48;2;254;254;254m▄[38;2;255;255;255m[48;2;254;254;254m▄[38;2;255;255;255m[48;2;254;254;254m▄[38;2;255;255;255m[48;2;254;254;254m▄[38;2;255;255;255m[48;2;254;254;254m▄[38;2;255;255;255m[48;2;254;254;254m▄[38;2;255;255;255m[48;2;254;254;254m▄[38;2;255;255;255m[48;2;254;254;254m▄[38;2;255;255;255m[48;2;254;254;254m▄[38;2;255;255;255m[48;2;254;254;254m▄[38;2;255;255;255m[48;2;254;254;254m▄[38;2;255;255;255m[48;2;254;254;254m▄[38;2;255;255;255m[48;2;254;254;254m▄[38;2;255;255;255m[48;2;254;254;254m▄[38;2;255;255;255m[48;2;254;254;254m▄[38;2;255;255;255m[48;2;254;254;254m▄[38;2;255;255;255m[48;2;254;254;254m▄[38;2;255;255;255m[48;2;254;254;254m▄[38;2;245;230;215m[48;2;229;216;200m▄[38;2;222;195;173m[48;2;171;121;67m▄[38;2;255;255;255m[48;2;210;187;168m▄[38;2;255;255;255m[48;2;245;245;249m▄[38;2;255;255;255m[48;2;243;243;247m▄[38;2;255;255;255m[48;2;243;243;245m▄[38;2;255;255;255m[48;2;243;243;245m▄[38;2;255;255;255m[48;2;243;243;245m▄[38;2;255;255;255m[48;2;243;243;245m▄[38;2;255;255;255m[48;2;245;245;247m▄[38;2;255;255;255m[48;2;245;245;249m▄[38;2;251;244;249m[48;2;245;245;247m▄[38;2;248;237;243m[48;2;251;253;253m▄[38;2;255;245;247m[48;2;241;241;243m▄[38;2;254;246;249m[48;2;231;226;231m▄[38;2;233;229;236m[48;2;251;249;251m▄[38;2;239;231;234m[48;2;245;243;227m▄[38;2;248;241;233m[48;2;254;254;220m▄[38;2;255;255;227m[48;2;254;254;222m▄[38;2;255;255;238m[48;2;253;253;220m▄[38;2;255;255;240m[48;2;254;254;224m▄[38;2;255;255;244m[48;2;254;253;227m▄[38;2;255;255;243m[48;2;253;254;227m▄[38;2;255;255;238m[48;2;253;253;222m▄[38;2;255;255;255m[48;2;254;254;239m▄[0m
[38;2;255;255;255m[48;2;255;255;255m▄[38;2;255;255;255m[48;2;255;255;255m▄[38;2;255;255;255m[48;2;255;255;255m▄[38;2;255;255;255m[48;2;255;255;255m▄[38;2;255;255;255m[48;2;255;255;255m▄[38;2;255;255;255m[48;2;255;255;255m▄[38;2;255;255;255m[48;2;255;255;255m▄[38;2;255;255;255m[48;2;255;255;255m▄[38;2;255;255;255m[48;2;255;255;255m▄[38;2;255;255;255m[48;2;255;255;255m▄[38;2;255;255;255m[48;2;255;255;255m▄[38;2;255;255;255m[48;2;255;255;255m▄[38;2;255;255;255m[48;2;255;255;255m▄[38;2;255;255;255m[48;2;255;255;255m▄[38;2;255;255;255m[48;2;255;255;255m▄[38;2;255;255;255m[48;2;255;255;255m▄[38;2;255;255;255m[48;2;255;255;255m▄[38;2;255;255;255m[48;2;255;255;255m▄[38;2;255;255;255m[48;2;255;255;255m▄[38;2;255;255;255m[48;2;255;255;255m▄[38;2;255;255;255m[48;2;255;255;255m▄[38;2;255;255;255m[48;2;255;255;255m▄[38;2;255;255;255m[48;2;255;255;255m▄[38;2;255;255;255m[48;2;255;255;255m▄[38;2;255;255;255m[48;2;255;255;255m▄[38;2;255;255;255m[48;2;255;255;255m▄[38;2;255;255;255m[48;2;255;255;255m▄[38;2;255;255;255m[48;2;255;255;255m▄[38;2;255;255;255m[48;2;255;255;255m▄[38;2;255;255;255m[48;2;255;255;255m▄[38;2;255;255;255m[48;2;255;255;255m▄[38;2;255;255;255m[48;2;255;255;255m▄[38;2;255;255;255m[48;2;255;255;255m▄[38;2;255;255;255m[48;2;255;255;255m▄[38;2;255;255;255m[48;2;255;255;255m▄[38;2;251;251;253m[48;2;246;245;244m▄[38;2;240;241;244m[48;2;242;244;249m▄[38;2;241;241;243m[48;2;243;244;246m▄[38;2;241;241;243m[48;2;242;242;244m▄[38;2;242;242;244m[48;2;242;242;244m▄[38;2;242;243;245m[48;2;242;242;244m▄[38;2;236;232;233m[48;2;243;244;246m▄[38;2;229;228;231m[48;2;243;242;244m▄[38;2;185;189;203m[48;2;246;240;240m▄[38;2;205;208;216m[48;2;237;229;230m▄[38;2;196;209;220m[48;2;227;215;221m▄[38;2;162;196;211m[48;2;167;173;191m▄[38;2;166;211;222m[48;2;167;179;201m▄[38;2;171;214;225m[48;2;193;201;212m▄[38;2;164;207;218m[48;2;202;218;225m▄[38;2;175;211;219m[48;2;163;193;207m▄[38;2;163;208;220m[48;2;167;197;213m▄[38;2;164;211;222m[48;2;170;197;216m▄[38;2;171;217;228m[48;2;205;217;220m▄[38;2;172;214;223m[48;2;247;251;221m▄[38;2;212;230;219m[48;2;255;255;219m▄[38;2;255;254;221m[48;2;255;254;224m▄[38;2;253;254;220m[48;2;254;253;222m▄[38;2;254;253;214m[48;2;253;254;215m▄[38;2;255;255;234m[48;2;255;255;237m▄[0m
[38;2;255;255;255m[48;2;255;255;255m▄[38;2;255;255;255m[48;2;255;255;255m▄[38;2;255;255;255m[48;2;255;255;255m▄[38;2;255;255;255m[48;2;255;255;255m▄[38;2;255;255;255m[48;2;255;255;255m▄[38;2;255;255;255m[48;2;255;255;255m▄[38;2;255;255;255m[48;2;255;255;255m▄[38;2;255;255;255m[48;2;255;255;255m▄[38;2;255;255;255m[48;2;255;255;255m▄[38;2;255;255;255m[48;2;255;255;255m▄[38;2;255;255;255m[48;2;255;255;255m▄[38;2;255;255;255m[48;2;255;255;255m▄[38;2;255;255;255m[48;2;255;255;255m▄[38;2;255;255;255m[48;2;255;255;255m▄[38;2;255;255;255m[48;2;255;255;255m▄[38;2;255;255;255m[48;2;255;255;255m▄[38;2;255;255;255m[48;2;255;255;255m▄[38;2;255;255;255m[48;2;255;255;255m▄[38;2;255;255;255m[48;2;255;255;255m▄[38;2;255;255;255m[48;2;255;255;255m▄[38;2;255;255;255m[48;2;255;255;255m▄[38;2;255;255;255m[48;2;255;255;255m▄[38;2;255;255;255m[48;2;255;255;255m▄[38;2;255;255;255m[48;2;255;255;255m▄[38;2;255;255;255m[48;2;255;255;255m▄[38;2;255;255;255m[48;2;255;255;255m▄[38;2;255;255;255m[48;2;255;255;255m▄[38;2;255;255;255m[48;2;255;255;255m▄[38;2;255;255;255m[48;2;255;255;255m▄[38;2;255;255;255m[48;2;255;255;255m▄[38;2;255;255;255m[48;2;255;255;255m▄[38;2;255;255;255m[48;2;255;255;255m▄[38;2;255;255;255m[48;2;255;255;255m▄[38;2;255;255;255m[48;2;255;255;255m▄[38;2;255;255;255m[48;2;255;255;255m▄[38;2;251;251;252m[48;2;250;250;251m▄[38;2;245;246;246m[48;2;240;240;243m▄[38;2;240;239;242m[48;2;242;242;244m▄[38;2;217;207;216m[48;2;244;246;247m▄[38;2;231;219;221m[48;2;239;239;241m▄[38;2;214;217;223m[48;2;244;240;240m▄[38;2;188;204;216m[48;2;235;222;227m▄[38;2;158;192;207m[48;2;181;176;195m▄[38;2;152;192;203m[48;2;138;179;197m▄[38;2;152;201;215m[48;2;155;200;212m▄[38;2;170;185;194m[48;2;151;203;216m▄[38;2;156;195;207m[48;2;157;205;218m▄[38;2;140;193;211m[48;2;159;204;217m▄[38;2;143;189;206m[48;2;166;211;223m▄[38;2;149;197;212m[48;2;153;200;214m▄[38;2;140;188;204m[48;2;159;205;217m▄[38;2;211;213;212m[48;2;169;197;205m▄[38;2;221;206;204m[48;2;140;178;194m▄[38;2;151;163;179m[48;2;143;192;210m▄[38;2;126;174;196m[48;2;156;204;218m▄[38;2;182;210;209m[48;2;160;202;213m▄[38;2;209;213;196m[48;2;209;224;211m▄[38;2;253;252;216m[48;2;255;255;218m▄[38;2;252;250;210m[48;2;254;252;213m▄[38;2;255;255;230m[48;2;255;255;231m▄[0m
[38;2;255;255;255m[48;2;255;255;255m▄[38;2;255;255;255m[48;2;255;255;255m▄[38;2;255;255;255m[48;2;255;255;255m▄[38;2;255;255;255m[48;2;255;255;255m▄[38;2;255;255;255m[48;2;255;255;255m▄[38;2;255;255;255m[48;2;255;255;255m▄[38;2;255;255;255m[48;2;255;255;255m▄[38;2;255;255;255m[48;2;255;255;255m▄[38;2;255;255;255m[48;2;255;255;255m▄[38;2;255;255;255m[48;2;255;255;255m▄[38;2;255;255;255m[48;2;255;255;255m▄[38;2;255;255;255m[48;2;255;255;255m▄[38;2;255;255;255m[48;2;255;255;255m▄[38;2;255;255;255m[48;2;255;255;255m▄[38;2;255;255;255m[48;2;255;255;255m▄[38;2;255;255;255m[48;2;255;255;255m▄[38;2;255;255;255m[48;2;255;255;255m▄[38;2;255;255;255m[48;2;255;255;255m▄[38;2;255;255;255m[48;2;255;255;255m▄[38;2;255;255;255m[48;2;255;255;255m▄[38;2;255;255;255m[48;2;255;255;255m▄[38;2;255;255;255m[48;2;255;255;255m▄[38;2;255;255;255m[48;2;255;255;255m▄[38;2;255;255;255m[48;2;255;255;255m▄[38;2;255;255;255m[48;2;255;255;255m▄[38;2;255;255;255m[48;2;255;255;255m▄[38;2;255;255;255m[48;2;255;255;255m▄[38;2;255;255;255m[48;2;255;255;255m▄[38;2;255;255;255m[48;2;255;255;255m▄[38;2;255;255;255m[48;2;255;255;255m▄[38;2;255;255;255m[48;2;255;255;255m▄[38;2;255;255;255m[48;2;255;255;255m▄[38;2;255;255;255m[48;2;255;255;255m▄[38;2;255;255;255m[48;2;255;255;255m▄[38;2;255;255;255m[48;2;255;255;255m▄[38;2;231;233;242m[48;2;245;243;246m▄[38;2;181;175;209m[48;2;222;213;228m▄[38;2;193;172;198m[48;2;209;195;216m▄[38;2;181;179;198m[48;2;234;225;232m▄[38;2;98;134;163m[48;2;184;189;200m▄[38;2;128;172;190m[48;2;122;159;179m▄[38;2;146;190;205m[48;2;152;202;215m▄[38;2;150;198;213m[48;2;145;192;207m▄[38;2;125;165;185m[48;2;142;180;196m▄[38;2;196;194;198m[48;2;142;181;194m▄[38;2;218;206;203m[48;2;213;206;207m▄[38;2;216;182;174m[48;2;239;224;219m▄[38;2;197;170;158m[48;2;197;212;216m▄[38;2;221;205;198m[48;2;157;185;196m▄[38;2;215;211;209m[48;2;137;185;202m▄[38;2;244;230;224m[48;2;178;197;203m▄[38;2;240;217;211m[48;2;198;164;159m▄[38;2;198;194;176m[48;2;171;141;126m▄[38;2;227;206;184m[48;2;171;148;138m▄[38;2;142;151;169m[48;2;111;134;159m▄[38;2;126;176;199m[48;2;147;189;204m▄[38;2;152;197;211m[48;2;197;210;199m▄[38;2;174;204;205m[48;2;250;248;215m▄[38;2;226;234;208m[48;2;255;250;209m▄[38;2;255;255;224m[48;2;255;255;227m▄[0m
[38;2;255;255;255m[48;2;255;255;255m▄[38;2;255;255;255m[48;2;255;255;255m▄[38;2;255;255;255m[48;2;255;255;255m▄[38;2;255;255;255m[48;2;255;255;255m▄[38;2;255;255;255m[48;2;255;255;255m▄[38;2;255;255;255m[48;2;255;255;255m▄[38;2;255;255;255m[48;2;255;255;255m▄[38;2;255;255;255m[48;2;255;255;255m▄[38;2;255;255;255m[48;2;255;255;255m▄[38;2;255;255;255m[48;2;255;255;255m▄[38;2;255;255;255m[48;2;255;255;255m▄[38;2;255;255;255m[48;2;255;255;255m▄[38;2;255;255;255m[48;2;255;255;255m▄[38;2;255;255;255m[48;2;255;255;255m▄[38;2;255;255;255m[48;2;255;255;255m▄[38;2;255;255;255m[48;2;255;255;255m▄[38;2;255;255;255m[48;2;255;255;255m▄[38;2;255;255;255m[48;2;255;255;255m▄[38;2;255;255;255m[48;2;255;255;255m▄[38;2;255;255;255m[48;2;255;255;255m▄[38;2;255;255;255m[48;2;255;255;255m▄[38;2;255;255;255m[48;2;255;255;255m▄[38;2;255;255;255m[48;2;255;255;255m▄[38;2;255;255;255m[48;2;255;255;255m▄[38;2;255;255;255m[48;2;255;255;255m▄[38;2;255;255;255m[48;2;255;255;255m▄[38;2;255;255;255m[48;2;255;255;255m▄[38;2;255;255;255m[48;2;255;255;255m▄[38;2;255;255;255m[48;2;255;255;255m▄[38;2;255;255;255m[48;2;255;255;255m▄[38;2;255;255;255m[48;2;255;255;255m▄[38;2;255;255;255m[48;2;255;255;255m▄[38;2;255;255;255m[48;2;255;255;255m▄[38;2;255;255;255m[48;2;255;255;255m▄[38;2;255;255;255m[48;2;255;255;255m▄[38;2;236;242;249m[48;2;235;241;249m▄[38;2;195;212;237m[48;2;192;209;235m▄[38;2;198;215;239m[48;2;198;212;235m▄[38;2;200;216;241m[48;2;184;199;224m▄[38;2;204;219;243m[48;2;172;192;215m▄[38;2;201;213;238m[48;2;155;182;203m▄[38;2;192;204;227m[48;2;138;173;192m▄[38;2;178;199;220m[48;2;147;197;212m▄[38;2;171;202;222m[48;2;133;183;201m▄[38;2;159;187;205m[48;2;191;190;193m▄[38;2;191;187;190m[48;2;217;176;169m▄[38;2;224;201;189m[48;2;150;146;124m▄[38;2;244;216;203m[48;2;159;169;142m▄[38;2;254;232;224m[48;2;233;220;209m▄[38;2;255;239;232m[48;2;255;245;238m▄[38;2;254;236;228m[48;2;255;240;233m▄[38;2;236;197;188m[48;2;254;240;233m▄[38;2;242;225;220m[48;2;255;239;232m▄[38;2;243;235;233m[48;2;255;239;229m▄[38;2;212;217;219m[48;2;182;181;186m▄[38;2;209;223;229m[48;2;127;175;194m▄[38;2;196;211;220m[48;2;138;189;208m▄[38;2;142;161;178m[48;2;139;179;194m▄[38;2;123;161;179m[48;2;148;189;203m▄[38;2;210;221;205m[48;2;220;239;225m▄[0m
[38;2;255;255;255m[48;2;255;255;255m▄[38;2;255;255;255m[48;2;255;255;255m▄[38;2;255;255;255m[48;2;255;255;255m▄[38;2;255;255;255m[48;2;255;255;255m▄[38;2;255;255;255m[48;2;255;255;255m▄[38;2;255;255;255m[48;2;255;255;255m▄[38;2;255;255;255m[48;2;255;255;255m▄[38;2;255;255;255m[48;2;255;255;255m▄[38;2;255;255;255m[48;2;255;255;255m▄[38;2;255;255;255m[48;2;255;255;255m▄[38;2;255;255;255m[48;2;255;255;255m▄[38;2;255;255;255m[48;2;255;255;255m▄[38;2;255;255;255m[48;2;255;255;255m▄[38;2;255;255;255m[48;2;255;255;255m▄[38;2;255;255;255m[48;2;255;255;255m▄[38;2;255;255;255m[48;2;255;255;255m▄[38;2;255;255;255m[48;2;255;255;255m▄[38;2;255;255;255m[48;2;255;255;255m▄[38;2;255;255;255m[48;2;255;255;255m▄[38;2;255;255;255m[48;2;255;255;255m▄[38;2;255;255;255m[48;2;255;255;255m▄[38;2;255;255;255m[48;2;255;255;255m▄[38;2;255;255;255m[48;2;255;255;255m▄[38;2;255;255;255m[48;2;255;255;255m▄[38;2;255;255;255m[48;2;255;255;255m▄[38;2;255;255;255m[48;2;255;255;255m▄[38;2;255;255;255m[48;2;255;255;255m▄[38;2;255;255;255m[48;2;255;255;255m▄[38;2;255;255;255m[48;2;255;255;255m▄[38;2;255;255;255m[48;2;255;255;255m▄[38;2;255;255;255m[48;2;255;255;255m▄[38;2;255;255;255m[48;2;255;255;255m▄[38;2;255;255;255m[48;2;255;255;255m▄[38;2;255;255;255m[48;2;255;255;255m▄[38;2;255;255;255m[48;2;255;255;255m▄[38;2;228;227;244m[48;2;233;237;247m▄[38;2;182;181;225m[48;2;187;203;235m▄[38;2;197;197;228m[48;2;193;209;237m▄[38;2;197;200;226m[48;2;195;212;239m▄[38;2;192;198;223m[48;2;197;214;240m▄[38;2;193;203;227m[48;2;197;215;240m▄[38;2;201;212;232m[48;2;197;215;241m▄[38;2;207;216;234m[48;2;198;214;242m▄[38;2;213;220;235m[48;2;198;213;240m▄[38;2;219;225;237m[48;2;196;212;240m▄[38;2;223;228;238m[48;2;187;206;233m▄[38;2;230;233;242m[48;2;185;201;224m▄[38;2;226;227;237m[48;2;169;181;202m▄[38;2;227;223;229m[48;2;197;192;195m▄[38;2;232;229;231m[48;2;227;217;213m▄[38;2;233;231;235m[48;2;237;221;218m▄[38;2;236;236;240m[48;2;228;217;219m▄[38;2;237;236;239m[48;2;232;230;234m▄[38;2;240;240;246m[48;2;236;237;239m▄[38;2;241;241;246m[48;2;243;241;243m▄[38;2;243;244;249m[48;2;246;242;243m▄[38;2;248;249;253m[48;2;250;246;247m▄[38;2;251;252;255m[48;2;241;239;243m▄[38;2;255;255;255m[48;2;209;212;214m▄[38;2;255;255;247m[48;2;253;243;202m▄[0m
[38;2;255;255;255m[48;2;255;255;255m▄[38;2;255;255;255m[48;2;255;255;255m▄[38;2;255;255;255m[48;2;255;255;255m▄[38;2;255;255;255m[48;2;255;255;255m▄[38;2;255;255;255m[48;2;255;255;255m▄[38;2;255;255;255m[48;2;255;255;255m▄[38;2;255;255;255m[48;2;255;255;255m▄[38;2;255;255;255m[48;2;255;255;255m▄[38;2;255;255;255m[48;2;255;255;255m▄[38;2;255;255;255m[48;2;255;255;255m▄[38;2;255;255;255m[48;2;255;255;255m▄[38;2;255;255;255m[48;2;255;255;255m▄[38;2;255;255;255m[48;2;255;255;255m▄[38;2;255;255;255m[48;2;255;255;255m▄[38;2;255;255;255m[48;2;255;255;255m▄[38;2;255;255;255m[48;2;255;255;255m▄[38;2;255;255;255m[48;2;255;255;255m▄[38;2;255;255;255m[48;2;255;255;255m▄[38;2;255;255;255m[48;2;255;255;255m▄[38;2;255;255;255m[48;2;255;255;255m▄[38;2;255;255;255m[48;2;255;255;255m▄[38;2;255;255;255m[48;2;255;255;255m▄[38;2;255;255;255m[48;2;255;255;255m▄[38;2;255;255;255m[48;2;255;255;255m▄[38;2;255;255;255m[48;2;255;255;255m▄[38;2;255;255;255m[48;2;255;255;255m▄[38;2;255;255;255m[48;2;255;255;255m▄[38;2;255;255;255m[48;2;255;255;255m▄[38;2;255;255;255m[48;2;255;255;255m▄[38;2;255;255;255m[48;2;255;255;255m▄[38;2;255;255;255m[48;2;255;255;255m▄[38;2;255;255;255m[48;2;255;255;255m▄[38;2;255;255;255m[48;2;255;255;255m▄[38;2;255;255;255m[48;2;255;255;255m▄[38;2;255;255;255m[48;2;255;255;255m▄[38;2;251;251;251m[48;2;247;247;249m▄[38;2;240;241;243m[48;2;239;238;240m▄[38;2;242;243;243m[48;2;241;239;239m▄[38;2;244;245;245m[48;2;233;228;229m▄[38;2;243;245;247m[48;2;230;226;228m▄[38;2;242;245;247m[48;2;232;229;232m▄[38;2;240;240;243m[48;2;238;237;238m▄[38;2;238;237;240m[48;2;241;240;241m▄[38;2;234;232;236m[48;2;243;242;242m▄[38;2;230;226;231m[48;2;244;244;243m▄[38;2;225;223;229m[48;2;245;245;245m▄[38;2;220;200;210m[48;2;244;245;245m▄[38;2;216;153;172m[48;2;244;246;246m▄[38;2;212;158;177m[48;2;244;250;250m▄[38;2;227;210;218m[48;2;241;244;245m▄[38;2;239;240;242m[48;2;241;241;243m▄[38;2;240;241;243m[48;2;242;243;245m▄[38;2;235;233;235m[48;2;234;231;230m▄[38;2;205;187;158m[48;2;224;215;194m▄[38;2;197;175;124m[48;2;226;219;197m▄[38;2;164;145;106m[48;2;211;204;188m▄[38;2;134;116;90m[48;2;194;187;177m▄[38;2;120;103;84m[48;2;187;180;174m▄[38;2;101;87;74m[48;2;182;176;171m▄[38;2;98;85;76m[48;2;189;183;181m▄[0m
[38;2;255;255;255m[48;2;255;255;255m▄[38;2;255;255;255m[48;2;255;255;255m▄[38;2;255;255;255m[48;2;255;255;255m▄[38;2;255;255;255m[48;2;255;255;255m▄[38;2;255;255;255m[48;2;255;255;255m▄[38;2;255;255;255m[48;2;255;255;255m▄[38;2;255;255;255m[48;2;255;255;255m▄[38;2;255;255;255m[48;2;255;255;255m▄[38;2;255;255;255m[48;2;255;255;255m▄[38;2;255;255;255m[48;2;255;255;255m▄[38;2;255;255;255m[48;2;255;255;255m▄[38;2;255;255;255m[48;2;255;255;255m▄[38;2;255;255;255m[48;2;255;255;255m▄[38;2;255;255;255m[48;2;255;255;255m▄[38;2;255;255;255m[48;2;255;255;255m▄[38;2;255;255;255m[48;2;255;255;255m▄[38;2;255;255;255m[48;2;255;255;255m▄[38;2;255;255;255m[48;2;255;255;255m▄[38;2;255;255;255m[48;2;255;255;255m▄[38;2;255;255;255m[48;2;255;255;255m▄[38;2;255;255;255m[48;2;255;255;255m▄[38;2;255;255;255m[48;2;255;255;255m▄[38;2;255;255;255m[48;2;255;255;255m▄[38;2;255;255;255m[48;2;255;255;255m▄[38;2;255;255;255m[48;2;255;255;255m▄[38;2;255;255;255m[48;2;255;255;255m▄[38;2;255;255;255m[48;2;255;255;255m▄[38;2;255;255;255m[48;2;255;255;255m▄[38;2;255;255;255m[48;2;255;255;255m▄[38;2;255;255;255m[48;2;255;255;255m▄[38;2;255;255;255m[48;2;255;255;255m▄[38;2;255;255;255m[48;2;255;255;255m▄[38;2;255;255;255m[48;2;255;255;255m▄[38;2;255;255;255m[48;2;255;255;255m▄[38;2;255;255;255m[48;2;255;255;255m▄[38;2;240;232;226m[48;2;250;250;252m▄[38;2;196;163;142m[48;2;233;233;241m▄[38;2;192;161;142m[48;2;229;228;239m▄[38;2;191;160;139m[48;2;224;222;235m▄[38;2;196;159;124m[48;2;229;225;231m▄[38;2;197;156;117m[48;2;230;221;226m▄[38;2;210;184;157m[48;2;228;223;229m▄[38;2;225;211;198m[48;2;226;220;224m▄[38;2;240;237;235m[48;2;217;208;215m▄[38;2;245;246;248m[48;2;212;200;214m▄[38;2;246;246;247m[48;2;208;198;214m▄[38;2;245;247;248m[48;2;213;194;209m▄[38;2;244;250;251m[48;2;221;181;196m▄[38;2;245;252;252m[48;2;222;180;194m▄[38;2;244;248;249m[48;2;228;202;211m▄[38;2;243;244;245m[48;2;236;238;239m▄[38;2;240;240;238m[48;2;238;238;239m▄[38;2;242;241;228m[48;2;241;243;245m▄[38;2;246;244;225m[48;2;235;234;243m▄[38;2;236;230;211m[48;2;195;175;158m▄[38;2;224;219;189m[48;2;150;126;94m▄[38;2;219;215;187m[48;2;126;108;86m▄[38;2;216;211;187m[48;2;116;99;82m▄[38;2;212;207;188m[48;2;100;86;76m▄[38;2;215;211;201m[48;2;102;88;81m▄[0m
[38;2;255;255;255m[48;2;255;255;255m▄[38;2;255;255;255m[48;2;255;255;255m▄[38;2;255;255;255m[48;2;255;255;255m▄[38;2;255;255;255m[48;2;255;255;255m▄[38;2;255;255;255m[48;2;255;255;255m▄[38;2;255;255;255m[48;2;255;255;255m▄[38;2;255;255;255m[48;2;255;255;255m▄[38;2;255;255;255m[48;2;255;255;255m▄[38;2;255;255;255m[48;2;255;255;255m▄[38;2;255;255;255m[48;2;255;255;255m▄[38;2;255;255;255m[48;2;255;255;255m▄[38;2;255;255;255m[48;2;255;255;255m▄[38;2;255;255;255m[48;2;255;255;255m▄[38;2;255;255;255m[48;2;255;255;255m▄[38;2;255;255;255m[48;2;255;255;255m▄[38;2;255;255;255m[48;2;255;255;255m▄[38;2;255;255;255m[48;2;255;255;255m▄[38;2;255;255;255m[48;2;255;255;255m▄[38;2;255;255;255m[48;2;255;255;255m▄[38;2;255;255;255m[48;2;255;255;255m▄[38;2;255;255;255m[48;2;255;255;255m▄[38;2;255;255;255m[48;2;255;255;255m▄[38;2;255;255;255m[48;2;255;255;255m▄[38;2;255;255;255m[48;2;255;255;255m▄[38;2;255;255;255m[48;2;255;255;255m▄[38;2;255;255;255m[48;2;255;255;255m▄[38;2;255;255;255m[48;2;255;255;255m▄[38;2;255;255;255m[48;2;255;255;255m▄[38;2;255;255;255m[48;2;255;255;255m▄[38;2;255;255;255m[48;2;255;255;255m▄[38;2;255;255;255m[48;2;255;255;255m▄[38;2;255;255;255m[48;2;255;255;255m▄[38;2;255;255;255m[48;2;255;255;255m▄[38;2;255;255;255m[48;2;255;255;255m▄[38;2;255;255;255m[48;2;255;255;255m▄[38;2;235;224;214m[48;2;236;226;214m▄[38;2;178;134;93m[48;2;187;144;100m▄[38;2;172;126;84m[48;2;190;147;101m▄[38;2;202;176;153m[48;2;186;138;88m▄[38;2;243;244;248m[48;2;192;155;116m▄[38;2;247;251;255m[48;2;218;202;187m▄[38;2;243;244;247m[48;2;237;234;233m▄[38;2;242;242;244m[48;2;244;244;247m▄[38;2;242;242;244m[48;2;244;244;247m▄[38;2;242;242;244m[48;2;243;243;245m▄[38;2;244;245;247m[48;2;243;243;245m▄[38;2;239;238;241m[48;2;244;244;246m▄[38;2;239;237;238m[48;2;244;244;246m▄[38;2;223;216;223m[48;2;243;243;246m▄[38;2;222;208;217m[48;2;247;248;249m▄[38;2;234;223;226m[48;2;240;239;241m▄[38;2;231;224;228m[48;2;236;233;238m▄[38;2;201;199;210m[48;2;245;241;242m▄[38;2;211;208;216m[48;2;250;247;222m▄[38;2;218;211;212m[48;2;255;255;222m▄[38;2;242;234;210m[48;2;255;255;228m▄[38;2;255;255;221m[48;2;255;255;231m▄[38;2;254;253;222m[48;2;255;255;233m▄[38;2;255;254;225m[48;2;255;255;237m▄[38;2;255;255;240m[48;2;255;255;252m▄[0m
[38;2;255;255;255m[48;2;255;255;255m▄[38;2;255;255;255m[48;2;255;255;255m▄[38;2;255;255;255m[48;2;255;255;255m▄[38;2;255;255;255m[48;2;255;255;255m▄[38;2;255;255;255m[48;2;255;255;255m▄[38;2;255;255;255m[48;2;255;255;255m▄[38;2;255;255;255m[48;2;255;255;255m▄[38;2;255;255;255m[48;2;255;255;255m▄[38;2;255;255;255m[48;2;255;255;255m▄[38;2;255;255;255m[48;2;255;255;255m▄[38;2;255;255;255m[48;2;255;255;255m▄[38;2;255;255;255m[48;2;255;255;255m▄[38;2;255;255;255m[48;2;255;255;255m▄[38;2;255;255;255m[48;2;255;255;255m▄[38;2;255;255;255m[48;2;255;255;255m▄[38;2;255;255;255m[48;2;255;255;255m▄[38;2;255;255;255m[48;2;255;255;255m▄[38;2;255;255;255m[48;2;255;255;255m▄[38;2;255;255;255m[48;2;255;255;255m▄[38;2;255;255;255m[48;2;255;255;255m▄[38;2;255;255;255m[48;2;255;255;255m▄[38;2;255;255;255m[48;2;255;255;255m▄[38;2;255;255;255m[48;2;255;255;255m▄[38;2;255;255;255m[48;2;255;255;255m▄[38;2;255;255;255m[48;2;255;255;255m▄[38;2;255;255;255m[48;2;255;255;255m▄[38;2;255;255;255m[48;2;255;255;255m▄[38;2;255;255;255m[48;2;255;255;255m▄[38;2;255;255;255m[48;2;255;255;255m▄[38;2;255;255;255m[48;2;255;255;255m▄[38;2;255;255;255m[48;2;255;255;255m▄[38;2;255;255;255m[48;2;255;255;255m▄[38;2;255;255;255m[48;2;255;255;255m▄[38;2;255;255;255m[48;2;255;255;255m▄[38;2;255;255;255m[48;2;255;255;255m▄[38;2;227;215;205m[48;2;232;221;212m▄[38;2;155;108;71m[48;2;164;115;75m▄[38;2;217;203;195m[48;2;181;143;114m▄[38;2;246;249;254m[48;2;244;246;251m▄[38;2;241;241;243m[48;2;244;246;249m▄[38;2;241;241;243m[48;2;242;242;244m▄[38;2;242;242;244m[48;2;242;242;244m▄[38;2;243;243;245m[48;2;242;242;244m▄[38;2;235;231;233m[48;2;243;244;246m▄[38;2;227;223;227m[48;2;243;243;245m▄[38;2;178;187;202m[48;2;244;238;238m▄[38;2;194;201;212m[48;2;237;228;230m▄[38;2;190;210;220m[48;2;226;213;220m▄[38;2;165;202;215m[48;2;163;172;193m▄[38;2;167;212;223m[48;2;165;183;204m▄[38;2;173;216;226m[48;2;189;204;215m▄[38;2;164;207;219m[48;2;191;214;221m▄[38;2;174;210;218m[48;2;163;197;211m▄[38;2;160;204;217m[48;2;165;201;217m▄[38;2;159;207;220m[48;2;169;201;220m▄[38;2;163;212;225m[48;2;207;225;226m▄[38;2;163;208;220m[48;2;238;246;220m▄[38;2;203;226;218m[48;2;255;255;221m▄[38;2;253;254;222m[48;2;255;254;224m▄[38;2;255;255;236m[48;2;255;255;238m▄[0m
[38;2;255;255;255m[48;2;255;255;255m▄[38;2;255;255;255m[48;2;255;255;255m▄[38;2;255;255;255m[48;2;255;255;255m▄[38;2;255;255;255m[48;2;255;255;255m▄[38;2;255;255;255m[48;2;255;255;255m▄[38;2;255;255;255m[48;2;255;255;255m▄[38;2;255;255;255m[48;2;255;255;255m▄[38;2;255;255;255m[48;2;255;255;255m▄[38;2;255;255;255m[48;2;255;255;255m▄[38;2;255;255;255m[48;2;255;255;255m▄[38;2;255;255;255m[48;2;255;255;255m▄[38;2;255;255;255m[48;2;255;255;255m▄[38;2;255;255;255m[48;2;255;255;255m▄[38;2;255;255;255m[48;2;255;255;255m▄[38;2;255;255;255m[48;2;255;255;255m▄[38;2;255;255;255m[48;2;255;255;255m▄[38;2;255;255;255m[48;2;255;255;255m▄[38;2;255;255;255m[48;2;255;255;255m▄[38;2;255;255;255m[48;2;255;255;255m▄[38;2;255;255;255m[48;2;255;255;255m▄[38;2;255;255;255m[48;2;255;255;255m▄[38;2;255;255;255m[48;2;255;255;255m▄[38;2;255;255;255m[48;2;255;255;255m▄[38;2;255;255;255m[48;2;255;255;255m▄[38;2;255;255;255m[48;2;255;255;255m▄[38;2;255;255;255m[48;2;255;255;255m▄[38;2;255;255;255m[48;2;255;255;255m▄[38;2;255;255;255m[48;2;255;255;255m▄[38;2;255;255;255m[48;2;255;255;255m▄[38;2;255;255;255m[48;2;255;255;255m▄[38;2;255;255;255m[48;2;255;255;255m▄[38;2;255;255;255m[48;2;255;255;255m▄[38;2;255;255;255m[48;2;255;255;255m▄[38;2;255;255;255m[48;2;255;255;255m▄[38;2;255;255;255m[48;2;255;255;255m▄[38;2;218;201;187m[48;2;221;206;193m▄[38;2;195;168;153m[48;2;189;161;143m▄[38;2;251;254;255m[48;2;249;253;255m▄[38;2;245;246;246m[48;2;241;241;243m▄[38;2;243;244;245m[48;2;241;241;243m▄[38;2;220;213;221m[48;2;243;244;245m▄[38;2;227;213;217m[48;2;239;238;240m▄[38;2;210;212;218m[48;2;243;240;239m▄[38;2;179;199;211m[48;2;239;229;232m▄[38;2;159;196;211m[48;2;187;179;199m▄[38;2;151;191;205m[48;2;140;177;196m▄[38;2;148;199;214m[48;2;154;202;214m▄[38;2;175;188;195m[48;2;149;200;214m▄[38;2;171;193;202m[48;2;153;204;218m▄[38;2;141;192;209m[48;2;157;203;216m▄[38;2;138;185;202m[48;2;161;207;220m▄[38;2;145;196;211m[48;2;151;199;213m▄[38;2;142;183;197m[48;2;155;201;214m▄[38;2;225;225;222m[48;2;180;200;206m▄[38;2;245;233;226m[48;2;146;176;191m▄[38;2;166;172;184m[48;2;138;183;203m▄[38;2;118;162;187m[48;2;155;204;219m▄[38;2;181;204;203m[48;2;168;204;211m▄[38;2;224;221;198m[48;2;212;224;208m▄[38;2;255;255;234m[48;2;255;255;235m▄[0m
[38;2;255;255;255m[48;2;255;255;255m▄[38;2;255;255;255m[48;2;255;255;255m▄[38;2;255;255;255m[48;2;255;255;255m▄[38;2;255;255;255m[48;2;255;255;255m▄[38;2;255;255;255m[48;2;255;255;255m▄[38;2;255;255;255m[48;2;255;255;255m▄[38;2;255;255;255m[48;2;255;255;255m▄[38;2;255;255;255m[48;2;255;255;255m▄[38;2;255;255;255m[48;2;255;255;255m▄[38;2;255;255;255m[48;2;255;255;255m▄[38;2;255;255;255m[48;2;255;255;255m▄[38;2;255;255;255m[48;2;255;255;255m▄[38;2;255;255;255m[48;2;255;255;255m▄[38;2;255;255;255m[48;2;255;255;255m▄[38;2;255;255;255m[48;2;255;255;255m▄[38;2;255;255;255m[48;2;255;255;255m▄[38;2;255;255;255m[48;2;255;255;255m▄[38;2;255;255;255m[48;2;255;255;255m▄[38;2;255;255;255m[48;2;255;255;255m▄[38;2;255;255;255m[48;2;255;255;255m▄[38;2;255;255;255m[48;2;255;255;255m▄[38;2;255;255;255m[48;2;255;255;255m▄[38;2;255;255;255m[48;2;255;255;255m▄[38;2;255;255;255m[48;2;255;255;255m▄[38;2;255;255;255m[48;2;255;255;255m▄[38;2;255;255;255m[48;2;255;255;255m▄[38;2;255;255;255m[48;2;255;255;255m▄[38;2;255;255;255m[48;2;255;255;255m▄[38;2;255;255;255m[48;2;255;255;255m▄[38;2;255;255;255m[48;2;255;255;255m▄[38;2;255;255;255m[48;2;255;255;255m▄[38;2;255;255;255m[48;2;255;255;255m▄[38;2;255;255;255m[48;2;255;255;255m▄[38;2;255;255;255m[48;2;255;255;255m▄[38;2;255;255;255m[48;2;255;255;255m▄[38;2;239;246;252m[48;2;231;230;228m▄[38;2;193;210;238m[48;2;180;172;177m▄[38;2;187;197;226m[48;2;214;212;229m▄[38;2;186;188;220m[48;2;220;212;228m▄[38;2;187;174;203m[48;2;207;191;215m▄[38;2;194;184;204m[48;2;226;212;224m▄[38;2;111;138;167m[48;2;196;202;210m▄[38;2;122;164;186m[48;2;119;153;174m▄[38;2;135;177;194m[48;2;148;196;210m▄[38;2;153;203;218m[48;2;151;199;214m▄[38;2;126;173;193m[48;2;136;176;194m▄[38;2;185;186;192m[48;2;147;180;192m▄[38;2;232;215;208m[48;2;205;211;213m▄[38;2;242;229;223m[48;2;254;231;223m▄[38;2;255;244;239m[48;2;219;219;217m▄[38;2;246;226;220m[48;2;177;192;197m▄[38;2;237;222;216m[48;2;144;181;194m▄[38;2;255;241;234m[48;2;201;212;215m▄[38;2;224;192;185m[48;2;204;162;154m▄[38;2;215;175;166m[48;2;192;150;143m▄[38;2;255;224;211m[48;2;236;220;216m▄[38;2;155;160;174m[48;2;113;135;160m▄[38;2;125;175;197m[48;2;141;186;204m▄[38;2;148;197;213m[48;2;182;206;203m▄[38;2;180;218;223m[48;2;245;250;228m▄[0m
[38;2;255;255;255m[48;2;255;255;255m▄[38;2;255;255;255m[48;2;255;255;255m▄[38;2;255;255;255m[48;2;255;255;255m▄[38;2;255;255;255m[48;2;255;255;255m▄[38;2;255;255;255m[48;2;255;255;255m▄[38;2;255;255;255m[48;2;255;255;255m▄[38;2;255;255;255m[48;2;255;255;255m▄[38;2;255;255;255m[48;2;255;255;255m▄[38;2;255;255;255m[48;2;255;255;255m▄[38;2;255;255;255m[48;2;255;255;255m▄[38;2;255;255;255m[48;2;255;255;255m▄[38;2;255;255;255m[48;2;255;255;255m▄[38;2;255;255;255m[48;2;255;255;255m▄[38;2;255;255;255m[48;2;255;255;255m▄[38;2;255;255;255m[48;2;255;255;255m▄[38;2;255;255;255m[48;2;255;255;255m▄[38;2;255;255;255m[48;2;255;255;255m▄[38;2;255;255;255m[48;2;255;255;255m▄[38;2;255;255;255m[48;2;255;255;255m▄[38;2;255;255;255m[48;2;255;255;255m▄[38;2;255;255;255m[48;2;255;255;255m▄[38;2;255;255;255m[48;2;255;255;255m▄[38;2;255;255;255m[48;2;255;255;255m▄[38;2;255;255;255m[48;2;255;255;255m▄[38;2;255;255;255m[48;2;255;255;255m▄[38;2;255;255;255m[48;2;255;255;255m▄[38;2;255;255;255m[48;2;255;255;255m▄[38;2;255;255;255m[48;2;255;255;255m▄[38;2;255;255;255m[48;2;255;255;255m▄[38;2;255;255;255m[48;2;255;255;255m▄[38;2;255;255;255m[48;2;255;255;255m▄[38;2;255;255;255m[48;2;255;255;255m▄[38;2;255;255;255m[48;2;255;255;255m▄[38;2;255;255;255m[48;2;255;255;255m▄[38;2;255;255;255m[48;2;255;255;255m▄[38;2;237;241;249m[48;2;238;243;249m▄[38;2;193;209;237m[48;2;194;210;235m▄[38;2;199;216;239m[48;2;197;213;236m▄[38;2;199;216;239m[48;2;197;214;237m▄[38;2;198;215;239m[48;2;198;216;240m▄[38;2;198;215;239m[48;2;195;211;235m▄[38;2;201;217;241m[48;2;187;203;227m▄[38;2;201;216;241m[48;2;177;197;220m▄[38;2;201;213;238m[48;2;151;176;197m▄[38;2;191;206;229m[48;2;150;192;207m▄[38;2;185;206;227m[48;2;140;191;207m▄[38;2;173;200;223m[48;2;168;195;204m▄[38;2;170;179;194m[48;2;168;112;102m▄[38;2;203;185;184m[48;2;190;137;127m▄[38;2;215;197;192m[48;2;255;238;232m▄[38;2;232;218;211m[48;2;252;232;225m▄[38;2;248;234;226m[48;2;255;242;234m▄[38;2;252;235;227m[48;2;253;238;231m▄[38;2;233;205;199m[48;2;252;233;226m▄[38;2;237;225;222m[48;2;255;239;231m▄[38;2;240;236;237m[48;2;254;238;229m▄[38;2;230;233;235m[48;2;191;193;194m▄[38;2;236;238;240m[48;2;147;188;202m▄[38;2;229;231;234m[48;2;144;187;204m▄[38;2;195;204;216m[48;2;139;179;198m▄[0m
[38;2;255;255;255m[48;2;255;255;255m▄[38;2;255;255;255m[48;2;255;255;255m▄[38;2;255;255;255m[48;2;255;255;255m▄[38;2;255;255;255m[48;2;255;255;255m▄[38;2;255;255;255m[48;2;255;255;255m▄[38;2;255;255;255m[48;2;255;255;255m▄[38;2;255;255;255m[48;2;255;255;255m▄[38;2;255;255;255m[48;2;255;255;255m▄[38;2;255;255;255m[48;2;255;255;255m▄[38;2;255;255;255m[48;2;255;255;255m▄[38;2;255;255;255m[48;2;255;255;255m▄[38;2;255;255;255m[48;2;255;255;255m▄[38;2;255;255;255m[48;2;255;255;255m▄[38;2;255;255;255m[48;2;255;255;255m▄[38;2;255;255;255m[48;2;255;255;255m▄[38;2;255;255;255m[48;2;255;255;255m▄[38;2;255;255;255m[48;2;255;255;255m▄[38;2;255;255;255m[48;2;255;255;255m▄[38;2;255;255;255m[48;2;255;255;255m▄[38;2;255;255;255m[48;2;255;255;255m▄[38;2;255;255;255m[48;2;255;255;255m▄[38;2;255;255;255m[48;2;255;255;255m▄[38;2;255;255;255m[48;2;255;255;255m▄[38;2;255;255;255m[48;2;255;255;255m▄[38;2;255;255;255m[48;2;255;255;255m▄[38;2;255;255;255m[48;2;255;255;255m▄[38;2;255;255;255m[48;2;255;255;255m▄[38;2;255;255;255m[48;2;255;255;255m▄[38;2;255;255;255m[48;2;255;255;255m▄[38;2;255;255;255m[48;2;255;255;255m▄[38;2;255;255;255m[48;2;255;255;255m▄[38;2;255;255;255m[48;2;255;255;255m▄[38;2;255;255;255m[48;2;255;255;255m▄[38;2;255;255;255m[48;2;255;255;255m▄[38;2;255;255;255m[48;2;255;255;255m▄[38;2;237;236;246m[48;2;233;231;246m▄[38;2;171;169;225m[48;2;170;170;226m▄[38;2;173;169;225m[48;2;180;184;231m▄[38;2;189;185;226m[48;2;186;195;234m▄[38;2;207;204;230m[48;2;188;202;235m▄[38;2;209;206;228m[48;2;191;205;236m▄[38;2;203;203;224m[48;2;193;210;238m▄[38;2;198;201;221m[48;2;195;213;240m▄[38;2;207;214;230m[48;2;194;212;239m▄[38;2;216;221;234m[48;2;195;212;239m▄[38;2;224;227;237m[48;2;197;212;239m▄[38;2;229;231;237m[48;2;199;213;239m▄[38;2;234;239;242m[48;2;199;216;242m▄[38;2;239;244;245m[48;2;194;213;237m▄[38;2;243;244;246m[48;2;177;194;217m▄[38;2;240;238;241m[48;2;188;187;198m▄[38;2;239;238;241m[48;2;218;211;210m▄[38;2;237;238;241m[48;2;232;222;222m▄[38;2;236;235;234m[48;2;233;231;238m▄[38;2;238;236;234m[48;2;233;233;239m▄[38;2;237;235;233m[48;2;239;238;242m▄[38;2;233;231;231m[48;2;242;240;243m▄[38;2;230;229;229m[48;2;243;241;244m▄[38;2;230;229;230m[48;2;247;247;249m▄[38;2;244;243;242m[48;2;255;255;255m▄[0m
[38;2;254;254;254m[48;2;255;255;255m▄[38;2;255;255;255m[48;2;255;255;255m▄[38;2;255;255;255m[48;2;255;255;255m▄[38;2;255;255;255m[48;2;255;255;255m▄[38;2;255;255;255m[48;2;255;255;255m▄[38;2;255;255;255m[48;2;255;255;255m▄[38;2;255;255;255m[48;2;255;255;255m▄[38;2;255;255;255m[48;2;255;255;255m▄[38;2;255;255;255m[48;2;255;255;255m▄[38;2;255;255;255m[48;2;255;255;255m▄[38;2;255;255;255m[48;2;255;255;255m▄[38;2;255;255;255m[48;2;255;255;255m▄[38;2;255;255;255m[48;2;255;255;255m▄[38;2;255;255;255m[48;2;255;255;255m▄[38;2;255;255;255m[48;2;255;255;255m▄[38;2;255;255;255m[48;2;255;255;255m▄[38;2;255;255;255m[48;2;255;255;255m▄[38;2;255;255;255m[48;2;255;255;255m▄[38;2;255;255;255m[48;2;255;255;255m▄[38;2;255;255;255m[48;2;255;255;255m▄[38;2;255;255;255m[48;2;255;255;255m▄[38;2;255;255;255m[48;2;255;255;255m▄[38;2;255;255;255m[48;2;255;255;255m▄[38;2;255;255;255m[48;2;255;255;255m▄[38;2;255;255;255m[48;2;255;255;255m▄[38;2;255;255;255m[48;2;255;255;255m▄[38;2;255;255;255m[48;2;255;255;255m▄[38;2;255;255;255m[48;2;255;255;255m▄[38;2;255;255;255m[48;2;255;255;255m▄[38;2;255;255;255m[48;2;255;255;255m▄[38;2;255;255;255m[48;2;255;255;255m▄[38;2;255;255;255m[48;2;255;255;255m▄[38;2;255;255;255m[48;2;255;255;255m▄[38;2;255;255;255m[48;2;255;255;255m▄[38;2;255;255;255m[48;2;255;255;255m▄[38;2;255;255;255m[48;2;249;250;250m▄[38;2;255;255;255m[48;2;232;232;239m▄[38;2;255;255;255m[48;2;234;233;239m▄[38;2;255;255;255m[48;2;242;241;240m▄[38;2;255;255;255m[48;2;245;245;243m▄[38;2;255;253;255m[48;2;243;242;241m▄[38;2;253;249;254m[48;2;242;240;240m▄[38;2;252;248;254m[48;2;240;238;238m▄[38;2;245;240;246m[48;2;244;243;243m▄[38;2;235;225;236m[48;2;246;246;245m▄[38;2;227;216;230m[48;2;245;246;245m▄[38;2;225;213;229m[48;2;243;243;243m▄[38;2;227;177;197m[48;2;235;218;224m▄[38;2;232;164;186m[48;2;231;208;217m▄[38;2;233;173;194m[48;2;230;223;228m▄[38;2;252;239;244m[48;2;239;240;242m▄[38;2;255;255;255m[48;2;240;240;242m▄[38;2;255;255;255m[48;2;241;243;247m▄[38;2;255;254;255m[48;2;215;204;188m▄[38;2;231;216;198m[48;2;205;186;139m▄[38;2;194;171;128m[48;2;197;181;140m▄[38;2;156;136;105m[48;2;161;146;118m▄[38;2;142;122;99m[48;2;142;128;108m▄[38;2;126;109;92m[48;2;128;115;101m▄[38;2;120;104;94m[48;2;125;112;103m▄[0m
