[38;2;0;0;0m[48;2;0;0;0m▄[38;2;0;0;0m[48;2;0;0;0m▄[38;2;0;0;0m[48;2;0;0;0m▄[38;2;0;0;0m[48;2;0;0;0m▄[38;2;0;0;0m[48;2;0;0;0m▄[38;2;0;0;0m[48;2;0;0;0m▄[38;2;0;0;0m[48;2;0;0;0m▄[38;2;0;0;0m[48;2;0;0;0m▄[38;2;0;0;0m[48;2;0;0;0m▄[38;2;0;0;0m[48;2;0;0;0m▄[38;2;0;0;0m[48;2;0;0;0m▄[38;2;0;0;0m[48;2;0;0;0m▄[38;2;0;0;0m[48;2;0;0;0m▄[38;2;0;0;0m[48;2;0;0;0m▄[38;2;0;0;0m[48;2;0;0;0m▄[38;2;0;0;0m[48;2;0;0;0m▄[38;2;0;0;0m[48;2;0;0;0m▄[38;2;0;0;0m[48;2;0;0;0m▄[38;2;0;0;0m[48;2;0;0;0m▄[38;2;0;0;0m[48;2;0;0;0m▄[38;2;0;0;0m[48;2;0;0;0m▄[38;2;0;0;0m[48;2;0;0;0m▄[38;2;0;0;0m[48;2;0;0;0m▄[38;2;9;8;8m[48;2;0;0;0m▄[38;2;26;23;21m[48;2;0;0;0m▄[38;2;41;37;33m[48;2;0;0;0m▄[38;2;53;47;42m[48;2;0;0;0m▄[38;2;61;54;48m[48;2;0;0;0m▄[38;2;64;56;50m[48;2;0;0;0m▄[38;2;65;57;50m[48;2;0;0;0m▄[38;2;64;56;49m[48;2;0;0;0m▄[38;2;61;54;49m[48;2;0;0;0m▄[38;2;56;50;45m[48;2;0;0;0m▄[38;2;54;48;42m[48;2;0;0;0m▄[38;2;52;46;41m[48;2;0;0;0m▄[38;2;47;42;37m[48;2;0;0;0m▄[38;2;39;35;30m[48;2;0;0;0m▄[38;2;29;27;23m[48;2;0;0;0m▄[38;2;18;16;15m[48;2;0;0;0m▄[38;2;7;6;6m[48;2;0;0;0m▄[38;2;0;0;0m[48;2;0;0;0m▄[38;2;0;0;0m[48;2;0;0;0m▄[38;2;0;0;0m[48;2;0;0;0m▄[38;2;0;0;0m[48;2;0;0;0m▄[38;2;0;0;0m[48;2;0;0;0m▄[38;2;0;0;0m[48;2;0;0;0m▄[38;2;0;0;0m[48;2;0;0;0m▄[38;2;0;0;0m[48;2;0;0;0m▄[38;2;0;0;0m[48;2;0;0;0m▄[38;2;0;0;0m[48;2;0;0;0m▄[38;2;0;0;0m[48;2;0;0;0m▄[38;2;0;0;0m[48;2;0;0;0m▄[38;2;0;0;0m[48;2;0;0;0m▄[38;2;0;0;0m[48;2;0;0;0m▄[38;2;0;0;0m[48;2;0;0;0m▄[38;2;0;0;0m[48;2;0;0;0m▄[38;2;0;0;0m[48;2;0;0;0m▄[38;2;0;0;0m[48;2;0;0;0m▄[38;2;0;0;0m[48;2;0;0;0m▄[38;2;0;0;0m[48;2;0;0;0m▄[0m
[38;2;0;0;0m[48;2;0;0;0m▄[38;2;0;0;0m[48;2;0;0;0m▄[38;2;0;0;0m[48;2;0;0;0m▄[38;2;0;0;0m[48;2;0;0;0m▄[38;2;0;0;0m[48;2;0;0;0m▄[38;2;0;0;0m[48;2;0;0;0m▄[38;2;0;0;0m[48;2;0;0;0m▄[38;2;0;0;0m[48;2;0;0;0m▄[38;2;0;0;0m[48;2;0;0;0m▄[38;2;0;0;0m[48;2;0;0;0m▄[38;2;0;0;0m[48;2;0;0;0m▄[38;2;0;0;0m[48;2;0;0;0m▄[38;2;0;0;0m[48;2;0;0;0m▄[38;2;0;0;0m[48;2;0;0;0m▄[38;2;0;0;0m[48;2;0;0;0m▄[38;2;0;0;0m[48;2;0;0;0m▄[38;2;0;0;0m[48;2;0;0;0m▄[38;2;37;33;29m[48;2;0;0;0m▄[38;2;96;84;74m[48;2;0;0;0m▄[38;2;143;126;109m[48;2;5;5;5m▄[38;2;166;145;125m[48;2;40;36;32m▄[38;2;169;148;127m[48;2;79;71;62m▄[38;2;164;143;122m[48;2;112;99;86m▄[38;2;157;137;117m[48;2;133;117;101m▄[38;2;151;133;113m[48;2;143;126;107m▄[38;2;148;130;109m[48;2;146;129;110m▄[38;2;147;128;109m[48;2;146;128;109m▄[38;2;144;126;109m[48;2;144;126;107m▄[38;2;142;125;107m[48;2;141;123;106m▄[38;2;140;123;105m[48;2;139;121;104m▄[38;2;136;119;101m[48;2;136;119;101m▄[38;2;144;125;107m[48;2;132;116;99m▄[38;2;160;140;119m[48;2;138;121;104m▄[38;2;170;149;126m[48;2;152;133;114m▄[38;2;177;155;132m[48;2;163;142;122m▄[38;2;181;159;135m[48;2;168;147;125m▄[38;2;185;163;139m[48;2;169;148;127m▄[38;2;191;167;143m[48;2;165;145;124m▄[38;2;193;169;145m[48;2;157;138;118m▄[38;2;193;168;144m[48;2;145;127;109m▄[38;2;192;168;143m[48;2;126;111;96m▄[38;2;191;167;143m[48;2;98;87;76m▄[38;2;186;163;139m[48;2;57;51;45m▄[38;2;158;139;120m[48;2;12;11;10m▄[38;2;90;80;70m[48;2;0;0;0m▄[38;2;14;12;12m[48;2;0;0;0m▄[38;2;0;0;0m[48;2;0;0;0m▄[38;2;0;0;0m[48;2;0;0;0m▄[38;2;0;0;0m[48;2;0;0;0m▄[38;2;0;0;0m[48;2;0;0;0m▄[38;2;0;0;0m[48;2;0;0;0m▄[38;2;0;0;0m[48;2;0;0;0m▄[38;2;0;0;0m[48;2;0;0;0m▄[38;2;0;0;0m[48;2;0;0;0m▄[38;2;0;0;0m[48;2;0;0;0m▄[38;2;0;0;0m[48;2;0;0;0m▄[38;2;0;0;0m[48;2;0;0;0m▄[38;2;0;0;0m[48;2;0;0;0m▄[38;2;0;0;0m[48;2;0;0;0m▄[38;2;0;0;0m[48;2;0;0;0m▄[0m
[38;2;0;0;0m[48;2;0;0;0m▄[38;2;0;0;0m[48;2;0;0;0m▄[38;2;0;0;0m[48;2;0;0;0m▄[38;2;0;0;0m[48;2;0;0;0m▄[38;2;0;0;0m[48;2;0;0;0m▄[38;2;0;0;0m[48;2;0;0;0m▄[38;2;0;0;0m[48;2;0;0;0m▄[38;2;0;0;0m[48;2;0;0;0m▄[38;2;0;0;0m[48;2;0;0;0m▄[38;2;0;0;0m[48;2;0;0;0m▄[38;2;0;0;0m[48;2;0;0;0m▄[38;2;0;0;0m[48;2;0;0;0m▄[38;2;0;0;0m[48;2;0;0;0m▄[38;2;22;20;18m[48;2;0;0;0m▄[38;2;146;131;114m[48;2;0;0;0m▄[38;2;215;188;163m[48;2;59;53;48m▄[38;2;211;183;157m[48;2;143;126;110m▄[38;2;195;169;145m[48;2;185;163;140m▄[38;2;186;163;140m[48;2;190;167;143m▄[38;2;180;159;135m[48;2;180;157;134m▄[38;2;177;155;132m[48;2;171;148;126m▄[38;2;173;152;129m[48;2;166;144;123m▄[38;2;170;148;126m[48;2;162;140;121m▄[38;2;166;144;124m[48;2;158;137;118m▄[38;2;161;140;120m[48;2;153;134;115m▄[38;2;153;135;115m[48;2;149;131;111m▄[38;2;146;128;109m[48;2;148;129;110m▄[38;2;142;123;106m[48;2;146;127;111m▄[38;2;139;122;104m[48;2;143;126;108m▄[38;2;135;118;101m[48;2;139;122;104m▄[38;2;148;130;111m[48;2;141;124;106m▄[38;2;167;145;123m[48;2;160;139;119m▄[38;2;176;154;131m[48;2;172;150;128m▄[38;2;181;159;137m[48;2;180;158;134m▄[38;2;185;163;139m[48;2;186;164;139m▄[38;2;189;166;142m[48;2;191;168;144m▄[38;2;194;170;146m[48;2;195;171;147m▄[38;2;204;177;153m[48;2;203;177;152m▄[38;2;208;180;156m[48;2;208;180;156m▄[38;2;190;166;141m[48;2;200;174;149m▄[38;2;183;161;137m[48;2;194;170;146m▄[38;2;185;163;139m[48;2;190;168;144m▄[38;2;186;164;140m[48;2;189;166;142m▄[38;2;189;167;143m[48;2;191;167;142m▄[38;2;192;169;145m[48;2;190;167;142m▄[38;2;190;167;143m[48;2;152;133;115m▄[38;2;177;155;133m[48;2;64;57;51m▄[38;2;93;82;73m[48;2;0;0;0m▄[38;2;0;1;1m[48;2;0;0;0m▄[38;2;0;0;0m[48;2;0;0;0m▄[38;2;0;0;0m[48;2;0;0;0m▄[38;2;0;0;0m[48;2;0;0;0m▄[38;2;0;0;0m[48;2;0;0;0m▄[38;2;0;0;0m[48;2;0;0;0m▄[38;2;0;0;0m[48;2;0;0;0m▄[38;2;0;0;0m[48;2;0;0;0m▄[38;2;0;0;0m[48;2;0;0;0m▄[38;2;0;0;0m[48;2;0;0;0m▄[38;2;0;0;0m[48;2;0;0;0m▄[38;2;0;0;0m[48;2;0;0;0m▄[0m
[38;2;0;0;0m[48;2;0;0;0m▄[38;2;0;0;0m[48;2;0;0;0m▄[38;2;0;0;0m[48;2;0;0;0m▄[38;2;0;0;0m[48;2;0;0;0m▄[38;2;0;0;0m[48;2;0;0;0m▄[38;2;0;0;0m[48;2;0;0;0m▄[38;2;0;0;0m[48;2;0;0;0m▄[38;2;0;0;0m[48;2;0;0;0m▄[38;2;0;0;0m[48;2;0;0;0m▄[38;2;0;0;0m[48;2;0;0;0m▄[38;2;0;0;0m[48;2;0;0;0m▄[38;2;20;18;16m[48;2;0;0;0m▄[38;2;197;173;151m[48;2;38;35;32m▄[38;2;230;200;173m[48;2;198;174;152m▄[38;2;213;186;159m[48;2;231;202;175m▄[38;2;219;192;165m[48;2;212;184;158m▄[38;2;230;201;175m[48;2;209;181;156m▄[38;2;234;204;178m[48;2;208;180;156m▄[38;2;232;202;175m[48;2;206;179;155m▄[38;2;229;198;172m[48;2;203;177;153m▄[38;2;226;196;171m[48;2;202;176;151m▄[38;2;220;191;167m[48;2;198;173;149m▄[38;2;208;181;156m[48;2;193;168;144m▄[38;2;190;165;142m[48;2;183;159;137m▄[38;2;171;149;127m[48;2;170;148;128m▄[38;2;156;137;117m[48;2;157;139;118m▄[38;2;144;126;107m[48;2;146;129;109m▄[38;2;133;116;100m[48;2;137;120;102m▄[38;2;125;109;93m[48;2;132;115;100m▄[38;2;131;115;98m[48;2;134;117;100m▄[38;2;156;135;116m[48;2;155;134;115m▄[38;2;171;150;128m[48;2;170;149;127m▄[38;2;176;154;130m[48;2;177;155;131m▄[38;2;174;152;129m[48;2;178;156;133m▄[38;2;175;153;130m[48;2;177;155;132m▄[38;2;179;157;133m[48;2;178;156;132m▄[38;2;178;156;133m[48;2;182;160;137m▄[38;2;176;154;131m[48;2;196;172;148m▄[38;2;184;160;138m[48;2;217;188;162m▄[38;2;180;156;134m[48;2;196;171;145m▄[38;2;169;148;126m[48;2;174;152;129m▄[38;2;171;149;128m[48;2;177;155;132m▄[38;2;179;157;134m[48;2;182;161;137m▄[38;2;185;163;139m[48;2;188;165;141m▄[38;2;199;173;149m[48;2;200;174;149m▄[38;2;212;184;160m[48;2;208;181;156m▄[38;2;218;190;164m[48;2;199;173;148m▄[38;2;204;179;153m[48;2;178;156;134m▄[38;2;155;136;117m[48;2;65;59;52m▄[38;2;13;11;11m[48;2;0;0;0m▄[38;2;0;0;0m[48;2;0;0;0m▄[38;2;0;0;0m[48;2;0;0;0m▄[38;2;0;0;0m[48;2;0;0;0m▄[38;2;0;0;0m[48;2;0;0;0m▄[38;2;0;0;0m[48;2;0;0;0m▄[38;2;0;0;0m[48;2;0;0;0m▄[38;2;0;0;0m[48;2;0;0;0m▄[38;2;0;0;0m[48;2;0;0;0m▄[38;2;0;0;0m[48;2;0;0;0m▄[38;2;0;0;0m[48;2;0;0;0m▄[0m
[38;2;0;0;0m[48;2;0;0;0m▄[38;2;0;0;0m[48;2;0;0;0m▄[38;2;0;0;0m[48;2;0;0;0m▄[38;2;0;0;0m[48;2;0;0;0m▄[38;2;0;0;0m[48;2;0;0;0m▄[38;2;0;0;0m[48;2;0;0;0m▄[38;2;0;0;0m[48;2;0;0;0m▄[38;2;0;0;0m[48;2;0;0;0m▄[38;2;0;0;0m[48;2;0;0;0m▄[38;2;0;0;0m[48;2;0;0;0m▄[38;2;41;37;33m[48;2;0;0;0m▄[38;2;208;183;157m[48;2;140;124;108m▄[38;2;203;177;151m[48;2;230;200;173m▄[38;2;196;170;145m[48;2;207;180;155m▄[38;2;189;164;141m[48;2;207;179;154m▄[38;2;184;160;137m[48;2;212;184;160m▄[38;2;180;158;134m[48;2;220;191;166m▄[38;2;178;156;133m[48;2;219;191;166m▄[38;2;177;155;133m[48;2;214;186;161m▄[38;2;175;154;132m[48;2;209;182;157m▄[38;2;173;151;129m[48;2;205;179;156m▄[38;2;166;145;124m[48;2;198;173;149m▄[38;2;158;138;118m[48;2;185;161;138m▄[38;2;151;133;113m[48;2;169;148;127m▄[38;2;146;128;110m[48;2;157;138;118m▄[38;2;141;123;105m[48;2;148;130;110m▄[38;2;134;118;100m[48;2;139;121;105m▄[38;2;127;111;95m[48;2;130;114;98m▄[38;2;120;104;89m[48;2;121;105;89m▄[38;2;118;102;87m[48;2;125;109;93m▄[38;2;134;116;100m[48;2;150;130;112m▄[38;2;163;142;122m[48;2;171;149;127m▄[38;2;182;160;137m[48;2;176;154;131m▄[38;2;185;162;139m[48;2;176;154;131m▄[38;2;173;150;128m[48;2;160;140;120m▄[38;2;157;141;128m[48;2;138;120;102m▄[38;2;92;98;102m[48;2;130;111;95m▄[38;2;69;86;99m[48;2;120;102;87m▄[38;2;165;151;136m[48;2;100;87;74m▄[38;2;181;157;133m[48;2;95;83;71m▄[38;2;172;150;130m[48;2;111;95;82m▄[38;2;160;139;119m[48;2;150;130;111m▄[38;2;175;153;131m[48;2;182;160;136m▄[38;2;193;169;145m[48;2;189;166;142m▄[38;2;164;143;122m[48;2;183;160;137m▄[38;2;134;116;100m[48;2;170;149;128m▄[38;2;110;101;91m[48;2;142;123;105m▄[38;2;56;67;76m[48;2;116;99;82m▄[38;2;99;92;85m[48;2;101;88;74m▄[38;2;95;82;71m[48;2;44;39;37m▄[38;2;0;0;0m[48;2;0;0;0m▄[38;2;0;0;0m[48;2;0;0;0m▄[38;2;0;0;0m[48;2;0;0;0m▄[38;2;0;0;0m[48;2;0;0;0m▄[38;2;0;0;0m[48;2;0;0;0m▄[38;2;0;0;0m[48;2;0;0;0m▄[38;2;0;0;0m[48;2;0;0;0m▄[38;2;0;0;0m[48;2;0;0;0m▄[38;2;0;0;0m[48;2;0;0;0m▄[38;2;0;0;0m[48;2;0;0;0m▄[0m
[38;2;0;0;0m[48;2;0;0;0m▄[38;2;0;0;0m[48;2;0;0;0m▄[38;2;0;0;0m[48;2;0;0;0m▄[38;2;0;0;0m[48;2;0;0;0m▄[38;2;0;0;0m[48;2;0;0;0m▄[38;2;0;0;0m[48;2;0;0;0m▄[38;2;0;0;0m[48;2;0;0;0m▄[38;2;0;0;0m[48;2;0;0;0m▄[38;2;0;0;0m[48;2;0;0;0m▄[38;2;0;0;0m[48;2;0;0;0m▄[38;2;126;112;98m[48;2;103;92;81m▄[38;2;182;159;136m[48;2;203;179;152m▄[38;2;169;147;126m[48;2;186;163;138m▄[38;2;161;141;120m[48;2;179;156;132m▄[38;2;153;134;115m[48;2;171;149;127m▄[38;2;150;131;111m[48;2;165;144;123m▄[38;2;149;130;110m[48;2;162;141;121m▄[38;2;150;131;112m[48;2;161;140;121m▄[38;2;151;132;112m[48;2;161;140;121m▄[38;2;150;131;112m[48;2;160;139;119m▄[38;2;145;127;108m[48;2;156;136;116m▄[38;2;140;122;105m[48;2;151;131;113m▄[38;2;137;120;103m[48;2;146;127;110m▄[38;2;135;119;102m[48;2;143;124;107m▄[38;2;133;117;100m[48;2;139;122;104m▄[38;2;129;113;97m[48;2;135;118;102m▄[38;2;124;108;93m[48;2;129;113;97m▄[38;2;119;103;88m[48;2;123;107;92m▄[38;2;116;100;86m[48;2;119;103;88m▄[38;2;115;100;86m[48;2;117;101;87m▄[38;2;114;100;85m[48;2;117;102;87m▄[38;2;129;113;96m[48;2;146;127;110m▄[38;2;169;148;126m[48;2;183;161;138m▄[38;2;176;153;131m[48;2;198;172;147m▄[38;2;176;154;132m[48;2;214;186;159m▄[38;2;184;161;137m[48;2;211;185;162m▄[38;2;195;169;144m[48;2;190;170;152m▄[38;2;200;173;148m[48;2;189;172;154m▄[38;2;194;169;145m[48;2;210;184;160m▄[38;2;185;162;138m[48;2;214;186;160m▄[38;2;178;156;133m[48;2;197;172;147m▄[38;2;186;165;140m[48;2;187;164;140m▄[38;2;184;161;138m[48;2;178;155;133m▄[38;2;161;140;120m[48;2;163;143;122m▄[38;2;171;149;127m[48;2;175;153;131m▄[38;2;176;154;131m[48;2;175;153;131m▄[38;2;188;165;140m[48;2;162;145;128m▄[38;2;190;163;137m[48;2;122;121;118m▄[38;2;173;149;128m[48;2;167;151;133m▄[38;2;154;135;116m[48;2;177;155;133m▄[38;2;35;32;29m[48;2;27;24;22m▄[38;2;0;0;0m[48;2;0;0;0m▄[38;2;0;0;0m[48;2;0;0;0m▄[38;2;0;0;0m[48;2;0;0;0m▄[38;2;0;0;0m[48;2;0;0;0m▄[38;2;0;0;0m[48;2;0;0;0m▄[38;2;0;0;0m[48;2;0;0;0m▄[38;2;0;0;0m[48;2;0;0;0m▄[38;2;0;0;0m[48;2;0;0;0m▄[38;2;0;0;0m[48;2;0;0;0m▄[0m
[38;2;0;0;0m[48;2;0;0;0m▄[38;2;0;0;0m[48;2;0;0;0m▄[38;2;0;0;0m[48;2;0;0;0m▄[38;2;0;0;0m[48;2;0;0;0m▄[38;2;0;0;0m[48;2;0;0;0m▄[38;2;0;0;0m[48;2;0;0;0m▄[38;2;0;0;0m[48;2;0;0;0m▄[38;2;0;0;0m[48;2;0;0;0m▄[38;2;0;0;0m[48;2;0;0;0m▄[38;2;0;0;0m[48;2;0;0;0m▄[38;2;84;75;66m[48;2;117;103;91m▄[38;2;145;126;109m[48;2;162;140;121m▄[38;2;134;117;101m[48;2;150;131;112m▄[38;2;130;113;97m[48;2;144;126;108m▄[38;2;127;111;95m[48;2;139;121;105m▄[38;2;126;109;94m[48;2;136;119;101m▄[38;2;125;109;93m[48;2;135;118;101m▄[38;2;125;109;93m[48;2;137;119;102m▄[38;2;127;111;95m[48;2;139;122;105m▄[38;2;127;111;96m[48;2;138;122;105m▄[38;2;123;107;92m[48;2;133;116;99m▄[38;2;119;104;89m[48;2;129;113;96m▄[38;2;119;103;89m[48;2;128;112;96m▄[38;2;118;103;88m[48;2;127;111;95m▄[38;2;117;101;87m[48;2;125;109;93m▄[38;2;115;99;85m[48;2;123;106;91m▄[38;2;110;96;83m[48;2;118;102;87m▄[38;2;108;93;81m[48;2;114;98;84m▄[38;2;111;96;83m[48;2;114;98;85m▄[38;2;115;99;86m[48;2;115;99;86m▄[38;2;117;101;87m[48;2;117;101;87m▄[38;2;120;105;89m[48;2;122;106;91m▄[38;2;132;115;99m[48;2;144;125;107m▄[38;2;149;131;113m[48;2;159;140;119m▄[38;2;155;135;117m[48;2;161;141;121m▄[38;2;158;137;117m[48;2;163;142;122m▄[38;2;159;138;119m[48;2;166;145;124m▄[38;2;160;139;119m[48;2;169;147;127m▄[38;2;159;138;119m[48;2;171;150;128m▄[38;2;159;138;119m[48;2;172;151;129m▄[38;2;160;139;120m[48;2;173;152;130m▄[38;2;174;152;131m[48;2;180;159;135m▄[38;2;188;165;141m[48;2;183;161;137m▄[38;2;185;162;138m[48;2;168;146;126m▄[38;2;179;155;132m[48;2;171;149;128m▄[38;2;180;157;134m[48;2;177;155;132m▄[38;2;154;135;117m[48;2;172;151;128m▄[38;2;136;118;102m[48;2;166;144;123m▄[38;2;125;109;94m[48;2;149;130;111m▄[38;2;40;36;34m[48;2;99;88;78m▄[38;2;0;0;0m[48;2;3;3;4m▄[38;2;0;0;0m[48;2;0;0;0m▄[38;2;0;0;0m[48;2;0;0;0m▄[38;2;0;0;0m[48;2;0;0;0m▄[38;2;0;0;0m[48;2;0;0;0m▄[38;2;0;0;0m[48;2;0;0;0m▄[38;2;0;0;0m[48;2;0;0;0m▄[38;2;0;0;0m[48;2;0;0;0m▄[38;2;0;0;0m[48;2;0;0;0m▄[38;2;0;0;0m[48;2;0;0;0m▄[0m
[38;2;0;0;0m[48;2;0;0;0m▄[38;2;0;0;0m[48;2;0;0;0m▄[38;2;0;0;0m[48;2;0;0;0m▄[38;2;0;0;0m[48;2;0;0;0m▄[38;2;0;0;0m[48;2;0;0;0m▄[38;2;0;0;0m[48;2;0;0;0m▄[38;2;0;0;0m[48;2;0;0;0m▄[38;2;0;0;0m[48;2;0;0;0m▄[38;2;0;0;0m[48;2;0;0;0m▄[38;2;0;0;0m[48;2;0;0;0m▄[38;2;4;4;6m[48;2;43;39;35m▄[38;2;97;86;76m[48;2;130;114;97m▄[38;2;121;104;90m[48;2;123;107;91m▄[38;2;116;100;85m[48;2;121;105;89m▄[38;2;115;99;84m[48;2;119;103;88m▄[38;2;114;98;83m[48;2;119;103;87m▄[38;2;114;98;85m[48;2;118;102;87m▄[38;2;113;97;84m[48;2;118;102;87m▄[38;2;110;96;83m[48;2;118;101;87m▄[38;2;108;94;81m[48;2;117;101;88m▄[38;2;104;91;79m[48;2;113;98;85m▄[38;2;102;88;77m[48;2;110;95;82m▄[38;2;102;88;77m[48;2;109;95;83m▄[38;2;102;88;77m[48;2;109;95;82m▄[38;2;102;88;77m[48;2;108;94;81m▄[38;2;101;87;76m[48;2;106;92;80m▄[38;2;100;86;74m[48;2;103;89;78m▄[38;2;100;85;74m[48;2;102;89;78m▄[38;2;103;89;78m[48;2;107;93;81m▄[38;2;107;93;81m[48;2;111;97;84m▄[38;2;111;97;84m[48;2;115;99;85m▄[38;2;115;101;87m[48;2;118;103;88m▄[38;2;122;106;90m[48;2;126;110;94m▄[38;2;141;124;106m[48;2;145;127;109m▄[38;2;156;135;116m[48;2;154;134;116m▄[38;2;157;136;117m[48;2;157;136;116m▄[38;2;158;137;118m[48;2;158;137;118m▄[38;2;157;136;118m[48;2;158;137;118m▄[38;2;162;141;121m[48;2;156;135;116m▄[38;2;169;148;127m[48;2;155;134;115m▄[38;2;136;120;103m[48;2;142;124;106m▄[38;2;98;85;73m[48;2;124;109;93m▄[38;2;96;84;72m[48;2;110;96;83m▄[38;2;119;105;90m[48;2;99;87;74m▄[38;2;145;127;108m[48;2;108;93;81m▄[38;2;147;129;110m[48;2;128;111;96m▄[38;2;137;120;103m[48;2;132;115;100m▄[38;2;124;109;94m[48;2;129;113;96m▄[38;2;42;37;34m[48;2;91;81;71m▄[38;2;0;0;0m[48;2;2;2;3m▄[38;2;0;0;0m[48;2;0;0;0m▄[38;2;0;0;0m[48;2;0;0;0m▄[38;2;0;0;0m[48;2;0;0;0m▄[38;2;0;0;0m[48;2;0;0;0m▄[38;2;0;0;0m[48;2;0;0;0m▄[38;2;0;0;0m[48;2;0;0;0m▄[38;2;0;0;0m[48;2;0;0;0m▄[38;2;0;0;0m[48;2;0;0;0m▄[38;2;0;0;0m[48;2;0;0;0m▄[38;2;0;0;0m[48;2;0;0;0m▄[0m
[38;2;0;0;0m[48;2;0;0;0m▄[38;2;0;0;0m[48;2;0;0;0m▄[38;2;0;0;0m[48;2;0;0;0m▄[38;2;0;0;0m[48;2;0;0;0m▄[38;2;0;0;0m[48;2;0;0;0m▄[38;2;0;0;0m[48;2;0;0;0m▄[38;2;0;0;0m[48;2;0;0;0m▄[38;2;0;0;0m[48;2;0;0;0m▄[38;2;0;0;0m[48;2;0;0;0m▄[38;2;0;0;0m[48;2;0;0;0m▄[38;2;0;0;0m[48;2;0;0;0m▄[38;2;0;0;1m[48;2;39;35;33m▄[38;2;76;68;61m[48;2;116;101;87m▄[38;2;117;101;87m[48;2;115;99;85m▄[38;2;116;100;86m[48;2;115;99;83m▄[38;2;117;101;86m[48;2;114;98;83m▄[38;2;116;100;85m[48;2;112;97;84m▄[38;2;113;98;84m[48;2;110;96;83m▄[38;2;108;94;82m[48;2;107;93;81m▄[38;2;103;89;77m[48;2;103;89;78m▄[38;2;97;85;72m[48;2;98;86;74m▄[38;2;89;78;67m[48;2;93;82;71m▄[38;2;84;74;64m[48;2;91;81;70m▄[38;2;84;74;64m[48;2;94;82;71m▄[38;2;84;74;63m[48;2;95;84;72m▄[38;2;84;75;64m[48;2;97;85;73m▄[38;2;87;78;67m[48;2;97;86;74m▄[38;2;90;81;70m[48;2;97;85;73m▄[38;2;94;83;71m[48;2;99;86;74m▄[38;2;99;86;74m[48;2;103;89;78m▄[38;2;103;88;77m[48;2;107;93;81m▄[38;2;106;92;80m[48;2;112;97;84m▄[38;2;111;96;84m[48;2;118;102;87m▄[38;2;116;101;87m[48;2;130;114;97m▄[38;2;130;114;96m[48;2;149;131;111m▄[38;2;143;126;106m[48;2;153;134;114m▄[38;2;149;131;111m[48;2;153;134;114m▄[38;2;155;135;115m[48;2;152;134;113m▄[38;2;160;140;120m[48;2;144;126;108m▄[38;2;146;127;109m[48;2;133;116;99m▄[38;2;115;101;87m[48;2;126;110;94m▄[38;2;106;93;80m[48;2;117;102;88m▄[38;2;113;99;84m[48;2;119;103;89m▄[38;2;129;114;96m[48;2;137;120;103m▄[38;2;157;138;118m[48;2;124;109;93m▄[38;2;150;131;112m[48;2;120;105;89m▄[38;2;91;81;72m[48;2;126;110;94m▄[38;2;13;12;12m[48;2;87;77;68m▄[38;2;0;0;0m[48;2;3;3;3m▄[38;2;0;0;0m[48;2;0;0;0m▄[38;2;0;0;0m[48;2;0;0;0m▄[38;2;0;0;0m[48;2;0;0;0m▄[38;2;0;0;0m[48;2;0;0;0m▄[38;2;0;0;0m[48;2;0;0;0m▄[38;2;0;0;0m[48;2;0;0;0m▄[38;2;0;0;0m[48;2;0;0;0m▄[38;2;0;0;0m[48;2;0;0;0m▄[38;2;0;0;0m[48;2;0;0;0m▄[38;2;0;0;0m[48;2;0;0;0m▄[38;2;0;0;0m[48;2;0;0;0m▄[0m
[38;2;0;0;0m[48;2;0;0;0m▄[38;2;0;0;0m[48;2;0;0;0m▄[38;2;0;0;0m[48;2;0;0;0m▄[38;2;0;0;0m[48;2;0;0;0m▄[38;2;0;0;0m[48;2;0;0;0m▄[38;2;0;0;0m[48;2;0;0;0m▄[38;2;0;0;0m[48;2;0;0;0m▄[38;2;0;0;0m[48;2;0;0;0m▄[38;2;0;0;0m[48;2;0;0;0m▄[38;2;0;0;0m[48;2;0;0;0m▄[38;2;0;0;0m[48;2;0;0;0m▄[38;2;0;0;0m[48;2;0;0;0m▄[38;2;0;0;0m[48;2;16;16;16m▄[38;2;55;50;45m[48;2;102;91;79m▄[38;2;123;107;91m[48;2;118;102;88m▄[38;2;125;109;93m[48;2;121;105;90m▄[38;2;127;111;96m[48;2;121;105;90m▄[38;2;127;111;95m[48;2;120;104;89m▄[38;2;124;108;92m[48;2;115;100;86m▄[38;2;119;103;88m[48;2;108;94;81m▄[38;2;110;95;82m[48;2;100;87;75m▄[38;2;99;87;75m[48;2;90;79;68m▄[38;2;87;76;66m[48;2;81;72;62m▄[38;2;84;74;64m[48;2;83;73;63m▄[38;2;88;78;68m[48;2;84;74;64m▄[38;2;87;78;67m[48;2;79;69;59m▄[38;2;81;71;62m[48;2;75;65;55m▄[38;2;72;62;53m[48;2;75;65;56m▄[38;2;63;54;46m[48;2;81;71;62m▄[38;2;61;53;46m[48;2;89;78;67m▄[38;2;67;58;50m[48;2;95;83;72m▄[38;2;76;66;57m[48;2;98;86;75m▄[38;2;84;74;64m[48;2;101;88;77m▄[38;2;92;80;69m[48;2;105;91;80m▄[38;2;98;85;73m[48;2;110;95;82m▄[38;2;104;91;78m[48;2;122;106;91m▄[38;2;115;99;85m[48;2;136;119;102m▄[38;2;126;109;93m[48;2;147;130;110m▄[38;2;139;121;104m[48;2;163;142;121m▄[38;2;158;138;118m[48;2;182;159;136m▄[38;2;177;156;133m[48;2;189;166;141m▄[38;2;186;163;139m[48;2;192;167;143m▄[38;2;179;156;134m[48;2;203;178;153m▄[38;2;185;161;138m[48;2;205;179;153m▄[38;2;97;87;76m[48;2;176;154;131m▄[38;2;0;0;0m[48;2;81;73;64m▄[38;2;0;0;0m[48;2;6;7;8m▄[38;2;0;0;0m[48;2;0;0;0m▄[38;2;0;0;0m[48;2;0;0;0m▄[38;2;0;0;0m[48;2;0;0;0m▄[38;2;0;0;0m[48;2;0;0;0m▄[38;2;0;0;0m[48;2;0;0;0m▄[38;2;0;0;0m[48;2;0;0;0m▄[38;2;0;0;0m[48;2;0;0;0m▄[38;2;0;0;0m[48;2;0;0;0m▄[38;2;0;0;0m[48;2;0;0;0m▄[38;2;0;0;0m[48;2;0;0;0m▄[38;2;0;0;0m[48;2;0;0;0m▄[38;2;0;0;0m[48;2;0;0;0m▄[38;2;0;0;0m[48;2;0;0;0m▄[0m
[38;2;0;0;0m[48;2;0;0;0m▄[38;2;0;0;0m[48;2;0;0;0m▄[38;2;0;0;0m[48;2;0;0;0m▄[38;2;0;0;0m[48;2;0;0;0m▄[38;2;0;0;0m[48;2;0;0;0m▄[38;2;0;0;0m[48;2;0;0;0m▄[38;2;0;0;0m[48;2;0;0;0m▄[38;2;0;0;0m[48;2;0;0;0m▄[38;2;0;0;0m[48;2;0;0;0m▄[38;2;0;0;0m[48;2;0;0;0m▄[38;2;0;0;0m[48;2;0;0;0m▄[38;2;0;0;0m[48;2;0;0;0m▄[38;2;0;0;0m[48;2;0;0;0m▄[38;2;0;0;0m[48;2;10;10;10m▄[38;2;89;80;70m[48;2;112;99;85m▄[38;2;139;122;104m[48;2;132;116;99m▄[38;2;139;122;104m[48;2;135;118;102m▄[38;2;139;122;104m[48;2;135;118;102m▄[38;2;138;121;103m[48;2;133;117;100m▄[38;2;135;118;101m[48;2;130;113;97m▄[38;2;130;114;97m[48;2;122;107;91m▄[38;2;123;108;92m[48;2;113;99;84m▄[38;2;113;98;86m[48;2;101;88;76m▄[38;2;103;89;76m[48;2;92;81;69m▄[38;2;105;91;79m[48;2;96;84;72m▄[38;2;108;94;82m[48;2;97;86;74m▄[38;2;108;94;82m[48;2;95;84;73m▄[38;2;106;92;79m[48;2;89;79;67m▄[38;2;101;88;76m[48;2;79;70;60m▄[38;2;95;83;71m[48;2;65;57;49m▄[38;2;89;78;66m[48;2;52;45;38m▄[38;2;81;71;61m[48;2;43;38;32m▄[38;2;70;62;53m[48;2;41;36;30m▄[38;2;60;53;45m[48;2;45;40;34m▄[38;2;54;47;39m[48;2;56;50;43m▄[38;2;45;39;33m[48;2;69;62;53m▄[38;2;38;35;30m[48;2;83;73;62m▄[38;2;26;25;24m[48;2;98;85;73m▄[38;2;34;31;28m[48;2;110;96;83m▄[38;2;41;37;33m[48;2;126;110;94m▄[38;2;35;32;29m[48;2;143;125;107m▄[38;2;23;21;19m[48;2;140;123;105m▄[38;2;15;15;14m[48;2;129;113;96m▄[38;2;0;0;1m[48;2;117;105;91m▄[38;2;0;0;0m[48;2;15;15;14m▄[38;2;0;0;0m[48;2;0;0;0m▄[38;2;0;0;0m[48;2;0;0;0m▄[38;2;0;0;0m[48;2;0;0;0m▄[38;2;0;0;0m[48;2;0;0;0m▄[38;2;0;0;0m[48;2;0;0;0m▄[38;2;0;0;0m[48;2;0;0;0m▄[38;2;0;0;0m[48;2;0;0;0m▄[38;2;0;0;0m[48;2;0;0;0m▄[38;2;0;0;0m[48;2;0;0;0m▄[38;2;0;0;0m[48;2;0;0;0m▄[38;2;0;0;0m[48;2;0;0;0m▄[38;2;0;0;0m[48;2;0;0;0m▄[38;2;0;0;0m[48;2;0;0;0m▄[38;2;0;0;0m[48;2;0;0;0m▄[38;2;0;0;0m[48;2;0;0;0m▄[0m
[38;2;0;0;0m[48;2;0;0;0m▄[38;2;0;0;0m[48;2;0;0;0m▄[38;2;0;0;0m[48;2;0;0;0m▄[38;2;0;0;0m[48;2;0;0;0m▄[38;2;0;0;0m[48;2;0;0;0m▄[38;2;0;0;0m[48;2;0;0;0m▄[38;2;0;0;0m[48;2;0;0;0m▄[38;2;0;0;0m[48;2;0;0;0m▄[38;2;0;0;0m[48;2;0;0;0m▄[38;2;0;0;0m[48;2;0;0;0m▄[38;2;0;0;0m[48;2;0;0;0m▄[38;2;0;0;0m[48;2;0;0;0m▄[38;2;0;0;0m[48;2;0;0;0m▄[38;2;0;0;0m[48;2;0;0;0m▄[38;2;85;75;66m[48;2;79;71;63m▄[38;2;142;124;107m[48;2;141;123;106m▄[38;2;139;123;105m[48;2;139;122;104m▄[38;2;140;123;105m[48;2;139;122;104m▄[38;2;139;122;104m[48;2;138;121;103m▄[38;2;138;120;103m[48;2;136;119;101m▄[38;2;135;118;101m[48;2;133;116;100m▄[38;2;130;114;98m[48;2;127;111;95m▄[38;2;123;107;92m[48;2;119;103;89m▄[38;2;116;99;85m[48;2;110;95;82m▄[38;2;115;99;84m[48;2;111;96;83m▄[38;2;118;102;87m[48;2;114;100;85m▄[38;2;119;103;88m[48;2;115;101;86m▄[38;2;118;102;87m[48;2;115;100;86m▄[38;2;116;100;86m[48;2;112;98;85m▄[38;2;111;97;84m[48;2;109;95;82m▄[38;2;106;92;80m[48;2;106;91;79m▄[38;2;99;88;76m[48;2;101;89;76m▄[38;2;89;80;69m[48;2;94;83;72m▄[38;2;74;65;56m[48;2;86;75;66m▄[38;2;77;66;56m[48;2;69;60;53m▄[38;2;99;87;75m[48;2;60;52;45m▄[38;2;22;20;19m[48;2;38;35;33m▄[38;2;0;0;0m[48;2;0;0;0m▄[38;2;0;0;0m[48;2;0;0;0m▄[38;2;0;0;0m[48;2;0;0;0m▄[38;2;0;0;0m[48;2;0;0;0m▄[38;2;0;0;0m[48;2;0;0;0m▄[38;2;0;0;0m[48;2;0;0;0m▄[38;2;0;0;0m[48;2;0;0;0m▄[38;2;0;0;0m[48;2;0;0;0m▄[38;2;0;0;0m[48;2;0;0;0m▄[38;2;0;0;0m[48;2;0;0;0m▄[38;2;0;0;0m[48;2;0;0;0m▄[38;2;0;0;0m[48;2;0;0;0m▄[38;2;0;0;0m[48;2;0;0;0m▄[38;2;0;0;0m[48;2;0;0;0m▄[38;2;0;0;0m[48;2;0;0;0m▄[38;2;0;0;0m[48;2;0;0;0m▄[38;2;0;0;0m[48;2;0;0;0m▄[38;2;0;0;0m[48;2;0;0;0m▄[38;2;0;0;0m[48;2;0;0;0m▄[38;2;0;0;0m[48;2;0;0;0m▄[38;2;0;0;0m[48;2;0;0;0m▄[38;2;0;0;0m[48;2;0;0;0m▄[38;2;0;0;0m[48;2;0;0;0m▄[0m
[38;2;0;0;0m[48;2;0;0;0m▄[38;2;0;0;0m[48;2;0;0;0m▄[38;2;0;0;0m[48;2;0;0;0m▄[38;2;0;0;0m[48;2;0;0;0m▄[38;2;0;0;0m[48;2;0;0;0m▄[38;2;0;0;0m[48;2;0;0;0m▄[38;2;0;0;0m[48;2;0;0;0m▄[38;2;0;0;0m[48;2;0;0;0m▄[38;2;0;0;0m[48;2;0;0;0m▄[38;2;0;0;0m[48;2;0;0;0m▄[38;2;0;0;0m[48;2;0;0;0m▄[38;2;0;0;0m[48;2;0;0;0m▄[38;2;0;0;0m[48;2;0;0;0m▄[38;2;33;30;28m[48;2;0;0;0m▄[38;2;145;128;111m[48;2;106;93;82m▄[38;2;154;134;116m[48;2;144;126;109m▄[38;2;158;137;117m[48;2;145;128;108m▄[38;2;160;139;119m[48;2;147;129;111m▄[38;2;160;139;120m[48;2;147;128;111m▄[38;2;160;139;120m[48;2;145;127;110m▄[38;2;159;138;119m[48;2;143;125;108m▄[38;2;158;137;117m[48;2;140;122;105m▄[38;2;155;135;116m[48;2;135;118;102m▄[38;2;151;131;113m[48;2;128;112;96m▄[38;2;147;128;110m[48;2;122;106;91m▄[38;2;146;127;109m[48;2;122;107;91m▄[38;2;144;126;108m[48;2;124;108;93m▄[38;2;135;119;102m[48;2;123;107;92m▄[38;2;125;109;93m[48;2;120;104;89m▄[38;2;118;102;89m[48;2;114;100;85m▄[38;2;108;94;82m[48;2;109;94;83m▄[38;2;104;90;78m[48;2;100;87;76m▄[38;2;142;123;105m[48;2;87;76;65m▄[38;2;177;154;133m[48;2;106;92;79m▄[38;2;169;148;127m[48;2;144;125;107m▄[38;2;151;133;115m[48;2;125;110;95m▄[38;2;46;42;38m[48;2;10;9;9m▄[38;2;0;0;0m[48;2;0;0;0m▄[38;2;0;0;0m[48;2;0;0;0m▄[38;2;0;0;0m[48;2;0;0;0m▄[38;2;0;0;0m[48;2;0;0;0m▄[38;2;0;0;0m[48;2;0;0;0m▄[38;2;0;0;0m[48;2;0;0;0m▄[38;2;0;0;0m[48;2;0;0;0m▄[38;2;0;0;0m[48;2;0;0;0m▄[38;2;0;0;0m[48;2;0;0;0m▄[38;2;0;0;0m[48;2;0;0;0m▄[38;2;0;0;0m[48;2;0;0;0m▄[38;2;0;0;0m[48;2;0;0;0m▄[38;2;0;0;0m[48;2;0;0;0m▄[38;2;0;0;0m[48;2;0;0;0m▄[38;2;0;0;0m[48;2;0;0;0m▄[38;2;0;0;0m[48;2;0;0;0m▄[38;2;0;0;0m[48;2;0;0;0m▄[38;2;0;0;0m[48;2;0;0;0m▄[38;2;0;0;0m[48;2;0;0;0m▄[38;2;0;0;0m[48;2;0;0;0m▄[38;2;0;0;0m[48;2;0;0;0m▄[38;2;0;0;0m[48;2;0;0;0m▄[38;2;0;0;0m[48;2;0;0;0m▄[0m
[38;2;0;0;0m[48;2;0;0;0m▄[38;2;0;0;0m[48;2;0;0;0m▄[38;2;0;0;0m[48;2;0;0;0m▄[38;2;0;0;0m[48;2;0;0;0m▄[38;2;0;0;0m[48;2;0;0;0m▄[38;2;0;0;0m[48;2;0;0;0m▄[38;2;0;0;0m[48;2;0;0;0m▄[38;2;0;0;0m[48;2;0;0;0m▄[38;2;0;0;0m[48;2;0;0;0m▄[38;2;0;0;0m[48;2;0;0;0m▄[38;2;0;0;0m[48;2;0;0;0m▄[38;2;0;0;0m[48;2;0;0;0m▄[38;2;1;1;1m[48;2;1;1;1m▄[38;2;74;67;60m[48;2;107;95;84m▄[38;2;125;110;94m[48;2;167;146;124m▄[38;2;143;125;107m[48;2;167;145;125m▄[38;2;154;134;115m[48;2;170;149;127m▄[38;2;162;141;121m[48;2;173;151;129m▄[38;2;167;146;124m[48;2;174;152;130m▄[38;2;171;149;127m[48;2;175;152;129m▄[38;2;173;151;129m[48;2;175;152;129m▄[38;2;174;152;129m[48;2;174;152;129m▄[38;2;174;152;130m[48;2;173;151;129m▄[38;2;173;151;130m[48;2;172;149;128m▄[38;2;174;152;130m[48;2;171;149;128m▄[38;2;176;154;132m[48;2;174;152;130m▄[38;2;179;156;134m[48;2;172;149;128m▄[38;2;177;154;133m[48;2;155;135;116m▄[38;2;172;150;129m[48;2;132;115;99m▄[38;2;178;156;134m[48;2;118;102;88m▄[38;2;198;173;148m[48;2;122;106;92m▄[38;2;209;182;156m[48;2;166;145;124m▄[38;2;203;177;151m[48;2;200;175;149m▄[38;2;197;172;146m[48;2;191;167;142m▄[38;2;187;163;140m[48;2;180;158;134m▄[38;2;172;150;130m[48;2;172;150;129m▄[38;2;135;119;105m[48;2;126;112;96m▄[38;2;20;18;18m[48;2;9;9;9m▄[38;2;0;0;0m[48;2;0;0;0m▄[38;2;0;0;0m[48;2;0;0;0m▄[38;2;0;0;0m[48;2;0;0;0m▄[38;2;0;0;0m[48;2;0;0;0m▄[38;2;0;0;0m[48;2;0;0;0m▄[38;2;0;0;0m[48;2;0;0;0m▄[38;2;0;0;0m[48;2;0;0;0m▄[38;2;0;0;0m[48;2;0;0;0m▄[38;2;0;0;0m[48;2;0;0;0m▄[38;2;0;0;0m[48;2;0;0;0m▄[38;2;0;0;0m[48;2;0;0;0m▄[38;2;0;0;0m[48;2;0;0;0m▄[38;2;0;0;0m[48;2;0;0;0m▄[38;2;0;0;0m[48;2;0;0;0m▄[38;2;0;0;0m[48;2;0;0;0m▄[38;2;0;0;0m[48;2;0;0;0m▄[38;2;0;0;0m[48;2;0;0;0m▄[38;2;0;0;0m[48;2;0;0;0m▄[38;2;0;0;0m[48;2;0;0;0m▄[38;2;0;0;0m[48;2;0;0;0m▄[38;2;0;0;0m[48;2;0;0;0m▄[38;2;0;0;0m[48;2;0;0;0m▄[0m
[38;2;0;0;0m[48;2;0;0;0m▄[38;2;0;0;0m[48;2;0;0;0m▄[38;2;0;0;0m[48;2;0;0;0m▄[38;2;0;0;0m[48;2;0;0;0m▄[38;2;0;0;0m[48;2;0;0;0m▄[38;2;0;0;0m[48;2;0;0;0m▄[38;2;0;0;0m[48;2;0;0;0m▄[38;2;0;0;0m[48;2;0;0;0m▄[38;2;0;0;0m[48;2;0;0;0m▄[38;2;0;0;0m[48;2;0;0;0m▄[38;2;0;0;0m[48;2;0;0;0m▄[38;2;0;0;0m[48;2;0;0;0m▄[38;2;0;0;0m[48;2;0;0;0m▄[38;2;0;0;0m[48;2;0;0;0m▄[38;2;0;0;0m[48;2;13;14;14m▄[38;2;0;0;0m[48;2;35;32;29m▄[38;2;0;0;0m[48;2;53;47;42m▄[38;2;0;0;0m[48;2;67;60;52m▄[38;2;0;0;0m[48;2;80;71;61m▄[38;2;1;3;4m[48;2;91;81;70m▄[38;2;5;6;6m[48;2;101;89;77m▄[38;2;10;10;9m[48;2;109;95;81m▄[38;2;13;12;12m[48;2;114;100;85m▄[38;2;17;15;14m[48;2;118;103;89m▄[38;2;20;18;17m[48;2;121;106;91m▄[38;2;21;19;17m[48;2;127;111;95m▄[38;2;21;19;17m[48;2;140;122;105m▄[38;2;20;18;16m[48;2;151;132;114m▄[38;2;18;16;16m[48;2;155;136;117m▄[38;2;15;14;13m[48;2;155;136;116m▄[38;2;11;10;10m[48;2;149;130;112m▄[38;2;6;6;8m[48;2;140;123;106m▄[38;2;0;2;3m[48;2;129;114;99m▄[38;2;0;0;0m[48;2;114;100;87m▄[38;2;0;0;0m[48;2;89;79;69m▄[38;2;0;0;0m[48;2;58;52;45m▄[38;2;0;0;0m[48;2;18;17;16m▄[38;2;0;0;0m[48;2;0;0;0m▄[38;2;0;0;0m[48;2;0;0;0m▄[38;2;0;0;0m[48;2;0;0;0m▄[38;2;0;0;0m[48;2;0;0;0m▄[38;2;0;0;0m[48;2;0;0;0m▄[38;2;0;0;0m[48;2;0;0;0m▄[38;2;0;0;0m[48;2;0;0;0m▄[38;2;0;0;0m[48;2;0;0;0m▄[38;2;0;0;0m[48;2;0;0;0m▄[38;2;0;0;0m[48;2;0;0;0m▄[38;2;0;0;0m[48;2;0;0;0m▄[38;2;0;0;0m[48;2;0;0;0m▄[38;2;0;0;0m[48;2;0;0;0m▄[38;2;0;0;0m[48;2;0;0;0m▄[38;2;0;0;0m[48;2;0;0;0m▄[38;2;0;0;0m[48;2;0;0;0m▄[38;2;0;0;0m[48;2;0;0;0m▄[38;2;0;0;0m[48;2;0;0;0m▄[38;2;0;0;0m[48;2;0;0;0m▄[38;2;0;0;0m[48;2;0;0;0m▄[38;2;0;0;0m[48;2;0;0;0m▄[38;2;0;0;0m[48;2;0;0;0m▄[38;2;0;0;0m[48;2;0;0;0m▄[0m
