[38;2;218;206;175m[48;2;215;204;172m▄[38;2;252;238;203m[48;2;233;222;189m▄[38;2;233;221;189m[48;2;216;204;175m▄[38;2;233;221;189m[48;2;216;204;175m▄[38;2;233;221;187m[48;2;216;204;169m▄[38;2;233;220;185m[48;2;216;202;166m▄[38;2;233;220;186m[48;2;214;200;169m▄[38;2;225;212;184m[48;2;185;173;152m▄[38;2;221;208;177m[48;2;206;195;164m▄[38;2;197;187;162m[48;2;189;175;148m▄[38;2;155;148;144m[48;2;189;173;148m▄[38;2;182;170;156m[48;2;227;206;175m▄[38;2;225;208;178m[48;2;214;195;168m▄[38;2;233;216;181m[48;2;206;191;160m▄[38;2;219;201;170m[48;2;204;189;156m▄[38;2;212;195;166m[48;2;212;197;162m▄[38;2;224;207;175m[48;2;208;193;158m▄[38;2;224;208;173m[48;2;208;193;158m▄[38;2;227;211;174m[48;2;206;191;158m▄[38;2;224;208;172m[48;2;206;191;156m▄[38;2;225;209;173m[48;2;206;191;158m▄[38;2;224;207;171m[48;2;204;191;156m▄[38;2;222;207;170m[48;2;202;189;152m▄[38;2;222;206;169m[48;2;202;189;150m▄[38;2;222;206;169m[48;2;202;189;152m▄[38;2;223;206;170m[48;2;202;189;154m▄[38;2;224;206;170m[48;2;202;187;154m▄[38;2;225;207;171m[48;2;206;189;156m▄[38;2;224;207;171m[48;2;206;191;156m▄[38;2;223;207;173m[48;2;204;189;154m▄[38;2;223;206;171m[48;2;202;187;154m▄[38;2;223;206;171m[48;2;202;187;154m▄[38;2;222;207;171m[48;2;202;187;152m▄[38;2;223;207;171m[48;2;202;187;152m▄[38;2;223;206;171m[48;2;204;189;156m▄[38;2;222;206;170m[48;2;204;189;152m▄[38;2;222;206;169m[48;2;200;189;150m▄[38;2;223;206;170m[48;2;202;187;152m▄[38;2;222;206;171m[48;2;200;187;152m▄[38;2;221;205;169m[48;2;200;187;150m▄[38;2;220;205;168m[48;2;198;187;150m▄[38;2;219;203;167m[48;2;198;185;150m▄[38;2;220;203;166m[48;2;198;185;150m▄[38;2;219;202;166m[48;2;198;185;150m▄[38;2;217;202;165m[48;2;198;185;150m▄[38;2;217;201;165m[48;2;198;185;150m▄[38;2;216;200;163m[48;2;198;183;150m▄[38;2;215;199;163m[48;2;198;183;150m▄[38;2;214;199;163m[48;2;198;183;148m▄[38;2;214;199;162m[48;2;197;181;146m▄[38;2;213;199;162m[48;2;197;179;146m▄[38;2;212;197;161m[48;2;193;179;144m▄[38;2;213;196;159m[48;2;193;179;141m▄[38;2;211;195;158m[48;2;193;179;142m▄[38;2;211;195;158m[48;2;191;177;142m▄[38;2;210;195;157m[48;2;191;177;142m▄[38;2;210;195;156m[48;2;191;177;142m▄[38;2;211;194;156m[48;2;191;177;142m▄[38;2;211;194;156m[48;2;193;177;142m▄[38;2;229;211;171m[48;2;208;193;154m▄[0m
[38;2;219;204;180m[48;2;221;206;178m▄[38;2;234;219;187m[48;2;235;220;187m▄[38;2;215;204;174m[48;2;215;204;174m▄[38;2;215;204;174m[48;2;215;204;174m▄[38;2;215;204;174m[48;2;215;204;174m▄[38;2;215;204;174m[48;2;214;203;174m▄[38;2;215;204;174m[48;2;215;203;171m▄[38;2;215;204;174m[48;2;217;205;174m▄[38;2;213;202;172m[48;2;214;203;174m▄[38;2;208;198;165m[48;2;218;208;175m▄[38;2;217;205;169m[48;2;186;176;155m▄[38;2;218;206;172m[48;2;140;135;134m▄[38;2;176;169;151m[48;2;155;151;142m▄[38;2;140;133;124m[48;2;199;187;159m▄[38;2;196;182;160m[48;2;218;204;171m▄[38;2;218;203;174m[48;2;203;188;162m▄[38;2;206;192;165m[48;2;207;193;164m▄[38;2;206;193;169m[48;2;171;163;144m▄[38;2;187;176;154m[48;2;185;174;151m▄[38;2;203;188;160m[48;2;208;194;162m▄[38;2;205;192;162m[48;2;200;187;156m▄[38;2;190;178;152m[48;2;207;192;159m▄[38;2;205;192;162m[48;2;210;194;164m▄[38;2;214;197;169m[48;2;209;192;165m▄[38;2;212;195;168m[48;2;209;191;164m▄[38;2;211;194;167m[48;2;208;191;163m▄[38;2;211;194;167m[48;2;208;191;164m▄[38;2;211;194;167m[48;2;207;191;163m▄[38;2;211;194;167m[48;2;207;191;164m▄[38;2;211;194;167m[48;2;206;191;167m▄[38;2;210;193;167m[48;2;207;192;166m▄[38;2;211;194;167m[48;2;208;192;165m▄[38;2;213;196;168m[48;2;208;193;167m▄[38;2;215;196;168m[48;2;208;193;167m▄[38;2;215;196;168m[48;2;208;192;166m▄[38;2;215;196;168m[48;2;208;192;166m▄[38;2;215;196;168m[48;2;208;192;166m▄[38;2;215;196;168m[48;2;208;192;166m▄[38;2;215;197;167m[48;2;209;193;166m▄[38;2;213;196;169m[48;2;209;192;164m▄[38;2;215;196;168m[48;2;209;192;162m▄[38;2;214;197;168m[48;2;209;193;162m▄[38;2;214;197;168m[48;2;209;193;162m▄[38;2;212;196;167m[48;2;208;193;161m▄[38;2;212;195;167m[48;2;208;191;159m▄[38;2;211;194;167m[48;2;207;191;158m▄[38;2;210;193;166m[48;2;205;189;157m▄[38;2;209;193;164m[48;2;204;189;155m▄[38;2;208;192;162m[48;2;203;187;154m▄[38;2;208;193;159m[48;2;202;187;153m▄[38;2;207;191;157m[48;2;200;185;152m▄[38;2;205;190;157m[48;2;199;184;151m▄[38;2;204;189;156m[48;2;199;184;151m▄[38;2;205;189;156m[48;2;199;184;152m▄[38;2;203;188;154m[48;2;199;185;151m▄[38;2;202;187;154m[48;2;199;184;151m▄[38;2;201;186;153m[48;2;198;184;151m▄[38;2;200;187;152m[48;2;197;184;150m▄[38;2;201;186;152m[48;2;197;184;149m▄[38;2;219;202;164m[48;2;215;199;163m▄[0m
[38;2;213;200;174m[48;2;219;206;178m▄[38;2;233;221;188m[48;2;233;220;188m▄[38;2;215;204;174m[48;2;214;204;174m▄[38;2;215;204;174m[48;2;215;204;174m▄[38;2;215;204;174m[48;2;215;204;174m▄[38;2;215;205;174m[48;2;215;203;173m▄[38;2;199;189;164m[48;2;218;207;176m▄[38;2;199;188;164m[48;2;218;207;176m▄[38;2;193;185;159m[48;2;219;207;176m▄[38;2;205;197;167m[48;2;210;198;170m▄[38;2;219;207;177m[48;2;204;193;166m▄[38;2;213;201;172m[48;2;213;202;172m▄[38;2;217;206;175m[48;2;222;210;177m▄[38;2;215;204;172m[48;2;211;199;167m▄[38;2;217;205;172m[48;2;203;189;162m▄[38;2;216;204;172m[48;2;220;207;178m▄[38;2;204;196;157m[48;2;186;178;136m▄[38;2;178;168;129m[48;2;187;181;118m▄[38;2;221;209;182m[48;2;216;204;179m▄[38;2;215;204;167m[48;2;216;202;174m▄[38;2;212;200;165m[48;2;216;203;171m▄[38;2;209;197;165m[48;2;201;193;163m▄[38;2;208;197;169m[48;2;191;182;155m▄[38;2;219;205;176m[48;2;206;193;164m▄[38;2;220;202;171m[48;2;213;199;169m▄[38;2;214;196;166m[48;2;214;199;167m▄[38;2;221;198;173m[48;2;211;195;164m▄[38;2;222;204;177m[48;2;209;192;162m▄[38;2;223;207;180m[48;2;213;196;167m▄[38;2;202;187;163m[48;2;208;193;165m▄[38;2;202;189;161m[48;2;213;197;167m▄[38;2;214;199;167m[48;2;213;196;167m▄[38;2;215;197;166m[48;2;214;197;167m▄[38;2;216;198;167m[48;2;216;197;167m▄[38;2;215;197;167m[48;2;216;197;167m▄[38;2;216;197;167m[48;2;216;197;167m▄[38;2;216;197;167m[48;2;216;197;167m▄[38;2;216;197;167m[48;2;216;197;167m▄[38;2;215;197;166m[48;2;216;197;167m▄[38;2;213;197;164m[48;2;214;197;168m▄[38;2;213;196;166m[48;2;214;197;168m▄[38;2;214;196;167m[48;2;216;197;168m▄[38;2;215;198;168m[48;2;216;197;165m▄[38;2;215;198;168m[48;2;215;197;166m▄[38;2;215;199;170m[48;2;215;197;168m▄[38;2;215;198;172m[48;2;213;197;168m▄[38;2;215;199;172m[48;2;213;196;168m▄[38;2;215;199;172m[48;2;213;196;169m▄[38;2;215;199;171m[48;2;211;195;167m▄[38;2;214;198;171m[48;2;211;195;164m▄[38;2;213;198;171m[48;2;212;195;161m▄[38;2;213;197;169m[48;2;210;195;162m▄[38;2;212;196;167m[48;2;208;194;163m▄[38;2;211;195;167m[48;2;207;192;163m▄[38;2;211;194;168m[48;2;207;191;162m▄[38;2;211;194;167m[48;2;206;191;160m▄[38;2;211;194;166m[48;2;207;191;158m▄[38;2;210;194;165m[48;2;206;191;157m▄[38;2;208;191;163m[48;2;207;191;157m▄[38;2;224;207;175m[48;2;223;206;170m▄[0m
[38;2;221;208;180m[48;2;217;206;178m▄[38;2;234;221;192m[48;2;233;220;189m▄[38;2;215;204;177m[48;2;215;204;174m▄[38;2;216;204;174m[48;2;215;204;174m▄[38;2;215;204;174m[48;2;215;204;174m▄[38;2;216;208;175m[48;2;213;204;174m▄[38;2;170;162;143m[48;2;124;114;106m▄[38;2;135;119;107m[48;2;137;124;114m▄[38;2;208;173;143m[48;2;137;125;116m▄[38;2;201;167;136m[48;2;134;122;111m▄[38;2;200;171;146m[48;2;194;184;160m▄[38;2;166;160;116m[48;2;220;208;180m▄[38;2;170;167;58m[48;2;194;183;169m▄[38;2;199;190;150m[48;2;216;205;177m▄[38;2;226;213;180m[48;2;213;203;172m▄[38;2;222;210;174m[48;2;215;206;175m▄[38;2;187;178;161m[48;2;205;195;169m▄[38;2;170;170;88m[48;2;163;158;98m▄[38;2;208;206;29m[48;2;189;177;156m▄[38;2;176;170;117m[48;2;188;178;148m▄[38;2;156;152;123m[48;2;192;183;158m▄[38;2;133;133;106m[48;2;164;155;141m▄[38;2;189;181;134m[48;2;219;209;182m▄[38;2;146;152;134m[48;2;184;182;151m▄[38;2;92;146;77m[48;2;142;157;121m▄[38;2;141;182;123m[48;2;147;162;123m▄[38;2;95;151;86m[48;2;113;150;97m▄[38;2;99;123;79m[48;2;142;144;114m▄[38;2;92;96;64m[48;2;178;160;141m▄[38;2;81;103;65m[48;2;214;197;173m▄[38;2;167;163;134m[48;2;220;205;174m▄[38;2;219;206;175m[48;2;214;199;166m▄[38;2;179;167;145m[48;2;219;204;169m▄[38;2;204;191;165m[48;2;217;202;167m▄[38;2;216;202;172m[48;2;215;199;167m▄[38;2;214;200;171m[48;2;215;199;167m▄[38;2;214;200;168m[48;2;216;199;167m▄[38;2;215;200;167m[48;2;216;199;166m▄[38;2;215;200;168m[48;2;214;198;166m▄[38;2;216;200;168m[48;2;213;198;164m▄[38;2;216;200;168m[48;2;213;196;166m▄[38;2;216;200;168m[48;2;214;197;167m▄[38;2;216;200;168m[48;2;215;199;167m▄[38;2;216;200;167m[48;2;216;200;167m▄[38;2;216;200;166m[48;2;216;200;169m▄[38;2;216;200;166m[48;2;216;200;170m▄[38;2;216;200;167m[48;2;215;200;171m▄[38;2;215;199;169m[48;2;215;200;173m▄[38;2;215;200;170m[48;2;214;202;175m▄[38;2;215;202;168m[48;2;215;203;175m▄[38;2;216;203;169m[48;2;214;203;173m▄[38;2;216;203;169m[48;2;214;202;172m▄[38;2;216;204;170m[48;2;215;201;171m▄[38;2;216;203;169m[48;2;214;200;170m▄[38;2;216;203;169m[48;2;214;199;166m▄[38;2;216;203;169m[48;2;214;198;166m▄[38;2;216;202;168m[48;2;214;198;167m▄[38;2;215;201;168m[48;2;214;197;168m▄[38;2;216;199;169m[48;2;212;195;168m▄[38;2;233;215;183m[48;2;228;211;180m▄[0m
[38;2;221;208;181m[48;2;221;210;181m▄[38;2;234;222;196m[48;2;235;223;196m▄[38;2;216;205;183m[48;2;216;207;182m▄[38;2;216;205;183m[48;2;216;204;181m▄[38;2;215;203;177m[48;2;216;203;177m▄[38;2;211;201;172m[48;2;215;204;174m▄[38;2;217;207;177m[48;2;220;210;178m▄[38;2;219;209;178m[48;2;200;188;161m▄[38;2;215;206;175m[48;2;192;170;145m▄[38;2;214;201;173m[48;2;213;180;146m▄[38;2;131;135;111m[48;2;155;140;105m▄[38;2;54;103;57m[48;2;45;92;38m▄[38;2;117;166;110m[48;2;166;170;73m▄[38;2;124;152;94m[48;2;151;152;84m▄[38;2;161;179;140m[48;2;175;166;149m▄[38;2;143;153;121m[48;2;223;205;176m▄[38;2;134;139;121m[48;2;191;178;167m▄[38;2;175;174;47m[48;2;186;182;59m▄[38;2;236;233;5m[48;2;255;255;0m▄[38;2;251;247;2m[48;2;252;252;1m▄[38;2;250;249;0m[48;2;242;240;10m▄[38;2;255;255;0m[48;2;229;230;14m▄[38;2;255;255;4m[48;2;228;226;35m▄[38;2;150;133;92m[48;2;103;99;77m▄[38;2;73;54;50m[48;2;68;72;54m▄[38;2;40;100;42m[48;2;114;150;92m▄[38;2;62;117;52m[48;2;123;176;109m▄[38;2;122;173;102m[48;2;123;167;108m▄[38;2;142;184;128m[48;2;66;137;59m▄[38;2;119;138;105m[48;2;65;137;60m▄[38;2;222;206;178m[48;2;155;153;129m▄[38;2;200;187;158m[48;2;228;213;184m▄[38;2;201;189;161m[48;2;200;188;164m▄[38;2;216;203;173m[48;2;182;169;152m▄[38;2;214;203;172m[48;2;208;195;167m▄[38;2;217;207;175m[48;2;218;204;172m▄[38;2;216;202;172m[48;2;214;201;174m▄[38;2;216;201;172m[48;2;215;200;173m▄[38;2;220;206;175m[48;2;215;201;174m▄[38;2;223;209;176m[48;2;216;201;174m▄[38;2;222;210;176m[48;2;215;201;174m▄[38;2;222;206;176m[48;2;216;200;175m▄[38;2;217;202;173m[48;2;216;200;175m▄[38;2;215;200;171m[48;2;216;200;174m▄[38;2;215;199;171m[48;2;216;199;170m▄[38;2;216;199;169m[48;2;216;200;168m▄[38;2;216;199;168m[48;2;216;199;170m▄[38;2;216;199;172m[48;2;215;199;174m▄[38;2;216;199;172m[48;2;216;199;174m▄[38;2;216;199;169m[48;2;216;199;172m▄[38;2;216;200;167m[48;2;215;201;172m▄[38;2;216;200;167m[48;2;215;202;172m▄[38;2;216;200;167m[48;2;215;203;171m▄[38;2;214;201;168m[48;2;215;204;172m▄[38;2;215;202;172m[48;2;215;204;175m▄[38;2;215;202;172m[48;2;216;204;175m▄[38;2;216;203;172m[48;2;215;204;174m▄[38;2;216;204;172m[48;2;215;204;175m▄[38;2;216;204;171m[48;2;215;204;174m▄[38;2;234;220;185m[48;2;234;220;185m▄[0m
[38;2;225;210;183m[48;2;223;208;181m▄[38;2;240;223;196m[48;2;235;223;196m▄[38;2;219;206;180m[48;2;216;208;182m▄[38;2;218;207;183m[48;2;217;209;183m▄[38;2;219;210;183m[48;2;211;203;177m▄[38;2;216;205;181m[48;2;172;164;147m▄[38;2;196;183;162m[48;2;194;184;163m▄[38;2;213;201;174m[48;2;216;204;178m▄[38;2;218;206;181m[48;2;215;204;177m▄[38;2;218;205;182m[48;2;216;205;176m▄[38;2;215;203;178m[48;2;226;213;183m▄[38;2;222;210;182m[48;2;193;188;162m▄[38;2;224;206;181m[48;2;155;143;112m▄[38;2;183;179;151m[48;2;146;115;64m▄[38;2;128;126;101m[48;2;130;147;99m▄[38;2;106;96;74m[48;2;97;113;72m▄[38;2;36;100;37m[48;2;52;118;50m▄[38;2;78;121;60m[48;2;85;112;74m▄[38;2;82;156;72m[48;2;70;114;46m▄[38;2;92;107;50m[48;2;83;94;29m▄[38;2;147;164;116m[48;2;104;133;70m▄[38;2;166;194;159m[48;2;148;160;54m▄[38;2;78;97;78m[48;2;163;164;29m▄[38;2;112;108;92m[48;2;143;122;107m▄[38;2;235;187;146m[48;2;245;132;100m▄[38;2;255;210;157m[48;2;184;158;118m▄[38;2;253;205;160m[48;2;133;122;89m▄[38;2;189;154;133m[48;2;144;157;114m▄[38;2;105;103;91m[48;2;143;165;123m▄[38;2;151;146;125m[48;2;109;112;88m▄[38;2;171;165;143m[48;2;205;193;167m▄[38;2;159;160;109m[48;2;188;178;158m▄[38;2;185;184;54m[48;2;157;150;142m▄[38;2;165;164;70m[48;2;167;159;144m▄[38;2;187;185;56m[48;2;191;183;168m▄[38;2;193;186;74m[48;2;203;195;177m▄[38;2;145;145;118m[48;2;229;215;178m▄[38;2;152;145;120m[48;2;221;206;173m▄[38;2;208;173;137m[48;2;189;178;152m▄[38;2;178;151;126m[48;2;178;167;141m▄[38;2;160;137;120m[48;2;175;163;140m▄[38;2;133;118;108m[48;2;188;175;151m▄[38;2;193;180;158m[48;2;209;196;167m▄[38;2;220;206;178m[48;2;218;203;171m▄[38;2;216;200;175m[48;2;215;200;170m▄[38;2;216;200;175m[48;2;215;200;171m▄[38;2;216;200;175m[48;2;216;200;171m▄[38;2;216;200;175m[48;2;216;200;171m▄[38;2;216;200;175m[48;2;216;199;171m▄[38;2;216;200;173m[48;2;216;200;168m▄[38;2;216;200;172m[48;2;216;200;167m▄[38;2;215;199;172m[48;2;215;200;167m▄[38;2;216;199;169m[48;2;216;200;167m▄[38;2;215;199;167m[48;2;216;200;167m▄[38;2;214;198;166m[48;2;215;199;166m▄[38;2;214;198;165m[48;2;216;200;166m▄[38;2;215;197;165m[48;2;215;200;167m▄[38;2;215;198;167m[48;2;217;202;167m▄[38;2;216;199;167m[48;2;216;202;167m▄[38;2;232;215;183m[48;2;234;219;184m▄[0m
[38;2;228;213;185m[48;2;228;211;187m▄[38;2;242;227;197m[48;2;243;226;198m▄[38;2;225;211;184m[48;2;222;207;182m▄[38;2;221;207;180m[48;2;216;201;177m▄[38;2;204;191;169m[48;2;220;206;181m▄[38;2;217;202;178m[48;2;224;209;184m▄[38;2;227;209;184m[48;2;226;211;185m▄[38;2;224;206;182m[48;2;223;208;182m▄[38;2;225;210;184m[48;2;219;207;181m▄[38;2;204;192;170m[48;2;209;199;175m▄[38;2;181;170;153m[48;2;210;198;174m▄[38;2;209;201;177m[48;2;215;206;181m▄[38;2;223;212;184m[48;2;216;208;182m▄[38;2;218;206;182m[48;2;226;213;187m▄[38;2;224;213;187m[48;2;225;210;186m▄[38;2;226;214;186m[48;2;203;189;167m▄[38;2;232;214;189m[48;2;147;155;126m▄[38;2;225;209;188m[48;2;122;126;93m▄[38;2;180;162;152m[48;2;109;118;78m▄[38;2;103;111;88m[48;2;134;143;93m▄[38;2;142;182;118m[48;2;147;178;116m▄[38;2;109;134;72m[48;2;160;168;135m▄[38;2;118;138;88m[48;2;94;102;78m▄[38;2;105;135;84m[48;2;61;85;55m▄[38;2;61;97;49m[48;2;131;120;104m▄[38;2;86;88;67m[48;2;212;178;146m▄[38;2;85;97;80m[48;2;163;144;118m▄[38;2;146;123;102m[48;2;114;136;106m▄[38;2;184;146;111m[48;2;102;159;91m▄[38;2;90;107;71m[48;2;88;137;70m▄[38;2;111;119;76m[48;2;147;161;125m▄[38;2;111;99;63m[48;2;118;111;70m▄[38;2;79;110;74m[48;2;112;130;58m▄[38;2;103;111;88m[48;2;127;156;87m▄[38;2;137;123;114m[48;2;132;152;63m▄[38;2;172;171;158m[48;2;163;177;80m▄[38;2;192;183;161m[48;2;61;87;57m▄[38;2;207;191;169m[48;2;85;100;73m▄[38;2;212;198;171m[48;2;208;180;150m▄[38;2;214;200;169m[48;2;190;169;142m▄[38;2;217;202;171m[48;2;192;174;149m▄[38;2;216;199;169m[48;2;203;188;163m▄[38;2;212;196;164m[48;2;216;201;171m▄[38;2;213;196;163m[48;2;215;199;168m▄[38;2;214;197;164m[48;2;215;200;168m▄[38;2;214;197;165m[48;2;215;199;168m▄[38;2;213;197;164m[48;2;215;199;167m▄[38;2;213;197;164m[48;2;215;199;167m▄[38;2;214;197;165m[48;2;216;200;168m▄[38;2;214;197;164m[48;2;216;200;169m▄[38;2;214;197;165m[48;2;216;200;169m▄[38;2;215;198;165m[48;2;216;200;169m▄[38;2;213;197;165m[48;2;216;200;168m▄[38;2;214;198;166m[48;2;216;200;167m▄[38;2;214;198;167m[48;2;215;198;167m▄[38;2;213;196;168m[48;2;214;196;167m▄[38;2;214;197;168m[48;2;213;196;166m▄[38;2;215;197;167m[48;2;214;197;167m▄[38;2;216;197;167m[48;2;214;197;167m▄[38;2;231;213;181m[48;2;231;213;183m▄[0m
[38;2;226;213;187m[48;2;225;215;185m▄[38;2;242;230;200m[48;2;242;230;201m▄[38;2;220;208;182m[48;2;217;205;179m▄[38;2;219;208;181m[48;2;220;209;180m▄[38;2;225;213;184m[48;2;221;210;182m▄[38;2;224;214;185m[48;2;200;189;168m▄[38;2;208;199;173m[48;2;208;197;174m▄[38;2;210;198;172m[48;2;225;210;184m▄[38;2;223;211;183m[48;2;223;208;183m▄[38;2;224;212;183m[48;2;227;212;185m▄[38;2;232;220;190m[48;2;216;202;179m▄[38;2;235;223;193m[48;2;213;202;177m▄[38;2;160;159;140m[48;2;166;165;142m▄[38;2;91;103;86m[48;2;119;131;109m▄[38;2;90;113;89m[48;2;144;150;128m▄[38;2;126;132;115m[48;2;204;198;173m▄[38;2;227;215;196m[48;2;223;213;187m▄[38;2;186;181;119m[48;2;208;198;159m▄[38;2;217;215;21m[48;2;168;162;127m▄[38;2;89;128;42m[48;2;72;76;65m▄[38;2;59;72;34m[48;2;97;81;43m▄[38;2;128;129;95m[48;2;72;93;41m▄[38;2;109;153;104m[48;2;67;150;67m▄[38;2;69;97;61m[48;2;81;126;62m▄[38;2;66;111;56m[48;2;76;99;56m▄[38;2;63;81;52m[48;2;56;60;41m▄[38;2;120;109;91m[48;2;145;136;112m▄[38;2;145;78;50m[48;2;192;103;79m▄[38;2;156;150;126m[48;2;154;80;69m▄[38;2;236;223;192m[48;2;163;162;144m▄[38;2;222;198;171m[48;2;177;157;133m▄[38;2;221;200;174m[48;2;190;173;144m▄[38;2;219;209;178m[48;2;203;191;163m▄[38;2;217;206;173m[48;2;210;196;167m▄[38;2;217;204;170m[48;2;219;207;174m▄[38;2;217;204;170m[48;2;221;206;172m▄[38;2;217;204;170m[48;2;223;206;173m▄[38;2;217;204;170m[48;2;220;204;173m▄[38;2;217;203;170m[48;2;216;201;171m▄[38;2;217;202;171m[48;2;216;199;169m▄[38;2;215;201;172m[48;2;215;197;168m▄[38;2;214;199;172m[48;2;214;196;167m▄[38;2;214;197;170m[48;2;213;195;164m▄[38;2;214;197;168m[48;2;215;196;164m▄[38;2;213;197;168m[48;2;216;196;166m▄[38;2;213;196;168m[48;2;215;197;168m▄[38;2;216;197;167m[48;2;214;197;167m▄[38;2;215;197;167m[48;2;213;196;166m▄[38;2;216;197;167m[48;2;214;197;167m▄[38;2;216;197;167m[48;2;215;197;166m▄[38;2;216;197;167m[48;2;216;196;167m▄[38;2;214;197;168m[48;2;216;197;167m▄[38;2;216;197;167m[48;2;215;196;167m▄[38;2;215;197;167m[48;2;215;197;167m▄[38;2;214;197;168m[48;2;214;197;168m▄[38;2;214;197;168m[48;2;212;195;167m▄[38;2;214;197;165m[48;2;212;196;164m▄[38;2;213;196;165m[48;2;213;196;164m▄[38;2;213;197;168m[48;2;215;196;168m▄[38;2;231;213;181m[48;2;230;212;181m▄[0m
[38;2;226;215;196m[48;2;228;213;191m▄[38;2;241;229;207m[48;2;242;228;202m▄[38;2;223;213;189m[48;2;223;212;186m▄[38;2;223;213;190m[48;2;223;211;188m▄[38;2;223;213;189m[48;2;222;211;187m▄[38;2;224;213;191m[48;2;222;211;186m▄[38;2;220;210;189m[48;2;227;215;189m▄[38;2;219;209;188m[48;2;224;212;188m▄[38;2;231;220;196m[48;2;222;211;187m▄[38;2;222;213;191m[48;2;218;208;183m▄[38;2;148;146;136m[48;2;179;171;152m▄[38;2;113;109;107m[48;2;219;208;178m▄[38;2;185;176;160m[48;2;233;223;189m▄[38;2;240;228;200m[48;2;190;184;160m▄[38;2;236;223;197m[48;2;175;172;149m▄[38;2;219;207;185m[48;2;158;151;135m▄[38;2;223;211;186m[48;2;223;211;188m▄[38;2;214;202;178m[48;2;182;177;137m▄[38;2;99;116;68m[48;2;203;199;35m▄[38;2;104;149;98m[48;2;117;163;95m▄[38;2;162;149;103m[48;2;122;131;89m▄[38;2;111;94;65m[48;2;163;145;122m▄[38;2;108;101;75m[48;2;155;171;140m▄[38;2;104;133;76m[48;2;101;124;79m▄[38;2;75;130;66m[48;2;92;138;76m▄[38;2;110;142;96m[48;2;75;126;72m▄[38;2;148;160;132m[48;2;121;144;103m▄[38;2;191;181;163m[48;2;113;102;86m▄[38;2;231;214;186m[48;2;216;201;177m▄[38;2;222;207;181m[48;2;222;209;181m▄[38;2;223;206;182m[48;2;219;206;180m▄[38;2;221;206;181m[48;2;217;205;179m▄[38;2;219;207;181m[48;2;216;204;177m▄[38;2;218;207;182m[48;2;217;204;176m▄[38;2;217;207;180m[48;2;215;204;175m▄[38;2;216;207;179m[48;2;215;204;173m▄[38;2;216;205;178m[48;2;215;204;171m▄[38;2;216;204;176m[48;2;215;204;171m▄[38;2;215;204;177m[48;2;215;204;173m▄[38;2;216;203;174m[48;2;215;204;174m▄[38;2;215;204;173m[48;2;215;204;175m▄[38;2;216;202;173m[48;2;216;203;175m▄[38;2;216;203;172m[48;2;216;202;174m▄[38;2;216;203;171m[48;2;215;200;173m▄[38;2;216;202;169m[48;2;215;199;172m▄[38;2;215;202;168m[48;2;215;198;171m▄[38;2;215;201;169m[48;2;216;197;170m▄[38;2;215;199;169m[48;2;214;196;169m▄[38;2;213;198;168m[48;2;213;196;167m▄[38;2;212;197;169m[48;2;214;197;167m▄[38;2;211;196;169m[48;2;214;197;167m▄[38;2;212;196;168m[48;2;214;197;167m▄[38;2;214;196;168m[48;2;216;197;167m▄[38;2;214;196;166m[48;2;216;197;167m▄[38;2;215;196;166m[48;2;216;197;167m▄[38;2;216;197;167m[48;2;216;197;167m▄[38;2;216;197;167m[48;2;216;197;167m▄[38;2;215;197;168m[48;2;216;197;167m▄[38;2;212;196;167m[48;2;214;197;167m▄[38;2;227;211;179m[48;2;229;212;180m▄[0m
[38;2;226;221;200m[48;2;226;217;198m▄[38;2;243;237;208m[48;2;241;234;207m▄[38;2;215;210;182m[48;2;221;215;188m▄[38;2;207;202;178m[48;2;216;210;184m▄[38;2;214;208;185m[48;2;220;213;188m▄[38;2;225;219;192m[48;2;228;221;194m▄[38;2;205;200;176m[48;2;168;161;151m▄[38;2;162;158;148m[48;2;111;107;108m▄[38;2;165;160;156m[48;2;190;184;166m▄[38;2;191;185;172m[48;2;235;227;198m▄[38;2;212;206;181m[48;2;233;227;197m▄[38;2;234;228;197m[48;2;171;166;155m▄[38;2;223;217;191m[48;2;158;156;154m▄[38;2;172;169;153m[48;2;158;153;145m▄[38;2;169;162;148m[48;2;221;210;190m▄[38;2;225;214;190m[48;2;228;216;193m▄[38;2;226;216;192m[48;2;225;213;190m▄[38;2;224;214;192m[48;2;229;215;197m▄[38;2;117;108;95m[48;2;120;134;114m▄[38;2;73;86;65m[48;2;52;92;50m▄[38;2;84;93;79m[48;2;70;115;53m▄[38;2;119;148;111m[48;2;120;148;84m▄[38;2;54;108;50m[48;2;81;142;63m▄[38;2;49;84;46m[48;2;81;156;74m▄[38;2;144;152;128m[48;2;115;161;94m▄[38;2;143;150;123m[48;2;96;117;69m▄[38;2;179;168;153m[48;2;99;103;82m▄[38;2;233;219;192m[48;2;233;216;192m▄[38;2;223;211;183m[48;2;224;209;182m▄[38;2;224;211;182m[48;2;225;208;182m▄[38;2;224;210;182m[48;2;225;207;182m▄[38;2;224;209;182m[48;2;224;206;182m▄[38;2;225;209;183m[48;2;224;207;181m▄[38;2;225;210;183m[48;2;223;207;182m▄[38;2;224;209;182m[48;2;221;208;182m▄[38;2;223;208;181m[48;2;218;207;183m▄[38;2;223;207;181m[48;2;218;206;182m▄[38;2;223;207;181m[48;2;217;206;182m▄[38;2;222;207;182m[48;2;217;205;183m▄[38;2;222;206;182m[48;2;217;204;180m▄[38;2;220;206;183m[48;2;215;203;179m▄[38;2;217;204;181m[48;2;216;203;177m▄[38;2;217;204;181m[48;2;216;203;176m▄[38;2;217;204;181m[48;2;214;203;175m▄[38;2;215;203;179m[48;2;214;203;174m▄[38;2;215;203;178m[48;2;214;204;173m▄[38;2;215;204;177m[48;2;214;204;173m▄[38;2;215;204;175m[48;2;215;204;173m▄[38;2;214;203;174m[48;2;215;203;173m▄[38;2;215;204;176m[48;2;215;202;175m▄[38;2;216;204;175m[48;2;215;201;174m▄[38;2;215;204;175m[48;2;214;200;173m▄[38;2;215;203;175m[48;2;213;199;172m▄[38;2;214;202;173m[48;2;211;197;169m▄[38;2;214;201;171m[48;2;211;196;167m▄[38;2;214;199;170m[48;2;213;196;165m▄[38;2;214;198;169m[48;2;213;196;166m▄[38;2;215;198;168m[48;2;213;196;169m▄[38;2;214;200;169m[48;2;212;197;168m▄[38;2;231;218;184m[48;2;227;214;182m▄[0m
[38;2;228;223;202m[48;2;228;223;202m▄[38;2;240;236;211m[48;2;243;239;211m▄[38;2;225;223;200m[48;2;225;222;195m▄[38;2;224;224;200m[48;2;215;212;190m▄[38;2;221;218;197m[48;2;208;203;182m▄[38;2;211;206;188m[48;2;219;216;190m▄[38;2;216;212;194m[48;2;228;226;198m▄[38;2;224;221;199m[48;2;233;231;202m▄[38;2;222;220;197m[48;2;223;220;197m▄[38;2;226;223;201m[48;2;187;183;172m▄[38;2;232;228;205m[48;2;192;186;172m▄[38;2;221;217;194m[48;2;228;224;195m▄[38;2;226;222;197m[48;2;225;221;189m▄[38;2;223;221;195m[48;2;233;229;195m▄[38;2;230;227;197m[48;2;221;216;187m▄[38;2;199;196;175m[48;2;226;221;191m▄[38;2;184;180;177m[48;2;240;234;203m▄[38;2;157;151;154m[48;2;196;190;171m▄[38;2;144;145;125m[48;2;145;150;120m▄[38;2;119;141;103m[48;2;105;142;90m▄[38;2;96;143;72m[48;2;91;98;69m▄[38;2;66;133;48m[48;2;59;79;52m▄[38;2;80;162;65m[48;2;71;103;65m▄[38;2;82;143;75m[48;2;91;115;86m▄[38;2;111;136;82m[48;2;85;104;76m▄[38;2;104;136;85m[48;2;82;89;63m▄[38;2;181;179;160m[48;2;189;183;165m▄[38;2;232;224;197m[48;2;231;219;195m▄[38;2;223;216;191m[48;2;223;212;186m▄[38;2;224;215;191m[48;2;223;212;185m▄[38;2;224;214;190m[48;2;223;212;186m▄[38;2;227;217;193m[48;2;223;212;187m▄[38;2;232;223;197m[48;2;223;211;186m▄[38;2;233;224;198m[48;2;224;212;186m▄[38;2;229;221;197m[48;2;223;211;186m▄[38;2;225;216;192m[48;2;223;211;186m▄[38;2;224;216;191m[48;2;223;211;186m▄[38;2;228;220;193m[48;2;223;211;184m▄[38;2;225;215;192m[48;2;223;211;183m▄[38;2;223;210;191m[48;2;223;210;182m▄[38;2;226;211;192m[48;2;224;209;182m▄[38;2;227;215;193m[48;2;223;209;182m▄[38;2;227;214;192m[48;2;223;209;182m▄[38;2;228;214;192m[48;2;222;208;182m▄[38;2;230;216;193m[48;2;220;208;182m▄[38;2;228;214;192m[48;2;219;207;181m▄[38;2;227;214;188m[48;2;219;207;181m▄[38;2;225;212;184m[48;2;219;206;180m▄[38;2;223;209;183m[48;2;219;205;179m▄[38;2;223;208;183m[48;2;219;203;179m▄[38;2;221;208;183m[48;2;218;203;179m▄[38;2;220;207;183m[48;2;215;204;178m▄[38;2;220;206;182m[48;2;214;203;177m▄[38;2;220;206;180m[48;2;215;204;174m▄[38;2;219;206;179m[48;2;216;204;172m▄[38;2;219;205;179m[48;2;215;204;174m▄[38;2;218;205;180m[48;2;215;203;174m▄[38;2;217;204;179m[48;2;216;204;171m▄[38;2;216;204;179m[48;2;216;203;171m▄[38;2;232;221;193m[48;2;233;220;187m▄[0m
[38;2;228;223;202m[48;2;234;226;204m▄[38;2;244;241;216m[48;2;229;226;205m▄[38;2;213;209;188m[48;2;202;200;184m▄[38;2;219;217;195m[48;2;224;221;198m▄[38;2;223;222;198m[48;2;224;222;198m▄[38;2;223;221;198m[48;2;226;222;201m▄[38;2;225;221;199m[48;2;222;216;198m▄[38;2;224;221;199m[48;2;222;220;198m▄[38;2;225;222;199m[48;2;223;221;198m▄[38;2;231;224;202m[48;2;200;195;179m▄[38;2;210;202;183m[48;2;196;190;176m▄[38;2;198;193;177m[48;2;210;204;187m▄[38;2;219;214;193m[48;2;220;216;196m▄[38;2;226;221;199m[48;2;223;222;198m▄[38;2;227;222;202m[48;2;233;230;208m▄[38;2;212;209;190m[48;2;165;162;130m▄[38;2;205;204;56m[48;2;141;140;52m▄[38;2;255;255;0m[48;2;152;148;63m▄[38;2;158;162;86m[48;2;133;123;92m▄[38;2;112;155;112m[48;2;161;156;125m▄[38;2;91;159;77m[48;2;151;177;123m▄[38;2;127;179;110m[48;2;157;170;122m▄[38;2;69;105;62m[48;2;94;122;74m▄[38;2;112;131;78m[48;2;95;116;76m▄[38;2;121;140;89m[48;2;169;178;140m▄[38;2;97;148;84m[48;2;134;140;115m▄[38;2;191;191;174m[48;2;193;190;170m▄[38;2;232;227;204m[48;2;232;227;197m▄[38;2;225;223;199m[48;2;224;220;191m▄[38;2;221;221;200m[48;2;226;221;199m▄[38;2;178;170;157m[48;2;232;227;203m▄[38;2;128;115;106m[48;2;214;209;186m▄[38;2;46;44;42m[48;2;192;185;166m▄[38;2;78;72;62m[48;2;182;177;161m▄[38;2;175;151;124m[48;2;190;187;171m▄[38;2;209;185;154m[48;2;213;209;190m▄[38;2;158;154;115m[48;2;220;216;194m▄[38;2;160;182;113m[48;2;199;196;172m▄[38;2;206;248;148m[48;2;192;199;161m▄[38;2;209;255;148m[48;2;189;200;155m▄[38;2;195;232;143m[48;2;186;192;155m▄[38;2;163;189;129m[48;2;194;195;165m▄[38;2;199;237;143m[48;2;199;197;174m▄[38;2;197;235;141m[48;2;198;195;170m▄[38;2;192;227;136m[48;2;188;186;161m▄[38;2;193;226;137m[48;2;197;191;169m▄[38;2;196;227;139m[48;2;204;193;174m▄[38;2;187;208;142m[48;2;212;199;184m▄[38;2;185;187;154m[48;2;227;214;194m▄[38;2;206;200;179m[48;2;228;216;193m▄[38;2;221;212;194m[48;2;224;213;189m▄[38;2;224;214;197m[48;2;224;211;188m▄[38;2;224;213;197m[48;2;224;210;188m▄[38;2;228;216;198m[48;2;223;210;186m▄[38;2;229;217;199m[48;2;224;210;184m▄[38;2;228;217;197m[48;2;224;209;186m▄[38;2;224;213;192m[48;2;224;208;186m▄[38;2;223;213;192m[48;2;223;209;186m▄[38;2;225;213;192m[48;2;221;209;185m▄[38;2;242;231;209m[48;2;238;226;200m▄[0m
[38;2;232;226;200m[48;2;228;223;200m▄[38;2;229;223;201m[48;2;246;242;216m▄[38;2;206;202;184m[48;2;231;227;201m▄[38;2;210;205;184m[48;2;228;225;200m▄[38;2;224;221;194m[48;2;223;221;198m▄[38;2;224;220;196m[48;2;224;222;198m▄[38;2;232;226;203m[48;2;225;221;198m▄[38;2;242;235;211m[48;2;226;220;198m▄[38;2;222;218;198m[48;2;229;224;201m▄[38;2;149;147;135m[48;2;242;235;211m▄[38;2;198;195;177m[48;2;241;233;207m▄[38;2;245;239;215m[48;2;229;221;200m▄[38;2;244;235;215m[48;2;222;215;198m▄[38;2;238;227;210m[48;2;231;224;205m▄[38;2;234;227;209m[48;2;232;225;205m▄[38;2;232;223;211m[48;2;231;225;219m▄[38;2;201;192;149m[48;2;195;192;101m▄[38;2;208;207;11m[48;2;255;255;0m▄[38;2;183;187;42m[48;2;171;173;52m▄[38;2;158;127;106m[48;2;98;105;76m▄[38;2;172;125;98m[48;2;107;147;89m▄[38;2;136;136;123m[48;2;86;125;76m▄[38;2;140;150;134m[48;2;64;94;59m▄[38;2;146;199;129m[48;2;169;208;149m▄[38;2;135;130;69m[48;2;160;181;126m▄[38;2;123;58;43m[48;2;143;157;118m▄[38;2;181;179;166m[48;2;192;190;176m▄[38;2;243;237;217m[48;2;238;231;212m▄[38;2;236;230;212m[48;2;235;230;211m▄[38;2;127;118;112m[48;2;148;139;131m▄[38;2;155;147;141m[48;2;126;105;95m▄[38;2;238;237;237m[48;2;126;113;102m▄[38;2;182;183;185m[48;2;15;21;20m▄[38;2;109;106;103m[48;2;124;114;96m▄[38;2;186;163;140m[48;2;213;181;146m▄[38;2;214;189;161m[48;2;225;187;145m▄[38;2;168;154;121m[48;2;146;129;105m▄[38;2;155;172;108m[48;2;155;182;115m▄[38;2;213;247;149m[48;2;207;242;151m▄[38;2;190;214;137m[48;2;196;231;144m▄[38;2;201;237;143m[48;2;211;250;151m▄[38;2;192;226;141m[48;2;173;203;137m▄[38;2;196;229;139m[48;2;199;240;145m▄[38;2;210;247;145m[48;2;211;253;150m▄[38;2;198;230;142m[48;2;187;215;139m▄[38;2;172;192;136m[48;2;171;194;135m▄[38;2;198;234;146m[48;2;214;255;150m▄[38;2;194;229;142m[48;2;210;249;146m▄[38;2;201;235;144m[48;2;188;213;135m▄[38;2;203;237;143m[48;2;182;199;138m▄[38;2;200;233;142m[48;2;183;192;151m▄[38;2;196;226;137m[48;2;199;206;160m▄[38;2;202;234;142m[48;2;206;214;164m▄[38;2;186;214;135m[48;2;193;195;158m▄[38;2;186;216;134m[48;2;192;193;166m▄[38;2;181;208;134m[48;2;206;202;185m▄[38;2;185;188;160m[48;2;226;222;203m▄[38;2;238;231;212m[48;2;224;220;199m▄[38;2;232;225;206m[48;2;226;218;199m▄[38;2;248;241;221m[48;2;244;237;215m▄[0m
[38;2;234;196;180m[48;2;232;232;210m▄[38;2;255;207;187m[48;2;219;220;201m▄[38;2;217;154;140m[48;2;167;171;159m▄[38;2;235;158;138m[48;2;177;183;170m▄[38;2;218;147;130m[48;2;205;208;188m▄[38;2;96;80;79m[48;2;187;182;170m▄[38;2;72;69;71m[48;2;204;199;182m▄[38;2;70;73;74m[48;2;184;178;165m▄[38;2;82;86;87m[48;2;97;97;96m▄[38;2;96;94;92m[48;2;70;72;71m▄[38;2;88;81;79m[48;2;92;95;91m▄[38;2;80;76;77m[48;2;143;143;134m▄[38;2;63;84;70m[48;2;129;129;121m▄[38;2;125;179;114m[48;2;88;115;75m▄[38;2;136;150;108m[48;2;115;118;87m▄[38;2;110;144;92m[48;2;167;164;139m▄[38;2;81;148;71m[48;2;113;122;104m▄[38;2;149;187;129m[48;2;92;95;79m▄[38;2;163;187;138m[48;2;104;152;93m▄[38;2;81;133;66m[48;2;82;120;53m▄[38;2;69;123;64m[48;2;102;92;43m▄[38;2;145;152;124m[48;2;93;87;74m▄[38;2;107;98;77m[48;2;95;104;85m▄[38;2;79;93;59m[48;2;50;123;50m▄[38;2;122;164;111m[48;2;178;175;133m▄[38;2;102;144;104m[48;2;154;111;91m▄[38;2;205;200;189m[48;2;185;183;170m▄[38;2;240;232;212m[48;2;242;235;215m▄[38;2;233;228;209m[48;2;237;231;212m▄[38;2;167;158;149m[48;2;129;123;116m▄[38;2;161;147;138m[48;2;144;142;138m▄[38;2;158;145;136m[48;2;205;202;197m▄[38;2;161;147;141m[48;2;207;203;200m▄[38;2;167;156;149m[48;2;198;195;194m▄[38;2;169;160;151m[48;2;204;201;196m▄[38;2;172;158;147m[48;2;214;212;206m▄[38;2;174;160;148m[48;2;206;203;191m▄[38;2;175;159;151m[48;2;199;201;174m▄[38;2;169;151;149m[48;2;181;189;152m▄[38;2;170;153;152m[48;2;184;195;155m▄[38;2;170;154;152m[48;2;186;196;159m▄[38;2;168;154;150m[48;2;182;187;160m▄[38;2;166;150;148m[48;2;196;199;171m▄[38;2;171;153;151m[48;2;191;193;165m▄[38;2;169;151;146m[48;2;193;194;169m▄[38;2;172;156;148m[48;2;208;208;185m▄[38;2;173;158;152m[48;2;208;209;189m▄[38;2;178;161;155m[48;2;212;214;191m▄[38;2;180;166;159m[48;2;214;216;188m▄[38;2;175;163;157m[48;2;201;204;178m▄[38;2;171;158;153m[48;2;193;195;174m▄[38;2;169;156;149m[48;2;189;191;172m▄[38;2;170;155;148m[48;2;182;183;166m▄[38;2;171;155;150m[48;2;177;180;159m▄[38;2;170;154;150m[48;2;187;191;165m▄[38;2;173;157;152m[48;2;196;200;173m▄[38;2;179;168;160m[48;2;193;194;173m▄[38;2;143;135;130m[48;2;188;183;171m▄[38;2;215;209;194m[48;2;227;219;201m▄[38;2;255;248;228m[48;2;252;245;225m▄[0m
[38;2;235;239;218m[48;2;234;133;121m▄[38;2;255;255;236m[48;2;254;124;113m▄[38;2;253;214;190m[48;2;251;101;88m▄[38;2;254;203;181m[48;2;250;100;84m▄[38;2;253;218;198m[48;2;231;92;79m▄[38;2;255;206;187m[48;2;179;91;81m▄[38;2;255;183;166m[48;2;165;75;69m▄[38;2;255;163;149m[48;2;160;41;40m▄[38;2;255;149;130m[48;2;170;24;24m▄[38;2;255;142;124m[48;2;180;13;9m▄[38;2;255;156;141m[48;2;183;6;3m▄[38;2;255;159;145m[48;2;177;0;0m▄[38;2;255;147;133m[48;2;151;7;8m▄[38;2;249;135;124m[48;2;162;90;80m▄[38;2;242;135;126m[48;2;162;95;85m▄[38;2;240;146;137m[48;2;82;59;28m▄[38;2;235;164;154m[48;2;81;93;48m▄[38;2;231;181;167m[48;2;166;173;136m▄[38;2;230;182;169m[48;2;163;152;123m▄[38;2;234;163;153m[48;2;118;82;64m▄[38;2;240;152;140m[48;2;102;56;50m▄[38;2;227;150;139m[48;2;157;132;112m▄[38;2;233;168;156m[48;2;144;112;89m▄[38;2;235;170;159m[48;2;108;94;64m▄[38;2;238;173;160m[48;2;51;71;22m▄[38;2;255;198;184m[48;2;97;62;36m▄[38;2;255;240;220m[48;2;229;191;178m▄[38;2;239;237;215m[48;2;238;237;216m▄[38;2;194;189;168m[48;2;237;233;214m▄[38;2;162;156;146m[48;2;180;175;165m▄[38;2;180;170;160m[48;2;187;176;163m▄[38;2;179;169;156m[48;2;189;177;163m▄[38;2;180;169;156m[48;2;188;177;163m▄[38;2;180;170;157m[48;2;186;176;162m▄[38;2;181;170;156m[48;2;185;174;161m▄[38;2;182;170;158m[48;2;186;173;161m▄[38;2;182;172;159m[48;2;184;173;162m▄[38;2;182;172;160m[48;2;182;172;162m▄[38;2;183;173;161m[48;2;184;172;162m▄[38;2;183;173;160m[48;2;184;173;159m▄[38;2;184;173;160m[48;2;185;173;160m▄[38;2;186;172;159m[48;2;186;171;160m▄[38;2;185;170;160m[48;2;186;169;157m▄[38;2;184;171;159m[48;2;187;170;158m▄[38;2;183;171;159m[48;2;185;171;161m▄[38;2;182;172;159m[48;2;185;173;162m▄[38;2;182;172;159m[48;2;186;173;160m▄[38;2;183;173;159m[48;2;184;168;158m▄[38;2;185;171;160m[48;2;186;167;161m▄[38;2;184;169;159m[48;2;186;172;162m▄[38;2;183;169;159m[48;2;186;173;161m▄[38;2;183;169;159m[48;2;187;175;161m▄[38;2;182;169;157m[48;2;188;176;161m▄[38;2;182;168;155m[48;2;188;173;160m▄[38;2;182;169;157m[48;2;187;173;160m▄[38;2;182;170;157m[48;2;187;175;162m▄[38;2;184;173;159m[48;2;187;176;162m▄[38;2;167;158;145m[48;2;176;167;157m▄[38;2;192;186;168m[48;2;226;219;206m▄[38;2;255;253;230m[48;2;255;249;230m▄[0m
