[38;2;239;231;225m[48;2;237;230;226m▄[38;2;255;255;255m[48;2;254;251;243m▄[38;2;255;249;243m[48;2;239;229;226m▄[38;2;255;249;243m[48;2;237;231;226m▄[38;2;255;249;243m[48;2;237;231;226m▄[38;2;255;249;243m[48;2;237;231;226m▄[38;2;255;248;243m[48;2;237;231;226m▄[38;2;255;249;243m[48;2;237;231;226m▄[38;2;255;249;243m[48;2;237;231;226m▄[38;2;255;249;243m[48;2;237;231;226m▄[38;2;255;249;243m[48;2;237;231;226m▄[38;2;255;249;243m[48;2;239;229;226m▄[38;2;255;250;244m[48;2;239;231;226m▄[38;2;255;250;244m[48;2;239;231;226m▄[38;2;255;250;244m[48;2;239;231;226m▄[38;2;255;250;244m[48;2;239;231;226m▄[38;2;255;250;243m[48;2;239;231;226m▄[38;2;255;252;245m[48;2;241;233;226m▄[38;2;255;254;246m[48;2;241;231;224m▄[38;2;163;133;112m[48;2;144;115;94m▄[38;2;196;173;161m[48;2;187;168;156m▄[38;2;255;255;250m[48;2;245;235;229m▄[38;2;254;243;237m[48;2;235;224;218m▄[38;2;255;243;237m[48;2;235;224;218m▄[38;2;255;243;236m[48;2;235;226;220m▄[38;2;255;243;236m[48;2;237;226;220m▄[38;2;255;243;237m[48;2;235;226;220m▄[38;2;255;244;237m[48;2;237;226;220m▄[38;2;255;244;237m[48;2;237;226;220m▄[38;2;255;244;237m[48;2;237;226;220m▄[38;2;255;244;238m[48;2;237;226;220m▄[38;2;255;244;238m[48;2;237;226;220m▄[38;2;255;244;237m[48;2;237;226;220m▄[38;2;255;244;237m[48;2;237;226;220m▄[38;2;255;244;238m[48;2;237;226;220m▄[38;2;255;244;238m[48;2;237;226;220m▄[38;2;255;245;239m[48;2;237;226;222m▄[38;2;254;246;240m[48;2;237;227;224m▄[38;2;253;245;239m[48;2;235;227;222m▄[38;2;253;243;238m[48;2;235;227;222m▄[38;2;252;242;237m[48;2;233;227;222m▄[38;2;252;241;236m[48;2;233;226;220m▄[38;2;251;240;234m[48;2;233;224;220m▄[38;2;250;238;233m[48;2;233;222;218m▄[38;2;249;237;231m[48;2;231;220;216m▄[38;2;250;236;230m[48;2;229;220;214m▄[38;2;251;236;230m[48;2;231;218;212m▄[38;2;250;233;225m[48;2;233;218;210m▄[38;2;248;230;223m[48;2;229;214;208m▄[38;2;246;229;221m[48;2;229;214;206m▄[38;2;245;229;221m[48;2;227;212;206m▄[38;2;243;226;219m[48;2;226;212;204m▄[38;2;242;223;216m[48;2;226;208;200m▄[38;2;239;221;213m[48;2;224;206;198m▄[38;2;237;218;211m[48;2;220;204;197m▄[38;2;235;216;209m[48;2;218;200;195m▄[38;2;232;214;206m[48;2;216;198;193m▄[38;2;229;210;202m[48;2;214;197;189m▄[38;2;226;205;198m[48;2;210;191;185m▄[38;2;241;218;209m[48;2;224;202;195m▄[0m
[38;2;238;229;225m[48;2;238;229;225m▄[38;2;255;247;242m[48;2;255;248;242m▄[38;2;237;229;223m[48;2;237;229;224m▄[38;2;237;229;224m[48;2;237;230;224m▄[38;2;238;230;224m[48;2;237;230;224m▄[38;2;237;229;224m[48;2;237;230;224m▄[38;2;237;230;224m[48;2;237;230;224m▄[38;2;238;229;224m[48;2;238;229;224m▄[38;2;238;229;224m[48;2;238;229;224m▄[38;2;237;230;224m[48;2;238;229;224m▄[38;2;237;230;224m[48;2;237;230;224m▄[38;2;237;230;224m[48;2;238;231;225m▄[38;2;237;230;224m[48;2;237;230;224m▄[38;2;238;230;224m[48;2;238;230;225m▄[38;2;238;231;225m[48;2;238;231;225m▄[38;2;238;231;225m[48;2;238;231;225m▄[38;2;238;231;225m[48;2;239;231;225m▄[38;2;242;233;226m[48;2;242;233;226m▄[38;2;247;239;234m[48;2;246;238;231m▄[38;2;173;149;132m[48;2;160;136;117m▄[38;2;159;136;120m[48;2;168;147;133m▄[38;2;247;237;230m[48;2;247;237;231m▄[38;2;236;225;219m[48;2;235;224;219m▄[38;2;236;226;220m[48;2;236;225;220m▄[38;2;236;225;220m[48;2;235;224;219m▄[38;2;236;225;219m[48;2;235;224;218m▄[38;2;236;225;219m[48;2;235;224;218m▄[38;2;235;224;218m[48;2;235;224;218m▄[38;2;236;225;219m[48;2;236;225;219m▄[38;2;236;225;219m[48;2;236;225;219m▄[38;2;236;225;219m[48;2;237;226;220m▄[38;2;236;225;219m[48;2;237;226;220m▄[38;2;236;225;219m[48;2;237;225;220m▄[38;2;236;226;219m[48;2;236;226;219m▄[38;2;235;225;219m[48;2;236;227;220m▄[38;2;235;226;220m[48;2;235;226;221m▄[38;2;234;225;220m[48;2;235;225;221m▄[38;2;234;223;219m[48;2;234;225;220m▄[38;2;232;223;219m[48;2;233;224;220m▄[38;2;232;222;216m[48;2;233;222;217m▄[38;2;234;221;215m[48;2;234;221;216m▄[38;2;232;220;213m[48;2;232;220;215m▄[38;2;229;220;211m[48;2;230;219;213m▄[38;2;229;219;210m[48;2;229;219;210m▄[38;2;231;217;209m[48;2;231;218;210m▄[38;2;230;215;208m[48;2;232;216;211m▄[38;2;228;213;206m[48;2;231;216;210m▄[38;2;227;212;205m[48;2;230;213;206m▄[38;2;226;209;202m[48;2;228;211;204m▄[38;2;225;208;201m[48;2;226;209;202m▄[38;2;224;206;200m[48;2;225;208;201m▄[38;2;222;204;197m[48;2;223;206;199m▄[38;2;219;202;195m[48;2;221;204;197m▄[38;2;217;200;193m[48;2;218;201;194m▄[38;2;214;197;190m[48;2;216;199;192m▄[38;2;212;195;188m[48;2;213;197;190m▄[38;2;211;193;186m[48;2;211;195;188m▄[38;2;208;189;182m[48;2;210;191;184m▄[38;2;204;184;175m[48;2;207;187;180m▄[38;2;218;196;185m[48;2;220;199;188m▄[0m
[38;2;238;229;223m[48;2;238;230;225m▄[38;2;255;247;241m[48;2;255;248;241m▄[38;2;236;228;223m[48;2;237;229;223m▄[38;2;237;228;223m[48;2;238;229;224m▄[38;2;237;228;223m[48;2;237;229;224m▄[38;2;237;228;223m[48;2;237;229;224m▄[38;2;237;229;223m[48;2;237;230;224m▄[38;2;236;229;223m[48;2;237;230;224m▄[38;2;237;230;224m[48;2;237;230;224m▄[38;2;238;229;224m[48;2;237;230;224m▄[38;2;237;230;224m[48;2;238;229;224m▄[38;2;238;230;224m[48;2;237;229;224m▄[38;2;238;230;224m[48;2;238;230;224m▄[38;2;238;230;225m[48;2;238;229;224m▄[38;2;238;231;225m[48;2;238;230;225m▄[38;2;238;231;225m[48;2;238;231;225m▄[38;2;238;231;225m[48;2;239;232;226m▄[38;2;241;232;225m[48;2;242;233;226m▄[38;2;246;238;233m[48;2;247;239;234m▄[38;2;196;175;162m[48;2;184;162;147m▄[38;2;147;119;103m[48;2;152;126;110m▄[38;2;242;231;226m[48;2;246;235;229m▄[38;2;235;226;219m[48;2;236;225;219m▄[38;2;236;226;219m[48;2;236;226;220m▄[38;2;236;227;220m[48;2;236;226;219m▄[38;2;236;225;219m[48;2;237;226;220m▄[38;2;236;225;219m[48;2;237;226;220m▄[38;2;236;225;219m[48;2;236;225;219m▄[38;2;236;225;219m[48;2;236;225;219m▄[38;2;236;226;220m[48;2;237;226;219m▄[38;2;236;226;220m[48;2;236;226;219m▄[38;2;236;225;218m[48;2;236;226;219m▄[38;2;235;224;219m[48;2;236;225;220m▄[38;2;234;224;219m[48;2;236;225;221m▄[38;2;234;224;220m[48;2;235;224;220m▄[38;2;234;223;221m[48;2;235;223;221m▄[38;2;232;221;217m[48;2;233;223;219m▄[38;2;232;220;214m[48;2;232;222;217m▄[38;2;233;220;214m[48;2;232;222;217m▄[38;2;232;219;212m[48;2;232;220;215m▄[38;2;230;219;210m[48;2;230;219;212m▄[38;2;231;217;209m[48;2;231;219;212m▄[38;2;231;214;207m[48;2;231;218;210m▄[38;2;230;212;205m[48;2;230;215;208m▄[38;2;227;212;205m[48;2;231;215;208m▄[38;2;228;212;205m[48;2;229;214;206m▄[38;2;227;211;204m[48;2;227;212;205m▄[38;2;225;210;203m[48;2;226;211;204m▄[38;2;224;207;200m[48;2;225;209;202m▄[38;2;223;204;198m[48;2;224;207;200m▄[38;2;221;203;196m[48;2;222;205;198m▄[38;2;219;202;195m[48;2;220;203;196m▄[38;2;215;199;192m[48;2;218;200;193m▄[38;2;213;196;189m[48;2;216;198;191m▄[38;2;210;193;187m[48;2;212;195;188m▄[38;2;209;191;185m[48;2;210;193;186m▄[38;2;207;189;182m[48;2;209;191;184m▄[38;2;203;184;173m[48;2;206;187;178m▄[38;2;199;180;166m[48;2;202;183;169m▄[38;2;214;192;179m[48;2;216;195;181m▄[0m
[38;2;236;229;223m[48;2;236;229;223m▄[38;2;254;247;240m[48;2;255;248;241m▄[38;2;236;228;223m[48;2;236;229;223m▄[38;2;236;229;223m[48;2;236;229;223m▄[38;2;236;229;223m[48;2;237;229;223m▄[38;2;237;229;224m[48;2;237;229;224m▄[38;2;236;229;223m[48;2;237;229;224m▄[38;2;237;230;224m[48;2;237;230;224m▄[38;2;236;229;223m[48;2;237;230;224m▄[38;2;237;230;224m[48;2;237;230;224m▄[38;2;237;230;224m[48;2;237;230;224m▄[38;2;238;230;224m[48;2;237;230;224m▄[38;2;238;230;224m[48;2;238;230;224m▄[38;2;238;230;225m[48;2;239;230;225m▄[38;2;238;231;225m[48;2;238;231;225m▄[38;2;238;231;225m[48;2;238;231;225m▄[38;2;238;231;225m[48;2;238;231;225m▄[38;2;240;231;226m[48;2;240;231;226m▄[38;2;244;237;230m[48;2;245;236;232m▄[38;2;217;200;189m[48;2;207;188;176m▄[38;2;142;113;93m[48;2;143;115;97m▄[38;2;233;220;213m[48;2;238;226;220m▄[38;2;237;227;222m[48;2;236;226;220m▄[38;2;234;224;221m[48;2;235;224;219m▄[38;2;234;223;220m[48;2;235;224;219m▄[38;2;235;223;221m[48;2;235;224;219m▄[38;2;235;224;220m[48;2;236;224;220m▄[38;2;234;224;220m[48;2;235;224;220m▄[38;2;234;223;221m[48;2;235;224;220m▄[38;2;235;223;220m[48;2;235;225;221m▄[38;2;235;224;220m[48;2;235;224;219m▄[38;2;235;225;220m[48;2;236;223;217m▄[38;2;236;227;222m[48;2;235;223;217m▄[38;2;239;228;225m[48;2;233;222;218m▄[38;2;239;227;226m[48;2;232;222;217m▄[38;2;240;228;226m[48;2;231;221;215m▄[38;2;241;230;228m[48;2;231;220;212m▄[38;2;242;231;228m[48;2;230;221;210m▄[38;2;242;231;227m[48;2;230;219;210m▄[38;2;242;230;227m[48;2;231;217;209m▄[38;2;242;229;227m[48;2;230;215;207m▄[38;2;241;228;225m[48;2;229;212;205m▄[38;2;239;225;221m[48;2;229;211;204m▄[38;2;237;223;218m[48;2;227;210;202m▄[38;2;234;220;214m[48;2;227;209;202m▄[38;2;230;215;209m[48;2;226;208;201m▄[38;2;226;209;203m[48;2;226;208;201m▄[38;2;222;205;198m[48;2;224;207;200m▄[38;2;218;201;193m[48;2;222;205;198m▄[38;2;217;200;193m[48;2;220;203;196m▄[38;2;215;199;192m[48;2;219;201;195m▄[38;2;212;195;189m[48;2;216;199;192m▄[38;2;209;192;185m[48;2;212;196;189m▄[38;2;210;191;183m[48;2;210;194;187m▄[38;2;209;189;182m[48;2;210;191;184m▄[38;2;207;187;181m[48;2;210;189;183m▄[38;2;202;183;171m[48;2;206;186;177m▄[38;2;197;178;163m[48;2;200;181;168m▄[38;2;194;175;161m[48;2;197;178;164m▄[38;2;209;189;174m[48;2;212;191;176m▄[0m
[38;2;234;229;221m[48;2;236;229;221m▄[38;2;253;246;239m[48;2;254;246;240m▄[38;2;234;227;221m[48;2;235;228;222m▄[38;2;235;228;222m[48;2;235;228;222m▄[38;2;236;228;222m[48;2;236;229;223m▄[38;2;236;228;222m[48;2;236;229;223m▄[38;2;235;228;222m[48;2;236;229;223m▄[38;2;235;228;222m[48;2;236;229;223m▄[38;2;236;229;223m[48;2;236;229;223m▄[38;2;236;229;223m[48;2;236;229;223m▄[38;2;236;229;223m[48;2;237;229;223m▄[38;2;236;229;223m[48;2;237;229;223m▄[38;2;236;229;223m[48;2;237;229;224m▄[38;2;236;229;223m[48;2;237;230;224m▄[38;2;237;230;224m[48;2;237;230;224m▄[38;2;237;230;224m[48;2;238;231;225m▄[38;2;238;230;224m[48;2;238;231;225m▄[38;2;239;230;225m[48;2;241;232;225m▄[38;2;240;231;227m[48;2;243;236;229m▄[38;2;237;224;220m[48;2;224;208;199m▄[38;2;207;189;181m[48;2;132;102;81m▄[38;2;236;223;219m[48;2;224;209;201m▄[38;2;241;230;228m[48;2;238;228;224m▄[38;2;241;229;228m[48;2;232;222;218m▄[38;2;242;230;229m[48;2;233;222;218m▄[38;2;242;232;229m[48;2;232;223;218m▄[38;2;241;230;228m[48;2;232;222;217m▄[38;2;240;228;224m[48;2;232;220;215m▄[38;2;240;228;223m[48;2;232;220;213m▄[38;2;234;223;217m[48;2;233;220;213m▄[38;2;215;201;195m[48;2;224;209;202m▄[38;2;208;193;185m[48;2;212;196;189m▄[38;2;207;192;185m[48;2;227;214;209m▄[38;2;194;176;167m[48;2;233;221;218m▄[38;2;166;144;132m[48;2;236;225;223m▄[38;2;157;135;120m[48;2;234;223;221m▄[38;2;162;140;127m[48;2;232;221;219m▄[38;2;167;146;134m[48;2;234;222;221m▄[38;2;173;152;139m[48;2;238;227;226m▄[38;2;182;163;152m[48;2;242;232;232m▄[38;2;200;184;176m[48;2;244;235;234m▄[38;2;218;205;199m[48;2;245;234;234m▄[38;2;224;211;206m[48;2;246;235;235m▄[38;2;230;219;215m[48;2;247;238;236m▄[38;2;222;208;205m[48;2;247;237;235m▄[38;2;225;213;209m[48;2;248;239;237m▄[38;2;246;238;235m[48;2;249;240;238m▄[38;2;243;233;231m[48;2;243;232;229m▄[38;2;242;231;230m[48;2;232;219;215m▄[38;2;230;218;217m[48;2;219;203;197m▄[38;2;218;201;194m[48;2;213;195;188m▄[38;2;210;190;179m[48;2;213;195;188m▄[38;2;207;188;176m[48;2;213;194;187m▄[38;2;208;189;178m[48;2;211;192;185m▄[38;2;210;195;186m[48;2;211;194;187m▄[38;2;213;197;189m[48;2;206;187;181m▄[38;2;210;193;184m[48;2;200;180;169m▄[38;2;192;173;160m[48;2;194;175;161m▄[38;2;193;176;162m[48;2;193;174;160m▄[38;2;181;149;126m[48;2;204;182;164m▄[0m
[38;2;238;225;219m[48;2;236;227;221m▄[38;2;255;242;236m[48;2;254;243;238m▄[38;2;235;224;219m[48;2;234;226;220m▄[38;2;234;225;220m[48;2;234;227;221m▄[38;2;234;225;220m[48;2;234;228;222m▄[38;2;235;226;220m[48;2;235;228;222m▄[38;2;235;225;220m[48;2;235;228;222m▄[38;2;234;225;220m[48;2;235;228;222m▄[38;2;234;226;220m[48;2;234;228;222m▄[38;2;235;226;221m[48;2;235;228;222m▄[38;2;235;226;221m[48;2;235;228;222m▄[38;2;235;226;221m[48;2;235;228;222m▄[38;2;236;227;222m[48;2;235;228;222m▄[38;2;234;226;221m[48;2;236;229;223m▄[38;2;230;220;215m[48;2;236;228;223m▄[38;2;231;217;215m[48;2;235;225;222m▄[38;2;232;218;217m[48;2;234;224;222m▄[38;2;235;221;222m[48;2;236;225;225m▄[38;2;234;220;219m[48;2;239;228;228m▄[38;2;231;219;217m[48;2;244;232;232m▄[38;2;236;224;224m[48;2;252;240;241m▄[38;2;239;227;227m[48;2;245;234;233m▄[38;2;241;229;230m[48;2;242;231;230m▄[38;2;243;231;231m[48;2;247;236;235m▄[38;2;245;232;232m[48;2;248;236;237m▄[38;2;244;232;232m[48;2;248;236;236m▄[38;2;246;234;234m[48;2;243;231;231m▄[38;2;248;236;235m[48;2;249;237;238m▄[38;2;248;236;236m[48;2;251;239;239m▄[38;2;248;236;236m[48;2;251;240;240m▄[38;2;249;237;237m[48;2;252;241;240m▄[38;2;251;239;239m[48;2;250;238;238m▄[38;2;253;242;242m[48;2;246;235;233m▄[38;2;255;248;248m[48;2;230;216;213m▄[38;2;255;251;252m[48;2;204;188;181m▄[38;2;255;248;249m[48;2;204;186;178m▄[38;2;252;241;241m[48;2;197;181;171m▄[38;2;232;220;216m[48;2;187;169;159m▄[38;2;199;183;175m[48;2;187;168;157m▄[38;2;196;179;172m[48;2;181;160;149m▄[38;2;199;183;176m[48;2;169;148;134m▄[38;2;192;174;165m[48;2;166;145;132m▄[38;2;191;173;165m[48;2;193;174;166m▄[38;2;195;178;170m[48;2;203;186;178m▄[38;2;204;187;179m[48;2;213;197;191m▄[38;2;214;197;191m[48;2;223;207;203m▄[38;2;223;208;204m[48;2;227;213;210m▄[38;2;227;213;210m[48;2;230;220;216m▄[38;2;229;216;213m[48;2;231;222;219m▄[38;2;222;207;200m[48;2;225;210;208m▄[38;2;204;186;179m[48;2;210;193;187m▄[38;2;198;175;165m[48;2;193;174;161m▄[38;2;186;163;150m[48;2;193;173;158m▄[38;2;192;171;157m[48;2;200;181;168m▄[38;2;166;136;112m[48;2;202;183;172m▄[38;2;177;152;132m[48;2;199;180;170m▄[38;2;195;177;164m[48;2;211;193;184m▄[38;2;189;169;155m[48;2;189;168;154m▄[38;2;181;159;143m[48;2;192;172;158m▄[38;2;104;64;43m[48;2;137;95;71m▄[0m
[38;2;236;219;214m[48;2;236;223;218m▄[38;2;253;237;230m[48;2;255;241;235m▄[38;2;234;219;212m[48;2;236;223;217m▄[38;2;234;219;212m[48;2;236;222;216m▄[38;2;235;220;214m[48;2;236;222;216m▄[38;2;236;222;217m[48;2;236;223;217m▄[38;2;236;221;216m[48;2;236;223;217m▄[38;2;235;220;215m[48;2;237;223;217m▄[38;2;232;217;211m[48;2;237;222;217m▄[38;2;227;211;205m[48;2;236;222;217m▄[38;2;221;204;198m[48;2;235;220;215m▄[38;2;216;197;191m[48;2;232;217;211m▄[38;2;216;200;193m[48;2;230;215;209m▄[38;2;210;191;186m[48;2;227;211;208m▄[38;2;212;191;185m[48;2;225;209;206m▄[38;2;216;198;192m[48;2;226;210;207m▄[38;2;218;201;196m[48;2;227;211;209m▄[38;2;220;203;199m[48;2;228;213;210m▄[38;2;222;205;201m[48;2;230;217;213m▄[38;2;225;209;206m[48;2;227;212;207m▄[38;2;226;211;208m[48;2;223;209;205m▄[38;2;227;211;208m[48;2;224;209;205m▄[38;2;228;213;209m[48;2;227;211;207m▄[38;2;230;216;212m[48;2;229;214;212m▄[38;2;233;218;215m[48;2;232;219;218m▄[38;2;233;220;219m[48;2;236;224;224m▄[38;2;235;222;221m[48;2;242;230;229m▄[38;2;236;224;223m[48;2;243;231;230m▄[38;2;238;226;225m[48;2;243;231;231m▄[38;2;240;228;228m[48;2;245;233;233m▄[38;2;243;231;231m[48;2;246;234;234m▄[38;2;245;233;233m[48;2;250;237;238m▄[38;2;246;235;234m[48;2;254;247;245m▄[38;2;244;233;233m[48;2;253;252;248m▄[38;2;244;232;232m[48;2;250;239;239m▄[38;2;242;231;231m[48;2;248;235;236m▄[38;2;239;228;227m[48;2;246;234;235m▄[38;2;234;221;221m[48;2;247;237;237m▄[38;2;234;221;219m[48;2;225;212;208m▄[38;2;194;177;165m[48;2;184;169;159m▄[38;2;181;164;151m[48;2;185;171;163m▄[38;2;184;167;156m[48;2;187;173;165m▄[38;2;184;168;157m[48;2;188;174;165m▄[38;2;186;170;162m[48;2;190;174;166m▄[38;2;196;179;172m[48;2;199;182;175m▄[38;2;205;187;180m[48;2;208;191;185m▄[38;2;213;198;191m[48;2;218;204;198m▄[38;2;220;205;200m[48;2;225;210;206m▄[38;2;221;207;201m[48;2;227;212;208m▄[38;2;208;192;185m[48;2;217;201;195m▄[38;2;202;184;177m[48;2;204;189;181m▄[38;2;190;162;147m[48;2;195;171;160m▄[38;2;183;155;137m[48;2;183;158;143m▄[38;2;192;172;156m[48;2;193;172;159m▄[38;2;193;175;161m[48;2;188;168;151m▄[38;2;189;169;155m[48;2;187;167;151m▄[38;2;185;167;151m[48;2;186;167;153m▄[38;2;191;169;152m[48;2;190;170;155m▄[38;2;147;122;106m[48;2;165;142;126m▄[38;2;91;45;23m[48;2;96;55;32m▄[0m
[38;2;232;218;212m[48;2;234;219;212m▄[38;2;250;234;228m[48;2;252;236;228m▄[38;2;230;217;210m[48;2;233;218;212m▄[38;2;231;216;211m[48;2;233;218;211m▄[38;2;231;216;211m[48;2;233;218;212m▄[38;2;229;215;209m[48;2;234;219;214m▄[38;2;222;206;199m[48;2;232;217;210m▄[38;2;211;191;185m[48;2;226;211;204m▄[38;2;198;178;168m[48;2;218;200;194m▄[38;2;188;166;153m[48;2;208;190;180m▄[38;2;180;155;142m[48;2;197;178;168m▄[38;2;193;173;163m[48;2;198;179;171m▄[38;2;201;182;175m[48;2;212;194;188m▄[38;2;182;154;143m[48;2;189;163;155m▄[38;2;193;168;160m[48;2;192;166;156m▄[38;2;193;169;160m[48;2;198;173;163m▄[38;2;192;169;159m[48;2;198;174;165m▄[38;2;192;169;158m[48;2;199;177;168m▄[38;2;192;168;158m[48;2;203;181;174m▄[38;2;193;169;158m[48;2;206;185;179m▄[38;2;193;169;159m[48;2;210;189;183m▄[38;2;194;169;159m[48;2;213;192;186m▄[38;2;196;172;161m[48;2;216;197;191m▄[38;2;196;173;163m[48;2;219;201;196m▄[38;2;199;174;166m[48;2;223;206;201m▄[38;2;200;177;169m[48;2;226;210;207m▄[38;2;203;181;173m[48;2;229;214;211m▄[38;2;215;196;190m[48;2;231;216;213m▄[38;2;219;201;195m[48;2;234;219;217m▄[38;2;223;206;202m[48;2;234;222;221m▄[38;2;223;208;205m[48;2;236;224;224m▄[38;2;231;218;215m[48;2;237;225;225m▄[38;2;233;220;217m[48;2;237;225;225m▄[38;2;233;218;217m[48;2;237;225;225m▄[38;2;236;221;218m[48;2;238;226;226m▄[38;2;215;195;189m[48;2;236;223;221m▄[38;2;191;169;160m[48;2;213;195;190m▄[38;2;218;201;194m[48;2;226;211;206m▄[38;2;233;219;214m[48;2;237;222;220m▄[38;2;208;192;183m[48;2;204;186;177m▄[38;2;175;155;141m[48;2;177;158;143m▄[38;2;179;160;145m[48;2;182;162;148m▄[38;2;179;160;145m[48;2;182;163;148m▄[38;2;185;166;153m[48;2;186;169;157m▄[38;2;194;176;167m[48;2;195;177;169m▄[38;2;204;185;179m[48;2;204;186;180m▄[38;2;211;194;187m[48;2;212;195;188m▄[38;2;215;198;191m[48;2;216;200;193m▄[38;2;212;195;188m[48;2;216;200;194m▄[38;2;209;192;186m[48;2;205;189;181m▄[38;2;197;176;162m[48;2;201;180;170m▄[38;2;178;149;126m[48;2;184;155;134m▄[38;2;182;156;137m[48;2;183;155;134m▄[38;2;191;170;157m[48;2;191;171;156m▄[38;2;188;166;151m[48;2;190;170;155m▄[38;2;185;161;141m[48;2;187;165;149m▄[38;2;185;157;136m[48;2;186;162;145m▄[38;2;186;159;136m[48;2;190;165;145m▄[38;2;101;72;55m[48;2;129;98;78m▄[38;2;96;45;17m[48;2;99;47;17m▄[0m
[38;2;230;212;205m[48;2;232;214;210m▄[38;2;247;228;220m[48;2;249;231;225m▄[38;2;228;210;203m[48;2;228;213;206m▄[38;2;227;209;202m[48;2;228;213;206m▄[38;2;222;203;197m[48;2;227;211;204m▄[38;2;206;186;176m[48;2;220;203;196m▄[38;2;191;171;157m[48;2;206;188;179m▄[38;2;184;158;145m[48;2;193;172;160m▄[38;2;176;147;131m[48;2;184;159;146m▄[38;2;167;139;117m[48;2;177;149;134m▄[38;2;160;130;107m[48;2;171;140;122m▄[38;2;178;154;138m[48;2;189;165;153m▄[38;2;192;171;164m[48;2;194;173;166m▄[38;2;174;143;131m[48;2;177;149;137m▄[38;2;183;156;144m[48;2;188;163;153m▄[38;2;182;157;146m[48;2;187;162;153m▄[38;2;183;156;145m[48;2;188;163;154m▄[38;2;185;157;145m[48;2;189;163;154m▄[38;2;184;157;146m[48;2;189;164;154m▄[38;2;184;158;146m[48;2;190;165;154m▄[38;2;185;158;147m[48;2;191;165;155m▄[38;2;185;159;148m[48;2;191;166;155m▄[38;2;186;159;147m[48;2;193;167;157m▄[38;2;187;159;148m[48;2;193;168;158m▄[38;2;188;159;148m[48;2;194;169;159m▄[38;2;186;159;148m[48;2;192;168;158m▄[38;2;193;170;161m[48;2;199;176;167m▄[38;2;195;173;165m[48;2;206;186;179m▄[38;2;199;178;169m[48;2;207;188;181m▄[38;2;201;180;171m[48;2;211;192;186m▄[38;2;211;192;188m[48;2;217;200;195m▄[38;2;219;200;196m[48;2;226;210;205m▄[38;2;223;205;201m[48;2;227;214;208m▄[38;2;223;208;203m[48;2;226;214;208m▄[38;2;224;210;204m[48;2;231;216;209m▄[38;2;211;193;186m[48;2;206;187;180m▄[38;2;196;173;166m[48;2;194;171;164m▄[38;2;212;192;186m[48;2;214;195;188m▄[38;2;226;211;206m[48;2;228;214;208m▄[38;2;201;183;173m[48;2;205;188;178m▄[38;2;161;142;125m[48;2;170;151;135m▄[38;2;167;149;135m[48;2;175;156;141m▄[38;2;172;153;139m[48;2;177;157;143m▄[38;2;184;166;153m[48;2;185;166;154m▄[38;2;195;177;170m[48;2;195;177;169m▄[38;2;204;187;180m[48;2;204;187;180m▄[38;2;200;182;175m[48;2;205;188;181m▄[38;2;205;188;181m[48;2;211;194;187m▄[38;2;205;186;179m[48;2;208;190;183m▄[38;2;193;174;168m[48;2;197;180;172m▄[38;2;180;154;135m[48;2;186;164;148m▄[38;2;171;138;112m[48;2;176;144;121m▄[38;2;181;155;138m[48;2;182;156;139m▄[38;2;186;162;149m[48;2;190;168;156m▄[38;2;182;156;139m[48;2;185;162;147m▄[38;2;180;152;132m[48;2;183;156;137m▄[38;2;180;151;129m[48;2;183;155;133m▄[38;2;178;150;124m[48;2;182;155;132m▄[38;2;84;58;43m[48;2;86;60;46m▄[38;2;76;31;12m[48;2;88;38;15m▄[0m
[38;2;225;206;199m[48;2;227;210;203m▄[38;2;242;222;214m[48;2;244;225;218m▄[38;2;222;202;196m[48;2;225;206;200m▄[38;2;216;196;190m[48;2;223;204;198m▄[38;2;196;177;166m[48;2;210;191;182m▄[38;2;184;161;147m[48;2;191;172;159m▄[38;2;179;150;134m[48;2;184;159;147m▄[38;2;170;141;121m[48;2;177;149;131m▄[38;2;162;131;108m[48;2;169;139;118m▄[38;2;158;124;100m[48;2;159;129;108m▄[38;2;155;119;94m[48;2;153;121;99m▄[38;2;157;121;98m[48;2;166;137;120m▄[38;2;187;165;154m[48;2;191;171;163m▄[38;2;172;143;133m[48;2;171;141;129m▄[38;2;173;143;130m[48;2;179;150;138m▄[38;2;176;146;133m[48;2;178;151;139m▄[38;2;176;147;134m[48;2;179;152;139m▄[38;2;176;149;136m[48;2;179;152;139m▄[38;2;176;149;136m[48;2;179;152;140m▄[38;2;176;147;135m[48;2;179;152;138m▄[38;2;176;147;136m[48;2;180;152;139m▄[38;2;176;148;136m[48;2;180;152;140m▄[38;2;175;146;135m[48;2;179;151;140m▄[38;2;175;146;133m[48;2;180;151;139m▄[38;2;174;145;133m[48;2;179;151;139m▄[38;2;173;145;134m[48;2;179;152;141m▄[38;2;181;155;145m[48;2;186;162;153m▄[38;2;181;155;144m[48;2;187;163;153m▄[38;2;186;159;148m[48;2;191;167;157m▄[38;2;185;162;153m[48;2;192;170;161m▄[38;2;196;176;171m[48;2;203;183;178m▄[38;2;204;186;180m[48;2;211;191;186m▄[38;2;210;194;186m[48;2;217;199;194m▄[38;2;217;199;193m[48;2;219;202;198m▄[38;2;219;202;196m[48;2;221;205;200m▄[38;2;212;193;188m[48;2;213;196;190m▄[38;2;192;169;165m[48;2;195;174;168m▄[38;2;208;188;183m[48;2;210;190;184m▄[38;2;226;211;205m[48;2;225;210;205m▄[38;2;181;161;150m[48;2;199;183;172m▄[38;2;112;84;67m[48;2;157;138;118m▄[38;2;134;107;89m[48;2;163;143;127m▄[38;2;155;132;115m[48;2;168;148;133m▄[38;2;179;160;148m[48;2;181;162;149m▄[38;2;197;179;171m[48;2;193;174;166m▄[38;2;209;193;186m[48;2;201;183;177m▄[38;2;214;199;193m[48;2;210;193;186m▄[38;2;213;199;192m[48;2;212;195;188m▄[38;2;207;194;187m[48;2;204;188;182m▄[38;2;198;183;174m[48;2;198;182;175m▄[38;2;196;179;167m[48;2;182;160;141m▄[38;2;197;182;168m[48;2;176;149;127m▄[38;2;196;179;164m[48;2;183;161;144m▄[38;2;196;179;164m[48;2;184;160;144m▄[38;2;192;175;160m[48;2;180;152;132m▄[38;2;195;177;161m[48;2;180;152;131m▄[38;2;192;173;155m[48;2;175;147;123m▄[38;2;191;170;151m[48;2;173;143;114m▄[38;2;177;155;134m[48;2;119;84;53m▄[38;2;162;141;112m[48;2;77;40;7m▄[0m
[38;2;219;199;192m[48;2;225;205;197m▄[38;2;235;214;206m[48;2;240;218;210m▄[38;2;213;195;185m[48;2;216;197;189m▄[38;2;203;182;168m[48;2;205;185;176m▄[38;2;190;161;143m[48;2;187;163;149m▄[38;2;185;153;133m[48;2;183;152;134m▄[38;2;177;145;124m[48;2;179;147;125m▄[38;2;164;133;111m[48;2;173;140;118m▄[38;2;151;119;97m[48;2;166;134;108m▄[38;2;137;103;82m[48;2;158;124;97m▄[38;2;125;90;70m[48;2;144;109;85m▄[38;2;113;77;59m[48;2;126;91;69m▄[38;2;104;72;66m[48;2;169;140;125m▄[38;2;127;103;101m[48;2;196;170;159m▄[38;2;162;140;130m[48;2;186;159;146m▄[38;2;186;164;150m[48;2;180;153;139m▄[38;2;194;170;156m[48;2;176;148;135m▄[38;2;183;158;146m[48;2;174;146;133m▄[38;2;178;149;138m[48;2;173;144;131m▄[38;2;178;149;138m[48;2;172;143;131m▄[38;2;178;149;136m[48;2;173;143;130m▄[38;2;174;147;133m[48;2;171;142;129m▄[38;2;172;143;131m[48;2;171;142;130m▄[38;2;171;141;127m[48;2;172;142;129m▄[38;2;169;140;125m[48;2;171;141;127m▄[38;2;166;137;122m[48;2;170;140;127m▄[38;2;176;149;136m[48;2;178;151;139m▄[38;2;178;149;136m[48;2;179;151;139m▄[38;2;180;151;138m[48;2;182;154;144m▄[38;2;177;153;141m[48;2;180;157;147m▄[38;2;189;168;162m[48;2;192;171;165m▄[38;2;199;178;174m[48;2;202;183;177m▄[38;2;205;186;180m[48;2;208;190;183m▄[38;2;211;195;187m[48;2;213;197;190m▄[38;2;212;196;190m[48;2;214;199;192m▄[38;2;214;200;195m[48;2;216;198;192m▄[38;2;214;200;195m[48;2;212;195;190m▄[38;2;211;195;188m[48;2;218;203;197m▄[38;2;215;199;192m[48;2;222;207;200m▄[38;2;183;160;145m[48;2;180;156;143m▄[38;2;158;128;103m[48;2;117;83;66m▄[38;2;172;145;120m[48;2;117;84;69m▄[38;2;176;146;124m[48;2;126;94;78m▄[38;2;174;144;124m[48;2;132;100;87m▄[38;2;167;139;118m[48;2;141;108;99m▄[38;2;161;131;112m[48;2;160;132;124m▄[38;2;157;125;109m[48;2;173;147;139m▄[38;2;149;118;104m[48;2;177;155;148m▄[38;2;145;115;100m[48;2;174;154;145m▄[38;2;156;129;114m[48;2;186;169;158m▄[38;2;152;122;108m[48;2;201;185;175m▄[38;2;145;111;99m[48;2;200;185;173m▄[38;2;146;115;103m[48;2;203;187;173m▄[38;2;154;125;112m[48;2;205;189;175m▄[38;2;165;141;126m[48;2;203;187;174m▄[38;2;176;155;142m[48;2;199;185;170m▄[38;2;181;161;150m[48;2;200;185;171m▄[38;2;192;173;161m[48;2;199;183;169m▄[38;2;196;179;165m[48;2;199;182;169m▄[38;2;218;200;185m[48;2;223;204;191m▄[0m
[38;2;212;194;181m[48;2;225;205;192m▄[38;2;224;204;191m[48;2;240;219;205m▄[38;2;199;180;169m[48;2;216;196;185m▄[38;2;189;168;154m[48;2;201;180;166m▄[38;2;165;133;111m[48;2;176;145;124m▄[38;2;169;139;116m[48;2;175;143;123m▄[38;2;163;131;107m[48;2;162;131;109m▄[38;2;155;123;99m[48;2;153;123;100m▄[38;2;144;109;86m[48;2;145;112;90m▄[38;2;125;90;70m[48;2;132;98;77m▄[38;2;105;72;56m[48;2;120;82;61m▄[38;2;83;56;45m[48;2;110;72;55m▄[38;2;77;55;47m[48;2;84;54;49m▄[38;2;29;21;25m[48;2;24;10;23m▄[38;2;0;0;9m[48;2;25;13;26m▄[38;2;6;0;12m[48;2;53;39;46m▄[38;2;9;2;15m[48;2;96;80;80m▄[38;2;85;72;72m[48;2;187;164;151m▄[38;2;148;127;117m[48;2;190;163;150m▄[38;2;174;149;137m[48;2;183;156;143m▄[38;2;187;160;147m[48;2;182;155;143m▄[38;2;181;154;144m[48;2;182;155;144m▄[38;2;102;84;83m[48;2;191;163;150m▄[38;2;113;94;92m[48;2;190;161;148m▄[38;2;134;111;106m[48;2;186;157;144m▄[38;2;149;125;117m[48;2;181;151;139m▄[38;2;161;133;124m[48;2;179;149;138m▄[38;2;168;138;129m[48;2;176;146;135m▄[38;2;171;142;131m[48;2;178;149;135m▄[38;2;176;148;136m[48;2;180;152;140m▄[38;2;174;152;139m[48;2;186;163;155m▄[38;2;176;156;149m[48;2;196;177;171m▄[38;2;202;183;177m[48;2;201;183;177m▄[38;2;207;189;182m[48;2;209;192;185m▄[38;2;209;193;187m[48;2;212;195;189m▄[38;2;209;194;188m[48;2;209;195;190m▄[38;2;209;194;187m[48;2;209;194;189m▄[38;2;209;194;187m[48;2;209;193;186m▄[38;2;218;202;195m[48;2;215;198;192m▄[38;2;151;138;132m[48;2;173;150;138m▄[38;2;156;136;123m[48;2;134;103;84m▄[38;2;177;154;141m[48;2;133;104;86m▄[38;2;160;140;126m[48;2;137;109;89m▄[38;2;152;129;116m[48;2;146;118;98m▄[38;2;148;123;108m[48;2;155;126;106m▄[38;2;150;123;108m[48;2;164;135;115m▄[38;2;143;116;99m[48;2;171;146;125m▄[38;2;137;110;91m[48;2;180;155;137m▄[38;2;147;118;98m[48;2;185;159;141m▄[38;2;150;122;102m[48;2;188;161;142m▄[38;2;146;116;95m[48;2;166;136;115m▄[38;2;163;132;112m[48;2;171;142;126m▄[38;2;173;144;126m[48;2;175;148;135m▄[38;2;180;153;135m[48;2;165;136;124m▄[38;2;187;160;142m[48;2;160;130;116m▄[38;2;191;162;147m[48;2;157;124;111m▄[38;2;193;165;149m[48;2;148;117;104m▄[38;2;190;162;146m[48;2;146;116;101m▄[38;2;185;156;140m[48;2;150;122;107m▄[38;2;192;161;140m[48;2;168;137;122m▄[0m
[38;2;203;184;173m[48;2;205;186;173m▄[38;2;215;194;181m[48;2;218;197;184m▄[38;2;195;175;161m[48;2;197;179;166m▄[38;2;172;144;125m[48;2;189;168;152m▄[38;2;138;109;89m[48;2;169;134;108m▄[38;2;119;93;77m[48;2;168;136;111m▄[38;2;111;85;71m[48;2;152;122;100m▄[38;2;106;79;66m[48;2;132;101;82m▄[38;2;113;85;71m[48;2;111;82;67m▄[38;2;111;83;69m[48;2;98;71;59m▄[38;2;112;85;72m[48;2;88;64;54m▄[38;2;112;87;74m[48;2;83;60;51m▄[38;2;108;84;71m[48;2;97;71;60m▄[38;2;114;87;74m[48;2;80;60;53m▄[38;2;104;81;71m[48;2;26;21;25m▄[38;2;88;72;65m[48;2;3;3;11m▄[38;2;61;50;50m[48;2;0;0;8m▄[38;2;35;30;33m[48;2;0;0;0m▄[38;2;42;33;35m[48;2;0;0;0m▄[38;2;59;41;43m[48;2;14;12;16m▄[38;2;53;34;35m[48;2;37;31;34m▄[38;2;41;24;28m[48;2;42;37;38m▄[38;2;16;9;19m[48;2;10;6;18m▄[38;2;5;2;13m[48;2;10;3;19m▄[38;2;9;6;16m[48;2;12;4;18m▄[38;2;10;6;18m[48;2;17;11;24m▄[38;2;7;5;18m[48;2;22;17;28m▄[38;2;2;2;15m[48;2;27;21;31m▄[38;2;0;0;13m[48;2;31;25;32m▄[38;2;0;0;5m[48;2;34;27;33m▄[38;2;34;25;31m[48;2;22;17;20m▄[38;2;186;168;160m[48;2;132;118;113m▄[38;2;199;181;172m[48;2;209;189;182m▄[38;2;202;186;178m[48;2;204;187;180m▄[38;2;207;190;183m[48;2;208;192;185m▄[38;2;210;193;186m[48;2;210;193;186m▄[38;2;207;192;186m[48;2;207;192;185m▄[38;2;198;182;175m[48;2;211;195;188m▄[38;2;186;167;156m[48;2;218;201;194m▄[38;2;189;168;155m[48;2;160;145;137m▄[38;2;191;172;160m[48;2;165;146;134m▄[38;2;196;176;165m[48;2;198;177;164m▄[38;2;191;172;160m[48;2;193;174;162m▄[38;2;188;166;156m[48;2;189;169;158m▄[38;2;187;168;155m[48;2;191;171;158m▄[38;2;188;168;156m[48;2;190;171;157m▄[38;2;193;173;160m[48;2;188;167;154m▄[38;2;187;168;155m[48;2;178;158;145m▄[38;2;197;179;166m[48;2;173;153;139m▄[38;2;194;176;163m[48;2;162;141;127m▄[38;2;187;167;154m[48;2;155;133;119m▄[38;2;192;171;158m[48;2;155;129;112m▄[38;2;193;172;161m[48;2;148;121;103m▄[38;2;183;161;149m[48;2;146;118;98m▄[38;2;175;153;140m[48;2;141;112;92m▄[38;2;165;142;127m[48;2;146;117;97m▄[38;2;160;135;120m[48;2;147;118;99m▄[38;2;156;131;116m[48;2;158;128;107m▄[38;2;143;117;101m[48;2;164;134;113m▄[38;2;148;119;102m[48;2;187;154;133m▄[0m
[38;2;199;181;166m[48;2;201;182;169m▄[38;2;211;190;175m[48;2;213;192;178m▄[38;2;196;172;161m[48;2;199;174;161m▄[38;2;172;140;114m[48;2;142;108;86m▄[38;2;136;98;70m[48;2;76;49;36m▄[38;2;104;65;45m[48;2;78;50;40m▄[38;2;137;101;77m[48;2;91;65;52m▄[38;2;135;103;83m[48;2;92;67;55m▄[38;2;122;91;76m[48;2;110;82;69m▄[38;2;112;82;68m[48;2;103;77;65m▄[38;2;112;80;65m[48;2;124;97;82m▄[38;2;108;78;63m[48;2;125;99;83m▄[38;2;108;80;70m[48;2;117;93;81m▄[38;2;116;89;77m[48;2;125;99;84m▄[38;2;132;104;88m[48;2;113;89;75m▄[38;2;130;105;88m[48;2;109;85;72m▄[38;2;138;111;93m[48;2;118;94;80m▄[38;2;131;106;92m[48;2;112;88;75m▄[38;2;113;88;76m[48;2;124;98;84m▄[38;2;110;88;77m[48;2;129;102;90m▄[38;2;109;87;76m[48;2;137;109;96m▄[38;2;115;92;79m[48;2;142;109;100m▄[38;2;137;110;96m[48;2;82;64;62m▄[38;2;117;94;82m[48;2;13;11;17m▄[38;2;104;84;74m[48;2;8;6;16m▄[38;2;96;79;72m[48;2;1;0;12m▄[38;2;82;67;63m[48;2;0;0;9m▄[38;2;70;57;57m[48;2;0;0;8m▄[38;2;61;50;51m[48;2;0;0;8m▄[38;2;84;71;68m[48;2;0;0;0m▄[38;2;175;155;142m[48;2;123;109;105m▄[38;2;176;156;146m[48;2;201;180;172m▄[38;2;182;163;156m[48;2;194;176;169m▄[38;2;184;163;155m[48;2;201;184;178m▄[38;2;185;166;155m[48;2;204;187;180m▄[38;2;196;177;165m[48;2;197;179;170m▄[38;2;195;176;164m[48;2;187;168;158m▄[38;2;195;176;164m[48;2;182;162;152m▄[38;2;198;180;168m[48;2;189;170;158m▄[38;2;190;170;159m[48;2;189;171;160m▄[38;2;185;166;153m[48;2;189;169;157m▄[38;2;192;172;160m[48;2;196;177;165m▄[38;2;193;174;162m[48;2;189;170;159m▄[38;2;193;173;159m[48;2;188;167;155m▄[38;2;187;167;155m[48;2;192;172;159m▄[38;2;201;183;172m[48;2;201;183;171m▄[38;2;205;186;175m[48;2;204;185;174m▄[38;2;194;175;165m[48;2;191;172;160m▄[38;2;195;176;164m[48;2;191;172;159m▄[38;2;199;179;168m[48;2;191;171;159m▄[38;2;203;185;172m[48;2;185;165;154m▄[38;2;198;177;166m[48;2;196;177;166m▄[38;2;194;175;163m[48;2;192;173;162m▄[38;2;197;179;166m[48;2;193;171;158m▄[38;2;191;171;159m[48;2;195;175;162m▄[38;2;194;175;164m[48;2;192;172;159m▄[38;2;195;175;164m[48;2;194;173;160m▄[38;2;191;170;160m[48;2;190;169;157m▄[38;2;191;170;158m[48;2;182;160;147m▄[38;2;210;186;172m[48;2;192;167;153m▄[0m
[38;2;198;174;162m[48;2;197;177;164m▄[38;2;228;201;187m[48;2;211;188;174m▄[38;2;206;178;163m[48;2;193;169;155m▄[38;2;186;150;122m[48;2;173;141;115m▄[38;2;178;140;110m[48;2;156;122;92m▄[38;2;142;99;74m[48;2;116;77;56m▄[38;2;143;99;73m[48;2;146;107;82m▄[38;2;178;138;109m[48;2;172;136;109m▄[38;2;182;145;118m[48;2;176;142;119m▄[38;2;187;152;126m[48;2;175;143;120m▄[38;2;176;140;111m[48;2;154;119;95m▄[38;2;188;153;127m[48;2;153;121;98m▄[38;2;199;164;138m[48;2;133;103;86m▄[38;2;198;163;137m[48;2;121;92;76m▄[38;2;191;157;132m[48;2;111;83;69m▄[38;2;181;147;123m[48;2;110;82;67m▄[38;2;162;129;107m[48;2;113;84;71m▄[38;2;147;114;93m[48;2;120;91;78m▄[38;2;134;101;83m[48;2;127;99;87m▄[38;2;118;87;71m[48;2;141;114;100m▄[38;2;126;93;78m[48;2;142;118;103m▄[38;2;137;105;90m[48;2;157;130;116m▄[38;2;141;114;98m[48;2;157;132;117m▄[38;2;156;127;114m[48;2;162;138;124m▄[38;2;162;134;121m[48;2;166;140;127m▄[38;2;171;143;128m[48;2;158;131;117m▄[38;2;175;147;131m[48;2;174;149;133m▄[38;2;183;155;140m[48;2;174;148;133m▄[38;2;174;147;133m[48;2;182;157;143m▄[38;2;187;161;146m[48;2;191;168;153m▄[38;2;195;171;158m[48;2;185;164;151m▄[38;2;199;174;161m[48;2;180;159;148m▄[38;2;211;188;174m[48;2;186;165;155m▄[38;2;207;183;169m[48;2;191;170;158m▄[38;2;205;181;167m[48;2;192;172;159m▄[38;2;209;187;175m[48;2;195;175;165m▄[38;2;211;190;176m[48;2;197;177;166m▄[38;2;209;189;175m[48;2;198;180;169m▄[38;2;214;193;180m[48;2;195;176;167m▄[38;2;209;187;175m[48;2;194;174;163m▄[38;2;209;188;176m[48;2;193;174;161m▄[38;2;207;187;175m[48;2;190;171;158m▄[38;2;208;188;173m[48;2;189;171;159m▄[38;2;212;191;177m[48;2;193;174;162m▄[38;2;217;196;185m[48;2;198;180;168m▄[38;2;215;193;182m[48;2;198;179;168m▄[38;2;221;202;189m[48;2;201;182;171m▄[38;2;211;189;177m[48;2;195;176;165m▄[38;2;218;197;184m[48;2;198;178;167m▄[38;2;219;200;187m[48;2;202;182;171m▄[38;2;219;197;186m[48;2;201;181;170m▄[38;2;215;195;182m[48;2;199;180;167m▄[38;2;217;196;183m[48;2;199;179;167m▄[38;2;211;190;176m[48;2;197;178;166m▄[38;2;212;190;177m[48;2;194;173;161m▄[38;2;212;191;178m[48;2;197;177;165m▄[38;2;210;187;174m[48;2;191;170;159m▄[38;2;209;189;176m[48;2;193;172;162m▄[38;2;206;184;171m[48;2;196;176;165m▄[38;2;224;200;185m[48;2;219;197;184m▄[0m
