[38;2;117;125;207m[48;2;119;127;208m▄[38;2;128;138;234m[48;2;121;129;217m▄[38;2;116;125;214m[48;2;108;117;199m▄[38;2;121;130;216m[48;2;115;123;201m▄[38;2;126;135;220m[48;2;121;129;207m▄[38;2;126;135;222m[48;2;119;127;207m▄[38;2;124;133;219m[48;2;115;123;203m▄[38;2;121;129;214m[48;2;111;119;199m▄[38;2;90;108;220m[48;2;82;100;207m▄[38;2;76;96;205m[48;2;74;92;197m▄[38;2;132;158;233m[48;2;104;127;205m▄[38;2;167;197;255m[48;2;148;176;248m▄[38;2;158;188;255m[48;2;146;174;246m▄[38;2;140;172;253m[48;2;139;172;246m▄[38;2;113;136;231m[48;2;106;131;215m▄[38;2;146;178;255m[48;2;141;168;248m▄[38;2;136;191;237m[48;2;117;146;222m▄[38;2;121;169;232m[48;2;86;108;195m▄[38;2;108;139;230m[48;2;123;152;236m▄[38;2;133;162;252m[48;2;131;160;240m▄[38;2;139;173;255m[48;2;133;166;244m▄[38;2;143;182;255m[48;2;133;168;246m▄[38;2;139;166;249m[48;2;133;158;230m▄[38;2;225;218;238m[48;2;211;207;220m▄[38;2;167;203;233m[48;2;156;189;217m▄[38;2;96;206;255m[48;2;90;193;242m▄[38;2;90;202;255m[48;2;94;195;244m▄[38;2;77;197;255m[48;2;76;187;244m▄[38;2;78;198;255m[48;2;74;185;246m▄[38;2;76;196;255m[48;2;74;187;246m▄[38;2;86;205;255m[48;2;69;187;246m▄[38;2;113;219;255m[48;2;94;201;246m▄[38;2;97;208;255m[48;2;104;205;246m▄[38;2;75;197;255m[48;2;78;189;246m▄[38;2;76;199;255m[48;2;69;187;248m▄[38;2;72;202;255m[48;2;69;185;244m▄[38;2;115;186;216m[48;2;143;164;164m▄[38;2;120;176;200m[48;2;90;187;234m▄[38;2;90;183;232m[48;2;61;195;254m▄[38;2;143;169;171m[48;2;125;156;164m▄[38;2;113;203;248m[48;2;131;166;172m▄[38;2;84;201;255m[48;2;92;199;250m▄[38;2;74;193;255m[48;2;74;189;250m▄[38;2;69;182;229m[48;2;69;183;238m▄[38;2;74;190;246m[48;2;63;170;209m▄[38;2;72;188;241m[48;2;69;183;232m▄[38;2;68;182;230m[48;2;74;189;242m▄[38;2;74;190;246m[48;2;67;174;217m▄[38;2;72;192;251m[48;2;71;185;234m▄[38;2;77;188;240m[48;2;61;172;217m▄[38;2;109;206;240m[48;2;94;195;240m▄[38;2;122;219;250m[48;2;121;220;254m▄[38;2;127;225;255m[48;2;125;220;252m▄[38;2;128;229;255m[48;2;125;217;248m▄[38;2;97;208;255m[48;2;111;209;246m▄[38;2;74;197;255m[48;2;76;189;246m▄[38;2;76;198;255m[48;2;74;189;248m▄[38;2;77;198;255m[48;2;74;189;248m▄[38;2;77;198;255m[48;2;74;189;248m▄[38;2;84;215;255m[48;2;80;205;254m▄[0m
[38;2;121;129;207m[48;2;117;125;205m▄[38;2;127;136;220m[48;2;115;125;214m▄[38;2;119;128;203m[48;2;114;123;203m▄[38;2;122;130;205m[48;2;117;126;203m▄[38;2;126;134;210m[48;2;119;128;206m▄[38;2;116;125;202m[48;2;116;125;204m▄[38;2;121;130;205m[48;2;113;122;202m▄[38;2;121;129;202m[48;2;113;121;199m▄[38;2;89;102;198m[48;2;83;99;201m▄[38;2;73;94;189m[48;2;69;90;187m▄[38;2;116;141;217m[48;2;130;155;222m▄[38;2;135;161;233m[48;2;159;186;244m▄[38;2;142;168;236m[48;2;156;182;244m▄[38;2;135;161;229m[48;2;127;152;224m▄[38;2;103;125;208m[48;2;109;129;214m▄[38;2;136;166;235m[48;2;129;165;227m▄[38;2;117;170;217m[48;2;121;184;218m▄[38;2;123;162;213m[48;2;132;180;226m▄[38;2;108;133;214m[48;2;104;131;206m▄[38;2;126;152;236m[48;2;124;153;235m▄[38;2;131;160;237m[48;2;127;157;234m▄[38;2;130;164;242m[48;2;129;165;242m▄[38;2;123;149;226m[48;2;120;146;225m▄[38;2;204;198;217m[48;2;207;200;221m▄[38;2;145;181;214m[48;2;150;185;215m▄[38;2;60;170;242m[48;2;77;181;241m▄[38;2;64;172;245m[48;2;68;176;241m▄[38;2;64;172;245m[48;2;65;177;243m▄[38;2;63;173;243m[48;2;64;178;243m▄[38;2;86;187;245m[48;2;69;181;244m▄[38;2;97;193;246m[48;2;98;197;247m▄[38;2;70;176;244m[48;2;94;193;245m▄[38;2;64;172;246m[48;2;69;176;245m▄[38;2;67;175;248m[48;2;65;178;246m▄[38;2;67;177;248m[48;2;67;181;246m▄[38;2;62;177;251m[48;2;69;183;247m▄[38;2;67;174;244m[48;2;60;181;250m▄[38;2;131;157;165m[48;2;113;142;151m▄[38;2;134;143;134m[48;2;131;130;115m▄[38;2;94;164;205m[48;2;106;176;211m▄[38;2;58;174;253m[48;2;75;186;255m▄[38;2;66;175;246m[48;2;66;178;248m▄[38;2;67;175;245m[48;2;62;168;217m▄[38;2;63;166;224m[48;2;62;165;209m▄[38;2;63;168;225m[48;2;68;178;237m▄[38;2;65;177;245m[48;2;65;171;223m▄[38;2;62;172;230m[48;2;64;169;220m▄[38;2;59;164;216m[48;2;63;167;218m▄[38;2;82;177;223m[48;2;65;169;220m▄[38;2;105;191;228m[48;2;93;185;224m▄[38;2;109;195;231m[48;2;112;199;232m▄[38;2;109;204;255m[48;2;111;196;226m▄[38;2;88;187;246m[48;2;103;188;215m▄[38;2;59;162;212m[48;2;89;187;231m▄[38;2;65;178;248m[48;2;67;181;245m▄[38;2;67;176;246m[48;2;67;181;244m▄[38;2;65;177;246m[48;2;68;181;244m▄[38;2;64;177;247m[48;2;68;181;244m▄[38;2;65;177;247m[48;2;68;181;245m▄[38;2;68;192;255m[48;2;75;196;255m▄[0m
[38;2;125;133;209m[48;2;131;139;215m▄[38;2;136;145;226m[48;2;140;148;228m▄[38;2;127;135;208m[48;2;121;129;204m▄[38;2;128;137;210m[48;2;128;137;211m▄[38;2;118;127;203m[48;2;124;132;210m▄[38;2;125;133;206m[48;2;119;128;204m▄[38;2;135;144;216m[48;2;134;142;213m▄[38;2;126;133;204m[48;2;127;134;202m▄[38;2;92;106;195m[48;2;91;104;194m▄[38;2;69;93;190m[48;2;71;94;190m▄[38;2;126;151;226m[48;2;122;147;223m▄[38;2;136;165;238m[48;2;133;159;233m▄[38;2;138;166;240m[48;2;132;159;234m▄[38;2;140;168;241m[48;2;138;167;239m▄[38;2;141;168;242m[48;2;105;131;212m▄[38;2;117;142;220m[48;2;108;129;214m▄[38;2;108;129;212m[48;2;127;151;228m▄[38;2;117;141;222m[48;2;132;156;231m▄[38;2;124;149;228m[48;2;133;160;235m▄[38;2;128;158;236m[48;2;119;145;227m▄[38;2;131;162;238m[48;2;130;160;241m▄[38;2;131;162;239m[48;2;128;160;240m▄[38;2;128;152;228m[48;2;124;148;223m▄[38;2;207;201;218m[48;2;202;196;215m▄[38;2;131;173;213m[48;2;140;177;215m▄[38;2;49;164;244m[48;2;54;166;243m▄[38;2;57;165;244m[48;2;63;171;244m▄[38;2;64;169;244m[48;2;61;170;244m▄[38;2;89;184;247m[48;2;76;179;246m▄[38;2;77;176;246m[48;2;95;190;247m▄[38;2;60;168;247m[48;2;74;179;246m▄[38;2;61;170;248m[48;2;59;171;247m▄[38;2;62;171;248m[48;2;63;173;246m▄[38;2;63;171;249m[48;2;64;175;246m▄[38;2;49;169;255m[48;2;63;175;251m▄[38;2;127;175;202m[48;2;59;173;252m▄[38;2;149;171;175m[48;2;134;164;175m▄[38;2;87;182;247m[48;2;125;172;195m▄[38;2;59;172;255m[48;2;92;178;233m▄[38;2;101;163;199m[48;2;133;163;174m▄[38;2;121;158;172m[48;2;64;170;240m▄[38;2;53;170;248m[48;2;62;176;251m▄[38;2;62;173;246m[48;2;64;175;248m▄[38;2;64;172;244m[48;2;67;176;251m▄[38;2;65;174;251m[48;2;68;177;253m▄[38;2;56;160;216m[48;2;63;172;239m▄[38;2;64;165;224m[48;2;57;160;213m▄[38;2;95;183;230m[48;2;80;181;247m▄[38;2;103;186;220m[48;2;100;184;219m▄[38;2;104;195;253m[48;2;112;202;251m▄[38;2;94;188;247m[48;2;105;188;219m▄[38;2;66;167;229m[48;2;91;182;226m▄[38;2;55;165;236m[48;2;62;162;218m▄[38;2;59;171;252m[48;2;58;164;224m▄[38;2;58;170;247m[48;2;64;175;250m▄[38;2;58;170;247m[48;2;64;174;247m▄[38;2;59;170;249m[48;2;62;174;247m▄[38;2;58;170;251m[48;2;61;173;248m▄[38;2;50;171;255m[48;2;60;174;251m▄[38;2;106;167;204m[48;2;71;187;255m▄[0m
[38;2;129;137;209m[48;2;127;135;207m▄[38;2;138;147;225m[48;2;135;144;223m▄[38;2;126;134;206m[48;2;130;138;209m▄[38;2;125;133;207m[48;2;123;131;206m▄[38;2;138;147;215m[48;2;130;139;210m▄[38;2;135;144;213m[48;2;130;138;209m▄[38;2;136;144;213m[48;2;131;139;212m▄[38;2;130;138;204m[48;2;126;133;205m▄[38;2;93;107;189m[48;2;94;107;191m▄[38;2;73;96;191m[48;2;71;96;191m▄[38;2;124;154;234m[48;2;128;157;230m▄[38;2;134;164;240m[48;2;140;167;240m▄[38;2;139;168;242m[48;2;140;167;241m▄[38;2;145;172;245m[48;2;139;168;241m▄[38;2;146;173;245m[48;2;140;168;242m▄[38;2;146;172;243m[48;2;141;170;243m▄[38;2;147;174;243m[48;2;137;168;241m▄[38;2;147;173;245m[48;2;134;162;237m▄[38;2;144;171;243m[48;2;139;167;238m▄[38;2;142;168;242m[48;2;141;168;240m▄[38;2;143;170;240m[48;2;138;165;239m▄[38;2;140;168;241m[48;2;135;164;239m▄[38;2;130;155;226m[48;2;129;152;226m▄[38;2;185;202;183m[48;2;189;183;207m▄[38;2;112;169;202m[48;2;118;167;212m▄[38;2;50;160;249m[48;2;52;165;245m▄[38;2;73;170;245m[48;2;60;166;242m▄[38;2;81;175;246m[48;2;81;178;245m▄[38;2;63;164;247m[48;2;80;178;245m▄[38;2;57;162;247m[48;2;61;167;244m▄[38;2;60;166;250m[48;2;61;169;246m▄[38;2;60;166;250m[48;2;63;170;247m▄[38;2;56;166;255m[48;2;64;171;247m▄[38;2;61;157;230m[48;2;57;172;255m▄[38;2;133;150;147m[48;2;79;156;208m▄[38;2;105;172;219m[48;2;144;158;153m▄[38;2;71;172;255m[48;2;94;183;239m▄[38;2;56;159;246m[48;2;70;173;250m▄[38;2;58;163;247m[48;2;57;167;250m▄[38;2;56;167;255m[48;2;56;168;247m▄[38;2;64;155;225m[48;2;124;150;156m▄[38;2;161;170;164m[48;2;96;157;192m▄[38;2;85;167;229m[48;2;52;170;255m▄[38;2;51;164;255m[48;2;63;171;246m▄[38;2;57;163;247m[48;2;61;169;248m▄[38;2;72;171;249m[48;2;60;167;240m▄[38;2;92;182;251m[48;2;80;172;220m▄[38;2;98;186;252m[48;2;101;184;223m▄[38;2;86;177;246m[48;2;102;191;247m▄[38;2;68;167;245m[48;2;91;183;247m▄[38;2;56;160;247m[48;2;70;172;247m▄[38;2;57;160;248m[48;2;58;167;252m▄[38;2;58;160;247m[48;2;59;168;252m▄[38;2;57;160;248m[48;2;59;167;249m▄[38;2;58;159;248m[48;2;60;165;248m▄[38;2;57;160;248m[48;2;58;166;248m▄[38;2;52;160;255m[48;2;59;166;249m▄[38;2;66;158;232m[48;2;52;168;255m▄[38;2;135;149;147m[48;2;78;154;208m▄[38;2;87;172;235m[48;2;122;150;157m▄[0m
[38;2;135;146;213m[48;2;135;143;211m▄[38;2;138;146;224m[48;2;139;147;225m▄[38;2;133;141;210m[48;2;124;132;205m▄[38;2;133;142;209m[48;2;125;133;205m▄[38;2;123;131;204m[48;2;130;138;209m▄[38;2;129;137;210m[48;2;134;142;214m▄[38;2;132;140;211m[48;2;136;144;214m▄[38;2;132;140;208m[48;2;136;144;209m▄[38;2;101;112;191m[48;2;97;109;191m▄[38;2;78;101;191m[48;2;77;99;192m▄[38;2;129;157;235m[48;2;124;153;236m▄[38;2;141;171;241m[48;2;134;164;240m▄[38;2;146;173;243m[48;2;142;169;242m▄[38;2;150;178;243m[48;2;147;174;244m▄[38;2;149;176;244m[48;2;152;179;243m▄[38;2;143;170;243m[48;2;152;178;243m▄[38;2;138;165;240m[48;2;146;173;243m▄[38;2;140;166;241m[48;2;141;169;242m▄[38;2;151;180;245m[48;2;142;169;243m▄[38;2;147;179;244m[48;2;154;183;247m▄[38;2;130;162;241m[48;2;147;177;242m▄[38;2;124;156;242m[48;2;126;158;239m▄[38;2;125;149;228m[48;2;123;147;226m▄[38;2;197;216;184m[48;2;201;225;184m▄[38;2;109;170;213m[48;2;111;171;201m▄[38;2;46;129;214m[48;2;53;160;255m▄[38;2;88;139;203m[48;2;70;169;255m▄[38;2;52;146;244m[48;2;60;158;248m▄[38;2;50;152;248m[48;2;54;154;247m▄[38;2;52;152;246m[48;2;56;157;249m▄[38;2;53;153;248m[48;2;57;158;249m▄[38;2;42;150;253m[48;2;55;158;252m▄[38;2;124;160;183m[48;2;55;156;247m▄[38;2;139;169;187m[48;2;138;160;167m▄[38;2;70;160;251m[48;2;111;159;196m▄[38;2;52;151;250m[48;2;73;170;255m▄[38;2;65;147;242m[48;2;57;152;244m▄[38;2;61;148;242m[48;2;55;153;247m▄[38;2;51;155;249m[48;2;57;159;249m▄[38;2;53;153;248m[48;2;57;158;249m▄[38;2;53;154;249m[48;2;47;158;255m▄[38;2;44;152;254m[48;2;99;160;205m▄[38;2;114;154;179m[48;2;155;167;162m▄[38;2;127;160;178m[48;2;47;148;237m▄[38;2;71;164;251m[48;2;64;164;252m▄[38;2;81;168;249m[48;2;84;172;248m▄[38;2;81;166;247m[48;2;88;175;246m▄[38;2;71;161;247m[48;2;85;173;247m▄[38;2;53;151;247m[48;2;68;163;247m▄[38;2;49;150;250m[48;2;54;155;247m▄[38;2;52;151;249m[48;2;54;156;248m▄[38;2;51;151;248m[48;2;55;155;247m▄[38;2;51;151;247m[48;2;55;156;248m▄[38;2;51;151;247m[48;2;55;156;248m▄[38;2;51;151;249m[48;2;54;155;247m▄[38;2;42;151;255m[48;2;53;155;250m▄[38;2;107;152;181m[48;2;52;154;248m▄[38;2;104;140;160m[48;2;123;146;153m▄[38;2;63;163;253m[48;2;90;148;189m▄[38;2;88;185;255m[48;2;83;189;255m▄[0m
[38;2;131;141;205m[48;2;139;148;220m▄[38;2;133;145;210m[48;2;144;153;230m▄[38;2;116;127;187m[48;2;139;148;214m▄[38;2;118;128;195m[48;2;131;139;207m▄[38;2;121;131;196m[48;2;125;134;205m▄[38;2;125;134;200m[48;2;130;138;210m▄[38;2;128;138;204m[48;2;135;143;215m▄[38;2;126;136;199m[48;2;130;138;209m▄[38;2;102;112;182m[48;2;104;114;192m▄[38;2;87;108;197m[48;2;83;106;194m▄[38;2;137;164;237m[48;2;138;166;237m▄[38;2;138;168;241m[48;2;143;171;242m▄[38;2;138;166;240m[48;2;142;169;242m▄[38;2;136;163;236m[48;2;142;169;242m▄[38;2;136;162;236m[48;2;140;166;240m▄[38;2;142;170;240m[48;2;136;162;237m▄[38;2;149;179;245m[48;2;143;170;239m▄[38;2;147;178;245m[48;2;158;187;246m▄[38;2;136;170;244m[48;2;152;181;245m▄[38;2;134;168;241m[48;2;133;167;239m▄[38;2;134;166;245m[48;2;130;163;240m▄[38;2;134;167;249m[48;2;129;162;246m▄[38;2;134;161;227m[48;2;131;157;229m▄[38;2;200;222;180m[48;2;196;218;182m▄[38;2;112;167;202m[48;2;111;166;206m▄[38;2;176;183;226m[48;2;168;173;201m▄[38;2;248;251;251m[48;2;230;218;203m▄[38;2;189;187;193m[48;2;111;146;202m▄[38;2;52;134;232m[48;2;38;144;250m▄[38;2;36;148;255m[48;2;51;148;247m▄[38;2;69;147;226m[48;2;39;146;255m▄[38;2;155;166;165m[48;2;92;151;203m▄[38;2;85;155;227m[48;2;147;163;168m▄[38;2;54;150;255m[48;2;71;155;241m▄[38;2;35;139;252m[48;2;56;149;249m▄[38;2;60;151;255m[48;2;50;142;243m▄[38;2;101;161;241m[48;2;91;158;240m▄[38;2;56;121;230m[48;2;60;137;238m▄[38;2;62;140;240m[48;2;51;145;246m▄[38;2;48;147;249m[48;2;50;148;248m▄[38;2;50;148;249m[48;2;50;148;248m▄[38;2;49;147;248m[48;2;46;148;253m▄[38;2;58;153;254m[48;2;48;143;242m▄[38;2;84;155;221m[48;2;152;167;165m▄[38;2;156;167;158m[48;2;116;161;197m▄[38;2;70;150;229m[48;2;64;157;254m▄[38;2;46;146;254m[48;2;63;152;247m▄[38;2;46;144;247m[48;2;53;148;246m▄[38;2;56;146;244m[48;2;49;144;246m▄[38;2;63;138;238m[48;2;56;144;245m▄[38;2;44;146;249m[48;2;48;147;249m▄[38;2;40;153;255m[48;2;48;146;248m▄[38;2;44;156;255m[48;2;48;145;247m▄[38;2;42;142;242m[48;2;48;148;252m▄[38;2;61;119;192m[48;2;41;152;255m▄[38;2;139;127;127m[48;2;96;161;211m▄[38;2;74;113;172m[48;2;128;159;166m▄[38;2;73;108;177m[48;2;55;161;255m▄[38;2;69;97;157m[48;2;73;175;255m▄[38;2;63;126;200m[48;2;62;174;255m▄[0m
[38;2;135;143;211m[48;2;133;143;207m▄[38;2;146;156;229m[48;2;140;150;218m▄[38;2;130;138;209m[48;2;118;128;194m▄[38;2;129;137;210m[48;2;124;133;203m▄[38;2;136;145;215m[48;2;130;139;210m▄[38;2;135;144;211m[48;2;131;140;206m▄[38;2;133;142;208m[48;2;132;142;207m▄[38;2;140;149;212m[48;2;136;145;209m▄[38;2;108;119;195m[48;2;110;121;192m▄[38;2;82;104;194m[48;2;85;108;198m▄[38;2;131;161;235m[48;2;136;163;238m▄[38;2;131;164;236m[48;2;137;167;239m▄[38;2;130;160;233m[48;2;133;162;235m▄[38;2;129;160;232m[48;2;131;159;233m▄[38;2;132;162;235m[48;2;142;168;239m▄[38;2;136;164;238m[48;2;149;175;243m▄[38;2;143;170;242m[48;2;142;170;243m▄[38;2;145;171;243m[48;2;141;170;244m▄[38;2;142;170;243m[48;2;141;172;245m▄[38;2;135;168;241m[48;2;136;170;244m▄[38;2;135;168;241m[48;2;135;169;245m▄[38;2;144;177;254m[48;2;140;173;250m▄[38;2;140;167;237m[48;2;140;166;227m▄[38;2;182;206;166m[48;2;199;222;180m▄[38;2;170;199;113m[48;2;110;171;206m▄[38;2;116;156;82m[48;2;63;128;220m▄[38;2;171;163;130m[48;2;185;185;209m▄[38;2;227;220;223m[48;2;234;235;233m▄[38;2;121;114;101m[48;2;137;160;196m▄[38;2;146;167;72m[48;2;53;140;217m▄[38;2;157;184;73m[48;2;141;155;141m▄[38;2;185;216;106m[48;2;122;160;177m▄[38;2;161;190;90m[48;2;74;154;228m▄[38;2;171;198;81m[48;2;77;150;198m▄[38;2;187;210;92m[48;2;64;148;217m▄[38;2;186;202;80m[48;2;90;156;194m▄[38;2;106;157;198m[48;2;89;151;239m▄[38;2;87;159;228m[48;2;48;124;240m▄[38;2;93;170;222m[48;2;42;143;252m▄[38;2;95;169;219m[48;2;43;145;253m▄[38;2;98;171;219m[48;2;41;143;252m▄[38;2;109;175;221m[48;2;50;146;252m▄[38;2;104;172;224m[48;2;68;156;251m▄[38;2;91;166;228m[48;2;58;154;255m▄[38;2;80;161;225m[48;2;88;145;200m▄[38;2;142;163;161m[48;2;129;150;160m▄[38;2;111;148;175m[48;2;46;142;245m▄[38;2;62;155;238m[48;2;36;141;254m▄[38;2;81;157;230m[48;2;58;143;248m▄[38;2;86;156;228m[48;2;63;135;246m▄[38;2;77;152;220m[48;2;44;129;233m▄[38;2;97;116;153m[48;2;82;58;112m▄[38;2;79;116;158m[48;2;61;58;107m▄[38;2;84;89;102m[48;2;39;29;57m▄[38;2;76;50;52m[48;2;81;0;7m▄[38;2;101;53;65m[48;2;121;11;44m▄[38;2;135;61;82m[48;2;143;17;58m▄[38;2;111;28;49m[48;2;142;7;40m▄[38;2;81;15;27m[48;2;119;3;24m▄[38;2;93;34;50m[48;2;137;27;39m▄[0m
[38;2;141;150;220m[48;2;135;146;215m▄[38;2;145;155;231m[48;2;143;153;229m▄[38;2;132;140;211m[48;2;132;140;212m▄[38;2;157;165;227m[48;2;131;139;213m▄[38;2;161;170;229m[48;2;144;153;220m▄[38;2;145;153;216m[48;2;136;145;212m▄[38;2;135;145;209m[48;2;132;141;207m▄[38;2;145;154;215m[48;2;131;140;205m▄[38;2;111;121;196m[48;2;102;112;191m▄[38;2;85;105;192m[48;2;81;103;193m▄[38;2;134;158;233m[48;2;131;158;235m▄[38;2;133;163;239m[48;2;129;162;238m▄[38;2;130;159;237m[48;2;127;158;235m▄[38;2;130;160;235m[48;2;130;158;234m▄[38;2;136;166;239m[48;2;131;163;235m▄[38;2;137;167;239m[48;2;138;167;240m▄[38;2;137;166;239m[48;2;141;168;241m▄[38;2;136;166;239m[48;2;139;166;239m▄[38;2;136;166;239m[48;2;138;166;239m▄[38;2;136;167;239m[48;2;135;167;240m▄[38;2;134;168;255m[48;2;138;171;245m▄[38;2;151;173;161m[48;2;141;170;239m▄[38;2;206;213;31m[48;2;148;170;170m▄[38;2;203;215;67m[48;2;189;215;103m▄[38;2;232;237;47m[48;2;193;222;104m▄[38;2;198;205;55m[48;2;150;181;75m▄[38;2;91;158;164m[48;2;182;203;90m▄[38;2;75;180;235m[48;2;103;137;126m▄[38;2;143;183;120m[48;2;49;102;129m▄[38;2;221;225;46m[48;2;158;187;99m▄[38;2;216;223;61m[48;2;134;168;70m▄[38;2;194;200;54m[48;2;139;172;71m▄[38;2;211;216;53m[48;2;198;228;111m▄[38;2;211;221;63m[48;2;190;214;102m▄[38;2;171;201;96m[48;2;197;222;99m▄[38;2;127;159;55m[48;2;198;225;103m▄[38;2;167;198;127m[48;2;140;183;164m▄[38;2;146;201;214m[48;2;141;195;202m▄[38;2;152;204;213m[48;2;142;193;194m▄[38;2;157;207;213m[48;2;143;190;190m▄[38;2;154;202;218m[48;2;155;199;194m▄[38;2;156;202;210m[48;2;159;202;194m▄[38;2;155;202;210m[48;2;153;196;192m▄[38;2;152;199;215m[48;2;147;193;193m▄[38;2;153;204;219m[48;2;140;194;199m▄[38;2;154;207;223m[48;2;132;181;193m▄[38;2;157;197;207m[48;2;150;160;150m▄[38;2;155;166;162m[48;2;147;180;178m▄[38;2;148;195;202m[48;2;139;192;199m▄[38;2;154;207;214m[48;2;139;193;197m▄[38;2;150;206;208m[48;2;143;195;202m▄[38;2;141;179;177m[48;2;136;200;211m▄[38;2;143;153;148m[48;2;136;168;168m▄[38;2;152;196;182m[48;2;147;169;164m▄[38;2;174;222;194m[48;2;146;201;201m▄[38;2;164;215;188m[48;2;147;200;194m▄[38;2;158;212;191m[48;2;135;191;193m▄[38;2;157;213;215m[48;2;121;154;164m▄[38;2;158;214;224m[48;2;121;159;164m▄[38;2;178;233;243m[48;2;142;196;203m▄[0m
[38;2;152;162;222m[48;2;150;160;222m▄[38;2;156;166;234m[48;2;153;164;234m▄[38;2;139;149;214m[48;2;140;149;215m▄[38;2;137;146;212m[48;2;153;160;221m▄[38;2;150;161;220m[48;2;165;173;226m▄[38;2;143;153;215m[48;2;151;161;220m▄[38;2;141;151;214m[48;2;142;152;215m▄[38;2;154;163;223m[48;2;151;160;220m▄[38;2;118;130;206m[48;2;115;127;201m▄[38;2;75;96;189m[48;2;78;98;189m▄[38;2;135;160;232m[48;2;143;166;235m▄[38;2;139;166;237m[48;2;147;174;238m▄[38;2;139;166;237m[48;2;140;167;236m▄[38;2;134;164;237m[48;2;130;162;235m▄[38;2;130;163;236m[48;2;132;164;237m▄[38;2;127;159;237m[48;2;131;163;237m▄[38;2;125;157;237m[48;2;129;162;236m▄[38;2;127;160;235m[48;2;128;161;235m▄[38;2;129;163;234m[48;2;129;163;235m▄[38;2;129;163;235m[48;2;133;165;237m▄[38;2;131;164;237m[48;2;135;166;243m▄[38;2;125;155;236m[48;2;134;165;237m▄[38;2;144;153;116m[48;2;169;177;86m▄[38;2;184;199;179m[48;2;203;202;33m▄[38;2;218;219;215m[48;2;223;223;29m▄[38;2;224;225;80m[48;2;255;254;20m▄[38;2;255;255;17m[48;2;193;209;67m▄[38;2;255;255;25m[48;2;187;203;69m▄[38;2;255;255;26m[48;2;253;251;32m▄[38;2;218;220;59m[48;2;249;249;22m▄[38;2;201;212;197m[48;2;198;196;28m▄[38;2;219;222;227m[48;2;181;179;50m▄[38;2;206;210;171m[48;2;223;220;27m▄[38;2;221;224;45m[48;2;233;240;48m▄[38;2;197;223;97m[48;2;144;178;83m▄[38;2;182;215;100m[48;2;123;157;58m▄[38;2;176;203;93m[48;2;184;213;123m▄[38;2;130;145;109m[48;2;163;214;232m▄[38;2;168;183;195m[48;2;165;216;226m▄[38;2;156;166;120m[48;2;169;213;224m▄[38;2;180;177;21m[48;2;174;192;116m▄[38;2;122;130;72m[48;2;160;194;178m▄[38;2;105;117;94m[48;2;165;216;242m▄[38;2;119;130;84m[48;2;165;213;231m▄[38;2;120;133;84m[48;2;163;212;228m▄[38;2;122;134;88m[48;2;163;214;229m▄[38;2;125;135;93m[48;2;166;219;240m▄[38;2;120;128;85m[48;2;146;176;183m▄[38;2;112;110;67m[48;2;145;168;173m▄[38;2;118;121;87m[48;2;164;214;238m▄[38;2;121;123;86m[48;2;157;202;217m▄[38;2;114;116;73m[48;2;136;150;149m▄[38;2;126;135;97m[48;2;158;193;202m▄[38;2;131;138;96m[48;2;183;231;234m▄[38;2;126;135;89m[48;2;175;222;222m▄[38;2;122;131;83m[48;2;164;212;215m▄[38;2;123;132;81m[48;2;157;210;209m▄[38;2;123;130;75m[48;2;151;202;206m▄[38;2;120;124;69m[48;2;152;200;203m▄[38;2;137;141;80m[48;2;176;224;230m▄[0m
[38;2;141;152;213m[48;2;150;160;217m▄[38;2;158;169;234m[48;2;157;168;234m▄[38;2;140;150;212m[48;2;131;140;206m▄[38;2;136;146;208m[48;2;135;145;210m▄[38;2;141;151;213m[48;2;142;152;215m▄[38;2;141;150;213m[48;2;139;149;213m▄[38;2;132;141;208m[48;2;140;150;213m▄[38;2;144;152;217m[48;2;151;160;221m▄[38;2;123;134;208m[48;2;120;133;208m▄[38;2;70;94;188m[48;2;72;97;191m▄[38;2;125;149;226m[48;2;126;151;228m▄[38;2;129;154;231m[48;2;128;154;232m▄[38;2;126;151;234m[48;2;130;155;235m▄[38;2;124;152;235m[48;2;130;159;238m▄[38;2;122;150;232m[48;2;125;154;235m▄[38;2;118;149;232m[48;2;118;148;232m▄[38;2;117;148;232m[48;2;118;147;232m▄[38;2;119;146;234m[48;2;120;151;234m▄[38;2;119;150;235m[48;2;127;159;238m▄[38;2;127;160;241m[48;2;133;166;242m▄[38;2;132;165;244m[48;2;132;165;243m▄[38;2;128;164;248m[48;2;130;158;238m▄[38;2;127;146;193m[48;2;134;149;170m▄[38;2;180;185;180m[48;2;112;157;176m▄[38;2;219;219;178m[48;2;255;255;255m▄[38;2;208;210;57m[48;2;221;221;150m▄[38;2;232;232;35m[48;2;252;255;15m▄[38;2;253;255;34m[48;2;251;255;34m▄[38;2;253;255;29m[48;2;252;255;15m▄[38;2;232;234;52m[48;2;219;220;130m▄[38;2;208;207;158m[48;2;255;255;255m▄[38;2;193;195;164m[48;2;161;187;209m▄[38;2;179;184;86m[48;2;101;133;170m▄[38;2;248;246;29m[48;2;240;237;57m▄[38;2;218;222;49m[48;2;219;230;56m▄[38;2;198;231;113m[48;2;178;211;104m▄[38;2;142;171;76m[48;2;177;206;87m▄[38;2;222;225;232m[48;2;183;193;156m▄[38;2;218;209;208m[48;2;255;255;255m▄[38;2;100;65;55m[48;2;163;159;162m▄[38;2;158;151;35m[48;2;118;114;17m▄[38;2;209;217;47m[48;2;143;140;38m▄[38;2;134;127;31m[48;2;134;127;30m▄[38;2;57;38;25m[48;2;57;39;17m▄[38;2;68;51;27m[48;2;64;47;18m▄[38;2;66;49;25m[48;2;64;45;15m▄[38;2;62;47;24m[48;2;62;45;14m▄[38;2;59;45;23m[48;2;63;50;20m▄[38;2;56;41;22m[48;2;71;59;24m▄[38;2;55;40;21m[48;2;73;58;22m▄[38;2;56;42;21m[48;2;68;54;20m▄[38;2;56;43;22m[48;2;66;55;22m▄[38;2;56;45;21m[48;2;65;51;17m▄[38;2;57;50;20m[48;2;62;49;15m▄[38;2;59;51;21m[48;2;62;48;16m▄[38;2;61;51;23m[48;2;63;49;18m▄[38;2;59;51;22m[48;2;68;53;19m▄[38;2;59;51;22m[48;2;69;53;21m▄[38;2;59;51;22m[48;2;71;55;23m▄[38;2;66;53;24m[48;2;81;64;28m▄[0m
[38;2;139;152;203m[48;2;148;158;220m▄[38;2;136;148;208m[48;2;159;169;236m▄[38;2;119;130;186m[48;2;145;154;217m▄[38;2;120;131;188m[48;2;137;146;211m▄[38;2;121;131;190m[48;2;140;148;214m▄[38;2;118;128;188m[48;2;138;146;213m▄[38;2;122;131;193m[48;2;133;141;210m▄[38;2;123;132;187m[48;2;143;151;216m▄[38;2;93;106;179m[48;2;120;129;208m▄[38;2;73;95;190m[48;2;70;92;187m▄[38;2;125;154;230m[48;2;125;152;227m▄[38;2;127;158;235m[48;2;129;156;233m▄[38;2;121;152;235m[48;2;124;152;234m▄[38;2;120;150;234m[48;2;121;151;234m▄[38;2;121;151;235m[48;2;119;149;232m▄[38;2;123;155;236m[48;2;121;149;233m▄[38;2;126;161;238m[48;2;121;151;235m▄[38;2;131;163;236m[48;2;125;154;236m▄[38;2;133;162;235m[48;2;127;159;239m▄[38;2;132;161;235m[48;2;131;164;240m▄[38;2;130;160;235m[48;2;132;165;240m▄[38;2;132;168;252m[48;2;137;174;255m▄[38;2;88;108;185m[48;2;90;111;185m▄[38;2;112;102;21m[48;2;75;63;17m▄[38;2;223;222;30m[48;2;212;213;30m▄[38;2;224;225;42m[48;2;225;227;34m▄[38;2;236;238;41m[48;2;220;222;43m▄[38;2;255;255;36m[48;2;254;255;34m▄[38;2;239;241;33m[48;2;255;255;35m▄[38;2;181;153;30m[48;2;255;255;30m▄[38;2;158;109;29m[48;2;243;253;21m▄[38;2;193;171;32m[48;2;230;234;25m▄[38;2;255;255;35m[48;2;242;242;28m▄[38;2;255;255;32m[48;2;247;243;39m▄[38;2;255;255;28m[48;2;248;246;32m▄[38;2;219;225;49m[48;2;196;214;74m▄[38;2;190;217;105m[48;2;116;150;67m▄[38;2;186;220;99m[48;2;171;196;118m▄[38;2;173;204;78m[48;2;175;188;88m▄[38;2;197;241;195m[48;2;151;135;104m▄[38;2;84;84;92m[48;2;154;147;56m▄[38;2;74;22;9m[48;2;173;164;30m▄[38;2;80;47;26m[48;2;62;47;22m▄[38;2;58;48;22m[48;2;56;44;22m▄[38;2;59;47;21m[48;2;57;44;21m▄[38;2;59;48;20m[48;2;55;42;20m▄[38;2;64;47;22m[48;2;57;44;20m▄[38;2;66;46;24m[48;2;61;45;21m▄[38;2;71;46;24m[48;2;63;46;23m▄[38;2;71;46;24m[48;2;62;47;23m▄[38;2;68;47;25m[48;2;61;47;24m▄[38;2;65;46;24m[48;2;61;47;24m▄[38;2;62;45;24m[48;2;61;49;24m▄[38;2;60;44;22m[48;2;62;49;23m▄[38;2;60;43;20m[48;2;61;50;23m▄[38;2;60;44;21m[48;2;60;51;23m▄[38;2;60;45;23m[48;2;58;52;23m▄[38;2;61;46;22m[48;2;58;53;24m▄[38;2;60;47;21m[48;2;56;52;23m▄[38;2;65;52;24m[48;2;63;56;25m▄[0m
[38;2;28;100;43m[48;2;37;92;59m▄[38;2;30;108;47m[48;2;36;98;60m▄[38;2;28;98;44m[48;2;31;88;54m▄[38;2;28;98;44m[48;2;32;89;55m▄[38;2;29;102;41m[48;2;35;91;58m▄[38;2;30;107;40m[48;2;33;89;56m▄[38;2;30;110;39m[48;2;33;89;55m▄[38;2;27;99;32m[48;2;27;86;42m▄[38;2;35;81;88m[48;2;36;79;93m▄[38;2;79;98;203m[48;2;80;102;199m▄[38;2;128;155;240m[48;2;126;153;235m▄[38;2;139;169;249m[48;2;129;160;238m▄[38;2;141;168;246m[48;2;125;156;234m▄[38;2;143;168;244m[48;2;132;161;234m▄[38;2;142;167;242m[48;2;135;163;233m▄[38;2;138;161;243m[48;2;133;161;232m▄[38;2;133;154;243m[48;2;131;160;233m▄[38;2;130;152;243m[48;2;128;156;228m▄[38;2;126;151;244m[48;2;127;153;229m▄[38;2;121;146;244m[48;2;124;152;231m▄[38;2;114;141;238m[48;2;121;150;233m▄[38;2;115;143;243m[48;2;124;159;249m▄[38;2;82;108;165m[48;2;94;113;180m▄[38;2;22;68;18m[48;2;34;22;10m▄[38;2;87;115;35m[48;2;103;97;30m▄[38;2;255;255;36m[48;2;255;255;37m▄[38;2;219;223;34m[48;2;255;255;34m▄[38;2;129;129;37m[48;2;207;201;34m▄[38;2;157;150;37m[48;2;130;68;30m▄[38;2;210;219;44m[48;2;141;76;33m▄[38;2;245;255;41m[48;2;165;127;39m▄[38;2;254;255;38m[48;2;190;176;40m▄[38;2;255;255;34m[48;2;248;249;35m▄[38;2;252;253;39m[48;2;217;222;47m▄[38;2;248;247;43m[48;2;185;192;61m▄[38;2;236;236;47m[48;2;234;235;40m▄[38;2;242;245;44m[48;2;222;226;48m▄[38;2;227;238;47m[48;2;187;218;113m▄[38;2;194;210;76m[48;2;201;233;101m▄[38;2;154;180;115m[48;2;201;241;185m▄[38;2;81;125;101m[48;2;143;151;161m▄[38;2;31;75;26m[48;2;68;22;6m▄[38;2;29;82;36m[48;2;64;42;22m▄[38;2;29;79;34m[48;2;52;41;18m▄[38;2;28;78;36m[48;2;53;41;21m▄[38;2;29;81;39m[48;2;53;41;20m▄[38;2;31;83;39m[48;2;56;45;20m▄[38;2;34;82;39m[48;2;57;45;22m▄[38;2;33;82;40m[48;2;58;44;22m▄[38;2;33;82;38m[48;2;59;44;21m▄[38;2;32;82;36m[48;2;59;43;21m▄[38;2;32;81;37m[48;2;56;40;20m▄[38;2;32;79;35m[48;2;58;40;19m▄[38;2;35;82;39m[48;2;60;43;20m▄[38;2;33;86;40m[48;2;64;46;23m▄[38;2;36;85;38m[48;2;66;48;24m▄[38;2;35;82;38m[48;2;65;49;23m▄[38;2;30;77;37m[48;2;62;49;23m▄[38;2;29;72;36m[48;2;63;47;21m▄[38;2;30;70;38m[48;2;70;51;24m▄[0m
[38;2;37;113;47m[48;2;34;119;45m▄[38;2;38;114;47m[48;2;39;130;50m▄[38;2;35;105;42m[48;2;38;126;48m▄[38;2;38;112;44m[48;2;37;124;49m▄[38;2;35;107;43m[48;2;35;119;46m▄[38;2;36;107;41m[48;2;35;116;45m▄[38;2;39;115;43m[48;2;33;108;46m▄[38;2;45;120;42m[48;2;32;100;39m▄[38;2;46;123;42m[48;2;39;94;73m▄[38;2;45;117;49m[48;2;70;90;174m▄[38;2;47;115;59m[48;2;112;134;217m▄[38;2;45;112;51m[48;2;113;142;215m▄[38;2;39;108;41m[48;2;110;139;200m▄[38;2;38;107;33m[48;2;103;134;187m▄[38;2;37;103;26m[48;2;94;129;177m▄[38;2;37;106;22m[48;2;84;123;162m▄[38;2;38;112;23m[48;2;79;120;148m▄[38;2;37;111;25m[48;2;74;119;139m▄[38;2;35;108;23m[48;2;66;116;124m▄[38;2;35;108;22m[48;2;59;111;105m▄[38;2;36;111;27m[48;2;50;107;84m▄[38;2;38;112;31m[48;2;45;105;68m▄[38;2;41;114;36m[48;2;40;106;47m▄[38;2;43;115;41m[48;2;37;111;36m▄[38;2;41;116;41m[48;2;36;104;36m▄[38;2;70;124;42m[48;2;216;216;34m▄[38;2;65;128;44m[48;2;134;161;34m▄[38;2;51;134;45m[48;2;44;114;38m▄[38;2;51;138;47m[48;2;46;121;36m▄[38;2;82;124;42m[48;2;64;113;38m▄[38;2;112;89;31m[48;2;151;125;30m▄[38;2;81;48;31m[48;2;196;171;30m▄[38;2;48;108;46m[48;2;194;199;36m▄[38;2;46;118;46m[48;2;202;215;36m▄[38;2;48;116;45m[48;2;202;212;31m▄[38;2;35;113;42m[48;2;179;197;37m▄[38;2;74;98;38m[48;2;166;158;36m▄[38;2;115;88;33m[48;2;163;125;27m▄[38;2;72;67;34m[48;2;122;78;25m▄[38;2;46;122;41m[48;2;41;89;27m▄[38;2;47;121;40m[48;2;28;101;27m▄[38;2;46;117;40m[48;2;38;111;39m▄[38;2;42;115;37m[48;2;37;110;39m▄[38;2;43;115;37m[48;2;37;109;41m▄[38;2;42;115;37m[48;2;35;108;41m▄[38;2;42;115;37m[48;2;34;107;41m▄[38;2;44;116;39m[48;2;35;107;42m▄[38;2;43;116;39m[48;2;34;106;42m▄[38;2;40;115;38m[48;2;32;103;41m▄[38;2;40;113;36m[48;2;31;100;40m▄[38;2;42;107;39m[48;2;32;98;42m▄[38;2;37;99;36m[48;2;30;100;41m▄[38;2;36;97;34m[48;2;28;97;39m▄[38;2;38;99;37m[48;2;28;87;41m▄[38;2;40;103;41m[48;2;29;89;40m▄[38;2;41;114;40m[48;2;31;98;41m▄[38;2;41;116;42m[48;2;31;94;46m▄[38;2;41;114;44m[48;2;21;83;44m▄[38;2;39;109;44m[48;2;20;79;46m▄[38;2;40;114;50m[48;2;23;87;53m▄[0m
[38;2;61;139;47m[48;2;57;137;47m▄[38;2;67;150;52m[48;2;63;147;49m▄[38;2;64;141;48m[48;2;55;137;44m▄[38;2;63;137;47m[48;2;54;142;46m▄[38;2;61;135;46m[48;2;55;146;49m▄[38;2;61;135;45m[48;2;55;146;48m▄[38;2;62;135;47m[48;2;55;145;48m▄[38;2;60;133;48m[48;2;56;145;51m▄[38;2;59;131;48m[48;2;57;146;52m▄[38;2;58;129;48m[48;2;59;150;52m▄[38;2;57;125;49m[48;2;60;152;53m▄[38;2;55;122;46m[48;2;60;152;53m▄[38;2;56;123;46m[48;2;57;146;47m▄[38;2;60;127;47m[48;2;60;145;45m▄[38;2;58;127;43m[48;2;66;149;48m▄[38;2;54;125;41m[48;2;65;149;46m▄[38;2;58;131;45m[48;2;67;151;51m▄[38;2;62;136;47m[48;2;69;153;53m▄[38;2;63;139;50m[48;2;68;151;50m▄[38;2;68;145;54m[48;2;68;151;50m▄[38;2;68;142;50m[48;2;67;148;49m▄[38;2;67;138;50m[48;2;66;145;51m▄[38;2;65;135;49m[48;2;64;142;50m▄[38;2;67;137;51m[48;2;66;146;53m▄[38;2;67;138;52m[48;2;65;148;51m▄[38;2;66;135;51m[48;2;58;144;52m▄[38;2;65;136;49m[48;2;60;144;49m▄[38;2;66;142;49m[48;2;63;145;47m▄[38;2;47;98;41m[48;2;62;147;50m▄[38;2;19;26;24m[48;2;119;151;57m▄[38;2;33;27;36m[48;2;107;140;89m▄[38;2;30;43;29m[48;2;63;138;58m▄[38;2;65;145;56m[48;2;71;158;59m▄[38;2;66;144;53m[48;2;71;156;57m▄[38;2;66;144;54m[48;2;70;155;58m▄[38;2;63;142;51m[48;2;53;143;50m▄[38;2;66;136;49m[48;2;122;165;46m▄[38;2;111;147;102m[48;2;108;151;57m▄[38;2;87;94;86m[48;2;50;131;51m▄[38;2;15;36;14m[48;2;59;136;48m▄[38;2;64;141;52m[48;2;58;141;49m▄[38;2;57;136;49m[48;2;54;135;45m▄[38;2;56;134;46m[48;2;52;134;44m▄[38;2;55;129;45m[48;2;50;132;43m▄[38;2;52;125;42m[48;2;49;130;44m▄[38;2;50;125;44m[48;2;48;130;45m▄[38;2;46;121;43m[48;2;50;131;45m▄[38;2;44;118;41m[48;2;49;130;44m▄[38;2;43;115;39m[48;2;51;132;47m▄[38;2;43;112;40m[48;2;53;132;49m▄[38;2;42;112;39m[48;2;49;128;43m▄[38;2;42;111;39m[48;2;49;128;41m▄[38;2;42;112;40m[48;2;49;130;42m▄[38;2;41;112;38m[48;2;48;130;42m▄[38;2;41;111;38m[48;2;46;127;40m▄[38;2;42;109;39m[48;2;46;126;42m▄[38;2;42;107;38m[48;2;48;127;42m▄[38;2;41;105;35m[48;2;49;130;43m▄[38;2;41;106;36m[48;2;51;134;45m▄[38;2;43;114;38m[48;2;59;149;52m▄[0m
[38;2;78;156;60m[48;2;86;164;63m▄[38;2;93;181;72m[48;2;92;178;68m▄[38;2;91;172;69m[48;2;88;169;65m▄[38;2;92;172;69m[48;2;86;167;61m▄[38;2;90;168;65m[48;2;87;167;61m▄[38;2;87;165;64m[48;2;86;166;61m▄[38;2;87;164;63m[48;2;85;165;61m▄[38;2;87;165;61m[48;2;86;164;61m▄[38;2;89;165;62m[48;2;86;165;60m▄[38;2;92;168;66m[48;2;88;165;63m▄[38;2;89;168;67m[48;2;86;162;63m▄[38;2;87;166;64m[48;2;83;159;63m▄[38;2;85;166;65m[48;2;84;162;65m▄[38;2;85;165;63m[48;2;78;162;61m▄[38;2;84;165;62m[48;2;76;159;56m▄[38;2;83;165;60m[48;2;78;161;59m▄[38;2;82;166;62m[48;2;77;160;58m▄[38;2;85;171;64m[48;2;74;157;58m▄[38;2;88;176;66m[48;2;70;153;55m▄[38;2;88;172;64m[48;2;73;154;57m▄[38;2;88;172;63m[48;2;76;154;58m▄[38;2;85;167;63m[48;2;76;153;56m▄[38;2;83;158;69m[48;2;77;154;54m▄[38;2;68;147;54m[48;2;80;157;58m▄[38;2;67;142;52m[48;2;82;160;60m▄[38;2;63;135;49m[48;2;74;149;55m▄[38;2;65;131;57m[48;2;67;138;50m▄[38;2;79;157;65m[48;2;57;122;44m▄[38;2;86;173;67m[48;2;50;104;46m▄[38;2;88;180;69m[48;2;31;60;28m▄[38;2;87;181;68m[48;2;38;76;31m▄[38;2;82;176;67m[48;2;60;117;48m▄[38;2;76;166;62m[48;2;77;158;61m▄[38;2;78;167;61m[48;2;77;157;58m▄[38;2;77;164;60m[48;2;78;158;58m▄[38;2;75;163;59m[48;2;85;165;61m▄[38;2;69;151;54m[48;2;80;160;61m▄[38;2;28;54;25m[48;2;48;85;36m▄[38;2;43;78;35m[48;2;7;3;7m▄[38;2;88;171;66m[48;2;51;88;39m▄[38;2;81;164;59m[48;2;89;168;62m▄[38;2;79;159;56m[48;2;87;165;62m▄[38;2;79;158;58m[48;2;87;169;65m▄[38;2;78;161;60m[48;2;85;168;64m▄[38;2;77;161;58m[48;2;81;161;58m▄[38;2;75;158;58m[48;2;80;159;57m▄[38;2;73;158;57m[48;2;78;156;58m▄[38;2;73;158;57m[48;2;79;157;58m▄[38;2;76;163;61m[48;2;76;155;57m▄[38;2;75;161;60m[48;2;73;152;56m▄[38;2;75;162;59m[48;2;71;152;55m▄[38;2;71;160;58m[48;2;68;149;55m▄[38;2;70;158;58m[48;2;67;149;56m▄[38;2;67;154;56m[48;2;67;152;56m▄[38;2;68;154;58m[48;2;70;154;59m▄[38;2;65;151;55m[48;2;69;152;58m▄[38;2;66;158;56m[48;2;61;144;54m▄[38;2;66;161;57m[48;2;56;137;50m▄[38;2;68;163;59m[48;2;55;135;47m▄[38;2;72;174;62m[48;2;60;149;52m▄[0m
