[38;2;254;228;225m[48;2;251;229;226m▄[38;2;255;255;255m[48;2;254;249;245m▄[38;2;255;246;241m[48;2;253;231;227m▄[38;2;255;246;242m[48;2;253;229;229m▄[38;2;255;246;242m[48;2;253;229;229m▄[38;2;255;246;241m[48;2;253;231;227m▄[38;2;255;246;241m[48;2;253;231;227m▄[38;2;255;246;241m[48;2;253;231;226m▄[38;2;255;246;241m[48;2;253;229;224m▄[38;2;255;246;241m[48;2;253;229;224m▄[38;2;255;246;241m[48;2;254;229;224m▄[38;2;255;246;241m[48;2;254;229;224m▄[38;2;255;246;241m[48;2;253;229;224m▄[38;2;255;246;241m[48;2;253;229;224m▄[38;2;255;246;241m[48;2;253;229;224m▄[38;2;255;246;241m[48;2;253;229;224m▄[38;2;255;246;241m[48;2;253;229;224m▄[38;2;255;246;241m[48;2;253;229;224m▄[38;2;255;246;241m[48;2;253;229;224m▄[38;2;255;246;241m[48;2;253;229;224m▄[38;2;255;246;241m[48;2;253;229;224m▄[38;2;255;246;241m[48;2;253;229;224m▄[38;2;255;246;241m[48;2;253;229;224m▄[38;2;255;246;241m[48;2;253;229;224m▄[38;2;255;246;241m[48;2;253;229;224m▄[38;2;255;246;241m[48;2;253;229;224m▄[38;2;255;247;242m[48;2;253;229;224m▄[38;2;255;244;238m[48;2;254;229;226m▄[38;2;255;238;232m[48;2;254;235;229m▄[38;2;255;249;245m[48;2;254;235;233m▄[38;2;255;233;226m[48;2;251;222;216m▄[38;2;255;170;148m[48;2;233;193;181m▄[38;2;255;139;105m[48;2;245;233;227m▄[38;2;255;128;92m[48;2;251;216;206m▄[38;2;255;115;75m[48;2;253;212;198m▄[38;2;255;164;136m[48;2;254;241;235m▄[38;2;255;239;232m[48;2;254;235;231m▄[38;2;255;240;234m[48;2;254;233;229m▄[38;2;255;239;232m[48;2;254;233;227m▄[38;2;255;246;241m[48;2;253;229;224m▄[38;2;255;246;242m[48;2;254;229;224m▄[38;2;255;246;241m[48;2;253;229;224m▄[38;2;255;246;241m[48;2;253;229;224m▄[38;2;255;246;241m[48;2;253;229;226m▄[38;2;255;246;241m[48;2;253;231;226m▄[38;2;255;246;241m[48;2;253;231;226m▄[38;2;255;246;241m[48;2;253;229;224m▄[38;2;255;246;241m[48;2;253;229;224m▄[38;2;255;246;241m[48;2;253;229;224m▄[38;2;255;246;241m[48;2;253;229;224m▄[38;2;255;246;241m[48;2;253;229;224m▄[38;2;255;246;241m[48;2;253;229;224m▄[38;2;255;246;241m[48;2;253;229;224m▄[38;2;255;246;242m[48;2;254;227;224m▄[38;2;255;246;242m[48;2;254;227;224m▄[38;2;255;246;242m[48;2;254;227;224m▄[38;2;255;246;242m[48;2;254;227;224m▄[38;2;255;246;242m[48;2;254;227;224m▄[38;2;255;246;242m[48;2;254;227;224m▄[38;2;255;255;255m[48;2;254;247;243m▄[0m
[38;2;255;228;225m[48;2;255;228;225m▄[38;2;255;246;241m[48;2;255;246;241m▄[38;2;255;227;223m[48;2;255;227;223m▄[38;2;255;227;223m[48;2;255;227;223m▄[38;2;255;227;223m[48;2;255;227;223m▄[38;2;255;227;223m[48;2;255;227;223m▄[38;2;255;227;223m[48;2;255;227;223m▄[38;2;255;227;223m[48;2;255;227;223m▄[38;2;255;227;223m[48;2;255;227;223m▄[38;2;255;227;223m[48;2;255;227;223m▄[38;2;255;227;223m[48;2;255;227;223m▄[38;2;255;227;223m[48;2;255;227;223m▄[38;2;255;227;223m[48;2;255;227;223m▄[38;2;255;227;223m[48;2;255;227;223m▄[38;2;255;227;223m[48;2;255;227;223m▄[38;2;255;227;223m[48;2;255;227;223m▄[38;2;255;227;223m[48;2;255;227;223m▄[38;2;255;227;223m[48;2;255;227;223m▄[38;2;255;227;223m[48;2;255;227;223m▄[38;2;255;227;223m[48;2;255;227;223m▄[38;2;255;227;223m[48;2;255;227;223m▄[38;2;255;227;223m[48;2;255;227;223m▄[38;2;255;227;223m[48;2;255;227;223m▄[38;2;255;227;223m[48;2;255;227;223m▄[38;2;255;228;224m[48;2;255;227;223m▄[38;2;254;235;231m[48;2;255;227;223m▄[38;2;247;185;170m[48;2;255;238;236m▄[38;2;238;120;92m[48;2;250;226;220m▄[38;2;244;96;61m[48;2;244;183;168m▄[38;2;249;89;48m[48;2;245;162;141m▄[38;2;250;87;47m[48;2;244;143;118m▄[38;2;249;90;52m[48;2;239;101;68m▄[38;2;250;93;57m[48;2;248;90;53m▄[38;2;242;92;59m[48;2;240;91;57m▄[38;2;245;169;152m[48;2;225;132;106m▄[38;2;254;225;221m[48;2;240;172;154m▄[38;2;254;220;212m[48;2;247;199;187m▄[38;2;251;197;185m[48;2;246;205;193m▄[38;2;247;194;180m[48;2;241;200;190m▄[38;2;255;233;230m[48;2;253;224;219m▄[38;2;255;227;223m[48;2;255;228;224m▄[38;2;255;227;223m[48;2;255;227;223m▄[38;2;255;227;223m[48;2;255;227;223m▄[38;2;255;227;223m[48;2;255;227;223m▄[38;2;255;227;223m[48;2;255;227;223m▄[38;2;255;227;223m[48;2;255;227;223m▄[38;2;255;227;223m[48;2;255;227;223m▄[38;2;255;227;223m[48;2;255;227;223m▄[38;2;255;227;223m[48;2;255;227;223m▄[38;2;255;227;223m[48;2;255;227;223m▄[38;2;255;227;223m[48;2;255;227;223m▄[38;2;255;227;223m[48;2;255;227;223m▄[38;2;255;227;223m[48;2;255;227;223m▄[38;2;255;227;223m[48;2;255;227;223m▄[38;2;255;227;223m[48;2;255;227;223m▄[38;2;255;227;223m[48;2;255;227;223m▄[38;2;255;227;223m[48;2;255;227;223m▄[38;2;255;227;223m[48;2;255;227;223m▄[38;2;255;227;223m[48;2;255;227;223m▄[38;2;255;246;241m[48;2;255;246;241m▄[0m
[38;2;255;228;225m[48;2;255;228;225m▄[38;2;255;246;241m[48;2;255;246;241m▄[38;2;255;227;223m[48;2;255;227;223m▄[38;2;255;227;223m[48;2;255;227;223m▄[38;2;255;227;223m[48;2;255;227;223m▄[38;2;255;227;223m[48;2;255;227;223m▄[38;2;255;227;223m[48;2;255;227;223m▄[38;2;255;227;223m[48;2;255;227;223m▄[38;2;255;227;223m[48;2;255;227;223m▄[38;2;255;227;223m[48;2;255;227;223m▄[38;2;255;227;223m[48;2;255;227;223m▄[38;2;255;227;223m[48;2;255;227;223m▄[38;2;255;227;223m[48;2;255;227;223m▄[38;2;255;227;223m[48;2;255;227;223m▄[38;2;255;227;223m[48;2;255;227;223m▄[38;2;255;227;223m[48;2;255;227;223m▄[38;2;255;227;223m[48;2;255;227;223m▄[38;2;255;227;223m[48;2;255;227;223m▄[38;2;255;227;223m[48;2;255;227;223m▄[38;2;255;227;223m[48;2;255;227;223m▄[38;2;255;227;223m[48;2;255;227;223m▄[38;2;255;227;223m[48;2;255;227;223m▄[38;2;255;227;223m[48;2;255;227;223m▄[38;2;255;230;226m[48;2;255;227;223m▄[38;2;251;218;212m[48;2;254;235;231m▄[38;2;246;167;155m[48;2;247;176;160m▄[38;2;252;104;86m[48;2;248;91;59m▄[38;2;246;114;95m[48;2;251;87;55m▄[38;2;248;149;133m[48;2;248;90;60m▄[38;2;249;129;112m[48;2;253;94;62m▄[38;2;242;126;108m[48;2;255;95;64m▄[38;2;229;106;88m[48;2;255;98;68m▄[38;2;247;132;116m[48;2;253;93;64m▄[38;2;251;101;82m[48;2;250;92;62m▄[38;2;246;120;102m[48;2;244;95;70m▄[38;2;250;109;93m[48;2;251;200;199m▄[38;2;252;133;122m[48;2;254;228;230m▄[38;2;251;148;142m[48;2;253;209;209m▄[38;2;248;108;91m[48;2;247;147;128m▄[38;2;253;204;196m[48;2;254;227;222m▄[38;2;255;235;231m[48;2;255;228;224m▄[38;2;255;228;224m[48;2;255;227;223m▄[38;2;255;228;224m[48;2;255;227;223m▄[38;2;255;228;224m[48;2;255;227;223m▄[38;2;255;228;224m[48;2;255;227;223m▄[38;2;255;228;224m[48;2;255;227;223m▄[38;2;255;228;224m[48;2;255;227;223m▄[38;2;255;228;224m[48;2;255;227;223m▄[38;2;255;228;224m[48;2;255;227;223m▄[38;2;255;227;223m[48;2;255;227;223m▄[38;2;255;227;223m[48;2;255;227;223m▄[38;2;255;227;223m[48;2;255;227;223m▄[38;2;255;227;223m[48;2;255;227;223m▄[38;2;255;227;223m[48;2;255;227;223m▄[38;2;255;227;223m[48;2;255;227;223m▄[38;2;255;227;223m[48;2;255;227;223m▄[38;2;255;227;223m[48;2;255;227;223m▄[38;2;255;227;223m[48;2;255;227;223m▄[38;2;255;227;223m[48;2;255;227;223m▄[38;2;255;246;242m[48;2;255;246;241m▄[0m
[38;2;255;228;225m[48;2;255;228;225m▄[38;2;255;246;241m[48;2;255;246;241m▄[38;2;255;227;223m[48;2;255;227;223m▄[38;2;255;227;223m[48;2;255;227;223m▄[38;2;255;227;223m[48;2;255;227;223m▄[38;2;255;227;223m[48;2;255;227;223m▄[38;2;255;227;223m[48;2;255;227;223m▄[38;2;255;227;223m[48;2;255;227;223m▄[38;2;255;227;223m[48;2;255;227;223m▄[38;2;255;227;223m[48;2;255;227;223m▄[38;2;255;227;223m[48;2;255;227;223m▄[38;2;255;227;223m[48;2;255;227;223m▄[38;2;255;228;224m[48;2;255;227;223m▄[38;2;255;229;225m[48;2;255;227;223m▄[38;2;255;230;226m[48;2;255;227;223m▄[38;2;255;230;226m[48;2;255;227;223m▄[38;2;255;231;226m[48;2;255;227;223m▄[38;2;255;236;229m[48;2;255;227;223m▄[38;2;255;236;229m[48;2;255;227;223m▄[38;2;254;234;228m[48;2;255;228;223m▄[38;2;255;234;228m[48;2;255;228;223m▄[38;2;253;232;226m[48;2;255;228;224m▄[38;2;252;224;220m[48;2;255;229;225m▄[38;2;251;224;220m[48;2;255;231;227m▄[38;2;248;211;210m[48;2;253;226;219m▄[38;2;249;218;217m[48;2;252;223;217m▄[38;2;247;165;164m[48;2;247;128;119m▄[38;2;246;114;113m[48;2;245;126;120m▄[38;2;238;157;166m[48;2;222;156;147m▄[38;2;240;150;160m[48;2;242;180;169m▄[38;2;246;175;181m[48;2;241;188;184m▄[38;2;248;197;200m[48;2;206;147;140m▄[38;2;248;183;183m[48;2;248;174;169m▄[38;2;251;102;97m[48;2;250;106;97m▄[38;2;245;127;133m[48;2;253;189;182m▄[38;2;238;97;113m[48;2;252;105;93m▄[38;2;236;89;107m[48;2;252;86;72m▄[38;2;237;89;110m[48;2;252;86;74m▄[38;2;240;88;107m[48;2;252;85;72m▄[38;2;234;105;121m[48;2;250;176;166m▄[38;2;230;109;130m[48;2;252;235;231m▄[38;2;234;114;134m[48;2;254;232;226m▄[38;2;235;113;134m[48;2;254;232;226m▄[38;2;224;102;123m[48;2;255;230;225m▄[38;2;233;112;132m[48;2;255;232;226m▄[38;2;235;110;130m[48;2;254;232;225m▄[38;2;232;106;127m[48;2;255;230;225m▄[38;2;231;102;124m[48;2;255;231;225m▄[38;2;242;157;168m[48;2;254;229;224m▄[38;2;251;206;203m[48;2;254;229;224m▄[38;2;249;198;196m[48;2;255;229;225m▄[38;2;247;199;197m[48;2;255;230;226m▄[38;2;248;213;209m[48;2;255;228;224m▄[38;2;254;228;223m[48;2;255;227;223m▄[38;2;255;227;223m[48;2;255;227;223m▄[38;2;255;227;223m[48;2;255;227;223m▄[38;2;255;227;223m[48;2;255;227;223m▄[38;2;255;227;223m[48;2;255;227;223m▄[38;2;255;227;223m[48;2;255;227;223m▄[38;2;255;246;241m[48;2;255;246;241m▄[0m
[38;2;255;228;225m[48;2;255;228;225m▄[38;2;255;246;241m[48;2;255;246;241m▄[38;2;255;227;223m[48;2;255;227;223m▄[38;2;255;227;223m[48;2;255;227;223m▄[38;2;255;227;223m[48;2;255;227;223m▄[38;2;255;227;223m[48;2;255;227;223m▄[38;2;255;227;223m[48;2;255;227;223m▄[38;2;255;227;223m[48;2;255;227;223m▄[38;2;255;227;223m[48;2;255;227;223m▄[38;2;255;227;223m[48;2;255;227;223m▄[38;2;255;227;223m[48;2;255;227;223m▄[38;2;254;228;224m[48;2;255;228;224m▄[38;2;249;218;213m[48;2;252;223;219m▄[38;2;249;208;203m[48;2;251;217;212m▄[38;2;248;201;196m[48;2;250;212;208m▄[38;2;251;208;203m[48;2;251;212;209m▄[38;2;249;204;204m[48;2;247;205;205m▄[38;2;238;150;166m[48;2;237;142;158m▄[38;2;238;135;152m[48;2;238;120;141m▄[38;2;240;136;153m[48;2;235;117;137m▄[38;2;240;126;147m[48;2;235;118;138m▄[38;2;237;123;144m[48;2;226;107;128m▄[38;2;239;140;156m[48;2;232;95;122m▄[38;2;243;153;166m[48;2;232;95;122m▄[38;2;244;162;173m[48;2;230;79;110m▄[38;2;243;162;175m[48;2;234;81;115m▄[38;2;244;112;119m[48;2;241;92;108m▄[38;2;244;139;150m[48;2;240;84;101m▄[38;2;233;107;134m[48;2;228;77;110m▄[38;2;227;83;117m[48;2;232;82;113m▄[38;2;224;77;110m[48;2;233;107;135m▄[38;2;231;112;130m[48;2;240;147;162m▄[38;2;244;94;107m[48;2;241;141;154m▄[38;2;241;85;90m[48;2;251;103;103m▄[38;2;220;81;109m[48;2;232;79;100m▄[38;2;235;93;124m[48;2;235;90;122m▄[38;2;226;90;122m[48;2;227;85;114m▄[38;2;239;99;110m[48;2;229;82;112m▄[38;2;249;86;90m[48;2;234;90;117m▄[38;2;253;94;96m[48;2;234;82;109m▄[38;2;249;105;108m[48;2;233;98;122m▄[38;2;252;182;180m[48;2;237;134;153m▄[38;2;254;235;229m[48;2;238;129;148m▄[38;2;255;245;237m[48;2;236;126;145m▄[38;2;255;239;232m[48;2;240;134;152m▄[38;2;255;238;231m[48;2;241;141;157m▄[38;2;255;238;232m[48;2;241;148;164m▄[38;2;255;239;232m[48;2;238;154;167m▄[38;2;255;232;227m[48;2;246;199;202m▄[38;2;255;227;223m[48;2;254;225;222m▄[38;2;255;228;224m[48;2;254;222;218m▄[38;2;255;228;224m[48;2;253;221;218m▄[38;2;255;227;223m[48;2;254;225;221m▄[38;2;255;227;223m[48;2;255;227;223m▄[38;2;255;227;223m[48;2;255;227;223m▄[38;2;255;227;223m[48;2;255;227;223m▄[38;2;255;227;223m[48;2;255;227;223m▄[38;2;255;227;223m[48;2;255;227;223m▄[38;2;255;227;223m[48;2;255;227;223m▄[38;2;255;246;241m[48;2;255;246;241m▄[0m
[38;2;255;228;225m[48;2;255;228;225m▄[38;2;255;246;241m[48;2;255;246;241m▄[38;2;255;227;223m[48;2;255;227;223m▄[38;2;255;227;223m[48;2;255;227;223m▄[38;2;255;227;223m[48;2;255;227;223m▄[38;2;255;227;223m[48;2;255;227;223m▄[38;2;255;227;223m[48;2;255;227;223m▄[38;2;255;227;223m[48;2;255;227;223m▄[38;2;255;227;223m[48;2;255;227;223m▄[38;2;255;227;223m[48;2;255;227;223m▄[38;2;255;227;223m[48;2;255;227;223m▄[38;2;255;227;223m[48;2;255;227;223m▄[38;2;255;227;223m[48;2;255;228;225m▄[38;2;255;227;223m[48;2;255;230;226m▄[38;2;255;227;223m[48;2;255;231;227m▄[38;2;255;227;223m[48;2;255;230;226m▄[38;2;255;227;223m[48;2;255;230;225m▄[38;2;255;227;223m[48;2;255;236;230m▄[38;2;255;227;223m[48;2;255;238;231m▄[38;2;255;227;223m[48;2;255;238;231m▄[38;2;255;227;223m[48;2;255;236;229m▄[38;2;255;227;223m[48;2;255;236;229m▄[38;2;255;227;223m[48;2;255;238;231m▄[38;2;255;227;223m[48;2;255;239;231m▄[38;2;255;230;226m[48;2;255;242;235m▄[38;2;253;219;215m[48;2;254;228;222m▄[38;2;247;126;129m[48;2;248;108;110m▄[38;2;249;167;165m[48;2;255;222;214m▄[38;2;251;216;212m[48;2;237;147;165m▄[38;2;235;141;158m[48;2;224;71;107m▄[38;2;220;89;121m[48;2;219;79;114m▄[38;2;219;99;131m[48;2;239;139;163m▄[38;2;206;94;125m[48;2;240;138;148m▄[38;2;216;83;103m[48;2;232;77;89m▄[38;2;217;87;116m[48;2;222;87;119m▄[38;2;216;85;120m[48;2;228;88;122m▄[38;2;216;94;125m[48;2;226;108;136m▄[38;2;250;222;221m[48;2;252;202;199m▄[38;2;255;231;224m[48;2;249;113;114m▄[38;2;248;148;148m[48;2;253;87;90m▄[38;2;247;100;103m[48;2;253;92;94m▄[38;2;240;86;89m[48;2;247;85;89m▄[38;2;238;79;84m[48;2;248;115;117m▄[38;2;245;109;112m[48;2;248;177;178m▄[38;2;245;181;182m[48;2;251;224;220m▄[38;2;247;200;199m[48;2;255;232;228m▄[38;2;255;232;227m[48;2;255;227;223m▄[38;2;255;227;223m[48;2;255;227;223m▄[38;2;255;227;223m[48;2;255;227;223m▄[38;2;255;227;223m[48;2;255;227;223m▄[38;2;255;227;223m[48;2;255;227;223m▄[38;2;255;227;223m[48;2;255;227;223m▄[38;2;255;227;223m[48;2;255;227;223m▄[38;2;255;227;223m[48;2;255;227;223m▄[38;2;255;227;223m[48;2;255;227;223m▄[38;2;255;227;223m[48;2;255;227;223m▄[38;2;255;227;223m[48;2;255;227;223m▄[38;2;255;227;223m[48;2;255;227;223m▄[38;2;255;227;223m[48;2;255;227;223m▄[38;2;255;246;241m[48;2;255;246;241m▄[0m
[38;2;255;228;225m[48;2;255;228;225m▄[38;2;255;246;241m[48;2;255;246;241m▄[38;2;255;227;223m[48;2;255;227;223m▄[38;2;255;227;223m[48;2;255;227;223m▄[38;2;255;227;223m[48;2;255;227;223m▄[38;2;255;227;223m[48;2;255;227;223m▄[38;2;255;227;223m[48;2;255;227;223m▄[38;2;255;227;223m[48;2;255;227;223m▄[38;2;255;227;223m[48;2;255;227;223m▄[38;2;255;227;223m[48;2;255;227;223m▄[38;2;255;227;223m[48;2;255;227;223m▄[38;2;255;227;223m[48;2;255;227;223m▄[38;2;255;227;223m[48;2;255;227;223m▄[38;2;255;227;223m[48;2;255;227;223m▄[38;2;255;227;223m[48;2;255;227;223m▄[38;2;255;227;223m[48;2;255;227;223m▄[38;2;255;227;223m[48;2;255;227;223m▄[38;2;255;227;223m[48;2;255;227;223m▄[38;2;255;227;223m[48;2;255;227;223m▄[38;2;255;227;223m[48;2;255;227;223m▄[38;2;255;227;223m[48;2;255;227;223m▄[38;2;255;227;223m[48;2;255;227;223m▄[38;2;255;227;223m[48;2;255;227;223m▄[38;2;255;227;223m[48;2;255;227;223m▄[38;2;255;227;223m[48;2;255;227;223m▄[38;2;255;227;223m[48;2;255;228;224m▄[38;2;255;229;225m[48;2;253;226;222m▄[38;2;255;230;226m[48;2;252;208;206m▄[38;2;255;230;225m[48;2;254;228;222m▄[38;2;255;245;236m[48;2;255;246;236m▄[38;2;227;144;159m[48;2;235;153;169m▄[38;2;214;86;120m[48;2;208;80;115m▄[38;2;213;91;124m[48;2;203;81;117m▄[38;2;202;86;119m[48;2;206;88;121m▄[38;2;210;92;123m[48;2;214;93;124m▄[38;2;212;91;123m[48;2;212;90;122m▄[38;2;213;92;124m[48;2;210;85;118m▄[38;2;214;87;121m[48;2;221;122;145m▄[38;2;208;80;115m[48;2;244;196;202m▄[38;2;191;104;131m[48;2;255;245;236m▄[38;2;244;218;213m[48;2;250;212;206m▄[38;2;252;240;230m[48;2;242;157;158m▄[38;2;235;156;157m[48;2;238;98;103m▄[38;2;232;128;132m[48;2;237;91;96m▄[38;2;251;217;214m[48;2;245;189;188m▄[38;2;255;235;230m[48;2;245;205;202m▄[38;2;255;226;222m[48;2;255;231;227m▄[38;2;255;227;223m[48;2;255;227;223m▄[38;2;255;227;223m[48;2;255;227;223m▄[38;2;255;227;223m[48;2;255;227;223m▄[38;2;255;227;223m[48;2;255;227;223m▄[38;2;255;227;223m[48;2;255;227;223m▄[38;2;255;227;223m[48;2;255;227;223m▄[38;2;255;227;223m[48;2;255;227;223m▄[38;2;255;227;223m[48;2;255;227;223m▄[38;2;255;227;223m[48;2;255;227;223m▄[38;2;255;227;223m[48;2;255;227;223m▄[38;2;255;227;223m[48;2;255;227;223m▄[38;2;255;227;223m[48;2;255;227;223m▄[38;2;255;246;241m[48;2;255;246;242m▄[0m
[38;2;255;228;225m[48;2;255;228;225m▄[38;2;255;246;241m[48;2;255;246;241m▄[38;2;255;227;223m[48;2;255;227;223m▄[38;2;255;227;223m[48;2;255;227;223m▄[38;2;255;227;223m[48;2;255;227;223m▄[38;2;255;227;223m[48;2;255;227;223m▄[38;2;255;227;223m[48;2;255;227;223m▄[38;2;255;227;223m[48;2;255;227;223m▄[38;2;255;227;223m[48;2;255;227;223m▄[38;2;255;227;223m[48;2;255;227;223m▄[38;2;255;227;223m[48;2;255;227;223m▄[38;2;255;227;223m[48;2;255;227;223m▄[38;2;255;227;223m[48;2;255;227;223m▄[38;2;255;227;223m[48;2;255;227;223m▄[38;2;255;227;223m[48;2;255;227;223m▄[38;2;255;227;223m[48;2;255;227;223m▄[38;2;255;227;223m[48;2;255;227;223m▄[38;2;255;227;223m[48;2;255;227;223m▄[38;2;255;227;223m[48;2;255;227;223m▄[38;2;255;227;223m[48;2;255;227;223m▄[38;2;255;227;223m[48;2;255;227;223m▄[38;2;255;227;223m[48;2;255;227;223m▄[38;2;255;227;223m[48;2;255;227;223m▄[38;2;255;227;223m[48;2;255;227;223m▄[38;2;255;227;223m[48;2;255;227;223m▄[38;2;255;226;222m[48;2;255;227;223m▄[38;2;255;238;231m[48;2;255;226;223m▄[38;2;255;242;234m[48;2;255;232;226m▄[38;2;166;110;139m[48;2;255;244;235m▄[38;2;88;0;63m[48;2;177;124;149m▄[38;2;94;11;74m[48;2;126;28;80m▄[38;2;93;13;74m[48;2;171;65;104m▄[38;2;107;23;79m[48;2;202;87;119m▄[38;2;101;17;76m[48;2;170;64;103m▄[38;2;105;20;78m[48;2;175;67;105m▄[38;2;129;36;86m[48;2;215;93;124m▄[38;2;116;25;80m[48;2;207;87;120m▄[38;2;103;15;74m[48;2;189;75;110m▄[38;2;99;13;74m[48;2;138;37;86m▄[38;2;106;17;77m[48;2;96;0;60m▄[38;2;99;7;68m[48;2;140;53;99m▄[38;2;143;57;101m[48;2;241;203;203m▄[38;2;229;187;195m[48;2;253;239;229m▄[38;2;254;230;225m[48;2;248;223;218m▄[38;2;254;227;223m[48;2;255;229;225m▄[38;2;255;227;223m[48;2;255;227;223m▄[38;2;255;227;223m[48;2;255;227;223m▄[38;2;255;227;223m[48;2;255;227;223m▄[38;2;255;227;223m[48;2;255;227;223m▄[38;2;255;227;223m[48;2;255;227;223m▄[38;2;255;227;223m[48;2;255;227;223m▄[38;2;255;227;223m[48;2;255;227;223m▄[38;2;255;227;223m[48;2;255;227;223m▄[38;2;255;227;223m[48;2;255;227;223m▄[38;2;255;227;223m[48;2;255;227;223m▄[38;2;255;227;223m[48;2;255;227;223m▄[38;2;255;227;223m[48;2;255;227;223m▄[38;2;255;227;223m[48;2;255;227;223m▄[38;2;255;227;223m[48;2;255;227;223m▄[38;2;255;246;241m[48;2;255;246;241m▄[0m
[38;2;255;228;225m[48;2;255;228;225m▄[38;2;255;246;241m[48;2;255;246;241m▄[38;2;255;227;223m[48;2;255;227;223m▄[38;2;255;227;223m[48;2;255;227;223m▄[38;2;255;227;223m[48;2;255;227;223m▄[38;2;255;227;223m[48;2;255;227;223m▄[38;2;255;227;223m[48;2;255;227;223m▄[38;2;255;227;223m[48;2;255;227;223m▄[38;2;255;227;223m[48;2;255;227;223m▄[38;2;255;227;223m[48;2;255;227;223m▄[38;2;255;227;223m[48;2;255;227;223m▄[38;2;255;227;223m[48;2;255;227;223m▄[38;2;255;227;223m[48;2;255;227;223m▄[38;2;255;227;223m[48;2;255;227;223m▄[38;2;255;227;223m[48;2;255;227;223m▄[38;2;255;227;223m[48;2;255;227;223m▄[38;2;255;227;223m[48;2;255;227;223m▄[38;2;255;227;223m[48;2;255;227;223m▄[38;2;255;227;223m[48;2;255;227;223m▄[38;2;255;227;223m[48;2;255;227;223m▄[38;2;255;227;223m[48;2;255;227;223m▄[38;2;255;227;223m[48;2;255;227;223m▄[38;2;255;227;223m[48;2;255;227;223m▄[38;2;255;227;223m[48;2;255;227;223m▄[38;2;255;227;223m[48;2;255;227;223m▄[38;2;255;231;226m[48;2;255;234;228m▄[38;2;234;204;205m[48;2;218;185;191m▄[38;2;161;90;124m[48;2;133;61;107m▄[38;2;117;28;85m[48;2;89;0;63m▄[38;2;117;31;88m[48;2;99;14;75m▄[38;2;105;18;78m[48;2;98;19;77m▄[38;2;94;9;71m[48;2;100;20;78m▄[38;2;94;9;72m[48;2;96;16;76m▄[38;2;96;13;74m[48;2;97;16;76m▄[38;2;97;14;75m[48;2;98;17;77m▄[38;2;97;12;74m[48;2;92;13;74m▄[38;2;108;25;84m[48;2;93;13;74m▄[38;2;106;22;81m[48;2;100;16;77m▄[38;2;119;34;91m[48;2;101;16;76m▄[38;2;117;31;88m[48;2;102;16;75m▄[38;2;133;55;104m[48;2;101;11;73m▄[38;2;155;89;126m[48;2;91;0;61m▄[38;2;179;127;150m[48;2;91;0;59m▄[38;2;237;208;207m[48;2;168;102;129m▄[38;2;255;232;227m[48;2;252;230;223m▄[38;2;255;227;223m[48;2;255;229;225m▄[38;2;255;227;223m[48;2;255;227;223m▄[38;2;255;227;223m[48;2;255;227;223m▄[38;2;255;227;223m[48;2;255;227;223m▄[38;2;255;227;223m[48;2;255;227;223m▄[38;2;255;227;223m[48;2;255;227;223m▄[38;2;255;227;223m[48;2;255;227;223m▄[38;2;255;227;223m[48;2;255;227;223m▄[38;2;255;227;223m[48;2;255;227;223m▄[38;2;255;227;223m[48;2;255;227;223m▄[38;2;255;227;223m[48;2;255;227;223m▄[38;2;255;227;223m[48;2;255;227;223m▄[38;2;255;227;223m[48;2;255;227;223m▄[38;2;255;227;223m[48;2;255;227;223m▄[38;2;255;246;241m[48;2;255;246;241m▄[0m
[38;2;255;228;225m[48;2;255;228;225m▄[38;2;255;246;241m[48;2;255;246;241m▄[38;2;255;227;223m[48;2;255;227;223m▄[38;2;255;227;223m[48;2;255;227;223m▄[38;2;255;227;223m[48;2;255;227;223m▄[38;2;255;227;223m[48;2;255;227;223m▄[38;2;255;227;223m[48;2;255;227;223m▄[38;2;255;227;223m[48;2;255;227;223m▄[38;2;255;227;223m[48;2;255;227;223m▄[38;2;255;227;223m[48;2;255;227;223m▄[38;2;255;227;223m[48;2;255;227;223m▄[38;2;255;227;223m[48;2;255;227;223m▄[38;2;255;227;223m[48;2;255;227;223m▄[38;2;255;227;223m[48;2;255;227;223m▄[38;2;255;227;223m[48;2;255;227;223m▄[38;2;255;227;223m[48;2;255;227;223m▄[38;2;255;227;223m[48;2;255;227;223m▄[38;2;255;227;223m[48;2;255;227;223m▄[38;2;255;227;223m[48;2;255;227;223m▄[38;2;255;227;223m[48;2;255;227;223m▄[38;2;255;227;223m[48;2;255;227;223m▄[38;2;255;227;223m[48;2;255;227;223m▄[38;2;255;227;223m[48;2;255;227;223m▄[38;2;255;227;223m[48;2;255;227;223m▄[38;2;255;227;223m[48;2;255;227;223m▄[38;2;255;227;223m[48;2;255;226;222m▄[38;2;255;227;223m[48;2;255;234;228m▄[38;2;255;228;224m[48;2;255;235;228m▄[38;2;255;232;226m[48;2;248;216;215m▄[38;2;255;242;234m[48;2;244;215;214m▄[38;2;235;188;192m[48;2;211;136;157m▄[38;2;144;50;86m[48;2;176;94;129m▄[38;2;140;50;86m[48;2;184;107;139m▄[38;2;131;40;79m[48;2;140;54;102m▄[38;2;145;61;96m[48;2;122;39;90m▄[38;2;233;187;190m[48;2;185;113;143m▄[38;2;131;41;79m[48;2;215;146;166m▄[38;2;127;38;77m[48;2;214;143;164m▄[38;2;120;25;68m[48;2;221;151;169m▄[38;2;144;57;92m[48;2;205;129;150m▄[38;2;254;227;223m[48;2;245;210;209m▄[38;2;255;230;225m[48;2;255;245;235m▄[38;2;255;227;223m[48;2;255;243;234m▄[38;2;255;227;223m[48;2;255;232;227m▄[38;2;255;227;223m[48;2;255;226;222m▄[38;2;255;227;223m[48;2;255;227;223m▄[38;2;255;227;223m[48;2;255;227;223m▄[38;2;255;227;223m[48;2;255;227;223m▄[38;2;255;227;223m[48;2;255;227;223m▄[38;2;255;227;223m[48;2;255;227;223m▄[38;2;255;227;223m[48;2;255;227;223m▄[38;2;255;227;223m[48;2;255;227;223m▄[38;2;255;227;223m[48;2;255;227;223m▄[38;2;255;227;223m[48;2;255;227;223m▄[38;2;255;227;223m[48;2;255;227;223m▄[38;2;255;227;223m[48;2;255;227;223m▄[38;2;255;227;223m[48;2;255;227;223m▄[38;2;255;227;223m[48;2;255;227;223m▄[38;2;255;227;223m[48;2;255;227;223m▄[38;2;255;246;241m[48;2;255;246;241m▄[0m
[38;2;255;228;225m[48;2;255;228;225m▄[38;2;255;246;241m[48;2;255;246;241m▄[38;2;255;227;223m[48;2;255;227;223m▄[38;2;255;227;223m[48;2;255;227;223m▄[38;2;255;227;223m[48;2;255;227;223m▄[38;2;255;227;223m[48;2;255;227;223m▄[38;2;255;227;223m[48;2;255;227;223m▄[38;2;255;227;223m[48;2;255;227;223m▄[38;2;255;227;223m[48;2;255;227;223m▄[38;2;255;227;223m[48;2;255;227;223m▄[38;2;255;227;223m[48;2;255;227;223m▄[38;2;255;227;223m[48;2;255;227;223m▄[38;2;255;227;223m[48;2;255;227;223m▄[38;2;255;227;223m[48;2;255;227;223m▄[38;2;255;227;223m[48;2;255;227;223m▄[38;2;255;227;223m[48;2;255;227;223m▄[38;2;255;227;223m[48;2;255;227;223m▄[38;2;255;230;225m[48;2;255;227;223m▄[38;2;255;235;228m[48;2;255;227;223m▄[38;2;255;240;231m[48;2;255;227;223m▄[38;2;255;239;230m[48;2;255;227;223m▄[38;2;255;238;229m[48;2;255;227;223m▄[38;2;255;235;227m[48;2;255;228;223m▄[38;2;255;230;224m[48;2;255;228;224m▄[38;2;255;226;222m[48;2;255;229;224m▄[38;2;255;226;222m[48;2;255;229;224m▄[38;2;255;227;222m[48;2;255;229;224m▄[38;2;255;230;224m[48;2;255;228;224m▄[38;2;255;238;228m[48;2;255;227;223m▄[38;2;255;236;229m[48;2;254;227;223m▄[38;2;255;242;235m[48;2;255;246;238m▄[38;2;227;183;186m[48;2;178;110;129m▄[38;2;120;25;61m[48;2;106;8;51m▄[38;2;118;27;65m[48;2;114;18;61m▄[38;2;109;15;58m[48;2;133;44;82m▄[38;2;224;178;186m[48;2;254;224;219m▄[38;2;191;138;152m[48;2;149;73;103m▄[38;2;107;17;57m[48;2;109;16;58m▄[38;2;113;23;64m[48;2;110;13;58m▄[38;2;144;62;95m[48;2;155;74;108m▄[38;2;253;226;222m[48;2;255;238;231m▄[38;2;255;230;225m[48;2;255;228;224m▄[38;2;255;227;223m[48;2;255;227;223m▄[38;2;255;227;223m[48;2;255;227;223m▄[38;2;255;227;223m[48;2;255;227;223m▄[38;2;255;227;223m[48;2;255;227;223m▄[38;2;255;227;223m[48;2;255;227;223m▄[38;2;255;227;223m[48;2;255;227;223m▄[38;2;255;227;223m[48;2;255;227;223m▄[38;2;255;227;223m[48;2;255;227;223m▄[38;2;255;227;223m[48;2;255;227;223m▄[38;2;255;227;223m[48;2;255;227;223m▄[38;2;255;227;223m[48;2;255;227;223m▄[38;2;255;227;223m[48;2;255;227;223m▄[38;2;255;227;223m[48;2;255;227;223m▄[38;2;255;227;223m[48;2;255;227;223m▄[38;2;255;227;223m[48;2;255;227;223m▄[38;2;255;227;223m[48;2;255;227;223m▄[38;2;255;227;223m[48;2;255;227;223m▄[38;2;255;246;241m[48;2;255;246;241m▄[0m
[38;2;255;228;225m[48;2;255;228;225m▄[38;2;255;246;241m[48;2;255;246;241m▄[38;2;255;227;223m[48;2;255;227;223m▄[38;2;255;227;223m[48;2;255;227;223m▄[38;2;255;227;223m[48;2;255;227;223m▄[38;2;255;227;223m[48;2;255;227;223m▄[38;2;255;227;223m[48;2;255;227;223m▄[38;2;255;227;223m[48;2;255;227;223m▄[38;2;255;227;223m[48;2;255;227;223m▄[38;2;255;228;223m[48;2;255;227;223m▄[38;2;255;237;231m[48;2;255;227;223m▄[38;2;255;239;232m[48;2;255;227;223m▄[38;2;249;222;217m[48;2;255;230;226m▄[38;2;241;199;197m[48;2;255;234;229m▄[38;2;230;166;170m[48;2;255;238;232m▄[38;2;215;138;146m[48;2;255;239;233m▄[38;2;203;119;135m[48;2;255;235;230m▄[38;2;198;106;131m[48;2;246;219;218m▄[38;2;194;94;128m[48;2;231;192;200m▄[38;2;176;70;115m[48;2;211;159;182m▄[38;2;159;60;118m[48;2;201;137;170m▄[38;2;157;62;130m[48;2;195;126;165m▄[38;2;157;63;135m[48;2;188;114;160m▄[38;2;152;65;136m[48;2;178;102;152m▄[38;2;147;62;133m[48;2;170;94;149m▄[38;2;144;62;135m[48;2;167;93;149m▄[38;2;143;66;141m[48;2;169;98;152m▄[38;2;140;65;141m[48;2;169;102;152m▄[38;2;133;59;136m[48;2;191;131;168m▄[38;2;132;54;113m[48;2;228;185;191m▄[38;2;159;89;115m[48;2;255;234;227m▄[38;2;234;190;193m[48;2;253;223;219m▄[38;2;131;49;83m[48;2;128;42;76m▄[38;2;113;25;63m[48;2;113;24;62m▄[38;2;115;29;67m[48;2;109;19;60m▄[38;2;235;199;202m[48;2;226;186;192m▄[38;2;242;208;207m[48;2;217;174;180m▄[38;2;114;38;71m[48;2;104;20;57m▄[38;2;110;35;68m[48;2;113;32;67m▄[38;2;105;29;62m[48;2;113;32;67m▄[38;2;220;179;183m[48;2;230;190;193m▄[38;2;255;239;232m[48;2;255;237;231m▄[38;2;255;227;223m[48;2;255;227;223m▄[38;2;255;227;223m[48;2;255;227;223m▄[38;2;255;227;223m[48;2;255;227;223m▄[38;2;255;227;223m[48;2;255;227;223m▄[38;2;255;227;223m[48;2;255;227;223m▄[38;2;255;227;223m[48;2;255;227;223m▄[38;2;255;227;223m[48;2;255;227;223m▄[38;2;255;227;223m[48;2;255;227;223m▄[38;2;255;227;223m[48;2;255;227;223m▄[38;2;255;227;223m[48;2;255;227;223m▄[38;2;255;227;223m[48;2;255;227;223m▄[38;2;255;227;223m[48;2;255;227;223m▄[38;2;255;227;223m[48;2;255;227;223m▄[38;2;255;227;223m[48;2;255;227;223m▄[38;2;255;227;223m[48;2;255;227;223m▄[38;2;255;227;223m[48;2;255;227;223m▄[38;2;255;227;223m[48;2;255;227;223m▄[38;2;255;246;241m[48;2;255;246;241m▄[0m
[38;2;255;228;225m[48;2;255;228;225m▄[38;2;255;246;241m[48;2;255;246;241m▄[38;2;255;227;223m[48;2;255;227;223m▄[38;2;255;227;223m[48;2;255;227;223m▄[38;2;255;227;223m[48;2;255;227;223m▄[38;2;255;227;223m[48;2;255;227;223m▄[38;2;255;227;223m[48;2;255;227;223m▄[38;2;255;229;224m[48;2;255;227;223m▄[38;2;255;242;233m[48;2;255;229;224m▄[38;2;218;164;174m[48;2;255;234;228m▄[38;2;165;62;103m[48;2;230;186;191m▄[38;2;173;59;95m[48;2;219;142;153m▄[38;2;216;135;145m[48;2;206;106;118m▄[38;2;238;183;188m[48;2;191;74;91m▄[38;2;249;201;204m[48;2;191;72;89m▄[38;2;248;198;202m[48;2;191;73;93m▄[38;2;244;188;195m[48;2;192;72;95m▄[38;2;206;120;149m[48;2;202;96;120m▄[38;2;156;62;117m[48;2;190;100;138m▄[38;2;162;72;130m[48;2;175;79;126m▄[38;2;165;73;130m[48;2;171;73;119m▄[38;2;161;68;128m[48;2;168;75;131m▄[38;2;159;70;133m[48;2;163;75;139m▄[38;2;155;70;135m[48;2;156;71;139m▄[38;2;150;68;137m[48;2;149;67;137m▄[38;2;151;70;142m[48;2;148;68;142m▄[38;2;149;71;144m[48;2;148;71;146m▄[38;2;144;70;144m[48;2;146;72;146m▄[38;2;145;72;148m[48;2;145;73;146m▄[38;2;139;69;144m[48;2;140;72;143m▄[38;2;128;57;116m[48;2;114;37;92m▄[38;2;152;81;107m[48;2;172;102;124m▄[38;2;198;138;153m[48;2;158;85;110m▄[38;2;102;20;57m[48;2;108;21;60m▄[38;2;116;37;72m[48;2;114;32;68m▄[38;2;237;204;203m[48;2;233;198;200m▄[38;2;255;249;238m[48;2;255;234;228m▄[38;2;163;105;122m[48;2;132;64;89m▄[38;2;96;17;53m[48;2;103;29;62m▄[38;2;151;90;111m[48;2;119;48;76m▄[38;2;255;237;231m[48;2;242;211;209m▄[38;2;255;227;223m[48;2;255;233;227m▄[38;2;255;227;223m[48;2;255;227;223m▄[38;2;255;227;223m[48;2;255;227;223m▄[38;2;255;227;223m[48;2;255;227;223m▄[38;2;255;227;223m[48;2;255;227;223m▄[38;2;255;227;223m[48;2;255;227;223m▄[38;2;255;227;223m[48;2;255;227;223m▄[38;2;255;227;223m[48;2;255;227;223m▄[38;2;255;227;223m[48;2;255;227;223m▄[38;2;255;227;223m[48;2;255;227;223m▄[38;2;255;227;223m[48;2;255;227;223m▄[38;2;255;227;223m[48;2;255;227;223m▄[38;2;255;227;223m[48;2;255;227;223m▄[38;2;255;227;223m[48;2;255;227;223m▄[38;2;255;227;223m[48;2;255;227;223m▄[38;2;255;227;223m[48;2;255;227;223m▄[38;2;255;227;223m[48;2;255;227;223m▄[38;2;255;227;223m[48;2;255;227;223m▄[38;2;255;246;241m[48;2;255;246;241m▄[0m
[38;2;255;228;225m[48;2;255;228;225m▄[38;2;255;246;241m[48;2;255;246;241m▄[38;2;255;227;223m[48;2;255;227;223m▄[38;2;255;227;223m[48;2;255;227;223m▄[38;2;255;227;223m[48;2;255;227;223m▄[38;2;255;227;223m[48;2;255;227;223m▄[38;2;255;237;230m[48;2;255;227;223m▄[38;2;227;184;191m[48;2;255;235;229m▄[38;2;149;59;101m[48;2;206;151;167m▄[38;2;158;66;108m[48;2;156;58;100m▄[38;2;160;61;102m[48;2;161;60;103m▄[38;2;236;175;184m[48;2;222;159;175m▄[38;2;255;229;226m[48;2;255;231;230m▄[38;2;254;214;215m[48;2;255;222;222m▄[38;2;254;214;215m[48;2;255;218;219m▄[38;2;254;214;215m[48;2;255;219;221m▄[38;2;255;227;228m[48;2;255;231;232m▄[38;2;214;141;166m[48;2;238;181;198m▄[38;2;160;58;109m[48;2;163;66;117m▄[38;2;165;70;121m[48;2;163;71;123m▄[38;2;164;69;124m[48;2;163;71;128m▄[38;2;163;65;121m[48;2;160;66;127m▄[38;2;162;67;128m[48;2;162;72;136m▄[38;2;158;66;129m[48;2;156;67;131m▄[38;2;159;68;135m[48;2;155;69;136m▄[38;2;157;73;139m[48;2;152;72;140m▄[38;2;145;64;131m[48;2;146;66;136m▄[38;2;147;69;141m[48;2;141;66;139m▄[38;2;145;71;144m[48;2;146;73;147m▄[38;2;141;71;143m[48;2;141;71;144m▄[38;2;128;56;113m[48;2;128;57;112m▄[38;2;106;31;66m[48;2;130;60;90m▄[38;2;124;56;85m[48;2;216;162;172m▄[38;2;118;45;77m[48;2;118;41;72m▄[38;2;137;67;96m[48;2;118;42;76m▄[38;2;225;176;186m[48;2;243;200;204m▄[38;2;246;203;208m[48;2;255;242;236m▄[38;2;207;155;167m[48;2;177;125;138m▄[38;2;142;75;100m[48;2;80;1;36m▄[38;2;184;124;138m[48;2;172;115;131m▄[38;2;252;224;219m[48;2;255;246;238m▄[38;2;252;219;215m[48;2;255;228;224m▄[38;2;253;219;217m[48;2;255;229;224m▄[38;2;253;224;220m[48;2;255;228;223m▄[38;2;255;227;223m[48;2;255;227;223m▄[38;2;255;227;223m[48;2;255;227;223m▄[38;2;255;227;223m[48;2;255;227;223m▄[38;2;255;227;223m[48;2;255;227;223m▄[38;2;255;227;223m[48;2;255;227;223m▄[38;2;255;227;223m[48;2;255;227;223m▄[38;2;255;227;223m[48;2;255;227;223m▄[38;2;255;227;223m[48;2;255;227;223m▄[38;2;255;227;223m[48;2;255;227;223m▄[38;2;255;227;223m[48;2;255;227;223m▄[38;2;255;227;223m[48;2;255;227;223m▄[38;2;255;227;223m[48;2;255;227;223m▄[38;2;255;227;223m[48;2;255;227;223m▄[38;2;255;227;223m[48;2;255;227;223m▄[38;2;255;227;223m[48;2;255;227;223m▄[38;2;255;246;241m[48;2;255;246;241m▄[0m
[38;2;254;228;225m[48;2;255;228;225m▄[38;2;255;255;255m[48;2;255;246;241m▄[38;2;255;246;242m[48;2;255;227;223m▄[38;2;255;246;242m[48;2;255;227;223m▄[38;2;255;246;242m[48;2;255;227;223m▄[38;2;255;246;242m[48;2;255;227;223m▄[38;2;255;245;241m[48;2;255;234;228m▄[38;2;255;251;246m[48;2;236;198;201m▄[38;2;255;244;241m[48;2;180;100;132m▄[38;2;255;212;216m[48;2;157;65;107m▄[38;2;255;212;217m[48;2;153;58;100m▄[38;2;255;217;220m[48;2;179;88;118m▄[38;2;255;226;225m[48;2;240;186;193m▄[38;2;255;237;233m[48;2;254;214;214m▄[38;2;255;232;230m[48;2;253;209;212m▄[38;2;255;239;235m[48;2;255;214;216m▄[38;2;255;223;223m[48;2;248;198;203m▄[38;2;216;130;160m[48;2;174;77;120m▄[38;2;196;101;142m[48;2;161;61;114m▄[38;2;186;86;135m[48;2;164;69;121m▄[38;2;186;83;134m[48;2;166;70;125m▄[38;2;193;97;147m[48;2;163;62;119m▄[38;2;197;112;156m[48;2;161;58;120m▄[38;2;231;164;180m[48;2;161;57;117m▄[38;2;234;164;184m[48;2;157;58;125m▄[38;2;217;141;180m[48;2;149;58;128m▄[38;2;199;113;166m[48;2;151;67;136m▄[38;2;190;103;163m[48;2;151;69;140m▄[38;2;181;96;159m[48;2;147;69;143m▄[38;2;181;100;163m[48;2;144;73;144m▄[38;2;174;96;161m[48;2;132;61;129m▄[38;2;173;102;163m[48;2;152;88;125m▄[38;2;193;136;168m[48;2;181;130;147m▄[38;2;255;233;232m[48;2;213;167;177m▄[38;2;255;241;237m[48;2;238;199;202m▄[38;2;255;244;239m[48;2;240;206;206m▄[38;2;255;241;237m[48;2;241;201;202m▄[38;2;255;230;229m[48;2;247;205;207m▄[38;2;255;230;229m[48;2;254;216;218m▄[38;2;255;235;233m[48;2;244;204;206m▄[38;2;255;237;234m[48;2;243;205;204m▄[38;2;255;238;234m[48;2;247;216;213m▄[38;2;255;241;236m[48;2;239;206;204m▄[38;2;255;247;242m[48;2;245;214;212m▄[38;2;255;246;242m[48;2;255;229;224m▄[38;2;255;246;242m[48;2;255;227;223m▄[38;2;255;246;242m[48;2;255;227;223m▄[38;2;255;246;242m[48;2;255;227;223m▄[38;2;255;246;242m[48;2;255;227;223m▄[38;2;255;246;242m[48;2;255;227;223m▄[38;2;255;246;242m[48;2;255;227;223m▄[38;2;255;246;242m[48;2;255;227;223m▄[38;2;255;246;242m[48;2;255;227;223m▄[38;2;255;246;241m[48;2;255;227;223m▄[38;2;255;246;241m[48;2;255;227;223m▄[38;2;255;246;241m[48;2;255;227;223m▄[38;2;255;246;241m[48;2;255;227;223m▄[38;2;255;246;241m[48;2;255;227;223m▄[38;2;255;246;241m[48;2;255;227;223m▄[38;2;255;255;255m[48;2;255;246;242m▄[0m
