[38;2;1;104;126m[48;2;0;102;120m▄[38;2;2;120;148m[48;2;1;110;133m▄[38;2;2;114;139m[48;2;1;104;125m▄[38;2;1;115;140m[48;2;0;104;125m▄[38;2;1;116;142m[48;2;0;106;125m▄[38;2;1;116;143m[48;2;1;106;125m▄[38;2;1;117;145m[48;2;1;106;127m▄[38;2;1;118;146m[48;2;1;108;129m▄[38;2;0;118;146m[48;2;0;108;129m▄[38;2;1;119;146m[48;2;0;110;131m▄[38;2;1;119;147m[48;2;0;110;129m▄[38;2;1;119;147m[48;2;0;108;129m▄[38;2;2;120;148m[48;2;0;110;131m▄[38;2;2;120;148m[48;2;0;108;129m▄[38;2;1;120;146m[48;2;1;108;129m▄[38;2;2;119;144m[48;2;1;108;129m▄[38;2;1;119;144m[48;2;1;106;129m▄[38;2;1;119;143m[48;2;1;108;127m▄[38;2;1;118;142m[48;2;0;110;129m▄[38;2;1;118;139m[48;2;1;108;129m▄[38;2;1;118;138m[48;2;1;108;125m▄[38;2;2;119;139m[48;2;3;108;123m▄[38;2;2;119;136m[48;2;3;110;123m▄[38;2;2;119;135m[48;2;3;108;119m▄[38;2;4;118;133m[48;2;5;106;119m▄[38;2;5;118;133m[48;2;5;106;119m▄[38;2;6;117;129m[48;2;7;106;114m▄[38;2;7;116;126m[48;2;9;106;112m▄[38;2;8;117;125m[48;2;9;106;112m▄[38;2;10;117;123m[48;2;9;106;114m▄[38;2;10;116;123m[48;2;7;104;112m▄[38;2;11;117;123m[48;2;9;106;112m▄[38;2;12;116;122m[48;2;11;104;112m▄[38;2;12;116;119m[48;2;11;104;108m▄[38;2;15;116;118m[48;2;13;104;108m▄[38;2;17;115;115m[48;2;13;104;106m▄[38;2;16;116;115m[48;2;13;106;106m▄[38;2;18;116;113m[48;2;13;104;102m▄[38;2;19;116;110m[48;2;13;104;102m▄[38;2;21;116;110m[48;2;17;104;102m▄[38;2;22;117;107m[48;2;19;106;98m▄[38;2;25;116;104m[48;2;17;104;95m▄[38;2;28;115;102m[48;2;20;102;93m▄[38;2;29;115;101m[48;2;22;102;91m▄[38;2;30;115;98m[48;2;20;100;89m▄[38;2;31;115;97m[48;2;22;100;87m▄[38;2;31;114;96m[48;2;22;100;85m▄[38;2;31;113;94m[48;2;24;100;83m▄[38;2;32;112;92m[48;2;24;98;83m▄[38;2;32;111;91m[48;2;22;97;83m▄[38;2;33;109;88m[48;2;22;97;79m▄[38;2;31;108;87m[48;2;20;95;78m▄[38;2;30;106;85m[48;2;20;93;78m▄[38;2;29;105;84m[48;2;19;91;74m▄[38;2;27;103;82m[48;2;19;91;74m▄[38;2;24;100;81m[48;2;17;87;76m▄[38;2;23;98;77m[48;2;15;87;70m▄[38;2;22;96;75m[48;2;15;85;68m▄[38;2;21;94;76m[48;2;15;85;72m▄[38;2;23;98;80m[48;2;17;89;76m▄[0m
[38;2;0;108;144m[48;2;1;105;133m▄[38;2;1;119;157m[48;2;2;114;145m▄[38;2;0;111;148m[48;2;1;107;136m▄[38;2;1;113;152m[48;2;1;107;140m▄[38;2;2;113;155m[48;2;1;108;142m▄[38;2;1;114;154m[48;2;2;110;142m▄[38;2;2;116;154m[48;2;2;111;144m▄[38;2;1;117;155m[48;2;1;111;143m▄[38;2;1;117;156m[48;2;0;113;145m▄[38;2;0;119;157m[48;2;1;114;146m▄[38;2;1;118;156m[48;2;2;114;148m▄[38;2;1;117;152m[48;2;1;114;148m▄[38;2;1;116;150m[48;2;2;114;144m▄[38;2;0;115;150m[48;2;2;113;142m▄[38;2;1;114;147m[48;2;2;113;140m▄[38;2;2;114;145m[48;2;2;113;140m▄[38;2;2;113;145m[48;2;2;113;141m▄[38;2;1;115;144m[48;2;1;112;139m▄[38;2;2;116;144m[48;2;1;111;138m▄[38;2;4;117;144m[48;2;2;112;137m▄[38;2;5;118;145m[48;2;2;113;135m▄[38;2;5;122;145m[48;2;1;113;133m▄[38;2;8;126;146m[48;2;1;113;132m▄[38;2;11;131;151m[48;2;2;113;132m▄[38;2;14;136;152m[48;2;2;114;129m▄[38;2;15;137;150m[48;2;4;113;129m▄[38;2;15;134;147m[48;2;5;113;128m▄[38;2;13;129;143m[48;2;6;113;127m▄[38;2;12;124;136m[48;2;7;112;124m▄[38;2;11;120;131m[48;2;8;112;122m▄[38;2;12;118;127m[48;2;9;112;119m▄[38;2;14;117;123m[48;2;10;112;117m▄[38;2;14;117;121m[48;2;12;111;116m▄[38;2;18;116;117m[48;2;13;111;113m▄[38;2;21;116;114m[48;2;15;110;110m▄[38;2;25;116;112m[48;2;18;111;109m▄[38;2;27;117;110m[48;2;19;111;108m▄[38;2;28;118;107m[48;2;19;112;107m▄[38;2;29;118;106m[48;2;21;112;103m▄[38;2;30;119;105m[48;2;22;113;103m▄[38;2;32;120;102m[48;2;25;114;101m▄[38;2;35;119;100m[48;2;28;113;97m▄[38;2;38;121;99m[48;2;31;114;96m▄[38;2;41;122;97m[48;2;33;115;94m▄[38;2;44;122;96m[48;2;33;114;93m▄[38;2;46;125;95m[48;2;35;115;91m▄[38;2;49;126;92m[48;2;34;115;89m▄[38;2;52;125;91m[48;2;35;114;88m▄[38;2;55;125;90m[48;2;37;113;87m▄[38;2;57;126;87m[48;2;39;113;86m▄[38;2;57;124;84m[48;2;40;111;83m▄[38;2;59;122;82m[48;2;42;109;82m▄[38;2;57;120;79m[48;2;40;107;80m▄[38;2;54;116;79m[48;2;39;105;78m▄[38;2;51;113;77m[48;2;39;102;76m▄[38;2;50;110;75m[48;2;36;100;74m▄[38;2;48;107;72m[48;2;34;97;72m▄[38;2;46;104;72m[48;2;31;95;71m▄[38;2;43;101;70m[48;2;29;92;69m▄[38;2;42;105;74m[48;2;28;96;73m▄[0m
[38;2;1;116;166m[48;2;1;112;153m▄[38;2;1;128;182m[48;2;2;123;170m▄[38;2;1;121;171m[48;2;1;116;161m▄[38;2;1;121;171m[48;2;1;118;164m▄[38;2;2;121;171m[48;2;1;118;165m▄[38;2;1;122;173m[48;2;1;120;166m▄[38;2;1;123;173m[48;2;1;121;166m▄[38;2;1;123;173m[48;2;1;121;166m▄[38;2;1;123;173m[48;2;1;121;166m▄[38;2;1;124;170m[48;2;1;121;166m▄[38;2;1;122;167m[48;2;2;120;163m▄[38;2;1;121;165m[48;2;1;118;158m▄[38;2;1;122;166m[48;2;1;118;156m▄[38;2;1;122;164m[48;2;0;116;155m▄[38;2;1;121;163m[48;2;0;117;155m▄[38;2;1;123;162m[48;2;0;118;155m▄[38;2;1;125;166m[48;2;1;119;155m▄[38;2;0;129;167m[48;2;1;122;156m▄[38;2;0;140;174m[48;2;2;124;155m▄[38;2;3;153;185m[48;2;4;127;155m▄[38;2;42;144;168m[48;2;7;138;163m▄[38;2;45;74;89m[48;2;23;149;173m▄[38;2;29;30;38m[48;2;36;140;159m▄[38;2;21;14;22m[48;2;41;114;130m▄[38;2;25;12;20m[48;2;36;87;100m▄[38;2;37;21;30m[48;2;37;96;108m▄[38;2;28;18;25m[48;2;44;115;127m▄[38;2;17;15;22m[48;2;46;126;137m▄[38;2;29;35;46m[48;2;47;142;153m▄[38;2;50;92;101m[48;2;38;149;158m▄[38;2;70;152;156m[48;2;29;137;143m▄[38;2;62;158;159m[48;2;27;129;135m▄[38;2;54;150;149m[48;2;25;127;129m▄[38;2;47;138;132m[48;2;29;125;123m▄[38;2;48;136;126m[48;2;32;124;119m▄[38;2;50;137;122m[48;2;37;125;115m▄[38;2;50;136;117m[48;2;39;126;114m▄[38;2;52;137;115m[48;2;40;127;113m▄[38;2;54;137;111m[48;2;39;127;111m▄[38;2;57;138;108m[48;2;44;130;108m▄[38;2;61;139;108m[48;2;49;131;105m▄[38;2;67;142;108m[48;2;50;131;103m▄[38;2;71;145;104m[48;2;53;132;103m▄[38;2;74;144;103m[48;2;55;133;102m▄[38;2;74;144;101m[48;2;59;134;100m▄[38;2;78;147;100m[48;2;61;136;98m▄[38;2;83;150;99m[48;2;69;138;96m▄[38;2;85;151;96m[48;2;72;138;94m▄[38;2;90;153;95m[48;2;75;140;93m▄[38;2;98;155;93m[48;2;80;140;91m▄[38;2;104;157;91m[48;2;82;141;89m▄[38;2;107;157;89m[48;2;87;141;86m▄[38;2;107;156;88m[48;2;85;139;84m▄[38;2;109;155;85m[48;2;83;137;83m▄[38;2;108;152;84m[48;2;80;133;81m▄[38;2;100;148;81m[48;2;71;127;79m▄[38;2;94;142;80m[48;2;67;123;76m▄[38;2;88;137;79m[48;2;64;119;74m▄[38;2;80;132;78m[48;2;59;114;72m▄[38;2;79;137;82m[48;2;59;120;78m▄[0m
[38;2;0;123;181m[48;2;0;121;174m▄[38;2;1;134;195m[48;2;1;132;189m▄[38;2;1;124;180m[48;2;1;122;175m▄[38;2;2;126;184m[48;2;1;122;176m▄[38;2;1;128;186m[48;2;1;124;177m▄[38;2;1;129;184m[48;2;2;125;178m▄[38;2;1;129;184m[48;2;2;125;178m▄[38;2;1;129;184m[48;2;1;125;177m▄[38;2;1;129;181m[48;2;1;126;176m▄[38;2;1;128;182m[48;2;1;126;175m▄[38;2;1;128;181m[48;2;0;125;173m▄[38;2;1;128;179m[48;2;1;126;174m▄[38;2;2;127;176m[48;2;1;126;174m▄[38;2;1;126;174m[48;2;1;124;171m▄[38;2;1;130;176m[48;2;1;125;169m▄[38;2;1;137;181m[48;2;1;129;172m▄[38;2;0;148;191m[48;2;1;134;175m▄[38;2;32;142;172m[48;2;0;145;184m▄[38;2;127;59;47m[48;2;41;136;160m▄[38;2;109;48;38m[48;2;77;127;143m▄[38;2;15;16;24m[48;2;42;45;58m▄[38;2;68;42;38m[48;2;10;0;7m▄[38;2;151;80;61m[48;2;14;8;11m▄[38;2;135;71;56m[48;2;76;48;48m▄[38;2;122;62;51m[48;2;108;70;68m▄[38;2;125;68;56m[48;2;93;61;62m▄[38;2;114;58;44m[48;2;116;74;72m▄[38;2;108;56;42m[48;2;80;48;46m▄[38;2;144;76;58m[48;2;37;22;23m▄[38;2;95;54;47m[48;2;13;6;13m▄[38;2;9;6;12m[48;2;42;44;51m▄[38;2;32;7;11m[48;2;121;85;82m▄[38;2;65;42;39m[48;2;86;99;96m▄[38;2;100;167;153m[48;2;68;156;147m▄[38;2;78;159;143m[48;2;61;147;134m▄[38;2;71;153;132m[48;2;60;145;127m▄[38;2;64;150;124m[48;2;60;145;121m▄[38;2;65;151;118m[48;2;64;146;116m▄[38;2;74;154;115m[48;2;70;149;114m▄[38;2;86;159;112m[48;2;75;150;111m▄[38;2;95;163;111m[48;2;76;150;111m▄[38;2;98;164;109m[48;2;77;151;108m▄[38;2;99;166;107m[48;2;86;153;107m▄[38;2;102;166;107m[48;2;90;156;106m▄[38;2;107;167;107m[48;2;93;157;105m▄[38;2;111;171;105m[48;2;97;161;104m▄[38;2;120;175;103m[48;2;104;165;102m▄[38;2;132;179;102m[48;2;109;167;101m▄[38;2;132;178;100m[48;2;111;167;99m▄[38;2;139;181;99m[48;2;116;169;96m▄[38;2;144;182;94m[48;2;124;172;92m▄[38;2;146;183;93m[48;2;126;171;90m▄[38;2;144;181;89m[48;2;126;171;88m▄[38;2;145;181;88m[48;2;131;171;86m▄[38;2;145;181;87m[48;2;130;170;85m▄[38;2;143;178;86m[48;2;124;166;84m▄[38;2;135;174;83m[48;2;117;159;84m▄[38;2;127;168;83m[48;2;108;154;82m▄[38;2;120;163;81m[48;2;100;147;80m▄[38;2;123;168;84m[48;2;104;152;85m▄[0m
[38;2;1;125;187m[48;2;1;125;185m▄[38;2;1;139;203m[48;2;2;138;201m▄[38;2;1;130;188m[48;2;2;129;188m▄[38;2;1;131;190m[48;2;1;131;189m▄[38;2;1;132;191m[48;2;1;131;189m▄[38;2;1;133;192m[48;2;0;131;190m▄[38;2;1;134;193m[48;2;0;132;190m▄[38;2;1;134;192m[48;2;1;132;190m▄[38;2;0;133;190m[48;2;1;132;189m▄[38;2;1;134;190m[48;2;1;132;189m▄[38;2;1;133;189m[48;2;1;132;188m▄[38;2;1;133;187m[48;2;1;132;183m▄[38;2;1;133;186m[48;2;1;130;180m▄[38;2;1;136;186m[48;2;1;132;181m▄[38;2;1;140;187m[48;2;1;137;185m▄[38;2;1;146;190m[48;2;1;143;189m▄[38;2;4;157;199m[48;2;1;155;199m▄[38;2;37;166;200m[48;2;50;143;169m▄[38;2;151;82;71m[48;2;129;57;40m▄[38;2;79;32;23m[48;2;51;27;25m▄[38;2;0;2;9m[48;2;5;8;14m▄[38;2;78;47;38m[48;2;90;53;43m▄[38;2;182;101;76m[48;2;104;56;45m▄[38;2;170;91;73m[48;2;65;34;29m▄[38;2;149;82;70m[48;2;97;57;52m▄[38;2;151;79;64m[48;2;116;70;68m▄[38;2;154;82;68m[48;2;95;60;61m▄[38;2;146;83;72m[48;2;75;45;40m▄[38;2;160;85;67m[48;2;114;60;48m▄[38;2;120;67;54m[48;2;106;60;53m▄[38;2;2;3;7m[48;2;5;3;6m▄[38;2;24;13;14m[48;2;25;12;12m▄[38;2;71;35;31m[48;2;93;55;48m▄[38;2;56;64;70m[48;2;126;172;157m▄[38;2;109;146;133m[48;2;116;188;163m▄[38;2;130;182;156m[48;2;96;171;142m▄[38;2;123;189;151m[48;2;85;162;130m▄[38;2;109;175;133m[48;2;80;160;123m▄[38;2;105;172;123m[48;2;80;160;117m▄[38;2;109;173;117m[48;2;88;163;113m▄[38;2;114;175;115m[48;2;103;170;110m▄[38;2;124;179;112m[48;2;112;173;110m▄[38;2;130;181;111m[48;2;115;175;110m▄[38;2;135;181;111m[48;2;118;175;109m▄[38;2;136;183;109m[48;2;118;175;106m▄[38;2;143;185;109m[48;2;127;179;107m▄[38;2;150;188;106m[48;2;134;181;104m▄[38;2;152;190;103m[48;2;142;184;102m▄[38;2;157;190;102m[48;2;148;186;103m▄[38;2;163;191;99m[48;2;155;188;99m▄[38;2;165;195;98m[48;2;160;190;95m▄[38;2;169;194;96m[48;2;160;189;94m▄[38;2;173;195;94m[48;2;164;190;93m▄[38;2;171;193;91m[48;2;162;189;90m▄[38;2;170;192;89m[48;2;161;188;89m▄[38;2;167;190;88m[48;2;158;186;86m▄[38;2;161;187;85m[48;2;152;183;84m▄[38;2;157;185;83m[48;2;143;179;83m▄[38;2;152;182;80m[48;2;133;173;80m▄[38;2;156;191;83m[48;2;137;181;82m▄[0m
[38;2;1;125;183m[48;2;1;125;185m▄[38;2;1;139;202m[48;2;1;139;202m▄[38;2;1;131;189m[48;2;1;131;189m▄[38;2;1;132;192m[48;2;1;133;193m▄[38;2;1;135;197m[48;2;1;136;196m▄[38;2;1;136;198m[48;2;2;137;196m▄[38;2;1;137;196m[48;2;1;136;196m▄[38;2;1;137;195m[48;2;1;136;194m▄[38;2;2;139;195m[48;2;1;137;193m▄[38;2;3;138;194m[48;2;1;136;192m▄[38;2;1;138;193m[48;2;0;135;191m▄[38;2;2;140;195m[48;2;1;136;191m▄[38;2;2;141;196m[48;2;1;137;192m▄[38;2;0;146;196m[48;2;1;139;192m▄[38;2;0;158;203m[48;2;2;143;193m▄[38;2;17;167;209m[48;2;1;154;198m▄[38;2;46;100;124m[48;2;15;174;213m▄[38;2;48;46;53m[48;2;38;177;212m▄[38;2;56;45;47m[48;2;84;145;167m▄[38;2;34;27;32m[48;2;71;45;48m▄[38;2;0;4;11m[48;2;2;4;9m▄[38;2;44;22;17m[48;2;21;12;12m▄[38;2;208;95;66m[48;2;174;84;59m▄[38;2;169;75;53m[48;2;206;93;65m▄[38;2;200;96;68m[48;2;200;105;82m▄[38;2;213;97;66m[48;2;165;81;60m▄[38;2;198;88;63m[48;2;167;80;59m▄[38;2;196;83;56m[48;2;195;97;73m▄[38;2;185;77;53m[48;2;137;68;52m▄[38;2;108;51;42m[48;2;48;27;25m▄[38;2;13;11;12m[48;2;2;2;4m▄[38;2;8;6;8m[48;2;1;2;5m▄[38;2;24;14;15m[48;2;16;11;14m▄[38;2;44;24;22m[48;2;38;19;21m▄[38;2;45;24;23m[48;2;32;14;18m▄[38;2;39;17;18m[48;2;64;56;57m▄[38;2;32;15;20m[48;2;122;148;128m▄[38;2;70;79;68m[48;2;148;201;155m▄[38;2;121;142;118m[48;2;142;198;144m▄[38;2;159;193;149m[48;2;132;186;129m▄[38;2;156;200;139m[48;2;135;184;123m▄[38;2;155;191;126m[48;2;141;185;118m▄[38;2;162;195;119m[48;2;150;189;115m▄[38;2;163;194;114m[48;2;153;189;112m▄[38;2;164;195;110m[48;2;152;190;109m▄[38;2;164;195;107m[48;2;152;190;107m▄[38;2;165;196;105m[48;2;156;191;106m▄[38;2;166;195;103m[48;2;160;193;104m▄[38;2;166;195;100m[48;2;164;194;103m▄[38;2;167;195;98m[48;2;167;195;102m▄[38;2;170;196;96m[48;2;170;196;98m▄[38;2;176;197;93m[48;2;176;196;95m▄[38;2;179;199;91m[48;2;178;197;92m▄[38;2;181;199;90m[48;2;177;196;90m▄[38;2;180;198;88m[48;2;176;195;88m▄[38;2;179;197;86m[48;2;173;193;87m▄[38;2;175;195;84m[48;2;167;190;84m▄[38;2;167;190;80m[48;2;162;187;83m▄[38;2;163;187;75m[48;2;160;185;80m▄[38;2;164;196;80m[48;2;161;195;81m▄[0m
[38;2;0;121;174m[48;2;1;123;180m▄[38;2;1;133;192m[48;2;1;136;198m▄[38;2;1;126;184m[48;2;1;130;188m▄[38;2;1;128;186m[48;2;1;132;191m▄[38;2;0;130;187m[48;2;0;135;194m▄[38;2;1;131;188m[48;2;1;135;194m▄[38;2;1;132;189m[48;2;1;135;193m▄[38;2;0;134;189m[48;2;1;136;193m▄[38;2;0;132;187m[48;2;1;136;194m▄[38;2;0;134;187m[48;2;1;134;191m▄[38;2;2;138;191m[48;2;1;137;192m▄[38;2;1;144;196m[48;2;1;141;195m▄[38;2;0;156;202m[48;2;1;146;199m▄[38;2;14;167;209m[48;2;0;159;204m▄[38;2;38;83;107m[48;2;15;176;218m▄[38;2;48;37;37m[48;2;24;68;91m▄[38;2;53;51;49m[48;2;14;0;0m▄[38;2;84;68;64m[48;2;34;9;6m▄[38;2;93;71;66m[48;2;56;22;15m▄[38;2;87;69;65m[48;2;41;19;18m▄[38;2;76;63;62m[48;2;11;7;13m▄[38;2;86;68;65m[48;2;53;21;18m▄[38;2;97;75;70m[48;2;92;39;29m▄[38;2;106;80;73m[48;2;69;31;27m▄[38;2;124;88;76m[48;2;111;45;28m▄[38;2;177;111;93m[48;2;196;83;57m▄[38;2;189;114;96m[48;2;193;77;56m▄[38;2;152;93;76m[48;2;153;52;34m▄[38;2;136;85;72m[48;2;152;51;32m▄[38;2;114;77;67m[48;2;159;59;40m▄[38;2;112;84;76m[48;2;70;34;32m▄[38;2;89;75;72m[48;2;11;4;8m▄[38;2;63;58;55m[48;2;25;9;8m▄[38;2;76;65;62m[48;2;12;2;3m▄[38;2;72;61;59m[48;2;2;0;0m▄[38;2;68;60;58m[48;2;10;4;6m▄[38;2;69;61;59m[48;2;16;7;10m▄[38;2;63;59;58m[48;2;1;0;0m▄[38;2;57;54;53m[48;2;6;0;6m▄[38;2;53;46;47m[48;2;76;74;73m▄[38;2;76;69;71m[48;2;148;175;132m▄[38;2;153;157;132m[48;2;172;204;140m▄[38;2;179;196;143m[48;2;170;201;127m▄[38;2;172;190;134m[48;2;169;200;119m▄[38;2;170;189;126m[48;2;170;200;113m▄[38;2;169;189;118m[48;2;171;200;107m▄[38;2;171;190;112m[48;2;173;201;101m▄[38;2;173;188;107m[48;2;174;200;97m▄[38;2;169;186;102m[48;2;172;200;95m▄[38;2;171;194;92m[48;2;170;197;95m▄[38;2;175;198;91m[48;2;171;195;93m▄[38;2;173;196;89m[48;2;173;196;91m▄[38;2;171;195;86m[48;2;174;197;88m▄[38;2;173;196;83m[48;2;179;198;87m▄[38;2;175;196;80m[48;2;179;198;83m▄[38;2;174;194;79m[48;2;177;196;82m▄[38;2;172;193;77m[48;2;176;196;80m▄[38;2;165;189;75m[48;2;173;193;79m▄[38;2;159;184;72m[48;2;169;189;77m▄[38;2;161;195;75m[48;2;170;198;79m▄[0m
[38;2;0;114;161m[48;2;0;118;170m▄[38;2;1;125;178m[48;2;1;130;187m▄[38;2;1;118;168m[48;2;0;123;176m▄[38;2;1;119;171m[48;2;1;124;178m▄[38;2;1;120;171m[48;2;2;126;181m▄[38;2;2;121;173m[48;2;1;127;185m▄[38;2;1;122;173m[48;2;1;128;185m▄[38;2;0;123;174m[48;2;0;129;182m▄[38;2;1;125;177m[48;2;1;130;183m▄[38;2;1;131;181m[48;2;1;134;184m▄[38;2;1;141;187m[48;2;1;140;189m▄[38;2;4;154;197m[48;2;0;149;195m▄[38;2;30;169;206m[48;2;10;169;210m▄[38;2;23;30;42m[48;2;37;91;119m▄[38;2;131;122;119m[48;2;69;51;52m▄[38;2;240;235;227m[48;2;187;181;171m▄[38;2;225;218;212m[48;2;184;177;167m▄[38;2;225;219;213m[48;2;183;176;165m▄[38;2;226;220;214m[48;2;185;176;168m▄[38;2;208;202;196m[48;2;188;180;171m▄[38;2;222;215;209m[48;2;190;180;170m▄[38;2;226;220;213m[48;2;191;182;173m▄[38;2;227;220;214m[48;2;192;185;175m▄[38;2;227;222;215m[48;2;194;187;175m▄[38;2;228;222;217m[48;2;192;185;175m▄[38;2;228;222;217m[48;2;186;182;172m▄[38;2;229;222;216m[48;2;186;183;172m▄[38;2;228;222;215m[48;2;192;186;175m▄[38;2;228;221;214m[48;2;194;187;175m▄[38;2;228;221;214m[48;2;192;185;175m▄[38;2;227;221;213m[48;2;192;184;173m▄[38;2;226;221;212m[48;2;196;185;173m▄[38;2;226;220;212m[48;2;195;183;172m▄[38;2;226;219;210m[48;2;194;181;170m▄[38;2;225;218;209m[48;2;193;180;170m▄[38;2;223;217;208m[48;2;193;179;168m▄[38;2;223;217;207m[48;2;191;178;166m▄[38;2;223;217;208m[48;2;190;177;165m▄[38;2;223;216;208m[48;2;188;176;165m▄[38;2;222;217;208m[48;2;188;175;162m▄[38;2;222;215;207m[48;2;181;168;157m▄[38;2;221;214;205m[48;2;174;159;151m▄[38;2;220;212;203m[48;2;174;159;150m▄[38;2;219;210;202m[48;2;172;157;148m▄[38;2;200;192;184m[48;2;173;159;148m▄[38;2;212;205;195m[48;2;168;156;144m▄[38;2;216;209;199m[48;2;167;156;143m▄[38;2;215;208;197m[48;2;167;152;141m▄[38;2;223;212;206m[48;2;161;145;138m▄[38;2;180;181;143m[48;2;161;172;103m▄[38;2;166;192;79m[48;2;174;200;87m▄[38;2;172;196;83m[48;2;171;195;85m▄[38;2;170;194;79m[48;2;169;195;82m▄[38;2;166;191;76m[48;2;168;193;80m▄[38;2;164;189;73m[48;2;169;192;78m▄[38;2;161;187;73m[48;2;167;190;76m▄[38;2;156;184;71m[48;2;166;188;75m▄[38;2;150;180;68m[48;2;160;185;72m▄[38;2;142;176;64m[48;2;153;181;69m▄[38;2;142;182;69m[48;2;152;190;73m▄[0m
[38;2;0;105;140m[48;2;1;110;148m▄[38;2;2;113;155m[48;2;2;118;163m▄[38;2;1;107;147m[48;2;1;111;155m▄[38;2;1;109;149m[48;2;2;113;159m▄[38;2;1;111;153m[48;2;1;114;161m▄[38;2;2;113;158m[48;2;1;116;165m▄[38;2;0;117;162m[48;2;2;119;168m▄[38;2;1;121;163m[48;2;1;122;169m▄[38;2;0;128;168m[48;2;0;125;171m▄[38;2;1;143;182m[48;2;0;131;177m▄[38;2;12;148;183m[48;2;3;147;188m▄[38;2;16;76;93m[48;2;22;175;214m▄[38;2;6;5;9m[48;2;23;107;129m▄[38;2;0;0;2m[48;2;2;0;1m▄[38;2;95;92;94m[48;2;128;119;117m▄[38;2;242;236;228m[48;2;255;252;247m▄[38;2;239;235;232m[48;2;244;240;236m▄[38;2;240;235;231m[48;2;243;239;235m▄[38;2;240;235;231m[48;2;244;240;237m▄[38;2;243;237;231m[48;2;191;183;179m▄[38;2;230;225;219m[48;2;235;230;226m▄[38;2;225;221;214m[48;2;248;243;240m▄[38;2;227;223;218m[48;2;246;242;238m▄[38;2;228;224;219m[48;2;246;243;239m▄[38;2;228;224;218m[48;2;246;243;239m▄[38;2;228;223;217m[48;2;246;241;238m▄[38;2;227;222;216m[48;2;246;241;238m▄[38;2;226;222;215m[48;2;245;241;238m▄[38;2;225;221;214m[48;2;245;240;236m▄[38;2;225;220;213m[48;2;244;239;236m▄[38;2;224;219;212m[48;2;243;238;234m▄[38;2;224;219;211m[48;2;243;238;233m▄[38;2;224;218;211m[48;2;243;238;232m▄[38;2;222;216;208m[48;2;242;237;232m▄[38;2;222;213;206m[48;2;241;236;231m▄[38;2;221;214;205m[48;2;239;235;230m▄[38;2;221;213;205m[48;2;240;236;231m▄[38;2;219;213;205m[48;2;240;236;230m▄[38;2;218;213;204m[48;2;240;236;230m▄[38;2;220;212;204m[48;2;240;236;230m▄[38;2;219;212;204m[48;2;240;235;230m▄[38;2;217;210;201m[48;2;239;235;228m▄[38;2;215;208;198m[48;2;237;233;227m▄[38;2;216;210;201m[48;2;236;231;225m▄[38;2;229;222;213m[48;2;182;175;169m▄[38;2;228;224;215m[48;2;227;222;217m▄[38;2;229;225;216m[48;2;236;231;226m▄[38;2;246;240;230m[48;2;240;236;226m▄[38;2;109;101;106m[48;2;218;210;209m▄[38;2;98;112;60m[48;2;116;124;84m▄[38;2;180;206;95m[48;2;173;199;86m▄[38;2;165;188;77m[48;2;172;194;82m▄[38;2;159;185;71m[48;2;170;193;76m▄[38;2;154;183;68m[48;2;167;190;73m▄[38;2;147;179;65m[48;2;159;185;70m▄[38;2;137;174;62m[48;2;151;182;68m▄[38;2;129;168;61m[48;2;145;178;65m▄[38;2;124;162;61m[48;2;137;172;64m▄[38;2;117;153;60m[48;2;130;166;62m▄[38;2;116;155;62m[48;2;131;170;65m▄[0m
[38;2;0;95;123m[48;2;1;101;135m▄[38;2;1;105;135m[48;2;2;111;148m▄[38;2;1;100;128m[48;2;1;106;143m▄[38;2;1;102;132m[48;2;1;108;143m▄[38;2;1;104;135m[48;2;1;108;144m▄[38;2;1;108;141m[48;2;1;110;148m▄[38;2;1;113;145m[48;2;1;114;153m▄[38;2;2;122;152m[48;2;0;121;160m▄[38;2;10;141;169m[48;2;0;134;170m▄[38;2;16;83;98m[48;2;12;156;188m▄[38;2;10;6;7m[48;2;14;71;86m▄[38;2;19;18;24m[48;2;10;0;1m▄[38;2;39;32;40m[48;2;19;15;22m▄[38;2;40;27;31m[48;2;17;13;21m▄[38;2;60;53;57m[48;2;75;71;72m▄[38;2;227;224;218m[48;2;234;229;222m▄[38;2;230;225;218m[48;2;232;228;223m▄[38;2;236;233;228m[48;2;240;236;234m▄[38;2;241;238;234m[48;2;241;236;233m▄[38;2;238;232;227m[48;2;239;233;227m▄[38;2;212;206;202m[48;2;211;207;203m▄[38;2;192;187;182m[48;2;189;184;179m▄[38;2;195;190;184m[48;2;192;187;181m▄[38;2;196;189;183m[48;2;191;186;180m▄[38;2;194;189;182m[48;2;191;185;180m▄[38;2;194;189;180m[48;2;191;186;180m▄[38;2;194;187;180m[48;2;193;186;180m▄[38;2;193;186;179m[48;2;191;184;175m▄[38;2;194;188;182m[48;2;192;185;179m▄[38;2;195;189;183m[48;2;192;184;179m▄[38;2;196;188;182m[48;2;189;183;174m▄[38;2;193;187;181m[48;2;187;182;175m▄[38;2;191;186;179m[48;2;189;180;174m▄[38;2;190;183;178m[48;2;188;179;172m▄[38;2;189;184;177m[48;2;185;178;168m▄[38;2;189;182;173m[48;2;186;177;168m▄[38;2;189;182;173m[48;2;185;176;167m▄[38;2;188;182;172m[48;2;185;176;167m▄[38;2;187;179;171m[48;2;185;176;167m▄[38;2;186;177;168m[48;2;184;175;166m▄[38;2;186;177;168m[48;2;183;174;165m▄[38;2;185;176;167m[48;2;182;173;164m▄[38;2;186;177;168m[48;2;181;173;163m▄[38;2;191;185;179m[48;2;189;184;178m▄[38;2;222;216;207m[48;2;224;218;209m▄[38;2;233;229;220m[48;2;227;223;214m▄[38;2;234;228;219m[48;2;243;239;229m▄[38;2;74;68;67m[48;2;187;179;171m▄[38;2;24;23;26m[48;2;23;19;26m▄[38;2;35;27;20m[48;2;108;118;66m▄[38;2;132;141;64m[48;2;177;202;95m▄[38;2;156;186;80m[48;2;157;184;79m▄[38;2;133;169;66m[48;2;147;179;67m▄[38;2;124;160;61m[48;2;139;174;62m▄[38;2;116;152;57m[48;2;129;168;59m▄[38;2;106;143;54m[48;2;120;160;58m▄[38;2;95;134;53m[48;2;112;151;58m▄[38;2;84;124;50m[48;2;105;143;56m▄[38;2;75;117;48m[48;2;98;137;54m▄[38;2;71;117;49m[48;2;93;136;56m▄[0m
[38;2;0;95;116m[48;2;1;93;116m▄[38;2;1;103;127m[48;2;2;102;128m▄[38;2;1;97;119m[48;2;2;95;120m▄[38;2;0;99;122m[48;2;1;98;123m▄[38;2;1;103;125m[48;2;1;100;126m▄[38;2;2;109;134m[48;2;1;106;134m▄[38;2;4;118;144m[48;2;1;116;143m▄[38;2;16;139;161m[48;2;8;133;158m▄[38;2;20;96;114m[48;2;16;122;147m▄[38;2;13;15;20m[48;2;9;19;26m▄[38;2;29;24;30m[48;2;17;12;16m▄[38;2;24;21;28m[48;2;21;21;27m▄[38;2;22;19;23m[48;2;34;27;32m▄[38;2;20;16;20m[48;2;40;27;31m▄[38;2;21;19;24m[48;2;47;39;44m▄[38;2;196;193;188m[48;2;215;210;205m▄[38;2;244;239;232m[48;2;237;232;225m▄[38;2;233;229;224m[48;2;231;227;221m▄[38;2;236;233;228m[48;2;242;238;234m▄[38;2;236;231;224m[48;2;242;237;232m▄[38;2;216;209;203m[48;2;209;204;200m▄[38;2;208;203;195m[48;2;191;186;181m▄[38;2;209;202;194m[48;2;195;188;183m▄[38;2;210;204;196m[48;2;194;188;182m▄[38;2;211;206;198m[48;2;192;188;182m▄[38;2;211;205;199m[48;2;193;187;181m▄[38;2;210;206;199m[48;2;194;188;181m▄[38;2;211;205;199m[48;2;193;188;182m▄[38;2;210;204;198m[48;2;192;188;182m▄[38;2;209;204;197m[48;2;194;188;183m▄[38;2;209;203;197m[48;2;194;189;183m▄[38;2;210;204;197m[48;2;193;189;183m▄[38;2;210;204;198m[48;2;193;188;182m▄[38;2;210;204;198m[48;2;192;187;181m▄[38;2;208;202;194m[48;2;190;186;180m▄[38;2;208;201;195m[48;2;190;185;178m▄[38;2;209;202;195m[48;2;193;184;179m▄[38;2;209;203;196m[48;2;190;185;179m▄[38;2;206;199;192m[48;2;188;182;175m▄[38;2;202;196;188m[48;2;187;180;173m▄[38;2;202;193;185m[48;2;187;178;169m▄[38;2;203;194;185m[48;2;185;176;167m▄[38;2;202;195;186m[48;2;185;178;170m▄[38;2;204;198;190m[48;2;189;185;179m▄[38;2;225;219;210m[48;2;220;214;207m▄[38;2;189;183;175m[48;2;249;243;232m▄[38;2;40;34;37m[48;2;140;133;128m▄[38;2;31;29;33m[48;2;25;21;24m▄[38;2;25;23;28m[48;2;32;31;34m▄[38;2;17;12;8m[48;2;18;11;13m▄[38;2;124;131;60m[48;2;100;100;43m▄[38;2;138;161;72m[48;2;145;171;75m▄[38;2;115;141;58m[48;2;123;155;65m▄[38;2;100;132;52m[48;2;110;143;57m▄[38;2;87;122;48m[48;2;101;135;52m▄[38;2;80;115;46m[48;2;95;130;51m▄[38;2;75;109;45m[48;2;83;122;48m▄[38;2;70;103;43m[48;2;72;112;46m▄[38;2;63;96;42m[48;2;66;103;46m▄[38;2;60;94;46m[48;2;59;101;47m▄[0m
[38;2;3;97;114m[48;2;1;97;116m▄[38;2;3;108;124m[48;2;2;106;126m▄[38;2;1;101;119m[48;2;1;100;119m▄[38;2;2;102;120m[48;2;1;101;121m▄[38;2;1;107;124m[48;2;1;105;126m▄[38;2;1;113;131m[48;2;1;112;133m▄[38;2;9;121;140m[48;2;8;121;142m▄[38;2;28;137;154m[48;2;25;137;156m▄[38;2;21;74;84m[48;2;29;95;109m▄[38;2;46;25;24m[48;2;27;22;27m▄[38;2;53;35;36m[48;2;45;32;37m▄[38;2;18;17;22m[48;2;22;19;24m▄[38;2;17;14;18m[48;2;15;13;17m▄[38;2;14;13;18m[48;2;14;13;18m▄[38;2;0;0;2m[48;2;8;7;13m▄[38;2;148;146;140m[48;2;173;170;166m▄[38;2;249;244;235m[48;2;248;242;236m▄[38;2;238;235;230m[48;2;238;234;230m▄[38;2;229;226;217m[48;2;231;229;222m▄[38;2;203;196;184m[48;2;201;194;182m▄[38;2;197;186;175m[48;2;196;185;173m▄[38;2;193;183;170m[48;2;198;188;175m▄[38;2;191;182;168m[48;2;198;189;176m▄[38;2;191;180;167m[48;2;201;190;176m▄[38;2;192;181;166m[48;2;199;191;175m▄[38;2;193;184;170m[48;2;200;189;176m▄[38;2;195;185;174m[48;2;199;189;178m▄[38;2;196;186;174m[48;2;197;187;177m▄[38;2;196;186;174m[48;2;195;185;172m▄[38;2;197;187;174m[48;2;196;186;175m▄[38;2;198;188;177m[48;2;195;185;175m▄[38;2;200;190;180m[48;2;196;186;176m▄[38;2;199;189;177m[48;2;196;186;175m▄[38;2;200;190;179m[48;2;196;186;175m▄[38;2;198;188;177m[48;2;195;184;174m▄[38;2;195;186;175m[48;2;191;181;171m▄[38;2;193;184;172m[48;2;190;180;169m▄[38;2;191;181;169m[48;2;190;181;169m▄[38;2;186;176;166m[48;2;188;178;168m▄[38;2;183;173;162m[48;2;182;173;162m▄[38;2;183;171;162m[48;2;182;171;160m▄[38;2;185;172;160m[48;2;184;175;163m▄[38;2;183;170;157m[48;2;185;175;163m▄[38;2;183;171;158m[48;2;186;176;163m▄[38;2;186;177;166m[48;2;197;187;175m▄[38;2;191;181;171m[48;2;145;137;130m▄[38;2;42;38;39m[48;2;16;13;17m▄[38;2;8;4;14m[48;2;23;21;27m▄[38;2;62;71;42m[48;2;42;40;32m▄[38;2;119;145;65m[48;2;104;106;50m▄[38;2;100;128;56m[48;2;123;137;60m▄[38;2;88;116;49m[48;2;121;143;60m▄[38;2;80;110;44m[48;2;105;130;51m▄[38;2;75;103;42m[48;2;92;122;48m▄[38;2;68;96;41m[48;2;84;115;46m▄[38;2;62;90;41m[48;2;79;109;44m▄[38;2;58;85;40m[48;2;72;102;43m▄[38;2;51;77;40m[48;2;66;94;43m▄[38;2;46;70;38m[48;2;58;86;42m▄[38;2;41;67;38m[48;2;54;81;43m▄[0m
[38;2;1;90;95m[48;2;5;95;106m▄[38;2;1;97;104m[48;2;5;105;115m▄[38;2;2;91;99m[48;2;4;99;108m▄[38;2;3;92;101m[48;2;3;99;112m▄[38;2;3;94;102m[48;2;3;103;115m▄[38;2;5;98;107m[48;2;3;108;122m▄[38;2;6;104;114m[48;2;7;116;131m▄[38;2;10;112;120m[48;2;20;126;140m▄[38;2;23;126;134m[48;2;26;111;124m▄[38;2;23;104;116m[48;2;33;48;53m▄[38;2;45;52;59m[48;2;42;22;24m▄[38;2;75;58;56m[48;2;22;15;21m▄[38;2;22;13;18m[48;2;18;15;19m▄[38;2;34;49;53m[48;2;7;2;7m▄[38;2;34;62;67m[48;2;0;0;0m▄[38;2;106;105;106m[48;2;122;121;117m▄[38;2;246;241;230m[48;2;251;246;235m▄[38;2;236;232;226m[48;2;238;235;228m▄[38;2;223;216;206m[48;2;225;221;211m▄[38;2;208;199;189m[48;2;205;197;186m▄[38;2;202;193;180m[48;2;199;189;178m▄[38;2;199;189;175m[48;2;194;184;172m▄[38;2;198;188;174m[48;2;192;182;170m▄[38;2;201;192;178m[48;2;191;181;170m▄[38;2;205;196;185m[48;2;192;182;169m▄[38;2;204;196;185m[48;2;196;186;173m▄[38;2;203;195;183m[48;2;199;189;178m▄[38;2;203;195;184m[48;2;201;191;181m▄[38;2;204;196;185m[48;2;203;192;181m▄[38;2;204;196;185m[48;2;203;194;182m▄[38;2;203;195;184m[48;2;204;194;183m▄[38;2;204;195;185m[48;2;205;195;185m▄[38;2;203;194;183m[48;2;204;194;183m▄[38;2;201;193;182m[48;2;204;196;183m▄[38;2;200;192;179m[48;2;202;194;181m▄[38;2;200;193;179m[48;2;202;194;181m▄[38;2;199;191;179m[48;2;202;192;180m▄[38;2;198;190;177m[48;2;200;190;180m▄[38;2;198;190;177m[48;2;196;188;175m▄[38;2;197;188;175m[48;2;192;185;171m▄[38;2;196;186;174m[48;2;190;180;169m▄[38;2;192;182;170m[48;2;190;178;165m▄[38;2;189;178;164m[48;2;185;172;157m▄[38;2;189;177;164m[48;2;184;171;159m▄[38;2;189;180;169m[48;2;185;175;165m▄[38;2;208;199;188m[48;2;210;202;190m▄[38;2;151;143;136m[48;2;92;86;84m▄[38;2;7;3;6m[48;2;0;0;3m▄[38;2;37;60;34m[48;2;49;69;37m▄[38;2;47;77;41m[48;2;72;109;50m▄[38;2;42;69;38m[48;2;63;95;43m▄[38;2;39;65;35m[48;2;59;89;42m▄[38;2;37;62;34m[48;2;56;83;40m▄[38;2;34;58;32m[48;2;52;79;39m▄[38;2;30;54;31m[48;2;47;73;38m▄[38;2;26;50;29m[48;2;43;68;37m▄[38;2;22;47;27m[48;2;39;62;35m▄[38;2;18;42;26m[48;2;32;57;31m▄[38;2;15;39;26m[48;2;28;52;30m▄[38;2;14;40;27m[48;2;25;50;31m▄[0m
[38;2;3;82;86m[48;2;3;84;88m▄[38;2;3;88;93m[48;2;3;91;96m▄[38;2;4;82;88m[48;2;2;85;91m▄[38;2;3;83;88m[48;2;1;87;92m▄[38;2;2;84;89m[48;2;1;88;94m▄[38;2;1;85;90m[48;2;1;89;96m▄[38;2;0;84;90m[48;2;4;94;100m▄[38;2;14;87;92m[48;2;2;97;104m▄[38;2;27;100;103m[48;2;4;101;108m▄[38;2;27;102;105m[48;2;11;110;118m▄[38;2;29;107;109m[48;2;18;109;119m▄[38;2;34;112;113m[48;2;44;122;127m▄[38;2;47;123;124m[48;2;50;100;104m▄[38;2;60;131;132m[48;2;61;147;149m▄[38;2;60;103;107m[48;2;46;102;108m▄[38;2;75;71;74m[48;2;77;70;74m▄[38;2;232;224;214m[48;2;241;237;225m▄[38;2;227;222;211m[48;2;233;229;220m▄[38;2;201;196;182m[48;2;217;212;200m▄[38;2;203;196;183m[48;2;209;202;191m▄[38;2;202;194;181m[48;2;207;197;184m▄[38;2;197;189;176m[48;2;206;196;183m▄[38;2;198;191;179m[48;2;206;196;183m▄[38;2;201;193;181m[48;2;207;198;186m▄[38;2;207;198;185m[48;2;208;199;189m▄[38;2;206;198;187m[48;2;206;198;187m▄[38;2;200;193;182m[48;2;206;198;187m▄[38;2;197;190;179m[48;2;206;198;187m▄[38;2;197;191;180m[48;2;206;198;187m▄[38;2;197;191;180m[48;2;206;197;186m▄[38;2;196;190;179m[48;2;205;197;186m▄[38;2;197;190;180m[48;2;204;197;185m▄[38;2;201;194;183m[48;2;203;194;183m▄[38;2;195;188;176m[48;2;202;194;182m▄[38;2;195;189;178m[48;2;202;194;182m▄[38;2;192;187;176m[48;2;199;194;182m▄[38;2;196;189;178m[48;2;199;194;182m▄[38;2;199;193;180m[48;2;199;192;181m▄[38;2;201;193;181m[48;2;200;193;182m▄[38;2;198;192;181m[48;2;200;194;182m▄[38;2;194;187;175m[48;2;203;195;183m▄[38;2;196;188;177m[48;2;202;195;183m▄[38;2;198;190;177m[48;2;199;192;179m▄[38;2;192;185;172m[48;2;197;189;176m▄[38;2;190;183;170m[48;2;196;186;175m▄[38;2;194;184;171m[48;2;199;192;179m▄[38;2;205;196;181m[48;2;192;187;173m▄[38;2;88;83;78m[48;2;35;32;33m▄[38;2;8;18;15m[48;2;26;51;29m▄[38;2;26;41;30m[48;2;33;61;33m▄[38;2;23;44;29m[48;2;28;54;30m▄[38;2;19;42;28m[48;2;26;50;29m▄[38;2;19;40;28m[48;2;22;47;28m▄[38;2;18;38;27m[48;2;19;44;26m▄[38;2;17;36;28m[48;2;16;41;25m▄[38;2;17;36;28m[48;2;13;38;25m▄[38;2;15;31;24m[48;2;11;36;24m▄[38;2;6;24;19m[48;2;11;34;25m▄[38;2;7;25;21m[48;2;10;32;24m▄[38;2;7;23;20m[48;2;9;32;25m▄[0m
[38;2;3;79;81m[48;2;3;80;84m▄[38;2;5;95;97m[48;2;3;88;92m▄[38;2;4;89;91m[48;2;3;82;85m▄[38;2;3;90;92m[48;2;3;82;86m▄[38;2;3;91;93m[48;2;3;84;87m▄[38;2;7;82;84m[48;2;0;86;89m▄[38;2;112;119;114m[48;2;12;74;76m▄[38;2;165;161;151m[48;2;119;120;113m▄[38;2;156;156;147m[48;2;138;140;131m▄[38;2;158;157;145m[48;2;135;136;129m▄[38;2;169;176;169m[48;2;128;133;125m▄[38;2;185;198;197m[48;2;110;125;121m▄[38;2;179;189;187m[48;2;96;114;113m▄[38;2;157;170;164m[48;2;81;94;93m▄[38;2;73;83;83m[48;2;84;92;91m▄[38;2;72;77;75m[48;2;117;121;116m▄[38;2;224;217;204m[48;2;223;214;204m▄[38;2;254;248;237m[48;2;228;220;208m▄[38;2;214;210;202m[48;2;185;180;170m▄[38;2;206;200;193m[48;2;176;170;163m▄[38;2;214;207;200m[48;2;181;176;168m▄[38;2;218;211;204m[48;2;176;172;166m▄[38;2;216;208;202m[48;2;178;173;169m▄[38;2;212;205;199m[48;2;178;174;168m▄[38;2;214;207;201m[48;2;190;183;175m▄[38;2;226;220;213m[48;2;204;199;191m▄[38;2;204;199;193m[48;2;176;171;164m▄[38;2;207;201;194m[48;2;177;171;165m▄[38;2;209;201;194m[48;2;178;173;168m▄[38;2;209;203;195m[48;2;177;172;166m▄[38;2;208;202;195m[48;2;175;170;164m▄[38;2;208;200;193m[48;2;175;170;164m▄[38;2;223;218;209m[48;2;198;193;186m▄[38;2;207;201;193m[48;2;173;168;162m▄[38;2;207;199;191m[48;2;173;169;162m▄[38;2;204;199;190m[48;2;173;167;160m▄[38;2;202;197;189m[48;2;175;169;162m▄[38;2;203;198;191m[48;2;181;175;166m▄[38;2;202;198;190m[48;2;181;175;167m▄[38;2;220;215;206m[48;2;196;191;182m▄[38;2;209;205;197m[48;2;173;169;162m▄[38;2;203;199;190m[48;2;171;167;159m▄[38;2;206;201;190m[48;2;178;172;164m▄[38;2;212;204;194m[48;2;176;169;160m▄[38;2;209;201;190m[48;2;171;164;154m▄[38;2;208;200;187m[48;2;177;168;158m▄[38;2;224;217;203m[48;2;206;198;184m▄[38;2;228;221;210m[48;2;153;148;138m▄[38;2;38;36;36m[48;2;7;9;12m▄[38;2;2;2;2m[48;2;22;27;24m▄[38;2;15;15;14m[48;2;32;39;31m▄[38;2;30;32;31m[48;2;28;33;31m▄[38;2;34;37;35m[48;2;31;36;32m▄[38;2;36;39;37m[48;2;34;38;34m▄[38;2;39;40;37m[48;2;37;39;36m▄[38;2;42;42;40m[48;2;39;41;38m▄[38;2;46;45;43m[48;2;43;42;40m▄[38;2;46;44;43m[48;2;18;22;22m▄[38;2;14;18;18m[48;2;1;15;13m▄[38;2;2;14;13m[48;2;4;17;15m▄[0m
