[38;2;254;254;254m[48;2;254;254;254m▄[38;2;255;255;255m[48;2;254;254;254m▄[38;2;255;255;255m[48;2;254;254;254m▄[38;2;255;255;255m[48;2;254;254;254m▄[38;2;255;255;255m[48;2;254;254;254m▄[38;2;255;255;255m[48;2;254;254;254m▄[38;2;255;255;255m[48;2;254;254;254m▄[38;2;255;255;255m[48;2;254;254;254m▄[38;2;255;255;255m[48;2;254;254;254m▄[38;2;255;255;255m[48;2;254;254;254m▄[38;2;255;255;255m[48;2;254;254;254m▄[38;2;254;254;254m[48;2;254;254;254m▄[38;2;251;251;251m[48;2;254;254;254m▄[38;2;255;255;255m[48;2;254;254;254m▄[38;2;255;255;255m[48;2;254;254;254m▄[38;2;247;247;247m[48;2;254;254;254m▄[38;2;244;244;244m[48;2;254;254;254m▄[38;2;255;255;255m[48;2;254;254;254m▄[38;2;255;255;255m[48;2;254;254;254m▄[38;2;255;255;255m[48;2;254;254;254m▄[38;2;255;255;255m[48;2;254;254;254m▄[38;2;241;241;241m[48;2;254;254;254m▄[38;2;236;236;236m[48;2;254;254;254m▄[38;2;245;245;245m[48;2;254;254;254m▄[38;2;253;253;253m[48;2;254;254;254m▄[38;2;255;255;255m[48;2;254;254;254m▄[38;2;255;255;255m[48;2;254;254;254m▄[38;2;255;255;255m[48;2;254;254;254m▄[38;2;255;255;255m[48;2;254;254;254m▄[38;2;255;255;255m[48;2;254;254;254m▄[38;2;255;255;255m[48;2;254;254;254m▄[38;2;255;255;255m[48;2;254;254;254m▄[38;2;255;255;255m[48;2;254;254;254m▄[38;2;255;255;255m[48;2;254;254;254m▄[38;2;255;255;255m[48;2;254;254;254m▄[38;2;255;255;255m[48;2;254;254;254m▄[38;2;255;255;255m[48;2;254;254;254m▄[38;2;255;255;255m[48;2;254;254;254m▄[38;2;255;255;255m[48;2;254;254;254m▄[38;2;255;255;255m[48;2;254;254;254m▄[38;2;255;255;255m[48;2;254;254;254m▄[38;2;255;255;255m[48;2;254;254;254m▄[38;2;255;255;255m[48;2;254;254;254m▄[38;2;255;255;255m[48;2;254;254;254m▄[38;2;255;255;255m[48;2;254;254;254m▄[38;2;255;255;255m[48;2;254;254;254m▄[38;2;255;255;255m[48;2;254;254;254m▄[38;2;255;255;255m[48;2;254;254;254m▄[38;2;255;255;255m[48;2;254;254;254m▄[38;2;255;255;255m[48;2;254;254;254m▄[38;2;255;255;255m[48;2;254;254;254m▄[38;2;255;255;255m[48;2;254;254;254m▄[38;2;255;255;255m[48;2;254;254;254m▄[38;2;255;255;255m[48;2;254;254;254m▄[38;2;255;255;255m[48;2;254;254;254m▄[38;2;255;255;255m[48;2;254;254;254m▄[38;2;255;255;255m[48;2;254;254;254m▄[38;2;255;255;255m[48;2;254;254;254m▄[38;2;255;255;255m[48;2;254;254;254m▄[38;2;255;255;255m[48;2;254;254;254m▄[0m
[38;2;255;255;255m[48;2;255;255;255m▄[38;2;255;255;255m[48;2;255;255;255m▄[38;2;255;255;255m[48;2;255;255;255m▄[38;2;255;255;255m[48;2;255;255;255m▄[38;2;255;255;255m[48;2;255;255;255m▄[38;2;255;255;255m[48;2;255;255;255m▄[38;2;255;255;255m[48;2;255;255;255m▄[38;2;255;255;255m[48;2;255;255;255m▄[38;2;255;255;255m[48;2;255;255;255m▄[38;2;229;229;229m[48;2;195;195;195m▄[38;2;162;162;162m[48;2;166;166;166m▄[38;2;164;164;164m[48;2;172;172;172m▄[38;2;194;195;195m[48;2;166;166;166m▄[38;2;196;197;197m[48;2;220;220;220m▄[38;2;202;203;203m[48;2;246;246;246m▄[38;2;190;190;190m[48;2;187;187;187m▄[38;2;176;176;176m[48;2;181;181;181m▄[38;2;187;187;187m[48;2;222;222;222m▄[38;2;153;153;153m[48;2;251;251;251m▄[38;2;238;238;238m[48;2;189;189;189m▄[38;2;233;233;233m[48;2;164;164;164m▄[38;2;195;195;195m[48;2;169;169;169m▄[38;2;186;186;186m[48;2;174;174;174m▄[38;2;163;163;163m[48;2;176;176;176m▄[38;2;171;171;171m[48;2;223;223;223m▄[38;2;180;180;180m[48;2;253;253;253m▄[38;2;194;194;194m[48;2;252;252;252m▄[38;2;255;255;255m[48;2;255;255;255m▄[38;2;255;255;255m[48;2;255;255;255m▄[38;2;255;255;255m[48;2;255;255;255m▄[38;2;255;255;255m[48;2;255;255;255m▄[38;2;255;255;255m[48;2;255;255;255m▄[38;2;255;255;255m[48;2;255;255;255m▄[38;2;255;255;255m[48;2;255;255;255m▄[38;2;255;255;255m[48;2;255;255;255m▄[38;2;255;255;255m[48;2;255;255;255m▄[38;2;255;255;255m[48;2;255;255;255m▄[38;2;255;255;255m[48;2;255;255;255m▄[38;2;255;255;255m[48;2;255;255;255m▄[38;2;255;255;255m[48;2;255;255;255m▄[38;2;255;255;255m[48;2;255;255;255m▄[38;2;255;255;255m[48;2;255;255;255m▄[38;2;255;255;255m[48;2;255;255;255m▄[38;2;255;255;255m[48;2;255;255;255m▄[38;2;255;255;255m[48;2;255;255;255m▄[38;2;255;255;255m[48;2;255;255;255m▄[38;2;255;255;255m[48;2;255;255;255m▄[38;2;255;255;255m[48;2;255;255;255m▄[38;2;255;255;255m[48;2;255;255;255m▄[38;2;255;255;255m[48;2;255;255;255m▄[38;2;255;255;255m[48;2;255;255;255m▄[38;2;255;255;255m[48;2;255;255;255m▄[38;2;255;255;255m[48;2;255;255;255m▄[38;2;255;255;255m[48;2;255;255;255m▄[38;2;255;255;255m[48;2;255;255;255m▄[38;2;255;255;255m[48;2;255;255;255m▄[38;2;255;255;255m[48;2;255;255;255m▄[38;2;255;255;255m[48;2;255;255;255m▄[38;2;255;255;255m[48;2;255;255;255m▄[38;2;255;255;255m[48;2;255;255;255m▄[0m
[38;2;255;255;255m[48;2;255;255;255m▄[38;2;255;255;255m[48;2;255;255;255m▄[38;2;255;255;255m[48;2;255;255;255m▄[38;2;255;255;255m[48;2;255;255;255m▄[38;2;255;255;255m[48;2;255;255;255m▄[38;2;255;255;255m[48;2;255;255;255m▄[38;2;255;255;255m[48;2;255;255;255m▄[38;2;255;255;255m[48;2;255;255;255m▄[38;2;255;255;255m[48;2;255;255;255m▄[38;2;240;230;224m[48;2;248;251;253m▄[38;2;225;175;148m[48;2;199;206;211m▄[38;2;212;181;164m[48;2;206;211;214m▄[38;2;242;179;143m[48;2;225;232;237m▄[38;2;238;150;102m[48;2;235;238;240m▄[38;2;233;143;93m[48;2;240;241;241m▄[38;2;235;157;114m[48;2;240;247;251m▄[38;2;237;214;200m[48;2;224;229;231m▄[38;2;241;237;235m[48;2;239;241;242m▄[38;2;249;246;244m[48;2;229;231;232m▄[38;2;249;250;251m[48;2;246;245;245m▄[38;2;194;194;194m[48;2;233;233;233m▄[38;2;181;181;181m[48;2;200;200;200m▄[38;2;177;177;177m[48;2;188;188;188m▄[38;2;190;190;190m[48;2;198;198;198m▄[38;2;191;191;191m[48;2;208;208;208m▄[38;2;185;185;185m[48;2;202;202;202m▄[38;2;185;185;185m[48;2;194;194;194m▄[38;2;225;225;225m[48;2;247;247;247m▄[38;2;255;255;255m[48;2;255;255;255m▄[38;2;255;255;255m[48;2;255;255;255m▄[38;2;255;255;255m[48;2;255;255;255m▄[38;2;255;255;255m[48;2;255;255;255m▄[38;2;255;255;255m[48;2;255;255;255m▄[38;2;255;255;255m[48;2;255;255;255m▄[38;2;255;255;255m[48;2;255;255;255m▄[38;2;255;255;255m[48;2;255;255;255m▄[38;2;255;255;255m[48;2;255;255;255m▄[38;2;255;255;255m[48;2;255;255;255m▄[38;2;255;255;255m[48;2;255;255;255m▄[38;2;255;255;255m[48;2;255;255;255m▄[38;2;255;255;255m[48;2;255;255;255m▄[38;2;255;255;255m[48;2;255;255;255m▄[38;2;255;255;255m[48;2;255;255;255m▄[38;2;255;255;255m[48;2;255;255;255m▄[38;2;255;255;255m[48;2;255;255;255m▄[38;2;255;255;255m[48;2;255;255;255m▄[38;2;255;255;255m[48;2;255;255;255m▄[38;2;255;255;255m[48;2;255;255;255m▄[38;2;255;255;255m[48;2;255;255;255m▄[38;2;255;255;255m[48;2;255;255;255m▄[38;2;255;255;255m[48;2;255;255;255m▄[38;2;255;255;255m[48;2;255;255;255m▄[38;2;255;255;255m[48;2;255;255;255m▄[38;2;255;255;255m[48;2;255;255;255m▄[38;2;255;255;255m[48;2;255;255;255m▄[38;2;255;255;255m[48;2;255;255;255m▄[38;2;255;255;255m[48;2;255;255;255m▄[38;2;255;255;255m[48;2;255;255;255m▄[38;2;255;255;255m[48;2;255;255;255m▄[38;2;255;255;255m[48;2;255;255;255m▄[0m
[38;2;255;255;255m[48;2;255;255;255m▄[38;2;255;255;255m[48;2;255;255;255m▄[38;2;255;255;255m[48;2;255;255;255m▄[38;2;255;255;255m[48;2;255;255;255m▄[38;2;255;255;255m[48;2;255;255;255m▄[38;2;255;255;255m[48;2;255;255;255m▄[38;2;255;255;255m[48;2;255;255;255m▄[38;2;254;255;255m[48;2;253;255;255m▄[38;2;217;177;155m[48;2;225;199;184m▄[38;2;226;119;61m[48;2;208;139;100m▄[38;2;200;151;126m[48;2;221;117;63m▄[38;2;233;232;231m[48;2;212;127;80m▄[38;2;227;231;233m[48;2;206;137;98m▄[38;2;185;178;173m[48;2;218;135;89m▄[38;2;210;209;207m[48;2;224;138;90m▄[38;2;234;225;220m[48;2;210;117;66m▄[38;2;205;211;213m[48;2;194;134;100m▄[38;2;195;153;130m[48;2;232;134;81m▄[38;2;217;161;131m[48;2;235;140;89m▄[38;2;242;240;238m[48;2;240;236;233m▄[38;2;250;250;250m[48;2;255;255;255m▄[38;2;198;198;198m[48;2;206;206;206m▄[38;2;255;255;255m[48;2;232;232;232m▄[38;2;255;255;255m[48;2;254;254;254m▄[38;2;255;255;255m[48;2;255;255;255m▄[38;2;255;255;255m[48;2;255;255;255m▄[38;2;255;255;255m[48;2;255;255;255m▄[38;2;255;255;255m[48;2;252;252;252m▄[38;2;255;255;255m[48;2;255;255;255m▄[38;2;255;255;255m[48;2;255;255;255m▄[38;2;255;255;255m[48;2;255;255;255m▄[38;2;255;255;255m[48;2;255;255;255m▄[38;2;255;255;255m[48;2;255;255;255m▄[38;2;255;255;255m[48;2;255;255;255m▄[38;2;255;255;255m[48;2;255;255;255m▄[38;2;255;255;255m[48;2;255;255;255m▄[38;2;255;255;255m[48;2;255;255;255m▄[38;2;255;255;255m[48;2;255;255;255m▄[38;2;255;255;255m[48;2;255;255;255m▄[38;2;255;255;255m[48;2;255;255;255m▄[38;2;255;255;255m[48;2;255;255;255m▄[38;2;255;255;255m[48;2;255;255;255m▄[38;2;255;255;255m[48;2;255;255;255m▄[38;2;255;255;255m[48;2;255;255;255m▄[38;2;255;255;255m[48;2;255;255;255m▄[38;2;255;255;255m[48;2;255;255;255m▄[38;2;255;255;255m[48;2;255;255;255m▄[38;2;255;255;255m[48;2;255;255;255m▄[38;2;255;255;255m[48;2;255;255;255m▄[38;2;255;255;255m[48;2;255;255;255m▄[38;2;255;255;255m[48;2;255;255;255m▄[38;2;255;255;255m[48;2;255;255;255m▄[38;2;255;255;255m[48;2;255;255;255m▄[38;2;255;255;255m[48;2;255;255;255m▄[38;2;255;255;255m[48;2;255;255;255m▄[38;2;255;255;255m[48;2;255;255;255m▄[38;2;255;255;255m[48;2;255;255;255m▄[38;2;255;255;255m[48;2;255;255;255m▄[38;2;255;255;255m[48;2;255;255;255m▄[38;2;255;255;255m[48;2;255;255;255m▄[0m
[38;2;255;255;255m[48;2;255;255;255m▄[38;2;255;255;255m[48;2;255;255;255m▄[38;2;255;255;255m[48;2;255;255;255m▄[38;2;243;246;246m[48;2;255;255;255m▄[38;2;209;233;234m[48;2;255;255;255m▄[38;2;164;193;196m[48;2;255;255;255m▄[38;2;155;202;203m[48;2;255;255;255m▄[38;2;177;217;219m[48;2;248;250;250m▄[38;2;225;225;224m[48;2;214;183;166m▄[38;2;232;221;214m[48;2;209;112;57m▄[38;2;210;199;204m[48;2;162;133;138m▄[38;2;228;220;240m[48;2;249;247;255m▄[38;2;245;244;231m[48;2;201;202;206m▄[38;2;228;228;233m[48;2;131;132;136m▄[38;2;200;198;209m[48;2;204;201;207m▄[38;2;232;232;232m[48;2;232;236;238m▄[38;2;242;242;242m[48;2;155;155;156m▄[38;2;223;223;223m[48;2;195;201;204m▄[38;2;241;241;241m[48;2;210;219;223m▄[38;2;245;245;250m[48;2;255;255;255m▄[38;2;254;254;255m[48;2;254;254;254m▄[38;2;248;248;251m[48;2;237;237;239m▄[38;2;245;245;232m[48;2;251;251;255m▄[38;2;236;236;216m[48;2;255;255;255m▄[38;2;200;200;184m[48;2;250;250;255m▄[38;2;247;247;251m[48;2;255;255;255m▄[38;2;254;254;255m[48;2;255;255;255m▄[38;2;255;255;255m[48;2;255;255;255m▄[38;2;255;255;255m[48;2;255;255;255m▄[38;2;255;255;255m[48;2;255;255;255m▄[38;2;255;255;255m[48;2;255;255;255m▄[38;2;255;255;255m[48;2;255;255;255m▄[38;2;255;255;255m[48;2;255;255;255m▄[38;2;255;255;255m[48;2;255;255;255m▄[38;2;255;255;255m[48;2;255;255;255m▄[38;2;255;255;255m[48;2;255;255;255m▄[38;2;255;255;255m[48;2;255;255;255m▄[38;2;173;173;173m[48;2;212;212;212m▄[38;2;245;245;245m[48;2;235;235;235m▄[38;2;255;255;255m[48;2;255;255;255m▄[38;2;255;255;255m[48;2;255;255;255m▄[38;2;207;207;207m[48;2;255;255;255m▄[38;2;222;222;227m[48;2;255;255;255m▄[38;2;252;252;255m[48;2;255;255;255m▄[38;2;241;241;226m[48;2;255;255;255m▄[38;2;224;224;189m[48;2;255;255;255m▄[38;2;217;216;155m[48;2;255;255;255m▄[38;2;235;235;130m[48;2;253;253;255m▄[38;2;239;239;118m[48;2;251;251;255m▄[38;2;236;236;111m[48;2;239;239;251m▄[38;2;226;226;115m[48;2;202;202;215m▄[38;2;226;225;145m[48;2;255;255;255m▄[38;2;240;240;180m[48;2;255;255;255m▄[38;2;243;243;229m[48;2;255;255;255m▄[38;2;253;253;255m[48;2;255;255;255m▄[38;2;255;255;255m[48;2;255;255;255m▄[38;2;243;243;243m[48;2;255;255;255m▄[38;2;250;250;250m[48;2;255;255;255m▄[38;2;255;255;255m[48;2;255;255;255m▄[38;2;255;255;255m[48;2;255;255;255m▄[0m
[38;2;255;255;255m[48;2;255;255;255m▄[38;2;255;255;255m[48;2;255;255;255m▄[38;2;160;227;230m[48;2;206;223;223m▄[38;2;157;238;241m[48;2;113;153;154m▄[38;2;167;244;252m[48;2;157;235;239m▄[38;2;164;248;252m[48;2;135;202;204m▄[38;2;173;204;205m[48;2;131;180;182m▄[38;2;255;255;255m[48;2;231;237;237m▄[38;2;255;255;255m[48;2;255;255;255m▄[38;2;255;255;255m[48;2;255;255;255m▄[38;2;231;230;190m[48;2;255;255;255m▄[38;2;251;243;36m[48;2;217;216;150m▄[38;2;229;221;55m[48;2;229;224;49m▄[38;2;196;192;56m[48;2;188;181;115m▄[38;2;198;192;53m[48;2;172;165;109m▄[38;2;190;186;59m[48;2;194;192;115m▄[38;2;240;239;216m[48;2;234;235;242m▄[38;2;226;226;231m[48;2;253;253;252m▄[38;2;212;215;211m[48;2;255;255;255m▄[38;2;236;223;99m[48;2;220;222;208m▄[38;2;226;203;52m[48;2;236;240;132m▄[38;2;220;222;58m[48;2;249;249;89m▄[38;2;236;241;64m[48;2;248;248;73m▄[38;2;255;255;67m[48;2;247;247;68m▄[38;2;241;244;68m[48;2;252;252;72m▄[38;2;234;227;61m[48;2;245;246;86m▄[38;2;241;235;48m[48;2;235;236;148m▄[38;2;216;217;92m[48;2;221;221;222m▄[38;2;242;242;244m[48;2;234;234;236m▄[38;2;255;255;255m[48;2;255;255;255m▄[38;2;255;255;255m[48;2;255;255;255m▄[38;2;255;255;255m[48;2;255;255;255m▄[38;2;255;255;255m[48;2;255;255;255m▄[38;2;255;255;255m[48;2;255;255;255m▄[38;2;255;255;255m[48;2;255;255;255m▄[38;2;255;255;255m[48;2;255;255;255m▄[38;2;255;255;255m[48;2;255;255;255m▄[38;2;255;255;255m[48;2;236;236;236m▄[38;2;255;255;255m[48;2;217;217;217m▄[38;2;251;251;251m[48;2;232;232;232m▄[38;2;255;255;255m[48;2;251;251;251m▄[38;2;239;238;218m[48;2;245;245;250m▄[38;2;212;214;94m[48;2;221;221;205m▄[38;2;220;224;123m[48;2;228;228;103m▄[38;2;235;236;118m[48;2;223;223;58m▄[38;2;237;237;124m[48;2;229;229;44m▄[38;2;230;231;82m[48;2;234;233;49m▄[38;2;255;255;64m[48;2;249;249;55m▄[38;2;236;236;74m[48;2;255;255;56m▄[38;2;235;235;99m[48;2;255;255;54m▄[38;2;253;253;91m[48;2;249;249;53m▄[38;2;246;247;87m[48;2;225;224;48m▄[38;2;219;221;92m[48;2;218;218;47m▄[38;2;240;240;65m[48;2;244;244;66m▄[38;2;254;254;47m[48;2;232;232;134m▄[38;2;221;221;108m[48;2;239;239;240m▄[38;2;250;250;254m[48;2;214;214;214m▄[38;2;255;255;255m[48;2;243;243;243m▄[38;2;255;255;255m[48;2;255;255;255m▄[38;2;255;255;255m[48;2;255;255;255m▄[0m
[38;2;255;255;255m[48;2;255;255;255m▄[38;2;245;245;245m[48;2;255;255;255m▄[38;2;164;160;160m[48;2;157;189;192m▄[38;2;192;224;226m[48;2;160;244;249m▄[38;2;164;238;241m[48;2;171;252;255m▄[38;2;166;249;255m[48;2;171;254;255m▄[38;2;160;248;253m[48;2;167;218;221m▄[38;2;179;216;218m[48;2;176;170;169m▄[38;2;241;242;241m[48;2;226;226;226m▄[38;2;255;255;255m[48;2;255;255;255m▄[38;2;231;230;231m[48;2;219;216;151m▄[38;2;179;190;197m[48;2;210;206;47m▄[38;2;124;168;180m[48;2;205;204;67m▄[38;2;201;210;194m[48;2;208;207;57m▄[38;2;124;161;166m[48;2;218;216;58m▄[38;2;205;205;195m[48;2;185;180;45m▄[38;2;240;241;244m[48;2;210;210;181m▄[38;2;255;255;255m[48;2;218;218;228m▄[38;2;218;217;221m[48;2;139;141;128m▄[38;2;204;207;147m[48;2;231;220;50m▄[38;2;240;245;78m[48;2;250;227;64m▄[38;2;246;245;57m[48;2;220;208;71m▄[38;2;242;227;54m[48;2;227;189;68m▄[38;2;236;214;52m[48;2;229;191;68m▄[38;2;237;230;53m[48;2;197;178;67m▄[38;2;252;255;59m[48;2;216;195;68m▄[38;2;212;215;60m[48;2;250;230;66m▄[38;2;135;135;102m[48;2;227;230;57m▄[38;2;202;202;204m[48;2;187;187;184m▄[38;2;240;240;240m[48;2;230;230;232m▄[38;2;255;255;255m[48;2;255;255;255m▄[38;2;255;255;255m[48;2;255;255;255m▄[38;2;255;255;255m[48;2;255;255;255m▄[38;2;255;255;255m[48;2;255;255;255m▄[38;2;255;255;255m[48;2;255;255;255m▄[38;2;255;255;255m[48;2;255;255;255m▄[38;2;255;255;255m[48;2;255;255;255m▄[38;2;255;255;255m[48;2;255;255;255m▄[38;2;255;255;255m[48;2;255;255;255m▄[38;2;246;246;246m[48;2;207;207;207m▄[38;2;228;228;241m[48;2;218;218;224m▄[38;2;220;222;91m[48;2;229;231;129m▄[38;2;255;249;58m[48;2;250;241;69m▄[38;2;235;211;56m[48;2;198;179;145m▄[38;2;216;208;60m[48;2;131;127;107m▄[38;2;232;197;62m[48;2;225;229;171m▄[38;2;243;195;68m[48;2;229;236;78m▄[38;2;236;187;68m[48;2;253;255;61m▄[38;2;236;188;67m[48;2;239;245;87m▄[38;2;207;164;52m[48;2;151;157;128m▄[38;2;190;168;72m[48;2;167;170;164m▄[38;2;236;219;86m[48;2;230;224;225m▄[38;2;250;215;64m[48;2;202;194;140m▄[38;2;255;249;64m[48;2;241;239;62m▄[38;2;253;253;47m[48;2;255;255;66m▄[38;2;220;220;108m[48;2;234;234;66m▄[38;2;246;246;251m[48;2;234;234;235m▄[38;2;255;255;255m[48;2;255;255;255m▄[38;2;255;255;255m[48;2;255;255;255m▄[38;2;255;255;255m[48;2;255;255;255m▄[0m
[38;2;255;255;255m[48;2;255;255;255m▄[38;2;255;255;255m[48;2;255;255;255m▄[38;2;255;255;255m[48;2;255;255;255m▄[38;2;250;245;252m[48;2;255;251;252m▄[38;2;237;225;240m[48;2;223;226;229m▄[38;2;218;202;219m[48;2;180;203;207m▄[38;2;241;221;243m[48;2;201;237;241m▄[38;2;223;207;223m[48;2;173;214;219m▄[38;2;243;232;250m[48;2;214;222;227m▄[38;2;236;234;238m[48;2;251;250;251m▄[38;2;246;242;248m[48;2;255;255;255m▄[38;2;209;206;223m[48;2;196;213;228m▄[38;2;189;192;211m[48;2;137;170;197m▄[38;2;213;207;227m[48;2;202;213;225m▄[38;2;186;191;210m[48;2;129;164;192m▄[38;2;239;225;244m[48;2;255;255;255m▄[38;2;249;242;253m[48;2;255;254;255m▄[38;2;240;240;239m[48;2;255;255;255m▄[38;2;235;235;235m[48;2;254;254;254m▄[38;2;253;247;255m[48;2;229;226;242m▄[38;2;229;220;235m[48;2;204;201;206m▄[38;2;241;231;255m[48;2;215;212;183m▄[38;2;231;222;250m[48;2;233;232;172m▄[38;2;230;219;251m[48;2;233;233;164m▄[38;2;245;231;255m[48;2;235;232;176m▄[38;2;218;210;232m[48;2;196;195;162m▄[38;2;243;237;252m[48;2;230;228;222m▄[38;2;246;246;246m[48;2;224;224;233m▄[38;2;252;252;252m[48;2;255;255;255m▄[38;2;255;255;255m[48;2;255;255;255m▄[38;2;255;255;255m[48;2;255;255;255m▄[38;2;255;255;255m[48;2;255;255;255m▄[38;2;255;255;255m[48;2;255;255;255m▄[38;2;255;255;255m[48;2;255;255;255m▄[38;2;255;255;255m[48;2;255;255;255m▄[38;2;255;255;255m[48;2;255;255;255m▄[38;2;255;255;255m[48;2;255;255;255m▄[38;2;255;255;255m[48;2;255;255;255m▄[38;2;255;255;255m[48;2;255;255;255m▄[38;2;243;243;243m[48;2;247;247;247m▄[38;2;221;221;220m[48;2;212;212;221m▄[38;2;234;234;243m[48;2;207;207;149m▄[38;2;238;238;224m[48;2;137;138;39m▄[38;2;252;252;203m[48;2;127;132;34m▄[38;2;242;242;189m[48;2;153;155;44m▄[38;2;182;185;170m[48;2;87;74;26m▄[38;2;208;214;158m[48;2;223;184;55m▄[38;2;225;231;142m[48;2;244;197;56m▄[38;2;229;236;144m[48;2;243;203;57m▄[38;2;226;230;139m[48;2;245;222;59m▄[38;2;218;219;158m[48;2;242;237;51m▄[38;2;234;234;184m[48;2;226;229;48m▄[38;2;254;254;211m[48;2;252;255;62m▄[38;2;252;252;243m[48;2;248;249;78m▄[38;2;253;253;255m[48;2;218;218;134m▄[38;2;255;255;255m[48;2;238;237;235m▄[38;2;255;255;255m[48;2;255;255;255m▄[38;2;255;255;255m[48;2;255;255;255m▄[38;2;255;255;255m[48;2;255;255;255m▄[38;2;255;255;255m[48;2;255;255;255m▄[0m
[38;2;255;255;255m[48;2;255;255;255m▄[38;2;255;255;255m[48;2;255;255;255m▄[38;2;255;255;255m[48;2;255;255;255m▄[38;2;255;255;255m[48;2;255;255;255m▄[38;2;255;255;255m[48;2;255;255;255m▄[38;2;255;255;255m[48;2;255;255;255m▄[38;2;255;255;255m[48;2;254;254;253m▄[38;2;255;255;255m[48;2;255;255;255m▄[38;2;255;255;255m[48;2;255;255;255m▄[38;2;255;255;255m[48;2;255;255;255m▄[38;2;255;255;255m[48;2;254;254;253m▄[38;2;255;255;255m[48;2;241;240;239m▄[38;2;255;255;255m[48;2;255;255;255m▄[38;2;254;254;254m[48;2;254;252;252m▄[38;2;255;255;255m[48;2;255;254;253m▄[38;2;255;255;255m[48;2;252;253;251m▄[38;2;255;255;255m[48;2;255;255;255m▄[38;2;255;255;255m[48;2;255;255;255m▄[38;2;255;255;255m[48;2;252;252;252m▄[38;2;255;255;255m[48;2;255;255;255m▄[38;2;255;255;255m[48;2;255;255;255m▄[38;2;255;255;255m[48;2;255;255;255m▄[38;2;255;255;255m[48;2;255;255;255m▄[38;2;255;255;255m[48;2;255;255;255m▄[38;2;255;255;255m[48;2;255;255;255m▄[38;2;255;255;255m[48;2;255;255;255m▄[38;2;255;255;255m[48;2;255;255;255m▄[38;2;255;255;255m[48;2;255;255;255m▄[38;2;255;255;255m[48;2;255;255;255m▄[38;2;255;255;255m[48;2;255;255;255m▄[38;2;255;255;255m[48;2;255;255;255m▄[38;2;255;255;255m[48;2;255;255;255m▄[38;2;255;255;255m[48;2;255;255;255m▄[38;2;255;255;255m[48;2;255;255;255m▄[38;2;255;255;255m[48;2;255;255;255m▄[38;2;255;255;255m[48;2;255;255;255m▄[38;2;255;255;255m[48;2;255;255;255m▄[38;2;255;255;255m[48;2;255;255;255m▄[38;2;255;255;255m[48;2;255;255;255m▄[38;2;255;255;255m[48;2;255;255;255m▄[38;2;255;255;255m[48;2;255;255;255m▄[38;2;255;255;255m[48;2;255;255;255m▄[38;2;255;255;255m[48;2;255;255;255m▄[38;2;255;255;255m[48;2;255;255;255m▄[38;2;255;255;255m[48;2;255;255;255m▄[38;2;255;255;255m[48;2;255;255;255m▄[38;2;255;255;255m[48;2;255;255;255m▄[38;2;255;255;255m[48;2;249;249;255m▄[38;2;255;255;255m[48;2;245;245;255m▄[38;2;255;255;255m[48;2;249;249;255m▄[38;2;255;255;255m[48;2;255;255;255m▄[38;2;255;255;255m[48;2;255;255;255m▄[38;2;255;255;255m[48;2;255;255;255m▄[38;2;255;255;255m[48;2;255;255;255m▄[38;2;255;255;255m[48;2;255;255;255m▄[38;2;255;255;255m[48;2;255;255;255m▄[38;2;255;255;255m[48;2;255;255;255m▄[38;2;255;255;255m[48;2;255;255;255m▄[38;2;255;255;255m[48;2;255;255;255m▄[38;2;255;255;255m[48;2;255;255;255m▄[0m
[38;2;255;255;255m[48;2;255;255;255m▄[38;2;255;255;255m[48;2;255;255;255m▄[38;2;255;255;255m[48;2;255;255;255m▄[38;2;255;255;255m[48;2;255;255;255m▄[38;2;255;255;255m[48;2;255;255;255m▄[38;2;255;255;255m[48;2;255;255;255m▄[38;2;255;255;255m[48;2;255;255;255m▄[38;2;255;255;255m[48;2;255;255;255m▄[38;2;255;255;255m[48;2;255;255;255m▄[38;2;255;255;255m[48;2;255;255;255m▄[38;2;255;255;255m[48;2;255;255;255m▄[38;2;255;255;255m[48;2;255;255;255m▄[38;2;255;255;255m[48;2;255;255;255m▄[38;2;255;255;255m[48;2;255;255;255m▄[38;2;255;255;255m[48;2;255;255;255m▄[38;2;255;255;255m[48;2;255;255;255m▄[38;2;255;255;255m[48;2;255;255;255m▄[38;2;255;255;255m[48;2;255;255;255m▄[38;2;255;255;255m[48;2;255;255;255m▄[38;2;255;255;255m[48;2;255;255;255m▄[38;2;255;255;255m[48;2;255;255;255m▄[38;2;255;255;255m[48;2;255;255;255m▄[38;2;255;255;255m[48;2;255;255;255m▄[38;2;255;255;255m[48;2;255;255;255m▄[38;2;255;255;255m[48;2;255;255;255m▄[38;2;255;255;255m[48;2;255;255;255m▄[38;2;255;255;255m[48;2;255;255;255m▄[38;2;255;255;255m[48;2;255;255;255m▄[38;2;255;255;255m[48;2;255;255;255m▄[38;2;255;255;255m[48;2;255;255;255m▄[38;2;255;255;255m[48;2;255;255;255m▄[38;2;255;255;255m[48;2;255;255;255m▄[38;2;255;255;255m[48;2;255;255;255m▄[38;2;255;255;255m[48;2;255;255;255m▄[38;2;255;255;255m[48;2;255;255;255m▄[38;2;255;255;255m[48;2;255;255;255m▄[38;2;255;255;255m[48;2;255;255;255m▄[38;2;255;255;255m[48;2;255;255;255m▄[38;2;255;255;255m[48;2;255;255;255m▄[38;2;243;240;238m[48;2;255;255;255m▄[38;2;190;155;136m[48;2;253;255;255m▄[38;2;229;131;77m[48;2;242;223;214m▄[38;2;211;111;55m[48;2;228;185;162m▄[38;2;212;139;96m[48;2;209;190;179m▄[38;2;228;130;73m[48;2;240;213;198m▄[38;2;231;120;60m[48;2;241;201;178m▄[38;2;229;116;52m[48;2;241;203;180m▄[38;2;225;128;72m[48;2;237;226;218m▄[38;2;222;197;183m[48;2;255;255;255m▄[38;2;245;240;237m[48;2;255;255;255m▄[38;2;255;255;255m[48;2;255;255;255m▄[38;2;255;255;255m[48;2;255;255;255m▄[38;2;255;255;255m[48;2;255;255;255m▄[38;2;255;255;255m[48;2;255;255;255m▄[38;2;255;255;255m[48;2;255;255;255m▄[38;2;255;255;255m[48;2;255;255;255m▄[38;2;255;255;255m[48;2;255;255;255m▄[38;2;255;255;255m[48;2;255;255;255m▄[38;2;255;255;255m[48;2;255;255;255m▄[38;2;255;255;255m[48;2;255;255;255m▄[0m
[38;2;255;255;255m[48;2;255;255;255m▄[38;2;255;255;255m[48;2;255;255;255m▄[38;2;255;255;255m[48;2;255;255;255m▄[38;2;255;255;255m[48;2;255;255;255m▄[38;2;255;255;255m[48;2;255;255;255m▄[38;2;255;255;255m[48;2;255;255;255m▄[38;2;255;251;250m[48;2;255;255;255m▄[38;2;222;232;232m[48;2;255;255;255m▄[38;2;190;229;232m[48;2;255;254;254m▄[38;2;178;241;245m[48;2;250;248;247m▄[38;2;178;255;255m[48;2;233;240;240m▄[38;2;151;233;239m[48;2;214;233;233m▄[38;2;197;214;214m[48;2;221;231;231m▄[38;2;255;255;255m[48;2;255;255;255m▄[38;2;255;255;255m[48;2;255;255;255m▄[38;2;255;255;255m[48;2;255;255;255m▄[38;2;255;255;255m[48;2;255;255;255m▄[38;2;255;255;255m[48;2;255;255;255m▄[38;2;255;255;255m[48;2;255;255;255m▄[38;2;255;255;255m[48;2;255;255;255m▄[38;2;255;255;255m[48;2;255;255;255m▄[38;2;255;255;255m[48;2;255;255;255m▄[38;2;255;255;255m[48;2;255;255;255m▄[38;2;255;255;255m[48;2;255;255;255m▄[38;2;255;255;255m[48;2;255;255;255m▄[38;2;255;255;255m[48;2;255;255;255m▄[38;2;255;255;255m[48;2;255;255;255m▄[38;2;255;255;255m[48;2;255;255;255m▄[38;2;255;255;255m[48;2;255;255;255m▄[38;2;255;255;255m[48;2;255;255;255m▄[38;2;255;255;255m[48;2;255;255;255m▄[38;2;255;255;255m[48;2;255;255;255m▄[38;2;255;255;255m[48;2;255;255;255m▄[38;2;255;255;255m[48;2;255;255;255m▄[38;2;255;255;255m[48;2;255;255;255m▄[38;2;255;255;255m[48;2;255;255;255m▄[38;2;255;255;255m[48;2;255;255;255m▄[38;2;255;255;255m[48;2;255;255;255m▄[38;2;255;255;255m[48;2;255;255;255m▄[38;2;227;217;210m[48;2;238;234;232m▄[38;2;239;139;83m[48;2;209;129;84m▄[38;2;189;123;95m[48;2;216;135;100m▄[38;2;218;228;244m[48;2;216;184;179m▄[38;2;255;255;255m[48;2;232;226;222m▄[38;2;180;185;189m[48;2;226;200;185m▄[38;2;155;161;165m[48;2;195;159;139m▄[38;2;242;248;255m[48;2;216;184;165m▄[38;2;207;213;218m[48;2;218;199;187m▄[38;2;171;165;162m[48;2;207;121;74m▄[38;2;240;236;233m[48;2;219;179;157m▄[38;2;255;255;255m[48;2;255;255;255m▄[38;2;255;255;255m[48;2;255;255;255m▄[38;2;255;255;255m[48;2;255;255;255m▄[38;2;255;255;255m[48;2;255;255;255m▄[38;2;255;255;255m[48;2;255;255;255m▄[38;2;255;255;255m[48;2;255;255;255m▄[38;2;255;255;255m[48;2;255;255;255m▄[38;2;255;255;255m[48;2;255;255;255m▄[38;2;255;255;255m[48;2;255;255;255m▄[38;2;255;255;255m[48;2;255;255;255m▄[0m
[38;2;255;255;255m[48;2;255;255;255m▄[38;2;255;255;255m[48;2;255;255;255m▄[38;2;255;255;255m[48;2;255;255;255m▄[38;2;255;255;255m[48;2;255;255;255m▄[38;2;242;242;241m[48;2;255;255;255m▄[38;2;167;213;216m[48;2;244;242;241m▄[38;2;150;228;232m[48;2;187;225;228m▄[38;2;168;244;252m[48;2;161;238;243m▄[38;2;176;252;255m[48;2;168;251;255m▄[38;2;151;221;227m[48;2;150;221;227m▄[38;2;95;146;150m[48;2;101;148;150m▄[38;2;169;195;196m[48;2;153;196;199m▄[38;2;255;255;255m[48;2;249;245;245m▄[38;2;255;255;255m[48;2;255;255;255m▄[38;2;255;255;255m[48;2;255;255;255m▄[38;2;255;255;255m[48;2;255;255;255m▄[38;2;255;255;255m[48;2;255;255;255m▄[38;2;255;255;255m[48;2;255;255;255m▄[38;2;255;255;255m[48;2;255;255;255m▄[38;2;255;255;255m[48;2;255;255;255m▄[38;2;255;255;255m[48;2;255;255;255m▄[38;2;255;255;255m[48;2;255;255;255m▄[38;2;255;255;255m[48;2;255;255;255m▄[38;2;255;255;255m[48;2;255;255;255m▄[38;2;255;255;255m[48;2;255;255;255m▄[38;2;255;255;255m[48;2;255;255;255m▄[38;2;255;255;255m[48;2;255;255;255m▄[38;2;255;255;255m[48;2;255;255;255m▄[38;2;255;255;255m[48;2;255;255;255m▄[38;2;255;255;255m[48;2;255;255;255m▄[38;2;255;255;255m[48;2;255;255;255m▄[38;2;255;255;255m[48;2;255;255;255m▄[38;2;255;255;255m[48;2;255;255;255m▄[38;2;247;247;246m[48;2;255;255;255m▄[38;2;180;204;206m[48;2;255;255;255m▄[38;2;161;217;220m[48;2;249;249;248m▄[38;2;121;174;176m[48;2;235;244;244m▄[38;2;180;213;214m[48;2;218;232;233m▄[38;2;255;254;254m[48;2;245;244;245m▄[38;2;255;255;255m[48;2;255;255;255m▄[38;2;246;247;231m[48;2;249;245;246m▄[38;2;244;245;181m[48;2;213;205;215m▄[38;2;227;223;105m[48;2;210;198;224m▄[38;2;226;221;54m[48;2;226;224;209m▄[38;2;214;209;86m[48;2;200;200;200m▄[38;2;160;156;116m[48;2;185;183;194m▄[38;2;181;178;74m[48;2;219;219;204m▄[38;2;230;230;218m[48;2;198;197;188m▄[38;2;255;255;255m[48;2;222;224;225m▄[38;2;241;241;246m[48;2;250;252;253m▄[38;2;199;200;188m[48;2;255;255;255m▄[38;2;212;214;163m[48;2;255;255;255m▄[38;2;235;235;126m[48;2;251;252;255m▄[38;2;228;228;97m[48;2;225;225;237m▄[38;2;215;216;112m[48;2;252;252;255m▄[38;2;229;229;156m[48;2;255;255;255m▄[38;2;216;216;193m[48;2;255;255;255m▄[38;2;240;240;246m[48;2;253;253;253m▄[38;2;255;255;255m[48;2;255;255;255m▄[38;2;255;255;255m[48;2;255;255;255m▄[0m
[38;2;255;255;255m[48;2;255;255;255m▄[38;2;255;255;255m[48;2;255;255;255m▄[38;2;255;255;255m[48;2;255;255;255m▄[38;2;255;251;251m[48;2;255;255;255m▄[38;2;173;214;217m[48;2;200;225;227m▄[38;2;167;252;255m[48;2;137;206;211m▄[38;2;170;247;255m[48;2;61;86;87m▄[38;2;171;248;255m[48;2;139;198;203m▄[38;2;168;244;252m[48;2;172;243;247m▄[38;2;170;237;243m[48;2;173;219;222m▄[38;2;174;244;246m[48;2;191;234;236m▄[38;2;170;219;223m[48;2;207;219;220m▄[38;2;242;238;237m[48;2;252;252;252m▄[38;2;231;231;231m[48;2;246;246;246m▄[38;2;220;220;220m[48;2;239;239;239m▄[38;2;238;238;238m[48;2;239;239;239m▄[38;2;255;255;255m[48;2;255;255;255m▄[38;2;255;255;255m[48;2;255;255;255m▄[38;2;255;255;255m[48;2;255;255;255m▄[38;2;255;255;255m[48;2;255;255;255m▄[38;2;255;255;255m[48;2;255;255;255m▄[38;2;255;255;255m[48;2;255;255;255m▄[38;2;255;255;255m[48;2;255;255;255m▄[38;2;255;255;255m[48;2;255;255;255m▄[38;2;255;255;255m[48;2;255;255;255m▄[38;2;255;255;255m[48;2;255;255;255m▄[38;2;255;255;255m[48;2;255;255;255m▄[38;2;255;255;255m[48;2;255;255;255m▄[38;2;255;255;255m[48;2;255;255;255m▄[38;2;255;255;255m[48;2;255;255;255m▄[38;2;255;255;255m[48;2;255;255;255m▄[38;2;255;255;255m[48;2;255;255;255m▄[38;2;246;243;242m[48;2;251;249;248m▄[38;2;155;213;217m[48;2;184;227;230m▄[38;2;169;255;255m[48;2;136;208;212m▄[38;2;173;255;255m[48;2;158;234;238m▄[38;2;165;239;244m[48;2;156;225;229m▄[38;2;182;186;186m[48;2;229;232;231m▄[38;2;201;197;198m[48;2;225;224;229m▄[38;2;215;215;211m[48;2;186;185;163m▄[38;2;241;241;233m[48;2;220;215;72m▄[38;2;249;250;255m[48;2;234;230;78m▄[38;2;221;221;201m[48;2;218;214;118m▄[38;2;224;219;52m[48;2;229;222;57m▄[38;2;217;215;59m[48;2;225;218;53m▄[38;2;227;223;60m[48;2;198;193;49m▄[38;2;224;220;49m[48;2;207;200;50m▄[38;2;176;174;92m[48;2;209;208;169m▄[38;2;235;235;250m[48;2;238;239;243m▄[38;2;222;224;89m[48;2;235;236;148m▄[38;2;255;243;56m[48;2;168;160;84m▄[38;2;246;225;84m[48;2;198;188;188m▄[38;2;234;232;71m[48;2;228;227;142m▄[38;2;231;233;66m[48;2;224;225;41m▄[38;2;248;233;92m[48;2;164;160;128m▄[38;2;239;215;88m[48;2;226;223;202m▄[38;2;253;252;45m[48;2;209;208;72m▄[38;2;214;214;143m[48;2;226;225;184m▄[38;2;233;233;235m[48;2;248;248;248m▄[38;2;255;255;255m[48;2;255;255;255m▄[0m
[38;2;255;255;255m[48;2;255;255;255m▄[38;2;255;255;255m[48;2;255;255;255m▄[38;2;255;255;255m[48;2;255;255;255m▄[38;2;255;255;255m[48;2;255;254;254m▄[38;2;247;247;247m[48;2;192;217;218m▄[38;2;218;246;248m[48;2;156;241;248m▄[38;2;213;252;254m[48;2;164;249;255m▄[38;2;208;251;254m[48;2;163;247;255m▄[38;2;206;250;254m[48;2;164;247;255m▄[38;2;206;250;254m[48;2;163;248;255m▄[38;2;207;249;254m[48;2;163;250;255m▄[38;2;211;253;255m[48;2;154;239;246m▄[38;2;222;243;244m[48;2;198;220;221m▄[38;2;254;253;253m[48;2;255;255;255m▄[38;2;255;255;255m[48;2;255;255;255m▄[38;2;255;255;255m[48;2;255;255;255m▄[38;2;255;255;255m[48;2;255;255;255m▄[38;2;255;255;255m[48;2;255;255;255m▄[38;2;255;255;255m[48;2;255;255;255m▄[38;2;255;255;255m[48;2;255;255;255m▄[38;2;255;255;255m[48;2;255;255;255m▄[38;2;255;255;255m[48;2;255;255;255m▄[38;2;255;255;255m[48;2;255;255;255m▄[38;2;255;255;255m[48;2;255;255;255m▄[38;2;255;255;255m[48;2;255;255;255m▄[38;2;255;255;255m[48;2;255;255;255m▄[38;2;255;255;255m[48;2;255;255;255m▄[38;2;255;255;255m[48;2;255;255;255m▄[38;2;255;255;255m[48;2;255;255;255m▄[38;2;255;255;255m[48;2;255;255;255m▄[38;2;255;255;255m[48;2;255;255;255m▄[38;2;255;255;255m[48;2;255;255;255m▄[38;2;252;253;253m[48;2;227;225;225m▄[38;2;255;255;255m[48;2;175;180;181m▄[38;2;250;243;245m[48;2;191;237;239m▄[38;2;197;195;200m[48;2;170;239;242m▄[38;2;223;228;238m[48;2;165;246;248m▄[38;2;180;199;207m[48;2;154;209;210m▄[38;2;185;195;200m[48;2;202;209;208m▄[38;2;245;244;244m[48;2;255;255;255m▄[38;2;255;255;255m[48;2;255;255;255m▄[38;2;252;252;252m[48;2;255;255;255m▄[38;2;253;251;252m[48;2;248;245;239m▄[38;2;116;151;180m[48;2;121;165;183m▄[38;2;236;233;239m[48;2;179;195;192m▄[38;2;129;165;195m[48;2;143;180;194m▄[38;2;195;210;228m[48;2;147;180;187m▄[38;2;255;255;255m[48;2;227;225;221m▄[38;2;236;236;235m[48;2;205;205;207m▄[38;2;250;250;255m[48;2;195;194;168m▄[38;2;247;246;255m[48;2;246;250;101m▄[38;2;195;193;175m[48;2;254;255;65m▄[38;2;227;222;191m[48;2;255;255;58m▄[38;2;234;229;197m[48;2;253;254;59m▄[38;2;205;203;173m[48;2;253;255;55m▄[38;2;211;210;199m[48;2;250;252;65m▄[38;2;229;230;241m[48;2;195;196;94m▄[38;2;224;224;227m[48;2;183;183;182m▄[38;2;254;254;254m[48;2;247;247;247m▄[38;2;255;255;255m[48;2;255;255;255m▄[0m
[38;2;254;254;254m[48;2;255;255;255m▄[38;2;255;255;255m[48;2;255;255;255m▄[38;2;255;255;255m[48;2;255;255;255m▄[38;2;255;255;255m[48;2;255;255;255m▄[38;2;255;255;255m[48;2;255;255;255m▄[38;2;255;255;255m[48;2;255;255;255m▄[38;2;255;255;255m[48;2;255;255;255m▄[38;2;255;255;255m[48;2;255;255;255m▄[38;2;255;255;255m[48;2;255;255;255m▄[38;2;255;255;255m[48;2;255;255;255m▄[38;2;255;255;255m[48;2;255;255;255m▄[38;2;255;255;255m[48;2;255;255;255m▄[38;2;255;255;255m[48;2;255;255;255m▄[38;2;255;255;255m[48;2;255;255;255m▄[38;2;255;255;255m[48;2;255;255;255m▄[38;2;255;255;255m[48;2;255;255;255m▄[38;2;255;255;255m[48;2;255;255;255m▄[38;2;255;255;255m[48;2;255;255;255m▄[38;2;255;255;255m[48;2;255;255;255m▄[38;2;255;255;255m[48;2;255;255;255m▄[38;2;255;255;255m[48;2;255;255;255m▄[38;2;255;255;255m[48;2;255;255;255m▄[38;2;255;255;255m[48;2;255;255;255m▄[38;2;255;255;255m[48;2;255;255;255m▄[38;2;255;255;255m[48;2;255;255;255m▄[38;2;255;255;255m[48;2;255;255;255m▄[38;2;255;255;255m[48;2;255;255;255m▄[38;2;255;255;255m[48;2;255;255;255m▄[38;2;255;255;255m[48;2;255;255;255m▄[38;2;255;255;255m[48;2;255;255;255m▄[38;2;255;255;255m[48;2;255;255;255m▄[38;2;255;255;255m[48;2;255;255;255m▄[38;2;255;255;255m[48;2;255;255;255m▄[38;2;255;255;255m[48;2;255;255;255m▄[38;2;255;255;255m[48;2;253;251;254m▄[38;2;255;255;255m[48;2;231;226;231m▄[38;2;255;255;255m[48;2;236;227;237m▄[38;2;255;255;255m[48;2;245;237;244m▄[38;2;255;255;255m[48;2;247;241;246m▄[38;2;255;255;255m[48;2;247;247;247m▄[38;2;255;255;255m[48;2;241;241;241m▄[38;2;255;255;255m[48;2;248;248;248m▄[38;2;255;255;255m[48;2;249;244;251m▄[38;2;255;255;255m[48;2;203;202;214m▄[38;2;255;255;255m[48;2;234;224;239m▄[38;2;255;255;255m[48;2;206;205;219m▄[38;2;255;255;255m[48;2;226;220;231m▄[38;2;255;255;255m[48;2;249;245;250m▄[38;2;255;255;255m[48;2;255;255;255m▄[38;2;255;255;255m[48;2;240;240;240m▄[38;2;255;255;255m[48;2;245;243;248m▄[38;2;255;255;255m[48;2;229;224;239m▄[38;2;255;255;255m[48;2;240;232;255m▄[38;2;255;255;255m[48;2;247;238;255m▄[38;2;255;255;255m[48;2;228;223;240m▄[38;2;255;255;255m[48;2;236;234;242m▄[38;2;255;255;255m[48;2;255;255;255m▄[38;2;255;255;255m[48;2;255;255;255m▄[38;2;255;255;255m[48;2;255;255;255m▄[38;2;255;255;255m[48;2;255;255;255m▄[0m
