[38;2;22;34;43m[48;2;24;31;42m▄[38;2;31;42;50m[48;2;26;38;47m▄[38;2;39;43;50m[48;2;34;39;45m▄[38;2;36;38;45m[48;2;32;34;41m▄[38;2;33;42;51m[48;2;32;36;47m▄[38;2;33;47;62m[48;2;32;41;58m▄[38;2;32;48;64m[48;2;30;43;57m▄[38;2;36;53;68m[48;2;34;49;60m▄[38;2;40;57;72m[48;2;36;51;66m▄[38;2;44;63;80m[48;2;38;55;72m▄[38;2;45;68;88m[48;2;41;64;83m▄[38;2;39;62;81m[48;2;39;62;78m▄[38;2;33;59;77m[48;2;38;58;76m▄[38;2;43;69;85m[48;2;41;60;78m▄[38;2;47;78;95m[48;2;47;72;87m▄[38;2;42;72;91m[48;2;43;70;85m▄[38;2;44;70;92m[48;2;41;64;83m▄[38;2;44;67;92m[48;2;41;60;85m▄[38;2;42;68;90m[48;2;39;60;85m▄[38;2;42;69;90m[48;2;39;62;85m▄[38;2;38;58;75m[48;2;34;53;70m▄[38;2;36;53;73m[48;2;34;49;68m▄[38;2;37;60;87m[48;2;34;53;78m▄[38;2;35;54;79m[48;2;32;49;66m▄[38;2;33;42;62m[48;2;32;39;58m▄[38;2;29;47;62m[48;2;26;41;57m▄[38;2;23;48;57m[48;2;20;41;49m▄[38;2;10;78;86m[48;2;9;74;81m▄[38;2;1;117;128m[48;2;0;108;117m▄[38;2;0;114;123m[48;2;0;104;110m▄[38;2;1;105;111m[48;2;1;95;100m▄[38;2;5;90;99m[48;2;5;81;91m▄[38;2;7;75;82m[48;2;5;64;68m▄[38;2;12;54;56m[48;2;9;53;57m▄[38;2;15;46;49m[48;2;11;41;47m▄[38;2;15;48;54m[48;2;11;32;38m▄[38;2;15;48;54m[48;2;15;41;45m▄[38;2;13;31;38m[48;2;13;34;38m▄[38;2;14;29;37m[48;2;11;26;34m▄[38;2;13;28;36m[48;2;11;24;30m▄[38;2;15;26;32m[48;2;15;24;30m▄[38;2;15;23;28m[48;2;15;20;28m▄[38;2;14;21;27m[48;2;15;20;26m▄[38;2;18;26;34m[48;2;17;24;32m▄[38;2;19;28;39m[48;2;15;22;34m▄[38;2;18;25;34m[48;2;13;20;26m▄[38;2;17;21;28m[48;2;17;19;22m▄[38;2;17;22;28m[48;2;17;19;22m▄[38;2;17;21;27m[48;2;17;19;22m▄[38;2;18;21;27m[48;2;19;19;22m▄[38;2;18;21;26m[48;2;19;19;22m▄[38;2;16;24;31m[48;2;15;22;32m▄[38;2;18;29;39m[48;2;17;26;36m▄[38;2;17;26;36m[48;2;13;24;30m▄[38;2;19;25;35m[48;2;15;22;28m▄[38;2;20;25;34m[48;2;17;22;28m▄[38;2;19;25;31m[48;2;15;22;28m▄[38;2;15;25;33m[48;2;13;22;32m▄[38;2;15;25;35m[48;2;13;22;32m▄[38;2;15;25;35m[48;2;13;22;32m▄[0m
[38;2;20;33;43m[48;2;22;33;43m▄[38;2;30;41;48m[48;2;29;40;47m▄[38;2;32;39;45m[48;2;35;40;46m▄[38;2;30;37;43m[48;2;31;37;43m▄[38;2;28;36;43m[48;2;29;39;46m▄[38;2;29;38;48m[48;2;29;42;52m▄[38;2;31;43;60m[48;2;30;42;59m▄[38;2;36;50;66m[48;2;33;47;64m▄[38;2;22;42;62m[48;2;37;54;68m▄[38;2;62;71;76m[48;2;40;57;74m▄[38;2;85;92;85m[48;2;31;51;72m▄[38;2;61;69;66m[48;2;35;53;69m▄[38;2;147;139;110m[48;2;42;60;68m▄[38;2;72;81;73m[48;2;25;54;72m▄[38;2;161;151;118m[48;2;52;75;85m▄[38;2;138;128;103m[48;2;66;81;85m▄[38;2;81;87;83m[48;2;29;56;77m▄[38;2;44;61;73m[48;2;35;63;84m▄[38;2;33;57;77m[48;2;38;63;82m▄[38;2;44;65;79m[48;2;38;62;81m▄[38;2;39;65;80m[48;2;39;60;79m▄[38;2;34;56;77m[48;2;35;54;76m▄[38;2;34;50;78m[48;2;34;54;79m▄[38;2;34;52;77m[48;2;35;52;78m▄[38;2;31;47;66m[48;2;30;39;59m▄[38;2;25;42;55m[48;2;26;41;55m▄[38;2;18;46;55m[48;2;20;45;55m▄[38;2;8;69;78m[48;2;9;70;78m▄[38;2;2;104;112m[48;2;1;109;118m▄[38;2;5;82;91m[48;2;1;104;112m▄[38;2;11;44;49m[48;2;3;93;100m▄[38;2;14;45;52m[48;2;4;79;88m▄[38;2;14;50;55m[48;2;9;61;65m▄[38;2;14;49;55m[48;2;13;51;55m▄[38;2;15;52;58m[48;2;16;54;59m▄[38;2;15;48;54m[48;2;13;45;49m▄[38;2;16;39;42m[48;2;13;40;43m▄[38;2;15;36;39m[48;2;15;39;43m▄[38;2;15;35;38m[48;2;14;35;40m▄[38;2;15;31;36m[48;2;13;28;36m▄[38;2;14;28;36m[48;2;14;25;34m▄[38;2;12;25;33m[48;2;14;22;30m▄[38;2;14;25;32m[48;2;15;21;29m▄[38;2;15;27;34m[48;2;16;25;31m▄[38;2;14;31;36m[48;2;16;28;34m▄[38;2;15;44;48m[48;2;16;27;35m▄[38;2;14;47;52m[48;2;17;29;37m▄[38;2;14;40;45m[48;2;17;29;36m▄[38;2;18;36;44m[48;2;13;27;33m▄[38;2;18;34;42m[48;2;14;28;35m▄[38;2;17;34;41m[48;2;14;24;32m▄[38;2;15;33;39m[48;2;14;27;35m▄[38;2;18;31;39m[48;2;17;30;38m▄[38;2;19;30;39m[48;2;15;23;30m▄[38;2;19;28;36m[48;2;16;23;29m▄[38;2;18;27;34m[48;2;18;23;29m▄[38;2;16;24;31m[48;2;18;22;28m▄[38;2;14;24;32m[48;2;15;23;30m▄[38;2;14;25;34m[48;2;13;23;32m▄[38;2;16;36;43m[48;2;14;26;35m▄[0m
[38;2;22;35;41m[48;2;22;35;41m▄[38;2;33;42;48m[48;2;33;43;48m▄[38;2;32;38;44m[48;2;32;38;44m▄[38;2;29;36;42m[48;2;29;37;42m▄[38;2;29;36;44m[48;2;29;36;44m▄[38;2;29;37;51m[48;2;30;38;51m▄[38;2;36;46;59m[48;2;26;42;60m▄[38;2;65;71;72m[48;2;56;66;71m▄[38;2;141;129;104m[48;2;124;120;104m▄[38;2;188;171;127m[48;2;114;109;89m▄[38;2;181;165;122m[48;2;175;159;119m▄[38;2;151;140;106m[48;2;170;156;116m▄[38;2;103;98;77m[48;2;189;172;126m▄[38;2;117;114;102m[48;2;176;159;115m▄[38;2;149;145;135m[48;2;177;161;116m▄[38;2;135;133;122m[48;2;178;163;116m▄[38;2;127;118;95m[48;2;184;167;122m▄[38;2;178;163;120m[48;2;130;123;98m▄[38;2;167;154;111m[48;2;120;118;96m▄[38;2;92;96;82m[48;2;62;75;76m▄[38;2;42;64;77m[48;2;33;60;79m▄[38;2;30;55;71m[48;2;31;52;70m▄[38;2;30;50;65m[48;2;33;49;72m▄[38;2;33;50;72m[48;2;34;52;77m▄[38;2;33;48;68m[48;2;32;48;67m▄[38;2;25;42;56m[48;2;25;42;56m▄[38;2;21;45;52m[48;2;20;46;54m▄[38;2;10;56;59m[48;2;9;60;67m▄[38;2;4;65;69m[48;2;1;83;92m▄[38;2;5;65;70m[48;2;2;78;88m▄[38;2;6;57;64m[48;2;7;53;61m▄[38;2;5;56;65m[48;2;11;55;60m▄[38;2;5;58;67m[48;2;10;59;64m▄[38;2;8;50;57m[48;2;12;54;60m▄[38;2;12;47;52m[48;2;13;47;52m▄[38;2;13;51;57m[48;2;16;51;56m▄[38;2;14;48;54m[48;2;15;44;48m▄[38;2;13;46;51m[48;2;17;42;47m▄[38;2;9;44;51m[48;2;16;51;56m▄[38;2;12;51;56m[48;2;13;46;52m▄[38;2;13;57;61m[48;2;15;38;44m▄[38;2;11;58;64m[48;2;15;38;41m▄[38;2;9;54;61m[48;2;13;41;45m▄[38;2;9;49;56m[48;2;14;52;57m▄[38;2;10;55;61m[48;2;14;59;63m▄[38;2;10;58;64m[48;2;12;56;60m▄[38;2;11;57;63m[48;2;12;49;53m▄[38;2;11;47;54m[48;2;12;41;47m▄[38;2;11;43;48m[48;2;16;41;48m▄[38;2;12;49;54m[48;2;19;49;58m▄[38;2;15;56;62m[48;2;19;44;51m▄[38;2;19;47;54m[48;2;20;35;43m▄[38;2;24;41;50m[48;2;23;35;43m▄[38;2;24;37;45m[48;2;22;32;41m▄[38;2;20;30;39m[48;2;21;32;41m▄[38;2;19;29;38m[48;2;20;35;42m▄[38;2;19;28;38m[48;2;17;30;39m▄[38;2;15;24;33m[48;2;14;23;32m▄[38;2;12;36;42m[48;2;14;35;42m▄[38;2;12;59;65m[48;2;16;54;60m▄[0m
[38;2;31;35;43m[48;2;26;37;41m▄[38;2;34;36;44m[48;2;33;40;46m▄[38;2;31;36;42m[48;2;32;37;43m▄[38;2;24;34;40m[48;2;28;35;42m▄[38;2;20;29;38m[48;2;23;30;40m▄[38;2;39;44;53m[48;2;32;37;53m▄[38;2;85;85;78m[48;2;48;52;59m▄[38;2;125;115;92m[48;2;112;108;91m▄[38;2;142;129;99m[48;2;173;158;122m▄[38;2;71;70;64m[48;2;167;153;117m▄[38;2;40;45;46m[48;2;91;89;76m▄[38;2;62;58;53m[48;2;48;52;55m▄[38;2;118;96;90m[48;2;30;35;41m▄[38;2;120;97;88m[48;2;86;90;96m▄[38;2;106;98;94m[48;2;111;111;117m▄[38;2;73;70;71m[48;2;107;109;118m▄[38;2;89;79;74m[48;2;44;52;61m▄[38;2;67;59;54m[48;2;54;57;55m▄[38;2;103;97;83m[48;2;153;142;115m▄[38;2;106;104;90m[48;2;100;98;81m▄[38;2;32;54;70m[48;2;38;61;73m▄[38;2;29;50;66m[48;2;31;55;70m▄[38;2;30;52;65m[48;2;30;52;65m▄[38;2;27;52;64m[48;2;26;47;61m▄[38;2;32;51;67m[48;2;32;50;66m▄[38;2;26;46;61m[48;2;25;44;58m▄[38;2;18;44;54m[48;2;19;44;53m▄[38;2;10;55;62m[48;2;12;51;57m▄[38;2;10;55;61m[48;2;10;53;58m▄[38;2;11;47;54m[48;2;12;52;56m▄[38;2;12;44;51m[48;2;11;48;54m▄[38;2;11;42;50m[48;2;9;49;57m▄[38;2;10;49;56m[48;2;10;55;63m▄[38;2;9;45;52m[48;2;10;52;60m▄[38;2;11;42;48m[48;2;12;49;56m▄[38;2;13;38;44m[48;2;12;47;54m▄[38;2;12;38;44m[48;2;12;46;54m▄[38;2;12;43;50m[48;2;9;44;52m▄[38;2;13;56;63m[48;2;10;57;64m▄[38;2;11;53;60m[48;2;10;58;62m▄[38;2;8;46;55m[48;2;7;68;74m▄[38;2;10;48;56m[48;2;5;71;80m▄[38;2;11;44;51m[48;2;7;52;60m▄[38;2;10;44;50m[48;2;9;52;60m▄[38;2;12;44;50m[48;2;10;49;56m▄[38;2;12;39;46m[48;2;10;45;51m▄[38;2;14;44;50m[48;2;11;47;52m▄[38;2;15;47;54m[48;2;12;42;48m▄[38;2;13;46;54m[48;2;11;43;49m▄[38;2;14;47;53m[48;2;11;44;49m▄[38;2;12;37;42m[48;2;11;39;44m▄[38;2;22;46;57m[48;2;20;48;57m▄[38;2;41;70;91m[48;2;26;50;64m▄[38;2;27;52;65m[48;2;21;40;46m▄[38;2;22;41;50m[48;2;20;34;41m▄[38;2;23;36;44m[48;2;21;32;41m▄[38;2;19;28;37m[48;2;19;29;38m▄[38;2;16;26;34m[48;2;15;26;34m▄[38;2;15;38;44m[48;2;12;34;40m▄[38;2;12;56;63m[48;2;10;61;67m▄[0m
[38;2;31;30;37m[48;2;31;33;41m▄[38;2;33;35;42m[48;2;34;35;43m▄[38;2;28;35;40m[48;2;30;37;43m▄[38;2;22;31;37m[48;2;23;31;36m▄[38;2;30;36;52m[48;2;26;32;43m▄[38;2;34;41;61m[48;2;33;42;59m▄[38;2;34;44;59m[48;2;27;38;53m▄[38;2;39;53;61m[48;2;74;70;62m▄[38;2;41;51;57m[48;2;84;75;56m▄[38;2;81;73;68m[48;2;70;63;57m▄[38;2;113;90;78m[48;2;79;69;58m▄[38;2;145;114;102m[48;2;158;126;111m▄[38;2;150;118;105m[48;2;188;144;130m▄[38;2;150;117;105m[48;2;175;136;119m▄[38;2;162;124;112m[48;2;180;151;140m▄[38;2;168;128;116m[48;2;133;111;105m▄[38;2;165;129;115m[48;2;180;139;123m▄[38;2;152;118;102m[48;2;152;124;110m▄[38;2;65;76;85m[48;2;58;59;58m▄[38;2;31;64;83m[48;2;46;68;77m▄[38;2;36;62;76m[48;2;35;61;77m▄[38;2;27;50;64m[48;2;28;50;64m▄[38;2;27;50;64m[48;2;30;51;64m▄[38;2;26;48;61m[48;2;28;50;63m▄[38;2;29;48;64m[48;2;31;51;67m▄[38;2;28;51;68m[48;2;27;48;64m▄[38;2;21;46;58m[48;2;18;44;54m▄[38;2;12;35;41m[48;2;11;51;57m▄[38;2;14;43;48m[48;2;11;48;55m▄[38;2;11;44;50m[48;2;12;46;53m▄[38;2;8;55;61m[48;2;10;44;51m▄[38;2;8;46;51m[48;2;12;44;50m▄[38;2;10;61;66m[48;2;12;43;48m▄[38;2;12;47;52m[48;2;13;42;47m▄[38;2;12;38;46m[48;2;13;34;42m▄[38;2;11;48;55m[48;2;13;37;44m▄[38;2;12;42;50m[48;2;11;43;51m▄[38;2;12;43;50m[48;2;12;47;55m▄[38;2;13;43;49m[48;2;11;46;53m▄[38;2;13;41;46m[48;2;11;47;53m▄[38;2;13;42;47m[48;2;10;42;47m▄[38;2;14;45;51m[48;2;11;35;42m▄[38;2;13;45;51m[48;2;12;36;43m▄[38;2;14;42;50m[48;2;13;41;48m▄[38;2;15;42;52m[48;2;13;46;53m▄[38;2;17;38;46m[48;2;14;44;50m▄[38;2;14;35;41m[48;2;15;43;46m▄[38;2;10;47;52m[48;2;14;39;43m▄[38;2;11;48;53m[48;2;15;38;42m▄[38;2;12;42;48m[48;2;18;42;50m▄[38;2;11;48;53m[48;2;12;37;45m▄[38;2;18;54;64m[48;2;20;45;55m▄[38;2;41;71;91m[48;2;36;65;85m▄[38;2;47;80;104m[48;2;38;67;86m▄[38;2;38;70;89m[48;2;29;55;70m▄[38;2;29;52;67m[48;2;26;45;58m▄[38;2;23;38;49m[48;2;21;31;41m▄[38;2;16;22;31m[48;2;14;22;31m▄[38;2;12;42;48m[48;2;12;41;47m▄[38;2;10;71;75m[48;2;10;72;77m▄[0m
[38;2;24;31;37m[48;2;26;30;37m▄[38;2;26;36;43m[48;2;29;34;40m▄[38;2;26;35;41m[48;2;24;32;38m▄[38;2;28;36;45m[48;2;24;34;41m▄[38;2;31;41;55m[48;2;30;40;53m▄[38;2;31;42;60m[48;2;32;42;60m▄[38;2;33;44;62m[48;2;34;46;64m▄[38;2;31;47;64m[48;2;33;54;70m▄[38;2;46;62;76m[48;2;22;45;64m▄[38;2;78;85;87m[48;2;44;51;52m▄[38;2;84;81;76m[48;2;85;73;57m▄[38;2;103;89;80m[48;2;100;83;71m▄[38;2;119;97;85m[48;2;147;119;106m▄[38;2;123;98;87m[48;2;172;131;120m▄[38;2;147;115;101m[48;2;150;108;104m▄[38;2;164;128;114m[48;2;118;83;79m▄[38;2;145;124;112m[48;2;108;84;76m▄[38;2;91;107;107m[48;2;106;98;91m▄[38;2;55;77;72m[48;2;42;74;86m▄[38;2;65;83;67m[48;2;37;68;82m▄[38;2;58;74;65m[48;2;30;55;71m▄[38;2;43;43;39m[48;2;24;43;58m▄[38;2;36;32;34m[48;2;26;50;64m▄[38;2;27;43;55m[48;2;26;50;65m▄[38;2;30;54;69m[48;2;28;49;63m▄[38;2;31;52;67m[48;2;29;52;68m▄[38;2;20;44;56m[48;2;19;46;59m▄[38;2;8;82;91m[48;2;8;66;73m▄[38;2;2;91;97m[48;2;5;77;80m▄[38;2;4;57;62m[48;2;6;50;57m▄[38;2;3;87;94m[48;2;4;77;82m▄[38;2;2;113;123m[48;2;4;60;67m▄[38;2;5;65;72m[48;2;5;68;74m▄[38;2;11;34;40m[48;2;8;52;58m▄[38;2;5;65;69m[48;2;7;46;51m▄[38;2;1;78;84m[48;2;6;71;76m▄[38;2;5;63;68m[48;2;8;56;62m▄[38;2;4;69;75m[48;2;10;50;57m▄[38;2;3;89;97m[48;2;9;43;49m▄[38;2;6;69;77m[48;2;13;36;42m▄[38;2;12;24;31m[48;2;14;33;40m▄[38;2;9;53;59m[48;2;12;43;49m▄[38;2;4;83;90m[48;2;9;51;55m▄[38;2;5;76;81m[48;2;9;46;52m▄[38;2;15;46;54m[48;2;16;43;52m▄[38;2;14;36;44m[48;2;17;35;44m▄[38;2;6;71;78m[48;2;11;46;51m▄[38;2;6;63;69m[48;2;6;64;69m▄[38;2;11;56;62m[48;2;10;61;67m▄[38;2;8;53;60m[48;2;10;46;51m▄[38;2;0;71;76m[48;2;4;63;67m▄[38;2;20;82;92m[48;2;19;72;82m▄[38;2;48;92;115m[48;2;46;82;106m▄[38;2;42;79;102m[48;2;46;84;107m▄[38;2;42;77;96m[48;2;39;73;93m▄[38;2;29;57;72m[48;2;28;53;67m▄[38;2;26;46;56m[48;2;25;43;53m▄[38;2;21;37;43m[48;2;18;29;37m▄[38;2;15;39;45m[48;2;14;39;46m▄[38;2;11;62;68m[48;2;12;63;69m▄[0m
[38;2;26;33;41m[48;2;26;31;37m▄[38;2;31;40;51m[48;2;29;37;47m▄[38;2;30;40;55m[48;2;28;36;48m▄[38;2;28;40;57m[48;2;31;38;54m▄[38;2;32;42;61m[48;2;32;41;60m▄[38;2;32;45;63m[48;2;31;42;61m▄[38;2;22;36;55m[48;2;34;44;62m▄[38;2;12;19;46m[48;2;27;40;56m▄[38;2;70;73;90m[48;2;151;154;157m▄[38;2;117;118;126m[48;2;196;196;190m▄[38;2;149;146;148m[48;2;164;163;160m▄[38;2;141;99;82m[48;2;131;99;85m▄[38;2;117;80;66m[48;2;111;77;62m▄[38;2;135;83;61m[48;2;119;77;59m▄[38;2;143;122;116m[48;2;129;111;105m▄[38;2;159;157;147m[48;2;160;163;166m▄[38;2;191;177;144m[48;2;162;161;157m▄[38;2;199;182;144m[48;2;183;170;145m▄[38;2;195;181;142m[48;2;176;165;128m▄[38;2;200;185;146m[48;2;115;118;88m▄[38;2;167;159;125m[48;2;77;90;67m▄[38;2;102;107;82m[48;2;73;90;71m▄[38;2;67;84;62m[48;2;66;69;54m▄[38;2;41;50;35m[48;2;46;35;28m▄[38;2;30;37;39m[48;2;32;41;48m▄[38;2;29;53;68m[48;2;31;53;68m▄[38;2;22;46;58m[48;2;20;43;55m▄[38;2;12;68;77m[48;2;8;83;92m▄[38;2;2;126;135m[48;2;1;112;120m▄[38;2;2;80;87m[48;2;2;57;63m▄[38;2;2;63;68m[48;2;3;94;101m▄[38;2;3;83;89m[48;2;1;141;152m▄[38;2;6;65;69m[48;2;4;88;97m▄[38;2;6;58;62m[48;2;8;40;46m▄[38;2;4;87;94m[48;2;5;95;102m▄[38;2;3;76;83m[48;2;2;96;104m▄[38;2;2;73;80m[48;2;3;70;76m▄[38;2;0;77;84m[48;2;3;107;117m▄[38;2;3;67;71m[48;2;2;98;104m▄[38;2;7;56;59m[48;2;5;70;74m▄[38;2;12;50;56m[48;2;12;34;40m▄[38;2;9;62;65m[48;2;8;66;70m▄[38;2;3;66;68m[48;2;1;85;90m▄[38;2;8;62;67m[48;2;4;71;76m▄[38;2;20;62;70m[48;2;17;54;62m▄[38;2;13;48;56m[48;2;12;42;50m▄[38;2;5;63;67m[48;2;4;68;72m▄[38;2;6;60;64m[48;2;5;62;67m▄[38;2;10;56;63m[48;2;11;51;58m▄[38;2;5;68;72m[48;2;6;64;70m▄[38;2;0;67;71m[48;2;0;69;74m▄[38;2;28;90;103m[48;2;22;85;96m▄[38;2;43;92;112m[48;2;43;94;112m▄[38;2;47;90;112m[48;2;40;79;98m▄[38;2;38;74;92m[48;2;42;78;97m▄[38;2;31;64;81m[48;2;31;58;74m▄[38;2;19;61;69m[48;2;26;47;60m▄[38;2;14;66;68m[48;2;21;42;49m▄[38;2;12;65;65m[48;2;16;50;52m▄[38;2;12;66;67m[48;2;13;68;70m▄[0m
[38;2;30;41;58m[48;2;26;37;48m▄[38;2;32;45;65m[48;2;32;43;60m▄[38;2;30;40;58m[48;2;30;40;59m▄[38;2;31;43;62m[48;2;30;39;56m▄[38;2;27;40;55m[48;2;32;43;60m▄[38;2;91;61;50m[48;2;39;45;55m▄[38;2;146;87;61m[48;2;69;53;51m▄[38;2;119;75;52m[48;2;39;31;50m▄[38;2;63;45;47m[48;2;0;9;44m▄[38;2;20;22;49m[48;2;9;17;49m▄[38;2;3;11;46m[48;2;18;24;54m▄[38;2;102;60;54m[48;2;93;64;59m▄[38;2;135;85;61m[48;2;112;73;56m▄[38;2;146;123;97m[48;2;121;77;57m▄[38;2;182;163;133m[48;2;143;119;97m▄[38;2;151;131;110m[48;2;182;168;133m▄[38;2;179;157;132m[48;2;213;198;156m▄[38;2;156;139;116m[48;2;185;171;135m▄[38;2;154;129;109m[48;2;191;178;140m▄[38;2;198;180;143m[48;2;192;179;141m▄[38;2;172;159;122m[48;2;199;183;145m▄[38;2;134;120;90m[48;2;179;164;126m▄[38;2;152;138;103m[48;2;91;88;63m▄[38;2;93;90;69m[48;2;39;48;33m▄[38;2;23;39;47m[48;2;33;44;34m▄[38;2;32;53;68m[48;2;29;47;59m▄[38;2;29;53;66m[48;2;25;48;64m▄[38;2;19;50;62m[48;2;14;55;67m▄[38;2;11;53;58m[48;2;4;86;92m▄[38;2;12;52;56m[48;2;5;69;73m▄[38;2;11;47;52m[48;2;8;56;61m▄[38;2;10;51;56m[48;2;7;60;63m▄[38;2;8;56;61m[48;2;7;55;58m▄[38;2;8;60;65m[48;2;7;62;65m▄[38;2;9;54;59m[48;2;5;73;77m▄[38;2;17;41;46m[48;2;4;58;63m▄[38;2;60;60;51m[48;2;17;54;58m▄[38;2;37;55;51m[48;2;31;65;68m▄[38;2;9;50;56m[48;2;5;67;70m▄[38;2;12;46;50m[48;2;8;59;63m▄[38;2;14;43;47m[48;2;13;52;57m▄[38;2;16;41;45m[48;2;12;53;56m▄[38;2;14;38;45m[48;2;10;51;56m▄[38;2;22;62;71m[48;2;14;55;62m▄[38;2;21;66;72m[48;2;21;66;72m▄[38;2;12;44;47m[48;2;12;49;54m▄[38;2;14;47;52m[48;2;9;51;56m▄[38;2;12;47;54m[48;2;11;50;56m▄[38;2;11;47;53m[48;2;10;50;56m▄[38;2;12;46;52m[48;2;9;53;57m▄[38;2;12;39;47m[48;2;8;52;57m▄[38;2;37;81;95m[48;2;31;86;100m▄[38;2;44;92;111m[48;2;46;96;115m▄[38;2;52;97;119m[48;2;53;99;121m▄[38;2;37;79;95m[48;2;44;86;105m▄[38;2;19;64;70m[48;2;27;72;83m▄[38;2;12;61;62m[48;2;13;64;66m▄[38;2;12;61;62m[48;2;12;65;65m▄[38;2;13;59;61m[48;2;13;66;66m▄[38;2;14;68;70m[48;2;13;66;68m▄[0m
[38;2;28;41;56m[48;2;30;39;58m▄[38;2;30;44;59m[48;2;32;44;63m▄[38;2;27;39;50m[48;2;29;41;52m▄[38;2;68;56;55m[48;2;27;39;54m▄[38;2;142;86;64m[48;2;48;43;47m▄[38;2;152;89;66m[48;2;112;70;52m▄[38;2;123;76;54m[48;2;141;87;61m▄[38;2;111;70;52m[48;2;119;74;51m▄[38;2;133;81;59m[48;2;133;81;56m▄[38;2;132;76;53m[48;2;135;82;63m▄[38;2;141;107;80m[48;2;81;47;41m▄[38;2;198;185;149m[48;2;116;83;65m▄[38;2;211;199;158m[48;2;189;167;134m▄[38;2;146;129;105m[48;2;144;128;105m▄[38;2;151;123;107m[48;2;157;132;116m▄[38;2;171;132;120m[48;2;169;137;122m▄[38;2;182;139;126m[48;2;166;128;115m▄[38;2;182;139;126m[48;2;176;138;123m▄[38;2;177;138;127m[48;2;178;138;124m▄[38;2;148;116;103m[48;2;145;118;97m▄[38;2;112;84;71m[48;2;132;114;84m▄[38;2;125;81;60m[48;2;143;128;98m▄[38;2;124;72;49m[48;2;128;104;76m▄[38;2;91;62;49m[48;2;56;50;44m▄[38;2;26;46;63m[48;2;27;46;63m▄[38;2;28;51;69m[48;2;31;55;72m▄[38;2;28;55;70m[48;2;29;56;71m▄[38;2;23;52;63m[48;2;23;52;64m▄[38;2;15;51;59m[48;2;16;45;53m▄[38;2;9;76;79m[48;2;13;46;50m▄[38;2;6;83;86m[48;2;11;46;50m▄[38;2;6;80;84m[48;2;8;53;58m▄[38;2;5;75;81m[48;2;8;57;62m▄[38;2;6;73;79m[48;2;9;49;55m▄[38;2;8;76;82m[48;2;9;46;52m▄[38;2;9;59;68m[48;2;19;41;49m▄[38;2;9;26;43m[48;2;31;35;48m▄[38;2;11;45;57m[48;2;14;37;45m▄[38;2;9;74;78m[48;2;12;44;49m▄[38;2;8;68;74m[48;2;14;43;49m▄[38;2;6;69;75m[48;2;14;44;50m▄[38;2;4;72;77m[48;2;14;43;49m▄[38;2;6;74;80m[48;2;13;45;51m▄[38;2;7;74;81m[48;2;19;56;66m▄[38;2;8;78;82m[48;2;17;55;62m▄[38;2;8;76;81m[48;2;14;43;48m▄[38;2;11;82;87m[48;2;14;46;50m▄[38;2;11;64;72m[48;2;11;55;59m▄[38;2;8;33;49m[48;2;9;62;64m▄[38;2;39;53;55m[48;2;34;54;58m▄[38;2;62;92;93m[48;2;22;31;37m▄[38;2;42;91;111m[48;2;37;78;91m▄[38;2;50;95;119m[48;2;46;89;113m▄[38;2;36;76;96m[48;2;47;91;114m▄[38;2;38;77;96m[48;2;32;73;89m▄[38;2;31;73;85m[48;2;19;64;73m▄[38;2;13;40;44m[48;2;11;54;57m▄[38;2;14;32;38m[48;2;14;48;51m▄[38;2;15;32;39m[48;2;15;42;49m▄[38;2;15;34;43m[48;2;20;55;61m▄[0m
[38;2;22;30;41m[48;2;28;43;56m▄[38;2;30;39;51m[48;2;30;43;57m▄[38;2;30;46;60m[48;2;28;37;49m▄[38;2;35;46;57m[48;2;96;64;52m▄[38;2;76;55;48m[48;2;156;91;62m▄[38;2;117;74;51m[48;2;128;78;55m▄[38;2;152;89;64m[48;2;119;73;52m▄[38;2;149;86;61m[48;2;147;88;64m▄[38;2;136;78;54m[48;2;149;86;64m▄[38;2;119;83;70m[48;2;124;74;53m▄[38;2;170;131;120m[48;2;153;133;110m▄[38;2;177;139;126m[48;2;206;191;156m▄[38;2;174;138;124m[48;2;196;182;146m▄[38;2;173;134;122m[48;2;191;172;142m▄[38;2;179;137;125m[48;2;169;144;122m▄[38;2;145;115;100m[48;2;164;139;118m▄[38;2;118;103;80m[48;2;142;114;98m▄[38;2;129;95;67m[48;2;117;85;72m▄[38;2;117;70;48m[48;2;100;76;65m▄[38;2;108;64;46m[48;2;109;87;78m▄[38;2;116;74;56m[48;2;117;98;91m▄[38;2;138;84;59m[48;2;133;85;66m▄[38;2;115;68;47m[48;2;133;78;54m▄[38;2;115;73;55m[48;2;111;72;53m▄[38;2;38;51;63m[48;2;46;56;69m▄[38;2;36;60;85m[48;2;35;58;82m▄[38;2;29;59;76m[48;2;27;55;68m▄[38;2;23;59;68m[48;2;24;55;66m▄[38;2;18;45;54m[48;2;16;45;54m▄[38;2;18;42;48m[48;2;11;82;85m▄[38;2;10;76;79m[48;2;5;121;122m▄[38;2;6;118;121m[48;2;5;113;116m▄[38;2;5;126;131m[48;2;3;103;107m▄[38;2;3;118;123m[48;2;3;100;105m▄[38;2;3;115;121m[48;2;4;103;109m▄[38;2;6;108;115m[48;2;12;77;81m▄[38;2;7;108;113m[48;2;16;73;75m▄[38;2;8;102;106m[48;2;12;64;71m▄[38;2;8;110;113m[48;2;9;99;105m▄[38;2;5;115;116m[48;2;5;105;109m▄[38;2;5;111;115m[48;2;4;108;111m▄[38;2;5;108;114m[48;2;4;107;112m▄[38;2;5;109;115m[48;2;5;106;111m▄[38;2;5;110;115m[48;2;5;106;110m▄[38;2;6;111;117m[48;2;6;108;111m▄[38;2;7;101;106m[48;2;7;80;87m▄[38;2;8;83;87m[48;2;9;42;49m▄[38;2;10;100;104m[48;2;20;44;51m▄[38;2;9;99;103m[48;2;15;22;42m▄[38;2;5;83;89m[48;2;34;43;53m▄[38;2;6;81;83m[48;2;42;76;77m▄[38;2;8;76;77m[48;2;29;77;89m▄[38;2;9;65;66m[48;2;29;71;83m▄[38;2;11;65;66m[48;2;23;63;74m▄[38;2;10;64;64m[48;2;26;72;82m▄[38;2;11;60;61m[48;2;24;69;78m▄[38;2;12;54;57m[48;2;17;51;56m▄[38;2;15;51;54m[48;2;17;48;52m▄[38;2;15;45;49m[48;2;13;36;39m▄[38;2;17;48;52m[48;2;16;36;43m▄[0m
[38;2;30;39;52m[48;2;22;26;37m▄[38;2;38;52;68m[48;2;31;44;59m▄[38;2;39;56;71m[48;2;34;53;69m▄[38;2;50;57;67m[48;2;35;56;75m▄[38;2;49;50;60m[48;2;26;45;66m▄[38;2;37;52;58m[48;2;79;58;56m▄[38;2;114;113;94m[48;2;141;89;66m▄[38;2;184;163;131m[48;2;141;82;57m▄[38;2;167;153;123m[48;2;98;66;48m▄[38;2;216;200;160m[48;2;149;135;114m▄[38;2;209;196;154m[48;2;165;143;121m▄[38;2;184;172;136m[48;2;149;118;104m▄[38;2;129;111;92m[48;2;174;132;120m▄[38;2;139;109;96m[48;2;187;142;128m▄[38;2;160;125;110m[48;2;184;140;126m▄[38;2;150;120;105m[48;2;172;134;120m▄[38;2;123;99;87m[48;2;153;133;107m▄[38;2;32;22;18m[48;2;102;93;70m▄[38;2;79;50;37m[48;2;55;38;31m▄[38;2;119;79;61m[48;2;103;74;62m▄[38;2;115;73;52m[48;2;106;64;48m▄[38;2;129;77;55m[48;2;88;54;39m▄[38;2;152;90;63m[48;2;100;62;44m▄[38;2;150;88;65m[48;2;92;65;57m▄[38;2;152;88;61m[48;2;57;58;62m▄[38;2;102;72;60m[48;2;35;56;76m▄[38;2;33;56;77m[48;2;32;62;84m▄[38;2;31;60;81m[48;2;21;58;70m▄[38;2;21;53;66m[48;2;18;49;56m▄[38;2;15;46;53m[48;2;17;43;49m▄[38;2;17;51;58m[48;2;18;57;62m▄[38;2;18;56;63m[48;2;13;70;75m▄[38;2;16;58;64m[48;2;9;103;109m▄[38;2;11;91;98m[48;2;5;131;138m▄[38;2;7;139;145m[48;2;4;129;136m▄[38;2;4;156;162m[48;2;4;123;131m▄[38;2;6;156;163m[48;2;4;120;128m▄[38;2;6;154;162m[48;2;5;119;126m▄[38;2;4;151;159m[48;2;3;116;121m▄[38;2;5;147;153m[48;2;4;114;119m▄[38;2;4;138;141m[48;2;5;113;120m▄[38;2;4;133;136m[48;2;5;111;118m▄[38;2;4;131;134m[48;2;5;110;117m▄[38;2;4;124;129m[48;2;5;108;114m▄[38;2;6;120;126m[48;2;6;106;111m▄[38;2;6;118;122m[48;2;5;108;112m▄[38;2;5;116;118m[48;2;6;112;115m▄[38;2;5;108;110m[48;2;5;113;117m▄[38;2;6;104;105m[48;2;4;115;118m▄[38;2;6;101;103m[48;2;5;111;113m▄[38;2;8;95;98m[48;2;5;105;106m▄[38;2;8;87;89m[48;2;6;97;99m▄[38;2;8;84;85m[48;2;7;88;89m▄[38;2;10;86;88m[48;2;9;77;78m▄[38;2;10;86;88m[48;2;11;70;72m▄[38;2;7;85;87m[48;2;11;69;70m▄[38;2;7;84;86m[48;2;10;64;66m▄[38;2;9;85;86m[48;2;12;59;62m▄[38;2;10;80;81m[48;2;14;57;59m▄[38;2;11;90;91m[48;2;13;67;68m▄[0m
[38;2;140;84;60m[48;2;121;76;58m▄[38;2;156;92;66m[48;2;135;86;65m▄[38;2;139;83;58m[48;2;108;71;55m▄[38;2;128;78;56m[48;2;104;66;51m▄[38;2;108;63;44m[48;2;127;79;54m▄[38;2;70;48;36m[48;2;93;86;62m▄[38;2;67;81;61m[48;2;79;95;72m▄[38;2;78;94;70m[48;2;149;148;117m▄[38;2;126;129;100m[48;2;204;189;149m▄[38;2;170;164;128m[48;2;187;172;137m▄[38;2;146;135;103m[48;2;198;183;144m▄[38;2;140;124;97m[48;2;175;160;123m▄[38;2;151;137;105m[48;2;144;129;99m▄[38;2;138;123;94m[48;2;115;103;81m▄[38;2;99;71;54m[48;2;111;96;79m▄[38;2;102;61;45m[48;2;98;70;56m▄[38;2;97;61;45m[48;2;104;64;47m▄[38;2;81;51;37m[48;2;120;74;53m▄[38;2;87;52;37m[48;2;114;69;50m▄[38;2;96;58;39m[48;2;97;58;43m▄[38;2;125;72;51m[48;2;112;69;50m▄[38;2;146;86;62m[48;2;132;81;57m▄[38;2;142;86;61m[48;2;135;81;55m▄[38;2;131;77;54m[48;2;138;82;60m▄[38;2;140;83;57m[48;2;153;91;64m▄[38;2;60;54;54m[48;2;122;75;53m▄[38;2;28;47;67m[48;2;34;48;62m▄[38;2;38;56;78m[48;2;39;64;89m▄[38;2;39;59;83m[48;2;35;63;85m▄[38;2;42;66;91m[48;2;28;56;74m▄[38;2;36;66;85m[48;2;17;39;47m▄[38;2;24;52;62m[48;2;17;41;48m▄[38;2;14;45;49m[48;2;18;51;60m▄[38;2;19;54;59m[48;2;18;51;60m▄[38;2;20;51;60m[48;2;13;59;66m▄[38;2;17;45;54m[48;2;10;103;106m▄[38;2;17;49;57m[48;2;8;123;125m▄[38;2;14;51;59m[48;2;4;114;115m▄[38;2;13;67;72m[48;2;5;137;137m▄[38;2;13;67;69m[48;2;4;122;122m▄[38;2;10;53;56m[48;2;2;110;108m▄[38;2;12;68;68m[48;2;3;106;105m▄[38;2;9;61;63m[48;2;4;101;101m▄[38;2;9;51;53m[48;2;6;104;103m▄[38;2;8;67;68m[48;2;4;105;105m▄[38;2;7;86;87m[48;2;3;102;104m▄[38;2;6;91;91m[48;2;4;96;95m▄[38;2;6;92;92m[48;2;7;89;89m▄[38;2;6;100;100m[48;2;8;88;87m▄[38;2;5;111;110m[48;2;8;83;82m▄[38;2;4;120;120m[48;2;8;83;83m▄[38;2;4;115;115m[48;2;7;70;70m▄[38;2;5;122;121m[48;2;9;76;76m▄[38;2;3;125;123m[48;2;9;90;90m▄[38;2;3;120;120m[48;2;5;86;85m▄[38;2;4;116;117m[48;2;7;88;88m▄[38;2;2;112;113m[48;2;6;94;94m▄[38;2;2;109;109m[48;2;5;96;96m▄[38;2;0;107;108m[48;2;5;98;99m▄[38;2;1;113;114m[48;2;4;109;110m▄[0m
[38;2;78;50;35m[48;2;135;80;56m▄[38;2;98;76;63m[48;2;123;74;54m▄[38;2;126;104;90m[48;2;99;62;47m▄[38;2;133;107;92m[48;2;105;66;49m▄[38;2;79;55;46m[48;2;104;64;45m▄[38;2;78;50;36m[48;2;57;32;23m▄[38;2;91;58;41m[48;2;29;25;20m▄[38;2;59;37;27m[48;2;58;69;52m▄[38;2;50;36;28m[48;2;54;70;53m▄[38;2;57;45;34m[48;2;36;49;36m▄[38;2;44;38;28m[48;2;63;68;52m▄[38;2;58;40;29m[48;2;88;87;68m▄[38;2;90;50;36m[48;2;101;88;69m▄[38;2;101;59;44m[48;2;81;56;41m▄[38;2;104;64;46m[48;2;84;52;39m▄[38;2;84;54;43m[48;2;90;57;44m▄[38;2;54;38;38m[48;2;90;57;40m▄[38;2;55;43;48m[48;2;89;57;39m▄[38;2;133;108;107m[48;2;115;85;71m▄[38;2;153;122;110m[48;2;115;93;82m▄[38;2;111;83;70m[48;2;109;87;73m▄[38;2;82;53;40m[48;2;104;69;54m▄[38;2;114;65;43m[48;2;138;81;59m▄[38;2;117;74;51m[48;2;160;93;64m▄[38;2;30;41;44m[48;2;86;53;41m▄[38;2;23;35;44m[48;2;27;41;52m▄[38;2;27;38;46m[48;2;33;50;64m▄[38;2;27;40;49m[48;2;31;46;62m▄[38;2;29;43;56m[48;2;38;51;74m▄[38;2;30;45;60m[48;2;37;52;74m▄[38;2;29;42;54m[48;2;38;58;78m▄[38;2;27;40;52m[48;2;41;68;89m▄[38;2;31;52;67m[48;2;31;71;83m▄[38;2;30;62;73m[48;2;15;63;66m▄[38;2;19;55;63m[48;2;12;49;52m▄[38;2;10;80;82m[48;2;16;62;68m▄[38;2;7;99;100m[48;2;13;64;69m▄[38;2;6;100;100m[48;2;15;59;65m▄[38;2;7;101;102m[48;2;14;61;68m▄[38;2;6;96;95m[48;2;14;63;68m▄[38;2;7;102;102m[48;2;15;66;72m▄[38;2;7;105;108m[48;2;12;62;67m▄[38;2;6;104;106m[48;2;11;63;67m▄[38;2;8;100;103m[48;2;11;59;65m▄[38;2;8;90;91m[48;2;11;62;66m▄[38;2;8;79;79m[48;2;8;75;76m▄[38;2;7;74;75m[48;2;6;87;89m▄[38;2;5;80;81m[48;2;5;102;103m▄[38;2;5;84;86m[48;2;4;110;112m▄[38;2;4;81;82m[48;2;2;114;116m▄[38;2;4;92;94m[48;2;2;116;117m▄[38;2;3;99;103m[48;2;2;115;116m▄[38;2;1;102;106m[48;2;2;113;114m▄[38;2;5;96;98m[48;2;2;110;111m▄[38;2;5;96;98m[48;2;2;108;110m▄[38;2;4;98;101m[48;2;2;106;109m▄[38;2;3;101;103m[48;2;1;105;109m▄[38;2;2;100;104m[48;2;1;102;105m▄[38;2;6;96;99m[48;2;2;100;103m▄[38;2;6;105;108m[48;2;2;109;111m▄[0m
[38;2;50;76;71m[48;2;88;48;33m▄[38;2;76;78;69m[48;2;107;66;48m▄[38;2;33;29;39m[48;2;114;88;78m▄[38;2;0;9;38m[48;2;70;61;75m▄[38;2;12;18;46m[48;2;29;27;46m▄[38;2;15;21;53m[48;2;28;25;37m▄[38;2;8;15;37m[48;2;39;46;49m▄[38;2;1;8;15m[48;2;36;59;58m▄[38;2;3;38;39m[48;2;31;70;69m▄[38;2;6;99;98m[48;2;26;65;64m▄[38;2;2;103;105m[48;2;26;57;56m▄[38;2;3;107;109m[48;2;36;67;64m▄[38;2;3;53;57m[48;2;40;76;71m▄[38;2;1;15;27m[48;2;45;60;56m▄[38;2;5;13;36m[48;2;51;47;48m▄[38;2;15;20;48m[48;2;23;22;42m▄[38;2;14;17;42m[48;2;11;18;51m▄[38;2;17;19;43m[48;2;10;17;50m▄[38;2;48;42;52m[48;2;6;11;38m▄[38;2;63;62;62m[48;2;31;29;33m▄[38;2;52;118;113m[48;2;65;59;49m▄[38;2;1;118;123m[48;2;63;57;47m▄[38;2;0;117;122m[48;2;54;64;54m▄[38;2;5;114;117m[48;2;13;67;66m▄[38;2;8;101;101m[48;2;5;69;73m▄[38;2;8;93;91m[48;2;14;85;86m▄[38;2;6;91;91m[48;2;16;80;83m▄[38;2;7;88;90m[48;2;15;59;63m▄[38;2;8;84;88m[48;2;20;55;59m▄[38;2;9;84;87m[48;2;24;56;61m▄[38;2;9;82;83m[48;2;21;50;55m▄[38;2;10;81;83m[48;2;22;47;53m▄[38;2;10;82;85m[48;2;21;41;49m▄[38;2;7;80;86m[48;2;22;38;47m▄[38;2;8;89;92m[48;2;25;47;57m▄[38;2;10;98;100m[48;2;19;67;72m▄[38;2;10;83;86m[48;2;15;86;89m▄[38;2;11;77;81m[48;2;10;86;89m▄[38;2;8;75;77m[48;2;6;90;92m▄[38;2;9;79;80m[48;2;7;99;101m▄[38;2;8;79;80m[48;2;5;93;94m▄[38;2;8;80;80m[48;2;5;101;102m▄[38;2;6;84;85m[48;2;4;104;107m▄[38;2;7;85;88m[48;2;4;108;112m▄[38;2;6;84;86m[48;2;2;106;108m▄[38;2;4;94;96m[48;2;2;108;111m▄[38;2;3;107;109m[48;2;3;107;111m▄[38;2;2;107;110m[48;2;2;107;109m▄[38;2;2;104;107m[48;2;3;103;106m▄[38;2;2;104;107m[48;2;2;98;100m▄[38;2;1;105;106m[48;2;2;98;100m▄[38;2;1;104;105m[48;2;2;99;102m▄[38;2;2;102;104m[48;2;2;98;102m▄[38;2;3;100;101m[48;2;2;99;101m▄[38;2;4;98;98m[48;2;2;99;100m▄[38;2;5;97;98m[48;2;2;99;99m▄[38;2;5;95;97m[48;2;3;98;97m▄[38;2;7;92;94m[48;2;3;98;98m▄[38;2;7;92;93m[48;2;5;94;95m▄[38;2;9;98;101m[48;2;8;96;97m▄[0m
[38;2;31;22;38m[48;2;58;114;116m▄[38;2;6;3;10m[48;2;52;73;80m▄[38;2;0;0;0m[48;2;10;13;25m▄[38;2;0;0;0m[48;2;5;6;15m▄[38;2;0;0;0m[48;2;6;8;16m▄[38;2;1;10;10m[48;2;4;3;10m▄[38;2;2;31;32m[48;2;1;0;0m▄[38;2;3;44;46m[48;2;0;0;0m▄[38;2;5;81;84m[48;2;2;0;0m▄[38;2;5;137;139m[48;2;9;112;113m▄[38;2;3;136;138m[48;2;2;126;127m▄[38;2;4;140;142m[48;2;7;112;115m▄[38;2;5;107;109m[48;2;4;2;3m▄[38;2;3;59;61m[48;2;0;0;0m▄[38;2;2;56;57m[48;2;0;0;0m▄[38;2;3;51;52m[48;2;1;0;0m▄[38;2;2;23;23m[48;2;2;0;0m▄[38;2;0;2;2m[48;2;2;2;4m▄[38;2;0;0;0m[48;2;2;3;6m▄[38;2;0;0;0m[48;2;24;17;26m▄[38;2;9;34;48m[48;2;62;63;67m▄[38;2;9;124;126m[48;2;12;117;119m▄[38;2;4;131;134m[48;2;4;122;126m▄[38;2;5;127;129m[48;2;5;112;116m▄[38;2;4;120;121m[48;2;6;103;107m▄[38;2;4;127;130m[48;2;6;108;110m▄[38;2;4;119;122m[48;2;5;108;111m▄[38;2;5;114;117m[48;2;4;104;107m▄[38;2;6;102;103m[48;2;6;115;117m▄[38;2;7;95;96m[48;2;3;118;122m▄[38;2;8;100;102m[48;2;6;123;126m▄[38;2;7;81;82m[48;2;3;120;123m▄[38;2;9;79;80m[48;2;3;125;127m▄[38;2;10;80;81m[48;2;2;129;132m▄[38;2;10;87;90m[48;2;1;133;135m▄[38;2;6;106;108m[48;2;1;134;134m▄[38;2;4;123;125m[48;2;2;120;121m▄[38;2;3;128;129m[48;2;2;120;122m▄[38;2;2;127;127m[48;2;2;122;122m▄[38;2;2;122;124m[48;2;3;118;119m▄[38;2;2;117;118m[48;2;5;124;124m▄[38;2;2;113;114m[48;2;4;122;122m▄[38;2;4;109;111m[48;2;5;117;118m▄[38;2;4;107;106m[48;2;5;106;108m▄[38;2;5;105;105m[48;2;6;100;100m▄[38;2;7;102;102m[48;2;6;94;92m▄[38;2;8;98;97m[48;2;5;99;98m▄[38;2;9;96;96m[48;2;5;101;101m▄[38;2;10;95;95m[48;2;7;92;92m▄[38;2;11;92;93m[48;2;8;90;91m▄[38;2;10;91;92m[48;2;6;94;95m▄[38;2;10;90;91m[48;2;6;94;94m▄[38;2;11;89;91m[48;2;7;92;92m▄[38;2;10;88;90m[48;2;7;90;91m▄[38;2;11;87;90m[48;2;7;91;91m▄[38;2;11;88;91m[48;2;7;91;91m▄[38;2;10;90;91m[48;2;6;91;91m▄[38;2;11;91;92m[48;2;8;89;90m▄[38;2;10;91;92m[48;2;8;89;89m▄[38;2;11;100;102m[48;2;8;95;96m▄[0m
