[38;2;41;46;30m[48;2;38;52;17m▄[38;2;56;62;40m[48;2;52;63;27m▄[38;2;49;57;30m[48;2;56;61;34m▄[38;2;61;65;39m[48;2;63;67;38m▄[38;2;77;76;51m[48;2;73;75;48m▄[38;2;104;100;81m[48;2;112;106;90m▄[38;2;88;87;61m[48;2;104;96;83m▄[38;2;88;87;64m[48;2;94;83;73m▄[38;2;98;90;80m[48;2;96;84;83m▄[38;2;115;100;92m[48;2;104;84;75m▄[38;2;119;109;104m[48;2;113;100;96m▄[38;2;79;85;93m[48;2;75;83;88m▄[38;2;111;111;112m[48;2;84;86;90m▄[38;2;104;101;99m[48;2;86;86;83m▄[38;2;92;88;88m[48;2;86;86;88m▄[38;2;96;97;97m[48;2;84;84;88m▄[38;2;132;130;130m[48;2;117;113;117m▄[38;2;168;171;175m[48;2;158;166;169m▄[38;2;108;91;88m[48;2;100;88;94m▄[38;2;109;89;85m[48;2;110;86;90m▄[38;2;112;94;91m[48;2;100;83;86m▄[38;2;115;99;98m[48;2;108;98;102m▄[38;2;130;118;116m[48;2;191;198;198m▄[38;2;199;205;202m[48;2;206;216;214m▄[38;2;223;234;232m[48;2;198;208;206m▄[38;2;222;235;232m[48;2;197;208;204m▄[38;2;223;235;232m[48;2;197;208;204m▄[38;2;222;234;230m[48;2;197;208;204m▄[38;2;222;233;231m[48;2;197;208;204m▄[38;2;181;187;184m[48;2;206;220;216m▄[38;2;146;139;130m[48;2;175;177;171m▄[38;2;160;147;138m[48;2;144;133;125m▄[38;2;159;149;138m[48;2;150;141;131m▄[38;2;171;162;149m[48;2;160;152;141m▄[38;2;162;151;143m[48;2;152;142;133m▄[38;2;129;118;114m[48;2;119;110;106m▄[38;2;130;119;117m[48;2;121;110;108m▄[38;2;124;114;113m[48;2;100;90;90m▄[38;2;123;111;111m[48;2;104;96;98m▄[38;2;114;105;106m[48;2;84;84;88m▄[38;2;127;115;114m[48;2;113;106;104m▄[38;2;133;120;119m[48;2;121;112;110m▄[38;2;116;107;106m[48;2;92;81;83m▄[38;2;120;110;109m[48;2;106;96;98m▄[38;2;109;99;96m[48;2;94;86;88m▄[38;2;126;114;113m[48;2;117;106;106m▄[38;2;131;119;118m[48;2;117;108;108m▄[38;2;114;105;104m[48;2;88;83;83m▄[38;2;118;111;110m[48;2;98;92;96m▄[38;2;107;99;101m[48;2;81;75;81m▄[38;2;139;129;126m[48;2;129;125;121m▄[38;2;187;177;172m[48;2;173;168;160m▄[38;2;125;119;120m[48;2;113;110;110m▄[38;2;150;146;142m[48;2;150;146;141m▄[38;2;121;115;110m[48;2;152;142;135m▄[38;2;180;172;163m[48;2;168;158;150m▄[38;2;131;122;119m[48;2;119;113;112m▄[38;2;121;115;112m[48;2;125;119;117m▄[38;2;185;176;165m[48;2;175;164;154m▄[38;2;168;157;149m[48;2;152;141;135m▄[0m
[38;2;72;63;60m[48;2;40;43;29m▄[38;2;94;91;82m[48;2;59;62;46m▄[38;2;81;75;70m[48;2;55;55;40m▄[38;2;68;59;57m[48;2;53;50;36m▄[38;2;120;111;107m[48;2;85;83;68m▄[38;2;66;57;54m[48;2;64;61;39m▄[38;2;113;97;93m[48;2;95;85;67m▄[38;2;78;71;73m[48;2;88;85;72m▄[38;2;110;100;100m[48;2;106;100;93m▄[38;2;88;78;78m[48;2;97;90;90m▄[38;2;91;86;85m[48;2;102;96;96m▄[38;2;54;67;75m[48;2;63;72;81m▄[38;2;38;43;51m[48;2;54;59;65m▄[38;2;45;45;50m[48;2;60;60;64m▄[38;2;73;73;74m[48;2;78;75;77m▄[38;2;64;66;70m[48;2;79;79;82m▄[38;2;94;88;87m[48;2;107;104;104m▄[38;2;104;95;90m[48;2;124;119;119m▄[38;2;107;89;79m[48;2;113;94;84m▄[38;2;98;83;74m[48;2;109;93;86m▄[38;2;106;88;78m[48;2;112;95;87m▄[38;2;108;98;93m[48;2;112;101;99m▄[38;2;105;90;84m[48;2;105;86;81m▄[38;2;93;75;72m[48;2;107;91;84m▄[38;2;95;78;73m[48;2;127;116;111m▄[38;2;98;79;73m[48;2;144;136;129m▄[38;2;100;82;76m[48;2;159;155;151m▄[38;2;95;79;74m[48;2;174;174;170m▄[38;2;166;166;161m[48;2;191;196;194m▄[38;2;177;174;165m[48;2;131;127;122m▄[38;2;153;140;130m[48;2;142;131;121m▄[38;2;145;132;123m[48;2;142;133;122m▄[38;2;150;138;128m[48;2;145;136;124m▄[38;2;148;138;126m[48;2;159;150;138m▄[38;2;142;132;123m[48;2;149;140;131m▄[38;2;122;115;110m[48;2;117;108;103m▄[38;2;121;115;111m[48;2;117;107;102m▄[38;2;114;110;107m[48;2;119;108;106m▄[38;2;113;109;107m[48;2;114;103;101m▄[38;2;93;92;91m[48;2;96;88;86m▄[38;2;110;106;106m[48;2;110;101;97m▄[38;2;120;114;113m[48;2;122;111;106m▄[38;2;110;105;105m[48;2;111;101;99m▄[38;2;108;104;104m[48;2;105;95;93m▄[38;2;98;95;94m[48;2;91;84;80m▄[38;2;106;101;98m[48;2;111;103;99m▄[38;2;118;109;104m[48;2;120;111;106m▄[38;2;94;87;79m[48;2;93;85;85m▄[38;2;103;97;87m[48;2;103;96;96m▄[38;2;94;89;69m[48;2;85;80;82m▄[38;2;126;123;84m[48;2;115;107;107m▄[38;2;169;162;135m[48;2;175;166;160m▄[38;2;139;134;108m[48;2;119;112;112m▄[38;2;161;157;121m[48;2;153;150;146m▄[38;2;159;157;107m[48;2;149;144;138m▄[38;2;147;145;102m[48;2;180;175;162m▄[38;2;133;129;98m[48;2;123;115;109m▄[38;2;116;114;84m[48;2;117;112;109m▄[38;2;157;150;133m[48;2;170;161;152m▄[38;2;169;157;147m[48;2;160;149;141m▄[0m
[38;2;116;96;94m[48;2;118;96;94m▄[38;2;130;108;106m[48;2;129;113;109m▄[38;2;84;71;68m[48;2;74;66;66m▄[38;2;86;75;74m[48;2;73;63;65m▄[38;2;114;102;100m[48;2;126;114;112m▄[38;2;72;63;64m[48;2;72;64;61m▄[38;2;110;100;96m[48;2;114;100;98m▄[38;2;66;63;63m[48;2;75;69;71m▄[38;2;92;87;89m[48;2;102;94;95m▄[38;2;79;71;71m[48;2;71;56;57m▄[38;2;76;69;70m[48;2;75;62;64m▄[38;2;70;66;68m[48;2;61;62;71m▄[38;2;68;60;62m[48;2;47;41;49m▄[38;2;65;55;58m[48;2;53;42;50m▄[38;2;68;60;64m[48;2;72;59;65m▄[38;2;127;125;129m[48;2;62;50;56m▄[38;2;141;143;147m[48;2;72;56;62m▄[38;2;146;147;153m[48;2;81;65;69m▄[38;2;146;148;154m[48;2;88;70;74m▄[38;2;137;141;149m[48;2;86;66;71m▄[38;2;127;134;143m[48;2;87;66;69m▄[38;2;126;133;144m[48;2;97;77;81m▄[38;2;112;107;115m[48;2;102;81;77m▄[38;2;69;58;64m[48;2;90;78;75m▄[38;2;83;69;73m[48;2;93;83;83m▄[38;2;90;74;71m[48;2;91;82;82m▄[38;2;82;70;66m[48;2;92;84;85m▄[38;2;80;71;72m[48;2;92;83;84m▄[38;2;93;85;87m[48;2;125;121;121m▄[38;2;136;120;111m[48;2;162;153;145m▄[38;2;150;133;121m[48;2;158;143;134m▄[38;2;108;98;92m[48;2;130;117;110m▄[38;2;62;58;61m[48;2;122;111;104m▄[38;2;44;41;47m[48;2;122;113;108m▄[38;2;48;44;50m[48;2;92;86;87m▄[38;2;55;54;59m[48;2;91;94;98m▄[38;2;87;92;99m[48;2;143;152;158m▄[38;2;103;110;118m[48;2;130;142;153m▄[38;2;80;87;96m[48;2;122;136;147m▄[38;2;63;74;87m[48;2;118;134;144m▄[38;2;61;74;89m[48;2;120;135;146m▄[38;2;62;76;90m[48;2;121;135;146m▄[38;2;60;74;87m[48;2;118;134;145m▄[38;2;55;68;82m[48;2;114;131;143m▄[38;2;52;65;79m[48;2;110;127;140m▄[38;2;56;69;82m[48;2;104;119;129m▄[38;2;54;65;77m[48;2;115;115;116m▄[38;2;60;67;77m[48;2;131;128;119m▄[38;2;66;71;81m[48;2;119;117;103m▄[38;2;62;66;76m[48;2;128;128;83m▄[38;2;54;58;65m[48;2;130;130;77m▄[38;2;51;54;60m[48;2;135;132;101m▄[38;2;81;81;80m[48;2;139;137;91m▄[38;2;112;108;97m[48;2;144;141;96m▄[38;2;128;124;93m[48;2;118;117;70m▄[38;2;112;109;75m[48;2;118;115;83m▄[38;2;114;111;75m[48;2;125;120;99m▄[38;2;116;114;71m[48;2;106;103;84m▄[38;2;147;143;112m[48;2;152;146;130m▄[38;2;172;165;139m[48;2;176;166;144m▄[0m
[38;2;29;27;25m[48;2;81;72;71m▄[38;2;60;57;54m[48;2;99;87;81m▄[38;2;58;55;50m[48;2;102;89;78m▄[38;2;98;91;82m[48;2;103;89;79m▄[38;2;108;98;90m[48;2;107;91;84m▄[38;2;103;84;89m[48;2;95;84;76m▄[38;2;104;83;99m[48;2;101;88;88m▄[38;2;129;104;124m[48;2;132;94;113m▄[38;2;161;108;137m[48;2;134;94;115m▄[38;2;114;75;99m[48;2;111;86;101m▄[38;2;63;46;62m[48;2;104;80;95m▄[38;2;110;72;92m[48;2;115;85;100m▄[38;2;100;69;87m[48;2;117;85;101m▄[38;2;113;85;103m[48;2;116;82;98m▄[38;2;120;91;109m[48;2;128;95;110m▄[38;2;96;67;87m[48;2;174;144;160m▄[38;2;107;70;93m[48;2;169;141;157m▄[38;2;67;48;63m[48;2;154;133;146m▄[38;2;120;81;105m[48;2;166;145;158m▄[38;2;185;122;154m[48;2;170;146;163m▄[38;2;163;122;146m[48;2;159;141;159m▄[38;2;157;129;148m[48;2;158;146;162m▄[38;2;154;125;142m[48;2;136;128;142m▄[38;2;144;106;125m[48;2;127;94;114m▄[38;2;141;87;114m[48;2;132;89;108m▄[38;2;90;79;79m[48;2;95;76;79m▄[38;2;99;91;85m[48;2;75;65;62m▄[38;2;111;101;96m[48;2;82;72;71m▄[38;2;90;78;77m[48;2;97;88;88m▄[38;2;103;92;88m[48;2;118;100;91m▄[38;2;158;147;133m[48;2;149;129;116m▄[38;2;99;89;79m[48;2;149;135;127m▄[38;2;46;38;41m[48;2;74;61;59m▄[38;2;42;37;41m[48;2;49;41;41m▄[38;2;25;23;30m[48;2;48;43;47m▄[38;2;23;21;26m[48;2;49;41;43m▄[38;2;19;15;18m[48;2;59;49;52m▄[38;2;17;13;16m[48;2;63;59;63m▄[38;2;20;18;23m[48;2;65;67;75m▄[38;2;19;16;21m[48;2;28;29;39m▄[38;2;14;11;16m[48;2;11;10;19m▄[38;2;15;14;19m[48;2;12;12;21m▄[38;2;16;16;21m[48;2;13;12;20m▄[38;2;16;16;21m[48;2;12;13;22m▄[38;2;17;16;23m[48;2;13;14;22m▄[38;2;17;16;25m[48;2;28;27;29m▄[38;2;17;17;26m[48;2;27;26;29m▄[38;2;16;17;23m[48;2;13;12;21m▄[38;2;12;13;18m[48;2;12;11;20m▄[38;2;14;14;19m[48;2;12;11;21m▄[38;2;14;14;19m[48;2;12;11;20m▄[38;2;23;22;27m[48;2;21;22;28m▄[38;2;26;22;25m[48;2;74;73;79m▄[38;2;22;20;22m[48;2;89;87;90m▄[38;2;51;47;49m[48;2;108;104;92m▄[38;2;113;104;102m[48;2;95;90;65m▄[38;2;122;114;109m[48;2;107;102;84m▄[38;2;108;101;98m[48;2;100;96;87m▄[38;2;109;106;103m[48;2;129;123;118m▄[38;2;148;145;138m[48;2;180;169;161m▄[0m
[38;2;85;85;89m[48;2;38;30;30m▄[38;2;92;91;96m[48;2;66;59;59m▄[38;2;84;84;88m[48;2;72;64;63m▄[38;2;83;81;87m[48;2;120;110;104m▄[38;2;88;87;92m[48;2;110;104;96m▄[38;2;62;59;65m[48;2;110;79;91m▄[38;2;33;22;31m[48;2;118;68;94m▄[38;2;31;21;29m[48;2;120;75;98m▄[38;2;44;29;39m[48;2;143;86;115m▄[38;2;46;34;45m[48;2;86;53;74m▄[38;2;22;16;24m[48;2;9;7;16m▄[38;2;19;11;19m[48;2;47;30;43m▄[38;2;26;16;25m[48;2;61;53;62m▄[38;2;29;19;28m[48;2;67;64;74m▄[38;2;29;19;28m[48;2;63;61;73m▄[38;2;28;19;27m[48;2;62;59;70m▄[38;2;28;21;29m[48;2;53;36;50m▄[38;2;25;20;28m[48;2;23;16;25m▄[38;2;37;27;36m[48;2;93;56;76m▄[38;2;50;35;46m[48;2;165;98;129m▄[38;2;43;33;42m[48;2;137;83;110m▄[38;2;58;49;59m[48;2;129;78;103m▄[38;2;57;47;57m[48;2;125;74;98m▄[38;2;45;33;42m[48;2;138;79;108m▄[38;2;37;35;44m[48;2;115;72;96m▄[38;2;88;96;106m[48;2;109;106;108m▄[38;2;103;111;122m[48;2;112;109;110m▄[38;2;102;110;121m[48;2;116;114;115m▄[38;2;105;112;122m[48;2;111;107;109m▄[38;2;101;109;120m[48;2;120;116;115m▄[38;2;98;106;117m[48;2;130;126;122m▄[38;2;89;97;108m[48;2;86;81;78m▄[38;2;40;43;55m[48;2;18;15;21m▄[38;2;30;31;41m[48;2;25;22;29m▄[38;2;23;24;32m[48;2;12;9;16m▄[38;2;20;21;29m[48;2;8;5;13m▄[38;2;24;24;36m[48;2;10;7;15m▄[38;2;36;36;45m[48;2;11;9;15m▄[38;2;34;34;41m[48;2;9;7;11m▄[38;2;32;32;39m[48;2;11;8;12m▄[38;2;32;32;38m[48;2;12;9;16m▄[38;2;32;31;38m[48;2;12;10;16m▄[38;2;31;31;38m[48;2;11;9;14m▄[38;2;33;33;39m[48;2;8;5;11m▄[38;2;30;30;35m[48;2;33;34;40m▄[38;2;19;20;25m[48;2;49;52;59m▄[38;2;22;22;27m[48;2;49;51;60m▄[38;2;41;41;47m[48;2;38;38;46m▄[38;2;51;51;57m[48;2;12;10;15m▄[38;2;60;59;65m[48;2;17;16;20m▄[38;2;58;57;63m[48;2;14;13;17m▄[38;2;30;29;35m[48;2;8;6;10m▄[38;2;32;31;37m[48;2;12;9;13m▄[38;2;37;37;42m[48;2;12;9;12m▄[38;2;82;80;83m[48;2;35;32;33m▄[38;2;115;112;115m[48;2;86;81;80m▄[38;2;113;110;113m[48;2;85;79;76m▄[38;2;116;113;116m[48;2;110;104;100m▄[38;2;116;113;115m[48;2;113;108;104m▄[38;2;129;125;126m[48;2;132;126;120m▄[0m
[38;2;36;38;38m[48;2;47;50;56m▄[38;2;43;43;43m[48;2;52;55;61m▄[38;2;86;88;85m[48;2;59;61;65m▄[38;2;117;118;113m[48;2;61;63;67m▄[38;2;68;69;67m[48;2;50;52;57m▄[38;2;34;33;32m[48;2;40;42;46m▄[38;2;35;33;32m[48;2;30;33;34m▄[38;2;61;63;59m[48;2;34;37;37m▄[38;2;93;96;84m[48;2;38;41;41m▄[38;2;122;122;108m[48;2;45;47;46m▄[38;2;122;121;108m[48;2;53;53;51m▄[38;2;111;111;98m[48;2;49;49;48m▄[38;2;115;116;102m[48;2;46;47;47m▄[38;2;115;115;101m[48;2;47;48;48m▄[38;2;121;121;109m[48;2;51;53;52m▄[38;2;142;142;130m[48;2;56;57;57m▄[38;2;146;145;132m[48;2;53;55;54m▄[38;2;145;144;131m[48;2;53;55;55m▄[38;2;152;150;137m[48;2;52;55;54m▄[38;2;136;136;123m[48;2;46;49;50m▄[38;2;104;104;93m[48;2;35;38;40m▄[38;2;77;77;70m[48;2;27;31;33m▄[38;2;32;31;31m[48;2;33;37;40m▄[38;2;23;20;21m[48;2;39;44;46m▄[38;2;28;26;26m[48;2;44;48;51m▄[38;2;27;25;25m[48;2;50;54;58m▄[38;2;27;26;26m[48;2;52;56;59m▄[38;2;29;26;25m[48;2;53;57;60m▄[38;2;32;25;23m[48;2;54;58;62m▄[38;2;43;29;27m[48;2;56;58;62m▄[38;2;57;41;38m[48;2;61;60;66m▄[38;2;72;58;54m[48;2;74;72;75m▄[38;2;86;76;70m[48;2;89;85;88m▄[38;2;93;84;79m[48;2;87;83;85m▄[38;2;92;81;77m[48;2;82;76;77m▄[38;2;89;77;73m[48;2;76;71;72m▄[38;2;85;69;66m[48;2;69;67;69m▄[38;2;70;54;50m[48;2;63;64;65m▄[38;2;79;66;62m[48;2;71;75;76m▄[38;2;135;127;120m[48;2;80;83;84m▄[38;2;181;179;166m[48;2;76;78;78m▄[38;2;188;188;176m[48;2;80;82;82m▄[38;2;197;196;188m[48;2;82;84;84m▄[38;2;193;192;183m[48;2;80;83;83m▄[38;2;191;190;181m[48;2;80;83;83m▄[38;2;189;188;178m[48;2;80;84;84m▄[38;2;186;186;176m[48;2;78;81;81m▄[38;2;185;185;175m[48;2;74;76;76m▄[38;2;182;183;174m[48;2;71;73;74m▄[38;2;179;179;170m[48;2;69;71;72m▄[38;2;176;177;168m[48;2;68;70;72m▄[38;2;175;175;166m[48;2;69;71;73m▄[38;2;169;170;161m[48;2;67;69;70m▄[38;2;165;164;156m[48;2;61;64;66m▄[38;2;151;149;141m[48;2;52;53;57m▄[38;2;109;111;106m[48;2;45;44;50m▄[38;2;49;53;50m[48;2;49;46;52m▄[38;2;37;36;34m[48;2;57;54;59m▄[38;2;30;27;27m[48;2;67;63;68m▄[38;2;30;26;29m[48;2;69;65;70m▄[0m
[38;2;45;47;49m[48;2;43;45;45m▄[38;2;50;51;53m[48;2;48;50;50m▄[38;2;74;76;74m[48;2;82;84;82m▄[38;2;111;113;109m[48;2;106;108;103m▄[38;2;107;109;107m[48;2;82;84;81m▄[38;2;50;51;50m[48;2;42;43;43m▄[38;2;41;41;40m[48;2;39;39;40m▄[38;2;62;62;58m[48;2;62;63;59m▄[38;2;110;110;99m[48;2;90;92;80m▄[38;2;159;154;143m[48;2;120;120;107m▄[38;2;147;142;134m[48;2;120;119;107m▄[38;2;90;88;84m[48;2;132;132;119m▄[38;2;43;42;43m[48;2;133;134;122m▄[38;2;27;23;27m[48;2;119;118;109m▄[38;2;23;20;23m[48;2;106;106;97m▄[38;2;22;19;22m[48;2;107;106;97m▄[38;2;25;22;26m[48;2;109;108;99m▄[38;2;27;24;28m[48;2;98;97;88m▄[38;2;33;30;32m[48;2;114;114;103m▄[38;2;36;34;35m[48;2;114;114;104m▄[38;2;40;38;38m[48;2;105;105;95m▄[38;2;48;48;46m[48;2;112;112;100m▄[38;2;58;57;54m[48;2;81;79;73m▄[38;2;29;28;30m[48;2;22;19;23m▄[38;2;38;36;37m[48;2;35;33;35m▄[38;2;51;49;47m[48;2;41;38;39m▄[38;2;45;41;41m[48;2;41;40;41m▄[38;2;36;28;31m[48;2;34;28;29m▄[38;2;34;22;27m[48;2;34;22;24m▄[38;2;34;22;27m[48;2;38;25;27m▄[38;2;35;25;27m[48;2;43;30;30m▄[38;2;38;28;29m[48;2;48;35;34m▄[38;2;40;30;31m[48;2;49;37;35m▄[38;2;44;32;34m[48;2;59;46;44m▄[38;2;56;44;44m[48;2;65;53;51m▄[38;2;62;49;48m[48;2;63;52;52m▄[38;2;63;48;46m[48;2;60;50;50m▄[38;2;67;50;48m[48;2;59;47;47m▄[38;2;53;42;42m[48;2;53;39;37m▄[38;2;39;37;40m[48;2;51;37;33m▄[38;2;32;32;35m[48;2;128;121;112m▄[38;2;129;129;126m[48;2;201;199;186m▄[38;2;202;201;192m[48;2;193;191;179m▄[38;2;193;192;184m[48;2;192;190;178m▄[38;2;193;193;183m[48;2;191;188;176m▄[38;2;191;190;180m[48;2;190;185;172m▄[38;2;181;179;169m[48;2;185;179;166m▄[38;2;185;184;173m[48;2;189;183;171m▄[38;2;185;184;174m[48;2;188;184;171m▄[38;2;185;184;174m[48;2;188;183;171m▄[38;2;182;181;173m[48;2;188;182;171m▄[38;2;184;182;174m[48;2;188;182;172m▄[38;2;186;185;177m[48;2;186;180;169m▄[38;2;186;185;177m[48;2;186;181;170m▄[38;2;187;187;179m[48;2;191;186;176m▄[38;2;162;164;158m[48;2;160;160;153m▄[38;2;82;88;81m[48;2;83;88;82m▄[38;2;70;74;64m[48;2;74;75;66m▄[38;2;64;68;59m[48;2;68;68;55m▄[38;2;59;65;59m[48;2;53;51;46m▄[0m
[38;2;38;40;41m[48;2;41;43;45m▄[38;2;51;54;55m[48;2;50;52;54m▄[38;2;109;112;107m[48;2;100;102;98m▄[38;2;123;125;120m[48;2;124;126;121m▄[38;2;66;67;67m[48;2;84;86;85m▄[38;2;36;38;41m[48;2;39;41;44m▄[38;2;40;43;43m[48;2;39;40;40m▄[38;2;81;83;77m[48;2;72;74;69m▄[38;2;63;62;61m[48;2;117;119;108m▄[38;2;15;12;19m[48;2;115;111;104m▄[38;2;11;8;15m[48;2;44;39;41m▄[38;2;19;15;22m[48;2;10;5;11m▄[38;2;19;16;22m[48;2;13;10;14m▄[38;2;20;17;23m[48;2;17;16;19m▄[38;2;20;18;23m[48;2;19;17;20m▄[38;2;21;19;23m[48;2;21;19;22m▄[38;2;23;22;25m[48;2;22;21;24m▄[38;2;27;26;30m[48;2;23;24;25m▄[38;2;28;28;32m[48;2;22;22;25m▄[38;2;28;28;30m[48;2;25;25;27m▄[38;2;34;35;35m[48;2;30;30;31m▄[38;2;34;36;36m[48;2;29;30;30m▄[38;2;35;36;36m[48;2;29;29;29m▄[38;2;38;38;39m[48;2;32;33;32m▄[38;2;40;40;41m[48;2;37;37;36m▄[38;2;29;27;32m[48;2;51;51;48m▄[38;2;19;16;22m[48;2;33;29;31m▄[38;2;18;15;21m[48;2;26;17;23m▄[38;2;19;15;21m[48;2;27;18;23m▄[38;2;20;17;21m[48;2;28;18;24m▄[38;2;22;17;21m[48;2;31;20;25m▄[38;2;27;18;22m[48;2;38;25;28m▄[38;2;36;22;26m[48;2;43;29;30m▄[38;2;44;27;29m[48;2;46;32;33m▄[38;2;58;38;39m[48;2;58;44;43m▄[38;2;62;45;45m[48;2;66;51;49m▄[38;2;49;33;35m[48;2;53;37;36m▄[38;2;51;35;37m[48;2;61;42;39m▄[38;2;65;46;46m[48;2;69;50;49m▄[38;2;56;40;36m[48;2;42;35;39m▄[38;2;112;104;99m[48;2;37;35;39m▄[38;2;206;208;202m[48;2;155;157;153m▄[38;2;197;198;192m[48;2;205;205;199m▄[38;2;195;196;187m[48;2;196;197;190m▄[38;2;196;197;189m[48;2;197;197;188m▄[38;2;197;198;190m[48;2;197;197;188m▄[38;2;192;193;186m[48;2;188;188;181m▄[38;2;193;193;187m[48;2;190;191;184m▄[38;2;193;194;188m[48;2;190;191;185m▄[38;2;192;193;187m[48;2;190;191;184m▄[38;2;191;192;186m[48;2;188;189;182m▄[38;2;190;191;184m[48;2;187;188;181m▄[38;2;190;190;184m[48;2;191;191;184m▄[38;2;190;191;184m[48;2;191;191;183m▄[38;2;190;190;184m[48;2;192;191;183m▄[38;2;163;165;160m[48;2;162;165;159m▄[38;2;79;89;80m[48;2;84;91;85m▄[38;2;61;65;56m[48;2;69;71;62m▄[38;2;57;58;52m[48;2;53;56;48m▄[38;2;68;65;64m[48;2;44;48;45m▄[0m
[38;2;41;38;43m[48;2;30;32;34m▄[38;2;42;42;44m[48;2;44;45;47m▄[38;2;83;86;83m[48;2;90;92;89m▄[38;2;108;111;106m[48;2;103;106;101m▄[38;2;89;93;90m[48;2;71;73;71m▄[38;2;35;36;36m[48;2;41;43;43m▄[38;2;33;32;34m[48;2;47;48;47m▄[38;2;8;6;10m[48;2;41;41;42m▄[38;2;12;9;13m[48;2;11;10;14m▄[38;2;17;15;18m[48;2;16;15;18m▄[38;2;19;17;19m[48;2;19;18;22m▄[38;2;19;17;21m[48;2;19;17;24m▄[38;2;21;18;23m[48;2;20;17;24m▄[38;2;21;18;23m[48;2;20;17;24m▄[38;2;19;17;23m[48;2;20;17;25m▄[38;2;19;16;23m[48;2;21;18;24m▄[38;2;18;14;21m[48;2;23;20;27m▄[38;2;20;17;22m[48;2;24;23;29m▄[38;2;26;23;28m[48;2;25;23;30m▄[38;2;37;34;38m[48;2;29;27;33m▄[38;2;37;36;38m[48;2;33;33;36m▄[38;2;27;26;30m[48;2;33;33;36m▄[38;2;32;31;36m[48;2;33;33;37m▄[38;2;25;24;30m[48;2;33;32;36m▄[38;2;27;26;32m[48;2;28;27;32m▄[38;2;30;29;35m[48;2;18;16;23m▄[38;2;30;29;35m[48;2;18;15;22m▄[38;2;27;27;32m[48;2;17;15;22m▄[38;2;25;23;30m[48;2;17;14;21m▄[38;2;24;21;28m[48;2;17;14;21m▄[38;2;20;17;24m[48;2;17;15;21m▄[38;2;17;14;22m[48;2;21;17;22m▄[38;2;16;14;21m[48;2;27;19;25m▄[38;2;17;15;22m[48;2;26;20;25m▄[38;2;19;17;24m[48;2;32;25;30m▄[38;2;23;19;26m[48;2;38;27;33m▄[38;2;28;24;30m[48;2;41;30;34m▄[38;2;30;26;31m[48;2;47;35;40m▄[38;2;34;30;35m[48;2;51;40;44m▄[38;2;36;34;40m[48;2;40;32;32m▄[38;2;52;52;56m[48;2;148;147;142m▄[38;2;70;71;73m[48;2;217;218;210m▄[38;2;103;106;106m[48;2;213;214;207m▄[38;2;145;148;145m[48;2;212;213;207m▄[38;2;179;180;176m[48;2;207;208;202m▄[38;2;210;211;205m[48;2;201;204;197m▄[38;2;217;218;211m[48;2;200;201;195m▄[38;2;217;218;210m[48;2;199;200;195m▄[38;2;211;213;205m[48;2;200;202;195m▄[38;2;202;204;197m[48;2;199;200;194m▄[38;2;205;206;199m[48;2;197;198;192m▄[38;2;203;204;198m[48;2;196;197;191m▄[38;2;202;203;197m[48;2;196;197;191m▄[38;2;207;209;203m[48;2;194;195;189m▄[38;2;184;180;176m[48;2;196;197;191m▄[38;2;165;150;152m[48;2;171;171;165m▄[38;2;180;160;164m[48;2;131;127;125m▄[38;2;185;166;169m[48;2;161;149;150m▄[38;2;180;162;165m[48;2;184;170;172m▄[38;2;188;169;172m[48;2;211;196;197m▄[0m
[38;2;129;116;109m[48;2;154;136;136m▄[38;2;149;132;128m[48;2;157;140;140m▄[38;2;148;130;127m[48;2;146;134;133m▄[38;2;156;137;133m[48;2;146;136;134m▄[38;2;165;145;142m[48;2;112;103;104m▄[38;2;169;149;148m[48;2;77;70;72m▄[38;2;166;148;148m[48;2;62;58;58m▄[38;2;165;147;146m[48;2;65;63;62m▄[38;2;151;133;135m[48;2;69;65;65m▄[38;2;128;111;115m[48;2;52;47;49m▄[38;2;105;91;94m[48;2;39;36;37m▄[38;2;82;71;75m[48;2;22;22;23m▄[38;2;60;53;57m[48;2;12;11;13m▄[38;2;40;37;40m[48;2;16;14;16m▄[38;2;25;25;28m[48;2;17;15;19m▄[38;2;16;17;21m[48;2;18;16;23m▄[38;2;13;15;19m[48;2;19;18;24m▄[38;2;14;19;24m[48;2;27;27;31m▄[38;2;13;18;22m[48;2;39;39;41m▄[38;2;6;9;13m[48;2;54;54;55m▄[38;2;0;0;3m[48;2;46;46;47m▄[38;2;1;1;6m[48;2;22;19;24m▄[38;2;2;2;7m[48;2;23;21;27m▄[38;2;4;3;9m[48;2;25;23;30m▄[38;2;5;5;11m[48;2;28;26;33m▄[38;2;7;8;13m[48;2;31;30;36m▄[38;2;10;12;17m[48;2;33;32;38m▄[38;2;14;16;21m[48;2;34;33;39m▄[38;2;18;20;25m[48;2;35;35;40m▄[38;2;22;24;28m[48;2;35;34;40m▄[38;2;24;27;31m[48;2;34;32;39m▄[38;2;27;29;33m[48;2;31;30;36m▄[38;2;30;32;36m[48;2;28;28;34m▄[38;2;31;34;38m[48;2;27;27;33m▄[38;2;31;33;37m[48;2;24;23;29m▄[38;2;29;30;35m[48;2;20;18;25m▄[38;2;27;27;33m[48;2;19;17;24m▄[38;2;24;25;30m[48;2;20;20;25m▄[38;2;25;25;30m[48;2;27;27;33m▄[38;2;23;22;28m[48;2;29;29;37m▄[38;2;25;24;31m[48;2;21;20;28m▄[38;2;28;27;34m[48;2;14;11;18m▄[38;2;21;20;26m[48;2;13;11;19m▄[38;2;19;17;22m[48;2;21;22;28m▄[38;2;28;28;35m[48;2;34;36;41m▄[38;2;20;21;26m[48;2;67;69;71m▄[38;2;14;15;20m[48;2;129;130;128m▄[38;2;8;9;15m[48;2;144;146;140m▄[38;2;16;17;21m[48;2;161;163;155m▄[38;2;61;61;62m[48;2;214;216;205m▄[38;2;44;45;46m[48;2;208;209;200m▄[38;2;59;61;62m[48;2;215;215;208m▄[38;2;93;93;93m[48;2;229;229;221m▄[38;2;40;38;42m[48;2;165;164;162m▄[38;2;16;12;16m[48;2;78;73;76m▄[38;2;14;11;14m[48;2;71;63;67m▄[38;2;11;10;12m[48;2;66;59;63m▄[38;2;11;9;11m[48;2;60;52;56m▄[38;2;7;5;8m[48;2;55;48;52m▄[38;2;15;9;13m[48;2;53;44;49m▄[0m
[38;2;147;134;136m[48;2;112;103;101m▄[38;2;152;144;144m[48;2;125;114;111m▄[38;2;131;133;127m[48;2;119;109;104m▄[38;2;154;160;150m[48;2;125;114;109m▄[38;2;146;152;142m[48;2;126;112;108m▄[38;2;132;127;122m[48;2;130;116;111m▄[38;2;133;123;121m[48;2;136;123;119m▄[38;2;131;116;115m[48;2;140;127;124m▄[38;2;137;115;119m[48;2;145;133;129m▄[38;2;150;120;129m[48;2;154;143;138m▄[38;2;161;121;139m[48;2;160;148;143m▄[38;2;170;122;145m[48;2;157;143;141m▄[38;2;180;129;153m[48;2;152;135;135m▄[38;2;191;140;165m[48;2;148;124;129m▄[38;2;204;154;178m[48;2;143;111;123m▄[38;2;216;169;192m[48;2;134;98;116m▄[38;2;226;180;202m[48;2;119;86;105m▄[38;2;232;187;210m[48;2;112;81;99m▄[38;2;234;190;212m[48;2;114;87;104m▄[38;2;229;186;209m[48;2;115;91;105m▄[38;2;219;177;199m[48;2;122;102;113m▄[38;2;203;164;183m[48;2;130;112;122m▄[38;2;182;147;165m[48;2;132;113;123m▄[38;2;158;128;144m[48;2;134;112;124m▄[38;2;135;110;126m[48;2;134;109;124m▄[38;2;113;94;108m[48;2;132;106;121m▄[38;2;95;80;92m[48;2;129;103;117m▄[38;2;80;68;77m[48;2;124;98;114m▄[38;2;69;61;68m[48;2;118;95;110m▄[38;2;61;55;62m[48;2;110;88;103m▄[38;2;59;54;59m[48;2;101;81;95m▄[38;2;59;56;58m[48;2;91;74;86m▄[38;2;51;49;53m[48;2;84;69;81m▄[38;2;46;45;49m[48;2;77;65;76m▄[38;2;45;45;48m[48;2;70;62;72m▄[38;2;48;48;49m[48;2;61;56;65m▄[38;2;48;48;48m[48;2;55;55;60m▄[38;2;42;47;45m[48;2;56;56;61m▄[38;2;57;67;63m[48;2;53;53;58m▄[38;2;78;80;78m[48;2;43;45;50m▄[38;2;84;77;77m[48;2;38;42;48m▄[38;2;85;78;77m[48;2;37;41;45m▄[38;2;87;81;80m[48;2;32;35;38m▄[38;2;95;93;91m[48;2;23;25;28m▄[38;2;62;64;64m[48;2;32;32;36m▄[38;2;44;46;45m[48;2;37;37;41m▄[38;2;45;45;43m[48;2;33;34;38m▄[38;2;37;37;35m[48;2;33;34;38m▄[38;2;43;43;42m[48;2;29;31;33m▄[38;2;52;52;52m[48;2;25;25;29m▄[38;2;70;69;71m[48;2;21;21;24m▄[38;2;84;82;84m[48;2;19;19;21m▄[38;2;79;78;83m[48;2;25;25;29m▄[38;2;66;67;75m[48;2;63;62;68m▄[38;2;57;60;70m[48;2;55;54;60m▄[38;2;77;80;89m[48;2;60;59;64m▄[38;2;62;62;69m[48;2;55;53;59m▄[38;2;56;58;65m[48;2;50;48;54m▄[38;2;95;98;101m[48;2;67;64;67m▄[38;2;67;78;80m[48;2;39;39;43m▄[0m
[38;2;165;123;143m[48;2;185;182;173m▄[38;2;183;130;157m[48;2;147;152;146m▄[38;2;174;118;144m[48;2;107;112;110m▄[38;2;184;128;154m[48;2;139;132;134m▄[38;2;197;144;171m[48;2;161;142;150m▄[38;2;212;165;189m[48;2;170;131;151m▄[38;2;222;180;202m[48;2;178;130;155m▄[38;2;225;184;205m[48;2;185;135;160m▄[38;2;218;177;198m[48;2;192;139;165m▄[38;2;202;165;185m[48;2;203;151;177m▄[38;2;177;145;162m[48;2;212;164;189m▄[38;2;148;121;136m[48;2;221;174;198m▄[38;2;116;97;110m[48;2;224;181;203m▄[38;2;87;75;85m[48;2;219;180;199m▄[38;2;57;50;58m[48;2;206;170;190m▄[38;2;35;34;39m[48;2;187;154;173m▄[38;2;23;26;25m[48;2;162;133;150m▄[38;2;24;27;24m[48;2;134;110;125m▄[38;2;34;37;34m[48;2;105;87;99m▄[38;2;44;46;43m[48;2;78;67;76m▄[38;2;61;62;59m[48;2;57;52;58m▄[38;2;119;117;114m[48;2;41;40;44m▄[38;2;136;130;128m[48;2;40;41;42m▄[38;2;147;141;138m[48;2;47;48;48m▄[38;2;131;127;123m[48;2;48;51;48m▄[38;2;171;166;162m[48;2;69;70;69m▄[38;2;172;167;164m[48;2;85;86;84m▄[38;2;168;163;160m[48;2;96;97;94m▄[38;2;168;163;159m[48;2;104;104;101m▄[38;2;177;173;169m[48;2;120;119;117m▄[38;2;130;128;124m[48;2;100;101;96m▄[38;2;52;53;48m[48;2;55;57;49m▄[38;2;58;60;55m[48;2;53;53;49m▄[38;2;55;57;51m[48;2;49;49;47m▄[38;2;63;65;60m[48;2;59;59;57m▄[38;2;58;61;55m[48;2;71;71;66m▄[38;2;108;92;86m[48;2;79;81;74m▄[38;2;190;126;132m[48;2;93;77;75m▄[38;2;192;111;122m[48;2;176;114;127m▄[38;2;158;86;96m[48;2;202;117;135m▄[38;2;119;59;70m[48;2;179;95;112m▄[38;2;97;41;55m[48;2;152;80;96m▄[38;2;86;32;46m[48;2;134;73;86m▄[38;2;77;28;42m[48;2;124;73;83m▄[38;2;72;24;37m[48;2;80;51;56m▄[38;2;57;32;38m[48;2;59;60;57m▄[38;2;57;59;57m[48;2;54;56;51m▄[38;2;59;59;57m[48;2;46;46;41m▄[38;2;51;51;48m[48;2;38;38;33m▄[38;2;47;46;43m[48;2;34;32;27m▄[38;2;72;72;71m[48;2;68;66;66m▄[38;2;52;53;58m[48;2;84;82;86m▄[38;2;41;41;46m[48;2;57;57;63m▄[38;2;45;45;50m[48;2;42;43;47m▄[38;2;54;54;60m[48;2;51;53;58m▄[38;2;44;45;50m[48;2;52;55;60m▄[38;2;40;39;44m[48;2;43;43;48m▄[38;2;41;42;46m[48;2;43;45;50m▄[38;2;43;45;50m[48;2;55;59;65m▄[38;2;64;69;68m[48;2;79;87;85m▄[0m
[38;2;205;163;185m[48;2;202;151;178m▄[38;2;199;158;180m[48;2;226;174;200m▄[38;2;145;115;133m[48;2;219;175;196m▄[38;2;103;82;97m[48;2;223;179;200m▄[38;2;67;56;66m[48;2;212;170;191m▄[38;2;40;38;42m[48;2;188;150;171m▄[38;2;24;27;30m[48;2;153;123;142m▄[38;2;22;27;28m[48;2;112;92;106m▄[38;2;25;29;30m[48;2;78;66;75m▄[38;2;25;27;27m[48;2;53;47;54m▄[38;2;22;23;24m[48;2;36;36;40m▄[38;2;28;28;30m[48;2;24;28;30m▄[38;2;33;31;34m[48;2;18;22;22m▄[38;2;51;48;49m[48;2;15;20;18m▄[38;2;105;102;103m[48;2;59;63;60m▄[38;2;113;112;111m[48;2;91;92;88m▄[38;2;119;119;116m[48;2;102;102;96m▄[38;2;95;96;95m[48;2;107;106;99m▄[38;2;77;80;79m[48;2;113;112;106m▄[38;2;76;80;78m[48;2;109;108;102m▄[38;2;79;83;82m[48;2;108;107;101m▄[38;2;96;98;97m[48;2;171;167;163m▄[38;2;93;96;95m[48;2;170;165;162m▄[38;2;86;90;89m[48;2;150;145;141m▄[38;2;84;89;88m[48;2;143;139;135m▄[38;2;90;95;94m[48;2;183;180;176m▄[38;2;87;93;92m[48;2;178;174;171m▄[38;2;84;91;89m[48;2;178;174;170m▄[38;2;82;89;87m[48;2;177;176;171m▄[38;2;79;87;85m[48;2;184;183;178m▄[38;2;75;84;83m[48;2;148;147;143m▄[38;2;72;82;80m[48;2;89;89;84m▄[38;2;73;82;80m[48;2;92;92;88m▄[38;2;75;82;81m[48;2;87;87;82m▄[38;2;76;80;80m[48;2;89;91;86m▄[38;2;77;79;80m[48;2;78;82;76m▄[38;2;76;71;72m[48;2;108;94;92m▄[38;2;111;84;88m[48;2;149;122;120m▄[38;2;93;66;68m[48;2;116;93;90m▄[38;2;68;45;48m[48;2;82;64;62m▄[38;2;96;72;71m[48;2;73;52;51m▄[38;2;79;57;55m[48;2;64;41;42m▄[38;2;65;40;41m[48;2;71;34;42m▄[38;2;75;24;37m[48;2;67;21;35m▄[38;2;85;26;44m[48;2;62;19;32m▄[38;2;71;23;37m[48;2;52;15;25m▄[38;2;56;24;32m[48;2;50;44;44m▄[38;2;47;44;42m[48;2;63;66;62m▄[38;2;60;61;60m[48;2;68;68;65m▄[38;2;59;58;62m[48;2;66;66;67m▄[38;2;38;39;44m[48;2;53;54;57m▄[38;2;34;35;40m[48;2;38;39;44m▄[38;2;38;39;44m[48;2;42;43;47m▄[38;2;47;47;52m[48;2;48;47;53m▄[38;2;40;42;47m[48;2;47;48;54m▄[38;2;34;35;40m[48;2;38;37;43m▄[38;2;34;35;40m[48;2;37;36;41m▄[38;2;36;36;41m[48;2;38;38;42m▄[38;2;36;38;41m[48;2;37;38;41m▄[38;2;60;64;65m[48;2;51;56;55m▄[0m
[38;2;107;92;101m[48;2;50;47;54m▄[38;2;136;117;129m[48;2;32;33;39m▄[38;2;150;127;140m[48;2;11;17;19m▄[38;2;173;144;158m[48;2;19;24;25m▄[38;2;189;159;173m[48;2;30;33;31m▄[38;2;119;102;110m[48;2;46;44;42m▄[38;2;41;35;35m[48;2;66;57;56m▄[38;2;72;59;55m[48;2;67;61;60m▄[38;2;102;93;87m[48;2;54;44;44m▄[38;2;133;130;125m[48;2;48;43;42m▄[38;2;136;136;129m[48;2;51;48;47m▄[38;2;98;97;94m[48;2;53;49;53m▄[38;2;48;43;50m[48;2;66;58;64m▄[38;2;28;25;31m[48;2;61;42;48m▄[38;2;38;14;20m[48;2;76;58;64m▄[38;2;45;12;19m[48;2;61;48;53m▄[38;2;20;13;16m[48;2;51;41;46m▄[38;2;13;12;15m[48;2;52;42;49m▄[38;2;16;14;17m[48;2;53;44;49m▄[38;2;18;16;18m[48;2;58;48;51m▄[38;2;23;16;18m[48;2;68;49;56m▄[38;2;31;13;19m[48;2;75;33;49m▄[38;2;37;12;20m[48;2;77;30;46m▄[38;2;40;12;20m[48;2;83;33;48m▄[38;2;46;14;23m[48;2;88;34;50m▄[38;2;57;20;29m[48;2;86;33;48m▄[38;2;69;25;35m[48;2;84;35;49m▄[38;2;75;26;37m[48;2;86;38;52m▄[38;2;77;26;38m[48;2;85;38;52m▄[38;2;76;25;37m[48;2;84;37;51m▄[38;2;77;23;36m[48;2;84;38;51m▄[38;2;80;22;36m[48;2;86;40;53m▄[38;2;82;23;38m[48;2;86;39;53m▄[38;2;86;26;41m[48;2;87;36;50m▄[38;2;81;26;40m[48;2;88;32;48m▄[38;2;113;40;60m[48;2;102;39;57m▄[38;2;134;49;71m[48;2;99;33;52m▄[38;2;145;53;75m[48;2;108;40;59m▄[38;2;155;59;82m[48;2;107;64;74m▄[38;2;152;59;81m[48;2;92;55;61m▄[38;2;148;56;76m[48;2;99;56;62m▄[38;2;138;53;72m[48;2;104;50;60m▄[38;2;130;51;71m[48;2;119;52;68m▄[38;2;116;46;64m[48;2;137;57;77m▄[38;2;100;39;55m[48;2;132;54;74m▄[38;2;79;29;42m[48;2;109;44;59m▄[38;2;63;27;37m[48;2;86;30;41m▄[38;2;60;52;57m[48;2;51;29;34m▄[38;2;52;53;58m[48;2;48;50;50m▄[38;2;26;27;33m[48;2;43;44;48m▄[38;2;25;26;31m[48;2;31;32;36m▄[38;2;29;30;34m[48;2;33;34;38m▄[38;2;31;33;37m[48;2;36;36;41m▄[38;2;41;42;48m[48;2;46;47;52m▄[38;2;42;43;48m[48;2;44;45;50m▄[38;2;31;32;37m[48;2;32;34;38m▄[38;2;31;32;38m[48;2;32;33;37m▄[38;2;36;38;43m[48;2;37;37;41m▄[38;2;31;34;36m[48;2;35;36;38m▄[38;2;60;63;64m[48;2;62;65;66m▄[0m
[38;2;60;58;65m[48;2;225;187;205m▄[38;2;70;69;76m[48;2;241;202;221m▄[38;2;63;63;70m[48;2;219;183;200m▄[38;2;62;61;68m[48;2;214;179;196m▄[38;2;60;60;65m[48;2;215;179;197m▄[38;2;62;61;66m[48;2;201;167;184m▄[38;2;65;66;70m[48;2;97;88;90m▄[38;2;58;60;64m[48;2;102;99;95m▄[38;2;52;54;57m[48;2;105;103;99m▄[38;2;52;53;58m[48;2;106;103;99m▄[38;2;54;55;59m[48;2;115;112;107m▄[38;2;53;54;58m[48;2;111;109;104m▄[38;2;56;55;60m[48;2;66;62;64m▄[38;2;56;56;60m[48;2;55;50;55m▄[38;2;54;55;59m[48;2;57;47;53m▄[38;2;54;56;60m[48;2;66;48;54m▄[38;2;55;56;59m[48;2;70;48;56m▄[38;2;54;55;57m[48;2;50;44;47m▄[38;2;53;54;56m[48;2;41;40;41m▄[38;2;53;53;56m[48;2;40;38;39m▄[38;2;55;54;57m[48;2;41;39;40m▄[38;2;57;56;59m[48;2;43;42;42m▄[38;2;59;58;61m[48;2;46;44;43m▄[38;2;60;57;61m[48;2;61;45;49m▄[38;2;59;55;60m[48;2;78;49;58m▄[38;2;56;54;59m[48;2;90;56;65m▄[38;2;52;51;56m[48;2;101;60;70m▄[38;2;49;50;54m[48;2;104;60;70m▄[38;2;47;49;52m[48;2;99;58;68m▄[38;2;45;47;51m[48;2;94;57;65m▄[38;2;44;47;50m[48;2;94;55;63m▄[38;2;43;47;50m[48;2;97;54;63m▄[38;2;42;46;49m[48;2;104;59;67m▄[38;2;40;45;46m[48;2;112;62;75m▄[38;2;39;44;45m[48;2;115;64;77m▄[38;2;36;43;44m[48;2;116;64;77m▄[38;2;36;42;45m[48;2;114;64;76m▄[38;2;36;42;44m[48;2;112;62;74m▄[38;2;35;42;44m[48;2;110;60;72m▄[38;2;35;42;44m[48;2;106;58;70m▄[38;2;36;42;44m[48;2;97;56;66m▄[38;2;36;42;44m[48;2;89;53;61m▄[38;2;36;41;44m[48;2;84;51;59m▄[38;2;36;41;43m[48;2;82;50;59m▄[38;2;36;41;43m[48;2;71;45;51m▄[38;2;36;41;43m[48;2;67;46;51m▄[38;2;36;40;41m[48;2;71;62;65m▄[38;2;36;38;39m[48;2;71;70;71m▄[38;2;37;37;40m[48;2;64;63;66m▄[38;2;38;39;40m[48;2;53;52;54m▄[38;2;37;39;39m[48;2;56;55;56m▄[38;2;37;38;40m[48;2;58;56;58m▄[38;2;37;37;39m[48;2;58;56;58m▄[38;2;36;36;38m[48;2;67;65;68m▄[38;2;37;36;38m[48;2;67;65;66m▄[38;2;37;37;38m[48;2;65;63;65m▄[38;2;35;36;37m[48;2;66;63;65m▄[38;2;33;33;35m[48;2;66;65;67m▄[38;2;23;24;26m[48;2;56;55;56m▄[38;2;22;23;25m[48;2;65;64;64m▄[0m
