[38;2;254;254;254m[48;2;254;254;254m▄[38;2;255;255;255m[48;2;254;254;254m▄[38;2;255;255;255m[48;2;254;254;254m▄[38;2;255;255;255m[48;2;254;254;254m▄[38;2;255;255;255m[48;2;254;254;254m▄[38;2;255;255;255m[48;2;254;254;254m▄[38;2;255;255;255m[48;2;254;254;254m▄[38;2;255;255;255m[48;2;254;254;254m▄[38;2;255;255;255m[48;2;254;254;254m▄[38;2;255;255;255m[48;2;254;254;254m▄[38;2;255;255;255m[48;2;254;254;254m▄[38;2;255;255;255m[48;2;254;254;254m▄[38;2;255;255;255m[48;2;254;254;254m▄[38;2;255;255;255m[48;2;254;254;254m▄[38;2;255;255;255m[48;2;254;254;254m▄[38;2;255;255;255m[48;2;254;254;254m▄[38;2;255;255;255m[48;2;254;254;254m▄[38;2;255;255;255m[48;2;254;254;254m▄[38;2;255;255;255m[48;2;254;254;254m▄[38;2;255;255;255m[48;2;254;254;254m▄[38;2;255;255;255m[48;2;254;254;254m▄[38;2;255;255;255m[48;2;254;254;254m▄[38;2;255;255;255m[48;2;254;254;254m▄[38;2;255;255;255m[48;2;254;254;254m▄[38;2;255;255;255m[48;2;254;254;254m▄[38;2;255;255;255m[48;2;254;254;254m▄[38;2;255;255;255m[48;2;254;254;254m▄[38;2;255;255;255m[48;2;254;254;254m▄[38;2;255;255;255m[48;2;254;254;254m▄[38;2;255;255;255m[48;2;254;254;254m▄[38;2;255;255;255m[48;2;254;254;254m▄[38;2;255;255;255m[48;2;254;254;254m▄[38;2;255;255;255m[48;2;254;254;254m▄[38;2;255;255;255m[48;2;254;254;254m▄[38;2;255;255;255m[48;2;254;254;254m▄[38;2;255;255;255m[48;2;254;254;254m▄[38;2;255;255;255m[48;2;254;254;254m▄[38;2;255;255;255m[48;2;254;254;254m▄[38;2;255;255;255m[48;2;254;254;254m▄[38;2;255;255;255m[48;2;254;254;254m▄[38;2;255;255;255m[48;2;254;254;254m▄[38;2;255;255;255m[48;2;254;254;254m▄[38;2;255;255;255m[48;2;254;254;254m▄[38;2;255;255;255m[48;2;254;254;254m▄[38;2;255;255;255m[48;2;254;254;254m▄[38;2;255;255;255m[48;2;254;254;254m▄[38;2;255;255;255m[48;2;254;254;254m▄[38;2;255;255;255m[48;2;254;254;254m▄[38;2;255;255;255m[48;2;254;254;254m▄[38;2;255;255;255m[48;2;254;254;254m▄[38;2;255;255;255m[48;2;254;254;254m▄[38;2;255;255;255m[48;2;254;254;254m▄[38;2;255;255;255m[48;2;254;254;254m▄[38;2;255;255;255m[48;2;254;254;254m▄[38;2;255;255;255m[48;2;254;254;254m▄[38;2;255;255;255m[48;2;254;254;254m▄[38;2;255;255;255m[48;2;254;254;254m▄[38;2;255;255;255m[48;2;254;254;254m▄[38;2;255;255;255m[48;2;254;254;254m▄[38;2;255;255;255m[48;2;254;254;254m▄[0m
[38;2;254;254;254m[48;2;254;254;254m▄[38;2;255;255;255m[48;2;255;255;255m▄[38;2;255;255;255m[48;2;255;255;255m▄[38;2;255;255;255m[48;2;255;255;255m▄[38;2;255;255;255m[48;2;255;255;255m▄[38;2;255;255;255m[48;2;255;255;255m▄[38;2;255;255;255m[48;2;255;255;255m▄[38;2;255;255;255m[48;2;255;255;255m▄[38;2;255;255;255m[48;2;255;255;255m▄[38;2;255;255;255m[48;2;255;255;255m▄[38;2;255;255;255m[48;2;255;255;255m▄[38;2;255;255;255m[48;2;255;255;255m▄[38;2;255;255;255m[48;2;255;255;255m▄[38;2;255;255;255m[48;2;255;255;255m▄[38;2;255;255;255m[48;2;255;255;255m▄[38;2;255;255;255m[48;2;255;255;255m▄[38;2;255;255;255m[48;2;255;255;255m▄[38;2;255;255;255m[48;2;255;255;255m▄[38;2;255;255;255m[48;2;255;255;255m▄[38;2;255;255;255m[48;2;255;255;255m▄[38;2;255;255;255m[48;2;255;255;255m▄[38;2;255;255;255m[48;2;255;255;255m▄[38;2;255;255;255m[48;2;255;255;255m▄[38;2;255;255;255m[48;2;255;255;255m▄[38;2;255;255;255m[48;2;255;255;255m▄[38;2;255;255;255m[48;2;255;255;255m▄[38;2;246;244;243m[48;2;255;255;255m▄[38;2;210;198;196m[48;2;255;255;255m▄[38;2;139;118;113m[48;2;208;209;208m▄[38;2;114;90;82m[48;2;186;182;179m▄[38;2;115;92;85m[48;2;185;180;177m▄[38;2;129;106;100m[48;2;208;207;206m▄[38;2;191;176;172m[48;2;255;255;255m▄[38;2;236;233;232m[48;2;255;255;255m▄[38;2;255;255;255m[48;2;255;255;255m▄[38;2;255;255;255m[48;2;255;255;255m▄[38;2;255;255;255m[48;2;255;255;255m▄[38;2;255;255;255m[48;2;255;255;255m▄[38;2;255;255;255m[48;2;255;255;255m▄[38;2;255;255;255m[48;2;255;255;255m▄[38;2;255;255;255m[48;2;255;255;255m▄[38;2;255;255;255m[48;2;255;255;255m▄[38;2;255;255;255m[48;2;255;255;255m▄[38;2;255;255;255m[48;2;255;255;255m▄[38;2;255;255;255m[48;2;255;255;255m▄[38;2;255;255;255m[48;2;255;255;255m▄[38;2;255;255;255m[48;2;255;255;255m▄[38;2;255;255;255m[48;2;255;255;255m▄[38;2;255;255;255m[48;2;255;255;255m▄[38;2;255;255;255m[48;2;255;255;255m▄[38;2;255;255;255m[48;2;255;255;255m▄[38;2;255;255;255m[48;2;255;255;255m▄[38;2;255;255;255m[48;2;255;255;255m▄[38;2;255;255;255m[48;2;255;255;255m▄[38;2;255;255;255m[48;2;255;255;255m▄[38;2;255;255;255m[48;2;255;255;255m▄[38;2;255;255;255m[48;2;255;255;255m▄[38;2;255;255;255m[48;2;255;255;255m▄[38;2;255;255;255m[48;2;255;255;255m▄[38;2;255;255;255m[48;2;255;255;255m▄[0m
[38;2;254;254;254m[48;2;254;254;254m▄[38;2;255;255;255m[48;2;255;255;255m▄[38;2;255;255;255m[48;2;255;255;255m▄[38;2;255;255;255m[48;2;255;255;255m▄[38;2;255;255;255m[48;2;255;255;255m▄[38;2;255;255;255m[48;2;255;255;255m▄[38;2;255;255;255m[48;2;255;255;255m▄[38;2;255;255;255m[48;2;255;255;255m▄[38;2;255;255;255m[48;2;255;255;255m▄[38;2;255;255;255m[48;2;255;255;255m▄[38;2;255;255;255m[48;2;255;255;255m▄[38;2;255;255;255m[48;2;255;255;255m▄[38;2;255;255;255m[48;2;255;255;255m▄[38;2;255;255;255m[48;2;255;255;255m▄[38;2;255;255;255m[48;2;255;255;255m▄[38;2;255;255;255m[48;2;255;255;255m▄[38;2;255;255;255m[48;2;255;255;255m▄[38;2;255;255;255m[48;2;255;255;255m▄[38;2;255;255;255m[48;2;255;255;255m▄[38;2;255;255;255m[48;2;255;255;255m▄[38;2;255;255;255m[48;2;255;255;255m▄[38;2;255;255;255m[48;2;255;255;255m▄[38;2;255;255;255m[48;2;255;255;255m▄[38;2;253;253;253m[48;2;255;255;255m▄[38;2;181;171;168m[48;2;255;255;255m▄[38;2;108;82;72m[48;2;219;213;211m▄[38;2;102;78;70m[48;2;128;105;98m▄[38;2;99;77;71m[48;2;117;79;70m▄[38;2;112;85;78m[48;2;134;94;85m▄[38;2;108;84;77m[48;2;134;99;90m▄[38;2;106;83;77m[48;2;131;98;90m▄[38;2;111;86;78m[48;2;136;98;89m▄[38;2;100;79;72m[48;2;114;79;71m▄[38;2;102;79;72m[48;2;114;90;83m▄[38;2;108;81;73m[48;2;193;183;180m▄[38;2;155;143;138m[48;2;255;255;255m▄[38;2;239;237;236m[48;2;255;255;255m▄[38;2;255;255;255m[48;2;255;255;255m▄[38;2;255;255;255m[48;2;255;255;255m▄[38;2;255;255;255m[48;2;255;255;255m▄[38;2;255;255;255m[48;2;255;255;255m▄[38;2;255;255;255m[48;2;255;255;255m▄[38;2;255;255;255m[48;2;255;255;255m▄[38;2;255;255;255m[48;2;255;255;255m▄[38;2;255;255;255m[48;2;255;255;255m▄[38;2;255;255;255m[48;2;255;255;255m▄[38;2;255;255;255m[48;2;255;255;255m▄[38;2;255;255;255m[48;2;255;255;255m▄[38;2;255;255;255m[48;2;255;255;255m▄[38;2;255;255;255m[48;2;255;255;255m▄[38;2;255;255;255m[48;2;255;255;255m▄[38;2;255;255;255m[48;2;255;255;255m▄[38;2;255;255;255m[48;2;255;255;255m▄[38;2;255;255;255m[48;2;255;255;255m▄[38;2;255;255;255m[48;2;255;255;255m▄[38;2;255;255;255m[48;2;255;255;255m▄[38;2;255;255;255m[48;2;255;255;255m▄[38;2;255;255;255m[48;2;255;255;255m▄[38;2;255;255;255m[48;2;255;255;255m▄[38;2;255;255;255m[48;2;255;255;255m▄[0m
[38;2;254;254;254m[48;2;254;254;254m▄[38;2;255;255;255m[48;2;255;255;255m▄[38;2;255;255;255m[48;2;255;255;255m▄[38;2;255;255;255m[48;2;255;255;255m▄[38;2;255;255;255m[48;2;255;255;255m▄[38;2;255;255;255m[48;2;255;255;255m▄[38;2;255;255;255m[48;2;255;255;255m▄[38;2;255;255;255m[48;2;255;255;255m▄[38;2;255;255;255m[48;2;255;255;255m▄[38;2;255;255;255m[48;2;255;255;255m▄[38;2;255;255;255m[48;2;255;255;255m▄[38;2;255;255;255m[48;2;255;255;255m▄[38;2;255;255;255m[48;2;255;255;255m▄[38;2;255;255;255m[48;2;255;255;255m▄[38;2;255;255;255m[48;2;255;255;255m▄[38;2;247;247;244m[48;2;255;255;255m▄[38;2;237;208;173m[48;2;255;255;255m▄[38;2;227;184;139m[48;2;255;255;255m▄[38;2;237;223;207m[48;2;255;255;255m▄[38;2;255;255;255m[48;2;255;255;255m▄[38;2;214;224;228m[48;2;255;255;255m▄[38;2;160;186;194m[48;2;255;255;255m▄[38;2;197;214;212m[48;2;255;255;255m▄[38;2;217;214;206m[48;2;254;254;255m▄[38;2;198;195;193m[48;2;151;141;136m▄[38;2;204;199;197m[48;2;103;83;75m▄[38;2;125;102;95m[48;2;110;87;79m▄[38;2;119;89;80m[48;2;122;93;83m▄[38;2;120;91;83m[48;2;129;97;87m▄[38;2;117;90;82m[48;2;128;95;87m▄[38;2;114;90;81m[48;2;127;96;88m▄[38;2;121;93;83m[48;2;132;97;91m▄[38;2;121;93;82m[48;2;127;96;89m▄[38;2;106;80;70m[48;2;115;91;83m▄[38;2;176;165;162m[48;2;111;89;82m▄[38;2;208;206;204m[48;2;125;109;103m▄[38;2;205;208;202m[48;2;228;224;223m▄[38;2;229;219;215m[48;2;255;255;255m▄[38;2;191;152;151m[48;2;255;255;255m▄[38;2;193;163;161m[48;2;255;255;255m▄[38;2;248;245;245m[48;2;255;255;255m▄[38;2;255;255;255m[48;2;255;255;255m▄[38;2;246;242;247m[48;2;255;255;255m▄[38;2;214;197;220m[48;2;255;255;255m▄[38;2;209;194;215m[48;2;255;255;255m▄[38;2;252;250;254m[48;2;255;255;255m▄[38;2;255;255;255m[48;2;255;255;255m▄[38;2;255;255;255m[48;2;255;255;255m▄[38;2;255;255;255m[48;2;255;255;255m▄[38;2;255;255;255m[48;2;255;255;255m▄[38;2;255;255;255m[48;2;255;255;255m▄[38;2;255;255;255m[48;2;255;255;255m▄[38;2;255;255;255m[48;2;255;255;255m▄[38;2;255;255;255m[48;2;255;255;255m▄[38;2;255;255;255m[48;2;255;255;255m▄[38;2;255;255;255m[48;2;255;255;255m▄[38;2;255;255;255m[48;2;255;255;255m▄[38;2;255;255;255m[48;2;255;255;255m▄[38;2;255;255;255m[48;2;255;255;255m▄[38;2;255;255;255m[48;2;255;255;255m▄[0m
[38;2;254;254;254m[48;2;254;254;254m▄[38;2;255;255;255m[48;2;255;255;255m▄[38;2;255;255;255m[48;2;255;255;255m▄[38;2;255;255;255m[48;2;255;255;255m▄[38;2;255;255;255m[48;2;255;255;255m▄[38;2;255;255;255m[48;2;255;255;255m▄[38;2;255;255;255m[48;2;255;255;255m▄[38;2;255;255;255m[48;2;255;255;255m▄[38;2;255;255;255m[48;2;255;255;255m▄[38;2;255;255;255m[48;2;255;255;255m▄[38;2;255;255;255m[48;2;255;255;255m▄[38;2;255;255;255m[48;2;255;255;255m▄[38;2;255;255;255m[48;2;255;255;255m▄[38;2;255;255;255m[48;2;255;255;255m▄[38;2;255;255;255m[48;2;254;254;255m▄[38;2;233;235;231m[48;2;195;200;193m▄[38;2;155;161;147m[48;2;158;151;123m▄[38;2;151;153;140m[48;2;175;139;94m▄[38;2;169;171;162m[48;2;173;156;134m▄[38;2;231;232;227m[48;2;233;234;228m▄[38;2;188;189;163m[48;2;168;171;161m▄[38;2;161;160;134m[48;2;131;140;128m▄[38;2;158;157;142m[48;2;139;145;123m▄[38;2;217;217;212m[48;2;201;201;187m▄[38;2;255;255;255m[48;2;247;247;247m▄[38;2;255;255;255m[48;2;255;255;255m▄[38;2;243;243;243m[48;2;140;125;119m▄[38;2;198;195;193m[48;2;108;88;81m▄[38;2;167;159;157m[48;2;125;106;101m▄[38;2;186;176;176m[48;2;123;104;100m▄[38;2;185;170;171m[48;2;117;100;95m▄[38;2;160;148;146m[48;2;119;103;96m▄[38;2;178;171;169m[48;2;123;104;97m▄[38;2;237;235;235m[48;2;109;89;82m▄[38;2;242;239;240m[48;2;190;183;181m▄[38;2;252;249;250m[48;2;255;255;255m▄[38;2;255;255;255m[48;2;212;214;207m▄[38;2;166;166;152m[48;2;154;152;133m▄[38;2;152;155;137m[48;2;141;118;103m▄[38;2;141;145;125m[48;2;135;114;100m▄[38;2;200;202;192m[48;2;203;200;192m▄[38;2;239;239;232m[48;2;244;244;240m▄[38;2;197;195;182m[48;2;207;207;195m▄[38;2;155;155;134m[48;2;159;144;151m▄[38;2;158;156;132m[48;2;147;126;143m▄[38;2;188;186;171m[48;2;196;193;191m▄[38;2;249;249;248m[48;2;253;252;252m▄[38;2;255;255;255m[48;2;255;255;255m▄[38;2;255;255;255m[48;2;255;255;255m▄[38;2;255;255;255m[48;2;255;255;255m▄[38;2;255;255;255m[48;2;255;255;255m▄[38;2;255;255;255m[48;2;255;255;255m▄[38;2;255;255;255m[48;2;255;255;255m▄[38;2;255;255;255m[48;2;255;255;255m▄[38;2;255;255;255m[48;2;255;255;255m▄[38;2;255;255;255m[48;2;255;255;255m▄[38;2;255;255;255m[48;2;255;255;255m▄[38;2;255;255;255m[48;2;255;255;255m▄[38;2;255;255;255m[48;2;255;255;255m▄[38;2;255;255;255m[48;2;255;255;255m▄[0m
[38;2;254;254;254m[48;2;254;254;254m▄[38;2;255;255;255m[48;2;255;255;255m▄[38;2;255;255;255m[48;2;255;255;255m▄[38;2;255;255;255m[48;2;255;255;255m▄[38;2;255;255;255m[48;2;255;255;255m▄[38;2;255;255;255m[48;2;255;255;255m▄[38;2;255;255;255m[48;2;255;255;255m▄[38;2;255;255;255m[48;2;255;255;255m▄[38;2;255;255;255m[48;2;255;255;255m▄[38;2;255;255;255m[48;2;255;255;255m▄[38;2;255;255;255m[48;2;255;255;255m▄[38;2;255;255;255m[48;2;255;255;255m▄[38;2;255;255;255m[48;2;255;255;255m▄[38;2;255;255;255m[48;2;255;255;255m▄[38;2;255;255;255m[48;2;255;255;255m▄[38;2;247;247;247m[48;2;251;252;252m▄[38;2;233;232;233m[48;2;215;220;218m▄[38;2;233;233;233m[48;2;214;216;216m▄[38;2;236;236;236m[48;2;234;235;234m▄[38;2;246;246;246m[48;2;255;255;255m▄[38;2;238;237;240m[48;2;231;233;220m▄[38;2;232;232;234m[48;2;230;232;222m▄[38;2;230;230;230m[48;2;239;239;239m▄[38;2;248;248;249m[48;2;229;229;227m▄[38;2;255;255;255m[48;2;255;255;255m▄[38;2;255;255;255m[48;2;255;255;255m▄[38;2;248;248;248m[48;2;255;255;255m▄[38;2;239;239;239m[48;2;255;255;255m▄[38;2;241;241;242m[48;2;195;191;189m▄[38;2;239;239;239m[48;2;238;239;238m▄[38;2;240;242;241m[48;2;231;228;228m▄[38;2;241;243;243m[48;2;204;193;193m▄[38;2;240;241;241m[48;2;216;208;208m▄[38;2;246;246;246m[48;2;243;238;239m▄[38;2;250;250;250m[48;2;239;233;235m▄[38;2;241;242;242m[48;2;220;211;212m▄[38;2;252;252;252m[48;2;252;251;251m▄[38;2;236;236;237m[48;2;219;220;216m▄[38;2;232;232;233m[48;2;221;222;219m▄[38;2;235;235;236m[48;2;203;207;198m▄[38;2;243;242;243m[48;2;243;244;241m▄[38;2;247;247;247m[48;2;255;255;255m▄[38;2;241;241;242m[48;2;232;231;230m▄[38;2;233;233;233m[48;2;233;233;232m▄[38;2;233;234;235m[48;2;227;226;219m▄[38;2;238;238;240m[48;2;241;240;233m▄[38;2;252;252;252m[48;2;255;255;255m▄[38;2;255;255;255m[48;2;255;255;255m▄[38;2;255;255;255m[48;2;255;255;255m▄[38;2;255;255;255m[48;2;255;255;255m▄[38;2;255;255;255m[48;2;255;255;255m▄[38;2;255;255;255m[48;2;255;255;255m▄[38;2;255;255;255m[48;2;255;255;255m▄[38;2;255;255;255m[48;2;255;255;255m▄[38;2;255;255;255m[48;2;255;255;255m▄[38;2;255;255;255m[48;2;255;255;255m▄[38;2;255;255;255m[48;2;255;255;255m▄[38;2;255;255;255m[48;2;255;255;255m▄[38;2;255;255;255m[48;2;255;255;255m▄[38;2;255;255;255m[48;2;255;255;255m▄[0m
[38;2;254;254;254m[48;2;254;254;254m▄[38;2;255;255;255m[48;2;255;255;255m▄[38;2;255;255;255m[48;2;255;255;255m▄[38;2;255;255;255m[48;2;255;255;255m▄[38;2;255;255;255m[48;2;255;255;255m▄[38;2;255;255;255m[48;2;255;255;255m▄[38;2;255;255;255m[48;2;255;255;255m▄[38;2;255;255;255m[48;2;255;255;255m▄[38;2;255;255;255m[48;2;255;255;255m▄[38;2;255;255;255m[48;2;255;255;255m▄[38;2;255;255;255m[48;2;255;255;255m▄[38;2;255;255;255m[48;2;255;255;255m▄[38;2;255;255;255m[48;2;255;255;255m▄[38;2;255;255;255m[48;2;255;255;255m▄[38;2;255;255;255m[48;2;255;255;255m▄[38;2;255;255;255m[48;2;248;248;248m▄[38;2;255;255;255m[48;2;247;247;247m▄[38;2;255;255;255m[48;2;246;246;246m▄[38;2;255;255;255m[48;2;248;248;248m▄[38;2;255;255;255m[48;2;253;253;253m▄[38;2;255;255;255m[48;2;249;249;249m▄[38;2;255;255;255m[48;2;246;246;246m▄[38;2;255;255;255m[48;2;246;246;246m▄[38;2;255;255;255m[48;2;251;251;251m▄[38;2;255;255;255m[48;2;254;254;254m▄[38;2;254;254;254m[48;2;255;255;255m▄[38;2;254;254;254m[48;2;247;247;247m▄[38;2;253;253;253m[48;2;247;247;247m▄[38;2;253;253;253m[48;2;250;250;250m▄[38;2;253;253;253m[48;2;249;249;249m▄[38;2;252;252;252m[48;2;249;249;249m▄[38;2;252;252;252m[48;2;248;248;248m▄[38;2;251;251;251m[48;2;245;245;245m▄[38;2;251;251;251m[48;2;240;241;241m▄[38;2;253;253;253m[48;2;247;247;247m▄[38;2;254;254;254m[48;2;252;252;252m▄[38;2;254;254;254m[48;2;248;248;248m▄[38;2;255;255;255m[48;2;244;244;244m▄[38;2;255;255;255m[48;2;244;244;244m▄[38;2;255;255;255m[48;2;246;246;246m▄[38;2;255;255;255m[48;2;252;252;252m▄[38;2;255;255;255m[48;2;254;254;254m▄[38;2;255;255;255m[48;2;252;252;252m▄[38;2;255;255;255m[48;2;251;251;251m▄[38;2;255;255;255m[48;2;251;251;251m▄[38;2;255;255;255m[48;2;253;253;253m▄[38;2;255;255;255m[48;2;255;255;255m▄[38;2;255;255;255m[48;2;255;255;255m▄[38;2;255;255;255m[48;2;255;255;255m▄[38;2;255;255;255m[48;2;255;255;255m▄[38;2;255;255;255m[48;2;255;255;255m▄[38;2;255;255;255m[48;2;255;255;255m▄[38;2;255;255;255m[48;2;255;255;255m▄[38;2;255;255;255m[48;2;255;255;255m▄[38;2;255;255;255m[48;2;255;255;255m▄[38;2;255;255;255m[48;2;255;255;255m▄[38;2;255;255;255m[48;2;255;255;255m▄[38;2;255;255;255m[48;2;255;255;255m▄[38;2;255;255;255m[48;2;255;255;255m▄[38;2;255;255;255m[48;2;255;255;255m▄[0m
[38;2;254;254;254m[48;2;254;254;254m▄[38;2;255;255;255m[48;2;255;255;255m▄[38;2;255;255;255m[48;2;255;255;255m▄[38;2;255;255;255m[48;2;255;255;255m▄[38;2;254;254;254m[48;2;255;255;255m▄[38;2;245;244;242m[48;2;255;255;255m▄[38;2;243;249;245m[48;2;255;255;255m▄[38;2;242;249;244m[48;2;255;255;255m▄[38;2;228;226;223m[48;2;255;255;255m▄[38;2;218;216;214m[48;2;255;255;255m▄[38;2;213;223;218m[48;2;255;255;255m▄[38;2;196;207;200m[48;2;255;255;255m▄[38;2;216;222;219m[48;2;255;255;255m▄[38;2;232;233;230m[48;2;255;255;255m▄[38;2;225;220;219m[48;2;255;255;255m▄[38;2;246;250;247m[48;2;255;255;255m▄[38;2;255;255;255m[48;2;255;255;255m▄[38;2;237;236;238m[48;2;255;255;255m▄[38;2;247;247;248m[48;2;255;255;255m▄[38;2;230;231;230m[48;2;255;255;255m▄[38;2;197;203;197m[48;2;255;255;255m▄[38;2;210;216;216m[48;2;255;255;255m▄[38;2;255;255;255m[48;2;255;255;255m▄[38;2;255;255;255m[48;2;255;255;255m▄[38;2;255;255;255m[48;2;255;255;255m▄[38;2;255;255;255m[48;2;255;255;255m▄[38;2;255;255;255m[48;2;255;255;255m▄[38;2;255;255;255m[48;2;255;255;255m▄[38;2;255;255;255m[48;2;255;255;255m▄[38;2;255;255;255m[48;2;254;254;254m▄[38;2;255;255;255m[48;2;254;254;254m▄[38;2;255;255;255m[48;2;254;254;254m▄[38;2;255;255;255m[48;2;254;254;254m▄[38;2;255;255;255m[48;2;255;255;255m▄[38;2;255;255;255m[48;2;255;255;255m▄[38;2;255;255;255m[48;2;255;255;255m▄[38;2;255;255;255m[48;2;255;255;255m▄[38;2;255;255;255m[48;2;255;255;255m▄[38;2;255;255;255m[48;2;255;255;255m▄[38;2;220;212;208m[48;2;255;255;255m▄[38;2;189;186;176m[48;2;255;255;255m▄[38;2;225;224;222m[48;2;255;255;255m▄[38;2;255;255;255m[48;2;255;255;255m▄[38;2;255;255;255m[48;2;255;255;255m▄[38;2;255;255;255m[48;2;255;255;255m▄[38;2;255;255;255m[48;2;255;255;255m▄[38;2;255;255;255m[48;2;255;255;255m▄[38;2;255;255;255m[48;2;255;255;255m▄[38;2;255;255;255m[48;2;255;255;255m▄[38;2;246;245;246m[48;2;255;255;255m▄[38;2;223;220;216m[48;2;255;255;255m▄[38;2;225;223;220m[48;2;255;255;255m▄[38;2;255;255;255m[48;2;255;255;255m▄[38;2;255;255;255m[48;2;255;255;255m▄[38;2;212;208;207m[48;2;255;255;255m▄[38;2;173;167;162m[48;2;223;220;219m▄[38;2;243;242;242m[48;2;224;222;220m▄[38;2;255;255;255m[48;2;255;255;255m▄[38;2;255;255;255m[48;2;255;255;255m▄[38;2;255;255;255m[48;2;255;255;255m▄[0m
[38;2;254;254;254m[48;2;254;254;254m▄[38;2;255;255;255m[48;2;255;255;255m▄[38;2;255;255;255m[48;2;255;255;255m▄[38;2;255;255;255m[48;2;255;255;255m▄[38;2;254;254;254m[48;2;239;236;234m▄[38;2;237;236;236m[48;2;127;112;103m▄[38;2;223;221;221m[48;2;122;127;116m▄[38;2;168;171;153m[48;2;146;164;150m▄[38;2;158;165;128m[48;2;125;131;116m▄[38;2;165;160;131m[48;2;114;108;88m▄[38;2;184;163;126m[48;2;142;142;117m▄[38;2;172;163;127m[48;2;130;129;106m▄[38;2;166;176;133m[48;2;132;144;123m▄[38;2;156;162;125m[48;2;131;137;123m▄[38;2;167;175;162m[48;2;117;120;108m▄[38;2;226;229;226m[48;2;144;161;145m▄[38;2;172;174;154m[48;2;131;131;123m▄[38;2;141;143;106m[48;2;129;123;120m▄[38;2;115;114;107m[48;2;137;136;136m▄[38;2;134;131;110m[48;2;155;162;144m▄[38;2;91;76;62m[48;2;109;110;98m▄[38;2;124;120;96m[48;2;110;108;108m▄[38;2;139;142;107m[48;2;198;197;187m▄[38;2;175;183;144m[48;2;243;244;237m▄[38;2;235;238;223m[48;2;255;255;255m▄[38;2;255;255;255m[48;2;255;255;255m▄[38;2;255;255;255m[48;2;255;255;255m▄[38;2;255;255;255m[48;2;255;255;255m▄[38;2;255;255;255m[48;2;255;255;255m▄[38;2;255;255;255m[48;2;255;255;255m▄[38;2;255;255;255m[48;2;255;255;255m▄[38;2;255;255;255m[48;2;255;255;255m▄[38;2;255;255;255m[48;2;255;255;255m▄[38;2;255;255;255m[48;2;255;255;255m▄[38;2;255;255;255m[48;2;255;255;255m▄[38;2;249;251;248m[48;2;255;255;255m▄[38;2;181;183;172m[48;2;255;255;255m▄[38;2;127;129;110m[48;2;246;247;244m▄[38;2;147;153;120m[48;2;223;222;217m▄[38;2;165;176;135m[48;2;144;140;118m▄[38;2;160;140;114m[48;2;117;97;75m▄[38;2;157;144;118m[48;2;143;133;117m▄[38;2;156;156;122m[48;2;226;228;218m▄[38;2;164;169;135m[48;2;248;248;247m▄[38;2;181;183;166m[48;2;255;255;255m▄[38;2;255;255;255m[48;2;255;255;255m▄[38;2;249;249;246m[48;2;255;255;255m▄[38;2;196;194;181m[48;2;255;255;255m▄[38;2;166;169;142m[48;2;250;250;249m▄[38;2;168;173;141m[48;2;195;192;183m▄[38;2;159;164;135m[48;2;146;139;126m▄[38;2;152;146;139m[48;2;132;123;122m▄[38;2;151;147;133m[48;2;213;212;201m▄[38;2;149;145;138m[48;2;228;226;226m▄[38;2;202;202;187m[48;2;196;192;196m▄[38;2;249;248;242m[48;2;252;252;253m▄[38;2;255;255;255m[48;2;255;255;255m▄[38;2;255;255;255m[48;2;255;255;255m▄[38;2;255;255;255m[48;2;255;255;255m▄[38;2;255;255;255m[48;2;255;255;255m▄[0m
[38;2;254;254;254m[48;2;254;254;254m▄[38;2;255;255;255m[48;2;255;255;255m▄[38;2;255;255;255m[48;2;255;255;255m▄[38;2;255;255;255m[48;2;255;255;255m▄[38;2;255;255;255m[48;2;255;255;255m▄[38;2;255;255;255m[48;2;255;255;255m▄[38;2;237;237;236m[48;2;247;247;246m▄[38;2;122;113;104m[48;2;153;153;124m▄[38;2;113;102;89m[48;2;150;152;115m▄[38;2;126;116;100m[48;2;161;162;132m▄[38;2;125;117;102m[48;2;174;164;126m▄[38;2;119;110;95m[48;2;168;163;128m▄[38;2;113;102;88m[48;2;157;161;127m▄[38;2;103;94;79m[48;2;156;159;118m▄[38;2;162;158;148m[48;2;174;175;152m▄[38;2;200;198;194m[48;2;212;210;208m▄[38;2;105;98;85m[48;2;148;150;123m▄[38;2;100;87;80m[48;2;152;155;118m▄[38;2;86;72;65m[48;2;120;114;101m▄[38;2;103;91;79m[48;2;79;59;54m▄[38;2;105;92;79m[48;2;136;134;106m▄[38;2;121;111;96m[48;2;166;171;130m▄[38;2;106;99;83m[48;2;163;165;130m▄[38;2;129;124;117m[48;2;112;109;84m▄[38;2;183;179;179m[48;2;102;92;73m▄[38;2;175;174;163m[48;2;168;161;151m▄[38;2;171;175;154m[48;2;245;246;240m▄[38;2;152;148;137m[48;2;255;255;255m▄[38;2;168;149;134m[48;2;219;215;216m▄[38;2;149;110;98m[48;2;220;215;215m▄[38;2;145;90;84m[48;2;208;204;202m▄[38;2;168;116;109m[48;2;227;228;228m▄[38;2;190;153;149m[48;2;255;255;255m▄[38;2;234;229;228m[48;2;255;255;255m▄[38;2;151;144;136m[48;2;240;238;237m▄[38;2;89;77;66m[48;2;168;173;154m▄[38;2;91;86;75m[48;2;120;130;99m▄[38;2;109;105;88m[48;2;125;131;104m▄[38;2;146;143;116m[48;2;172;179;137m▄[38;2;143;138;113m[48;2;169;178;138m▄[38;2;130;122;100m[48;2;157;139;116m▄[38;2;141;133;112m[48;2;165;160;130m▄[38;2;142;137;120m[48;2;169;174;140m▄[38;2;138;133;117m[48;2;166;170;132m▄[38;2;119;114;100m[48;2;138;141;110m▄[38;2;81;72;62m[48;2;188;188;179m▄[38;2;106;95;87m[48;2;185;179;168m▄[38;2;115;110;93m[48;2;150;149;117m▄[38;2;132;126;103m[48;2;164;168;133m▄[38;2;123;118;96m[48;2;165;169;139m▄[38;2;126;119;102m[48;2;173;180;140m▄[38;2;118;106;105m[48;2;163;159;153m▄[38;2;122;112;98m[48;2;154;144;146m▄[38;2;122;116;93m[48;2;155;157;136m▄[38;2;124;118;100m[48;2;160;164;130m▄[38;2;153;150;142m[48;2;134;129;107m▄[38;2;159;152;150m[48;2;154;144;134m▄[38;2;218;215;214m[48;2;204;198;195m▄[38;2;255;255;255m[48;2;255;255;255m▄[38;2;255;255;255m[48;2;255;255;255m▄[0m
[38;2;254;254;254m[48;2;254;254;254m▄[38;2;255;255;255m[48;2;255;255;255m▄[38;2;255;255;255m[48;2;255;255;255m▄[38;2;255;255;255m[48;2;255;255;255m▄[38;2;255;255;255m[48;2;255;255;255m▄[38;2;255;255;255m[48;2;255;255;255m▄[38;2;253;253;252m[48;2;255;255;255m▄[38;2;189;211;194m[48;2;193;199;191m▄[38;2;169;202;178m[48;2;118;121;106m▄[38;2;144;150;140m[48;2;130;125;110m▄[38;2;204;201;197m[48;2;135;129;112m▄[38;2;215;218;212m[48;2;129;126;110m▄[38;2;162;176;162m[48;2;130;131;116m▄[38;2;145;161;143m[48;2;126;130;118m▄[38;2;169;175;166m[48;2;207;211;207m▄[38;2;255;255;255m[48;2;255;255;255m▄[38;2;230;231;224m[48;2;172;171;160m▄[38;2;178;187;151m[48;2;104;98;86m▄[38;2;177;183;153m[48;2;119;113;101m▄[38;2;188;187;179m[48;2;139;136;120m▄[38;2;220;222;211m[48;2;98;87;74m▄[38;2;174;177;151m[48;2;111;105;89m▄[38;2;190;198;161m[48;2;146;147;126m▄[38;2;222;227;206m[48;2;227;229;219m▄[38;2;255;255;255m[48;2;255;255;255m▄[38;2;186;165;164m[48;2;255;255;255m▄[38;2;124;74;70m[48;2;158;130;128m▄[38;2;121;77;72m[48;2;111;82;72m▄[38;2;128;79;75m[48;2;150;138;116m▄[38;2;128;80;75m[48;2;139;116;102m▄[38;2;129;81;74m[48;2;153;96;87m▄[38;2;130;83;76m[48;2;160;92;83m▄[38;2;119;78;73m[48;2;138;75;69m▄[38;2;114;95;94m[48;2;133;108;107m▄[38;2;113;106;98m[48;2;153;151;140m▄[38;2;114;113;100m[48;2;103;104;86m▄[38;2;136;140;121m[48;2;95;93;82m▄[38;2;139;147;122m[48;2;103;100;86m▄[38;2;127;131;110m[48;2;124;119;104m▄[38;2;140;141;125m[48;2;120;113;98m▄[38;2;177;175;163m[48;2;114;108;93m▄[38;2;138;135;120m[48;2;131;123;110m▄[38;2;138;137;122m[48;2;133;124;112m▄[38;2;116;118;100m[48;2;121;114;104m▄[38;2;194;196;188m[48;2;109;106;98m▄[38;2;255;255;254m[48;2;172;167;160m▄[38;2;143;139;128m[48;2;110;101;87m▄[38;2;165;160;133m[48;2;105;99;86m▄[38;2;154;144;122m[48;2;126;122;105m▄[38;2;117;104;94m[48;2;115;104;91m▄[38;2;176;174;166m[48;2;85;73;67m▄[38;2;164;159;146m[48;2;119;113;98m▄[38;2;180;175;153m[48;2;126;122;106m▄[38;2;197;193;176m[48;2;126;119;110m▄[38;2;255;255;255m[48;2;206;203;201m▄[38;2;255;255;255m[48;2;255;255;255m▄[38;2;255;255;255m[48;2;255;255;255m▄[38;2;255;255;255m[48;2;255;255;255m▄[38;2;255;255;255m[48;2;255;255;255m▄[38;2;255;255;255m[48;2;255;255;255m▄[0m
[38;2;254;254;254m[48;2;254;254;254m▄[38;2;255;255;255m[48;2;255;255;255m▄[38;2;255;255;255m[48;2;255;255;255m▄[38;2;255;255;255m[48;2;255;255;255m▄[38;2;255;255;255m[48;2;255;255;255m▄[38;2;255;255;255m[48;2;255;255;255m▄[38;2;232;231;229m[48;2;244;242;242m▄[38;2;133;138;125m[48;2;150;145;137m▄[38;2;121;132;116m[48;2;134;139;125m▄[38;2;186;192;183m[48;2;182;183;178m▄[38;2;255;255;255m[48;2;255;255;255m▄[38;2;255;255;255m[48;2;255;255;255m▄[38;2;250;250;250m[48;2;212;213;209m▄[38;2;173;178;171m[48;2;129;131;123m▄[38;2;160;164;156m[48;2;149;151;143m▄[38;2;241;242;241m[48;2;255;255;255m▄[38;2;226;228;215m[48;2;232;232;228m▄[38;2;165;167;141m[48;2;152;150;131m▄[38;2;174;175;156m[48;2;154;154;131m▄[38;2;213;213;208m[48;2;210;208;205m▄[38;2;249;250;245m[48;2;255;255;255m▄[38;2;187;191;161m[48;2;163;158;140m▄[38;2;169;172;145m[48;2;132;128;103m▄[38;2;199;198;188m[48;2;156;152;140m▄[38;2;255;255;255m[48;2;255;255;255m▄[38;2;255;255;255m[48;2;182;176;176m▄[38;2;176;160;158m[48;2;114;83;79m▄[38;2;127;86;82m[48;2;158;93;85m▄[38;2;136;93;91m[48;2;162;98;92m▄[38;2;131;93;91m[48;2;155;95;89m▄[38;2;125;93;91m[48;2;157;95;88m▄[38;2;129;98;96m[48;2;161;96;90m▄[38;2;123;91;89m[48;2;156;93;86m▄[38;2;121;100;97m[48;2;124;97;94m▄[38;2;178;172;169m[48;2;131;118;117m▄[38;2;255;255;255m[48;2;236;235;235m▄[38;2;151;148;139m[48;2;182;182;171m▄[38;2;97;95;79m[48;2;112;113;91m▄[38;2;108;108;89m[48;2;112;112;94m▄[38;2;226;225;221m[48;2;198;200;193m▄[38;2;244;245;242m[48;2;255;255;255m▄[38;2;145;146;132m[48;2;142;140;131m▄[38;2;101;101;83m[48;2;115;115;98m▄[38;2;140;140;128m[48;2;120;122;107m▄[38;2;253;253;254m[48;2;243;244;241m▄[38;2;255;255;255m[48;2;255;255;255m▄[38;2;255;255;255m[48;2;255;255;255m▄[38;2;170;163;153m[48;2;189;184;170m▄[38;2;136;128;102m[48;2;134;125;105m▄[38;2;176;171;157m[48;2;181;176;159m▄[38;2;254;255;255m[48;2;255;255;255m▄[38;2;179;175;170m[48;2;200;197;193m▄[38;2;150;144;120m[48;2;155;149;138m▄[38;2;205;201;190m[48;2;203;199;191m▄[38;2;255;255;255m[48;2;255;255;255m▄[38;2;255;255;255m[48;2;255;255;255m▄[38;2;255;255;255m[48;2;255;255;255m▄[38;2;255;255;255m[48;2;255;255;255m▄[38;2;255;255;255m[48;2;255;255;255m▄[38;2;255;255;255m[48;2;255;255;255m▄[0m
[38;2;254;254;254m[48;2;254;254;254m▄[38;2;255;255;255m[48;2;255;255;255m▄[38;2;255;255;255m[48;2;255;255;255m▄[38;2;255;255;255m[48;2;255;255;255m▄[38;2;255;255;255m[48;2;255;255;255m▄[38;2;255;255;255m[48;2;255;255;255m▄[38;2;254;253;254m[48;2;252;253;253m▄[38;2;186;191;185m[48;2;182;199;186m▄[38;2;145;162;145m[48;2;153;176;157m▄[38;2;197;204;196m[48;2;196;209;197m▄[38;2;255;255;255m[48;2;255;255;255m▄[38;2;255;255;255m[48;2;255;255;255m▄[38;2;255;255;255m[48;2;255;255;255m▄[38;2;255;255;255m[48;2;226;228;226m▄[38;2;255;255;255m[48;2;210;211;207m▄[38;2;255;255;255m[48;2;248;249;249m▄[38;2;217;217;211m[48;2;231;231;226m▄[38;2;170;170;152m[48;2;178;183;155m▄[38;2;184;187;160m[48;2;187;190;165m▄[38;2;250;250;248m[48;2;255;255;255m▄[38;2;254;254;255m[48;2;249;250;246m▄[38;2;189;190;169m[48;2;184;188;160m▄[38;2;180;184;153m[48;2;171;173;146m▄[38;2;203;203;194m[48;2;244;245;239m▄[38;2;252;252;252m[48;2;255;255;255m▄[38;2;255;255;255m[48;2;255;255;255m▄[38;2;255;255;255m[48;2;210;205;204m▄[38;2;221;218;217m[48;2;128;109;107m▄[38;2;192;188;186m[48;2;144;118;115m▄[38;2;205;200;200m[48;2;152;128;126m▄[38;2;176;161;161m[48;2;141;120;118m▄[38;2;158;147;146m[48;2;129;111;110m▄[38;2;246;246;245m[48;2;148;137;136m▄[38;2;255;255;255m[48;2;167;157;154m▄[38;2;205;201;198m[48;2;201;194;190m▄[38;2;254;254;254m[48;2;255;255;255m▄[38;2;212;211;209m[48;2;197;201;187m▄[38;2;115;117;98m[48;2;130;139;113m▄[38;2;120;125;100m[48;2;125;134;109m▄[38;2;215;217;210m[48;2;237;239;233m▄[38;2;182;180;176m[48;2;200;203;190m▄[38;2;125;120;111m[48;2;114;121;94m▄[38;2;134;130;122m[48;2;124;128;110m▄[38;2;225;225;225m[48;2;206;209;201m▄[38;2;255;255;255m[48;2;255;255;255m▄[38;2;255;255;255m[48;2;255;255;255m▄[38;2;255;255;255m[48;2;255;255;255m▄[38;2;239;239;239m[48;2;246;245;239m▄[38;2;177;173;161m[48;2;200;198;166m▄[38;2;170;165;141m[48;2;184;181;154m▄[38;2;215;213;207m[48;2;224;223;217m▄[38;2;187;183;173m[48;2;177;171;157m▄[38;2;183;179;171m[48;2;180;175;159m▄[38;2;242;243;242m[48;2;248;248;246m▄[38;2;255;255;255m[48;2;255;255;255m▄[38;2;255;255;255m[48;2;255;255;255m▄[38;2;255;255;255m[48;2;255;255;255m▄[38;2;255;255;255m[48;2;255;255;255m▄[38;2;255;255;255m[48;2;255;255;255m▄[38;2;255;255;255m[48;2;255;255;255m▄[0m
[38;2;254;254;254m[48;2;254;254;254m▄[38;2;255;255;255m[48;2;255;255;255m▄[38;2;255;255;255m[48;2;255;255;255m▄[38;2;255;255;255m[48;2;255;255;255m▄[38;2;255;255;255m[48;2;255;255;255m▄[38;2;255;255;255m[48;2;255;255;255m▄[38;2;251;252;251m[48;2;254;254;254m▄[38;2;213;214;214m[48;2;211;211;211m▄[38;2;207;207;207m[48;2;187;190;188m▄[38;2;231;230;230m[48;2;223;225;224m▄[38;2;255;255;255m[48;2;255;255;255m▄[38;2;255;255;255m[48;2;255;255;255m▄[38;2;255;255;255m[48;2;255;255;255m▄[38;2;220;220;220m[48;2;255;255;255m▄[38;2;215;215;215m[48;2;255;255;255m▄[38;2;253;253;253m[48;2;255;255;255m▄[38;2;237;237;237m[48;2;223;224;222m▄[38;2;202;203;203m[48;2;184;184;182m▄[38;2;213;213;214m[48;2;200;200;195m▄[38;2;254;253;254m[48;2;252;252;250m▄[38;2;249;249;249m[48;2;255;255;255m▄[38;2;214;213;214m[48;2;208;209;204m▄[38;2;208;207;209m[48;2;195;197;191m▄[38;2;245;245;246m[48;2;222;222;219m▄[38;2;255;255;255m[48;2;253;253;253m▄[38;2;255;255;255m[48;2;255;255;255m▄[38;2;242;242;242m[48;2;254;254;254m▄[38;2;222;222;222m[48;2;232;232;231m▄[38;2;226;227;227m[48;2;200;199;199m▄[38;2;224;225;225m[48;2;215;215;215m▄[38;2;228;229;229m[48;2;196;186;188m▄[38;2;226;226;227m[48;2;193;180;182m▄[38;2;214;213;213m[48;2;222;217;217m▄[38;2;210;209;209m[48;2;232;228;228m▄[38;2;226;226;226m[48;2;216;211;211m▄[38;2;245;245;245m[48;2;239;236;237m▄[38;2;218;218;218m[48;2;212;211;211m▄[38;2;205;205;206m[48;2;180;181;176m▄[38;2;210;210;211m[48;2;179;181;174m▄[38;2;248;248;248m[48;2;233;234;232m▄[38;2;242;242;242m[48;2;220;220;219m▄[38;2;213;213;213m[48;2;185;184;181m▄[38;2;209;210;210m[48;2;191;190;189m▄[38;2;229;229;229m[48;2;237;237;237m▄[38;2;255;255;255m[48;2;255;255;255m▄[38;2;255;255;255m[48;2;255;255;255m▄[38;2;255;255;255m[48;2;255;255;255m▄[38;2;243;243;243m[48;2;245;245;245m▄[38;2;212;212;212m[48;2;199;198;196m▄[38;2;217;217;219m[48;2;193;192;186m▄[38;2;246;246;247m[48;2;232;232;230m▄[38;2;219;219;219m[48;2;206;206;206m▄[38;2;214;215;215m[48;2;200;200;200m▄[38;2;247;247;247m[48;2;245;245;244m▄[38;2;255;255;255m[48;2;255;255;255m▄[38;2;255;255;255m[48;2;255;255;255m▄[38;2;255;255;255m[48;2;255;255;255m▄[38;2;255;255;255m[48;2;255;255;255m▄[38;2;255;255;255m[48;2;255;255;255m▄[38;2;255;255;255m[48;2;255;255;255m▄[0m
[38;2;254;254;254m[48;2;254;254;254m▄[38;2;255;255;255m[48;2;255;255;255m▄[38;2;255;255;255m[48;2;255;255;255m▄[38;2;255;255;255m[48;2;255;255;255m▄[38;2;255;255;255m[48;2;255;255;255m▄[38;2;255;255;255m[48;2;255;255;255m▄[38;2;255;255;255m[48;2;251;251;251m▄[38;2;255;255;255m[48;2;227;228;228m▄[38;2;255;255;255m[48;2;222;222;222m▄[38;2;255;255;255m[48;2;240;239;240m▄[38;2;255;255;255m[48;2;255;255;255m▄[38;2;255;255;255m[48;2;255;255;255m▄[38;2;255;255;255m[48;2;245;245;245m▄[38;2;254;254;255m[48;2;204;204;204m▄[38;2;255;255;255m[48;2;214;214;214m▄[38;2;255;255;255m[48;2;254;254;254m▄[38;2;255;255;255m[48;2;247;247;247m▄[38;2;255;255;255m[48;2;230;231;231m▄[38;2;255;255;255m[48;2;229;230;230m▄[38;2;255;255;255m[48;2;247;247;247m▄[38;2;255;255;255m[48;2;254;254;254m▄[38;2;255;255;255m[48;2;237;237;237m▄[38;2;255;255;255m[48;2;235;235;235m▄[38;2;255;255;255m[48;2;244;244;244m▄[38;2;255;255;255m[48;2;255;255;255m▄[38;2;255;255;255m[48;2;253;254;254m▄[38;2;255;255;255m[48;2;245;245;245m▄[38;2;255;255;255m[48;2;243;243;243m▄[38;2;255;255;255m[48;2;244;244;244m▄[38;2;255;255;255m[48;2;246;246;246m▄[38;2;255;255;255m[48;2;245;245;246m▄[38;2;255;255;255m[48;2;242;242;242m▄[38;2;255;255;255m[48;2;237;237;237m▄[38;2;255;255;255m[48;2;234;234;234m▄[38;2;255;255;255m[48;2;240;240;240m▄[38;2;255;255;255m[48;2;255;255;255m▄[38;2;255;255;255m[48;2;244;244;244m▄[38;2;255;255;255m[48;2;236;236;236m▄[38;2;255;255;255m[48;2;238;238;238m▄[38;2;255;255;255m[48;2;250;250;250m▄[38;2;255;255;255m[48;2;255;255;255m▄[38;2;255;255;255m[48;2;241;241;241m▄[38;2;255;255;255m[48;2;232;232;232m▄[38;2;255;255;255m[48;2;233;233;233m▄[38;2;255;255;255m[48;2;254;254;254m▄[38;2;255;255;255m[48;2;255;255;255m▄[38;2;255;255;255m[48;2;255;255;255m▄[38;2;255;255;255m[48;2;239;239;239m▄[38;2;255;255;255m[48;2;227;227;227m▄[38;2;255;255;255m[48;2;240;240;240m▄[38;2;255;255;255m[48;2;255;255;255m▄[38;2;255;255;255m[48;2;248;248;248m▄[38;2;255;255;255m[48;2;242;242;242m▄[38;2;255;255;255m[48;2;247;247;247m▄[38;2;255;255;255m[48;2;255;255;255m▄[38;2;255;255;255m[48;2;255;255;255m▄[38;2;255;255;255m[48;2;255;255;255m▄[38;2;255;255;255m[48;2;255;255;255m▄[38;2;255;255;255m[48;2;255;255;255m▄[38;2;255;255;255m[48;2;255;255;255m▄[0m
