[38;2;112;116;112m[48;2;111;115;108m▄[38;2;131;136;130m[48;2;121;123;118m▄[38;2;121;123;118m[48;2;112;114;108m▄[38;2;121;123;117m[48;2;112;114;110m▄[38;2;125;127;121m[48;2;116;118;112m▄[38;2;129;132;125m[48;2;118;121;114m▄[38;2;130;132;125m[48;2;120;123;116m▄[38;2;130;132;125m[48;2;120;123;116m▄[38;2;133;134;128m[48;2;123;123;120m▄[38;2;137;138;132m[48;2;127;125;123m▄[38;2;146;146;141m[48;2;131;131;125m▄[38;2;162;160;154m[48;2;138;138;133m▄[38;2;149;145;139m[48;2;151;153;146m▄[38;2;114;110;107m[48;2;166;166;163m▄[38;2;99;93;93m[48;2;178;176;176m▄[38;2;88;83;81m[48;2;187;189;187m▄[38;2;124;121;120m[48;2;202;208;206m▄[38;2;198;198;193m[48;2;198;202;200m▄[38;2;221;223;217m[48;2;206;208;202m▄[38;2;225;226;220m[48;2;213;213;208m▄[38;2;226;226;220m[48;2;215;213;210m▄[38;2;217;218;212m[48;2;200;202;196m▄[38;2;216;217;212m[48;2;200;200;200m▄[38;2;222;224;219m[48;2;206;208;204m▄[38;2;226;227;221m[48;2;198;202;196m▄[38;2;233;234;227m[48;2;208;208;204m▄[38;2;226;225;219m[48;2;221;219;213m▄[38;2;213;214;208m[48;2;211;210;206m▄[38;2;211;212;206m[48;2;204;204;200m▄[38;2;232;232;226m[48;2;232;232;226m▄[38;2;186;182;174m[48;2;178;174;168m▄[38;2;126;122;109m[48;2;101;95;90m▄[38;2;142;136;124m[48;2;118;114;108m▄[38;2;148;141;131m[48;2;131;127;121m▄[38;2;154;147;139m[48;2;146;140;135m▄[38;2;155;149;141m[48;2;144;138;133m▄[38;2;162;155;149m[48;2;146;140;136m▄[38;2;161;154;150m[48;2;140;135;131m▄[38;2;165;158;154m[48;2;146;142;136m▄[38;2;126;121;117m[48;2;142;136;131m▄[38;2;110;106;101m[48;2;114;108;105m▄[38;2;57;57;53m[48;2;108;105;101m▄[38;2;35;36;34m[48;2;48;46;45m▄[38;2;37;37;38m[48;2;35;31;37m▄[38;2;39;36;38m[48;2;43;39;43m▄[38;2;26;24;23m[48;2;45;39;37m▄[38;2;42;37;34m[48;2;33;30;28m▄[38;2;44;39;36m[48;2;18;13;15m▄[38;2;34;30;28m[48;2;31;26;28m▄[38;2;42;36;34m[48;2;48;41;41m▄[38;2;45;38;34m[48;2;60;52;50m▄[38;2;85;74;69m[48;2;176;161;157m▄[38;2;195;175;163m[48;2;230;206;198m▄[38;2;231;210;198m[48;2;223;193;183m▄[38;2;229;214;204m[48;2;221;189;180m▄[38;2;234;224;213m[48;2;217;187;176m▄[38;2;239;230;218m[48;2;228;196;185m▄[38;2;242;237;226m[48;2;247;225;213m▄[38;2;233;228;221m[48;2;255;255;255m▄[38;2;243;231;225m[48;2;255;255;255m▄[0m
[38;2;112;114;112m[48;2;112;118;114m▄[38;2;123;125;122m[48;2;121;125;121m▄[38;2;115;117;115m[48;2;112;114;110m▄[38;2;116;118;116m[48;2;112;114;110m▄[38;2;117;119;116m[48;2;116;118;114m▄[38;2;117;119;114m[48;2;118;120;116m▄[38;2;117;120;113m[48;2;118;120;114m▄[38;2;120;123;116m[48;2;120;122;116m▄[38;2;125;127;121m[48;2;123;124;118m▄[38;2;122;121;116m[48;2;131;132;126m▄[38;2;48;41;37m[48;2;130;126;123m▄[38;2;8;2;0m[48;2;90;80;79m▄[38;2;26;23;13m[48;2;23;15;16m▄[38;2;56;52;31m[48;2;0;0;0m▄[38;2;86;76;51m[48;2;7;0;0m▄[38;2;107;92;66m[48;2;21;9;6m▄[38;2;141;124;90m[48;2;28;15;8m▄[38;2;155;132;98m[48;2;83;66;61m▄[38;2;143;118;101m[48;2;178;170;165m▄[38;2;168;163;159m[48;2;191;191;185m▄[38;2;165;168;164m[48;2;186;188;181m▄[38;2;168;171;167m[48;2;192;193;187m▄[38;2;174;176;172m[48;2;190;191;185m▄[38;2;185;185;181m[48;2;203;201;196m▄[38;2;180;182;178m[48;2;210;209;204m▄[38;2;173;175;172m[48;2;196;197;191m▄[38;2;170;172;170m[48;2;182;184;180m▄[38;2;170;172;169m[48;2;180;182;177m▄[38;2;172;174;170m[48;2;185;186;181m▄[38;2;178;181;175m[48;2;199;200;194m▄[38;2;150;149;145m[48;2;123;125;119m▄[38;2;159;147;145m[48;2;63;63;55m▄[38;2;193;179;175m[48;2;111;107;99m▄[38;2;208;192;185m[48;2;152;143;135m▄[38;2;216;194;184m[48;2;161;150;139m▄[38;2;210;190;177m[48;2;171;158;146m▄[38;2;203;194;184m[48;2;160;147;136m▄[38;2;199;188;179m[48;2;133;123;114m▄[38;2;120;109;105m[48;2;118;108;103m▄[38;2;66;62;59m[48;2;87;83;80m▄[38;2;53;47;39m[48;2;80;76;73m▄[38;2;76;66;50m[48;2;22;22;21m▄[38;2;133;114;87m[48;2;30;31;30m▄[38;2;180;154;117m[48;2;46;45;38m▄[38;2;199;171;131m[48;2;71;61;47m▄[38;2;185;163;121m[48;2;108;93;70m▄[38;2;162;144;103m[48;2;123;108;82m▄[38;2;149;131;92m[48;2;120;107;81m▄[38;2;143;125;90m[48;2;84;76;60m▄[38;2;82;70;58m[48;2;34;31;29m▄[38;2;42;40;39m[48;2;28;25;24m▄[38;2;35;35;31m[48;2;24;20;18m▄[38;2;29;26;23m[48;2;78;74;69m▄[38;2;92;87;80m[48;2;180;178;172m▄[38;2;157;151;143m[48;2;175;173;165m▄[38;2;153;148;141m[48;2;167;165;157m▄[38;2;156;151;144m[48;2;158;154;146m▄[38;2;159;153;145m[48;2;160;154;143m▄[38;2;166;156;149m[48;2;169;156;146m▄[38;2;194;175;168m[48;2;213;189;180m▄[0m
[38;2;120;120;114m[48;2;116;118;112m▄[38;2;132;134;127m[48;2;128;130;124m▄[38;2;123;126;119m[48;2;119;122;116m▄[38;2;123;125;118m[48;2;120;122;117m▄[38;2;121;124;117m[48;2;119;121;116m▄[38;2;121;123;117m[48;2;119;121;115m▄[38;2;122;124;119m[48;2;121;124;117m▄[38;2;122;124;119m[48;2;122;125;119m▄[38;2;128;130;125m[48;2;129;131;126m▄[38;2;52;48;46m[48;2;70;67;64m▄[38;2;21;20;13m[48;2;10;6;3m▄[38;2;78;77;51m[48;2;54;53;32m▄[38;2;71;68;44m[48;2;100;96;64m▄[38;2;78;75;52m[48;2;123;117;82m▄[38;2;119;111;81m[48;2;135;124;91m▄[38;2;113;103;73m[48;2;145;132;100m▄[38;2;81;71;49m[48;2;146;131;98m▄[38;2;21;12;2m[48;2;148;131;95m▄[38;2;104;79;55m[48;2;170;140;109m▄[38;2;184;161;144m[48;2;157;146;139m▄[38;2;155;157;155m[48;2;158;161;158m▄[38;2;154;157;155m[48;2;159;161;159m▄[38;2;154;157;156m[48;2;164;166;164m▄[38;2;153;155;154m[48;2;164;166;164m▄[38;2;151;153;149m[48;2;162;164;161m▄[38;2;149;151;148m[48;2;160;162;159m▄[38;2;150;152;149m[48;2;159;161;160m▄[38;2;153;155;152m[48;2;160;162;159m▄[38;2;153;155;152m[48;2;162;164;161m▄[38;2;149;153;151m[48;2;160;164;160m▄[38;2;193;183;178m[48;2;200;190;185m▄[38;2;227;206;198m[48;2;233;210;203m▄[38;2;223;204;198m[48;2;222;201;194m▄[38;2;228;206;197m[48;2;233;207;197m▄[38;2;230;214;203m[48;2;238;209;196m▄[38;2;247;249;245m[48;2;252;245;241m▄[38;2;245;245;245m[48;2;255;255;255m▄[38;2;176;173;173m[48;2;220;222;220m▄[38;2;74;63;53m[48;2;52;45;41m▄[38;2;255;254;204m[48;2;169;154;122m▄[38;2;255;255;210m[48;2;221;201;157m▄[38;2;254;234;180m[48;2;242;207;160m▄[38;2;251;225;174m[48;2;255;220;169m▄[38;2;250;222;175m[48;2;253;215;167m▄[38;2;221;190;153m[48;2;226;193;152m▄[38;2;203;175;142m[48;2;183;159;120m▄[38;2;167;145;115m[48;2;165;139;100m▄[38;2;114;101;78m[48;2;153;128;89m▄[38;2;93;82;62m[48;2;135;114;78m▄[38;2;85;76;54m[48;2;101;87;62m▄[38;2;77;71;54m[48;2;77;72;61m▄[38;2;68;63;55m[48;2;67;64;58m▄[38;2;56;52;50m[48;2;44;42;37m▄[38;2;48;44;41m[48;2;65;62;57m▄[38;2;163;158;153m[48;2;158;153;145m▄[38;2;177;173;164m[48;2;166;162;151m▄[38;2;156;153;145m[48;2;160;157;148m▄[38;2;145;143;138m[48;2;161;156;151m▄[38;2;135;135;130m[48;2;158;154;149m▄[38;2;140;139;134m[48;2;179;170;165m▄[0m
[38;2;116;118;112m[48;2;118;121;114m▄[38;2;126;127;121m[48;2;130;133;126m▄[38;2;117;118;112m[48;2;122;123;118m▄[38;2;116;117;111m[48;2;121;122;116m▄[38;2;117;118;113m[48;2;120;121;115m▄[38;2;120;121;115m[48;2;121;122;116m▄[38;2;121;122;116m[48;2;121;123;117m▄[38;2;124;125;120m[48;2;122;124;120m▄[38;2;132;133;128m[48;2;129;130;126m▄[38;2;94;96;91m[48;2;57;56;52m▄[38;2;47;50;40m[48;2;37;37;29m▄[38;2;48;47;33m[48;2;45;43;30m▄[38;2;21;17;7m[48;2;22;17;9m▄[38;2;44;40;27m[48;2;20;17;10m▄[38;2;56;57;39m[48;2;39;36;20m▄[38;2;90;84;57m[48;2;86;77;49m▄[38;2;127;113;80m[48;2;57;49;30m▄[38;2;97;86;59m[48;2;57;47;32m▄[38;2;113;99;66m[48;2;86;70;46m▄[38;2;172;146;101m[48;2;194;169;137m▄[38;2;168;148;122m[48;2;165;161;157m▄[38;2;136;138;136m[48;2;146;149;149m▄[38;2;137;139;135m[48;2;146;148;147m▄[38;2;136;138;135m[48;2;143;145;142m▄[38;2;140;142;139m[48;2;143;145;142m▄[38;2;143;145;142m[48;2;143;145;141m▄[38;2;141;143;138m[48;2;143;145;142m▄[38;2;136;138;137m[48;2;144;146;143m▄[38;2;136;138;135m[48;2;142;144;141m▄[38;2;142;144;141m[48;2;143;146;143m▄[38;2;131;134;130m[48;2;187;182;178m▄[38;2;108;111;106m[48;2;200;193;187m▄[38;2;99;101;95m[48;2;183;179;173m▄[38;2;89;91;86m[48;2;194;191;185m▄[38;2;82;85;80m[48;2;167;167;161m▄[38;2;89;91;85m[48;2;125;126;120m▄[38;2;104;103;94m[48;2;120;121;115m▄[38;2;123;115;111m[48;2;144;136;135m▄[38;2;182;172;161m[48;2;144;134;122m▄[38;2;255;255;210m[48;2;255;255;216m▄[38;2;224;217;172m[48;2;255;254;204m▄[38;2;214;205;165m[48;2;254;250;195m▄[38;2;235;212;170m[48;2;255;241;189m▄[38;2;246;212;172m[48;2;255;214;177m▄[38;2;189;168;134m[48;2;244;209;173m▄[38;2;72;70;56m[48;2;173;155;128m▄[38;2;37;37;32m[48;2;78;73;60m▄[38;2;59;56;50m[48;2;55;53;48m▄[38;2;68;62;57m[48;2;61;58;54m▄[38;2;56;51;45m[48;2;58;53;49m▄[38;2;65;58;53m[48;2;107;99;92m▄[38;2;107;97;89m[48;2;166;158;153m▄[38;2;108;99;88m[48;2;129;122;119m▄[38;2;93;84;74m[48;2;116;110;106m▄[38;2;51;45;32m[48;2;115;110;105m▄[38;2;57;56;47m[48;2;88;88;82m▄[38;2;59;62;56m[48;2;77;79;73m▄[38;2;62;64;59m[48;2;65;69;63m▄[38;2;71;73;69m[48;2;63;68;64m▄[38;2;107;112;108m[48;2;90;96;92m▄[0m
[38;2;108;110;105m[48;2;110;112;106m▄[38;2;118;119;114m[48;2;120;121;116m▄[38;2;110;111;106m[48;2;112;113;108m▄[38;2;111;113;108m[48;2;113;114;109m▄[38;2;113;116;110m[48;2;115;116;111m▄[38;2;118;120;113m[48;2;118;119;113m▄[38;2;123;124;119m[48;2;121;122;116m▄[38;2;126;127;122m[48;2;125;126;121m▄[38;2;133;134;130m[48;2;132;133;128m▄[38;2;103;103;98m[48;2;116;118;115m▄[38;2;56;60;48m[48;2;61;66;56m▄[38;2;66;69;49m[48;2;68;70;52m▄[38;2;55;52;30m[48;2;69;65;45m▄[38;2;35;30;15m[48;2;61;55;37m▄[38;2;33;29;17m[48;2;41;40;25m▄[38;2;51;48;30m[48;2;29;28;15m▄[38;2;81;70;50m[48;2;67;58;37m▄[38;2;89;69;48m[48;2;99;83;54m▄[38;2;59;44;28m[48;2;46;35;17m▄[38;2;93;75;45m[48;2;116;94;55m▄[38;2;174;147;103m[48;2;148;121;87m▄[38;2;150;146;133m[48;2;130;130;122m▄[38;2;130;131;128m[48;2;126;130;126m▄[38;2;130;132;131m[48;2;130;132;129m▄[38;2;122;126;126m[48;2;136;138;135m▄[38;2;122;125;125m[48;2;139;141;138m▄[38;2;123;126;125m[48;2;137;139;136m▄[38;2;126;129;127m[48;2;132;134;131m▄[38;2;130;132;130m[48;2;132;134;131m▄[38;2;137;140;139m[48;2;141;145;141m▄[38;2;112;113;110m[48;2;109;112;107m▄[38;2;80;81;76m[48;2;89;91;85m▄[38;2;86;87;82m[48;2;88;91;84m▄[38;2;97;98;92m[48;2;82;85;78m▄[38;2;96;99;92m[48;2;84;87;80m▄[38;2;112;112;107m[48;2;89;92;86m▄[38;2;134;130;124m[48;2;102;101;94m▄[38;2;142;138;130m[48;2;114;108;103m▄[38;2;146;141;134m[48;2;202;192;185m▄[38;2;156;144;130m[48;2;191;181;155m▄[38;2;104;91;83m[48;2;111;100;85m▄[38;2;54;44;37m[48;2;85;74;63m▄[38;2;59;50;42m[48;2;107;97;79m▄[38;2;81;73;56m[48;2;123;114;94m▄[38;2;167;149;118m[48;2;69;62;50m▄[38;2;48;40;31m[48;2;40;38;32m▄[38;2;58;52;41m[48;2;42;38;31m▄[38;2;118;101;78m[48;2;88;75;62m▄[38;2;145;127;97m[48;2;114;100;83m▄[38;2;151;133;104m[48;2;97;86;67m▄[38;2;124;107;79m[48;2;87;75;59m▄[38;2;97;82;59m[48;2;93;80;63m▄[38;2;96;86;67m[48;2;115;103;86m▄[38;2;93;86;67m[48;2;94;88;72m▄[38;2;73;66;49m[48;2;49;44;30m▄[38;2;81;75;62m[48;2;73;70;60m▄[38;2;59;60;55m[48;2;61;64;58m▄[38;2;56;59;54m[48;2;66;68;63m▄[38;2;60;65;60m[48;2;72;74;71m▄[38;2;98;102;97m[48;2;111;113;109m▄[0m
[38;2;103;105;99m[48;2;106;106;101m▄[38;2;113;115;109m[48;2;116;117;111m▄[38;2;107;108;103m[48;2;109;110;106m▄[38;2;109;111;106m[48;2;110;112;107m▄[38;2;113;115;110m[48;2;113;115;110m▄[38;2;120;122;116m[48;2;118;121;114m▄[38;2;122;123;117m[48;2;123;125;119m▄[38;2;122;123;118m[48;2;124;125;121m▄[38;2;125;128;122m[48;2;130;132;127m▄[38;2;123;125;117m[48;2;94;94;86m▄[38;2;69;73;54m[48;2;35;37;23m▄[38;2;40;43;27m[48;2;56;58;40m▄[38;2;46;47;28m[48;2;46;46;25m▄[38;2;44;42;24m[48;2;35;33;18m▄[38;2;20;16;8m[48;2;29;25;14m▄[38;2;0;0;0m[48;2;41;33;24m▄[38;2;0;0;0m[48;2;40;29;23m▄[38;2;0;0;0m[48;2;31;22;18m▄[38;2;8;0;0m[48;2;26;15;8m▄[38;2;72;55;35m[48;2;84;67;39m▄[38;2;117;88;58m[48;2;153;124;82m▄[38;2;147;125;88m[48;2;200;180;141m▄[38;2;171;147;103m[48;2;190;172;137m▄[38;2;181;156;112m[48;2;184;167;138m▄[38;2;181;156;112m[48;2;180;168;145m▄[38;2;200;178;131m[48;2;155;150;133m▄[38;2;190;172;132m[48;2;150;146;133m▄[38;2;152;142;109m[48;2;144;142;133m▄[38;2;152;146;109m[48;2;140;140;133m▄[38;2;186;174;135m[48;2;149;150;144m▄[38;2;166;161;144m[48;2;122;124;120m▄[38;2;133;132;129m[48;2;110;109;105m▄[38;2;113;114;108m[48;2;127;126;121m▄[38;2;90;91;86m[48;2;134;134;128m▄[38;2;75;75;70m[48;2;130;130;125m▄[38;2;55;53;48m[48;2;120;119;114m▄[38;2;37;33;29m[48;2;100;96;90m▄[38;2;32;27;23m[48;2;88;83;77m▄[38;2;72;66;60m[48;2;60;57;47m▄[38;2;160;152;138m[48;2;139;124;107m▄[38;2;201;187;162m[48;2;92;76;63m▄[38;2;179;155;125m[48;2;106;91;73m▄[38;2;207;181;148m[48;2;138;118;98m▄[38;2;205;195;162m[48;2;171;160;130m▄[38;2;165;148;116m[48;2;248;226;174m▄[38;2;71;57;40m[48;2;121;102;76m▄[38;2;52;45;34m[48;2;70;63;48m▄[38;2;84;75;56m[48;2;92;83;62m▄[38;2;116;101;71m[48;2;131;116;90m▄[38;2;122;107;77m[48;2;126;109;79m▄[38;2;89;77;55m[48;2;102;86;60m▄[38;2;63;53;40m[48;2;76;63;44m▄[38;2;70;62;48m[48;2;78;70;52m▄[38;2;78;72;52m[48;2;85;77;58m▄[38;2;87;81;65m[48;2;86;79;60m▄[38;2;106;102;96m[48;2;96;91;77m▄[38;2;146;142;140m[48;2;92;91;84m▄[38;2;206;198;194m[48;2;98;98;92m▄[38;2;224;219;212m[48;2;110;108;101m▄[38;2;255;255;255m[48;2;148;143;135m▄[0m
[38;2;95;97;95m[48;2;99;101;97m▄[38;2;106;109;104m[48;2;110;112;106m▄[38;2;101;103;98m[48;2;104;106;101m▄[38;2;105;107;103m[48;2;107;109;104m▄[38;2;111;112;110m[48;2;112;114;109m▄[38;2;112;114;108m[48;2;118;120;115m▄[38;2;103;107;90m[48;2;122;124;118m▄[38;2;81;87;66m[48;2;120;123;112m▄[38;2;69;73;53m[48;2;107;111;94m▄[38;2;60;62;45m[48;2;97;100;80m▄[38;2;52;55;39m[48;2;73;78;56m▄[38;2;36;39;25m[48;2;41;44;29m▄[38;2;21;20;15m[48;2;35;37;23m▄[38;2;30;27;20m[48;2;43;41;27m▄[38;2;41;38;27m[48;2;32;29;19m▄[38;2;53;50;35m[48;2;22;13;11m▄[38;2;65;54;38m[48;2;43;23;20m▄[38;2;71;56;41m[48;2;61;39;35m▄[38;2;76;63;40m[48;2;79;63;48m▄[38;2;74;58;38m[48;2;87;71;47m▄[38;2;83;58;36m[48;2;90;63;44m▄[38;2;103;79;46m[48;2;92;72;45m▄[38;2;58;48;28m[48;2;86;72;44m▄[38;2;52;39;20m[48;2;126;106;71m▄[38;2;98;76;40m[48;2;159;136;94m▄[38;2;139;114;74m[48;2;161;134;92m▄[38;2;150;134;103m[48;2;148;131;96m▄[38;2;130;118;87m[48;2;115;110;77m▄[38;2;117;105;73m[48;2;122;114;81m▄[38;2;112;99;65m[48;2;137;124;86m▄[38;2;177;164;143m[48;2;187;175;154m▄[38;2;236;228;223m[48;2;184;167;161m▄[38;2;251;246;244m[48;2;179;163;156m▄[38;2;253;246;241m[48;2;133;126;118m▄[38;2;161;142;126m[48;2;63;59;56m▄[38;2;184;169;152m[48;2;70;65;61m▄[38;2;255;255;247m[48;2;118;115;111m▄[38;2;255;255;255m[48;2;137;134;131m▄[38;2;230;214;204m[48;2;171;160;153m▄[38;2;220;198;182m[48;2;184;172;158m▄[38;2;247;221;187m[48;2;221;213;180m▄[38;2;192;167;133m[48;2;188;164;133m▄[38;2;176;157;126m[48;2;139;120;93m▄[38;2;224;200;169m[48;2;156;138;110m▄[38;2;221;189;159m[48;2;155;137;110m▄[38;2;193;164;135m[48;2;126;111;92m▄[38;2;151;130;103m[48;2;137;123;103m▄[38;2;96;79;57m[48;2;131;116;90m▄[38;2;69;57;40m[48;2;113;98;71m▄[38;2;77;69;51m[48;2;98;85;60m▄[38;2;86;80;60m[48;2;82;72;53m▄[38;2;73;64;49m[48;2;69;59;47m▄[38;2;60;54;42m[48;2;64;57;43m▄[38;2;56;50;39m[48;2;60;55;39m▄[38;2;61;55;43m[48;2;80;73;59m▄[38;2;84;77;60m[48;2;58;54;48m▄[38;2;55;52;45m[48;2;33;34;37m▄[38;2;31;35;43m[48;2;65;67;75m▄[38;2;37;41;49m[48;2;73;76;84m▄[38;2;37;40;48m[48;2;123;122;127m▄[0m
[38;2;91;93;91m[48;2;93;95;91m▄[38;2;109;112;108m[48;2;102;104;101m▄[38;2;114;118;100m[48;2;102;104;100m▄[38;2;102;107;83m[48;2;105;109;98m▄[38;2;84;93;70m[48;2;113;115;102m▄[38;2;58;68;49m[48;2;91;98;79m▄[38;2;49;55;40m[48;2;63;72;53m▄[38;2;50;53;38m[48;2;52;60;43m▄[38;2;42;43;28m[48;2;51;56;39m▄[38;2;35;33;18m[48;2;43;45;28m▄[38;2;28;24;10m[48;2;41;38;24m▄[38;2;35;33;20m[48;2;37;35;22m▄[38;2;29;29;15m[48;2;25;22;13m▄[38;2;21;21;11m[48;2;14;10;7m▄[38;2;16;12;5m[48;2;24;21;16m▄[38;2;20;14;8m[48;2;29;28;16m▄[38;2;30;25;16m[48;2;30;28;15m▄[38;2;28;22;12m[48;2;30;26;14m▄[38;2;29;20;10m[48;2;42;36;20m▄[38;2;44;28;17m[48;2;50;36;24m▄[38;2;62;46;26m[48;2;108;84;50m▄[38;2;141;116;69m[48;2;121;96;52m▄[38;2;128;105;67m[48;2;116;94;57m▄[38;2;121;101;69m[48;2;111;91;56m▄[38;2;140;122;92m[48;2;123;102;68m▄[38;2;143;125;95m[48;2;139;120;90m▄[38;2;76;65;41m[48;2;126;114;84m▄[38;2;61;56;30m[48;2;126;115;83m▄[38;2;69;63;36m[48;2;133;119;85m▄[38;2;65;57;25m[48;2;127;111;75m▄[38;2;174;170;156m[48;2;209;203;189m▄[38;2;240;240;239m[48;2;255;255;255m▄[38;2;234;233;232m[48;2;255;255;255m▄[38;2;183;175;165m[48;2;240;234;226m▄[38;2;100;93;82m[48;2;158;140;118m▄[38;2;128;122;118m[48;2;148;132;124m▄[38;2;144;130;124m[48;2;180;162;149m▄[38;2;142;124;116m[48;2;192;173;160m▄[38;2;206;182;172m[48;2;204;184;173m▄[38;2;189;171;158m[48;2;199;180;168m▄[38;2;180;164;150m[48;2;205;181;164m▄[38;2;214;190;167m[48;2;186;162;135m▄[38;2;215;188;157m[48;2;181;160;127m▄[38;2;207;172;142m[48;2;179;152;124m▄[38;2;193;154;132m[48;2;121;94;73m▄[38;2;164;130;113m[48;2;101;79;60m▄[38;2;162;126;108m[48;2;86;67;51m▄[38;2;123;96;80m[48;2;88;66;55m▄[38;2;61;48;36m[48;2;83;64;50m▄[38;2;70;61;49m[48;2;75;66;49m▄[38;2;63;58;45m[48;2;77;72;52m▄[38;2;53;49;40m[48;2;62;58;43m▄[38;2;57;55;50m[48;2;59;54;45m▄[38;2;41;39;34m[48;2;52;48;39m▄[38;2;49;44;34m[48;2;49;44;33m▄[38;2;68;61;45m[48;2;73;64;48m▄[38;2;53;47;35m[48;2;60;55;43m▄[38;2;30;32;35m[48;2;32;34;40m▄[38;2;30;33;45m[48;2;29;32;42m▄[38;2;39;42;54m[48;2;36;39;49m▄[0m
[38;2;69;82;60m[48;2;99;106;97m▄[38;2;67;79;56m[48;2;95;104;86m▄[38;2;57;66;47m[48;2;66;76;56m▄[38;2;43;50;35m[48;2;68;77;58m▄[38;2;45;51;36m[48;2;61;69;51m▄[38;2;56;62;46m[48;2;47;54;39m▄[38;2;52;57;42m[48;2;45;50;35m▄[38;2;42;44;30m[48;2;38;40;27m▄[38;2;38;40;27m[48;2;33;32;19m▄[38;2;39;40;30m[48;2;29;25;13m▄[38;2;40;41;30m[48;2;34;31;19m▄[38;2;39;40;25m[48;2;36;36;22m▄[38;2;34;36;21m[48;2;31;32;18m▄[38;2;32;30;16m[48;2;33;34;19m▄[38;2;27;22;10m[48;2;24;21;8m▄[38;2;22;15;6m[48;2;24;16;7m▄[38;2;16;9;2m[48;2;20;13;3m▄[38;2;18;10;3m[48;2;19;11;3m▄[38;2;19;10;2m[48;2;26;15;6m▄[38;2;20;13;5m[48;2;25;16;7m▄[38;2;49;38;21m[48;2;43;30;13m▄[38;2;78;59;31m[48;2;102;82;45m▄[38;2;114;95;68m[48;2;152;129;93m▄[38;2;150;133;104m[48;2;132;115;87m▄[38;2;136;119;90m[48;2;148;132;105m▄[38;2;141;124;89m[48;2;147;128;92m▄[38;2;142;126;88m[48;2;112;93;64m▄[38;2;124;106;72m[48;2;57;48;28m▄[38;2;75;60;36m[48;2;46;40;19m▄[38;2;36;30;14m[48;2;47;42;17m▄[38;2;39;38;29m[48;2;108;103;91m▄[38;2;38;40;37m[48;2;138;136;133m▄[38;2;23;27;24m[48;2;138;135;131m▄[38;2;100;100;97m[48;2;128;124;118m▄[38;2;113;110;104m[48;2;51;50;44m▄[38;2;42;41;37m[48;2;60;57;52m▄[38;2;61;59;56m[48;2;65;60;55m▄[38;2;83;80;77m[48;2;79;70;63m▄[38;2;63;61;57m[48;2;129;115;106m▄[38;2;42;37;31m[48;2;138;126;117m▄[38;2;70;66;60m[48;2;147;136;125m▄[38;2;131;127;128m[48;2;183;162;147m▄[38;2;178;167;160m[48;2;226;199;174m▄[38;2;190;176;148m[48;2;222;193;161m▄[38;2;205;185;156m[48;2;210;179;149m▄[38;2;200;179;152m[48;2;146;122;97m▄[38;2;196;178;152m[48;2;101;83;64m▄[38;2;178;162;136m[48;2;88;76;59m▄[38;2;131;119;101m[48;2;103;91;75m▄[38;2;87;78;65m[48;2;95;85;69m▄[38;2;53;48;40m[48;2;64;59;46m▄[38;2;31;31;25m[48;2;48;43;37m▄[38;2;27;28;22m[48;2;35;33;29m▄[38;2;39;37;30m[48;2;33;32;26m▄[38;2;58;52;39m[48;2;57;51;39m▄[38;2;56;50;36m[48;2;66;61;44m▄[38;2;57;52;40m[48;2;53;46;35m▄[38;2;44;43;43m[48;2;33;33;35m▄[38;2;33;37;45m[48;2;32;36;45m▄[38;2;32;38;49m[48;2;36;39;51m▄[0m
[38;2;52;56;39m[48;2;61;71;50m▄[38;2;51;56;37m[48;2;64;71;50m▄[38;2;59;63;45m[48;2;43;49;31m▄[38;2;58;62;43m[48;2;50;57;40m▄[38;2;51;52;35m[48;2;59;63;46m▄[38;2;47;46;30m[48;2;53;56;40m▄[38;2;35;34;20m[48;2;44;46;31m▄[38;2;31;31;18m[48;2;37;40;26m▄[38;2;43;46;34m[48;2;46;49;38m▄[38;2;46;52;42m[48;2;45;49;40m▄[38;2;43;50;39m[48;2;40;45;34m▄[38;2;40;45;36m[48;2;39;42;33m▄[38;2;41;42;36m[48;2;40;42;32m▄[38;2;33;32;24m[48;2;28;24;14m▄[38;2;34;30;21m[48;2;31;23;14m▄[38;2;26;21;10m[48;2;26;18;9m▄[38;2;24;18;7m[48;2;18;11;2m▄[38;2;24;18;6m[48;2;16;9;1m▄[38;2;29;22;12m[48;2;18;12;3m▄[38;2;36;28;17m[48;2;22;16;6m▄[38;2;65;51;36m[48;2;36;26;15m▄[38;2;93;78;52m[48;2;102;85;61m▄[38;2;104;89;60m[48;2;128;111;82m▄[38;2;115;98;68m[48;2;122;104;77m▄[38;2;104;89;57m[48;2;107;91;63m▄[38;2;106;90;61m[48;2;118;102;72m▄[38;2;116;100;69m[48;2;129;113;79m▄[38;2;129;112;73m[48;2;141;121;78m▄[38;2;167;141;101m[48;2;154;128;88m▄[38;2;170;139;100m[48;2;102;80;54m▄[38;2;146;136;117m[48;2;104;100;91m▄[38;2;162;165;162m[48;2;160;162;158m▄[38;2;152;153;148m[48;2;163;165;161m▄[38;2;201;199;194m[48;2;207;204;199m▄[38;2;166;162;159m[48;2;199;195;194m▄[38;2;142;141;140m[48;2;210;209;213m▄[38;2;140;139;139m[48;2;213;213;217m▄[38;2;152;154;161m[48;2;230;230;236m▄[38;2;136;138;150m[48;2;124;123;123m▄[38;2;121;127;143m[48;2;62;62;64m▄[38;2;126;134;152m[48;2;120;123;135m▄[38;2;86;93;108m[48;2;124;131;147m▄[38;2;86;97;110m[48;2;77;81;94m▄[38;2;82;86;95m[48;2;139;135;130m▄[38;2;134;122;108m[48;2;184;170;148m▄[38;2;177;159;135m[48;2;191;173;152m▄[38;2;113;99;82m[48;2;139;123;105m▄[38;2;75;66;56m[48;2;100;89;76m▄[38;2;35;30;26m[48;2;61;57;49m▄[38;2;31;29;24m[48;2;44;42;37m▄[38;2;36;34;29m[48;2;31;30;25m▄[38;2;37;35;31m[48;2;29;28;23m▄[38;2;35;34;29m[48;2;32;31;27m▄[38;2;50;47;37m[48;2;39;37;31m▄[38;2;67;59;46m[48;2;57;51;39m▄[38;2;73;66;52m[48;2;58;52;39m▄[38;2;62;58;45m[48;2;56;52;40m▄[38;2;50;51;50m[48;2;48;47;46m▄[38;2;43;49;62m[48;2;32;36;46m▄[38;2;78;88;102m[48;2;52;60;72m▄[0m
[38;2;56;58;39m[48;2;48;54;35m▄[38;2;59;62;41m[48;2;60;65;43m▄[38;2;44;44;27m[48;2;56;59;40m▄[38;2;40;37;20m[48;2;48;47;29m▄[38;2;35;32;15m[48;2;43;40;22m▄[38;2;30;26;12m[48;2;36;33;17m▄[38;2;34;31;17m[48;2;30;27;13m▄[38;2;45;45;31m[48;2;38;36;24m▄[38;2;46;50;35m[48;2;41;44;31m▄[38;2;44;48;34m[48;2;44;50;37m▄[38;2;43;47;32m[48;2;44;49;37m▄[38;2;42;46;31m[48;2;43;47;33m▄[38;2;39;42;28m[48;2;43;46;34m▄[38;2;42;41;29m[48;2;38;39;28m▄[38;2;42;38;26m[48;2;35;34;23m▄[38;2;41;38;25m[48;2;32;30;18m▄[38;2;36;32;20m[48;2;33;29;17m▄[38;2;41;34;22m[48;2;34;27;16m▄[38;2;44;38;25m[48;2;34;29;18m▄[38;2;44;37;26m[48;2;45;38;25m▄[38;2;44;37;23m[48;2;62;52;35m▄[38;2;49;38;22m[48;2;78;65;42m▄[38;2;56;41;25m[48;2;98;82;54m▄[38;2;65;51;31m[48;2;109;93;64m▄[38;2;72;57;34m[48;2;114;97;65m▄[38;2;81;65;38m[48;2;114;97;63m▄[38;2;96;78;48m[48;2;117;100;68m▄[38;2;112;96;62m[48;2;123;107;73m▄[38;2;138;117;78m[48;2;149;127;90m▄[38;2;174;145;102m[48;2;194;163;124m▄[38;2;158;145;121m[48;2;141;129;106m▄[38;2;141;141;136m[48;2;117;120;116m▄[38;2;153;148;138m[48;2;130;128;120m▄[38;2;208;202;197m[48;2;196;191;184m▄[38;2;171;165;166m[48;2;158;152;144m▄[38;2;152;153;162m[48;2;134;132;129m▄[38;2;88;95;109m[48;2;117;118;125m▄[38;2;80;88;102m[48;2;94;101;115m▄[38;2;89;99;115m[48;2;116;125;140m▄[38;2;103;113;128m[48;2;110;119;137m▄[38;2;69;76;92m[48;2;106;112;129m▄[38;2;80;89;103m[48;2;58;65;78m▄[38;2;105;113;127m[48;2;110;121;137m▄[38;2;37;38;48m[48;2;56;60;71m▄[38;2;125;115;105m[48;2;125;113;97m▄[38;2;190;173;143m[48;2;205;186;155m▄[38;2;177;160;131m[48;2;162;144;118m▄[38;2;159;142;111m[48;2;157;143;116m▄[38;2;127;115;84m[48;2;99;89;68m▄[38;2;79;72;53m[48;2;59;53;40m▄[38;2;48;43;32m[48;2;40;36;30m▄[38;2;61;57;43m[48;2;38;33;29m▄[38;2;107;100;81m[48;2;49;45;37m▄[38;2;113;106;85m[48;2;81;74;57m▄[38;2;74;69;47m[48;2;73;68;49m▄[38;2;82;78;63m[48;2;67;61;43m▄[38;2;123;125;133m[48;2;71;67;60m▄[38;2;79;89;103m[48;2;67;72;80m▄[38;2;56;66;83m[48;2;52;59;75m▄[38;2;104;113;131m[48;2;91;101;118m▄[0m
[38;2;58;56;37m[48;2;60;61;43m▄[38;2;49;45;27m[48;2;54;53;33m▄[38;2;34;30;15m[48;2;38;35;18m▄[38;2;34;28;14m[48;2;34;31;13m▄[38;2;30;25;12m[48;2;31;27;12m▄[38;2;40;40;27m[48;2;30;27;15m▄[38;2;43;45;33m[48;2;42;41;28m▄[38;2;41;44;31m[48;2;49;51;37m▄[38;2;42;46;31m[48;2;44;48;33m▄[38;2;46;48;34m[48;2;43;47;32m▄[38;2;40;42;29m[48;2;42;45;31m▄[38;2;41;42;28m[48;2;39;41;27m▄[38;2;41;40;27m[48;2;41;42;28m▄[38;2;34;32;19m[48;2;43;42;28m▄[38;2;37;31;20m[48;2;40;36;24m▄[38;2;35;28;18m[48;2;36;30;19m▄[38;2;38;31;20m[48;2;35;29;17m▄[38;2;45;39;24m[48;2;40;34;19m▄[38;2;49;42;25m[48;2;47;40;25m▄[38;2;39;31;15m[48;2;42;34;22m▄[38;2;34;27;11m[48;2;47;38;24m▄[38;2;45;36;22m[48;2;59;47;32m▄[38;2;56;48;32m[48;2;74;61;44m▄[38;2;64;57;33m[48;2;92;79;54m▄[38;2;76;67;38m[48;2;109;94;65m▄[38;2;85;75;44m[48;2;111;95;64m▄[38;2;85;70;41m[48;2;106;90;59m▄[38;2;85;66;38m[48;2;111;94;62m▄[38;2;104;86;52m[48;2;121;102;66m▄[38;2;122;100;58m[48;2;144;120;76m▄[38;2;113;105;83m[48;2;89;80;58m▄[38;2;114;117;119m[48;2;31;36;33m▄[38;2;126;129;141m[48;2;56;57;56m▄[38;2;113;118;136m[48;2;141;141;150m▄[38;2;114;121;137m[48;2;141;143;158m▄[38;2;99;107;121m[48;2;117;122;138m▄[38;2;59;67;79m[48;2;66;75;87m▄[38;2;59;67;78m[48;2;77;85;98m▄[38;2;75;82;95m[48;2;69;79;93m▄[38;2;83;93;105m[48;2;90;100;112m▄[38;2;113;123;138m[48;2;74;85;100m▄[38;2;106;111;128m[48;2;122;131;149m▄[38;2;26;27;37m[48;2;65;69;79m▄[38;2;80;77;86m[48;2;29;29;36m▄[38;2;192;185;199m[48;2;142;136;144m▄[38;2;179;165;162m[48;2;153;136;116m▄[38;2;141;126;96m[48;2;174;157;126m▄[38;2;151;137;105m[48;2;167;150;122m▄[38;2;154;141;110m[48;2;143;131;101m▄[38;2;80;73;52m[48;2;93;87;63m▄[38;2;90;85;59m[48;2;108;100;74m▄[38;2;138;129;100m[48;2;127;120;92m▄[38;2;165;152;119m[48;2;168;158;128m▄[38;2;148;132;111m[48;2;112;100;78m▄[38;2;193;179;189m[48;2;92;84;68m▄[38;2;225;211;238m[48;2;165;161;171m▄[38;2;175;177;199m[48;2;173;174;194m▄[38;2;59;70;87m[48;2;78;90;105m▄[38;2;86;97;110m[48;2;71;84;100m▄[38;2;43;49;58m[48;2;78;86;101m▄[0m
[38;2;37;39;20m[48;2;41;35;18m▄[38;2;39;38;18m[48;2;41;36;18m▄[38;2;29;27;12m[48;2;31;28;13m▄[38;2;29;23;11m[48;2;29;23;11m▄[38;2;36;29;15m[48;2;42;35;21m▄[38;2;43;39;25m[48;2;48;46;33m▄[38;2;50;53;38m[48;2;41;45;33m▄[38;2;51;58;38m[48;2;46;53;37m▄[38;2;50;55;36m[48;2;43;50;34m▄[38;2;42;46;29m[48;2;43;46;31m▄[38;2;42;44;29m[48;2;42;43;29m▄[38;2;41;43;30m[48;2;40;41;27m▄[38;2;40;43;29m[48;2;38;38;25m▄[38;2;42;44;31m[48;2;39;40;27m▄[38;2;37;38;25m[48;2;38;38;25m▄[38;2;37;33;20m[48;2;39;36;23m▄[38;2;41;34;18m[48;2;45;39;26m▄[38;2;37;31;15m[48;2;44;37;22m▄[38;2;40;34;16m[48;2;40;35;18m▄[38;2;35;28;16m[48;2;33;27;12m▄[38;2;28;22;10m[48;2;27;22;8m▄[38;2;33;26;12m[48;2;28;22;9m▄[38;2;35;28;15m[48;2;32;26;13m▄[38;2;40;34;19m[48;2;38;33;16m▄[38;2;43;38;20m[48;2;44;40;19m▄[38;2;45;39;21m[48;2;53;48;25m▄[38;2;47;38;22m[48;2;66;52;31m▄[38;2;49;40;23m[48;2;81;66;41m▄[38;2;65;54;32m[48;2;88;72;42m▄[38;2;88;69;31m[48;2;102;82;41m▄[38;2;131;123;110m[48;2;128;120;104m▄[38;2;120;128;148m[48;2;138;145;160m▄[38;2;80;91;105m[48;2;97;107;121m▄[38;2;77;85;101m[48;2;87;95;112m▄[38;2;109;115;129m[48;2;107;114;130m▄[38;2;102;107;121m[48;2;97;102;116m▄[38;2;54;61;74m[48;2;63;69;83m▄[38;2;74;83;93m[48;2;65;70;83m▄[38;2;91;99;114m[48;2;88;96;108m▄[38;2;83;92;108m[48;2;91;99;115m▄[38;2;66;74;87m[48;2;111;117;134m▄[38;2;21;24;34m[48;2;44;47;59m▄[38;2;104;101;114m[48;2;38;38;47m▄[38;2;193;185;200m[48;2;168;160;173m▄[38;2;182;174;189m[48;2;195;187;203m▄[38;2;180;172;188m[48;2;190;180;197m▄[38;2;186;177;194m[48;2;149;136;131m▄[38;2;178;164;160m[48;2;147;131;100m▄[38;2;164;147;119m[48;2;167;151;120m▄[38;2;149;132;100m[48;2;114;102;80m▄[38;2;149;132;99m[48;2;72;65;44m▄[38;2;192;175;149m[48;2;159;145;112m▄[38;2;208;193;203m[48;2;183;166;138m▄[38;2;210;198;219m[48;2;210;197;205m▄[38;2;208;196;218m[48;2;225;213;236m▄[38;2;228;213;239m[48;2;218;204;230m▄[38;2;146;149;167m[48;2;163;165;185m▄[38;2;67;79;92m[48;2;64;76;91m▄[38;2;41;45;58m[48;2;71;80;93m▄[38;2;28;30;41m[48;2;20;25;34m▄[0m
[38;2;37;39;20m[48;2;46;48;31m▄[38;2;35;35;19m[48;2;48;48;30m▄[38;2;19;15;3m[48;2;33;31;17m▄[38;2;11;5;0m[48;2;29;23;11m▄[38;2;24;15;6m[48;2;19;13;1m▄[38;2;136;122;111m[48;2;9;4;0m▄[38;2;144;135;122m[48;2;52;49;34m▄[38;2;40;43;26m[48;2;52;54;36m▄[38;2;39;42;25m[48;2;49;52;35m▄[38;2;38;41;24m[48;2;41;45;28m▄[38;2;38;40;24m[48;2;40;42;28m▄[38;2;38;39;25m[48;2;38;39;25m▄[38;2;41;39;26m[48;2;38;39;26m▄[38;2;34;33;20m[48;2;34;34;22m▄[38;2;34;31;18m[48;2;33;30;18m▄[38;2;35;32;16m[48;2;36;32;18m▄[38;2;34;32;16m[48;2;34;31;14m▄[38;2;31;28;13m[48;2;35;31;15m▄[38;2;33;29;13m[48;2;41;36;18m▄[38;2;29;23;9m[48;2;34;27;14m▄[38;2;20;14;2m[48;2;25;19;8m▄[38;2;21;18;5m[48;2;23;19;6m▄[38;2;23;19;7m[48;2;29;24;12m▄[38;2;23;17;7m[48;2;35;29;17m▄[38;2;21;17;6m[48;2;33;28;14m▄[38;2;23;19;8m[48;2;31;25;12m▄[38;2;24;20;7m[48;2;35;29;17m▄[38;2;23;16;7m[48;2;32;25;11m▄[38;2;50;37;22m[48;2;33;24;11m▄[38;2;122;98;53m[48;2;96;74;35m▄[38;2;112;108;93m[48;2;133;125;110m▄[38;2;86;95;113m[48;2;104;113;133m▄[38;2;58;63;75m[48;2;62;71;84m▄[38;2;59;63;75m[48;2;69;75;87m▄[38;2;87;92;105m[48;2;92;97;110m▄[38;2;80;85;98m[48;2;95;99;114m▄[38;2;54;59;71m[48;2;49;55;68m▄[38;2;64;70;83m[48;2;73;80;94m▄[38;2;59;65;80m[48;2;62;68;85m▄[38;2;90;97;108m[48;2;96;106;116m▄[38;2;20;20;28m[48;2;47;52;61m▄[38;2;72;71;81m[48;2;40;39;49m▄[38;2;179;172;189m[48;2;165;160;175m▄[38;2;171;166;180m[48;2;184;180;194m▄[38;2;167;163;177m[48;2;174;169;183m▄[38;2;160;156;170m[48;2;166;160;173m▄[38;2;162;156;170m[48;2;169;161;177m▄[38;2;174;168;181m[48;2;192;184;203m▄[38;2;188;178;189m[48;2;179;167;171m▄[38;2;163;150;144m[48;2;134;118;99m▄[38;2;154;143;143m[48;2;167;149;132m▄[38;2;190;181;200m[48;2;201;188;200m▄[38;2;204;193;214m[48;2;204;192;215m▄[38;2;210;198;217m[48;2;212;198;220m▄[38;2;209;197;216m[48;2;220;203;228m▄[38;2;198;189;207m[48;2;230;214;239m▄[38;2;107;111;127m[48;2;132;136;155m▄[38;2;51;57;69m[48;2;65;75;88m▄[38;2;12;17;23m[48;2;15;19;28m▄[38;2;45;50;59m[48;2;44;47;58m▄[0m
[38;2;26;10;3m[48;2;33;28;11m▄[38;2;156;133;113m[48;2;40;31;13m▄[38;2;255;243;228m[48;2;66;54;44m▄[38;2;255;246;229m[48;2;108;93;82m▄[38;2;255;241;225m[48;2;199;181;168m▄[38;2;245;229;217m[48;2;252;235;223m▄[38;2;241;230;218m[48;2;204;196;185m▄[38;2;106;110;92m[48;2;57;62;47m▄[38;2;52;57;37m[48;2;41;43;27m▄[38;2;43;44;29m[48;2;37;37;23m▄[38;2;37;38;22m[48;2;37;38;22m▄[38;2;37;36;21m[48;2;37;38;24m▄[38;2;32;29;16m[48;2;36;34;21m▄[38;2;34;30;16m[48;2;36;33;19m▄[38;2;31;27;12m[48;2;31;27;15m▄[38;2;34;28;15m[48;2;32;29;16m▄[38;2;30;24;11m[48;2;35;32;16m▄[38;2;23;18;5m[48;2;29;26;12m▄[38;2;26;19;6m[48;2;23;19;7m▄[38;2;30;26;11m[48;2;20;16;5m▄[38;2;29;26;13m[48;2;23;18;8m▄[38;2;31;26;14m[48;2;26;19;7m▄[38;2;34;31;13m[48;2;27;22;8m▄[38;2;37;34;16m[48;2;25;21;9m▄[38;2;43;38;20m[48;2;25;22;10m▄[38;2;48;42;22m[48;2;25;22;10m▄[38;2;49;43;22m[48;2;29;25;11m▄[38;2;46;41;21m[48;2;42;36;21m▄[38;2;59;50;27m[48;2;84;68;43m▄[38;2;105;86;43m[48;2;125;103;55m▄[38;2;87;82;69m[48;2;97;94;80m▄[38;2;51;56;73m[48;2;71;77;94m▄[38;2;55;59;70m[48;2;54;58;69m▄[38;2;39;41;53m[48;2;46;51;61m▄[38;2;72;76;87m[48;2;77;81;93m▄[38;2;64;68;82m[48;2;63;66;79m▄[38;2;44;49;61m[48;2;55;59;71m▄[38;2;36;39;51m[48;2;53;56;67m▄[38;2;67;71;84m[48;2;61;68;79m▄[38;2;37;40;49m[48;2;65;68;79m▄[38;2;130;121;112m[48;2;54;52;55m▄[38;2;196;173;155m[48;2;133;124;125m▄[38;2;138;118;99m[48;2;153;142;146m▄[38;2;109;97;86m[48;2;148;142;153m▄[38;2;126;120;127m[48;2;151;148;162m▄[38;2;137;132;142m[48;2;146;143;155m▄[38;2;141;133;144m[48;2;149;144;155m▄[38;2;149;139;149m[48;2;162;152;160m▄[38;2;171;154;142m[48;2;182;167;153m▄[38;2;171;150;123m[48;2;172;153;124m▄[38;2;160;140;113m[48;2;145;129;102m▄[38;2;143;120;91m[48;2;134;119;101m▄[38;2;106;86;60m[48;2;155;143;144m▄[38;2;108;96;86m[48;2;179;172;185m▄[38;2;155;146;155m[48;2;180;173;189m▄[38;2;157;152;166m[48;2;167;162;177m▄[38;2;69;70;79m[48;2;88;91;104m▄[38;2;13;15;20m[48;2;26;31;39m▄[38;2;19;22;27m[48;2;18;23;29m▄[38;2;23;26;32m[48;2;36;40;46m▄[0m
