[38;2;119;93;68m[48;2;200;166;135m▄[38;2;139;108;78m[48;2;216;179;146m▄[38;2;126;99;72m[48;2;193;162;129m▄[38;2;124;98;73m[48;2;197;168;137m▄[38;2;143;112;81m[48;2;162;135;104m▄[38;2;154;117;81m[48;2;127;88;48m▄[38;2;142;101;59m[48;2;121;79;34m▄[38;2;140;94;48m[48;2;113;71;28m▄[38;2;128;84;42m[48;2;123;79;36m▄[38;2;104;70;35m[48;2;142;100;57m▄[38;2;109;74;42m[48;2;154;115;77m▄[38;2;114;82;53m[48;2;166;133;102m▄[38;2;117;89;62m[48;2;177;148;121m▄[38;2;122;95;71m[48;2;185;158;133m▄[38;2;130;101;77m[48;2;185;158;135m▄[38;2;133;105;79m[48;2;185;162;137m▄[38;2;130;103;80m[48;2;189;164;139m▄[38;2;131;104;81m[48;2;189;162;139m▄[38;2;130;103;80m[48;2;189;164;139m▄[38;2;127;102;80m[48;2;191;166;141m▄[38;2;124;98;75m[48;2;191;166;141m▄[38;2;145;116;88m[48;2;144;117;92m▄[38;2;148;115;82m[48;2;100;65;32m▄[38;2;133;96;59m[48;2;94;57;23m▄[38;2;132;91;52m[48;2;96;59;23m▄[38;2;116;78;43m[48;2;121;83;48m▄[38;2;103;71;42m[48;2;146;110;77m▄[38;2;109;79;51m[48;2;158;125;96m▄[38;2;114;87;61m[48;2;169;142;117m▄[38;2;118;94;69m[48;2;181;154;129m▄[38;2;137;111;84m[48;2;183;158;133m▄[38;2;141;115;94m[48;2;183;158;133m▄[38;2;136;112;90m[48;2;171;150;125m▄[38;2;129;109;87m[48;2;187;166;137m▄[38;2;96;76;63m[48;2;183;160;131m▄[38;2;58;42;37m[48;2;171;150;125m▄[38;2;75;59;52m[48;2;181;158;133m▄[38;2;100;82;71m[48;2;200;175;148m▄[38;2;129;108;88m[48;2;193;164;133m▄[38;2;149;120;89m[48;2;154;121;81m▄[38;2;168;134;95m[48;2;142;110;65m▄[38;2;161;126;86m[48;2;137;106;63m▄[38;2;129;96;63m[48;2;154;123;88m▄[38;2;106;80;55m[48;2;171;141;108m▄[38;2;122;98;73m[48;2;175;144;112m▄[38;2;126;104;79m[48;2;185;154;121m▄[38;2;129;109;85m[48;2;195;166;135m▄[38;2;129;110;87m[48;2;198;171;141m▄[38;2;144;121;95m[48;2;200;173;144m▄[38;2;133;114;92m[48;2;202;175;146m▄[38;2;129;112;90m[48;2;204;175;146m▄[38;2;129;110;89m[48;2;204;175;146m▄[38;2;128;111;90m[48;2;200;175;142m▄[38;2;129;113;92m[48;2;200;175;142m▄[38;2;129;114;91m[48;2;202;177;144m▄[38;2;167;146;118m[48;2;191;166;135m▄[38;2;198;171;141m[48;2;175;152;125m▄[38;2;192;168;141m[48;2;175;158;131m▄[38;2;189;166;138m[48;2;189;171;142m▄[38;2;180;155;123m[48;2;200;181;152m▄[0m
[38;2;88;79;70m[48;2;58;54;47m▄[38;2;97;92;84m[48;2;64;60;53m▄[38;2;90;89;84m[48;2;59;56;52m▄[38;2;94;90;86m[48;2;54;49;45m▄[38;2;147;129;112m[48;2;127;104;84m▄[38;2;151;123;93m[48;2;167;138;110m▄[38;2;143;110;81m[48;2;154;123;94m▄[38;2;153;121;93m[48;2;151;118;87m▄[38;2;95;73;55m[48;2;98;74;52m▄[38;2;61;52;45m[48;2;28;20;15m▄[38;2;90;81;73m[48;2;59;47;37m▄[38;2;79;71;62m[48;2;56;45;36m▄[38;2;74;67;61m[48;2;58;48;42m▄[38;2;74;69;63m[48;2;52;47;44m▄[38;2;99;90;81m[48;2;76;67;60m▄[38;2;104;95;89m[48;2;78;69;63m▄[38;2;90;89;90m[48;2;62;61;63m▄[38;2;99;98;101m[48;2;66;66;69m▄[38;2;103;105;108m[48;2;67;68;73m▄[38;2;105;109;113m[48;2;61;66;70m▄[38;2;109;114;118m[48;2;64;64;65m▄[38;2;167;153;137m[48;2;147;129;113m▄[38;2;164;134;106m[48;2;167;140;116m▄[38;2;163;134;108m[48;2;157;130;105m▄[38;2;173;145;117m[48;2;158;129;102m▄[38;2;98;79;57m[48;2;80;58;41m▄[38;2;83;80;78m[48;2;40;37;33m▄[38;2;93;92;89m[48;2;58;53;48m▄[38;2;85;86;83m[48;2;58;53;50m▄[38;2;94;90;85m[48;2;70;64;57m▄[38;2;93;66;53m[48;2;63;50;41m▄[38;2;182;128;102m[48;2;92;65;56m▄[38;2;203;142;112m[48;2;155;106;84m▄[38;2;193;129;101m[48;2;103;63;47m▄[38;2;184;118;89m[48;2;79;40;29m▄[38;2;156;90;67m[48;2;59;26;21m▄[38;2;80;30;22m[48;2;24;7;8m▄[38;2;60;26;20m[48;2;7;0;1m▄[38;2;23;15;15m[48;2;13;4;7m▄[38;2;35;20;20m[48;2;39;27;25m▄[38;2;45;31;31m[48;2;92;74;61m▄[38;2;140;115;91m[48;2;179;152;124m▄[38;2;111;87;65m[48;2;102;78;56m▄[38;2;84;83;84m[48;2;42;38;38m▄[38;2;111;109;107m[48;2;78;76;74m▄[38;2;108;105;100m[48;2;80;78;76m▄[38;2;106;102;97m[48;2;86;86;83m▄[38;2;102;102;96m[48;2;89;89;88m▄[38;2;125;119;113m[48;2;115;110;104m▄[38;2;116;111;109m[48;2;97;97;97m▄[38;2;116;116;114m[48;2;102;104;107m▄[38;2;118;119;118m[48;2;104;108;111m▄[38;2;114;117;118m[48;2;104;108;113m▄[38;2;119;123;124m[48;2;102;108;113m▄[38;2;122;125;126m[48;2;100;109;112m▄[38;2;165;158;149m[48;2;169;163;152m▄[38;2;173;149;120m[48;2;190;167;142m▄[38;2;176;150;124m[48;2;188;166;144m▄[38;2;169;145;122m[48;2;177;155;133m▄[38;2;176;153;130m[48;2;173;153;130m▄[0m
[38;2;44;38;30m[48;2;86;83;74m▄[38;2;47;35;23m[48;2;88;85;76m▄[38;2;31;19;9m[48;2;72;71;62m▄[38;2;47;41;29m[48;2;60;57;49m▄[38;2;91;76;54m[48;2;116;96;74m▄[38;2;131;110;86m[48;2;119;87;58m▄[38;2;176;158;139m[48;2;115;77;44m▄[38;2;144;117;91m[48;2;132;96;66m▄[38;2;99;71;45m[48;2;95;70;49m▄[38;2;88;81;82m[48;2;55;49;44m▄[38;2;146;123;95m[48;2;84;83;83m▄[38;2;178;150;120m[48;2;84;77;71m▄[38;2;198;147;87m[48;2;95;84;68m▄[38;2;182;154;103m[48;2;69;64;60m▄[38;2;106;86;66m[48;2;84;74;70m▄[38;2;119;84;56m[48;2;86;75;68m▄[38;2;116;80;57m[48;2;74;69;66m▄[38;2;59;50;43m[48;2;86;81;79m▄[38;2;37;16;15m[48;2;85;80;77m▄[38;2;43;0;0m[48;2;76;65;62m▄[38;2;33;3;2m[48;2;78;66;65m▄[38;2;56;28;20m[48;2;119;100;88m▄[38;2;78;44;27m[48;2;128;101;80m▄[38;2;112;76;52m[48;2;147;119;93m▄[38;2;135;97;71m[48;2;168;140;111m▄[38;2;115;84;62m[48;2;107;87;67m▄[38;2;105;87;78m[48;2;75;77;81m▄[38;2;135;95;79m[48;2;94;90;92m▄[38;2;132;82;63m[48;2;107;86;79m▄[38;2;128;77;58m[48;2;121;78;63m▄[38;2;130;80;64m[48;2;162;107;85m▄[38;2;140;90;74m[48;2;188;129;98m▄[38;2;157;103;84m[48;2;145;88;63m▄[38;2;153;100;81m[48;2;140;81;57m▄[38;2;131;83;69m[48;2;137;76;53m▄[38;2;129;79;64m[48;2;136;82;61m▄[38;2;107;57;47m[48;2;119;70;56m▄[38;2;96;58;44m[48;2;91;46;40m▄[38;2;103;75;60m[48;2;47;23;24m▄[38;2;84;56;44m[48;2;24;8;10m▄[38;2;96;49;38m[48;2;106;89;76m▄[38;2;74;46;37m[48;2;169;143;113m▄[38;2;30;18;13m[48;2;102;79;60m▄[38;2;43;33;32m[48;2;86;82;83m▄[38;2;100;103;111m[48;2;120;119;119m▄[38;2;100;104;114m[48;2;116;114;113m▄[38;2;94;98;106m[48;2;111;110;106m▄[38;2;89;93;102m[48;2;105;105;98m▄[38;2;112;113;115m[48;2;122;118;111m▄[38;2;96;81;73m[48;2;114;109;105m▄[38;2;79;59;55m[48;2;112;111;109m▄[38;2;44;37;37m[48;2;114;112;108m▄[38;2;53;47;48m[48;2;111;109;106m▄[38;2;19;8;8m[48;2;78;71;70m▄[38;2;21;16;18m[48;2;95;91;90m▄[38;2;93;78;72m[48;2;150;140;131m▄[38;2;135;106;83m[48;2;148;119;96m▄[38;2;140;111;86m[48;2;157;130;106m▄[38;2;138;108;86m[48;2;157;131;108m▄[38;2;148;123;100m[48;2;163;138;116m▄[0m
[38;2;102;70;37m[48;2;19;8;10m▄[38;2;116;77;43m[48;2;23;4;4m▄[38;2;128;95;65m[48;2;90;66;63m▄[38;2;118;87;62m[48;2;166;158;152m▄[38;2;145;128;116m[48;2;189;180;170m▄[38;2;161;163;167m[48;2;193;188;178m▄[38;2;174;173;173m[48;2;207;206;199m▄[38;2;194;191;189m[48;2;164;158;153m▄[38;2;206;194;180m[48;2;134;116;106m▄[38;2;191;170;149m[48;2;134;127;116m▄[38;2;163;142;130m[48;2;164;134;79m▄[38;2;161;138;126m[48;2;126;91;51m▄[38;2;152;127;114m[48;2;95;58;31m▄[38;2;115;93;86m[48;2;150;108;55m▄[38;2;132;115;107m[48;2;134;93;59m▄[38;2;156;108;66m[48;2;101;65;47m▄[38;2;100;58;19m[48;2;73;38;26m▄[38;2;101;61;25m[48;2;68;37;28m▄[38;2;114;72;31m[48;2;44;16;11m▄[38;2;109;69;30m[48;2;39;16;12m▄[38;2;153;114;83m[48;2;27;16;11m▄[38;2;193;140;109m[48;2;60;41;29m▄[38;2;191;122;90m[48;2;156;106;72m▄[38;2;182;109;79m[48;2;147;90;58m▄[38;2;105;41;26m[48;2;110;63;43m▄[38;2;87;38;23m[48;2;116;74;50m▄[38;2;94;50;29m[48;2;125;84;59m▄[38;2;114;67;42m[48;2;147;111;87m▄[38;2;131;85;59m[48;2;166;135;112m▄[38;2;186;142;111m[48;2;161;132;111m▄[38;2;226;186;150m[48;2;151;122;102m▄[38;2;199;154;123m[48;2;142;105;84m▄[38;2;163;109;74m[48;2;89;47;37m▄[38;2;164;101;61m[48;2;86;39;27m▄[38;2;169;104;58m[48;2;90;37;25m▄[38;2;97;69;44m[48;2;67;26;20m▄[38;2;81;53;46m[48;2;56;19;17m▄[38;2;114;38;32m[48;2;66;10;8m▄[38;2;92;24;22m[48;2;112;42;30m▄[38;2;89;22;18m[48;2;108;39;28m▄[38;2;174;67;55m[48;2;151;46;40m▄[38;2;253;109;95m[48;2;202;80;70m▄[38;2;172;72;57m[48;2;121;53;41m▄[38;2;53;28;13m[48;2;39;25;20m▄[38;2;142;106;66m[48;2;110;103;104m▄[38;2;148;110;68m[48;2;114;106;107m▄[38;2;143;105;66m[48;2;109;101;105m▄[38;2;146;107;66m[48;2;104;97;102m▄[38;2;139;99;59m[48;2;111;102;101m▄[38;2;132;92;53m[48;2;83;61;50m▄[38;2;131;89;49m[48;2;75;48;39m▄[38;2;129;83;42m[48;2;48;30;23m▄[38;2;124;76;37m[48;2;37;26;20m▄[38;2;127;81;39m[48;2;33;25;21m▄[38;2;115;79;50m[48;2;31;24;17m▄[38;2;121;66;48m[48;2;77;62;48m▄[38;2;117;59;41m[48;2;143;118;92m▄[38;2;103;51;36m[48;2;144;117;90m▄[38;2;94;44;32m[48;2;147;119;92m▄[38;2;117;68;46m[48;2;146;117;91m▄[0m
[38;2;177;145;115m[48;2;113;77;42m▄[38;2;173;136;102m[48;2;127;85;45m▄[38;2;130;98;70m[48;2;113;75;37m▄[38;2;137;106;81m[48;2;104;68;35m▄[38;2;144;107;74m[48;2;193;180;159m▄[38;2;167;130;97m[48;2;215;212;197m▄[38;2;171;132;99m[48;2;189;171;146m▄[38;2;138;86;45m[48;2;125;86;60m▄[38;2;123;66;24m[48;2;117;69;37m▄[38;2;98;44;11m[48;2;104;56;30m▄[38;2;98;46;15m[48;2;97;60;43m▄[38;2;118;68;33m[48;2;109;81;69m▄[38;2;108;55;20m[48;2;117;85;66m▄[38;2;67;20;7m[48;2;101;61;47m▄[38;2;122;78;55m[48;2;128;79;38m▄[38;2;114;83;66m[48;2;165;117;66m▄[38;2;110;77;62m[48;2;140;102;67m▄[38;2;130;93;73m[48;2;134;98;65m▄[38;2;137;98;75m[48;2;129;92;58m▄[38;2;131;92;66m[48;2;123;87;51m▄[38;2;133;94;68m[48;2;145;90;69m▄[38;2;118;79;55m[48;2;125;72;56m▄[38;2;104;70;51m[48;2;82;46;35m▄[38;2;104;70;51m[48;2;76;32;23m▄[38;2;112;78;53m[48;2;71;39;31m▄[38;2;101;66;40m[48;2;92;62;44m▄[38;2;100;63;38m[48;2;111;75;50m▄[38;2;85;52;30m[48;2;78;52;39m▄[38;2;69;36;12m[48;2;64;36;20m▄[38;2;93;51;23m[48;2;198;150;117m▄[38;2;117;63;30m[48;2;216;156;123m▄[38;2;107;52;18m[48;2;174;106;77m▄[38;2;83;36;9m[48;2;141;71;39m▄[38;2;83;38;14m[48;2;131;61;26m▄[38;2;73;36;18m[48;2;149;79;42m▄[38;2;56;17;6m[48;2;166;120;83m▄[38;2;57;8;0m[48;2;145;65;53m▄[38;2;75;22;9m[48;2;163;67;57m▄[38;2;82;22;8m[48;2;142;87;73m▄[38;2;77;20;9m[48;2;151;89;72m▄[38;2;80;43;23m[48;2;159;110;86m▄[38;2;102;59;32m[48;2;198;105;85m▄[38;2;127;71;41m[48;2;165;70;59m▄[38;2;126;79;49m[48;2;46;27;20m▄[38;2;152;104;68m[48;2;134;102;72m▄[38;2;156;108;72m[48;2;137;104;71m▄[38;2;164;117;81m[48;2;151;120;90m▄[38;2;164;117;81m[48;2;146;113;83m▄[38;2;167;119;84m[48;2;145;112;82m▄[38;2;148;118;90m[48;2;141;110;81m▄[38;2;142;123;103m[48;2;140;109;83m▄[38;2;131;111;89m[48;2;139;109;86m▄[38;2;87;62;38m[48;2;137;99;64m▄[38;2;29;7;6m[48;2;105;64;31m▄[38;2;10;0;0m[48;2;57;10;8m▄[38;2;0;1;1m[48;2;42;0;0m▄[38;2;35;3;4m[48;2;8;0;0m▄[38;2;64;9;9m[48;2;18;0;0m▄[38;2;169;140;119m[48;2;108;67;62m▄[38;2;181;151;115m[48;2;151;122;93m▄[0m
[38;2;40;23;5m[48;2;86;61;42m▄[38;2;45;28;8m[48;2;83;58;39m▄[38;2;42;26;7m[48;2;68;47;32m▄[38;2;41;26;7m[48;2;68;43;25m▄[38;2;39;23;7m[48;2;71;44;22m▄[38;2;34;21;6m[48;2;71;43;23m▄[38;2;24;13;2m[48;2;80;49;26m▄[38;2;16;4;0m[48;2;78;48;25m▄[38;2;16;5;0m[48;2;52;30;16m▄[38;2;20;5;0m[48;2;46;26;14m▄[38;2;22;5;0m[48;2;51;30;16m▄[38;2;22;7;0m[48;2;55;32;17m▄[38;2;27;13;0m[48;2;55;30;16m▄[38;2;34;19;5m[48;2;53;29;16m▄[38;2;40;22;10m[48;2;48;25;15m▄[38;2;47;29;15m[48;2;46;24;14m▄[38;2;56;39;24m[48;2;47;25;13m▄[38;2;61;44;29m[48;2;59;32;17m▄[38;2;70;55;39m[48;2;70;41;24m▄[38;2;81;66;49m[48;2;76;46;27m▄[38;2;93;78;61m[48;2;79;47;29m▄[38;2;106;92;73m[48;2;82;49;30m▄[38;2;118;105;87m[48;2;84;50;29m▄[38;2;126;113;95m[48;2;85;50;29m▄[38;2;134;119;97m[48;2;89;53;29m▄[38;2;150;136;113m[48;2;97;59;33m▄[38;2;162;148;125m[48;2;100;62;35m▄[38;2;167;153;129m[48;2;110;71;41m▄[38;2;171;157;132m[48;2;118;79;47m▄[38;2;177;163;136m[48;2;123;85;55m▄[38;2;174;161;132m[48;2;139;102;68m▄[38;2;179;164;137m[48;2;150;115;78m▄[38;2;190;176;148m[48;2;151;115;80m▄[38;2;183;169;141m[48;2;149;113;78m▄[38;2;172;159;128m[48;2;150;116;80m▄[38;2;172;159;129m[48;2;151;117;81m▄[38;2;169;155;124m[48;2;151;120;82m▄[38;2;171;158;127m[48;2;151;120;81m▄[38;2;175;161;131m[48;2;153;122;86m▄[38;2;173;160;129m[48;2;155;124;90m▄[38;2;172;159;127m[48;2;160;124;87m▄[38;2;177;163;132m[48;2;169;129;93m▄[38;2;174;158;125m[48;2;151;113;79m▄[38;2;149;130;100m[48;2;104;65;40m▄[38;2;68;49;33m[48;2;84;48;29m▄[38;2;20;5;0m[48;2;93;59;39m▄[38;2;32;15;8m[48;2;96;61;42m▄[38;2;23;8;2m[48;2;96;61;42m▄[38;2;18;5;1m[48;2;91;57;39m▄[38;2;20;6;3m[48;2;85;54;39m▄[38;2;16;5;1m[48;2;83;54;38m▄[38;2;17;7;4m[48;2;65;39;24m▄[38;2;23;11;7m[48;2;26;13;9m▄[38;2;22;9;5m[48;2;20;11;8m▄[38;2;23;10;5m[48;2;21;12;9m▄[38;2;25;11;5m[48;2;31;13;10m▄[38;2;27;14;7m[48;2;52;15;11m▄[38;2;25;12;6m[48;2;54;21;17m▄[38;2;17;5;0m[48;2;79;51;41m▄[38;2;20;5;0m[48;2;87;59;44m▄[0m
[38;2;56;28;12m[48;2;47;26;8m▄[38;2;59;29;13m[48;2;51;29;12m▄[38;2;53;25;12m[48;2;46;25;12m▄[38;2;50;24;11m[48;2;45;24;9m▄[38;2;48;23;10m[48;2;46;24;11m▄[38;2;46;22;8m[48;2;50;25;12m▄[38;2;57;34;21m[48;2;67;43;28m▄[38;2;98;80;62m[48;2;94;71;52m▄[38;2;155;139;111m[48;2;99;78;55m▄[38;2;184;169;138m[48;2;110;87;65m▄[38;2;192;177;147m[48;2;119;96;74m▄[38;2;198;183;155m[48;2;132;112;89m▄[38;2;200;187;161m[48;2;144;126;101m▄[38;2;197;183;156m[48;2;146;130;105m▄[38;2;190;176;147m[48;2;154;138;113m▄[38;2;183;168;139m[48;2;165;150;125m▄[38;2;170;154;125m[48;2;176;162;137m▄[38;2;180;164;137m[48;2;189;174;152m▄[38;2;183;167;145m[48;2;191;176;152m▄[38;2;172;158;135m[48;2;195;181;155m▄[38;2;180;168;146m[48;2;200;187;163m▄[38;2;191;176;153m[48;2;199;186;160m▄[38;2;184;169;142m[48;2;200;186;160m▄[38;2;184;169;144m[48;2;198;184;157m▄[38;2;190;176;151m[48;2;192;176;150m▄[38;2;191;177;152m[48;2;188;173;144m▄[38;2;189;176;150m[48;2;189;176;147m▄[38;2;191;177;148m[48;2;182;168;141m▄[38;2;192;178;150m[48;2;184;169;143m▄[38;2;192;174;147m[48;2;187;169;139m▄[38;2;185;166;138m[48;2;177;159;129m▄[38;2;177;160;131m[48;2;177;159;130m▄[38;2;182;164;133m[48;2;186;168;136m▄[38;2;186;169;135m[48;2;191;174;141m▄[38;2;183;164;131m[48;2;190;173;141m▄[38;2;184;164;131m[48;2;186;169;138m▄[38;2;181;161;128m[48;2;186;169;137m▄[38;2;176;159;126m[48;2;189;172;143m▄[38;2;177;156;124m[48;2;185;167;135m▄[38;2;181;160;128m[48;2;183;164;133m▄[38;2;182;161;128m[48;2;181;163;130m▄[38;2;178;151;117m[48;2;189;170;137m▄[38;2;184;152;116m[48;2;185;166;135m▄[38;2;174;142;105m[48;2;180;158;123m▄[38;2;169;139;103m[48;2;178;154;116m▄[38;2;171;144;107m[48;2;109;88;63m▄[38;2;73;50;29m[48;2;40;21;9m▄[38;2;40;18;6m[48;2;40;21;10m▄[38;2;44;23;9m[48;2;37;18;7m▄[38;2;47;23;10m[48;2;38;19;8m▄[38;2;49;23;9m[48;2;40;20;8m▄[38;2;51;26;11m[48;2;42;22;8m▄[38;2;49;26;12m[48;2;45;24;11m▄[38;2;46;24;12m[48;2;45;23;10m▄[38;2;43;21;11m[48;2;46;22;9m▄[38;2;40;21;12m[48;2;51;26;12m▄[38;2;35;21;14m[48;2;49;25;11m▄[38;2;28;16;11m[48;2;48;25;12m▄[38;2;26;14;11m[48;2;50;26;11m▄[38;2;29;16;13m[48;2;53;29;13m▄[0m
[38;2;37;19;14m[48;2;47;23;10m▄[38;2;45;24;14m[48;2;49;25;11m▄[38;2;48;26;14m[48;2;45;24;14m▄[38;2;48;26;14m[48;2;44;23;14m▄[38;2;51;27;14m[48;2;44;24;14m▄[38;2;52;28;15m[48;2;45;25;14m▄[38;2;45;26;16m[48;2;43;23;12m▄[38;2;46;26;15m[48;2;36;15;4m▄[38;2;39;18;8m[48;2;53;30;15m▄[38;2;40;21;10m[48;2;128;106;78m▄[38;2;124;100;74m[48;2;182;159;124m▄[38;2;167;142;108m[48;2;179;157;122m▄[38;2;172;148;114m[48;2;187;165;134m▄[38;2;177;155;122m[48;2;193;171;140m▄[38;2;174;152;120m[48;2;193;172;139m▄[38;2;173;150;119m[48;2;193;170;138m▄[38;2;170;147;115m[48;2;192;169;137m▄[38;2;167;145;111m[48;2;190;169;136m▄[38;2;171;148;115m[48;2;185;164;131m▄[38;2;167;145;112m[48;2;169;149;117m▄[38;2;160;137;105m[48;2;173;154;125m▄[38;2;166;143;109m[48;2;183;165;137m▄[38;2;171;151;117m[48;2;185;170;143m▄[38;2;184;166;134m[48;2;188;175;150m▄[38;2;192;174;142m[48;2;195;182;158m▄[38;2;191;170;137m[48;2;184;169;143m▄[38;2;192;172;140m[48;2;185;170;147m▄[38;2;194;174;142m[48;2;191;176;153m▄[38;2;194;171;138m[48;2;187;171;144m▄[38;2;190;169;135m[48;2;184;167;138m▄[38;2;181;162;128m[48;2;178;159;126m▄[38;2;177;158;120m[48;2;176;157;122m▄[38;2;177;159;122m[48;2;178;160;128m▄[38;2;182;161;128m[48;2;181;162;129m▄[38;2;187;165;132m[48;2;181;160;127m▄[38;2;184;161;127m[48;2;175;153;120m▄[38;2;192;171;136m[48;2;175;153;120m▄[38;2;190;170;135m[48;2;179;156;124m▄[38;2;185;163;127m[48;2;183;160;128m▄[38;2;194;170;135m[48;2;174;150;117m▄[38;2;177;151;116m[48;2;118;88;59m▄[38;2;152;123;89m[48;2;137;92;60m▄[38;2;140;102;69m[48;2;178;116;73m▄[38;2;135;90;56m[48;2;175;112;70m▄[38;2;135;85;48m[48;2;178;119;78m▄[38;2;148;92;54m[48;2;187;131;91m▄[38;2;163;106;67m[48;2;166;114;77m▄[38;2;174;115;75m[48;2;115;74;47m▄[38;2;180;121;83m[48;2;81;53;35m▄[38;2;183;127;89m[48;2;61;39;26m▄[38;2;173;119;84m[48;2;38;22;16m▄[38;2;157;106;73m[48;2;25;12;10m▄[38;2;137;90;61m[48;2;15;6;7m▄[38;2;113;73;47m[48;2;11;4;5m▄[38;2;78;48;31m[48;2;16;10;10m▄[38;2;40;23;15m[48;2;16;9;9m▄[38;2;11;6;4m[48;2;19;12;10m▄[38;2;1;1;0m[48;2;20;13;10m▄[38;2;1;0;0m[48;2;21;13;11m▄[38;2;1;0;0m[48;2;17;10;7m▄[0m
[38;2;31;15;8m[48;2;17;7;5m▄[38;2;40;19;10m[48;2;23;10;8m▄[38;2;38;17;8m[48;2;22;10;7m▄[38;2;37;15;6m[48;2;23;10;6m▄[38;2;36;16;6m[48;2;29;13;9m▄[38;2;35;15;6m[48;2;34;17;9m▄[38;2;38;17;7m[48;2;34;16;9m▄[38;2;38;17;6m[48;2;39;20;11m▄[38;2;34;13;1m[48;2;43;23;11m▄[38;2;29;9;0m[48;2;38;17;6m▄[38;2;44;22;11m[48;2;56;34;18m▄[38;2;109;79;58m[48;2;135;110;81m▄[38;2;170;128;94m[48;2;149;125;92m▄[38;2;190;143;107m[48;2;156;134;101m▄[38;2;190;140;102m[48;2;162;140;107m▄[38;2;186;133;96m[48;2;165;144;110m▄[38;2;163;118;80m[48;2;178;156;122m▄[38;2;165;139;106m[48;2;175;153;118m▄[38;2;178;157;125m[48;2;177;154;119m▄[38;2;181;162;131m[48;2;189;166;133m▄[38;2;179;162;133m[48;2;182;160;129m▄[38;2;181;166;137m[48;2;177;157;125m▄[38;2;189;173;146m[48;2;186;166;133m▄[38;2;184;166;139m[48;2;193;171;139m▄[38;2;179;160;132m[48;2;196;175;142m▄[38;2;185;163;134m[48;2;185;164;130m▄[38;2;182;159;125m[48;2;177;157;121m▄[38;2;177;155;118m[48;2;176;156;117m▄[38;2;185;163;124m[48;2;180;160;122m▄[38;2;189;167;129m[48;2;181;160;123m▄[38;2;187;165;130m[48;2;177;154;119m▄[38;2;188;166;134m[48;2;175;153;116m▄[38;2;184;161;129m[48;2;187;164;129m▄[38;2;180;156;124m[48;2;187;164;132m▄[38;2;177;153;119m[48;2;177;155;122m▄[38;2;182;157;122m[48;2;184;162;128m▄[38;2;182;159;124m[48;2;186;163;129m▄[38;2;187;164;132m[48;2;175;152;118m▄[38;2;185;163;128m[48;2;182;160;126m▄[38;2;182;160;124m[48;2;182;160;126m▄[38;2;182;159;123m[48;2;190;167;133m▄[38;2;179;155;120m[48;2;191;167;133m▄[38;2;175;151;116m[48;2;189;166;133m▄[38;2;183;159;124m[48;2;180;157;124m▄[38;2;190;166;132m[48;2;158;131;98m▄[38;2;190;165;131m[48;2;125;93;63m▄[38;2;168;139;104m[48;2;114;79;49m▄[38;2;146;114;79m[48;2;109;71;40m▄[38;2;122;88;53m[48;2;102;63;32m▄[38;2;90;54;25m[48;2;122;71;41m▄[38;2;126;70;34m[48;2;168;106;64m▄[38;2;152;89;45m[48;2;172;108;67m▄[38;2;151;90;50m[48;2;177;111;68m▄[38;2;149;88;49m[48;2;183;116;71m▄[38;2;149;85;42m[48;2;182;117;71m▄[38;2;155;92;48m[48;2;166;107;64m▄[38;2;184;144;106m[48;2;133;79;42m▄[38;2;200;172;132m[48;2;93;58;34m▄[38;2;202;183;141m[48;2;57;46;35m▄[38;2;214;196;153m[48;2;90;81;68m▄[0m
[38;2;19;7;3m[48;2;37;17;7m▄[38;2;19;5;1m[48;2;40;19;8m▄[38;2;22;6;1m[48;2;36;18;8m▄[38;2;23;6;1m[48;2;36;16;8m▄[38;2;22;5;2m[48;2;34;15;6m▄[38;2;24;8;5m[48;2;36;17;9m▄[38;2;20;6;3m[48;2;34;15;8m▄[38;2;119;86;68m[48;2;23;7;0m▄[38;2;202;153;130m[48;2;56;34;25m▄[38;2;176;122;92m[48;2;119;85;68m▄[38;2;148;93;64m[48;2;161;114;88m▄[38;2;167;118;92m[48;2;166;114;84m▄[38;2;196;146;118m[48;2;196;148;120m▄[38;2;183;124;86m[48;2;194;141;105m▄[38;2;158;98;58m[48;2;182;126;88m▄[38;2;133;83;43m[48;2;163;103;64m▄[38;2;145;116;82m[48;2;145;93;55m▄[38;2;155;132;102m[48;2;157;133;103m▄[38;2;154;131;99m[48;2;156;133;104m▄[38;2;155;131;100m[48;2;157;135;108m▄[38;2;156;132;104m[48;2;157;137;111m▄[38;2;159;135;106m[48;2;159;140;112m▄[38;2;162;138;112m[48;2;172;153;125m▄[38;2;166;145;120m[48;2;178;159;131m▄[38;2;169;151;121m[48;2;181;161;130m▄[38;2;178;160;126m[48;2;194;173;142m▄[38;2;185;165;129m[48;2;197;177;144m▄[38;2;187;165;129m[48;2;196;175;141m▄[38;2;199;178;144m[48;2;193;170;135m▄[38;2;196;174;141m[48;2;192;168;134m▄[38;2;192;170;136m[48;2;187;164;129m▄[38;2;192;170;134m[48;2;183;161;126m▄[38;2;186;164;128m[48;2;187;164;130m▄[38;2;182;162;126m[48;2;190;167;131m▄[38;2;189;168;132m[48;2;191;168;132m▄[38;2;191;169;135m[48;2;194;171;137m▄[38;2;180;158;124m[48;2;197;174;142m▄[38;2;184;161;129m[48;2;197;174;142m▄[38;2;187;164;132m[48;2;193;170;137m▄[38;2;180;157;126m[48;2;196;172;139m▄[38;2;177;153;123m[48;2;197;174;141m▄[38;2;173;148;114m[48;2;195;173;137m▄[38;2;171;146;112m[48;2;189;166;131m▄[38;2;172;149;116m[48;2;185;160;127m▄[38;2;170;147;115m[48;2;181;155;121m▄[38;2;165;142;109m[48;2;171;144;106m▄[38;2;168;145;113m[48;2;173;146;107m▄[38;2;162;138;107m[48;2;158;128;91m▄[38;2;147;123;95m[48;2;119;86;55m▄[38;2;144;122;96m[48;2;103;68;37m▄[38;2;142;121;95m[48;2;103;64;33m▄[38;2;138;117;94m[48;2;126;74;41m▄[38;2;127;102;81m[48;2;132;77;43m▄[38;2;110;76;58m[48;2;149;93;57m▄[38;2;149;116;85m[48;2;151;91;52m▄[38;2;164;140;98m[48;2;169;132;99m▄[38;2;148;116;71m[48;2;195;181;145m▄[38;2;139;99;56m[48;2;182;159;117m▄[38;2;129;50;27m[48;2;172;145;103m▄[38;2;136;18;9m[48;2;155;88;61m▄[0m
[38;2;127;99;72m[48;2;123;99;79m▄[38;2;136;106;76m[48;2;131;104;84m▄[38;2;122;98;71m[48;2;119;94;74m▄[38;2;120;96;70m[48;2;117;95;75m▄[38;2;141;110;79m[48;2;97;73;54m▄[38;2;147;111;74m[48;2;76;49;25m▄[38;2;134;94;52m[48;2;79;48;22m▄[38;2;123;80;37m[48;2;145;101;65m▄[38;2;109;71;30m[48;2;157;111;76m▄[38;2;93;62;30m[48;2;149;103;67m▄[38;2;97;66;36m[48;2;157;113;83m▄[38;2;101;71;44m[48;2;176;137;111m▄[38;2;104;78;54m[48;2;180;140;110m▄[38;2;107;85;64m[48;2;176;134;102m▄[38;2;117;94;72m[48;2;161;120;89m▄[38;2;120;96;74m[48;2;160;129;99m▄[38;2;116;92;71m[48;2;167;144;115m▄[38;2;118;93;72m[48;2;166;142;114m▄[38;2;116;92;71m[48;2;169;144;116m▄[38;2;112;89;69m[48;2;171;146;118m▄[38;2;108;84;63m[48;2;171;147;120m▄[38;2;128;101;75m[48;2;146;121;95m▄[38;2;131;100;71m[48;2;124;95;65m▄[38;2;119;84;49m[48;2;124;94;60m▄[38;2;119;79;42m[48;2;137;107;73m▄[38;2;103;66;33m[48;2;158;126;93m▄[38;2;89;60;34m[48;2;166;135;100m▄[38;2;109;80;53m[48;2;172;144;113m▄[38;2;119;93;71m[48;2;185;162;132m▄[38;2;87;68;56m[48;2;185;163;133m▄[38;2;97;77;64m[48;2;181;158;129m▄[38;2;119;99;81m[48;2;183;160;131m▄[38;2;93;76;64m[48;2;174;154;124m▄[38;2;64;45;38m[48;2;177;154;126m▄[38;2;76;58;52m[48;2;182;159;129m▄[38;2;95;76;68m[48;2;186;164;133m▄[38;2;108;91;76m[48;2;182;159;128m▄[38;2;124;102;82m[48;2;182;159;128m▄[38;2;153;128;100m[48;2;172;147;117m▄[38;2;163;136;103m[48;2;153;127;94m▄[38;2;153;121;86m[48;2;159;132;96m▄[38;2;154;120;83m[48;2;157;129;94m▄[38;2;121;91;60m[48;2;164;138;105m▄[38;2;92;69;48m[48;2;180;156;125m▄[38;2;110;87;64m[48;2;185;161;131m▄[38;2;113;92;71m[48;2;189;166;136m▄[38;2;115;97;76m[48;2;193;171;143m▄[38;2;115;99;79m[48;2;195;174;146m▄[38;2;131;111;87m[48;2;195;176;147m▄[38;2;119;102;81m[48;2;196;176;146m▄[38;2;115;101;84m[48;2;193;174;144m▄[38;2;114;99;83m[48;2;187;168;138m▄[38;2;114;101;82m[48;2;183;162;131m▄[38;2;115;103;83m[48;2;173;152;122m▄[38;2;116;104;84m[48;2;163;139;109m▄[38;2;152;135;111m[48;2;145;116;85m▄[38;2;184;162;135m[48;2;150;123;89m▄[38;2;179;159;133m[48;2;156;123;93m▄[38;2;176;161;134m[48;2;160;105;86m▄[38;2;172;155;125m[48;2;165;107;88m▄[0m
[38;2;88;77;70m[48;2;47;44;38m▄[38;2;98;89;82m[48;2;54;50;43m▄[38;2;89;85;80m[48;2;48;46;41m▄[38;2;96;90;85m[48;2;49;43;39m▄[38;2;152;130;113m[48;2;133;108;86m▄[38;2;152;121;91m[48;2;166;135;107m▄[38;2;145;110;79m[48;2;151;119;90m▄[38;2;154;120;92m[48;2;151;116;86m▄[38;2;83;63;47m[48;2;86;62;42m▄[38;2;60;52;46m[48;2;23;16;10m▄[38;2;86;78;69m[48;2;51;40;31m▄[38;2;76;66;58m[48;2;47;35;29m▄[38;2;74;63;56m[48;2;49;39;33m▄[38;2;71;63;59m[48;2;42;38;34m▄[38;2;99;88;81m[48;2;71;62;54m▄[38;2;102;93;88m[48;2;69;61;56m▄[38;2;89;89;88m[48;2;53;54;56m▄[38;2;100;99;100m[48;2;60;60;63m▄[38;2;105;105;108m[48;2;62;63;67m▄[38;2;105;109;113m[48;2;59;62;66m▄[38;2;112;116;120m[48;2;65;64;65m▄[38;2;171;155;139m[48;2;149;131;116m▄[38;2;167;136;108m[48;2;166;139;115m▄[38;2;165;137;108m[48;2;158;130;104m▄[38;2;175;147;119m[48;2;157;128;101m▄[38;2;100;80;61m[48;2;81;59;41m▄[38;2;97;91;86m[48;2;49;45;41m▄[38;2;84;70;61m[48;2;68;56;46m▄[38;2;25;15;15m[48;2;46;32;27m▄[38;2;80;49;39m[48;2;40;23;21m▄[38;2;199;142;113m[48;2;86;54;42m▄[38;2;217;172;143m[48;2;134;92;74m▄[38;2;206;150;119m[48;2;111;72;56m▄[38;2;192;139;112m[48;2;97;60;48m▄[38;2;179;115;90m[48;2;63;32;26m▄[38;2;115;57;40m[48;2;25;7;9m▄[38;2;63;37;32m[48;2;15;4;7m▄[38;2;18;8;9m[48;2;29;16;16m▄[38;2;33;20;20m[48;2;69;55;49m▄[38;2;74;54;49m[48;2;148;127;106m▄[38;2;160;137;114m[48;2;179;155;127m▄[38;2;188;162;131m[48;2;178;153;124m▄[38;2;114;93;75m[48;2;99;76;54m▄[38;2;83;81;82m[48;2;39;35;35m▄[38;2;109;109;106m[48;2;76;75;74m▄[38;2;107;105;100m[48;2;79;77;75m▄[38;2;106;103;98m[48;2;87;85;83m▄[38;2;104;101;97m[48;2;90;89;89m▄[38;2;126;121;114m[48;2;116;110;104m▄[38;2;118;113;109m[48;2;98;98;96m▄[38;2;117;116;113m[48;2;102;104;106m▄[38;2;120;120;118m[48;2;104;108;111m▄[38;2;116;118;119m[48;2;104;109;113m▄[38;2;120;123;125m[48;2;103;109;113m▄[38;2;123;126;128m[48;2;100;108;112m▄[38;2;165;159;151m[48;2;164;160;151m▄[38;2;176;152;126m[48;2;191;168;144m▄[38;2;175;150;122m[48;2;187;164;141m▄[38;2;168;143;119m[48;2;175;151;131m▄[38;2;176;154;129m[48;2;175;154;130m▄[0m
[38;2;51;44;31m[48;2;88;84;74m▄[38;2;51;37;24m[48;2;92;87;76m▄[38;2;35;24;12m[48;2;74;71;60m▄[38;2;51;45;31m[48;2;66;58;50m▄[38;2;96;77;54m[48;2;121;96;74m▄[38;2;131;107;82m[48;2;119;83;53m▄[38;2;173;154;136m[48;2;114;76;40m▄[38;2;143;115;88m[48;2;130;94;63m▄[38;2;87;60;37m[48;2;86;64;43m▄[38;2;94;80;57m[48;2;54;50;46m▄[38;2;193;164;104m[48;2;74;71;71m▄[38;2;187;169;132m[48;2;79;72;66m▄[38;2;187;151;84m[48;2;78;68;60m▄[38;2;196;155;98m[48;2;80;66;55m▄[38;2;147;116;92m[48;2;87;76;66m▄[38;2;93;61;33m[48;2;86;76;69m▄[38;2;67;44;29m[48;2;83;76;71m▄[38;2;45;39;34m[48;2;93;86;81m▄[38;2;46;19;16m[48;2;91;84;80m▄[38;2;50;2;0m[48;2;82;69;66m▄[38;2;31;0;0m[48;2;85;70;70m▄[38;2;16;0;0m[48;2;128;105;93m▄[38;2;44;21;12m[48;2;138;110;87m▄[38;2;104;73;51m[48;2;155;127;99m▄[38;2;140;109;83m[48;2;171;142;114m▄[38;2;106;84;63m[48;2;111;89;70m▄[38;2;59;62;67m[48;2;85;86;87m▄[38;2;85;90;96m[48;2;97;97;99m▄[38;2;136;98;83m[48;2;82;78;76m▄[38;2;144;81;61m[48;2;120;84;70m▄[38;2;134;76;60m[48;2;134;81;63m▄[38;2;147;93;78m[48;2;179;119;90m▄[38;2;151;99;81m[48;2;151;101;77m▄[38;2;158;103;83m[48;2;146;87;62m▄[38;2;158;103;85m[48;2;168;101;75m▄[38;2;151;93;80m[48;2;151;91;70m▄[38;2;145;91;74m[48;2;155;100;78m▄[38;2;150;88;70m[48;2;118;75;61m▄[38;2;118;71;58m[48;2;63;35;32m▄[38;2;81;61;49m[48;2;28;10;14m▄[38;2;99;59;45m[48;2;116;99;84m▄[38;2;71;43;36m[48;2;188;163;131m▄[38;2;29;17;13m[48;2;107;84;66m▄[38;2;43;33;32m[48;2;88;84;85m▄[38;2;99;102;111m[48;2;122;122;120m▄[38;2;99;103;113m[48;2;118;116;114m▄[38;2;94;96;106m[48;2;114;112;108m▄[38;2;86;91;99m[48;2;108;108;102m▄[38;2;112;113;116m[48;2;125;120;114m▄[38;2;95;80;73m[48;2;118;113;108m▄[38;2;75;56;50m[48;2;115;114;110m▄[38;2;46;36;36m[48;2;117;115;111m▄[38;2;53;48;48m[48;2;115;113;110m▄[38;2;23;9;9m[48;2;83;75;72m▄[38;2;21;15;15m[48;2;95;89;88m▄[38;2;87;75;69m[48;2;152;143;134m▄[38;2;136;107;87m[48;2;150;122;101m▄[38;2;140;110;85m[48;2;158;130;106m▄[38;2;136;106;84m[48;2;156;130;106m▄[38;2;149;122;99m[48;2;164;141;118m▄[0m
[38;2;102;67;35m[48;2;12;3;5m▄[38;2;114;78;44m[48;2;19;3;4m▄[38;2;127;97;64m[48;2;100;76;72m▄[38;2;114;83;60m[48;2;165;158;151m▄[38;2;144;129;119m[48;2;179;171;161m▄[38;2;154;157;161m[48;2;185;179;169m▄[38;2;170;170;170m[48;2;207;205;197m▄[38;2;196;196;193m[48;2;165;160;154m▄[38;2;203;193;182m[48;2;124;107;96m▄[38;2;181;163;148m[48;2;135;116;83m▄[38;2;161;144;137m[48;2;169;137;81m▄[38;2;163;143;135m[48;2;158;132;75m▄[38;2;164;133;118m[48;2;172;138;77m▄[38;2;134;109;96m[48;2;133;95;66m▄[38;2;80;67;64m[48;2;94;52;36m▄[38;2;82;46;27m[48;2;88;46;26m▄[38;2;111;68;29m[48;2;25;15;11m▄[38;2;107;67;28m[48;2;15;8;4m▄[38;2;109;68;29m[48;2;40;10;8m▄[38;2;114;74;34m[48;2;36;14;12m▄[38;2;129;91;52m[48;2;32;21;17m▄[38;2;164;127;88m[48;2;44;27;17m▄[38;2;172;112;73m[48;2;83;54;31m▄[38;2;128;71;47m[48;2;114;86;61m▄[38;2;113;62;42m[48;2;147;121;93m▄[38;2;117;65;43m[48;2;135;116;88m▄[38;2;153;71;55m[48;2;130;79;75m▄[38;2;142;69;48m[48;2;168;84;66m▄[38;2;132;88;61m[48;2;148;95;62m▄[38;2;132;81;54m[48;2;144;87;61m▄[38;2;121;87;65m[48;2;117;67;48m▄[38;2;136;103;71m[48;2;114;59;37m▄[38;2;155;110;69m[48;2;123;64;41m▄[38;2;163;114;67m[48;2;108;54;35m▄[38;2;149;98;48m[48;2;94;48;32m▄[38;2;122;74;28m[48;2;93;44;27m▄[38;2;82;55;38m[48;2;67;31;23m▄[38;2;84;50;44m[48;2;72;24;20m▄[38;2;113;47;41m[48;2;102;21;16m▄[38;2;86;30;26m[48;2;135;51;39m▄[38;2;110;32;27m[48;2;125;38;31m▄[38;2;242;109;95m[48;2;158;57;51m▄[38;2;224;102;86m[48;2;162;72;60m▄[38;2;63;27;15m[48;2;55;31;27m▄[38;2;142;106;66m[48;2;108;103;104m▄[38;2;151;111;69m[48;2;115;107;107m▄[38;2;144;106;66m[48;2;110;102;103m▄[38;2;147;108;68m[48;2;103;95;98m▄[38;2;139;100;59m[48;2;110;101;99m▄[38;2;133;94;54m[48;2;80;58;47m▄[38;2;134;90;51m[48;2;70;45;36m▄[38;2;131;85;43m[48;2;51;31;24m▄[38;2;130;81;39m[48;2;38;25;19m▄[38;2;136;87;43m[48;2;33;25;20m▄[38;2;121;84;52m[48;2;29;23;16m▄[38;2;124;67;47m[48;2;67;53;41m▄[38;2;125;61;42m[48;2;139;114;89m▄[38;2;109;53;36m[48;2;141;113;86m▄[38;2;98;45;31m[48;2;143;114;87m▄[38;2;118;65;45m[48;2;145;116;89m▄[0m
[38;2;163;130;98m[48;2;106;69;33m▄[38;2;169;130;94m[48;2;116;75;38m▄[38;2;134;100;71m[48;2;101;62;27m▄[38;2;140;108;78m[48;2;99;65;36m▄[38;2;152;114;77m[48;2;201;190;171m▄[38;2;175;136;102m[48;2;217;216;201m▄[38;2;178;135;100m[48;2;188;169;144m▄[38;2;143;86;43m[48;2;123;87;61m▄[38;2;128;70;25m[48;2;114;70;41m▄[38;2;102;45;11m[48;2;102;59;35m▄[38;2;97;45;13m[48;2;99;64;47m▄[38;2;114;65;29m[48;2;113;86;73m▄[38;2;100;49;18m[48;2;121;88;69m▄[38;2;59;16;4m[48;2;98;62;49m▄[38;2;125;83;58m[48;2;120;76;40m▄[38;2;125;90;71m[48;2;145;100;54m▄[38;2;116;81;64m[48;2;131;93;59m▄[38;2;131;92;71m[48;2;129;93;59m▄[38;2;135;96;71m[48;2;127;89;53m▄[38;2;133;92;66m[48;2;129;89;52m▄[38;2;137;95;71m[48;2;135;101;73m▄[38;2;122;75;52m[48;2;176;135;106m▄[38;2;101;65;49m[48;2;124;73;54m▄[38;2;85;54;36m[48;2;68;12;2m▄[38;2;73;42;26m[48;2;65;7;0m▄[38;2;58;34;21m[48;2;56;2;0m▄[38;2;52;34;21m[48;2;42;4;3m▄[38;2;81;53;34m[48;2;103;80;63m▄[38;2;65;37;21m[48;2;75;55;43m▄[38;2;73;39;22m[48;2;100;47;30m▄[38;2;94;46;23m[48;2;124;57;35m▄[38;2;96;45;19m[48;2;124;60;34m▄[38;2;87;37;13m[48;2;145;78;46m▄[38;2;82;36;14m[48;2;156;87;54m▄[38;2;91;53;31m[48;2;155;84;47m▄[38;2;79;48;30m[48;2;175;132;93m▄[38;2;80;27;15m[48;2;154;73;60m▄[38;2;96;35;18m[48;2;175;76;65m▄[38;2;99;38;20m[48;2;150;95;81m▄[38;2;95;36;19m[48;2;144;91;76m▄[38;2;92;51;30m[48;2;148;103;83m▄[38;2;117;74;44m[48;2;197;117;96m▄[38;2;135;84;50m[48;2;172;85;71m▄[38;2;132;83;53m[48;2;48;27;24m▄[38;2;157;107;70m[48;2;139;108;76m▄[38;2;161;111;75m[48;2;141;108;74m▄[38;2;168;120;84m[48;2;154;123;93m▄[38;2;169;119;82m[48;2;148;116;85m▄[38;2;170;120;85m[48;2;146;113;83m▄[38;2;151;118;89m[48;2;142;111;83m▄[38;2;143;123;102m[48;2;139;110;84m▄[38;2;133;113;90m[48;2;139;110;87m▄[38;2;91;65;41m[48;2;137;100;67m▄[38;2;30;9;6m[48;2;107;66;32m▄[38;2;13;0;0m[48;2;65;13;10m▄[38;2;0;1;1m[48;2;49;0;0m▄[38;2;28;2;3m[48;2;13;0;0m▄[38;2;56;4;5m[48;2;18;0;0m▄[38;2;161;131;111m[48;2;97;52;48m▄[38;2;188;156;122m[48;2;147;116;90m▄[0m
