[38;2;196;190;197m[48;2;198;198;201m▄[38;2;228;222;231m[48;2;213;211;216m▄[38;2;210;206;214m[48;2;196;194;201m▄[38;2;207;206;216m[48;2;197;194;203m▄[38;2;215;212;219m[48;2;201;199;207m▄[38;2;216;213;220m[48;2;207;203;211m▄[38;2;214;211;219m[48;2;205;201;209m▄[38;2;216;213;221m[48;2;205;203;211m▄[38;2;224;221;228m[48;2;205;205;211m▄[38;2;218;216;223m[48;2;211;211;215m▄[38;2;220;219;225m[48;2;213;213;216m▄[38;2;224;223;230m[48;2;215;215;220m▄[38;2;229;228;236m[48;2;220;218;224m▄[38;2;230;228;236m[48;2;220;218;224m▄[38;2;227;225;231m[48;2;218;218;222m▄[38;2;224;223;229m[48;2;216;215;220m▄[38;2;225;223;230m[48;2;216;215;220m▄[38;2;223;221;228m[48;2;215;215;220m▄[38;2;223;221;228m[48;2;215;215;218m▄[38;2;223;221;228m[48;2;216;215;220m▄[38;2;223;221;228m[48;2;218;216;222m▄[38;2;224;220;228m[48;2;220;216;222m▄[38;2;223;220;228m[48;2;220;216;224m▄[38;2;223;220;228m[48;2;222;218;226m▄[38;2;223;220;227m[48;2;222;220;224m▄[38;2;222;219;226m[48;2;220;218;224m▄[38;2;224;221;228m[48;2;222;220;226m▄[38;2;225;222;229m[48;2;222;220;226m▄[38;2;224;221;229m[48;2;222;218;226m▄[38;2;222;218;225m[48;2;220;218;224m▄[38;2;221;218;224m[48;2;220;218;224m▄[38;2;220;217;222m[48;2;220;218;224m▄[38;2;220;214;221m[48;2;220;218;224m▄[38;2;218;212;220m[48;2;220;218;224m▄[38;2;219;214;220m[48;2;220;218;222m▄[38;2;220;216;222m[48;2;220;220;224m▄[38;2;221;214;221m[48;2;220;220;224m▄[38;2;217;211;219m[48;2;216;215;220m▄[38;2;211;210;219m[48;2;211;211;216m▄[38;2;220;215;222m[48;2;222;220;226m▄[38;2;221;216;222m[48;2;220;220;224m▄[38;2;222;218;225m[48;2;220;218;226m▄[38;2;222;219;224m[48;2;222;218;226m▄[38;2;217;215;224m[48;2;216;215;220m▄[38;2;220;219;226m[48;2;222;218;226m▄[38;2;225;222;229m[48;2;224;218;226m▄[38;2;228;225;233m[48;2;224;220;228m▄[38;2;229;225;233m[48;2;224;220;228m▄[38;2;229;225;233m[48;2;222;218;226m▄[38;2;227;225;232m[48;2;224;220;228m▄[38;2;225;222;230m[48;2;220;218;224m▄[38;2;224;220;228m[48;2;220;218;226m▄[38;2;225;221;229m[48;2;222;218;226m▄[38;2;223;220;228m[48;2;220;218;224m▄[38;2;224;221;229m[48;2;220;216;224m▄[38;2;224;221;228m[48;2;220;216;224m▄[38;2;225;221;229m[48;2;222;218;226m▄[38;2;226;222;229m[48;2;220;218;226m▄[38;2;225;221;228m[48;2;222;218;226m▄[38;2;247;243;251m[48;2;243;239;247m▄[0m
[38;2;204;202;208m[48;2;202;196;202m▄[38;2;214;213;220m[48;2;218;213;219m▄[38;2;201;199;205m[48;2;201;196;203m▄[38;2;203;200;207m[48;2;201;198;206m▄[38;2;202;199;206m[48;2;204;201;207m▄[38;2;200;200;208m[48;2;199;198;206m▄[38;2;201;200;209m[48;2;201;198;207m▄[38;2;204;201;207m[48;2;202;199;206m▄[38;2;203;201;207m[48;2;202;201;209m▄[38;2;205;202;209m[48;2;204;201;208m▄[38;2;208;205;212m[48;2;208;205;212m▄[38;2;211;208;215m[48;2;211;208;215m▄[38;2;213;210;217m[48;2;211;208;215m▄[38;2;212;211;218m[48;2;211;209;217m▄[38;2;210;209;216m[48;2;209;207;215m▄[38;2;210;207;214m[48;2;209;207;213m▄[38;2;209;206;213m[48;2;209;206;213m▄[38;2;209;205;212m[48;2;208;205;212m▄[38;2;209;204;211m[48;2;209;204;211m▄[38;2;209;203;211m[48;2;208;203;211m▄[38;2;209;205;212m[48;2;207;203;210m▄[38;2;209;206;212m[48;2;207;203;210m▄[38;2;208;205;212m[48;2;207;203;210m▄[38;2;207;204;211m[48;2;205;202;208m▄[38;2;209;205;212m[48;2;205;202;209m▄[38;2;208;205;212m[48;2;205;202;209m▄[38;2;204;201;208m[48;2;205;202;209m▄[38;2;202;200;207m[48;2;203;200;207m▄[38;2;204;200;207m[48;2;202;199;206m▄[38;2;203;200;207m[48;2;202;198;206m▄[38;2;202;199;208m[48;2;201;199;205m▄[38;2;201;200;207m[48;2;202;199;205m▄[38;2;205;203;209m[48;2;202;197;204m▄[38;2;202;200;206m[48;2;200;194;201m▄[38;2;201;197;202m[48;2;200;194;201m▄[38;2;200;193;200m[48;2;199;191;198m▄[38;2;187;186;194m[48;2;193;188;196m▄[38;2;196;189;198m[48;2;195;190;198m▄[38;2;203;194;201m[48;2;200;194;200m▄[38;2;199;196;203m[48;2;201;194;201m▄[38;2;201;199;206m[48;2;203;196;202m▄[38;2;202;200;208m[48;2;201;198;204m▄[38;2;198;199;210m[48;2;200;198;207m▄[38;2;205;204;213m[48;2;202;201;208m▄[38;2;210;206;213m[48;2;205;202;208m▄[38;2;210;207;214m[48;2;208;204;211m▄[38;2;210;207;213m[48;2;208;205;212m▄[38;2;203;204;214m[48;2;208;205;212m▄[38;2;203;203;213m[48;2;209;206;213m▄[38;2;206;204;211m[48;2;205;203;213m▄[38;2;198;199;211m[48;2;202;202;212m▄[38;2;202;201;210m[48;2;204;201;208m▄[38;2;197;198;210m[48;2;201;199;208m▄[38;2;203;200;206m[48;2;203;201;208m▄[38;2;206;203;209m[48;2;206;203;210m▄[38;2;204;203;213m[48;2;207;205;212m▄[38;2;206;206;215m[48;2;207;206;212m▄[38;2;209;208;214m[48;2;210;207;214m▄[38;2;210;209;215m[48;2;210;206;213m▄[38;2;226;224;230m[48;2;225;220;228m▄[0m
[38;2;211;208;215m[48;2;206;204;210m▄[38;2;226;223;230m[48;2;215;215;225m▄[38;2;204;204;212m[48;2;202;202;208m▄[38;2;206;203;210m[48;2;203;201;207m▄[38;2;206;204;211m[48;2;202;200;206m▄[38;2;206;205;211m[48;2;204;201;208m▄[38;2;206;203;210m[48;2;203;200;207m▄[38;2;206;203;211m[48;2;203;201;208m▄[38;2;209;206;212m[48;2;206;203;210m▄[38;2;211;208;215m[48;2;208;205;212m▄[38;2;210;207;214m[48;2;209;206;213m▄[38;2;210;207;214m[48;2;209;206;212m▄[38;2;212;209;216m[48;2;211;208;215m▄[38;2;211;208;216m[48;2;213;210;217m▄[38;2;212;209;216m[48;2;212;209;216m▄[38;2;213;210;217m[48;2;211;208;215m▄[38;2;211;209;215m[48;2;210;206;213m▄[38;2;210;207;214m[48;2;209;204;212m▄[38;2;211;208;215m[48;2;207;205;211m▄[38;2;211;208;215m[48;2;208;205;212m▄[38;2;209;206;213m[48;2;208;205;212m▄[38;2;209;206;213m[48;2;209;206;213m▄[38;2;208;205;212m[48;2;208;205;212m▄[38;2;208;205;212m[48;2;209;205;212m▄[38;2;210;207;214m[48;2;210;206;213m▄[38;2;209;206;213m[48;2;210;206;213m▄[38;2;207;205;211m[48;2;205;202;210m▄[38;2;203;202;208m[48;2;201;200;208m▄[38;2;203;201;209m[48;2;203;201;208m▄[38;2;202;200;208m[48;2;200;199;208m▄[38;2;197;196;205m[48;2;203;201;207m▄[38;2;200;199;207m[48;2;199;198;206m▄[38;2;202;199;206m[48;2;202;199;205m▄[38;2;202;197;204m[48;2;202;199;204m▄[38;2;199;195;201m[48;2;201;199;203m▄[38;2;197;194;202m[48;2;199;195;201m▄[38;2;193;194;203m[48;2;189;188;198m▄[38;2;204;200;206m[48;2;200;196;202m▄[38;2;206;202;208m[48;2;202;198;204m▄[38;2;204;203;209m[48;2;199;198;207m▄[38;2;207;205;213m[48;2;200;200;210m▄[38;2;208;205;214m[48;2;204;203;210m▄[38;2;210;207;215m[48;2;208;206;212m▄[38;2;212;210;218m[48;2;211;209;216m▄[38;2;212;210;218m[48;2;214;211;218m▄[38;2;213;209;216m[48;2;213;210;217m▄[38;2;211;209;216m[48;2;212;208;215m▄[38;2;207;205;214m[48;2;209;207;216m▄[38;2;206;204;212m[48;2;206;203;211m▄[38;2;206;203;210m[48;2;205;202;209m▄[38;2;204;201;208m[48;2;202;200;207m▄[38;2;200;198;207m[48;2;198;196;205m▄[38;2;201;200;210m[48;2;198;196;205m▄[38;2;206;203;210m[48;2;204;200;207m▄[38;2;208;206;213m[48;2;206;204;210m▄[38;2;209;207;214m[48;2;206;205;214m▄[38;2;204;204;214m[48;2;203;202;213m▄[38;2;208;208;217m[48;2;207;204;211m▄[38;2;211;209;217m[48;2;209;206;216m▄[38;2;228;227;238m[48;2;230;229;236m▄[0m
[38;2;211;211;219m[48;2;215;213;221m▄[38;2;229;229;238m[48;2;229;227;235m▄[38;2;211;212;219m[48;2;206;207;218m▄[38;2;210;210;218m[48;2;208;208;217m▄[38;2;209;209;216m[48;2;207;207;216m▄[38;2;207;207;215m[48;2;205;205;214m▄[38;2;209;209;217m[48;2;208;207;214m▄[38;2;212;211;218m[48;2;211;208;215m▄[38;2;205;206;216m[48;2;206;205;214m▄[38;2;210;210;218m[48;2;207;206;215m▄[38;2;209;208;217m[48;2;206;206;215m▄[38;2;212;210;218m[48;2;212;210;216m▄[38;2;210;209;218m[48;2;212;210;218m▄[38;2;209;210;218m[48;2;205;207;218m▄[38;2;213;213;219m[48;2;208;209;218m▄[38;2;214;213;219m[48;2;214;211;218m▄[38;2;213;212;219m[48;2;211;210;218m▄[38;2;213;211;217m[48;2;213;210;217m▄[38;2;210;209;217m[48;2;212;210;216m▄[38;2;211;209;218m[48;2;212;210;216m▄[38;2;210;208;214m[48;2;211;208;215m▄[38;2;207;206;213m[48;2;209;206;213m▄[38;2;208;206;212m[48;2;207;204;211m▄[38;2;206;205;212m[48;2;208;204;211m▄[38;2;206;204;213m[48;2;209;206;213m▄[38;2;210;207;213m[48;2;210;206;213m▄[38;2;202;202;211m[48;2;207;204;211m▄[38;2;197;199;212m[48;2;200;201;210m▄[38;2;201;201;213m[48;2;203;201;209m▄[38;2;202;204;216m[48;2;205;202;209m▄[38;2;197;201;211m[48;2;201;200;207m▄[38;2;199;201;211m[48;2;203;201;208m▄[38;2;204;203;212m[48;2;201;200;208m▄[38;2;208;205;212m[48;2;202;200;207m▄[38;2;207;204;210m[48;2;202;199;205m▄[38;2;206;203;209m[48;2;202;200;207m▄[38;2;195;197;209m[48;2;197;198;208m▄[38;2;196;198;209m[48;2;197;197;207m▄[38;2;198;199;209m[48;2;200;200;208m▄[38;2;199;198;206m[48;2;202;201;210m▄[38;2;198;198;207m[48;2;203;203;213m▄[38;2;201;202;213m[48;2;202;202;214m▄[38;2;205;205;214m[48;2;208;207;217m▄[38;2;204;205;215m[48;2;209;209;217m▄[38;2;208;207;214m[48;2;210;208;215m▄[38;2;206;205;211m[48;2;210;208;214m▄[38;2;201;202;210m[48;2;208;207;213m▄[38;2;202;201;208m[48;2;206;204;209m▄[38;2;200;199;207m[48;2;200;200;209m▄[38;2;195;197;209m[48;2;196;198;211m▄[38;2;200;200;211m[48;2;199;200;210m▄[38;2;202;201;209m[48;2;200;199;209m▄[38;2;201;201;210m[48;2;200;200;210m▄[38;2;198;200;213m[48;2;204;202;212m▄[38;2;205;204;210m[48;2;210;209;214m▄[38;2;203;202;210m[48;2;209;209;216m▄[38;2;199;199;212m[48;2;203;203;216m▄[38;2;201;202;215m[48;2;209;207;219m▄[38;2;202;203;217m[48;2;209;209;218m▄[38;2;224;223;234m[48;2;222;223;234m▄[0m
[38;2;215;215;223m[48;2;215;215;223m▄[38;2;232;232;239m[48;2;231;230;238m▄[38;2;213;214;220m[48;2;213;213;219m▄[38;2;216;215;220m[48;2;214;213;219m▄[38;2;212;212;220m[48;2;214;212;218m▄[38;2;215;215;220m[48;2;213;212;219m▄[38;2;216;214;221m[48;2;217;215;222m▄[38;2;214;214;221m[48;2;216;216;222m▄[38;2;213;214;222m[48;2;206;209;217m▄[38;2;213;213;221m[48;2;212;211;218m▄[38;2;212;212;219m[48;2;212;211;218m▄[38;2;213;212;218m[48;2;211;211;218m▄[38;2;213;212;218m[48;2;212;211;219m▄[38;2;214;213;219m[48;2;213;212;219m▄[38;2;216;215;221m[48;2;215;214;219m▄[38;2;217;216;222m[48;2;215;214;220m▄[38;2;216;216;222m[48;2;217;215;221m▄[38;2;219;217;222m[48;2;216;213;220m▄[38;2;217;215;221m[48;2;211;211;218m▄[38;2;209;209;219m[48;2;206;206;217m▄[38;2;208;210;219m[48;2;208;207;215m▄[38;2;210;211;219m[48;2;205;206;216m▄[38;2;209;211;220m[48;2;206;207;217m▄[38;2;209;210;221m[48;2;205;205;217m▄[38;2;211;211;219m[48;2;203;204;215m▄[38;2;213;210;218m[48;2;208;207;215m▄[38;2;212;212;220m[48;2;205;205;215m▄[38;2;211;212;219m[48;2;205;206;216m▄[38;2;207;207;216m[48;2;201;201;214m▄[38;2;205;204;213m[48;2;199;200;211m▄[38;2;209;204;213m[48;2;197;198;209m▄[38;2;204;206;216m[48;2;195;200;212m▄[38;2;209;209;218m[48;2;206;206;215m▄[38;2;212;210;216m[48;2;213;209;216m▄[38;2;208;207;213m[48;2;209;206;213m▄[38;2;204;204;210m[48;2;208;205;211m▄[38;2;195;198;208m[48;2;199;200;209m▄[38;2;191;193;204m[48;2;196;197;207m▄[38;2;198;196;202m[48;2;203;201;207m▄[38;2;199;197;204m[48;2;202;199;206m▄[38;2;199;199;204m[48;2;202;201;207m▄[38;2;197;197;204m[48;2;202;202;210m▄[38;2;199;199;208m[48;2;202;202;210m▄[38;2;202;201;208m[48;2;202;202;210m▄[38;2;198;198;207m[48;2;201;201;211m▄[38;2;200;200;207m[48;2;201;200;207m▄[38;2;196;194;205m[48;2;194;196;208m▄[38;2;201;199;206m[48;2;202;201;209m▄[38;2;203;201;208m[48;2;204;202;208m▄[38;2;202;201;211m[48;2;201;200;208m▄[38;2;199;198;211m[48;2;196;198;211m▄[38;2;201;201;212m[48;2;200;200;209m▄[38;2;191;193;206m[48;2;199;199;207m▄[38;2;194;195;206m[48;2;197;198;208m▄[38;2;199;197;205m[48;2;203;202;208m▄[38;2;201;199;209m[48;2;201;200;207m▄[38;2;202;200;210m[48;2;202;201;210m▄[38;2;204;202;212m[48;2;203;203;211m▄[38;2;206;204;213m[48;2;207;206;215m▄[38;2;229;228;235m[48;2;231;229;237m▄[0m
[38;2;217;215;221m[48;2;213;213;221m▄[38;2;236;233;239m[48;2;233;231;237m▄[38;2;218;216;221m[48;2;215;214;221m▄[38;2;218;216;221m[48;2;218;216;222m▄[38;2;219;217;222m[48;2;218;216;222m▄[38;2;220;218;223m[48;2;218;216;222m▄[38;2;219;218;223m[48;2;219;216;223m▄[38;2;219;218;223m[48;2;219;217;223m▄[38;2;220;218;223m[48;2;218;217;222m▄[38;2;217;215;221m[48;2;212;213;221m▄[38;2;218;216;221m[48;2;214;213;220m▄[38;2;220;217;223m[48;2;216;214;220m▄[38;2;217;216;222m[48;2;213;212;220m▄[38;2;214;215;222m[48;2;213;213;222m▄[38;2;216;217;223m[48;2;216;217;223m▄[38;2;219;218;224m[48;2;219;218;223m▄[38;2;219;218;223m[48;2;218;218;223m▄[38;2;219;218;224m[48;2;219;218;223m▄[38;2;219;218;224m[48;2;219;217;223m▄[38;2;219;218;223m[48;2;216;215;222m▄[38;2;216;217;221m[48;2;213;214;221m▄[38;2;217;216;222m[48;2;214;214;219m▄[38;2;217;216;222m[48;2;214;213;221m▄[38;2;215;216;221m[48;2;213;213;221m▄[38;2;215;216;221m[48;2;214;213;220m▄[38;2;212;214;220m[48;2;214;213;221m▄[38;2;213;213;222m[48;2;214;214;222m▄[38;2;215;215;222m[48;2;214;214;222m▄[38;2;215;214;220m[48;2;215;214;221m▄[38;2;215;212;219m[48;2;210;209;218m▄[38;2;213;211;217m[48;2;206;207;216m▄[38;2;210;209;215m[48;2;207;207;215m▄[38;2;208;208;214m[48;2;206;207;215m▄[38;2;207;206;212m[48;2;208;207;213m▄[38;2;204;202;208m[48;2;205;204;209m▄[38;2;201;199;206m[48;2;201;200;208m▄[38;2;200;200;206m[48;2;196;197;208m▄[38;2;200;200;206m[48;2;195;195;205m▄[38;2;200;199;205m[48;2;199;196;202m▄[38;2;196;196;203m[48;2;198;197;202m▄[38;2;196;193;204m[48;2;202;193;202m▄[38;2;199;193;203m[48;2;204;192;202m▄[38;2;198;198;203m[48;2;197;198;204m▄[38;2;200;200;207m[48;2;201;200;207m▄[38;2;200;200;210m[48;2;197;198;210m▄[38;2;202;202;209m[48;2;202;202;210m▄[38;2;202;201;208m[48;2;198;200;209m▄[38;2;200;199;207m[48;2;199;199;206m▄[38;2;197;196;204m[48;2;200;198;206m▄[38;2;197;197;204m[48;2;193;195;207m▄[38;2;199;197;206m[48;2;198;198;207m▄[38;2;195;195;206m[48;2;195;196;208m▄[38;2;193;194;205m[48;2;187;191;205m▄[38;2;200;198;207m[48;2;193;193;206m▄[38;2;201;200;211m[48;2;202;201;209m▄[38;2;201;200;209m[48;2;201;199;208m▄[38;2;201;202;213m[48;2;201;199;211m▄[38;2;205;204;214m[48;2;203;201;213m▄[38;2;208;205;216m[48;2;207;205;214m▄[38;2;230;229;238m[48;2;230;229;236m▄[0m
[38;2;219;219;223m[48;2;221;217;223m▄[38;2;237;236;241m[48;2;237;235;240m▄[38;2;219;217;222m[48;2;218;216;221m▄[38;2;218;216;221m[48;2;218;216;221m▄[38;2;218;216;221m[48;2;219;217;222m▄[38;2;218;216;221m[48;2;219;218;223m▄[38;2;220;218;223m[48;2;220;219;224m▄[38;2;220;219;224m[48;2;220;219;224m▄[38;2;221;219;224m[48;2;219;218;223m▄[38;2;221;218;225m[48;2;219;217;223m▄[38;2;221;219;225m[48;2;219;218;223m▄[38;2;220;219;224m[48;2;219;219;224m▄[38;2;221;219;225m[48;2;219;217;222m▄[38;2;221;218;225m[48;2;218;217;223m▄[38;2;221;218;225m[48;2;218;218;223m▄[38;2;220;219;224m[48;2;218;217;223m▄[38;2;221;218;224m[48;2;218;218;222m▄[38;2;222;218;226m[48;2;220;218;224m▄[38;2;221;219;225m[48;2;220;218;224m▄[38;2;221;219;224m[48;2;219;218;224m▄[38;2;220;219;224m[48;2;218;218;223m▄[38;2;220;218;223m[48;2;219;218;223m▄[38;2;219;217;222m[48;2;218;217;223m▄[38;2;219;217;222m[48;2;216;216;222m▄[38;2;219;216;221m[48;2;216;215;221m▄[38;2;218;216;221m[48;2;214;214;220m▄[38;2;217;215;220m[48;2;214;215;221m▄[38;2;217;215;221m[48;2;214;214;219m▄[38;2;216;213;220m[48;2;216;212;219m▄[38;2;215;211;218m[48;2;214;211;218m▄[38;2;215;211;218m[48;2;214;211;218m▄[38;2;212;210;217m[48;2;213;211;218m▄[38;2;211;209;215m[48;2;211;210;216m▄[38;2;210;208;214m[48;2;209;207;213m▄[38;2;207;206;213m[48;2;207;205;211m▄[38;2;199;200;208m[48;2;204;202;208m▄[38;2;204;202;208m[48;2;202;201;207m▄[38;2;211;210;214m[48;2;203;201;207m▄[38;2;198;202;215m[48;2;204;202;206m▄[38;2;209;208;215m[48;2;198;198;206m▄[38;2;204;204;210m[48;2;198;199;206m▄[38;2;203;202;208m[48;2;199;200;205m▄[38;2;206;204;211m[48;2;202;201;207m▄[38;2;206;205;211m[48;2;204;203;209m▄[38;2;203;202;208m[48;2;203;202;208m▄[38;2;202;201;207m[48;2;203;202;208m▄[38;2;198;198;205m[48;2;201;200;206m▄[38;2;195;193;201m[48;2;200;198;203m▄[38;2;199;196;204m[48;2;199;198;203m▄[38;2;198;197;205m[48;2;200;198;204m▄[38;2;198;197;203m[48;2;200;199;204m▄[38;2;200;199;204m[48;2;198;197;204m▄[38;2;201;200;206m[48;2;199;198;205m▄[38;2;202;202;208m[48;2;201;200;206m▄[38;2;204;202;208m[48;2;199;198;205m▄[38;2;201;200;208m[48;2;201;200;209m▄[38;2;204;202;208m[48;2;202;201;210m▄[38;2;205;204;210m[48;2;206;205;211m▄[38;2;209;207;214m[48;2;209;208;215m▄[38;2;232;228;236m[48;2;231;229;237m▄[0m
[38;2;221;219;225m[48;2;219;221;225m▄[38;2;237;236;241m[48;2;236;236;241m▄[38;2;219;219;221m[48;2;220;219;223m▄[38;2;219;220;221m[48;2;219;219;222m▄[38;2;219;219;221m[48;2;219;217;220m▄[38;2;219;218;221m[48;2;219;217;220m▄[38;2;220;218;221m[48;2;219;217;220m▄[38;2;221;219;223m[48;2;221;219;223m▄[38;2;222;220;225m[48;2;222;220;225m▄[38;2;223;221;226m[48;2;224;221;227m▄[38;2;225;223;228m[48;2;224;221;227m▄[38;2;223;221;226m[48;2;221;220;224m▄[38;2;223;221;225m[48;2;223;221;226m▄[38;2;224;222;225m[48;2;223;220;226m▄[38;2;223;221;226m[48;2;221;219;224m▄[38;2;222;220;225m[48;2;220;219;224m▄[38;2;221;219;224m[48;2;221;219;224m▄[38;2;222;220;225m[48;2;222;220;226m▄[38;2;223;221;226m[48;2;223;221;226m▄[38;2;221;219;224m[48;2;221;219;224m▄[38;2;221;219;224m[48;2;220;219;224m▄[38;2;221;219;222m[48;2;220;219;224m▄[38;2;220;219;222m[48;2;219;218;223m▄[38;2;219;218;222m[48;2;219;217;222m▄[38;2;218;216;221m[48;2;217;215;220m▄[38;2;218;216;221m[48;2;217;215;220m▄[38;2;218;216;221m[48;2;217;215;220m▄[38;2;218;216;221m[48;2;217;214;221m▄[38;2;221;219;224m[48;2;215;212;219m▄[38;2;222;220;225m[48;2;215;212;219m▄[38;2;218;215;221m[48;2;214;211;218m▄[38;2;215;212;219m[48;2;212;209;216m▄[38;2;213;211;218m[48;2;211;210;216m▄[38;2;211;209;216m[48;2;211;209;215m▄[38;2;214;213;220m[48;2;205;205;213m▄[38;2;217;218;228m[48;2;195;199;211m▄[38;2;198;199;211m[48;2;199;199;207m▄[38;2;19;36;77m[48;2;88;110;164m▄[38;2;11;24;60m[48;2;76;102;158m▄[38;2;48;45;76m[48;2;163;175;209m▄[38;2;182;176;189m[48;2;192;198;218m▄[38;2;214;213;218m[48;2;211;209;212m▄[38;2;204;204;212m[48;2;207;205;212m▄[38;2;207;204;212m[48;2;207;204;211m▄[38;2;206;203;209m[48;2;205;202;208m▄[38;2;197;198;206m[48;2;196;197;205m▄[38;2;193;194;205m[48;2;191;191;202m▄[38;2;193;195;204m[48;2;186;188;199m▄[38;2;190;190;202m[48;2;193;193;205m▄[38;2;190;191;202m[48;2;197;196;207m▄[38;2;197;195;201m[48;2;198;197;202m▄[38;2;199;197;205m[48;2;202;199;205m▄[38;2;203;199;207m[48;2;203;200;206m▄[38;2;201;197;206m[48;2;206;202;208m▄[38;2;194;196;207m[48;2;200;199;209m▄[38;2;194;196;207m[48;2;195;196;207m▄[38;2;201;200;207m[48;2;199;199;206m▄[38;2;201;201;210m[48;2;199;199;209m▄[38;2;205;205;212m[48;2;202;202;211m▄[38;2;231;228;235m[48;2;228;226;233m▄[0m
[38;2;223;221;223m[48;2;223;221;223m▄[38;2;241;238;241m[48;2;238;238;240m▄[38;2;222;219;223m[48;2;221;220;222m▄[38;2;221;219;222m[48;2;220;220;222m▄[38;2;220;219;222m[48;2;220;219;222m▄[38;2;220;220;222m[48;2;220;220;222m▄[38;2;221;219;222m[48;2;220;220;222m▄[38;2;221;219;222m[48;2;220;219;222m▄[38;2;222;219;223m[48;2;222;220;223m▄[38;2;221;219;223m[48;2;222;220;225m▄[38;2;221;220;225m[48;2;222;220;225m▄[38;2;223;221;224m[48;2;223;221;225m▄[38;2;223;221;224m[48;2;224;222;225m▄[38;2;222;220;224m[48;2;223;222;225m▄[38;2;222;220;224m[48;2;224;221;227m▄[38;2;222;220;223m[48;2;222;220;224m▄[38;2;220;219;222m[48;2;220;220;222m▄[38;2;220;219;221m[48;2;221;220;223m▄[38;2;221;219;223m[48;2;222;219;225m▄[38;2;221;219;224m[48;2;222;220;225m▄[38;2;221;219;224m[48;2;222;220;225m▄[38;2;222;220;224m[48;2;222;220;225m▄[38;2;222;220;225m[48;2;221;219;223m▄[38;2;225;224;228m[48;2;220;219;222m▄[38;2;214;204;200m[48;2;222;223;225m▄[38;2;208;193;190m[48;2;221;224;227m▄[38;2;194;194;196m[48;2;223;222;227m▄[38;2;189;187;190m[48;2;217;215;219m▄[38;2;196;193;196m[48;2;205;203;207m▄[38;2;208;207;210m[48;2;190;188;193m▄[38;2;221;220;223m[48;2;206;203;208m▄[38;2;222;221;224m[48;2;221;219;223m▄[38;2;227;225;228m[48;2;217;215;219m▄[38;2;232;229;233m[48;2;222;220;225m▄[38;2;64;63;70m[48;2;206;204;211m▄[38;2;56;53;55m[48;2;169;169;177m▄[38;2;60;57;55m[48;2;120;115;121m▄[38;2;30;20;19m[48;2;71;47;41m▄[38;2;32;25;29m[48;2;12;6;15m▄[38;2;52;54;63m[48;2;60;51;58m▄[38;2;146;136;138m[48;2;200;194;198m▄[38;2;229;215;217m[48;2;205;207;215m▄[38;2;215;213;220m[48;2;203;203;211m▄[38;2;207;203;210m[48;2;205;203;210m▄[38;2;206;202;210m[48;2;204;202;208m▄[38;2;204;203;210m[48;2;201;201;209m▄[38;2;204;202;209m[48;2;196;197;209m▄[38;2;204;203;210m[48;2;196;197;207m▄[38;2;205;203;209m[48;2;195;196;204m▄[38;2;201;200;205m[48;2;194;194;204m▄[38;2;200;198;202m[48;2;200;197;202m▄[38;2;197;197;203m[48;2;190;191;201m▄[38;2;195;196;204m[48;2;185;189;202m▄[38;2;202;200;207m[48;2;195;196;205m▄[38;2;203;202;208m[48;2;200;200;208m▄[38;2;203;202;209m[48;2;199;200;208m▄[38;2;206;203;210m[48;2;205;204;209m▄[38;2;207;205;211m[48;2;205;204;210m▄[38;2;207;205;212m[48;2;204;203;212m▄[38;2;227;224;231m[48;2;227;224;232m▄[0m
[38;2;221;221;223m[48;2;221;221;223m▄[38;2;239;237;238m[48;2;238;237;240m▄[38;2;219;218;219m[48;2;220;219;222m▄[38;2;218;218;221m[48;2;221;219;222m▄[38;2;220;218;222m[48;2;220;219;222m▄[38;2;220;218;222m[48;2;221;219;222m▄[38;2;221;219;222m[48;2;221;219;222m▄[38;2;220;219;222m[48;2;221;219;222m▄[38;2;220;218;222m[48;2;221;219;222m▄[38;2;221;219;222m[48;2;221;219;222m▄[38;2;222;219;216m[48;2;221;220;225m▄[38;2;221;219;219m[48;2;221;219;224m▄[38;2;221;219;222m[48;2;221;219;223m▄[38;2;221;220;224m[48;2;222;220;223m▄[38;2;221;220;223m[48;2;221;219;222m▄[38;2;222;219;220m[48;2;221;219;223m▄[38;2;220;219;222m[48;2;221;219;222m▄[38;2;221;219;218m[48;2;220;219;223m▄[38;2;222;219;219m[48;2;221;219;223m▄[38;2;222;219;220m[48;2;221;219;223m▄[38;2;221;220;222m[48;2;221;219;222m▄[38;2;221;219;223m[48;2;222;220;223m▄[38;2;232;229;231m[48;2;223;220;223m▄[38;2;166;166;172m[48;2;225;226;233m▄[38;2;55;67;100m[48;2;135;135;158m▄[38;2;73;68;92m[48;2;182;140;136m▄[38;2;169;130;132m[48;2;219;210;214m▄[38;2;239;207;200m[48;2;226;230;235m▄[38;2;224;230;239m[48;2;231;229;230m▄[38;2;226;225;225m[48;2;228;227;229m▄[38;2;230;228;228m[48;2;223;224;226m▄[38;2;240;239;241m[48;2;225;224;226m▄[38;2;131;131;137m[48;2;243;242;244m▄[38;2;2;2;6m[48;2;106;106;113m▄[38;2;82;82;83m[48;2;0;0;0m▄[38;2;18;18;18m[48;2;51;48;44m▄[38;2;34;33;35m[48;2;94;90;83m▄[38;2;39;38;41m[48;2;79;78;76m▄[38;2;24;22;24m[48;2;66;65;66m▄[38;2;50;43;38m[48;2;68;66;65m▄[38;2;139;139;139m[48;2;67;50;42m▄[38;2;48;50;54m[48;2;88;62;53m▄[38;2;111;110;114m[48;2;155;153;160m▄[38;2;229;226;232m[48;2;219;216;223m▄[38;2;212;209;215m[48;2;207;205;212m▄[38;2;210;208;212m[48;2;207;204;211m▄[38;2;208;205;211m[48;2;206;203;210m▄[38;2;205;204;209m[48;2;207;204;211m▄[38;2;207;204;211m[48;2;208;204;211m▄[38;2;205;203;209m[48;2;204;203;209m▄[38;2;204;202;208m[48;2;202;200;206m▄[38;2;204;201;208m[48;2;202;201;205m▄[38;2;205;203;210m[48;2;203;200;206m▄[38;2;206;203;209m[48;2;204;202;207m▄[38;2;205;203;210m[48;2;205;201;208m▄[38;2;208;207;212m[48;2;207;204;211m▄[38;2;211;210;213m[48;2;210;207;213m▄[38;2;213;211;216m[48;2;210;208;214m▄[38;2;214;212;217m[48;2;213;211;216m▄[38;2;230;229;233m[48;2;230;227;233m▄[0m
[38;2;221;215;204m[48;2;225;217;204m▄[38;2;237;227;196m[48;2;241;236;231m▄[38;2;220;209;163m[48;2;220;217;217m▄[38;2;221;214;192m[48;2;219;219;221m▄[38;2;221;211;173m[48;2;219;218;216m▄[38;2;224;214;184m[48;2;221;218;220m▄[38;2;223;214;189m[48;2;220;218;220m▄[38;2;225;213;179m[48;2;220;218;222m▄[38;2;221;214;195m[48;2;220;218;222m▄[38;2;217;208;176m[48;2;222;217;205m▄[38;2;215;203;158m[48;2;221;214;195m▄[38;2;212;202;166m[48;2;225;216;196m▄[38;2;221;207;166m[48;2;226;218;199m▄[38;2;221;209;172m[48;2;224;219;209m▄[38;2;216;206;173m[48;2;225;217;201m▄[38;2;218;209;181m[48;2;223;217;200m▄[38;2;217;209;188m[48;2;220;215;206m▄[38;2;214;208;186m[48;2;222;216;205m▄[38;2;216;208;179m[48;2;220;218;215m▄[38;2;221;214;193m[48;2;220;217;215m▄[38;2;222;216;205m[48;2;222;220;220m▄[38;2;223;217;205m[48;2;221;219;221m▄[38;2;223;218;208m[48;2;227;226;232m▄[38;2;228;223;215m[48;2;187;184;176m▄[38;2;227;221;212m[48;2;113;98;90m▄[38;2;140;128;120m[48;2;42;25;33m▄[38;2;2;2;2m[48;2;28;20;37m▄[38;2;28;29;25m[48;2;111;67;54m▄[38;2;8;10;15m[48;2;124;117;130m▄[38;2;12;42;83m[48;2;102;145;189m▄[38;2;69;81;109m[48;2;206;210;221m▄[38;2;77;63;68m[48;2;205;204;208m▄[38;2;129;122;123m[48;2;10;11;18m▄[38;2;248;246;245m[48;2;161;159;161m▄[38;2;61;60;62m[48;2;157;155;158m▄[38;2;5;5;9m[48;2;11;10;12m▄[38;2;7;6;10m[48;2;33;31;30m▄[38;2;40;36;35m[48;2;40;37;36m▄[38;2;27;25;22m[48;2;25;23;22m▄[38;2;75;73;75m[48;2;107;105;104m▄[38;2;223;217;211m[48;2;249;248;252m▄[38;2;227;221;210m[48;2;231;229;234m▄[38;2;222;217;204m[48;2;223;222;226m▄[38;2;221;217;209m[48;2;219;219;222m▄[38;2;222;219;221m[48;2;218;216;220m▄[38;2;221;219;221m[48;2;214;212;217m▄[38;2;218;216;222m[48;2;209;209;212m▄[38;2;215;214;217m[48;2;207;206;211m▄[38;2;216;214;218m[48;2;206;204;210m▄[38;2;215;212;216m[48;2;205;203;210m▄[38;2;213;210;204m[48;2;207;204;212m▄[38;2;214;207;188m[48;2;209;205;211m▄[38;2;215;209;192m[48;2;209;208;214m▄[38;2;215;212;206m[48;2;210;209;214m▄[38;2;216;212;209m[48;2;210;210;214m▄[38;2;215;214;216m[48;2;211;211;214m▄[38;2;218;216;218m[48;2;212;213;216m▄[38;2;218;216;218m[48;2;215;213;219m▄[38;2;219;217;217m[48;2;216;214;219m▄[38;2;237;234;238m[48;2;232;231;236m▄[0m
[38;2;189;172;60m[48;2;221;202;112m▄[38;2;201;187;83m[48;2;224;209;123m▄[38;2;179;169;82m[48;2;204;191;111m▄[38;2;193;181;99m[48;2;214;200;128m▄[38;2;194;183;105m[48;2;210;196;120m▄[38;2;188;180;118m[48;2;207;195;123m▄[38;2;181;175;121m[48;2;210;197;137m▄[38;2;186;177;91m[48;2;209;193;119m▄[38;2;198;185;99m[48;2;212;197;121m▄[38;2;198;187;106m[48;2;207;196;141m▄[38;2;194;185;120m[48;2;202;193;150m▄[38;2;191;182;123m[48;2;197;190;154m▄[38;2;197;186;106m[48;2;204;194;142m▄[38;2;199;187;102m[48;2;206;195;146m▄[38;2;199;191;142m[48;2;204;197;171m▄[38;2;200;190;122m[48;2;208;199;159m▄[38;2;201;189;114m[48;2;212;203;161m▄[38;2;193;184;119m[48;2;205;196;157m▄[38;2;200;188;105m[48;2;213;201;148m▄[38;2;201;186;95m[48;2;214;201;141m▄[38;2;201;189;111m[48;2;213;203;159m▄[38;2;198;190;153m[48;2;218;209;173m▄[38;2;200;193;152m[48;2;218;207;170m▄[38;2;194;183;115m[48;2;218;207;159m▄[38;2;206;189;89m[48;2;222;212;174m▄[38;2;211;193;96m[48;2;229;222;193m▄[38;2;219;203;111m[48;2;169;162;132m▄[38;2;202;193;138m[48;2;68;62;49m▄[38;2;76;61;38m[48;2;6;5;8m▄[38;2;7;6;9m[48;2;1;0;0m▄[38;2;53;48;44m[48;2;29;25;30m▄[38;2;29;31;39m[48;2;67;41;33m▄[38;2;0;2;21m[48;2;86;79;88m▄[38;2;18;21;35m[48;2;110;112;127m▄[38;2;74;77;87m[48;2;23;22;24m▄[38;2;56;53;57m[48;2;40;40;46m▄[38;2;120;117;124m[48;2;58;55;62m▄[38;2;50;50;51m[48;2;41;40;47m▄[38;2;30;30;33m[48;2;2;2;8m▄[38;2;172;166;146m[48;2;45;43;43m▄[38;2;214;205;153m[48;2;215;206;174m▄[38;2;205;194;143m[48;2;220;211;180m▄[38;2;206;195;137m[48;2;215;207;174m▄[38;2;207;194;120m[48;2;215;208;182m▄[38;2;215;203;152m[48;2;226;215;191m▄[38;2;213;200;139m[48;2;225;215;188m▄[38;2;214;200;129m[48;2;224;217;200m▄[38;2;214;200;132m[48;2;224;218;206m▄[38;2;208;195;128m[48;2;221;213;181m▄[38;2;204;191;116m[48;2;220;209;164m▄[38;2;196;185;118m[48;2;215;203;154m▄[38;2;194;183;122m[48;2;215;204;163m▄[38;2;193;183;117m[48;2;212;199;139m▄[38;2;205;194;137m[48;2;216;205;162m▄[38;2;209;193;118m[48;2;219;208;169m▄[38;2;208;193;118m[48;2;220;212;193m▄[38;2;210;195;118m[48;2;219;211;191m▄[38;2;212;199;141m[48;2;221;214;196m▄[38;2;212;202;165m[48;2;223;216;204m▄[38;2;232;218;163m[48;2;241;233;226m▄[0m
[38;2;168;153;33m[48;2;193;176;54m▄[38;2;184;169;44m[48;2;189;176;62m▄[38;2;155;145;46m[48;2;165;158;70m▄[38;2;161;150;42m[48;2;179;166;65m▄[38;2;154;144;44m[48;2;187;172;67m▄[38;2;170;158;47m[48;2;192;178;73m▄[38;2;168;157;56m[48;2;173;166;80m▄[38;2;170;156;56m[48;2;184;172;71m▄[38;2;166;158;53m[48;2;188;176;73m▄[38;2;166;157;51m[48;2;198;183;73m▄[38;2;159;153;62m[48;2;188;176;81m▄[38;2;154;151;68m[48;2;180;170;75m▄[38;2;157;152;63m[48;2;171;165;84m▄[38;2;158;151;54m[48;2;170;164;83m▄[38;2;177;166;57m[48;2;175;169;92m▄[38;2;180;170;59m[48;2;175;168;101m▄[38;2;188;173;59m[48;2;188;180;108m▄[38;2;177;165;54m[48;2;171;166;101m▄[38;2;195;178;42m[48;2;174;166;80m▄[38;2;172;162;59m[48;2;169;163;91m▄[38;2;194;176;46m[48;2;194;181;82m▄[38;2;189;173;48m[48;2;198;184;88m▄[38;2;174;161;57m[48;2;167;160;105m▄[38;2;182;167;51m[48;2;172;166;102m▄[38;2;174;159;34m[48;2;171;157;49m▄[38;2;169;157;51m[48;2;181;170;90m▄[38;2;144;137;54m[48;2;192;178;78m▄[38;2;88;76;36m[48;2;175;157;81m▄[38;2;47;41;14m[48;2;88;64;41m▄[38;2;106;101;50m[48;2;26;22;20m▄[38;2;110;106;65m[48;2;26;31;47m▄[38;2;75;72;45m[48;2;31;36;56m▄[38;2;115;106;34m[48;2;28;31;41m▄[38;2;174;160;60m[48;2;27;34;47m▄[38;2;182;171;77m[48;2;168;161;104m▄[38;2;133;129;70m[48;2;77;73;63m▄[38;2;43;41;39m[48;2;54;54;65m▄[38;2;111;105;99m[48;2;86;85;90m▄[38;2;66;64;44m[48;2;28;28;32m▄[38;2;152;149;76m[48;2;176;170;133m▄[38;2;136;140;63m[48;2;190;182;119m▄[38;2;111;122;49m[48;2;181;174;118m▄[38;2;145;151;88m[48;2;189;181;128m▄[38;2;161;163;117m[48;2;197;185;113m▄[38;2;171;163;88m[48;2;192;181;116m▄[38;2;188;175;88m[48;2;193;183;116m▄[38;2;184;173;76m[48;2;194;184;116m▄[38;2;158;155;108m[48;2;195;183;113m▄[38;2;182;176;105m[48;2;192;183;126m▄[38;2;184;175;95m[48;2;192;184;131m▄[38;2;178;167;68m[48;2;182;174;94m▄[38;2;164;156;63m[48;2;182;174;95m▄[38;2;165;158;69m[48;2;175;172;123m▄[38;2;181;169;67m[48;2;183;174;105m▄[38;2;170;162;71m[48;2;181;170;85m▄[38;2;185;172;65m[48;2;197;182;70m▄[38;2;176;165;62m[48;2;193;178;75m▄[38;2;168;161;64m[48;2;195;183;95m▄[38;2;192;177;63m[48;2;204;188;100m▄[38;2;205;193;98m[48;2;218;203;112m▄[0m
[38;2;202;181;35m[48;2;180;163;33m▄[38;2;206;188;40m[48;2;208;187;37m▄[38;2;178;164;35m[48;2;125;120;35m▄[38;2;166;155;34m[48;2;156;147;38m▄[38;2;191;176;36m[48;2;182;164;32m▄[38;2;176;165;38m[48;2;136;132;37m▄[38;2;164;153;38m[48;2;146;140;45m▄[38;2;202;183;43m[48;2;166;154;46m▄[38;2;199;181;41m[48;2;163;152;40m▄[38;2;173;163;34m[48;2;190;174;35m▄[38;2;185;173;43m[48;2;172;162;46m▄[38;2;169;159;35m[48;2;189;174;44m▄[38;2;196;178;37m[48;2;179;167;47m▄[38;2;194;176;35m[48;2;184;168;38m▄[38;2;193;176;36m[48;2;191;173;32m▄[38;2;192;176;37m[48;2;197;178;36m▄[38;2;200;180;33m[48;2;195;176;31m▄[38;2;186;169;36m[48;2;201;181;36m▄[38;2;193;176;42m[48;2;196;178;41m▄[38;2;209;190;42m[48;2;172;160;42m▄[38;2;190;174;42m[48;2;178;165;39m▄[38;2;164;155;46m[48;2;183;169;38m▄[38;2;199;181;33m[48;2;206;186;34m▄[38;2;176;160;30m[48;2;188;171;35m▄[38;2;164;148;31m[48;2;171;154;30m▄[38;2;173;156;35m[48;2;152;140;29m▄[38;2;197;178;33m[48;2;154;144;32m▄[38;2;204;182;34m[48;2;150;133;34m▄[38;2;178;158;36m[48;2;120;106;32m▄[38;2;193;174;40m[48;2;200;179;41m▄[38;2;198;177;41m[48;2;170;151;42m▄[38;2;179;164;40m[48;2;206;182;36m▄[38;2;184;170;42m[48;2;206;186;41m▄[38;2;200;180;33m[48;2;206;186;45m▄[38;2;206;185;34m[48;2;183;167;38m▄[38;2;200;179;35m[48;2;193;173;37m▄[38;2;202;181;34m[48;2;148;130;32m▄[38;2;208;187;36m[48;2;180;159;48m▄[38;2;198;178;34m[48;2;179;162;40m▄[38;2;201;182;36m[48;2;174;161;35m▄[38;2;206;185;31m[48;2;173;162;32m▄[38;2;205;184;32m[48;2;137;138;33m▄[38;2;160;153;34m[48;2;97;109;31m▄[38;2;164;154;36m[48;2;110;121;45m▄[38;2;192;174;36m[48;2;169;159;52m▄[38;2;192;175;35m[48;2;172;159;41m▄[38;2;201;183;41m[48;2;178;161;34m▄[38;2;177;166;35m[48;2;166;157;45m▄[38;2;181;166;31m[48;2;172;163;41m▄[38;2;191;176;41m[48;2;169;158;34m▄[38;2;176;162;33m[48;2;167;155;41m▄[38;2;185;168;31m[48;2;167;155;34m▄[38;2;195;177;32m[48;2;198;179;36m▄[38;2;203;182;34m[48;2;191;176;42m▄[38;2;185;169;31m[48;2;178;164;44m▄[38;2;186;171;30m[48;2;178;163;39m▄[38;2;207;186;34m[48;2;183;168;40m▄[38;2;181;166;40m[48;2;158;150;45m▄[38;2;185;170;39m[48;2;173;161;39m▄[38;2;223;200;34m[48;2;211;192;41m▄[0m
[38;2;206;187;38m[48;2;191;176;48m▄[38;2;229;207;44m[48;2;196;182;49m▄[38;2;181;172;37m[48;2;190;174;33m▄[38;2;214;196;40m[48;2;207;186;30m▄[38;2;194;179;37m[48;2;213;192;34m▄[38;2;198;182;34m[48;2;186;171;35m▄[38;2;184;172;38m[48;2;184;168;34m▄[38;2;223;201;44m[48;2;198;181;39m▄[38;2;156;152;42m[48;2;178;165;41m▄[38;2;159;156;42m[48;2;193;174;38m▄[38;2;213;194;44m[48;2;204;184;33m▄[38;2;206;188;39m[48;2;173;163;35m▄[38;2;173;166;42m[48;2;175;163;37m▄[38;2;192;181;42m[48;2;184;169;38m▄[38;2;209;194;47m[48;2;205;185;36m▄[38;2;211;194;39m[48;2;177;166;44m▄[38;2;212;194;32m[48;2;192;175;35m▄[38;2;203;187;40m[48;2;196;177;37m▄[38;2;170;162;41m[48;2;191;173;35m▄[38;2;205;188;37m[48;2;208;189;42m▄[38;2;211;192;32m[48;2;184;171;55m▄[38;2;180;169;30m[48;2;184;170;50m▄[38;2;182;173;39m[48;2;205;184;34m▄[38;2;211;194;39m[48;2;171;158;29m▄[38;2;215;196;35m[48;2;190;173;31m▄[38;2;209;192;35m[48;2;209;187;38m▄[38;2;205;187;35m[48;2;200;182;38m▄[38;2;202;183;34m[48;2;199;179;31m▄[38;2;202;187;40m[48;2;189;172;35m▄[38;2;196;182;43m[48;2;179;165;38m▄[38;2;202;185;43m[48;2;196;176;38m▄[38;2;199;182;39m[48;2;188;170;35m▄[38;2;192;176;37m[48;2;173;160;44m▄[38;2;211;192;46m[48;2;168;157;43m▄[38;2;199;181;42m[48;2;185;169;37m▄[38;2;186;172;34m[48;2;190;174;37m▄[38;2;197;182;40m[48;2;188;174;43m▄[38;2;183;172;51m[48;2;190;174;38m▄[38;2;194;180;43m[48;2;190;174;35m▄[38;2;204;187;33m[48;2;203;186;41m▄[38;2;208;191;38m[48;2;191;174;32m▄[38;2;220;198;35m[48;2;208;188;35m▄[38;2;226;204;41m[48;2;212;191;40m▄[38;2;230;210;43m[48;2;207;187;41m▄[38;2;210;193;39m[48;2;201;184;39m▄[38;2;200;185;39m[48;2;205;187;38m▄[38;2;218;198;36m[48;2;201;182;32m▄[38;2;206;191;39m[48;2;191;176;35m▄[38;2;214;196;36m[48;2;206;186;33m▄[38;2;211;193;38m[48;2;189;176;43m▄[38;2;195;180;44m[48;2;202;184;39m▄[38;2;186;174;41m[48;2;189;174;39m▄[38;2;192;179;42m[48;2;154;147;41m▄[38;2;164;155;42m[48;2;167;157;31m▄[38;2;195;180;41m[48;2;179;168;35m▄[38;2;208;189;35m[48;2;191;175;40m▄[38;2;205;188;40m[48;2;191;175;36m▄[38;2;210;190;34m[48;2;196;179;36m▄[38;2;208;188;36m[48;2;201;183;42m▄[38;2;226;206;43m[48;2;198;184;39m▄[0m
