[38;2;248;251;227m[48;2;247;247;233m▄[38;2;255;255;255m[48;2;254;254;254m▄[38;2;255;255;255m[48;2;254;254;245m▄[38;2;255;255;255m[48;2;254;254;253m▄[38;2;255;221;168m[48;2;239;195;141m▄[38;2;204;115;45m[48;2;185;104;40m▄[38;2;188;121;59m[48;2;175;117;56m▄[38;2;216;163;90m[48;2;197;146;79m▄[38;2;235;183;111m[48;2;206;156;88m▄[38;2;239;186;114m[48;2;212;162;92m▄[38;2;249;193;122m[48;2;214;164;94m▄[38;2;252;197;121m[48;2;216;166;94m▄[38;2;255;200;122m[48;2;218;168;94m▄[38;2;255;205;124m[48;2;222;169;92m▄[38;2;255;203;123m[48;2;218;166;90m▄[38;2;255;202;122m[48;2;226;175;100m▄[38;2;255;216;135m[48;2;231;183;106m▄[38;2;255;219;137m[48;2;233;187;112m▄[38;2;255;224;143m[48;2;237;193;121m▄[38;2;255;226;146m[48;2;235;189;113m▄[38;2;255;229;149m[48;2;235;193;113m▄[38;2;255;236;154m[48;2;235;195;119m▄[38;2;255;235;153m[48;2;235;195;121m▄[38;2;223;177;116m[48;2;198;158;98m▄[38;2;221;181;131m[48;2;224;187;135m▄[38;2;194;175;130m[48;2;208;191;146m▄[38;2;255;227;153m[48;2;237;204;137m▄[38;2;255;246;174m[48;2;254;239;171m▄[38;2;201;185;149m[48;2;220;214;173m▄[38;2;218;214;189m[48;2;208;208;183m▄[38;2;225;222;198m[48;2;243;245;222m▄[38;2;205;202;172m[48;2;218;222;193m▄[38;2;253;253;228m[48;2;251;253;235m▄[38;2;200;204;186m[48;2;254;254;253m▄[38;2;205;200;165m[48;2;247;245;204m▄[38;2;255;239;167m[48;2;251;222;160m▄[38;2;255;214;144m[48;2;243;204;137m▄[38;2;184;161;119m[48;2;183;160;113m▄[38;2;233;192;122m[48;2;212;175;113m▄[38;2;255;247;173m[48;2;243;220;150m▄[38;2;255;255;255m[48;2;253;254;231m▄[38;2;255;255;255m[48;2;254;254;251m▄[38;2;255;255;255m[48;2;254;254;254m▄[38;2;255;255;255m[48;2;254;254;254m▄[38;2;255;255;255m[48;2;254;254;253m▄[38;2;255;255;255m[48;2;254;254;253m▄[38;2;255;255;255m[48;2;254;254;253m▄[38;2;255;255;255m[48;2;254;254;253m▄[38;2;255;255;255m[48;2;254;254;254m▄[38;2;255;255;255m[48;2;254;254;247m▄[38;2;187;193;171m[48;2;185;187;162m▄[38;2;192;190;164m[48;2;119;121;104m▄[38;2;255;255;241m[48;2;210;210;200m▄[38;2;255;255;255m[48;2;254;254;254m▄[38;2;255;255;248m[48;2;245;247;229m▄[38;2;255;255;254m[48;2;254;254;237m▄[38;2;255;255;252m[48;2;254;254;239m▄[38;2;255;255;255m[48;2;254;254;249m▄[38;2;255;255;241m[48;2;253;253;237m▄[38;2;255;215;132m[48;2;247;216;142m▄[0m
[38;2;249;253;230m[48;2;247;251;226m▄[38;2;255;255;242m[48;2;255;255;248m▄[38;2;254;255;235m[48;2;255;255;239m▄[38;2;255;255;241m[48;2;255;255;246m▄[38;2;246;228;182m[48;2;243;216;167m▄[38;2;212;123;47m[48;2;201;115;41m▄[38;2;171;100;48m[48;2;172;105;55m▄[38;2;192;135;70m[48;2;186;135;71m▄[38;2;208;157;83m[48;2;203;156;88m▄[38;2;218;168;92m[48;2;211;162;93m▄[38;2;223;175;97m[48;2;219;169;99m▄[38;2;241;189;109m[48;2;229;177;104m▄[38;2;191;147;82m[48;2;238;184;107m▄[38;2;106;80;43m[48;2;240;187;108m▄[38;2;163;131;91m[48;2;233;181;104m▄[38;2;185;142;91m[48;2;241;188;112m▄[38;2;233;182;104m[48;2;246;195;119m▄[38;2;252;200;120m[48;2;245;196;121m▄[38;2;254;204;126m[48;2;249;201;127m▄[38;2;255;207;127m[48;2;249;201;126m▄[38;2;206;163;98m[48;2;255;213;135m▄[38;2;139;116;87m[48;2;232;191;122m▄[38;2;208;200;184m[48;2;204;165;106m▄[38;2;178;157;121m[48;2;185;146;94m▄[38;2;189;152;109m[48;2;196;160;112m▄[38;2;161;135;107m[48;2;159;139;104m▄[38;2;120;92;72m[48;2;200;165;114m▄[38;2;221;208;179m[48;2;198;163;124m▄[38;2;233;220;193m[48;2;166;141;119m▄[38;2;169;147;122m[48;2;164;153;134m▄[38;2;214;201;176m[48;2;178;170;149m▄[38;2;180;165;143m[48;2;179;168;144m▄[38;2;190;175;154m[48;2;212;207;181m▄[38;2;199;185;161m[48;2;165;169;146m▄[38;2;214;189;151m[48;2;170;161;128m▄[38;2;255;205;137m[48;2;253;209;143m▄[38;2;227;178;117m[48;2;232;188;128m▄[38;2;144;118;88m[48;2;154;134;99m▄[38;2;179;169;151m[48;2;183;147;102m▄[38;2;206;197;188m[48;2;196;171;129m▄[38;2;122;104;78m[48;2;217;211;180m▄[38;2;150;137;105m[48;2;254;255;235m▄[38;2;243;242;226m[48;2;255;255;255m▄[38;2;255;255;248m[48;2;255;255;251m▄[38;2;255;255;244m[48;2;255;255;255m▄[38;2;250;247;218m[48;2;255;255;255m▄[38;2;244;240;207m[48;2;241;237;221m▄[38;2;242;236;202m[48;2;246;245;225m▄[38;2;236;206;154m[48;2;255;255;245m▄[38;2;217;192;137m[48;2;238;242;228m▄[38;2;210;210;173m[48;2;171;176;156m▄[38;2;228;230;197m[48;2;207;203;173m▄[38;2;252;253;220m[48;2;250;250;226m▄[38;2;241;245;213m[48;2;247;250;228m▄[38;2;248;251;215m[48;2;248;250;223m▄[38;2;252;255;217m[48;2;255;255;226m▄[38;2;249;253;220m[48;2;253;255;223m▄[38;2;255;255;247m[48;2;255;255;253m▄[38;2;229;210;159m[48;2;241;230;193m▄[38;2;231;187;110m[48;2;239;196;115m▄[0m
[38;2;251;251;234m[48;2;253;253;232m▄[38;2;250;251;234m[48;2;255;255;238m▄[38;2;250;252;232m[48;2;253;254;233m▄[38;2;254;255;239m[48;2;255;255;238m▄[38;2;251;252;228m[48;2;248;241;205m▄[38;2;219;146;81m[48;2;219;135;66m▄[38;2;186;102;43m[48;2;182;102;47m▄[38;2;187;123;61m[48;2;193;128;63m▄[38;2;210;150;86m[48;2;212;155;83m▄[38;2;209;148;78m[48;2;213;163;87m▄[38;2;226;167;84m[48;2;226;176;98m▄[38;2;134;94;48m[48;2;206;158;90m▄[38;2;118;83;56m[48;2;113;82;52m▄[38;2;242;194;140m[48;2;180;153;113m▄[38;2;244;212;161m[48;2;233;227;196m▄[38;2;167;141;112m[48;2;167;146;120m▄[38;2;130;94;59m[48;2;181;135;78m▄[38;2;255;194;113m[48;2;255;200;115m▄[38;2;250;198;125m[48;2;250;195;112m▄[38;2;215;182;124m[48;2;254;200;112m▄[38;2;86;59;38m[48;2;135;97;57m▄[38;2;147;106;82m[48;2;196;162;133m▄[38;2;180;135;110m[48;2;251;229;197m▄[38;2;110;82;65m[48;2;196;166;133m▄[38;2;157;111;73m[48;2;167;126;92m▄[38;2;204;149;98m[48;2;156;120;90m▄[38;2;158;117;84m[48;2;107;70;51m▄[38;2;98;63;53m[48;2;215;179;148m▄[38;2;164;111;95m[48;2;239;217;192m▄[38;2;201;142;111m[48;2;230;193;155m▄[38;2;149;107;84m[48;2;223;201;165m▄[38;2;167;140;120m[48;2;178;167;147m▄[38;2;239;227;205m[48;2;219;208;199m▄[38;2;230;206;177m[48;2;222;207;191m▄[38;2;125;94;77m[48;2;140;105;83m▄[38;2;214;162;111m[48;2;246;193;124m▄[38;2;188;138;95m[48;2;189;140;88m▄[38;2;88;64;52m[48;2;124;93;70m▄[38;2;200;154;117m[48;2;241;229;192m▄[38;2;224;169;132m[48;2;239;227;198m▄[38;2;149;108;80m[48;2;178;151;120m▄[38;2;84;59;41m[48;2;80;57;36m▄[38;2;127;103;76m[48;2;195;186;155m▄[38;2;217;211;175m[48;2;255;255;255m▄[38;2;229;199;151m[48;2;236;222;188m▄[38;2;180;135;101m[48;2;234;215;161m▄[38;2;208;169;140m[48;2;223;216;187m▄[38;2;204;168;138m[48;2;230;214;183m▄[38;2;154;105;76m[48;2;185;140;108m▄[38;2;178;130;90m[48;2;182;135;89m▄[38;2;249;242;209m[48;2;255;254;223m▄[38;2;250;251;221m[48;2;255;255;235m▄[38;2;248;248;212m[48;2;252;252;216m▄[38;2;228;235;193m[48;2;236;242;205m▄[38;2;240;249;201m[48;2;244;254;210m▄[38;2;245;254;207m[48;2;245;255;209m▄[38;2;254;255;231m[48;2;250;254;222m▄[38;2;246;239;207m[48;2;252;253;234m▄[38;2;226;182;103m[48;2;224;193;130m▄[38;2;255;207;121m[48;2;230;185;113m▄[0m
[38;2;255;255;226m[48;2;253;253;236m▄[38;2;250;250;222m[48;2;251;252;241m▄[38;2;240;239;210m[48;2;249;251;231m▄[38;2;251;251;220m[48;2;253;255;234m▄[38;2;253;255;224m[48;2;254;255;232m▄[38;2;221;170;113m[48;2;218;159;99m▄[38;2;168;81;29m[48;2;177;93;38m▄[38;2;173;98;44m[48;2;182;114;57m▄[38;2;224;158;92m[48;2;201;144;78m▄[38;2;253;227;174m[48;2;217;178;115m▄[38;2;226;223;209m[48;2;238;210;167m▄[38;2;211;208;193m[48;2;200;178;148m▄[38;2;199;157;123m[48;2;155;99;65m▄[38;2;193;133;95m[48;2;205;122;77m▄[38;2;98;72;54m[48;2;148;98;72m▄[38;2;31;26;23m[48;2;41;35;33m▄[38;2;57;43;28m[48;2;80;63;39m▄[38;2;202;143;85m[48;2;229;171;98m▄[38;2;200;127;85m[48;2;211;144;93m▄[38;2;217;148;110m[48;2;231;167;126m▄[38;2;85;53;37m[48;2;85;53;41m▄[38;2;146;127;101m[48;2;83;58;47m▄[38;2;164;151;127m[48;2;102;81;66m▄[38;2;45;30;22m[48;2;50;34;28m▄[38;2;123;81;56m[48;2;145;101;66m▄[38;2;217;152;104m[48;2;213;147;94m▄[38;2;219;156;107m[48;2;242;198;145m▄[38;2;206;147;99m[48;2;129;101;80m▄[38;2;199;145;102m[48;2;90;54;46m▄[38;2;188;144;118m[48;2;170;117;103m▄[38;2;74;53;51m[48;2;82;53;51m▄[38;2;41;26;26m[48;2;122;89;78m▄[38;2;167;126;96m[48;2;222;168;145m▄[38;2;241;198;151m[48;2;217;176;146m▄[38;2;185;137;101m[48;2;193;159;125m▄[38;2;110;77;53m[48;2;189;149;110m▄[38;2;121;89;64m[48;2;177;132;97m▄[38;2;155;125;99m[48;2;70;55;46m▄[38;2;161;139;111m[48;2;61;39;32m▄[38;2;176;152;117m[48;2;137;88;63m▄[38;2;156;125;95m[48;2;140;99;74m▄[38;2;176;146;116m[48;2;132;107;85m▄[38;2;131;109;87m[48;2;90;71;52m▄[38;2;90;69;47m[48;2;187;166;120m▄[38;2;174;134;92m[48;2;230;191;141m▄[38;2;56;35;24m[48;2;87;47;34m▄[38;2;103;73;46m[48;2;158;109;81m▄[38;2;198;173;125m[48;2;149;100;74m▄[38;2;143;132;107m[48;2;128;92;60m▄[38;2;76;72;62m[48;2;176;148;108m▄[38;2;76;70;59m[48;2;201;175;124m▄[38;2;137;132;104m[48;2;250;241;191m▄[38;2;225;226;182m[48;2;251;253;214m▄[38;2;209;207;159m[48;2;216;220;175m▄[38;2;216;214;165m[48;2;239;241;196m▄[38;2;229;228;185m[48;2;236;239;196m▄[38;2;255;255;233m[48;2;246;248;226m▄[38;2;228;202;143m[48;2;237;219;170m▄[38;2;223;180;107m[48;2;212;162;79m▄[38;2;253;212;137m[48;2;241;187;98m▄[0m
[38;2;255;255;226m[48;2;253;251;223m▄[38;2;255;255;233m[48;2;255;255;229m▄[38;2;133;131;105m[48;2;244;241;204m▄[38;2;168;155;121m[48;2;253;252;214m▄[38;2;165;136;98m[48;2;250;248;211m▄[38;2;161;120;81m[48;2;210;167;121m▄[38;2;183;136;93m[48;2;143;76;35m▄[38;2;219;179;139m[48;2;157;96;59m▄[38;2;141;105;78m[48;2;189;128;84m▄[38;2;134;110;83m[48;2;197;148;101m▄[38;2;165;128;97m[48;2;129;97;61m▄[38;2;184;122;85m[48;2;111;79;43m▄[38;2;221;156;116m[48;2;155;120;86m▄[38;2;240;198;161m[48;2;212;178;143m▄[38;2;254;230;190m[48;2;176;143;112m▄[38;2;191;152;117m[48;2;152;121;94m▄[38;2;137;92;61m[48;2;134;106;81m▄[38;2;210;181;144m[48;2;149;105;72m▄[38;2;146;118;90m[48;2;152;102;71m▄[38;2;89;58;30m[48;2;138;109;82m▄[38;2;210;185;141m[48;2;155;134;105m▄[38;2;242;225;185m[48;2;181;163;131m▄[38;2;139;109;82m[48;2;110;90;66m▄[38;2;87;60;39m[48;2;62;42;30m▄[38;2;117;86;60m[48;2;127;87;64m▄[38;2;103;68;46m[48;2;189;142;105m▄[38;2;115;69;49m[48;2;144;96;67m▄[38;2;224;191;161m[48;2;196;160;130m▄[38;2;222;194;163m[48;2;194;158;126m▄[38;2;121;75;60m[48;2;161;119;95m▄[38;2;127;78;61m[48;2;103;64;51m▄[38;2;215;193;166m[48;2;160;120;101m▄[38;2;155;112;87m[48;2;173;125;95m▄[38;2;191;131;105m[48;2;205;161;124m▄[38;2;197;141;121m[48;2;189;142;115m▄[38;2;179;124;104m[48;2;137;94;77m▄[38;2;114;74;54m[48;2;115;81;61m▄[38;2;191;126;89m[48;2;183;139;109m▄[38;2;205;136;97m[48;2;255;203;161m▄[38;2;183;120;92m[48;2;199;149;114m▄[38;2;154;110;91m[48;2;97;72;50m▄[38;2;115;86;68m[48;2;89;66;43m▄[38;2;117;83;60m[48;2;119;87;60m▄[38;2;175;133;97m[48;2;105;83;59m▄[38;2;153;125;90m[48;2;153;119;78m▄[38;2;98;87;57m[48;2;40;29;14m▄[38;2;195;177;126m[48;2;162;138;91m▄[38;2;92;77;51m[48;2;231;205;147m▄[38;2;26;27;23m[48;2;58;56;48m▄[38;2;51;54;41m[48;2;23;26;21m▄[38;2;63;65;52m[48;2;21;24;21m▄[38;2;53;53;45m[48;2;17;18;17m▄[38;2;37;34;25m[48;2;87;86;64m▄[38;2;138;129;90m[48;2;200;202;145m▄[38;2;229;215;160m[48;2;200;201;145m▄[38;2;197;180;134m[48;2;237;239;189m▄[38;2;116;94;58m[48;2;248;245;208m▄[38;2;123;101;68m[48;2;220;201;155m▄[38;2;139;119;83m[48;2;225;198;149m▄[38;2;133;113;79m[48;2;211;180;135m▄[0m
[38;2;84;71;41m[48;2;193;187;146m▄[38;2;110;91;58m[48;2;214;207;165m▄[38;2;136;113;80m[48;2;96;77;47m▄[38;2;172;136;100m[48;2;96;61;29m▄[38;2;214;158;113m[48;2;148;99;56m▄[38;2;146;95;63m[48;2;161;114;73m▄[38;2;162;115;81m[48;2;182;130;90m▄[38;2;204;164;123m[48;2;236;181;134m▄[38;2;112;73;47m[48;2;255;199;154m▄[38;2;161;117;86m[48;2;166;121;88m▄[38;2;89;62;44m[48;2;64;46;31m▄[38;2;80;55;38m[48;2;134;95;70m▄[38;2;148;96;72m[48;2;130;83;58m▄[38;2;178;123;95m[48;2;177;123;91m▄[38;2;195;155;124m[48;2;194;147;116m▄[38;2;171;115;82m[48;2;162;117;90m▄[38;2;177;109;83m[48;2;140;86;61m▄[38;2;190;127;105m[48;2;210;169;136m▄[38;2;166;128;103m[48;2;180;148;118m▄[38;2;87;46;30m[48;2;150;97;65m▄[38;2;154;85;65m[48;2;197;147;112m▄[38;2;136;84;65m[48;2;194;144;111m▄[38;2;58;37;29m[48;2;124;88;65m▄[38;2;138;79;71m[48;2;165;132;105m▄[38;2;165;110;85m[48;2;148;109;84m▄[38;2;137;103;78m[48;2;101;60;39m▄[38;2;81;43;27m[48;2;127;78;60m▄[38;2;138;79;63m[48;2;199;139;117m▄[38;2;93;56;46m[48;2;197;149;125m▄[38;2;85;55;42m[48;2;110;77;62m▄[38;2;107;77;64m[48;2;85;61;54m▄[38;2;38;32;30m[48;2;60;52;47m▄[38;2;85;58;46m[48;2;80;56;45m▄[38;2;74;45;35m[48;2;90;51;37m▄[38;2;58;33;23m[48;2;148;90;70m▄[38;2;132;85;60m[48;2;151;96;73m▄[38;2;97;57;40m[48;2;101;59;41m▄[38;2;111;67;48m[48;2;139;85;60m▄[38;2;181;105;74m[48;2;179;117;87m▄[38;2;178;104;87m[48;2;192;132;106m▄[38;2;171;107;98m[48;2;169;112;90m▄[38;2;186;136;118m[48;2;225;169;142m▄[38;2;154;121;100m[48;2;141;104;88m▄[38;2;156;121;90m[48;2;153;112;83m▄[38;2;196;156;118m[48;2;127;107;80m▄[38;2;214;177;139m[48;2;142;140;114m▄[38;2;235;209;167m[48;2;169;164;131m▄[38;2;236;211;167m[48;2;167;163;131m▄[38;2;149;116;81m[48;2;199;188;152m▄[38;2;101;75;47m[48;2;194;176;139m▄[38;2;106;77;48m[48;2;186;162;124m▄[38;2;122;90;54m[48;2;166;138;103m▄[38;2;147;113;69m[48;2;150;120;84m▄[38;2;131;99;62m[48;2;158;127;88m▄[38;2;129;97;63m[48;2;199;168;128m▄[38;2;178;132;90m[48;2;152;122;90m▄[38;2;195;139;92m[48;2;101;69;42m▄[38;2;182;122;80m[48;2;92;62;38m▄[38;2;166;108;71m[48;2;76;54;29m▄[38;2;179;116;76m[48;2;82;59;33m▄[0m
[38;2;80;69;48m[48;2;110;99;76m▄[38;2;103;86;64m[48;2;105;90;68m▄[38;2;82;63;44m[48;2;80;69;46m▄[38;2;59;46;28m[48;2;115;101;74m▄[38;2;76;61;42m[48;2;183;156;122m▄[38;2;89;70;49m[48;2;198;152;115m▄[38;2;89;68;49m[48;2;194;146;106m▄[38;2;157;117;87m[48;2;208;160;120m▄[38;2;180;125;90m[48;2;147;98;67m▄[38;2;113;72;50m[48;2;143;94;65m▄[38;2;30;23;13m[48;2;65;43;26m▄[38;2;47;32;18m[48;2;52;34;19m▄[38;2;98;61;43m[48;2;122;69;52m▄[38;2;133;87;68m[48;2;154;75;66m▄[38;2;109;73;54m[48;2;164;105;82m▄[38;2;92;63;45m[48;2;138;89;59m▄[38;2;90;63;49m[48;2;111;61;41m▄[38;2;60;42;33m[48;2;123;67;53m▄[38;2;42;23;15m[48;2;64;36;26m▄[38;2;99;64;45m[48;2;50;29;18m▄[38;2;67;47;33m[48;2;120;74;52m▄[38;2;13;8;2m[48;2;66;44;32m▄[38;2;38;21;10m[48;2;39;27;21m▄[38;2;36;19;9m[48;2;89;51;42m▄[38;2;97;76;63m[48;2;131;78;58m▄[38;2;146;108;87m[48;2;151;94;71m▄[38;2;110;67;50m[48;2;114;67;46m▄[38;2;83;45;40m[48;2;120;72;53m▄[38;2;107;71;49m[48;2;85;49;36m▄[38;2;124;79;55m[48;2;106;69;51m▄[38;2;127;82;74m[48;2;124;80;70m▄[38;2;91;75;68m[48;2;42;31;31m▄[38;2;97;95;86m[48;2;57;39;28m▄[38;2;141;121;106m[48;2;97;57;36m▄[38;2;106;77;58m[48;2;75;46;32m▄[38;2;149;107;74m[48;2;157;107;78m▄[38;2;152;113;82m[48;2;118;76;51m▄[38;2;164;128;96m[48;2;66;49;36m▄[38;2;188;157;124m[48;2;172;130;100m▄[38;2;137;110;84m[48;2;200;147;119m▄[38;2;103;78;54m[48;2;178;129;106m▄[38;2;97;70;45m[48;2;145;103;80m▄[38;2;150;102;69m[48;2;137;98;68m▄[38;2;229;155;111m[48;2;202;145;104m▄[38;2;213;142;100m[48;2;228;158;114m▄[38;2;199;131;90m[48;2;223;152;109m▄[38;2;193;126;85m[48;2;222;155;112m▄[38;2;175;114;75m[48;2;194;131;89m▄[38;2;166;110;74m[48;2;161;110;71m▄[38;2;139;96;65m[48;2;104;76;46m▄[38;2;93;67;39m[48;2;73;54;32m▄[38;2;128;98;60m[48;2;114;86;52m▄[38;2;79;55;30m[48;2;125;93;59m▄[38;2;92;56;28m[48;2;74;44;17m▄[38;2;192;127;75m[48;2;155;99;54m▄[38;2;206;137;85m[48;2;213;146;93m▄[38;2;214;146;90m[48;2;214;147;93m▄[38;2;213;145;97m[48;2;209;141;93m▄[38;2;209;140;100m[48;2;204;135;94m▄[38;2;221;146;104m[48;2;219;144;99m▄[0m
[38;2;93;61;33m[48;2;78;56;31m▄[38;2;168;112;73m[48;2;144;99;65m▄[38;2;181;122;86m[48;2;171;120;84m▄[38;2;184;127;87m[48;2;163;111;76m▄[38;2;190;131;90m[48;2;162;110;76m▄[38;2;203;141;102m[48;2;156;107;74m▄[38;2;209;146;111m[48;2;98;65;44m▄[38;2;92;63;43m[48;2;45;30;17m▄[38;2;56;39;24m[48;2;108;78;55m▄[38;2;122;89;64m[48;2;78;55;37m▄[38;2;89;59;37m[48;2;54;37;24m▄[38;2;78;48;28m[48;2;81;56;35m▄[38;2;89;52;30m[48;2;117;85;62m▄[38;2;112;64;36m[48;2;103;77;60m▄[38;2;135;85;57m[48;2;94;70;54m▄[38;2;124;80;53m[48;2;53;35;25m▄[38;2;96;61;40m[48;2;90;63;48m▄[38;2;67;44;28m[48;2;108;78;63m▄[38;2;44;31;20m[48;2;89;58;44m▄[38;2;56;38;20m[48;2;86;55;39m▄[38;2;171;142;108m[48;2;67;51;34m▄[38;2;178;137;130m[48;2;67;48;34m▄[38;2;240;162;168m[48;2;105;88;79m▄[38;2;224;120;128m[48;2;105;81;74m▄[38;2;204;149;136m[48;2;126;98;78m▄[38;2;228;202;181m[48;2;143;114;91m▄[38;2;175;143;117m[48;2;109;83;64m▄[38;2;140;95;69m[48;2;126;96;84m▄[38;2;162;29;49m[48;2;157;119;117m▄[38;2;129;49;58m[48;2;130;96;87m▄[38;2;63;56;45m[48;2;43;21;16m▄[38;2;96;72;55m[48;2;167;130;109m▄[38;2;120;80;62m[48;2;173;157;140m▄[38;2;129;78;55m[48;2;181;150;135m▄[38;2;119;73;49m[48;2;160;113;88m▄[38;2;171;103;70m[48;2;150;100;67m▄[38;2;191;115;77m[48;2;205;139;103m▄[38;2;171;105;70m[48;2;191;124;87m▄[38;2;138;86;61m[48;2;181;117;81m▄[38;2;129;83;62m[48;2;154;103;76m▄[38;2;159;112;90m[48;2;110;80;60m▄[38;2;154;108;87m[48;2;98;73;55m▄[38;2;101;62;42m[48;2;114;78;58m▄[38;2;100;64;43m[48;2;120;80;56m▄[38;2;137;86;56m[48;2;157;101;65m▄[38;2;180;118;83m[48;2;180;118;80m▄[38;2;124;76;51m[48;2;128;83;55m▄[38;2;99;68;47m[48;2;89;61;39m▄[38;2;69;44;24m[48;2;85;58;37m▄[38;2;109;70;46m[48;2;107;72;49m▄[38;2;126;84;55m[48;2;116;81;51m▄[38;2;93;61;37m[48;2;111;79;48m▄[38;2;49;33;17m[48;2;52;36;17m▄[38;2;41;26;12m[48;2;71;46;20m▄[38;2;137;91;58m[48;2;177;120;70m▄[38;2;119;79;53m[48;2;181;124;78m▄[38;2;92;62;42m[48;2;165;111;71m▄[38;2;89;58;36m[48;2;168;111;74m▄[38;2;115;75;47m[48;2;184;122;82m▄[38;2;169;113;71m[48;2;210;139;95m▄[0m
[38;2;65;50;30m[48;2;110;75;46m▄[38;2;83;59;39m[48;2;167;111;76m▄[38;2;108;72;48m[48;2;179;121;88m▄[38;2;156;107;73m[48;2;180;125;90m▄[38;2;178;122;91m[48;2;182;126;93m▄[38;2;113;74;55m[48;2;169;117;87m▄[38;2;65;44;32m[48;2;109;78;57m▄[38;2;124;90;70m[48;2;79;60;44m▄[38;2;104;70;49m[48;2;39;26;13m▄[38;2;98;63;36m[48;2;121;89;59m▄[38;2;119;79;48m[48;2;95;66;39m▄[38;2;119;68;38m[48;2;60;31;15m▄[38;2;142;82;52m[48;2;140;79;47m▄[38;2;117;67;41m[48;2;184;106;65m▄[38;2;127;70;44m[48;2;190;113;72m▄[38;2;159;89;58m[48;2;187;114;73m▄[38;2;164;92;63m[48;2;185;112;74m▄[38;2;156;90;61m[48;2;180;108;75m▄[38;2;136;83;58m[48;2;121;73;50m▄[38;2;41;30;19m[48;2;17;15;4m▄[38;2;12;14;7m[48;2;87;59;47m▄[38;2;120;27;30m[48;2;234;72;94m▄[38;2;231;87;100m[48;2;240;47;73m▄[38;2;227;168;167m[48;2;210;52;66m▄[38;2;189;150;138m[48;2;190;157;148m▄[38;2;159;100;93m[48;2;214;196;192m▄[38;2;153;85;81m[48;2;215;198;189m▄[38;2;184;134;120m[48;2;200;167;147m▄[38;2;166;134;115m[48;2;163;99;102m▄[38;2;161;123;107m[48;2;178;144;130m▄[38;2;162;116;97m[48;2;241;227;195m▄[38;2;203;165;122m[48;2;219;192;141m▄[38;2;218;195;125m[48;2;211;192;98m▄[38;2;241;214;107m[48;2;222;201;92m▄[38;2;110;84;37m[48;2;99;73;39m▄[38;2;38;19;14m[48;2;81;46;35m▄[38;2;123;69;48m[48;2;114;68;49m▄[38;2;177;105;78m[48;2;145;86;62m▄[38;2;164;96;70m[48;2;105;60;43m▄[38;2;144;81;54m[48;2;96;56;40m▄[38;2;133;75;49m[48;2;160;100;75m▄[38;2;115;67;40m[48;2;145;88;62m▄[38;2;127;77;47m[48;2;176;113;78m▄[38;2;171;106;73m[48;2;215;140;99m▄[38;2;162;101;69m[48;2;221;149;110m▄[38;2;135;82;55m[48;2;172;110;79m▄[38;2;133;81;55m[48;2;159;98;71m▄[38;2;145;89;61m[48;2;184;115;81m▄[38;2;148;91;61m[48;2;183;114;78m▄[38;2;136;88;60m[48;2;159;101;69m▄[38;2;117;79;54m[48;2;127;83;55m▄[38;2;90;58;36m[48;2;87;55;32m▄[38;2;60;37;18m[48;2;52;34;16m▄[38;2;30;19;4m[48;2;41;25;11m▄[38;2;141;93;54m[48;2;139;93;57m▄[38;2;200;129;82m[48;2;105;69;40m▄[38;2;188;119;79m[48;2;92;65;42m▄[38;2;183;116;77m[48;2;87;58;37m▄[38;2;172;107;69m[48;2;107;68;44m▄[38;2;206;135;91m[48;2;162;105;67m▄[0m
[38;2;178;116;78m[48;2;76;54;31m▄[38;2;194;123;86m[48;2;107;73;49m▄[38;2;177;110;81m[48;2;131;87;59m▄[38;2;171;105;73m[48;2;155;99;66m▄[38;2;170;102;66m[48;2;180;118;85m▄[38;2;205;141;101m[48;2;205;147;115m▄[38;2;222;169;130m[48;2;187;127;98m▄[38;2;178;117;82m[48;2;205;137;108m▄[38;2;156;99;70m[48;2;209;145;116m▄[38;2;90;45;24m[48;2;100;56;35m▄[38;2;118;69;38m[48;2;130;82;54m▄[38;2;165;98;61m[48;2;171;106;69m▄[38;2;170;89;62m[48;2;142;81;53m▄[38;2;160;83;57m[48;2;82;46;28m▄[38;2;158;83;56m[48;2;96;49;32m▄[38;2;185;106;78m[48;2;151;81;56m▄[38;2;166;97;69m[48;2;141;79;53m▄[38;2;142;76;58m[48;2;69;40;24m▄[38;2;140;77;60m[48;2;72;47;35m▄[38;2;32;21;12m[48;2;35;25;16m▄[38;2;7;4;0m[48;2;10;6;1m▄[38;2;104;87;66m[48;2;118;80;48m▄[38;2;153;129;104m[48;2;204;157;139m▄[38;2;102;91;65m[48;2;204;178;172m▄[38;2;108;97;70m[48;2;200;162;152m▄[38;2;167;157;141m[48;2;162;87;86m▄[38;2;233;229;170m[48;2;171;94;68m▄[38;2;255;255;129m[48;2;225;190;130m▄[38;2;240;237;123m[48;2;248;232;194m▄[38;2;247;245;143m[48;2;244;237;203m▄[38;2;239;225;130m[48;2;220;197;158m▄[38;2;235;221;148m[48;2;208;172;123m▄[38;2;224;194;132m[48;2;209;174;126m▄[38;2;175;122;74m[48;2;194;148;85m▄[38;2;88;51;27m[48;2;92;58;28m▄[38;2;70;46;30m[48;2;51;32;24m▄[38;2;36;26;16m[48;2;81;47;32m▄[38;2;26;20;11m[48;2;121;67;46m▄[38;2;58;36;22m[48;2;128;69;49m▄[38;2;112;64;42m[48;2;119;66;45m▄[38;2;122;72;48m[48;2;114;62;40m▄[38;2;111;68;46m[48;2;113;70;46m▄[38;2;68;38;21m[48;2;64;35;18m▄[38;2;73;41;20m[48;2;124;77;50m▄[38;2;163;102;71m[48;2;150;89;61m▄[38;2;165;97;63m[48;2;132;79;56m▄[38;2;154;91;59m[48;2;118;71;48m▄[38;2;145;93;62m[48;2;112;65;43m▄[38;2;129;83;55m[48;2;129;80;55m▄[38;2;106;68;44m[48;2;129;83;58m▄[38;2;88;66;46m[48;2;106;73;50m▄[38;2;84;67;46m[48;2;93;68;44m▄[38;2;66;51;25m[48;2;62;43;20m▄[38;2;39;27;11m[48;2;28;19;3m▄[38;2;28;18;9m[48;2;94;60;35m▄[38;2;124;78;45m[48;2;210;132;86m▄[38;2;175;109;67m[48;2;201;125;85m▄[38;2;150;94;56m[48;2;183;114;75m▄[38;2;153;97;56m[48;2;163;101;60m▄[38;2;177;112;68m[48;2;202;127;83m▄[0m
[38;2;159;97;61m[48;2;178;110;73m▄[38;2;173;109;69m[48;2;191;117;82m▄[38;2;159;101;64m[48;2;162;97;70m▄[38;2;158;96;66m[48;2;166;102;70m▄[38;2;147;79;59m[48;2;162;99;65m▄[38;2;140;67;56m[48;2;149;83;57m▄[38;2;142;68;57m[48;2;167;101;79m▄[38;2;192;127;101m[48;2;191;131;99m▄[38;2;103;66;41m[48;2;131;84;55m▄[38;2;74;36;14m[48;2;79;38;14m▄[38;2;163;97;57m[48;2;141;82;43m▄[38;2;175;107;62m[48;2;158;94;52m▄[38;2;173;106;61m[48;2;143;74;42m▄[38;2;144;77;46m[48;2;123;53;33m▄[38;2;123;52;34m[48;2;133;64;43m▄[38;2;128;55;40m[48;2;131;61;42m▄[38;2;108;53;37m[48;2;138;69;48m▄[38;2;60;36;22m[48;2;146;73;53m▄[38;2;9;11;4m[48;2;88;47;33m▄[38;2;17;13;9m[48;2;13;10;6m▄[38;2;17;15;8m[48;2;15;11;7m▄[38;2;36;26;14m[48;2;50;38;27m▄[38;2;106;72;51m[48;2;102;81;57m▄[38;2;119;85;64m[48;2;119;102;74m▄[38;2;165;132;103m[48;2;143;130;103m▄[38;2;159;123;92m[48;2;148;132;106m▄[38;2;164;120;81m[48;2;176;157;115m▄[38;2;242;194;94m[48;2;246;250;134m▄[38;2;255;220;92m[48;2;247;250;123m▄[38;2;255;227;100m[48;2;246;251;143m▄[38;2;255;207;85m[48;2;255;255;159m▄[38;2;242;187;68m[48;2;255;251;142m▄[38;2;249;163;70m[48;2;238;205;108m▄[38;2;226;136;74m[48;2;209;145;83m▄[38;2;79;43;16m[48;2;91;53;28m▄[38;2;93;58;28m[48;2;76;49;27m▄[38;2;62;45;24m[48;2;44;30;16m▄[38;2;22;13;7m[48;2;26;19;11m▄[38;2;18;12;6m[48;2;9;9;0m▄[38;2;20;16;7m[48;2;20;16;5m▄[38;2;62;40;23m[48;2;58;37;20m▄[38;2;100;63;38m[48;2;102;64;38m▄[38;2;66;38;24m[48;2;70;40;23m▄[38;2;72;39;21m[48;2;70;37;18m▄[38;2;104;55;32m[48;2;120;68;42m▄[38;2;74;36;18m[48;2;131;77;47m▄[38;2;63;31;11m[48;2;122;72;42m▄[38;2;86;44;21m[48;2;115;69;42m▄[38;2;103;59;35m[48;2;110;67;43m▄[38;2;101;63;36m[48;2;93;58;33m▄[38;2;68;46;19m[48;2;75;53;34m▄[38;2;33;22;6m[48;2;54;40;24m▄[38;2;38;28;11m[48;2;61;49;22m▄[38;2;57;44;23m[48;2;52;40;18m▄[38;2;50;39;21m[48;2;29;22;8m▄[38;2;28;21;5m[48;2;27;17;5m▄[38;2;27;21;3m[48;2;118;78;45m▄[38;2;97;67;34m[48;2;162;105;62m▄[38;2;148;101;56m[48;2;152;94;58m▄[38;2;177;115;68m[48;2;159;89;63m▄[0m
[38;2;127;88;56m[48;2;136;88;52m▄[38;2;144;99;63m[48;2;158;104;64m▄[38;2;136;93;59m[48;2;161;105;67m▄[38;2;140;93;59m[48;2;170;107;72m▄[38;2;145;94;64m[48;2;176;108;80m▄[38;2;129;81;56m[48;2;176;106;82m▄[38;2;85;52;33m[48;2;180;113;85m▄[38;2;53;28;12m[48;2;151;101;77m▄[38;2;78;44;21m[48;2;61;30;11m▄[38;2;87;48;22m[48;2;88;45;21m▄[38;2;117;64;31m[48;2;158;94;54m▄[38;2;168;104;62m[48;2;178;108;61m▄[38;2;154;92;49m[48;2;182;113;65m▄[38;2;153;93;49m[48;2;147;87;50m▄[38;2;50;37;20m[48;2;79;39;26m▄[38;2;0;0;0m[48;2;71;41;29m▄[38;2;4;8;2m[48;2;12;10;6m▄[38;2;10;12;7m[48;2;2;9;5m▄[38;2;12;15;8m[48;2;13;15;10m▄[38;2;15;14;3m[48;2;17;15;8m▄[38;2;29;20;8m[48;2;16;12;4m▄[38;2;87;65;49m[48;2;52;36;24m▄[38;2;113;93;69m[48;2;107;81;58m▄[38;2;122;94;66m[48;2;97;69;46m▄[38;2;146;109;77m[48;2;149;106;78m▄[38;2;167;131;95m[48;2;157;120;88m▄[38;2;147;108;80m[48;2;153;112;76m▄[38;2;91;44;25m[48;2;150;81;31m▄[38;2;112;66;42m[48;2;183;101;40m▄[38;2;113;64;45m[48;2;189;99;35m▄[38;2;86;89;109m[48;2;178;113;78m▄[38;2;84;109;137m[48;2;198;166;156m▄[38;2;118;147;171m[48;2;225;175;151m▄[38;2;147;173;209m[48;2;220;173;145m▄[38;2;212;223;230m[48;2;130;108;92m▄[38;2;218;226;230m[48;2;135;111;91m▄[38;2;196;207;228m[48;2;96;83;75m▄[38;2;61;76;117m[48;2;20;15;17m▄[38;2;44;28;15m[48;2;18;12;5m▄[38;2;82;55;36m[48;2;34;25;14m▄[38;2;84;49;26m[48;2;80;51;31m▄[38;2;89;52;30m[48;2;96;57;35m▄[38;2;62;35;18m[48;2;65;38;23m▄[38;2;72;40;21m[48;2;68;37;20m▄[38;2;103;58;34m[48;2;101;56;31m▄[38;2;65;34;15m[48;2;67;35;14m▄[38;2;63;32;14m[48;2;65;34;13m▄[38;2;83;48;27m[48;2;91;50;29m▄[38;2;76;43;20m[48;2;97;57;32m▄[38;2;85;57;34m[48;2;89;55;30m▄[38;2;57;39;21m[48;2;61;40;20m▄[38;2;36;24;8m[48;2;35;22;8m▄[38;2;33;22;7m[48;2;35;24;10m▄[38;2;43;28;7m[48;2;39;28;11m▄[38;2;83;60;29m[48;2;60;45;25m▄[38;2;115;88;50m[48;2;58;48;28m▄[38;2;107;75;44m[48;2;44;38;19m▄[38;2;99;69;43m[48;2;37;30;11m▄[38;2;92;64;41m[48;2;57;42;17m▄[38;2;97;65;44m[48;2;110;72;41m▄[0m
[38;2;240;240;223m[48;2;178;153;131m▄[38;2;167;130;97m[48;2;151;106;73m▄[38;2;142;94;60m[48;2;137;94;62m▄[38;2;145;98;65m[48;2;133;90;59m▄[38;2;139;94;62m[48;2;127;84;56m▄[38;2;91;62;37m[48;2;107;69;42m▄[38;2;23;22;8m[48;2;58;38;18m▄[38;2;10;13;2m[48;2;24;17;4m▄[38;2;36;27;12m[48;2;68;46;23m▄[38;2;62;37;16m[48;2;78;44;17m▄[38;2;75;42;17m[48;2;83;44;16m▄[38;2;79;39;14m[48;2;129;78;40m▄[38;2;137;83;42m[48;2;168;108;65m▄[38;2;155;94;47m[48;2;159;96;50m▄[38;2;149;93;47m[48;2;124;82;45m▄[38;2;29;24;11m[48;2;5;8;3m▄[38;2;4;7;3m[48;2;5;9;3m▄[38;2;9;9;4m[48;2;7;10;4m▄[38;2;12;10;3m[48;2;12;12;4m▄[38;2;84;29;30m[48;2;33;18;13m▄[38;2;195;71;80m[48;2;120;60;55m▄[38;2;223;85;96m[48;2;208;105;105m▄[38;2;224;89;98m[48;2;198;100;99m▄[38;2;184;103;95m[48;2;182;124;108m▄[38;2;88;50;37m[48;2;152;117;86m▄[38;2;109;56;38m[48;2;139;105;74m▄[38;2;204;100;56m[48;2;166;101;69m▄[38;2;255;153;96m[48;2;178;69;30m▄[38;2;255;201;162m[48;2;179;70;23m▄[38;2;220;187;128m[48;2;170;91;56m▄[38;2;127;97;48m[48;2;66;65;68m▄[38;2;163;123;84m[48;2;109;97;87m▄[38;2;151;112;73m[48;2;167;139;114m▄[38;2;157;115;74m[48;2;145;124;109m▄[38;2;172;105;68m[48;2;152;140;121m▄[38;2;182;103;59m[48;2;142;141;132m▄[38;2;122;97;75m[48;2;110;119;127m▄[38;2;46;40;41m[48;2;39;46;65m▄[38;2;82;45;26m[48;2;44;23;15m▄[38;2;79;38;20m[48;2;65;35;22m▄[38;2;82;44;24m[48;2;73;40;23m▄[38;2;76;47;25m[48;2;81;49;29m▄[38;2;44;27;13m[48;2;58;32;15m▄[38;2;53;33;17m[48;2;80;41;23m▄[38;2;76;50;29m[48;2;93;48;31m▄[38;2;53;32;16m[48;2;57;28;14m▄[38;2;51;29;13m[48;2;60;33;16m▄[38;2;51;32;15m[48;2;66;39;20m▄[38;2;75;49;27m[48;2;65;40;17m▄[38;2;75;47;24m[48;2;84;58;34m▄[38;2;40;23;4m[48;2;47;30;10m▄[38;2;47;29;6m[48;2;34;22;4m▄[38;2;78;54;26m[48;2;42;28;8m▄[38;2;115;89;63m[48;2;88;65;37m▄[38;2;118;83;55m[48;2;122;92;60m▄[38;2;126;72;37m[48;2;141;91;50m▄[38;2;135;81;41m[48;2;155;99;53m▄[38;2;134;83;44m[48;2;151;97;54m▄[38;2;124;76;42m[48;2;140;89;51m▄[38;2;122;76;44m[48;2;135;86;52m▄[0m
[38;2;253;253;243m[48;2;253;253;226m▄[38;2;95;101;82m[48;2;147;124;95m▄[38;2;0;6;0m[48;2;103;71;43m▄[38;2;8;12;9m[48;2;91;66;45m▄[38;2;7;12;8m[48;2;52;41;27m▄[38;2;13;17;12m[48;2;15;16;9m▄[38;2;14;17;11m[48;2;9;13;6m▄[38;2;13;17;10m[48;2;11;15;7m▄[38;2;12;17;12m[48;2;13;17;7m▄[38;2;11;16;10m[48;2;27;24;10m▄[38;2;13;16;6m[48;2;59;39;15m▄[38;2;51;37;15m[48;2;81;49;18m▄[38;2;86;50;22m[48;2;102;58;24m▄[38;2;117;65;32m[48;2;137;81;40m▄[38;2;140;81;44m[48;2;160;98;54m▄[38;2;154;92;53m[48;2;102;67;36m▄[38;2;53;30;13m[48;2;8;7;1m▄[38;2;96;59;32m[48;2;32;23;13m▄[38;2;75;49;26m[48;2;31;25;11m▄[38;2;83;15;15m[48;2;125;10;16m▄[38;2;194;10;36m[48;2;226;11;42m▄[38;2;218;17;41m[48;2;234;22;52m▄[38;2;195;21;36m[48;2;234;23;46m▄[38;2;182;81;42m[48;2;150;35;22m▄[38;2;202;118;55m[48;2;110;45;22m▄[38;2;234;146;77m[48;2;166;71;36m▄[38;2;207;142;94m[48;2;234;154;114m▄[38;2;198;195;193m[48;2;248;250;227m▄[38;2;248;251;223m[48;2;240;248;185m▄[38;2;226;210;130m[48;2;217;213;125m▄[38;2;154;93;33m[48;2;123;75;24m▄[38;2;149;109;52m[48;2;149;86;44m▄[38;2;143;107;58m[48;2;142;71;33m▄[38;2;155;114;63m[48;2;132;69;33m▄[38;2;170;93;47m[48;2;158;63;27m▄[38;2;180;82;38m[48;2;186;79;34m▄[38;2;135;97;62m[48;2;133;100;72m▄[38;2;79;69;51m[48;2;86;73;60m▄[38;2;84;53;30m[48;2;120;73;46m▄[38;2;58;28;7m[48;2;76;36;16m▄[38;2;70;38;16m[48;2;84;46;22m▄[38;2;74;44;20m[48;2;75;44;20m▄[38;2;57;29;7m[48;2;35;20;5m▄[38;2;124;64;31m[48;2;60;41;21m▄[38;2;123;61;30m[48;2;107;85;54m▄[38;2;54;28;11m[48;2;64;47;27m▄[38;2;38;24;11m[48;2;42;25;12m▄[38;2;55;35;18m[48;2;48;31;17m▄[38;2;81;57;30m[48;2;81;55;32m▄[38;2;43;30;11m[48;2;59;38;17m▄[38;2;38;25;6m[48;2;37;22;3m▄[38;2;72;52;26m[48;2;67;45;22m▄[38;2;114;89;55m[48;2;110;84;52m▄[38;2;106;86;51m[48;2;114;90;58m▄[38;2;93;60;32m[48;2;105;68;37m▄[38;2;116;66;37m[48;2;114;64;32m▄[38;2;124;73;41m[48;2;124;71;39m▄[38;2;119;73;41m[48;2;122;72;41m▄[38;2;110;68;41m[48;2;113;68;41m▄[38;2;108;68;41m[48;2;110;66;42m▄[0m
[38;2;254;254;242m[48;2;255;255;255m▄[38;2;243;245;230m[48;2;159;164;147m▄[38;2;20;27;17m[48;2;0;2;0m▄[38;2;18;21;15m[48;2;17;20;14m▄[38;2;20;22;16m[48;2;16;18;13m▄[38;2;20;22;17m[48;2;15;18;13m▄[38;2;21;23;18m[48;2;15;17;12m▄[38;2;19;23;16m[48;2;15;18;13m▄[38;2;15;25;14m[48;2;14;19;13m▄[38;2;17;24;16m[48;2;16;18;13m▄[38;2;18;23;16m[48;2;11;16;11m▄[38;2;17;22;12m[48;2;25;22;10m▄[38;2;54;39;19m[48;2;75;45;23m▄[38;2;103;66;35m[48;2;107;61;34m▄[38;2;122;74;44m[48;2;132;78;47m▄[38;2;153;90;54m[48;2;155;94;55m▄[38;2;148;85;52m[48;2;97;56;28m▄[38;2;65;32;14m[48;2;69;39;16m▄[38;2;72;38;14m[48;2;58;35;18m▄[38;2;108;72;45m[48;2;43;21;5m▄[38;2;142;107;83m[48;2;69;4;2m▄[38;2;165;126;108m[48;2;103;1;4m▄[38;2;216;163;129m[48;2;135;31;14m▄[38;2;255;214;157m[48;2;236;147;80m▄[38;2;255;212;144m[48;2;250;170;99m▄[38;2;255;219;148m[48;2;255;198;129m▄[38;2;255;236;166m[48;2;231;174;114m▄[38;2;255;228;163m[48;2;115;67;37m▄[38;2;204;150;95m[48;2;113;87;80m▄[38;2;156;92;48m[48;2;143;118;90m▄[38;2;126;77;29m[48;2;108;88;45m▄[38;2;127;100;41m[48;2;133;116;67m▄[38;2;146;127;69m[48;2;158;137;88m▄[38;2;142;126;77m[48;2;157;133;91m▄[38;2;109;97;51m[48;2;151;128;85m▄[38;2;74;68;23m[48;2;134;111;62m▄[38;2;102;83;46m[48;2;122;105;65m▄[38;2;123;81;49m[48;2;80;56;38m▄[38;2;76;43;18m[48;2;69;39;20m▄[38;2;65;36;11m[48;2;55;26;6m▄[38;2;93;62;31m[48;2;70;39;14m▄[38;2;88;58;25m[48;2;75;46;18m▄[38;2;91;63;31m[48;2;80;48;19m▄[38;2;107;85;52m[48;2;153;106;68m▄[38;2;85;69;39m[48;2;115;77;48m▄[38;2;60;41;16m[48;2;48;29;12m▄[38;2;60;38;13m[48;2;26;14;2m▄[38;2;79;52;24m[48;2;58;38;16m▄[38;2;68;44;17m[48;2;71;50;23m▄[38;2;46;28;8m[48;2;42;27;9m▄[38;2;64;45;20m[48;2;49;32;12m▄[38;2;94;69;35m[48;2;80;58;28m▄[38;2;115;89;51m[48;2;106;86;52m▄[38;2;106;82;46m[48;2;99;81;47m▄[38;2;112;76;43m[48;2;98;67;39m▄[38;2;128;75;43m[48;2;116;66;39m▄[38;2;129;76;44m[48;2;123;73;41m▄[38;2;118;73;40m[48;2;119;72;39m▄[38;2;104;68;36m[48;2;109;69;37m▄[38;2;97;65;36m[48;2;100;66;37m▄[0m
