[38;2;147;123;97m[48;2;202;185;167m▄[38;2;167;142;121m[48;2;225;210;193m▄[38;2;173;155;137m[48;2;238;232;217m▄[38;2;207;192;173m[48;2;255;255;245m▄[38;2;241;231;217m[48;2;255;255;255m▄[38;2;255;255;252m[48;2;255;255;255m▄[38;2;255;255;255m[48;2;255;255;255m▄[38;2;255;255;255m[48;2;255;255;255m▄[38;2;255;255;255m[48;2;255;255;255m▄[38;2;255;255;255m[48;2;255;255;255m▄[38;2;255;255;255m[48;2;255;255;255m▄[38;2;255;255;255m[48;2;255;255;255m▄[38;2;255;255;255m[48;2;255;255;255m▄[38;2;255;255;255m[48;2;255;255;255m▄[38;2;255;255;255m[48;2;255;255;255m▄[38;2;255;255;255m[48;2;255;255;255m▄[38;2;255;255;255m[48;2;255;255;255m▄[38;2;255;255;255m[48;2;255;255;255m▄[38;2;197;180;174m[48;2;213;210;206m▄[38;2;142;114;105m[48;2;174;166;161m▄[38;2;197;181;172m[48;2;206;200;195m▄[38;2;255;255;255m[48;2;255;255;255m▄[38;2;255;255;255m[48;2;255;255;255m▄[38;2;255;255;255m[48;2;255;255;255m▄[38;2;255;255;255m[48;2;255;255;255m▄[38;2;255;255;255m[48;2;255;255;255m▄[38;2;255;255;255m[48;2;255;255;255m▄[38;2;255;255;255m[48;2;255;255;255m▄[38;2;255;255;255m[48;2;255;255;255m▄[38;2;255;255;255m[48;2;255;255;255m▄[38;2;255;255;255m[48;2;255;255;255m▄[38;2;255;255;255m[48;2;255;255;255m▄[38;2;255;255;255m[48;2;255;255;255m▄[38;2;255;255;255m[48;2;255;255;255m▄[38;2;255;255;255m[48;2;255;255;255m▄[38;2;255;255;255m[48;2;255;255;255m▄[38;2;255;255;255m[48;2;255;255;255m▄[38;2;255;255;255m[48;2;255;255;255m▄[38;2;255;255;255m[48;2;255;255;255m▄[38;2;255;255;255m[48;2;255;255;255m▄[38;2;255;255;255m[48;2;255;255;255m▄[38;2;255;255;255m[48;2;255;255;255m▄[38;2;255;255;255m[48;2;255;255;255m▄[38;2;255;255;255m[48;2;255;255;255m▄[38;2;255;255;255m[48;2;255;255;255m▄[38;2;255;255;255m[48;2;255;255;255m▄[38;2;255;255;255m[48;2;255;255;255m▄[38;2;255;255;255m[48;2;255;255;255m▄[38;2;255;255;255m[48;2;255;255;255m▄[38;2;255;255;255m[48;2;255;255;255m▄[38;2;255;255;255m[48;2;255;255;255m▄[38;2;249;249;244m[48;2;255;255;255m▄[38;2;242;241;234m[48;2;255;255;255m▄[38;2;255;255;255m[48;2;255;255;255m▄[38;2;255;255;255m[48;2;255;255;255m▄[38;2;255;255;255m[48;2;255;255;255m▄[38;2;255;255;255m[48;2;255;255;255m▄[38;2;255;255;255m[48;2;255;255;255m▄[38;2;255;255;255m[48;2;255;255;255m▄[38;2;255;255;255m[48;2;255;255;255m▄[0m
[38;2;127;103;73m[48;2;118;97;73m▄[38;2;122;99;71m[48;2;123;101;81m▄[38;2;94;80;63m[48;2;118;97;80m▄[38;2;74;72;59m[48;2;118;105;91m▄[38;2;81;84;77m[48;2;135;131;122m▄[38;2;117;118;113m[48;2;157;149;137m▄[38;2;136;127;117m[48;2;191;181;169m▄[38;2;177;168;154m[48;2;251;250;245m▄[38;2;255;254;243m[48;2;255;255;255m▄[38;2;255;255;253m[48;2;255;255;253m▄[38;2;254;255;252m[48;2;255;255;255m▄[38;2;255;255;252m[48;2;255;255;255m▄[38;2;255;255;253m[48;2;255;255;255m▄[38;2;255;255;254m[48;2;255;255;255m▄[38;2;255;255;255m[48;2;255;255;255m▄[38;2;255;255;255m[48;2;255;255;255m▄[38;2;255;255;255m[48;2;255;255;255m▄[38;2;255;255;255m[48;2;255;255;255m▄[38;2;184;169;162m[48;2;189;171;163m▄[38;2;128;95;84m[48;2;137;103;93m▄[38;2;178;149;141m[48;2;181;158;151m▄[38;2;255;255;255m[48;2;255;255;255m▄[38;2;255;255;255m[48;2;255;255;255m▄[38;2;255;255;255m[48;2;255;255;255m▄[38;2;255;255;255m[48;2;255;255;255m▄[38;2;255;255;255m[48;2;255;255;255m▄[38;2;255;255;255m[48;2;255;255;255m▄[38;2;255;255;255m[48;2;255;255;255m▄[38;2;255;255;255m[48;2;255;255;255m▄[38;2;255;255;255m[48;2;255;255;255m▄[38;2;164;174;176m[48;2;175;183;186m▄[38;2;88;108;114m[48;2;109;126;132m▄[38;2;90;111;118m[48;2;107;127;131m▄[38;2;89;108;114m[48;2;99;120;123m▄[38;2;91;108;111m[48;2;97;117;119m▄[38;2;90;106;109m[48;2;95;116;117m▄[38;2;101;116;119m[48;2;124;137;139m▄[38;2;239;240;238m[48;2;247;247;245m▄[38;2;255;255;255m[48;2;255;255;255m▄[38;2;255;255;255m[48;2;255;255;255m▄[38;2;255;255;255m[48;2;255;255;255m▄[38;2;255;255;255m[48;2;255;255;255m▄[38;2;255;255;255m[48;2;255;255;255m▄[38;2;255;255;255m[48;2;255;255;255m▄[38;2;255;255;255m[48;2;255;255;255m▄[38;2;255;255;255m[48;2;255;255;255m▄[38;2;255;255;255m[48;2;255;255;255m▄[38;2;255;255;255m[48;2;255;255;255m▄[38;2;255;255;255m[48;2;255;255;255m▄[38;2;255;255;255m[48;2;255;255;255m▄[38;2;208;187;179m[48;2;212;209;203m▄[38;2;188;140;123m[48;2;146;134;119m▄[38;2;177;142;138m[48;2;155;135;118m▄[38;2;157;129;137m[48;2;186;174;165m▄[38;2;183;163;168m[48;2;255;255;255m▄[38;2;191;173;179m[48;2;255;255;255m▄[38;2;213;200;200m[48;2;255;255;255m▄[38;2;241;237;234m[48;2;255;255;255m▄[38;2;243;241;234m[48;2;255;255;255m▄[38;2;230;224;215m[48;2;255;255;255m▄[0m
[38;2;99;78;50m[48;2;108;86;54m▄[38;2;110;89;60m[48;2;96;80;55m▄[38;2;75;64;45m[48;2;87;74;57m▄[38;2;79;62;47m[48;2;69;65;54m▄[38;2;181;129;105m[48;2;68;66;60m▄[38;2;218;157;130m[48;2;106;97;89m▄[38;2;228;166;140m[48;2;140;125;112m▄[38;2;184;135;110m[48;2;118;107;94m▄[38;2;70;61;50m[48;2;195;183;164m▄[38;2;191;182;160m[48;2;255;255;243m▄[38;2;255;255;253m[48;2;254;255;252m▄[38;2;254;255;252m[48;2;254;255;250m▄[38;2;254;255;249m[48;2;254;255;251m▄[38;2;254;255;253m[48;2;255;255;253m▄[38;2;255;255;255m[48;2;255;255;255m▄[38;2;255;255;255m[48;2;255;255;255m▄[38;2;255;255;255m[48;2;255;255;255m▄[38;2;255;255;255m[48;2;255;255;255m▄[38;2;195;182;176m[48;2;190;176;168m▄[38;2;147;98;89m[48;2;145;102;91m▄[38;2;169;131;120m[48;2;179;142;133m▄[38;2;251;250;245m[48;2;254;254;251m▄[38;2;255;255;254m[48;2;255;255;255m▄[38;2;254;254;253m[48;2;255;255;255m▄[38;2;254;254;254m[48;2;255;255;255m▄[38;2;251;251;252m[48;2;255;255;255m▄[38;2;175;225;213m[48;2;253;254;253m▄[38;2;191;231;221m[48;2;254;254;255m▄[38;2;254;254;254m[48;2;255;255;255m▄[38;2;249;248;247m[48;2;255;255;255m▄[38;2;99;114;120m[48;2;178;185;185m▄[38;2;91;101;102m[48;2;90;108;112m▄[38;2;151;149;142m[48;2;88;103;109m▄[38;2;150;149;142m[48;2;88;101;107m▄[38;2;149;148;141m[48;2;88;101;106m▄[38;2;153;150;142m[48;2;86;98;104m▄[38;2;177;176;169m[48;2;97;108;112m▄[38;2;245;245;242m[48;2;238;239;237m▄[38;2;252;253;250m[48;2;255;255;255m▄[38;2;252;253;250m[48;2;255;255;255m▄[38;2;252;253;249m[48;2;255;255;255m▄[38;2;253;252;249m[48;2;255;255;255m▄[38;2;254;254;251m[48;2;255;255;255m▄[38;2;255;255;254m[48;2;255;255;255m▄[38;2;255;255;255m[48;2;255;255;255m▄[38;2;255;255;255m[48;2;255;255;255m▄[38;2;255;255;255m[48;2;255;255;255m▄[38;2;255;255;255m[48;2;255;255;255m▄[38;2;241;245;245m[48;2;255;255;255m▄[38;2;231;234;234m[48;2;255;255;255m▄[38;2;181;168;174m[48;2;249;236;230m▄[38;2;90;81;96m[48;2;187;140;138m▄[38;2;75;68;81m[48;2;136;110;122m▄[38;2;72;64;74m[48;2;115;95;110m▄[38;2;118;108;103m[48;2;110;91;102m▄[38;2;164;147;130m[48;2;136;119;122m▄[38;2;140;129;122m[48;2;146;135;132m▄[38;2;77;84;86m[48;2;154;149;143m▄[38;2;79;87;89m[48;2;147;145;138m▄[38;2;89;96;98m[48;2;140;136;126m▄[0m
[38;2;125;88;52m[48;2;118;93;58m▄[38;2;146;98;64m[48;2;103;81;49m▄[38;2;171;112;85m[48;2;100;72;50m▄[38;2;183;119;93m[48;2;199;136;106m▄[38;2;200;134;105m[48;2;248;169;135m▄[38;2;225;155;124m[48;2;242;170;137m▄[38;2;235;162;132m[48;2;243;173;142m▄[38;2;255;180;146m[48;2;255;185;151m▄[38;2;159;116;92m[48;2;120;87;71m▄[38;2;117;118;108m[48;2;96;94;85m▄[38;2;255;255;255m[48;2;255;255;252m▄[38;2;255;255;254m[48;2;255;255;254m▄[38;2;255;255;255m[48;2;255;255;252m▄[38;2;255;255;255m[48;2;255;255;254m▄[38;2;255;255;255m[48;2;255;255;255m▄[38;2;255;255;255m[48;2;255;255;255m▄[38;2;255;255;255m[48;2;255;255;255m▄[38;2;221;218;211m[48;2;255;255;255m▄[38;2;113;107;95m[48;2;201;190;184m▄[38;2;103;103;95m[48;2;141;108;97m▄[38;2;128;128;127m[48;2;163;132;120m▄[38;2;154;158;158m[48;2;255;252;247m▄[38;2;206;207;205m[48;2;255;255;255m▄[38;2;227;225;221m[48;2;255;255;255m▄[38;2;212;213;209m[48;2;255;255;255m▄[38;2;246;246;246m[48;2;250;250;247m▄[38;2;255;255;255m[48;2;234;242;237m▄[38;2;255;255;255m[48;2;239;245;240m▄[38;2;255;255;255m[48;2;251;252;251m▄[38;2;204;201;186m[48;2;250;249;245m▄[38;2;131;121;118m[48;2;102;98;92m▄[38;2;158;157;144m[48;2;167;148;137m▄[38;2;255;255;238m[48;2;255;255;255m▄[38;2;255;255;255m[48;2;255;252;246m▄[38;2;169;171;171m[48;2;255;255;254m▄[38;2;154;158;158m[48;2;255;255;255m▄[38;2;241;241;241m[48;2;255;255;255m▄[38;2;255;255;255m[48;2;252;252;249m▄[38;2;255;255;255m[48;2;251;252;249m▄[38;2;255;255;255m[48;2;252;252;250m▄[38;2;244;245;245m[48;2;255;255;252m▄[38;2;92;102;105m[48;2;255;255;255m▄[38;2;187;189;187m[48;2;255;255;253m▄[38;2;238;235;229m[48;2;255;255;255m▄[38;2;191;177;165m[48;2;255;255;255m▄[38;2;171;149;130m[48;2;248;246;244m▄[38;2;202;181;161m[48;2;255;255;255m▄[38;2;198;177;166m[48;2;226;227;227m▄[38;2;219;155;137m[48;2;160;139;134m▄[38;2;143;114;109m[48;2;123;105;102m▄[38;2;74;66;77m[48;2;106;90;100m▄[38;2;40;42;48m[48;2;55;54;64m▄[38;2;19;23;28m[48;2;35;34;43m▄[38;2;53;46;41m[48;2;63;58;59m▄[38;2;204;142;116m[48;2;136;103;85m▄[38;2;244;167;137m[48;2;226;159;129m▄[38;2;199;133;109m[48;2;213;152;127m▄[38;2;156;110;93m[48;2;105;84;75m▄[38;2;100;76;65m[48;2;49;56;54m▄[38;2;49;52;50m[48;2;49;64;63m▄[0m
[38;2;245;151;116m[48;2;213;129;95m▄[38;2;255;159;123m[48;2;229;142;105m▄[38;2;226;140;111m[48;2;151;96;72m▄[38;2;208;133;109m[48;2;120;81;61m▄[38;2;206;131;104m[48;2;147;92;68m▄[38;2;237;152;122m[48;2;203;127;100m▄[38;2;200;134;109m[48;2;212;140;112m▄[38;2;115;74;60m[48;2;156;109;84m▄[38;2;193;163;142m[48;2;160;117;95m▄[38;2;255;255;233m[48;2;222;212;187m▄[38;2;254;254;231m[48;2;255;255;244m▄[38;2;253;254;240m[48;2;254;255;249m▄[38;2;254;255;251m[48;2;255;255;254m▄[38;2;254;255;251m[48;2;255;255;254m▄[38;2;255;255;255m[48;2;255;255;254m▄[38;2;245;237;225m[48;2;255;255;255m▄[38;2;105;92;71m[48;2;229;224;212m▄[38;2;46;46;37m[48;2;95;86;70m▄[38;2;51;52;45m[48;2;53;53;47m▄[38;2;51;52;43m[48;2;56;61;57m▄[38;2;65;67;61m[48;2;82;90;89m▄[38;2;163;123;105m[48;2;102;105;104m▄[38;2;160;111;91m[48;2;106;100;95m▄[38;2;145;105;92m[48;2;119;113;103m▄[38;2;188;134;116m[48;2;102;94;85m▄[38;2;177;164;153m[48;2;187;189;187m▄[38;2;153;121;106m[48;2;214;215;213m▄[38;2;173;123;105m[48;2;166;160;153m▄[38;2;154;115;100m[48;2;174;171;155m▄[38;2;76;77;84m[48;2;95;94;93m▄[38;2;73;78;88m[48;2;67;74;87m▄[38;2;8;33;47m[48;2;13;45;62m▄[38;2;54;50;41m[48;2;149;148;106m▄[38;2;237;187;133m[48;2;254;233;189m▄[38;2;213;177;137m[48;2;171;136;106m▄[38;2;136;118;101m[48;2;156;114;92m▄[38;2;113;117;116m[48;2;162;154;152m▄[38;2;164;159;152m[48;2;255;255;255m▄[38;2;170;137;122m[48;2;214;216;212m▄[38;2;72;73;71m[48;2;173;178;178m▄[38;2;31;47;52m[48;2;161;171;174m▄[38;2;124;133;138m[48;2;76;87;91m▄[38;2;172;143;125m[48;2;183;169;156m▄[38;2;227;155;123m[48;2;198;156;132m▄[38;2;210;145;115m[48;2;201;150;127m▄[38;2;181;128;103m[48;2;147;118;96m▄[38;2;132;102;81m[48;2;151;122;96m▄[38;2;183;130;106m[48;2;180;138;111m▄[38;2;114;99;100m[48;2;172;148;144m▄[38;2;31;63;91m[48;2;63;88;107m▄[38;2;66;60;68m[48;2;67;63;74m▄[38;2;30;29;35m[48;2;31;32;36m▄[38;2;13;13;19m[48;2;9;11;17m▄[38;2;40;38;45m[48;2;42;34;34m▄[38;2;91;72;62m[48;2;165;117;99m▄[38;2;192;136;112m[48;2;201;135;112m▄[38;2;251;174;147m[48;2;205;133;111m▄[38;2;231;146;120m[48;2;166;110;90m▄[38;2;238;154;127m[48;2;214;142;117m▄[38;2;255;176;145m[48;2;196;133;112m▄[0m
[38;2;228;135;101m[48;2;236;140;103m▄[38;2;245;144;111m[48;2;253;151;114m▄[38;2;211;125;91m[48;2;236;145;113m▄[38;2;205;122;91m[48;2;230;146;117m▄[38;2;204;118;92m[48;2;217;128;100m▄[38;2;201;118;95m[48;2;238;152;123m▄[38;2;207;129;107m[48;2;237;161;136m▄[38;2;203;126;103m[48;2;230;150;128m▄[38;2;245;226;197m[48;2;246;214;187m▄[38;2;255;254;227m[48;2;255;255;239m▄[38;2;255;250;222m[48;2;254;253;231m▄[38;2;254;248;220m[48;2;253;252;232m▄[38;2;255;255;238m[48;2;253;254;246m▄[38;2;246;239;218m[48;2;255;255;252m▄[38;2;153;134;107m[48;2;255;255;247m▄[38;2;47;35;24m[48;2;139;121;100m▄[38;2;25;23;17m[48;2;42;39;26m▄[38;2;9;15;11m[48;2;32;35;28m▄[38;2;39;33;23m[48;2;29;32;23m▄[38;2;156;103;81m[48;2;103;78;62m▄[38;2;203;125;106m[48;2;161;114;97m▄[38;2;192;130;113m[48;2;159;108;93m▄[38;2;54;51;47m[48;2;83;57;49m▄[38;2;104;74;68m[48;2;106;75;70m▄[38;2;43;31;30m[48;2;123;84;79m▄[38;2;118;118;102m[48;2;108;94;82m▄[38;2;245;231;197m[48;2;220;156;129m▄[38;2;148;92;76m[48;2;227;151;128m▄[38;2;23;16;14m[48;2;116;83;73m▄[38;2;26;31;30m[48;2;51;54;56m▄[38;2;5;13;19m[48;2;29;45;54m▄[38;2;9;22;32m[48;2;14;32;41m▄[38;2;23;33;40m[48;2;30;40;45m▄[38;2;30;35;35m[48;2;132;114;97m▄[38;2;114;87;75m[48;2;169;138;119m▄[38;2;248;175;155m[48;2;120;99;87m▄[38;2;109;84;72m[48;2;50;56;53m▄[38;2;2;4;4m[48;2;72;52;46m▄[38;2;161;114;99m[48;2;206;136;117m▄[38;2;232;150;124m[48;2;224;163;140m▄[38;2;241;163;137m[48;2;125;99;87m▄[38;2;168;125;104m[48;2;37;43;43m▄[38;2;137;125;115m[48;2;164;151;136m▄[38;2;174;120;103m[48;2;171;119;98m▄[38;2;216;139;114m[48;2;167;111;88m▄[38;2;211;136;111m[48;2;204;138;111m▄[38;2;247;175;145m[48;2;242;173;142m▄[38;2;233;168;135m[48;2;225;151;124m▄[38;2;184;159;137m[48;2;134;98;79m▄[38;2;100;110;94m[48;2;48;54;71m▄[38;2;0;0;6m[48;2;47;40;49m▄[38;2;0;0;3m[48;2;16;15;21m▄[38;2;18;13;20m[48;2;19;17;23m▄[38;2;76;60;62m[48;2;41;39;47m▄[38;2;161;113;95m[48;2;146;107;99m▄[38;2;163;105;82m[48;2;234;155;130m▄[38;2;194;125;105m[48;2;197;125;101m▄[38;2;217;137;114m[48;2;213;137;113m▄[38;2;245;160;129m[48;2;196;122;100m▄[38;2;252;165;132m[48;2;247;162;130m▄[0m
[38;2;204;127;93m[48;2;211;123;91m▄[38;2;216;125;92m[48;2;235;140;107m▄[38;2;215;129;97m[48;2;214;132;96m▄[38;2;223;137;104m[48;2;209;124;93m▄[38;2;211;129;104m[48;2;198;91;82m▄[38;2;201;121;105m[48;2;194;87;87m▄[38;2;217;176;153m[48;2;188;105;92m▄[38;2;254;249;219m[48;2;212;175;149m▄[38;2;254;246;217m[48;2;255;252;221m▄[38;2;252;241;214m[48;2;253;245;216m▄[38;2;254;241;212m[48;2;253;245;216m▄[38;2;255;252;220m[48;2;254;249;220m▄[38;2;219;201;169m[48;2;248;241;213m▄[38;2;76;65;43m[48;2;119;101;76m▄[38;2;173;177;175m[48;2;62;52;37m▄[38;2;193;223;235m[48;2;68;72;72m▄[38;2;151;199;223m[48;2;54;63;65m▄[38;2;165;199;212m[48;2;42;39;33m▄[38;2;115;132;140m[48;2;69;49;32m▄[38;2;69;56;48m[48;2;173;116;92m▄[38;2;45;39;36m[48;2;146;91;77m▄[38;2;88;85;77m[48;2;60;42;36m▄[38;2;128;116;104m[48;2;40;36;28m▄[38;2;111;102;89m[48;2;6;6;7m▄[38;2;31;25;13m[48;2;0;0;0m▄[38;2;177;141;116m[48;2;148;140;118m▄[38;2;249;207;172m[48;2;255;252;215m▄[38;2;234;211;180m[48;2;191;164;136m▄[38;2;221;197;170m[48;2;143;123;96m▄[38;2;123;99;88m[48;2;47;43;43m▄[38;2;11;43;63m[48;2;15;45;62m▄[38;2;19;55;74m[48;2;34;71;89m▄[38;2;33;66;83m[48;2;45;59;69m▄[38;2;32;38;42m[48;2;59;60;59m▄[38;2;25;28;24m[48;2;18;17;18m▄[38;2;0;2;0m[48;2;127;91;80m▄[38;2;19;21;20m[48;2;46;39;31m▄[38;2;11;10;9m[48;2;5;7;7m▄[38;2;0;0;0m[48;2;31;21;19m▄[38;2;0;0;0m[48;2;118;76;65m▄[38;2;8;15;20m[48;2;114;72;61m▄[38;2;76;85;98m[48;2;141;129;135m▄[38;2;113;103;92m[48;2;105;102;103m▄[38;2;17;15;6m[48;2;72;51;41m▄[38;2;56;43;36m[48;2;181;113;100m▄[38;2;92;61;52m[48;2;216;138;112m▄[38;2;179;168;159m[48;2;208;146;122m▄[38;2;255;255;253m[48;2;235;214;203m▄[38;2;247;243;232m[48;2;255;255;255m▄[38;2;255;253;242m[48;2;233;238;236m▄[38;2;255;255;255m[48;2;88;93;97m▄[38;2;200;201;200m[48;2;8;9;10m▄[38;2;61;68;76m[48;2;4;5;11m▄[38;2;121;96;84m[48;2;107;82;75m▄[38;2;109;79;61m[48;2;177;123;91m▄[38;2;78;73;67m[48;2;89;64;48m▄[38;2;96;89;85m[48;2;160;117;101m▄[38;2;43;36;32m[48;2;202;137;115m▄[38;2;0;0;0m[48;2;172;114;95m▄[38;2;94;65;51m[48;2;185;116;89m▄[0m
[38;2;249;211;174m[48;2;253;223;187m▄[38;2;255;229;190m[48;2;239;189;154m▄[38;2;228;179;150m[48;2;195;118;91m▄[38;2;234;183;157m[48;2;213;130;103m▄[38;2;233;195;167m[48;2;217;134;110m▄[38;2;248;232;200m[48;2;227;172;145m▄[38;2;253;243;214m[48;2;253;249;218m▄[38;2;252;242;213m[48;2;254;247;218m▄[38;2;252;242;212m[48;2;252;243;214m▄[38;2;253;241;211m[48;2;253;241;214m▄[38;2;255;242;212m[48;2;255;241;212m▄[38;2;229;206;173m[48;2;255;243;210m▄[38;2;80;68;50m[48;2;119;102;82m▄[38;2;190;198;199m[48;2;153;157;156m▄[38;2;127;165;183m[48;2;204;219;225m▄[38;2;149;180;195m[48;2;199;221;229m▄[38;2;163;194;212m[48;2;141;191;216m▄[38;2;129;169;191m[48;2;136;191;218m▄[38;2;112;161;188m[48;2;134;195;234m▄[38;2;130;175;201m[48;2;82;114;133m▄[38;2;94;92;91m[48;2;119;91;75m▄[38;2;185;136;111m[48;2;182;158;146m▄[38;2;205;183;170m[48;2;150;144;134m▄[38;2;212;189;159m[48;2;254;224;181m▄[38;2;187;159;136m[48;2;204;165;123m▄[38;2;155;128;107m[48;2;181;126;95m▄[38;2;175;136;122m[48;2;252;181;149m▄[38;2;183;148;134m[48;2;201;146;122m▄[38;2;170;141;131m[48;2;161;102;84m▄[38;2;156;144;138m[48;2;142;103;87m▄[38;2;56;70;80m[48;2;2;18;30m▄[38;2;0;36;59m[48;2;11;54;73m▄[38;2;172;185;173m[48;2;108;137;140m▄[38;2;159;155;136m[48;2;115;117;109m▄[38;2;1;4;9m[48;2;7;9;11m▄[38;2;69;62;60m[48;2;66;58;55m▄[38;2;39;34;32m[48;2;144;114;98m▄[38;2;10;15;13m[48;2;12;12;9m▄[38;2;7;8;8m[48;2;1;0;1m▄[38;2;0;0;0m[48;2;0;0;0m▄[38;2;55;56;57m[48;2;9;14;18m▄[38;2;109;100;91m[48;2;42;49;51m▄[38;2;120;92;71m[48;2;70;61;43m▄[38;2;31;17;5m[48;2;28;23;11m▄[38;2;22;12;8m[48;2;0;0;0m▄[38;2;51;46;40m[48;2;0;0;0m▄[38;2;216;192;170m[48;2;172;160;145m▄[38;2;207;181;156m[48;2;226;201;176m▄[38;2;200;173;151m[48;2;217;193;169m▄[38;2;215;187;162m[48;2;222;198;173m▄[38;2;238;221;197m[48;2;227;203;177m▄[38;2;235;212;193m[48;2;255;247;231m▄[38;2;187;134;109m[48;2;248;240;232m▄[38;2;45;37;30m[48;2;71;62;57m▄[38;2;37;35;29m[48;2;16;18;17m▄[38;2;88;82;79m[48;2;74;72;72m▄[38;2;30;43;51m[48;2;31;44;59m▄[38;2;33;29;29m[48;2;28;34;35m▄[38;2;0;0;0m[48;2;2;2;0m▄[38;2;102;89;81m[48;2;22;20;18m▄[0m
[38;2;245;191;153m[48;2;247;196;161m▄[38;2;255;208;166m[48;2;255;217;177m▄[38;2;253;200;162m[48;2;224;174;145m▄[38;2;117;96;83m[48;2;193;149;130m▄[38;2;94;76;72m[48;2;255;214;184m▄[38;2;129;125;112m[48;2;251;233;200m▄[38;2;255;246;209m[48;2;255;240;208m▄[38;2;255;239;205m[48;2;252;238;208m▄[38;2;250;232;200m[48;2;252;238;209m▄[38;2;249;231;199m[48;2;252;237;206m▄[38;2;248;227;196m[48;2;255;240;207m▄[38;2;233;212;180m[48;2;191;170;138m▄[38;2;200;188;170m[48;2;92;86;74m▄[38;2;225;203;176m[48;2;210;201;185m▄[38;2;183;168;147m[48;2;120;149;158m▄[38;2;118;140;146m[48;2;108;156;182m▄[38;2;191;211;219m[48;2;204;214;220m▄[38;2;148;180;198m[48;2;192;199;201m▄[38;2;76;128;156m[48;2;158;182;192m▄[38;2;141;163;177m[48;2;195;211;217m▄[38;2;229;224;218m[48;2;158;168;175m▄[38;2;151;126;109m[48;2;138;101;84m▄[38;2;167;109;81m[48;2;225;168;145m▄[38;2;181;134;118m[48;2;197;175;165m▄[38;2;161;140;133m[48;2;196;184;173m▄[38;2;175;153;146m[48;2;186;177;169m▄[38;2;188;166;160m[48;2;165;158;153m▄[38;2;82;77;78m[48;2;129;129;129m▄[38;2;2;5;9m[48;2;126;136;139m▄[38;2;76;82;85m[48;2;160;169;173m▄[38;2;87;105;111m[48;2;107;119;127m▄[38;2;48;98;121m[48;2;24;64;89m▄[38;2;177;179;173m[48;2;184;188;173m▄[38;2;98;99;94m[48;2;151;145;134m▄[38;2;0;0;0m[48;2;7;9;10m▄[38;2;29;30;31m[48;2;13;21;24m▄[38;2;5;8;11m[48;2;3;10;13m▄[38;2;0;5;9m[48;2;9;13;15m▄[38;2;30;28;27m[48;2;0;2;6m▄[38;2;197;140;117m[48;2;82;64;59m▄[38;2;62;38;31m[48;2;216;162;140m▄[38;2;0;0;0m[48;2;191;143;120m▄[38;2;45;38;32m[48;2;158;114;88m▄[38;2;95;73;54m[48;2;87;58;33m▄[38;2;111;100;90m[48;2;50;29;18m▄[38;2;189;175;162m[48;2;120;105;95m▄[38;2;235;206;182m[48;2;238;216;192m▄[38;2;209;180;159m[48;2;215;190;164m▄[38;2;201;175;152m[48;2;196;171;147m▄[38;2;196;171;147m[48;2;193;167;144m▄[38;2;170;142;121m[48;2;198;178;156m▄[38;2;131;94;69m[48;2;144;95;71m▄[38;2;120;84;62m[48;2;111;71;53m▄[38;2;82;73;62m[48;2;64;61;50m▄[38;2;36;35;24m[48;2;41;39;27m▄[38;2;47;49;41m[48;2;86;80;71m▄[38;2;75;67;59m[48;2;144;127;115m▄[38;2;88;77;68m[48;2;28;21;15m▄[38;2;192;168;154m[48;2;86;77;68m▄[38;2;135;115;102m[48;2;188;159;146m▄[0m
[38;2;247;178;142m[48;2;245;183;146m▄[38;2;255;191;153m[48;2;255;197;158m▄[38;2;251;185;149m[48;2;251;193;156m▄[38;2;255;212;174m[48;2;227;182;152m▄[38;2;112;94;82m[48;2;24;24;25m▄[38;2;0;10;16m[48;2;0;14;20m▄[38;2;0;8;19m[48;2;118;125;117m▄[38;2;52;69;73m[48;2;243;230;200m▄[38;2;112;121;116m[48;2;255;244;210m▄[38;2;118;124;119m[48;2;255;242;208m▄[38;2;114;118;114m[48;2;255;240;207m▄[38;2;124;127;122m[48;2;255;242;207m▄[38;2;123;130;126m[48;2;247;228;199m▄[38;2;101;116;119m[48;2;218;204;182m▄[38;2;89;97;101m[48;2;229;202;172m▄[38;2;155;143;131m[48;2;168;159;142m▄[38;2;219;187;159m[48;2;88;106;113m▄[38;2;217;170;142m[48;2;128;109;108m▄[38;2;211;161;137m[48;2;124;84;73m▄[38;2;207;187;171m[48;2;150;134;127m▄[38;2;154;164;169m[48;2;209;202;194m▄[38;2;27;39;50m[48;2;68;70;71m▄[38;2;16;27;35m[48;2;58;49;46m▄[38;2;41;47;53m[48;2;106;108;108m▄[38;2;47;50;54m[48;2;138;151;160m▄[38;2;47;52;56m[48;2;154;163;170m▄[38;2;90;101;104m[48;2;178;184;187m▄[38;2;31;35;39m[48;2;59;63;67m▄[38;2;4;9;11m[48;2;3;5;7m▄[38;2;13;17;19m[48;2;61;70;73m▄[38;2;2;15;24m[48;2;61;79;87m▄[38;2;85;107;116m[48;2;55;95;116m▄[38;2;255;242;219m[48;2;221;215;202m▄[38;2;97;98;90m[48;2;73;76;71m▄[38;2;48;65;55m[48;2;66;72;65m▄[38;2;55;65;63m[48;2;93;97;90m▄[38;2;21;29;30m[48;2;12;15;18m▄[38;2;14;17;16m[48;2;7;13;16m▄[38;2;22;26;29m[48;2;46;35;32m▄[38;2;104;128;138m[48;2;129;94;84m▄[38;2;104;133;146m[48;2;28;38;45m▄[38;2;0;0;1m[48;2;0;2;5m▄[38;2;3;3;5m[48;2;0;0;2m▄[38;2;0;0;0m[48;2;1;2;4m▄[38;2;48;37;35m[48;2;7;11;13m▄[38;2;197;132;114m[48;2;180;139;122m▄[38;2;178;127;109m[48;2;249;182;151m▄[38;2;85;61;53m[48;2;212;160;132m▄[38;2;52;45;41m[48;2;197;165;142m▄[38;2;81;76;69m[48;2;192;155;133m▄[38;2;90;82;75m[48;2;202;148;119m▄[38;2;52;49;42m[48;2;179;121;90m▄[38;2;54;49;44m[48;2;151;103;76m▄[38;2;47;44;40m[48;2;71;60;53m▄[38;2;25;23;19m[48;2;36;34;26m▄[38;2;32;27;24m[48;2;40;38;31m▄[38;2;169;150;137m[48;2;86;76;67m▄[38;2;159;134;119m[48;2;156;134;121m▄[38;2;106;92;79m[48;2;111;92;77m▄[38;2;85;77;65m[48;2;103;90;78m▄[0m
[38;2;50;43;41m[48;2;240;176;142m▄[38;2;52;47;46m[48;2;250;187;151m▄[38;2;33;37;38m[48;2;228;170;139m▄[38;2;10;20;24m[48;2;171;138;116m▄[38;2;6;13;18m[48;2;31;38;40m▄[38;2;16;26;30m[48;2;19;34;42m▄[38;2;15;21;23m[48;2;8;10;11m▄[38;2;0;0;0m[48;2;0;1;7m▄[38;2;2;2;3m[48;2;0;4;13m▄[38;2;1;1;0m[48;2;0;6;15m▄[38;2;0;0;0m[48;2;0;4;12m▄[38;2;0;0;0m[48;2;0;3;14m▄[38;2;0;0;0m[48;2;0;5;14m▄[38;2;0;0;0m[48;2;0;4;10m▄[38;2;0;3;6m[48;2;0;0;0m▄[38;2;26;33;36m[48;2;88;66;59m▄[38;2;73;71;70m[48;2;213;159;132m▄[38;2;89;76;74m[48;2;217;167;143m▄[38;2;128;109;105m[48;2;238;195;168m▄[38;2;155;136;131m[48;2;243;206;182m▄[38;2;168;151;148m[48;2;228;201;188m▄[38;2;142;143;148m[48;2;54;47;47m▄[38;2;116;129;136m[48;2;0;0;0m▄[38;2;51;56;61m[48;2;0;0;0m▄[38;2;0;1;4m[48;2;0;0;0m▄[38;2;32;41;47m[48;2;26;33;36m▄[38;2;55;67;72m[48;2;98;113;119m▄[38;2;3;6;9m[48;2;26;33;37m▄[38;2;2;3;8m[48;2;0;1;4m▄[38;2;46;48;55m[48;2;29;30;35m▄[38;2;75;76;78m[48;2;8;13;21m▄[38;2;203;201;195m[48;2;75;84;88m▄[38;2;227;226;218m[48;2;241;231;217m▄[38;2;220;217;206m[48;2;101;105;99m▄[38;2;109;112;108m[48;2;13;28;23m▄[38;2;0;5;8m[48;2;13;21;24m▄[38;2;89;94;94m[48;2;16;28;32m▄[38;2;108;121;122m[48;2;15;22;24m▄[38;2;102;120;121m[48;2;108;135;139m▄[38;2;148;169;170m[48;2;148;190;198m▄[38;2;106;126;132m[48;2;86;109;119m▄[38;2;105;93;87m[48;2;0;0;0m▄[38;2;187;157;145m[48;2;0;0;0m▄[38;2;217;187;173m[48;2;7;9;12m▄[38;2;217;166;146m[48;2;168;117;99m▄[38;2;161;109;88m[48;2;200;126;96m▄[38;2;40;28;22m[48;2;80;50;38m▄[38;2;2;4;10m[48;2;0;0;0m▄[38;2;7;9;14m[48;2;0;2;8m▄[38;2;1;2;5m[48;2;9;15;18m▄[38;2;1;2;5m[48;2;42;52;54m▄[38;2;42;45;48m[48;2;57;59;57m▄[38;2;66;70;72m[48;2;47;44;43m▄[38;2;48;58;66m[48;2;18;24;27m▄[38;2;26;40;50m[48;2;0;4;6m▄[38;2;32;39;45m[48;2;35;32;31m▄[38;2;123;107;96m[48;2;166;145;132m▄[38;2;120;104;88m[48;2;129;110;98m▄[38;2;102;90;79m[48;2;111;96;86m▄[38;2;103;91;82m[48;2;90;80;70m▄[0m
[38;2;15;30;33m[48;2;11;24;30m▄[38;2;22;38;41m[48;2;14;27;33m▄[38;2;25;44;52m[48;2;17;33;39m▄[38;2;28;44;53m[48;2;23;36;43m▄[38;2;10;17;24m[48;2;7;9;14m▄[38;2;19;34;45m[48;2;14;24;27m▄[38;2;38;58;73m[48;2;36;52;62m▄[38;2;58;78;91m[48;2;16;20;25m▄[38;2;51;74;84m[48;2;0;5;7m▄[38;2;68;87;95m[48;2;4;11;14m▄[38;2;84;101;109m[48;2;12;21;27m▄[38;2;98;112;120m[48;2;28;39;47m▄[38;2;119;129;133m[48;2;47;60;69m▄[38;2;137;143;144m[48;2;59;81;89m▄[38;2;148;152;150m[48;2;77;99;107m▄[38;2;151;153;151m[48;2;97;116;121m▄[38;2;152;153;152m[48;2;121;130;136m▄[38;2;146;151;151m[48;2;130;139;145m▄[38;2;136;150;150m[48;2;134;144;150m▄[38;2;145;155;157m[48;2;130;142;147m▄[38;2;145;153;159m[48;2;146;155;162m▄[38;2;137;154;160m[48;2;134;149;157m▄[38;2;96;113;115m[48;2;139;156;162m▄[38;2;10;18;19m[48;2;36;42;45m▄[38;2;12;15;19m[48;2;2;4;8m▄[38;2;9;11;15m[48;2;19;28;32m▄[38;2;3;5;7m[48;2;19;29;30m▄[38;2;28;40;43m[48;2;0;5;7m▄[38;2;33;48;53m[48;2;6;15;20m▄[38;2;19;30;37m[48;2;16;22;29m▄[38;2;209;208;202m[48;2;137;138;133m▄[38;2;245;240;231m[48;2;242;236;225m▄[38;2;224;220;215m[48;2;220;218;210m▄[38;2;247;245;236m[48;2;252;247;235m▄[38;2;127;130;127m[48;2;156;156;148m▄[38;2;24;25;25m[48;2;0;1;4m▄[38;2;81;88;87m[48;2;161;158;151m▄[38;2;115;111;104m[48;2;189;184;175m▄[38;2;187;153;134m[48;2;227;197;182m▄[38;2;210;168;148m[48;2;255;227;212m▄[38;2;228;188;168m[48;2;252;232;219m▄[38;2;242;207;189m[48;2;255;234;219m▄[38;2;246;214;196m[48;2;248;214;196m▄[38;2;240;202;184m[48;2;236;195;178m▄[38;2;243;201;180m[48;2;238;192;174m▄[38;2;99;85;79m[48;2;119;97;91m▄[38;2;0;0;2m[48;2;0;0;0m▄[38;2;10;16;23m[48;2;8;11;17m▄[38;2;6;9;14m[48;2;7;9;13m▄[38;2;4;5;8m[48;2;4;5;7m▄[38;2;2;3;4m[48;2;1;1;3m▄[38;2;2;2;4m[48;2;0;0;2m▄[38;2;3;4;8m[48;2;16;20;23m▄[38;2;3;8;11m[48;2;35;38;40m▄[38;2;11;20;23m[48;2;16;18;22m▄[38;2;14;29;32m[48;2;7;10;13m▄[38;2;77;79;75m[48;2;86;79;73m▄[38;2;124;109;94m[48;2;127;113;96m▄[38;2;118;105;91m[48;2;110;98;83m▄[38;2;110;97;80m[48;2;103;90;78m▄[0m
[38;2;13;24;26m[48;2;11;26;30m▄[38;2;13;28;29m[48;2;15;32;35m▄[38;2;18;32;38m[48;2;22;36;42m▄[38;2;24;36;43m[48;2;25;38;43m▄[38;2;6;9;13m[48;2;8;14;22m▄[38;2;5;9;13m[48;2;10;19;29m▄[38;2;5;8;15m[48;2;13;25;34m▄[38;2;3;13;19m[48;2;24;40;49m▄[38;2;76;87;89m[48;2;76;95;104m▄[38;2;135;133;126m[48;2;121;132;131m▄[38;2;145;140;130m[48;2;137;142;137m▄[38;2;160;156;146m[48;2;148;147;142m▄[38;2;158;156;147m[48;2;162;160;150m▄[38;2;142;139;128m[48;2;175;171;159m▄[38;2;129;126;119m[48;2;176;172;163m▄[38;2;102;104;104m[48;2;170;170;163m▄[38;2;97;102;101m[48;2;165;167;162m▄[38;2;87;91;92m[48;2;160;164;162m▄[38;2;73;78;83m[48;2;154;164;165m▄[38;2;56;63;69m[48;2;159;170;172m▄[38;2;51;59;66m[48;2;144;157;163m▄[38;2;45;53;56m[48;2;142;156;159m▄[38;2;10;12;13m[48;2;47;55;54m▄[38;2;11;18;23m[48;2;6;12;16m▄[38;2;14;24;31m[48;2;18;28;35m▄[38;2;8;11;15m[48;2;8;11;14m▄[38;2;0;0;2m[48;2;3;5;7m▄[38;2;114;116;109m[48;2;78;77;75m▄[38;2;184;198;175m[48;2;106;111;104m▄[38;2;46;60;56m[48;2;53;64;65m▄[38;2;185;193;186m[48;2;234;233;229m▄[38;2;244;244;239m[48;2;244;241;237m▄[38;2;232;233;227m[48;2;230;228;224m▄[38;2;233;233;228m[48;2;242;241;236m▄[38;2;212;213;207m[48;2;109;114;114m▄[38;2;91;95;88m[48;2;29;33;34m▄[38;2;130;130;121m[48;2;84;91;86m▄[38;2;127;133;131m[48;2;68;71;67m▄[38;2;55;65;70m[48;2;54;52;50m▄[38;2;51;56;60m[48;2;149;125;114m▄[38;2;105;99;94m[48;2;169;135;118m▄[38;2;103;89;80m[48;2;199;159;138m▄[38;2;134;106;92m[48;2;208;168;148m▄[38;2;178;139;118m[48;2;207;166;147m▄[38;2;187;146;124m[48;2;213;172;152m▄[38;2;51;44;42m[48;2;60;52;50m▄[38;2;39;36;35m[48;2;0;0;4m▄[38;2;20;22;23m[48;2;9;18;23m▄[38;2;0;6;10m[48;2;8;12;17m▄[38;2;0;2;8m[48;2;5;7;11m▄[38;2;0;1;7m[48;2;4;4;7m▄[38;2;2;3;9m[48;2;3;4;8m▄[38;2;5;11;15m[48;2;5;9;13m▄[38;2;11;24;27m[48;2;11;21;24m▄[38;2;19;34;42m[48;2;18;31;37m▄[38;2;22;36;40m[48;2;27;44;47m▄[38;2;33;37;34m[48;2;63;73;72m▄[38;2;124;111;101m[48;2;123;109;99m▄[38;2;116;101;91m[48;2;120;103;92m▄[38;2;128;113;104m[48;2;124;108;95m▄[0m
[38;2;11;22;26m[48;2;9;24;24m▄[38;2;14;26;29m[48;2;13;27;29m▄[38;2;18;33;40m[48;2;19;34;43m▄[38;2;21;37;45m[48;2;25;41;51m▄[38;2;1;0;0m[48;2;5;6;9m▄[38;2;3;2;3m[48;2;4;6;7m▄[38;2;8;10;14m[48;2;4;5;10m▄[38;2;7;12;16m[48;2;7;8;13m▄[38;2;69;72;70m[48;2;11;12;12m▄[38;2;111;112;108m[48;2;23;27;27m▄[38;2;47;53;57m[48;2;95;97;96m▄[38;2;73;74;77m[48;2;128;129;127m▄[38;2;85;87;90m[48;2;118;118;121m▄[38;2;101;105;109m[48;2;97;97;102m▄[38;2;106;111;115m[48;2;62;63;69m▄[38;2;84;91;94m[48;2;9;13;19m▄[38;2;29;33;36m[48;2;0;0;1m▄[38;2;2;4;7m[48;2;0;0;3m▄[38;2;74;83;81m[48;2;3;11;14m▄[38;2;123;139;141m[48;2;47;60;67m▄[38;2;110;125;130m[48;2;62;73;80m▄[38;2;70;85;91m[48;2;65;80;85m▄[38;2;0;0;3m[48;2;0;2;3m▄[38;2;11;19;22m[48;2;12;20;23m▄[38;2;24;34;40m[48;2;15;23;29m▄[38;2;26;32;39m[48;2;22;27;33m▄[38;2;1;3;7m[48;2;1;1;6m▄[38;2;24;47;58m[48;2;61;79;85m▄[38;2;142;141;134m[48;2;117;134;123m▄[38;2;53;59;58m[48;2;35;52;49m▄[38;2;170;173;164m[48;2;146;160;147m▄[38;2;248;247;238m[48;2;234;237;228m▄[38;2;239;240;234m[48;2;241;242;237m▄[38;2;218;217;213m[48;2;220;222;217m▄[38;2;229;228;219m[48;2;224;225;219m▄[38;2;188;192;189m[48;2;154;150;143m▄[38;2;113;125;135m[48;2;143;144;144m▄[38;2;107;117;125m[48;2;108;116;123m▄[38;2;83;89;97m[48;2;76;83;90m▄[38;2;111;114;121m[48;2;99;99;105m▄[38;2;62;72;79m[48;2;52;63;66m▄[38;2;69;74;73m[48;2;34;44;44m▄[38;2;109;111;108m[48;2;49;51;51m▄[38;2;18;25;32m[48;2;52;45;42m▄[38;2;10;17;23m[48;2;105;87;75m▄[38;2;26;33;35m[48;2;51;47;45m▄[38;2;105;85;76m[48;2;152;119;104m▄[38;2;159;126;108m[48;2;135;102;87m▄[38;2;165;128;109m[48;2;83;65;56m▄[38;2;152;117;98m[48;2;50;40;37m▄[38;2;149;118;102m[48;2;20;18;21m▄[38;2;136;111;98m[48;2;10;11;15m▄[38;2;85;74;68m[48;2;14;17;19m▄[38;2;52;47;50m[48;2;25;27;28m▄[38;2;53;48;50m[48;2;30;28;30m▄[38;2;50;45;47m[48;2;46;36;24m▄[38;2;48;44;41m[48;2;75;52;28m▄[38;2;113;104;95m[48;2;134;118;104m▄[38;2;136;122;113m[48;2;118;109;101m▄[38;2;118;110;99m[48;2;118;107;98m▄[0m
[38;2;8;15;22m[48;2;11;18;24m▄[38;2;14;21;29m[48;2;13;23;28m▄[38;2;18;31;35m[48;2;18;33;37m▄[38;2;22;42;50m[48;2;24;42;51m▄[38;2;27;45;55m[48;2;20;29;36m▄[38;2;38;45;51m[48;2;27;36;44m▄[38;2;74;72;67m[48;2;9;14;20m▄[38;2;132;117;107m[48;2;17;23;29m▄[38;2;127;123;124m[48;2;78;83;82m▄[38;2;118;120;122m[48;2;123;122;118m▄[38;2;125;127;127m[48;2;83;87;88m▄[38;2;118;124;126m[48;2;58;68;71m▄[38;2;99;109;113m[48;2;45;55;61m▄[38;2;62;78;86m[48;2;35;45;49m▄[38;2;21;32;40m[48;2;51;61;64m▄[38;2;26;32;36m[48;2;72;81;85m▄[38;2;42;50;57m[48;2;45;51;57m▄[38;2;44;50;52m[48;2;6;9;11m▄[38;2;152;160;162m[48;2;140;144;142m▄[38;2;29;43;48m[48;2;75;89;92m▄[38;2;29;50;52m[48;2;57;81;82m▄[38;2;125;106;99m[48;2;26;41;45m▄[38;2;174;138;124m[48;2;0;0;1m▄[38;2;53;53;54m[48;2;7;17;23m▄[38;2;56;64;65m[48;2;28;36;42m▄[38;2;22;28;31m[48;2;20;27;33m▄[38;2;4;12;18m[48;2;2;6;10m▄[38;2;11;35;42m[48;2;12;29;37m▄[38;2;159;163;153m[48;2;165;160;149m▄[38;2;103;105;96m[48;2;63;67;66m▄[38;2;157;160;156m[48;2;163;164;159m▄[38;2;255;255;253m[48;2;251;247;234m▄[38;2;255;255;245m[48;2;240;237;226m▄[38;2;244;244;236m[48;2;236;234;227m▄[38;2;179;188;188m[48;2;209;208;203m▄[38;2;112;125;137m[48;2;143;153;161m▄[38;2;121;129;141m[48;2;111;123;133m▄[38;2;87;98;108m[48;2;91;103;112m▄[38;2;125;132;143m[48;2;89;95;105m▄[38;2;110;123;133m[48;2;99;105;114m▄[38;2;84;96;103m[48;2;77;87;92m▄[38;2;73;83;92m[48;2;62;69;74m▄[38;2;90;97;95m[48;2;71;75;77m▄[38;2;52;57;53m[48;2;34;39;41m▄[38;2;180;169;157m[48;2;72;73;76m▄[38;2;205;192;178m[48;2;51;53;50m▄[38;2;205;192;179m[48;2;84;75;70m▄[38;2;166;158;147m[48;2;151;138;128m▄[38;2;201;192;179m[48;2;167;155;146m▄[38;2;220;215;203m[48;2;153;137;127m▄[38;2;139;162;167m[48;2;152;130;117m▄[38;2;82;125;139m[48;2;126;120;115m▄[38;2;58;105;119m[48;2;44;62;70m▄[38;2;47;89;100m[48;2;0;26;39m▄[38;2;42;80;91m[48;2;4;35;48m▄[38;2;34;71;82m[48;2;8;36;52m▄[38;2;17;56;71m[48;2;0;32;48m▄[38;2;108;114;112m[48;2;83;89;88m▄[38;2;153;141;128m[48;2;145;130;117m▄[38;2;46;59;61m[48;2;91;92;86m▄[0m
