[38;2;254;254;254m[48;2;254;254;254m▄[38;2;255;255;255m[48;2;254;254;254m▄[38;2;255;255;255m[48;2;254;254;254m▄[38;2;255;255;255m[48;2;254;254;254m▄[38;2;255;255;255m[48;2;254;254;254m▄[38;2;255;255;255m[48;2;254;254;254m▄[38;2;255;255;255m[48;2;254;254;254m▄[38;2;255;255;255m[48;2;254;254;254m▄[38;2;255;255;248m[48;2;254;254;254m▄[38;2;235;225;209m[48;2;254;254;254m▄[38;2;232;222;209m[48;2;254;254;254m▄[38;2;242;237;226m[48;2;254;254;254m▄[38;2;255;255;254m[48;2;254;254;254m▄[38;2;255;255;255m[48;2;254;254;254m▄[38;2;255;255;255m[48;2;254;254;254m▄[38;2;255;255;255m[48;2;254;254;254m▄[38;2;255;255;255m[48;2;254;254;254m▄[38;2;255;255;255m[48;2;254;254;254m▄[38;2;255;255;255m[48;2;254;254;254m▄[38;2;255;255;255m[48;2;254;254;254m▄[38;2;255;255;255m[48;2;254;254;254m▄[38;2;255;255;255m[48;2;254;254;254m▄[38;2;255;255;255m[48;2;254;254;254m▄[38;2;255;255;255m[48;2;254;254;254m▄[38;2;255;255;255m[48;2;254;254;254m▄[38;2;255;255;255m[48;2;254;254;254m▄[38;2;255;255;255m[48;2;254;254;254m▄[38;2;255;255;255m[48;2;254;254;254m▄[38;2;255;255;255m[48;2;254;254;254m▄[38;2;255;255;255m[48;2;254;254;254m▄[38;2;255;255;255m[48;2;254;254;254m▄[38;2;255;255;255m[48;2;254;254;254m▄[38;2;255;255;255m[48;2;254;254;254m▄[38;2;255;255;255m[48;2;254;254;254m▄[38;2;255;255;255m[48;2;254;254;254m▄[38;2;255;255;255m[48;2;254;254;254m▄[38;2;255;255;255m[48;2;254;254;254m▄[38;2;255;255;255m[48;2;254;254;254m▄[38;2;255;255;255m[48;2;254;254;254m▄[38;2;255;255;255m[48;2;254;254;254m▄[38;2;255;255;255m[48;2;254;254;254m▄[38;2;255;255;255m[48;2;254;254;254m▄[38;2;255;255;255m[48;2;254;254;254m▄[38;2;255;255;255m[48;2;254;254;254m▄[38;2;255;255;255m[48;2;254;254;254m▄[38;2;255;255;255m[48;2;254;254;254m▄[38;2;255;255;255m[48;2;254;254;254m▄[38;2;255;255;255m[48;2;254;254;254m▄[38;2;255;255;255m[48;2;254;254;254m▄[38;2;255;255;255m[48;2;254;254;254m▄[38;2;255;255;255m[48;2;254;254;254m▄[38;2;255;255;255m[48;2;254;254;254m▄[38;2;255;255;255m[48;2;254;254;254m▄[38;2;255;255;255m[48;2;254;254;254m▄[38;2;255;255;255m[48;2;254;254;254m▄[38;2;255;255;255m[48;2;254;254;254m▄[38;2;255;255;255m[48;2;254;254;254m▄[38;2;255;255;255m[48;2;254;254;254m▄[38;2;255;255;255m[48;2;254;254;254m▄[38;2;255;255;255m[48;2;254;254;254m▄[0m
[38;2;255;255;255m[48;2;255;255;255m▄[38;2;255;255;255m[48;2;255;255;255m▄[38;2;255;255;255m[48;2;255;255;255m▄[38;2;255;255;255m[48;2;255;255;255m▄[38;2;255;255;255m[48;2;255;255;255m▄[38;2;255;255;255m[48;2;255;255;255m▄[38;2;254;255;255m[48;2;255;255;255m▄[38;2;188;157;120m[48;2;198;188;166m▄[38;2;175;113;73m[48;2;173;140;107m▄[38;2;181;121;83m[48;2;180;140;109m▄[38;2;182;121;82m[48;2;158;123;93m▄[38;2;162;127;95m[48;2;157;131;104m▄[38;2;145;136;107m[48;2;175;163;141m▄[38;2;168;140;117m[48;2;234;237;232m▄[38;2;255;253;251m[48;2;255;255;255m▄[38;2;255;255;255m[48;2;255;255;255m▄[38;2;255;255;255m[48;2;255;255;255m▄[38;2;255;255;255m[48;2;255;255;255m▄[38;2;255;255;255m[48;2;255;255;255m▄[38;2;255;255;255m[48;2;255;255;255m▄[38;2;255;255;255m[48;2;255;255;255m▄[38;2;255;255;255m[48;2;255;255;255m▄[38;2;255;255;255m[48;2;255;255;255m▄[38;2;255;255;255m[48;2;255;255;255m▄[38;2;255;255;255m[48;2;255;255;255m▄[38;2;255;255;255m[48;2;255;255;255m▄[38;2;255;255;255m[48;2;255;255;255m▄[38;2;255;255;255m[48;2;255;255;255m▄[38;2;255;255;255m[48;2;255;255;255m▄[38;2;255;255;255m[48;2;255;255;255m▄[38;2;255;255;255m[48;2;255;255;255m▄[38;2;255;255;255m[48;2;255;255;255m▄[38;2;255;255;255m[48;2;255;255;255m▄[38;2;255;255;255m[48;2;255;255;255m▄[38;2;255;255;255m[48;2;255;255;255m▄[38;2;255;255;255m[48;2;255;255;255m▄[38;2;255;255;255m[48;2;255;255;255m▄[38;2;255;255;255m[48;2;255;255;255m▄[38;2;255;255;255m[48;2;255;255;255m▄[38;2;255;255;255m[48;2;255;255;255m▄[38;2;255;255;255m[48;2;255;255;255m▄[38;2;255;255;255m[48;2;255;255;255m▄[38;2;255;255;255m[48;2;255;255;255m▄[38;2;255;255;255m[48;2;255;255;255m▄[38;2;255;255;255m[48;2;255;255;255m▄[38;2;255;255;255m[48;2;255;255;255m▄[38;2;255;255;255m[48;2;255;255;255m▄[38;2;255;255;255m[48;2;255;255;255m▄[38;2;255;255;255m[48;2;255;255;255m▄[38;2;255;255;255m[48;2;255;255;255m▄[38;2;255;255;255m[48;2;255;255;255m▄[38;2;255;255;255m[48;2;255;255;255m▄[38;2;255;255;255m[48;2;255;255;255m▄[38;2;255;255;255m[48;2;255;255;255m▄[38;2;255;255;255m[48;2;255;255;255m▄[38;2;255;255;255m[48;2;255;255;255m▄[38;2;255;255;255m[48;2;255;255;255m▄[38;2;255;255;255m[48;2;255;255;255m▄[38;2;255;255;255m[48;2;255;255;255m▄[38;2;255;255;255m[48;2;255;255;255m▄[0m
[38;2;255;255;255m[48;2;255;255;255m▄[38;2;255;255;255m[48;2;255;255;255m▄[38;2;255;255;255m[48;2;255;255;255m▄[38;2;255;255;255m[48;2;255;255;255m▄[38;2;255;255;255m[48;2;255;255;255m▄[38;2;255;255;255m[48;2;255;255;255m▄[38;2;251;251;251m[48;2;255;255;255m▄[38;2;207;206;202m[48;2;224;209;193m▄[38;2;112;76;54m[48;2;130;78;43m▄[38;2;133;73;49m[48;2;134;83;54m▄[38;2;121;69;44m[48;2;132;85;56m▄[38;2;105;57;28m[48;2;157;103;71m▄[38;2;125;71;39m[48;2;162;112;78m▄[38;2;156;134;122m[48;2;159;101;73m▄[38;2;105;105;97m[48;2;171;167;165m▄[38;2;89;90;80m[48;2;182;182;179m▄[38;2;99;101;92m[48;2;200;201;198m▄[38;2;116;116;113m[48;2;217;217;216m▄[38;2;129;129;124m[48;2;235;235;235m▄[38;2;144;143;139m[48;2;252;252;252m▄[38;2;171;170;165m[48;2;255;255;255m▄[38;2;245;245;245m[48;2;255;255;255m▄[38;2;255;255;255m[48;2;255;255;255m▄[38;2;255;255;255m[48;2;255;255;255m▄[38;2;255;255;255m[48;2;255;255;255m▄[38;2;255;255;255m[48;2;255;255;255m▄[38;2;255;255;255m[48;2;255;255;255m▄[38;2;255;255;255m[48;2;255;255;255m▄[38;2;255;255;255m[48;2;255;255;255m▄[38;2;255;255;255m[48;2;255;255;255m▄[38;2;255;255;255m[48;2;255;255;255m▄[38;2;255;255;255m[48;2;255;255;255m▄[38;2;255;255;255m[48;2;255;255;255m▄[38;2;255;255;255m[48;2;255;255;255m▄[38;2;255;255;255m[48;2;255;255;255m▄[38;2;255;255;255m[48;2;255;255;255m▄[38;2;255;255;255m[48;2;255;255;255m▄[38;2;255;255;255m[48;2;255;255;255m▄[38;2;255;255;255m[48;2;255;255;255m▄[38;2;255;255;255m[48;2;255;255;255m▄[38;2;255;255;255m[48;2;255;255;255m▄[38;2;255;255;255m[48;2;255;255;255m▄[38;2;255;255;255m[48;2;255;255;255m▄[38;2;255;255;255m[48;2;255;255;255m▄[38;2;255;255;255m[48;2;255;255;255m▄[38;2;255;255;255m[48;2;255;255;255m▄[38;2;255;255;255m[48;2;255;255;255m▄[38;2;255;255;255m[48;2;255;255;255m▄[38;2;255;255;255m[48;2;255;255;255m▄[38;2;255;255;255m[48;2;255;255;255m▄[38;2;255;255;255m[48;2;255;255;255m▄[38;2;255;255;255m[48;2;255;255;255m▄[38;2;255;255;255m[48;2;255;255;255m▄[38;2;255;255;255m[48;2;255;255;255m▄[38;2;255;255;255m[48;2;255;255;255m▄[38;2;255;255;255m[48;2;255;255;255m▄[38;2;255;255;255m[48;2;255;255;255m▄[38;2;255;255;255m[48;2;255;255;255m▄[38;2;255;255;255m[48;2;255;255;255m▄[38;2;255;255;255m[48;2;255;255;255m▄[0m
[38;2;255;255;255m[48;2;255;255;255m▄[38;2;255;255;255m[48;2;255;255;255m▄[38;2;255;255;255m[48;2;255;255;255m▄[38;2;255;255;255m[48;2;255;255;255m▄[38;2;255;255;255m[48;2;255;255;255m▄[38;2;202;201;196m[48;2;249;249;248m▄[38;2;82;79;66m[48;2;149;147;139m▄[38;2;89;85;75m[48;2;100;98;88m▄[38;2;90;89;77m[48;2;91;92;81m▄[38;2;94;95;83m[48;2;90;78;57m▄[38;2;82;85;74m[48;2;94;63;40m▄[38;2;115;118;111m[48;2;95;65;42m▄[38;2;96;89;81m[48;2;88;82;68m▄[38;2;99;93;76m[48;2;118;121;110m▄[38;2;73;74;58m[48;2;72;71;53m▄[38;2;101;98;87m[48;2;93;92;80m▄[38;2;79;79;78m[48;2;90;91;92m▄[38;2;73;74;60m[48;2;96;97;88m▄[38;2;75;75;60m[48;2;85;86;73m▄[38;2;64;65;51m[48;2;78;79;65m▄[38;2;64;65;51m[48;2;75;74;60m▄[38;2;64;64;50m[48;2;141;141;132m▄[38;2;137;137;128m[48;2;255;255;255m▄[38;2;251;251;251m[48;2;255;255;255m▄[38;2;255;255;255m[48;2;255;255;255m▄[38;2;255;255;255m[48;2;255;255;255m▄[38;2;255;255;255m[48;2;255;255;255m▄[38;2;255;255;255m[48;2;255;255;255m▄[38;2;255;255;255m[48;2;255;255;255m▄[38;2;255;255;255m[48;2;255;255;255m▄[38;2;255;255;255m[48;2;255;255;255m▄[38;2;255;255;255m[48;2;255;255;255m▄[38;2;254;254;253m[48;2;255;255;255m▄[38;2;202;191;188m[48;2;255;255;255m▄[38;2;196;184;180m[48;2;255;255;255m▄[38;2;206;199;195m[48;2;255;255;255m▄[38;2;199;193;190m[48;2;255;255;255m▄[38;2;240;239;237m[48;2;255;255;255m▄[38;2;221;188;181m[48;2;249;243;241m▄[38;2;230;210;206m[48;2;253;251;251m▄[38;2;255;255;255m[48;2;255;255;255m▄[38;2;255;255;255m[48;2;255;255;255m▄[38;2;255;255;255m[48;2;255;255;255m▄[38;2;255;255;255m[48;2;255;255;255m▄[38;2;255;255;255m[48;2;255;255;255m▄[38;2;255;255;255m[48;2;255;255;255m▄[38;2;255;255;255m[48;2;255;255;255m▄[38;2;255;255;255m[48;2;255;255;255m▄[38;2;255;255;255m[48;2;255;255;255m▄[38;2;255;255;255m[48;2;255;255;255m▄[38;2;255;255;255m[48;2;255;255;255m▄[38;2;255;255;255m[48;2;255;255;255m▄[38;2;255;255;255m[48;2;255;255;255m▄[38;2;255;255;255m[48;2;255;255;255m▄[38;2;255;255;255m[48;2;255;255;255m▄[38;2;255;255;255m[48;2;255;255;255m▄[38;2;255;255;255m[48;2;255;255;255m▄[38;2;255;255;255m[48;2;255;255;255m▄[38;2;255;255;255m[48;2;255;255;255m▄[38;2;255;255;255m[48;2;255;255;255m▄[0m
[38;2;255;255;255m[48;2;255;255;255m▄[38;2;255;255;255m[48;2;255;255;255m▄[38;2;235;235;234m[48;2;255;255;255m▄[38;2;220;218;217m[48;2;255;255;255m▄[38;2;235;234;233m[48;2;255;255;255m▄[38;2;114;114;102m[48;2;159;157;148m▄[38;2;71;69;54m[48;2;65;63;49m▄[38;2;81;79;66m[48;2;83;80;67m▄[38;2;98;96;86m[48;2;89;87;75m▄[38;2;102;102;90m[48;2;95;95;84m▄[38;2;93;94;82m[48;2;93;93;82m▄[38;2;84;77;67m[48;2;118;114;108m▄[38;2;107;96;88m[48;2;119;107;101m▄[38;2;94;94;82m[48;2;96;93;83m▄[38;2;80;81;69m[48;2;100;100;91m▄[38;2;67;68;54m[48;2;93;94;85m▄[38;2;69;70;57m[48;2;108;108;94m▄[38;2;69;71;60m[48;2;96;97;84m▄[38;2;64;67;55m[48;2;68;70;58m▄[38;2;15;17;6m[48;2;40;42;28m▄[38;2;28;30;14m[48;2;61;63;50m▄[38;2;65;66;52m[48;2;68;70;56m▄[38;2;75;75;63m[48;2;55;55;41m▄[38;2;69;68;56m[48;2;135;135;128m▄[38;2;185;186;182m[48;2;255;255;255m▄[38;2;255;255;255m[48;2;255;255;255m▄[38;2;255;255;255m[48;2;255;255;255m▄[38;2;255;255;255m[48;2;255;255;255m▄[38;2;255;255;255m[48;2;255;255;255m▄[38;2;255;255;255m[48;2;255;255;255m▄[38;2;255;255;255m[48;2;255;255;255m▄[38;2;255;255;255m[48;2;255;255;255m▄[38;2;255;255;255m[48;2;251;248;246m▄[38;2;183;159;144m[48;2;109;84;72m▄[38;2;182;140;124m[48;2;124;98;87m▄[38;2;234;193;180m[48;2;146;114;103m▄[38;2;229;185;176m[48;2;168;134;125m▄[38;2;213;167;160m[48;2;212;187;180m▄[38;2;242;221;214m[48;2;238;219;211m▄[38;2;255;255;255m[48;2;248;242;240m▄[38;2;255;255;255m[48;2;255;255;255m▄[38;2;255;255;255m[48;2;255;255;255m▄[38;2;255;255;255m[48;2;255;255;255m▄[38;2;255;255;255m[48;2;255;255;255m▄[38;2;255;255;255m[48;2;255;255;255m▄[38;2;255;255;255m[48;2;255;255;255m▄[38;2;255;255;255m[48;2;255;255;255m▄[38;2;255;255;255m[48;2;255;255;255m▄[38;2;255;255;255m[48;2;255;255;255m▄[38;2;255;255;255m[48;2;255;255;255m▄[38;2;255;255;255m[48;2;255;255;255m▄[38;2;255;255;255m[48;2;255;255;255m▄[38;2;255;255;255m[48;2;255;255;255m▄[38;2;255;255;255m[48;2;255;255;255m▄[38;2;255;255;255m[48;2;255;255;255m▄[38;2;255;255;255m[48;2;255;255;255m▄[38;2;255;255;255m[48;2;255;255;255m▄[38;2;255;255;255m[48;2;255;255;255m▄[38;2;255;255;255m[48;2;255;255;255m▄[38;2;255;255;255m[48;2;255;255;255m▄[0m
[38;2;255;255;255m[48;2;255;255;255m▄[38;2;255;255;255m[48;2;255;255;255m▄[38;2;255;253;252m[48;2;244;245;246m▄[38;2;210;204;201m[48;2;182;183;182m▄[38;2;136;125;116m[48;2;150;150;146m▄[38;2;93;90;82m[48;2;90;90;77m▄[38;2;52;55;46m[48;2;59;59;48m▄[38;2;7;11;0m[48;2;40;40;29m▄[38;2;34;37;27m[48;2;76;77;64m▄[38;2;34;36;20m[48;2;85;85;73m▄[38;2;26;29;12m[48;2;87;87;74m▄[38;2;27;30;13m[48;2;47;45;35m▄[38;2;30;34;17m[48;2;41;40;28m▄[38;2;38;40;25m[48;2;43;46;31m▄[38;2;42;44;29m[48;2;45;48;32m▄[38;2;42;44;29m[48;2;49;51;37m▄[38;2;43;46;32m[48;2;49;51;38m▄[38;2;45;49;35m[48;2;51;53;42m▄[38;2;35;37;24m[48;2;53;54;43m▄[38;2;80;81;71m[48;2;30;31;20m▄[38;2;242;243;243m[48;2;48;52;41m▄[38;2;156;159;155m[48;2;19;23;8m▄[38;2;31;35;24m[48;2;40;42;29m▄[38;2;66;66;54m[48;2;66;66;53m▄[38;2;70;70;57m[48;2;87;88;77m▄[38;2;216;217;214m[48;2;233;234;233m▄[38;2;255;255;255m[48;2;255;255;255m▄[38;2;255;255;255m[48;2;255;255;255m▄[38;2;255;255;255m[48;2;255;255;255m▄[38;2;255;255;255m[48;2;255;255;255m▄[38;2;254;252;251m[48;2;255;255;255m▄[38;2;247;228;224m[48;2;251;245;245m▄[38;2;192;139;128m[48;2;175;145;131m▄[38;2;187;123;118m[48;2;167;133;111m▄[38;2;183;125;109m[48;2;153;109;86m▄[38;2;208;167;153m[48;2;214;163;145m▄[38;2;226;180;189m[48;2;212;152;145m▄[38;2;235;186;199m[48;2;236;215;209m▄[38;2;249;233;237m[48;2;255;255;253m▄[38;2;255;255;255m[48;2;255;255;255m▄[38;2;255;255;255m[48;2;255;255;255m▄[38;2;255;255;255m[48;2;255;255;255m▄[38;2;255;255;255m[48;2;255;255;255m▄[38;2;255;255;255m[48;2;255;255;255m▄[38;2;255;255;255m[48;2;255;255;255m▄[38;2;255;255;255m[48;2;255;255;255m▄[38;2;255;255;255m[48;2;255;255;255m▄[38;2;255;255;255m[48;2;255;255;255m▄[38;2;255;255;255m[48;2;255;255;255m▄[38;2;255;255;255m[48;2;255;255;255m▄[38;2;255;255;255m[48;2;255;255;255m▄[38;2;255;255;255m[48;2;255;255;255m▄[38;2;255;255;255m[48;2;255;255;255m▄[38;2;255;255;255m[48;2;255;255;255m▄[38;2;255;255;255m[48;2;255;255;255m▄[38;2;255;255;255m[48;2;255;255;255m▄[38;2;255;255;255m[48;2;255;255;255m▄[38;2;255;255;255m[48;2;255;255;255m▄[38;2;255;255;255m[48;2;255;255;255m▄[38;2;255;255;255m[48;2;255;255;255m▄[0m
[38;2;255;255;255m[48;2;255;255;255m▄[38;2;255;255;255m[48;2;255;255;255m▄[38;2;197;179;167m[48;2;182;141;119m▄[38;2;122;80;59m[48;2;156;92;66m▄[38;2;105;94;84m[48;2;143;97;81m▄[38;2;133;139;133m[48;2;61;60;51m▄[38;2;211;211;208m[48;2;40;42;31m▄[38;2;255;255;255m[48;2;135;137;131m▄[38;2;101;101;88m[48;2;125;126;120m▄[38;2;48;46;31m[48;2;19;20;7m▄[38;2;58;59;46m[48;2;52;53;39m▄[38;2;58;59;47m[48;2;63;64;49m▄[38;2;58;59;47m[48;2;64;65;51m▄[38;2;57;60;48m[48;2;56;58;47m▄[38;2;60;62;51m[48;2;55;58;46m▄[38;2;66;67;56m[48;2;57;58;46m▄[38;2;78;78;68m[48;2;52;54;45m▄[38;2;86;88;81m[48;2;62;64;55m▄[38;2;72;74;66m[48;2;57;58;47m▄[38;2;60;61;53m[48;2;75;77;68m▄[38;2;231;232;232m[48;2;255;255;255m▄[38;2;167;168;162m[48;2;213;214;213m▄[38;2;66;64;50m[48;2;55;57;44m▄[38;2;73;73;60m[48;2;69;69;56m▄[38;2;112;113;105m[48;2;89;90;79m▄[38;2;255;255;255m[48;2;250;250;250m▄[38;2;254;254;254m[48;2;255;255;255m▄[38;2;215;217;219m[48;2;255;255;255m▄[38;2;164;166;171m[48;2;255;255;255m▄[38;2;176;174;169m[48;2;255;255;255m▄[38;2;228;223;215m[48;2;255;251;249m▄[38;2;246;227;221m[48;2;252;237;231m▄[38;2;248;232;225m[48;2;248;230;222m▄[38;2;190;127;137m[48;2;220;154;164m▄[38;2;196;95;126m[48;2;223;140;159m▄[38;2;203;105;134m[48;2;228;151;168m▄[38;2;196;109;134m[48;2;225;144;166m▄[38;2;204;122;144m[48;2;212;120;144m▄[38;2;215;136;154m[48;2;208;121;143m▄[38;2;234;212;218m[48;2;245;225;230m▄[38;2;184;185;187m[48;2;255;255;255m▄[38;2;165;162;162m[48;2;255;255;255m▄[38;2;161;157;156m[48;2;248;248;248m▄[38;2;163;162;162m[48;2;219;219;220m▄[38;2;199;199;198m[48;2;235;235;233m▄[38;2;187;188;189m[48;2;255;255;255m▄[38;2;163;169;181m[48;2;255;255;255m▄[38;2;160;170;190m[48;2;255;255;255m▄[38;2;161;170;186m[48;2;255;255;255m▄[38;2;235;237;238m[48;2;255;255;255m▄[38;2;255;255;255m[48;2;255;255;255m▄[38;2;255;255;255m[48;2;255;255;255m▄[38;2;255;255;255m[48;2;255;255;255m▄[38;2;255;255;255m[48;2;255;255;255m▄[38;2;255;255;255m[48;2;255;255;255m▄[38;2;255;255;255m[48;2;255;255;255m▄[38;2;255;255;255m[48;2;255;255;255m▄[38;2;255;255;255m[48;2;255;255;255m▄[38;2;255;255;255m[48;2;255;255;255m▄[38;2;255;255;255m[48;2;255;255;255m▄[0m
[38;2;255;255;255m[48;2;255;255;255m▄[38;2;255;255;255m[48;2;255;255;255m▄[38;2;255;255;255m[48;2;255;255;255m▄[38;2;255;255;255m[48;2;219;222;222m▄[38;2;255;255;255m[48;2;232;234;234m▄[38;2;255;255;255m[48;2;255;255;255m▄[38;2;243;243;241m[48;2;255;255;255m▄[38;2;105;104;88m[48;2;180;179;171m▄[38;2;65;66;54m[48;2;58;58;39m▄[38;2;69;71;59m[48;2;53;55;42m▄[38;2;75;77;68m[48;2;66;69;60m▄[38;2;75;77;68m[48;2;64;66;57m▄[38;2;70;72;62m[48;2;63;64;55m▄[38;2;72;73;62m[48;2;63;65;55m▄[38;2;75;77;67m[48;2;72;73;63m▄[38;2;75;77;67m[48;2;81;81;69m▄[38;2;78;80;71m[48;2;86;85;75m▄[38;2;85;88;80m[48;2;76;78;70m▄[38;2;93;96;88m[48;2;74;76;69m▄[38;2;72;76;69m[48;2;71;72;65m▄[38;2;125;112;105m[48;2;207;207;204m▄[38;2;180;111;93m[48;2;136;133;124m▄[38;2;175;113;94m[48;2;98;99;90m▄[38;2;161;145;136m[48;2;66;68;59m▄[38;2;255;255;255m[48;2;182;183;178m▄[38;2;255;255;255m[48;2;255;255;255m▄[38;2;255;255;255m[48;2;249;250;250m▄[38;2;255;255;255m[48;2;175;176;181m▄[38;2;247;247;246m[48;2;180;181;184m▄[38;2;255;255;255m[48;2;159;160;163m▄[38;2;255;255;255m[48;2;225;224;224m▄[38;2;254;252;252m[48;2;241;228;224m▄[38;2;235;216;213m[48;2;254;235;227m▄[38;2;191;169;165m[48;2;217;180;178m▄[38;2;164;152;147m[48;2;204;146;157m▄[38;2;128;121;121m[48;2;215;156;166m▄[38;2;110;104;105m[48;2;203;169;173m▄[38;2;117;115;121m[48;2;184;160;162m▄[38;2;141;144;152m[48;2;199;174;172m▄[38;2;143;141;147m[48;2;236;196;189m▄[38;2;147;132;129m[48;2;200;171;163m▄[38;2;128;124;128m[48;2;175;169;174m▄[38;2;52;73;110m[48;2;162;168;183m▄[38;2;68;87;126m[48;2;144;153;176m▄[38;2;74;96;137m[48;2;108;122;153m▄[38;2;76;99;145m[48;2;60;79;113m▄[38;2;73;97;141m[48;2;30;49;82m▄[38;2;62;86;127m[48;2;34;56;91m▄[38;2;53;76;114m[48;2;31;54;93m▄[38;2;37;59;95m[48;2;54;72;100m▄[38;2;8;23;49m[48;2;177;185;196m▄[38;2;113;128;154m[48;2;255;255;255m▄[38;2;228;234;242m[48;2;255;255;255m▄[38;2;255;255;255m[48;2;255;255;255m▄[38;2;255;255;255m[48;2;255;255;255m▄[38;2;255;255;255m[48;2;255;255;255m▄[38;2;255;255;255m[48;2;255;255;255m▄[38;2;255;255;255m[48;2;255;255;255m▄[38;2;255;255;255m[48;2;255;255;255m▄[38;2;255;255;255m[48;2;255;255;255m▄[0m
[38;2;255;255;255m[48;2;255;255;255m▄[38;2;255;255;255m[48;2;255;255;255m▄[38;2;255;255;255m[48;2;255;255;255m▄[38;2;255;255;255m[48;2;255;255;255m▄[38;2;255;255;255m[48;2;255;255;255m▄[38;2;255;255;255m[48;2;255;255;255m▄[38;2;213;214;207m[48;2;200;200;191m▄[38;2;75;73;55m[48;2;77;75;55m▄[38;2;71;72;58m[48;2;80;81;68m▄[38;2;72;74;62m[48;2;76;79;66m▄[38;2;76;76;65m[48;2;81;80;71m▄[38;2;77;77;69m[48;2;93;92;84m▄[38;2;63;63;54m[48;2;90;91;81m▄[38;2;81;81;71m[48;2;80;81;70m▄[38;2;107;108;99m[48;2;89;91;81m▄[38;2;108;109;103m[48;2;100;101;94m▄[38;2;81;84;77m[48;2;99;102;94m▄[38;2;29;30;25m[48;2;85;88;81m▄[38;2;24;25;21m[48;2;45;47;40m▄[38;2;99;99;94m[48;2;21;23;19m▄[38;2;160;156;151m[48;2;31;28;23m▄[38;2;213;207;204m[48;2;136;76;59m▄[38;2;247;253;254m[48;2;139;98;79m▄[38;2;193;195;195m[48;2;120;111;103m▄[38;2;82;82;78m[48;2;190;189;187m▄[38;2;132;131;127m[48;2;255;255;255m▄[38;2;254;253;253m[48;2;255;255;255m▄[38;2;255;255;255m[48;2;255;255;255m▄[38;2;255;255;255m[48;2;255;255;255m▄[38;2;255;255;255m[48;2;255;255;255m▄[38;2;255;255;255m[48;2;255;255;255m▄[38;2;255;255;255m[48;2;255;255;255m▄[38;2;254;254;251m[48;2;229;228;223m▄[38;2;196;193;183m[48;2;110;108;107m▄[38;2;4;4;8m[48;2;6;6;9m▄[38;2;7;8;16m[48;2;94;94;105m▄[38;2;9;10;17m[48;2;103;103;114m▄[38;2;10;10;15m[48;2;67;69;80m▄[38;2;13;12;17m[48;2;41;45;56m▄[38;2;17;16;21m[48;2;17;21;32m▄[38;2;16;16;22m[48;2;5;8;18m▄[38;2;3;3;11m[48;2;76;73;68m▄[38;2;121;112;105m[48;2;81;84;84m▄[38;2;46;44;41m[48;2;6;10;23m▄[38;2;76;76;73m[48;2;43;59;93m▄[38;2;117;129;147m[48;2;59;81;128m▄[38;2;67;87;122m[48;2;66;88;134m▄[38;2;69;90;129m[48;2;66;90;135m▄[38;2;62;86;132m[48;2;69;93;138m▄[38;2;68;92;139m[48;2;68;93;137m▄[38;2;75;101;147m[48;2;42;61;93m▄[38;2;61;80;118m[48;2;2;13;35m▄[38;2;44;61;94m[48;2;60;82;117m▄[38;2;46;70;109m[48;2;163;177;196m▄[38;2;115;137;170m[48;2;254;255;255m▄[38;2;220;225;234m[48;2;255;255;255m▄[38;2;251;246;246m[48;2;255;255;255m▄[38;2;172;167;170m[48;2;255;255;255m▄[38;2;171;167;170m[48;2;255;255;255m▄[38;2;255;255;255m[48;2;255;255;255m▄[0m
[38;2;255;255;255m[48;2;255;255;255m▄[38;2;255;255;255m[48;2;255;255;255m▄[38;2;255;255;255m[48;2;255;255;255m▄[38;2;255;255;255m[48;2;255;255;255m▄[38;2;255;255;255m[48;2;255;255;255m▄[38;2;255;255;255m[48;2;255;255;255m▄[38;2;255;255;255m[48;2;255;255;255m▄[38;2;197;198;189m[48;2;122;123;109m▄[38;2;61;61;48m[48;2;47;48;34m▄[38;2;62;63;51m[48;2;47;49;37m▄[38;2;40;41;26m[48;2;43;46;33m▄[38;2;20;20;3m[48;2;20;23;13m▄[38;2;95;94;81m[48;2;39;39;31m▄[38;2;124;124;116m[48;2;117;114;103m▄[38;2;116;118;113m[48;2;118;118;112m▄[38;2;67;69;64m[48;2;104;106;100m▄[38;2;11;12;7m[48;2;37;39;33m▄[38;2;83;83;80m[48;2;23;24;20m▄[38;2;192;190;187m[48;2;138;138;135m▄[38;2;219;218;217m[48;2;192;190;185m▄[38;2;255;255;255m[48;2;229;229;229m▄[38;2;214;214;214m[48;2;239;241;242m▄[38;2;241;241;240m[48;2;255;255;255m▄[38;2;222;222;222m[48;2;226;226;227m▄[38;2;250;250;249m[48;2;244;244;244m▄[38;2;165;166;163m[48;2;78;79;74m▄[38;2;108;107;103m[48;2;188;187;185m▄[38;2;253;252;252m[48;2;255;255;255m▄[38;2;255;255;255m[48;2;255;255;255m▄[38;2;255;255;255m[48;2;255;255;255m▄[38;2;255;255;255m[48;2;255;255;255m▄[38;2;255;255;255m[48;2;255;255;255m▄[38;2;255;255;255m[48;2;255;255;255m▄[38;2;255;255;255m[48;2;251;250;247m▄[38;2;255;254;249m[48;2;120;116;107m▄[38;2;102;99;91m[48;2;0;0;2m▄[38;2;59;60;64m[48;2;3;3;9m▄[38;2;108;110;114m[48;2;0;0;6m▄[38;2;154;155;160m[48;2;2;3;10m▄[38;2;191;192;194m[48;2;12;14;21m▄[38;2;215;214;211m[48;2;37;39;46m▄[38;2;242;241;235m[48;2;58;60;67m▄[38;2;172;170;169m[48;2;44;41;45m▄[38;2;168;166;166m[48;2;77;70;64m▄[38;2;249;250;252m[48;2;148;141;126m▄[38;2;191;187;178m[48;2;191;183;164m▄[38;2;145;134;115m[48;2;146;141;128m▄[38;2;219;216;207m[48;2;115;117;115m▄[38;2;180;178;169m[48;2;108;117;129m▄[38;2;156;153;142m[48;2;68;87;121m▄[38;2;71;81;93m[48;2;56;80;125m▄[38;2;53;73;110m[48;2;73;97;144m▄[38;2;88;101;134m[48;2;72;97;144m▄[38;2;152;137;146m[48;2;69;92;132m▄[38;2;56;39;40m[48;2;65;71;91m▄[38;2;47;35;39m[48;2;85;74;83m▄[38;2;166;165;166m[48;2;56;46;48m▄[38;2;255;255;255m[48;2;79;74;77m▄[38;2;255;255;255m[48;2;212;210;211m▄[38;2;255;255;255m[48;2;255;255;255m▄[0m
[38;2;255;255;255m[48;2;255;255;255m▄[38;2;255;255;255m[48;2;255;255;255m▄[38;2;255;255;255m[48;2;255;255;255m▄[38;2;255;255;255m[48;2;255;255;255m▄[38;2;255;255;255m[48;2;255;255;255m▄[38;2;255;255;255m[48;2;255;255;255m▄[38;2;255;255;255m[48;2;255;255;255m▄[38;2;255;255;255m[48;2;255;255;255m▄[38;2;157;159;146m[48;2;124;125;114m▄[38;2;62;61;45m[48;2;65;65;53m▄[38;2;58;56;42m[48;2;62;59;45m▄[38;2;49;50;34m[48;2;64;62;45m▄[38;2;48;50;32m[48;2;98;98;85m▄[38;2;54;56;44m[48;2;102;101;94m▄[38;2;49;53;44m[48;2;97;100;94m▄[38;2;28;28;24m[48;2;37;39;34m▄[38;2;36;36;32m[48;2;22;23;18m▄[38;2;157;156;152m[48;2;120;120;117m▄[38;2;197;194;191m[48;2;187;184;181m▄[38;2;243;243;243m[48;2;232;232;232m▄[38;2;234;234;235m[48;2;247;247;247m▄[38;2;189;188;186m[48;2;240;240;240m▄[38;2;155;153;150m[48;2;209;210;209m▄[38;2;165;163;160m[48;2;223;223;222m▄[38;2;127;125;122m[48;2;216;216;215m▄[38;2;226;226;226m[48;2;224;224;224m▄[38;2;92;92;89m[48;2;90;89;86m▄[38;2;221;220;219m[48;2;232;231;229m▄[38;2;255;255;255m[48;2;255;255;255m▄[38;2;255;255;255m[48;2;255;255;255m▄[38;2;255;255;255m[48;2;255;255;255m▄[38;2;255;255;255m[48;2;255;255;255m▄[38;2;255;255;255m[48;2;255;255;255m▄[38;2;255;255;255m[48;2;255;255;255m▄[38;2;255;255;255m[48;2;255;255;255m▄[38;2;255;255;255m[48;2;242;240;234m▄[38;2;155;155;153m[48;2;243;240;231m▄[38;2;181;180;172m[48;2;255;255;255m▄[38;2;214;211;198m[48;2;255;255;254m▄[38;2;225;222;214m[48;2;241;239;231m▄[38;2;232;230;222m[48;2;235;233;226m▄[38;2;234;232;226m[48;2;238;237;231m▄[38;2;240;238;234m[48;2;247;245;239m▄[38;2;246;246;243m[48;2;244;243;235m▄[38;2;252;252;251m[48;2;233;231;222m▄[38;2;255;255;255m[48;2;185;183;178m▄[38;2;151;152;157m[48;2;52;50;51m▄[38;2;26;25;32m[48;2;184;183;182m▄[38;2;36;35;38m[48;2;231;229;228m▄[38;2;88;86;87m[48;2;216;216;216m▄[38;2;153;152;153m[48;2;186;183;176m▄[38;2;179;178;178m[48;2;39;42;49m▄[38;2;113;112;114m[48;2;36;29;34m▄[38;2;172;173;173m[48;2;62;50;54m▄[38;2;255;255;255m[48;2;75;71;77m▄[38;2;255;255;255m[48;2;203;203;204m▄[38;2;255;255;255m[48;2;255;255;255m▄[38;2;255;255;255m[48;2;255;255;255m▄[38;2;255;255;255m[48;2;255;255;255m▄[38;2;255;255;255m[48;2;255;255;255m▄[0m
[38;2;255;255;255m[48;2;255;255;255m▄[38;2;255;255;255m[48;2;255;255;255m▄[38;2;255;255;255m[48;2;255;255;255m▄[38;2;255;255;255m[48;2;255;255;255m▄[38;2;255;255;255m[48;2;255;255;255m▄[38;2;255;255;255m[48;2;255;255;255m▄[38;2;255;255;255m[48;2;255;255;255m▄[38;2;255;255;255m[48;2;255;255;255m▄[38;2;254;254;254m[48;2;176;176;167m▄[38;2;123;126;112m[48;2;30;32;13m▄[38;2;0;1;0m[48;2;31;32;16m▄[38;2;14;17;5m[48;2;15;17;2m▄[38;2;23;26;11m[48;2;23;26;8m▄[38;2;34;36;16m[48;2;34;37;18m▄[38;2;35;38;25m[48;2;36;39;28m▄[38;2;30;31;26m[48;2;28;29;24m▄[38;2;42;41;37m[48;2;47;46;42m▄[38;2;147;147;142m[48;2;123;124;118m▄[38;2;216;213;210m[48;2;214;211;208m▄[38;2;240;240;240m[48;2;239;239;239m▄[38;2;254;254;254m[48;2;234;234;234m▄[38;2;221;221;221m[48;2;215;214;213m▄[38;2;220;221;220m[48;2;195;194;191m▄[38;2;229;230;229m[48;2;184;183;181m▄[38;2;248;248;248m[48;2;161;160;157m▄[38;2;182;182;181m[48;2;227;227;226m▄[38;2;123;124;121m[48;2;111;111;108m▄[38;2;255;255;255m[48;2;240;240;239m▄[38;2;255;255;255m[48;2;255;255;255m▄[38;2;255;255;255m[48;2;255;255;255m▄[38;2;255;255;255m[48;2;255;255;255m▄[38;2;255;255;255m[48;2;255;255;255m▄[38;2;255;255;255m[48;2;255;255;255m▄[38;2;255;255;255m[48;2;255;255;255m▄[38;2;255;255;255m[48;2;255;255;255m▄[38;2;255;255;255m[48;2;255;255;255m▄[38;2;255;255;255m[48;2;198;200;202m▄[38;2;255;255;255m[48;2;213;214;215m▄[38;2;255;255;255m[48;2;255;255;255m▄[38;2;255;255;255m[48;2;255;255;255m▄[38;2;255;255;255m[48;2;255;255;255m▄[38;2;255;255;255m[48;2;255;255;255m▄[38;2;255;255;255m[48;2;255;255;255m▄[38;2;255;255;255m[48;2;255;255;255m▄[38;2;255;255;255m[48;2;255;255;255m▄[38;2;255;255;255m[48;2;255;255;255m▄[38;2;255;255;255m[48;2;255;255;255m▄[38;2;255;255;255m[48;2;122;120;122m▄[38;2;224;225;226m[48;2;67;67;71m▄[38;2;208;208;210m[48;2;92;92;97m▄[38;2;233;233;234m[48;2;99;99;102m▄[38;2;255;255;255m[48;2;229;229;227m▄[38;2;255;255;255m[48;2;255;255;255m▄[38;2;255;255;255m[48;2;255;255;255m▄[38;2;255;255;255m[48;2;255;255;255m▄[38;2;255;255;255m[48;2;255;255;255m▄[38;2;255;255;255m[48;2;255;255;255m▄[38;2;255;255;255m[48;2;255;255;255m▄[38;2;255;255;255m[48;2;255;255;255m▄[38;2;255;255;255m[48;2;255;255;255m▄[0m
[38;2;255;255;255m[48;2;255;255;255m▄[38;2;255;255;255m[48;2;255;255;255m▄[38;2;255;255;255m[48;2;255;255;255m▄[38;2;255;255;255m[48;2;255;255;255m▄[38;2;255;255;255m[48;2;255;255;255m▄[38;2;255;255;255m[48;2;255;255;255m▄[38;2;255;255;255m[48;2;255;255;255m▄[38;2;255;255;255m[48;2;255;255;255m▄[38;2;255;255;255m[48;2;255;255;255m▄[38;2;255;255;255m[48;2;245;245;243m▄[38;2;213;214;210m[48;2;65;67;50m▄[38;2;31;33;18m[48;2;3;5;0m▄[38;2;30;32;18m[48;2;23;27;12m▄[38;2;49;50;35m[48;2;39;41;23m▄[38;2;42;45;32m[48;2;32;36;22m▄[38;2;25;29;16m[48;2;29;32;22m▄[38;2;39;40;33m[48;2;39;37;34m▄[38;2;64;62;59m[48;2;127;126;123m▄[38;2;171;170;167m[48;2;230;228;225m▄[38;2;224;223;219m[48;2;242;241;240m▄[38;2;227;227;227m[48;2;228;228;228m▄[38;2;255;255;255m[48;2;223;223;222m▄[38;2;246;246;246m[48;2;246;246;246m▄[38;2;228;228;228m[48;2;236;236;236m▄[38;2;136;136;133m[48;2;252;252;251m▄[38;2;129;129;125m[48;2;89;90;86m▄[38;2;255;255;255m[48;2;195;195;194m▄[38;2;255;255;255m[48;2;255;255;255m▄[38;2;255;255;255m[48;2;255;255;255m▄[38;2;255;255;255m[48;2;255;255;255m▄[38;2;255;255;255m[48;2;255;255;255m▄[38;2;255;255;255m[48;2;255;255;255m▄[38;2;255;255;255m[48;2;255;255;255m▄[38;2;255;255;255m[48;2;255;255;255m▄[38;2;255;255;255m[48;2;255;255;255m▄[38;2;255;255;255m[48;2;255;255;255m▄[38;2;255;255;255m[48;2;255;255;255m▄[38;2;255;255;255m[48;2;255;255;255m▄[38;2;255;255;255m[48;2;255;255;255m▄[38;2;255;255;255m[48;2;255;255;255m▄[38;2;255;255;255m[48;2;255;255;255m▄[38;2;255;255;255m[48;2;255;255;255m▄[38;2;255;255;255m[48;2;255;255;255m▄[38;2;255;255;255m[48;2;255;255;255m▄[38;2;255;255;255m[48;2;255;255;255m▄[38;2;255;255;255m[48;2;255;255;255m▄[38;2;255;255;255m[48;2;255;255;255m▄[38;2;255;255;255m[48;2;255;255;255m▄[38;2;255;255;255m[48;2;255;255;255m▄[38;2;255;255;255m[48;2;255;255;255m▄[38;2;255;255;255m[48;2;255;255;255m▄[38;2;255;255;255m[48;2;255;255;255m▄[38;2;255;255;255m[48;2;255;255;255m▄[38;2;255;255;255m[48;2;255;255;255m▄[38;2;255;255;255m[48;2;255;255;255m▄[38;2;255;255;255m[48;2;255;255;255m▄[38;2;255;255;255m[48;2;255;255;255m▄[38;2;255;255;255m[48;2;255;255;255m▄[38;2;255;255;255m[48;2;255;255;255m▄[38;2;255;255;255m[48;2;255;255;255m▄[0m
[38;2;255;255;255m[48;2;255;255;255m▄[38;2;255;255;255m[48;2;255;255;255m▄[38;2;255;255;255m[48;2;255;255;255m▄[38;2;255;255;255m[48;2;255;255;255m▄[38;2;255;255;255m[48;2;255;255;255m▄[38;2;255;255;255m[48;2;255;255;255m▄[38;2;255;255;255m[48;2;255;255;255m▄[38;2;255;255;255m[48;2;255;255;255m▄[38;2;255;255;255m[48;2;255;255;255m▄[38;2;255;255;255m[48;2;255;255;255m▄[38;2;254;254;254m[48;2;255;255;255m▄[38;2;214;213;213m[48;2;213;215;210m▄[38;2;45;44;39m[48;2;52;54;41m▄[38;2;29;28;19m[48;2;59;58;46m▄[38;2;63;62;54m[48;2;54;56;45m▄[38;2;44;44;40m[48;2;42;47;37m▄[38;2;72;74;67m[48;2;35;38;28m▄[38;2;210;211;208m[48;2;57;58;53m▄[38;2;173;173;171m[48;2;36;36;31m▄[38;2;99;98;96m[48;2;103;102;98m▄[38;2;106;105;102m[48;2;183;182;179m▄[38;2;153;152;149m[48;2;233;232;231m▄[38;2;183;182;179m[48;2;169;169;166m▄[38;2;229;228;227m[48;2;99;99;95m▄[38;2;255;255;255m[48;2;148;147;145m▄[38;2;255;255;255m[48;2;252;251;251m▄[38;2;255;255;255m[48;2;255;255;255m▄[38;2;255;255;255m[48;2;255;255;255m▄[38;2;255;255;255m[48;2;255;255;255m▄[38;2;255;255;255m[48;2;255;255;255m▄[38;2;255;255;255m[48;2;255;255;255m▄[38;2;255;255;255m[48;2;255;255;255m▄[38;2;255;255;255m[48;2;255;255;255m▄[38;2;255;255;255m[48;2;255;255;255m▄[38;2;255;255;255m[48;2;255;255;255m▄[38;2;255;255;255m[48;2;255;255;255m▄[38;2;255;255;255m[48;2;255;255;255m▄[38;2;255;255;255m[48;2;255;255;255m▄[38;2;255;255;255m[48;2;255;255;255m▄[38;2;255;255;255m[48;2;255;255;255m▄[38;2;255;255;255m[48;2;255;255;255m▄[38;2;255;255;255m[48;2;255;255;255m▄[38;2;255;255;255m[48;2;255;255;255m▄[38;2;255;255;255m[48;2;255;255;255m▄[38;2;255;255;255m[48;2;255;255;255m▄[38;2;255;255;255m[48;2;255;255;255m▄[38;2;255;255;255m[48;2;255;255;255m▄[38;2;255;255;255m[48;2;255;255;255m▄[38;2;255;255;255m[48;2;255;255;255m▄[38;2;255;255;255m[48;2;255;255;255m▄[38;2;255;255;255m[48;2;255;255;255m▄[38;2;255;255;255m[48;2;255;255;255m▄[38;2;255;255;255m[48;2;255;255;255m▄[38;2;255;255;255m[48;2;255;255;255m▄[38;2;255;255;255m[48;2;255;255;255m▄[38;2;255;255;255m[48;2;255;255;255m▄[38;2;255;255;255m[48;2;255;255;255m▄[38;2;255;255;255m[48;2;255;255;255m▄[38;2;255;255;255m[48;2;255;255;255m▄[38;2;255;255;255m[48;2;255;255;255m▄[0m
[38;2;254;254;254m[48;2;255;255;255m▄[38;2;255;255;255m[48;2;255;255;255m▄[38;2;255;255;255m[48;2;255;255;255m▄[38;2;255;255;255m[48;2;255;255;255m▄[38;2;255;255;255m[48;2;255;255;255m▄[38;2;255;255;255m[48;2;255;255;255m▄[38;2;255;255;255m[48;2;255;255;255m▄[38;2;255;255;255m[48;2;255;255;255m▄[38;2;255;255;255m[48;2;255;255;255m▄[38;2;255;255;255m[48;2;255;255;255m▄[38;2;255;255;255m[48;2;249;249;248m▄[38;2;255;255;255m[48;2;128;127;125m▄[38;2;255;255;255m[48;2;129;127;127m▄[38;2;163;163;158m[48;2;127;125;122m▄[38;2;10;6;4m[48;2;28;17;12m▄[38;2;28;24;21m[48;2;20;15;10m▄[38;2;59;60;56m[48;2;68;69;66m▄[38;2;250;250;249m[48;2;255;255;255m▄[38;2;255;255;255m[48;2;255;255;255m▄[38;2;255;255;255m[48;2;255;255;255m▄[38;2;255;255;255m[48;2;251;251;251m▄[38;2;255;255;255m[48;2;250;250;250m▄[38;2;255;255;255m[48;2;255;255;255m▄[38;2;255;255;255m[48;2;255;255;255m▄[38;2;255;255;255m[48;2;255;255;255m▄[38;2;255;255;255m[48;2;255;255;255m▄[38;2;255;255;255m[48;2;255;255;255m▄[38;2;255;255;255m[48;2;255;255;255m▄[38;2;255;255;255m[48;2;255;255;255m▄[38;2;255;255;255m[48;2;255;255;255m▄[38;2;255;255;255m[48;2;255;255;255m▄[38;2;255;255;255m[48;2;255;255;255m▄[38;2;255;255;255m[48;2;255;255;255m▄[38;2;255;255;255m[48;2;255;255;255m▄[38;2;255;255;255m[48;2;255;255;255m▄[38;2;255;255;255m[48;2;255;255;255m▄[38;2;255;255;255m[48;2;255;255;255m▄[38;2;255;255;255m[48;2;255;255;255m▄[38;2;255;255;255m[48;2;255;255;255m▄[38;2;255;255;255m[48;2;255;255;255m▄[38;2;255;255;255m[48;2;255;255;255m▄[38;2;255;255;255m[48;2;255;255;255m▄[38;2;255;255;255m[48;2;255;255;255m▄[38;2;255;255;255m[48;2;255;255;255m▄[38;2;255;255;255m[48;2;255;255;255m▄[38;2;255;255;255m[48;2;255;255;255m▄[38;2;255;255;255m[48;2;255;255;255m▄[38;2;255;255;255m[48;2;255;255;255m▄[38;2;255;255;255m[48;2;255;255;255m▄[38;2;255;255;255m[48;2;255;255;255m▄[38;2;255;255;255m[48;2;255;255;255m▄[38;2;255;255;255m[48;2;255;255;255m▄[38;2;255;255;255m[48;2;255;255;255m▄[38;2;255;255;255m[48;2;255;255;255m▄[38;2;255;255;255m[48;2;255;255;255m▄[38;2;255;255;255m[48;2;255;255;255m▄[38;2;255;255;255m[48;2;255;255;255m▄[38;2;255;255;255m[48;2;255;255;255m▄[38;2;255;255;255m[48;2;255;255;255m▄[38;2;255;255;255m[48;2;255;255;255m▄[0m
