[38;2;228;192;119m[48;2;230;191;120m▄[38;2;255;222;137m[48;2;245;205;129m▄[38;2;248;203;125m[48;2;226;188;116m▄[38;2;248;203;125m[48;2;226;188;117m▄[38;2;248;204;126m[48;2;228;190;119m▄[38;2;249;203;127m[48;2;228;190;119m▄[38;2;248;203;126m[48;2;228;188;117m▄[38;2;246;203;126m[48;2;228;188;117m▄[38;2;245;204;126m[48;2;228;188;117m▄[38;2;245;204;125m[48;2;228;188;117m▄[38;2;246;203;125m[48;2;228;188;117m▄[38;2;247;202;125m[48;2;228;188;117m▄[38;2;247;203;126m[48;2;226;188;117m▄[38;2;246;205;126m[48;2;228;186;117m▄[38;2;246;205;126m[48;2;230;188;117m▄[38;2;246;204;126m[48;2;228;188;117m▄[38;2;245;204;126m[48;2;228;188;117m▄[38;2;246;204;126m[48;2;228;188;117m▄[38;2;249;204;127m[48;2;228;188;117m▄[38;2;249;203;126m[48;2;228;188;117m▄[38;2;249;205;127m[48;2;228;188;117m▄[38;2;249;205;126m[48;2;226;190;117m▄[38;2;249;205;126m[48;2;228;190;119m▄[38;2;250;205;126m[48;2;230;190;117m▄[38;2;247;205;126m[48;2;230;190;117m▄[38;2;247;205;127m[48;2;230;190;119m▄[38;2;246;205;127m[48;2;230;190;119m▄[38;2;246;204;126m[48;2;228;188;117m▄[38;2;247;205;127m[48;2;228;188;119m▄[38;2;247;206;128m[48;2;230;190;119m▄[38;2;247;206;128m[48;2;228;192;119m▄[38;2;247;207;128m[48;2;228;192;121m▄[38;2;248;207;129m[48;2;228;192;121m▄[38;2;247;207;128m[48;2;230;192;121m▄[38;2;247;206;128m[48;2;230;192;121m▄[38;2;246;206;127m[48;2;228;190;119m▄[38;2;247;206;127m[48;2;230;190;119m▄[38;2;247;206;128m[48;2;230;192;121m▄[38;2;248;207;128m[48;2;230;192;121m▄[38;2;248;207;127m[48;2;230;194;123m▄[38;2;248;207;129m[48;2;232;194;121m▄[38;2;248;207;129m[48;2;230;192;121m▄[38;2;248;207;128m[48;2;230;192;119m▄[38;2;247;206;127m[48;2;230;192;119m▄[38;2;247;206;128m[48;2;228;192;121m▄[38;2;247;206;128m[48;2;228;192;121m▄[38;2;247;206;129m[48;2;228;192;121m▄[38;2;247;206;128m[48;2;228;192;121m▄[38;2;247;206;128m[48;2;228;192;119m▄[38;2;247;207;128m[48;2;228;192;121m▄[38;2;248;207;129m[48;2;230;194;121m▄[38;2;248;207;129m[48;2;230;194;121m▄[38;2;248;208;129m[48;2;230;194;121m▄[38;2;249;208;129m[48;2;232;194;121m▄[38;2;249;208;130m[48;2;230;194;121m▄[38;2;248;207;129m[48;2;228;192;121m▄[38;2;247;206;128m[48;2;228;192;119m▄[38;2;249;206;128m[48;2;228;192;119m▄[38;2;249;205;128m[48;2;228;192;119m▄[38;2;255;224;141m[48;2;247;207;131m▄[0m
[38;2;232;187;116m[48;2;230;191;118m▄[38;2;249;201;125m[48;2;248;204;126m▄[38;2;229;185;114m[48;2;231;186;115m▄[38;2;229;185;114m[48;2;230;186;115m▄[38;2;229;185;114m[48;2;230;186;115m▄[38;2;228;184;113m[48;2;230;186;115m▄[38;2;229;185;114m[48;2;230;186;115m▄[38;2;229;185;114m[48;2;229;188;116m▄[38;2;230;186;115m[48;2;230;188;116m▄[38;2;230;186;115m[48;2;228;188;116m▄[38;2;230;185;114m[48;2;229;186;114m▄[38;2;230;186;115m[48;2;230;185;114m▄[38;2;230;186;115m[48;2;230;186;115m▄[38;2;230;186;115m[48;2;229;188;116m▄[38;2;230;186;115m[48;2;229;188;116m▄[38;2;230;186;115m[48;2;228;188;115m▄[38;2;230;185;115m[48;2;228;188;116m▄[38;2;231;187;116m[48;2;229;188;116m▄[38;2;232;189;115m[48;2;231;187;115m▄[38;2;184;158;108m[48;2;234;188;116m▄[38;2;155;136;98m[48;2;221;183;116m▄[38;2;134;120;87m[48;2;217;183;116m▄[38;2;145;129;89m[48;2;216;182;117m▄[38;2;158;139;99m[48;2;220;184;117m▄[38;2;205;169;109m[48;2;229;189;116m▄[38;2;235;190;117m[48;2;229;188;116m▄[38;2;230;188;116m[48;2;228;189;116m▄[38;2;228;189;116m[48;2;228;190;117m▄[38;2;229;187;116m[48;2;229;190;117m▄[38;2;231;186;115m[48;2;230;188;116m▄[38;2;230;186;115m[48;2;229;189;116m▄[38;2;229;188;115m[48;2;227;189;116m▄[38;2;230;187;114m[48;2;228;188;116m▄[38;2;231;186;114m[48;2;229;188;116m▄[38;2;230;186;113m[48;2;229;188;116m▄[38;2;230;186;114m[48;2;229;189;116m▄[38;2;229;187;116m[48;2;228;190;117m▄[38;2;229;188;116m[48;2;228;191;117m▄[38;2;229;189;116m[48;2;228;191;116m▄[38;2;229;188;117m[48;2;228;191;115m▄[38;2;228;189;116m[48;2;229;191;118m▄[38;2;228;188;116m[48;2;228;190;117m▄[38;2;229;188;116m[48;2;228;190;117m▄[38;2;228;187;115m[48;2;228;190;117m▄[38;2;229;188;116m[48;2;227;190;117m▄[38;2;229;188;116m[48;2;228;190;117m▄[38;2;229;188;116m[48;2;228;190;117m▄[38;2;229;188;116m[48;2;228;190;117m▄[38;2;229;188;116m[48;2;227;190;116m▄[38;2;230;189;117m[48;2;228;190;117m▄[38;2;230;189;117m[48;2;228;190;117m▄[38;2;228;190;117m[48;2;228;190;117m▄[38;2;228;190;117m[48;2;228;190;117m▄[38;2;228;190;117m[48;2;228;190;117m▄[38;2;228;190;117m[48;2;229;191;118m▄[38;2;228;190;117m[48;2;228;190;117m▄[38;2;228;190;117m[48;2;228;190;117m▄[38;2;229;190;117m[48;2;231;190;117m▄[38;2;230;190;117m[48;2;231;190;117m▄[38;2;248;207;131m[48;2;248;208;130m▄[0m
[38;2;232;187;112m[48;2;232;187;116m▄[38;2;250;202;121m[48;2;249;202;124m▄[38;2;231;187;112m[48;2;230;186;115m▄[38;2;231;187;112m[48;2;230;186;114m▄[38;2;221;181;110m[48;2;232;187;114m▄[38;2;216;177;112m[48;2;232;187;114m▄[38;2;216;178;112m[48;2;232;187;115m▄[38;2;217;180;113m[48;2;232;186;115m▄[38;2;220;181;115m[48;2;231;187;115m▄[38;2;223;184;118m[48;2;231;186;115m▄[38;2;223;184;117m[48;2;230;186;114m▄[38;2;219;180;113m[48;2;232;187;115m▄[38;2;217;180;112m[48;2;232;187;114m▄[38;2;217;180;115m[48;2;232;187;115m▄[38;2;217;180;114m[48;2;232;187;115m▄[38;2;217;181;116m[48;2;232;187;115m▄[38;2;218;182;116m[48;2;232;186;114m▄[38;2;215;178;113m[48;2;233;187;115m▄[38;2;212;178;112m[48;2;234;190;116m▄[38;2;207;176;115m[48;2;198;169;110m▄[38;2;177;154;107m[48;2;161;136;90m▄[38;2;168;149;102m[48;2;113;100;68m▄[38;2;175;151;103m[48;2;144;123;78m▄[38;2;195;161;103m[48;2;190;158;100m▄[38;2;216;179;114m[48;2;223;183;114m▄[38;2;214;178;113m[48;2;235;190;115m▄[38;2;218;182;116m[48;2;233;187;115m▄[38;2;212;175;110m[48;2;232;190;116m▄[38;2;205;170;106m[48;2;232;192;117m▄[38;2;217;175;108m[48;2;233;188;116m▄[38;2;233;189;115m[48;2;231;186;115m▄[38;2;231;189;116m[48;2;231;187;114m▄[38;2;231;188;116m[48;2;232;187;113m▄[38;2;231;187;116m[48;2;231;187;113m▄[38;2;231;187;115m[48;2;230;186;111m▄[38;2;231;187;114m[48;2;230;186;111m▄[38;2;230;186;114m[48;2;231;187;114m▄[38;2;230;186;115m[48;2;231;186;115m▄[38;2;230;186;115m[48;2;231;186;115m▄[38;2;233;188;116m[48;2;230;186;115m▄[38;2;232;188;114m[48;2;230;186;115m▄[38;2;227;185;113m[48;2;232;186;116m▄[38;2;225;183;115m[48;2;234;186;115m▄[38;2;225;182;114m[48;2;232;186;115m▄[38;2;227;186;115m[48;2;231;186;115m▄[38;2;219;183;115m[48;2;232;187;116m▄[38;2;208;174;112m[48;2;232;188;115m▄[38;2;214;178;113m[48;2;231;186;114m▄[38;2;213;180;115m[48;2;229;185;115m▄[38;2;212;177;116m[48;2;228;185;114m▄[38;2;211;176;113m[48;2;231;187;116m▄[38;2;215;180;114m[48;2;232;191;117m▄[38;2;219;182;114m[48;2;229;191;117m▄[38;2;230;190;117m[48;2;228;190;117m▄[38;2;232;189;117m[48;2;229;188;116m▄[38;2;231;185;115m[48;2;230;188;116m▄[38;2;232;185;115m[48;2;230;189;117m▄[38;2;230;187;116m[48;2;228;190;117m▄[38;2;229;189;117m[48;2;229;192;118m▄[38;2;248;207;129m[48;2;249;207;131m▄[0m
[38;2;230;187;112m[48;2;230;187;114m▄[38;2;249;201;120m[48;2;250;202;121m▄[38;2;229;185;110m[48;2;231;187;112m▄[38;2;229;185;111m[48;2;231;187;113m▄[38;2;234;189;114m[48;2;218;182;115m▄[38;2;235;189;112m[48;2;212;180;117m▄[38;2;234;188;112m[48;2;215;181;116m▄[38;2;234;188;111m[48;2;218;183;118m▄[38;2;234;188;112m[48;2;220;185;119m▄[38;2;234;188;112m[48;2;220;187;120m▄[38;2;233;187;112m[48;2;220;185;119m▄[38;2;233;187;112m[48;2;217;182;117m▄[38;2;234;187;112m[48;2;218;184;119m▄[38;2;234;186;112m[48;2;220;186;121m▄[38;2;233;185;111m[48;2;221;186;119m▄[38;2;234;189;111m[48;2;223;188;121m▄[38;2;196;160;99m[48;2;212;181;117m▄[38;2;190;154;98m[48;2;183;154;107m▄[38;2;235;188;113m[48;2;202;167;107m▄[38;2;231;183;110m[48;2;218;180;117m▄[38;2;232;186;110m[48;2;220;183;119m▄[38;2;195;159;96m[48;2;217;182;116m▄[38;2;183;152;93m[48;2;172;149;100m▄[38;2;232;187;107m[48;2;191;159;100m▄[38;2;228;184;106m[48;2;221;183;115m▄[38;2;219;178;104m[48;2;222;185;117m▄[38;2;165;138;88m[48;2;205;172;111m▄[38;2;192;184;157m[48;2;165;145;106m▄[38;2;251;249;226m[48;2;163;156;127m▄[38;2;235;233;212m[48;2;150;138;109m▄[38;2;218;214;189m[48;2;193;163;108m▄[38;2;220;208;171m[48;2;228;188;112m▄[38;2;217;196;149m[48;2;229;186;111m▄[38;2;215;184;124m[48;2;231;188;113m▄[38;2;221;180;110m[48;2;232;187;115m▄[38;2;231;183;107m[48;2;231;186;116m▄[38;2;233;186;112m[48;2;230;186;116m▄[38;2;232;187;115m[48;2;231;187;115m▄[38;2;201;169;112m[48;2;231;187;115m▄[38;2;207;178;118m[48;2;211;177;114m▄[38;2;219;179;105m[48;2;207;175;117m▄[38;2;213;172;99m[48;2;211;178;116m▄[38;2;211;175;112m[48;2;219;183;116m▄[38;2;224;182;114m[48;2;220;182;114m▄[38;2;233;187;113m[48;2;205;170;106m▄[38;2;230;184;110m[48;2;186;154;99m▄[38;2;210;170;96m[48;2;218;182;116m▄[38;2;142;121;80m[48;2;228;188;116m▄[38;2;178;151;101m[48;2;237;196;118m▄[38;2;191;160;105m[48;2;236;194;118m▄[38;2;196;161;96m[48;2;232;192;118m▄[38;2;221;182;110m[48;2;223;186;117m▄[38;2;227;188;115m[48;2;207;174;111m▄[38;2;220;183;114m[48;2;197;165;105m▄[38;2;164;141;92m[48;2;216;177;108m▄[38;2;205;169;107m[48;2;235;189;116m▄[38;2;237;190;116m[48;2;230;185;115m▄[38;2;231;185;115m[48;2;230;186;115m▄[38;2;230;188;116m[48;2;229;189;116m▄[38;2;249;206;129m[48;2;248;207;130m▄[0m
[38;2;230;187;110m[48;2;230;187;116m▄[38;2;248;201;119m[48;2;248;200;122m▄[38;2;229;184;110m[48;2;229;185;111m▄[38;2;230;186;111m[48;2;230;186;111m▄[38;2;217;177;105m[48;2;221;179;105m▄[38;2;210;171;103m[48;2;213;173;99m▄[38;2;208;169;103m[48;2;209;168;97m▄[38;2;206;167;101m[48;2;206;163;94m▄[38;2;205;167;100m[48;2;203;162;91m▄[38;2;206;167;99m[48;2;200;160;90m▄[38;2;206;167;98m[48;2;200;158;88m▄[38;2;204;165;97m[48;2;199;156;87m▄[38;2;190;157;99m[48;2;192;153;86m▄[38;2;169;146;100m[48;2;190;151;86m▄[38;2;197;158;96m[48;2;194;152;85m▄[38;2;191;154;94m[48;2;179;142;80m▄[38;2;187;154;93m[48;2;147;120;75m▄[38;2;176;144;85m[48;2;160;130;82m▄[38;2;180;144;84m[48;2;199;157;88m▄[38;2;188;150;89m[48;2;198;154;85m▄[38;2;182;145;88m[48;2;188;147;83m▄[38;2;173;140;87m[48;2;154;124;74m▄[38;2;159;130;81m[48;2;158;127;77m▄[38;2;168;136;82m[48;2;202;159;90m▄[38;2;171;139;84m[48;2;201;157;86m▄[38;2;164;136;83m[48;2;176;143;78m▄[38;2;153;127;78m[48;2;119;101;61m▄[38;2;142;123;81m[48;2;164;161;137m▄[38;2;172;152;111m[48;2;227;227;208m▄[38;2;201;180;136m[48;2;230;228;205m▄[38;2;218;203;163m[48;2;238;234;209m▄[38;2;227;218;184m[48;2;237;233;203m▄[38;2;235;227;193m[48;2;232;230;199m▄[38;2;236;224;185m[48;2;226;220;189m▄[38;2;231;223;183m[48;2;220;206;166m▄[38;2;230;224;186m[48;2;215;191;135m▄[38;2;223;212;171m[48;2;223;185;115m▄[38;2;211;189;135m[48;2;213;173;103m▄[38;2;203;172;109m[48;2;194;165;109m▄[38;2;186;156;102m[48;2;236;193;115m▄[38;2;198;168;117m[48;2;215;170;93m▄[38;2;217;177;110m[48;2;208;168;101m▄[38;2;215;170;99m[48;2;200;166;109m▄[38;2;216;169;88m[48;2;183;149;94m▄[38;2;200;161;92m[48;2;228;185;116m▄[38;2;210;174;106m[48;2;225;182;108m▄[38;2;175;157;108m[48;2;168;146;99m▄[38;2;184;163;116m[48;2;134;121;90m▄[38;2;133;115;74m[48;2;76;76;70m▄[38;2;175;169;152m[48;2;159;158;152m▄[38;2;235;237;236m[48;2;193;186;171m▄[38;2;159;139;94m[48;2;167;140;88m▄[38;2;225;179;98m[48;2;226;182;105m▄[38;2;190;159;99m[48;2;243;199;120m▄[38;2;95;88;62m[48;2;176;148;99m▄[38;2;54;53;40m[48;2;100;88;61m▄[38;2;185;153;95m[48;2;225;184;112m▄[38;2;239;195;115m[48;2;233;189;116m▄[38;2;229;187;115m[48;2;231;186;115m▄[38;2;247;205;128m[48;2;249;204;129m▄[0m
[38;2;228;189;116m[48;2;230;189;110m▄[38;2;246;201;119m[48;2;247;200;118m▄[38;2;228;183;108m[48;2;229;185;110m▄[38;2;229;185;110m[48;2;230;186;111m▄[38;2;229;185;110m[48;2;232;188;112m▄[38;2;228;183;108m[48;2;232;188;112m▄[38;2;228;183;108m[48;2;232;188;111m▄[38;2;229;185;111m[48;2;233;189;112m▄[38;2;229;185;113m[48;2;233;188;112m▄[38;2;229;185;112m[48;2;233;188;111m▄[38;2;230;185;113m[48;2;233;189;112m▄[38;2;230;185;114m[48;2;235;190;113m▄[38;2;230;184;113m[48;2;225;188;119m▄[38;2;231;186;111m[48;2;210;182;126m▄[38;2;226;187;114m[48;2;232;189;115m▄[38;2;227;187;115m[48;2;234;189;114m▄[38;2;226;186;113m[48;2;234;189;112m▄[38;2;227;187;114m[48;2;236;191;112m▄[38;2;226;189;117m[48;2;234;192;115m▄[38;2;228;189;119m[48;2;235;190;115m▄[38;2;230;189;121m[48;2;235;189;113m▄[38;2;230;190;122m[48;2;233;189;114m▄[38;2;229;190;121m[48;2;226;186;113m▄[38;2;228;189;121m[48;2;221;182;113m▄[38;2;228;189;119m[48;2;222;183;113m▄[38;2;230;190;119m[48;2;229;188;115m▄[38;2;229;191;120m[48;2;235;195;121m▄[38;2;229;190;119m[48;2;236;196;123m▄[38;2;230;190;120m[48;2;234;192;119m▄[38;2;231;190;122m[48;2;230;187;115m▄[38;2;231;191;120m[48;2;225;185;112m▄[38;2;231;191;117m[48;2;218;187;123m▄[38;2;224;185;110m[48;2;215;198;154m▄[38;2;212;185;126m[48;2;229;220;184m▄[38;2;221;208;167m[48;2;235;223;181m▄[38;2;233;221;178m[48;2;230;216;169m▄[38;2;230;215;166m[48;2;232;220;178m▄[38;2;233;218;175m[48;2;234;224;186m▄[38;2;236;225;189m[48;2;231;220;179m▄[38;2;237;226;190m[48;2;204;185;137m▄[38;2;224;208;164m[48;2;189;164;113m▄[38;2;195;170;118m[48;2;211;177;116m▄[38;2;192;164;108m[48;2;236;195;121m▄[38;2;225;188;122m[48;2;235;188;112m▄[38;2;234;189;112m[48;2;225;179;97m▄[38;2;228;182;101m[48;2;203;163;91m▄[38;2;207;166;92m[48;2;204;167;102m▄[38;2;217;180;108m[48;2;206;170;103m▄[38;2;232;188;110m[48;2;209;172;101m▄[38;2;232;187;111m[48;2;203;166;98m▄[38;2;232;188;112m[48;2;194;162;102m▄[38;2;234;192;114m[48;2;200;164;99m▄[38;2;186;157;102m[48;2;216;174;106m▄[38;2;185;157;106m[48;2;134;118;80m▄[38;2;202;167;99m[48;2;126;114;81m▄[38;2;209;175;111m[48;2;111;100;71m▄[38;2;206;174;108m[48;2;187;156;99m▄[38;2;232;189;115m[48;2;237;192;115m▄[38;2;229;187;115m[48;2;230;187;115m▄[38;2;248;205;128m[48;2;247;206;127m▄[0m
[38;2;230;187;112m[48;2;230;187;112m▄[38;2;248;200;118m[48;2;247;200;118m▄[38;2;228;184;109m[48;2;227;183;108m▄[38;2;228;184;109m[48;2;228;184;109m▄[38;2;230;185;112m[48;2;229;185;110m▄[38;2;231;187;117m[48;2;229;185;110m▄[38;2;229;189;118m[48;2;229;186;112m▄[38;2;228;189;118m[48;2;229;186;115m▄[38;2;228;189;118m[48;2;230;187;116m▄[38;2;229;189;118m[48;2;229;186;115m▄[38;2;230;187;116m[48;2;230;185;115m▄[38;2;233;185;114m[48;2;231;185;114m▄[38;2;218;185;125m[48;2;221;183;115m▄[38;2;197;180;143m[48;2;198;168;109m▄[38;2;226;184;112m[48;2;229;187;111m▄[38;2;228;188;115m[48;2;228;187;115m▄[38;2;229;189;119m[48;2;228;187;116m▄[38;2;229;190;119m[48;2;228;188;118m▄[38;2;229;190;120m[48;2;228;189;119m▄[38;2;229;189;121m[48;2;228;189;119m▄[38;2;229;188;121m[48;2;228;190;120m▄[38;2;229;189;120m[48;2;228;190;119m▄[38;2;228;188;121m[48;2;227;188;117m▄[38;2;227;187;123m[48;2;227;186;118m▄[38;2;228;189;124m[48;2;228;187;119m▄[38;2;228;190;124m[48;2;228;188;118m▄[38;2;228;190;124m[48;2;228;189;117m▄[38;2;229;191;127m[48;2;228;189;118m▄[38;2;230;191;128m[48;2;229;189;121m▄[38;2;230;193;126m[48;2;230;190;123m▄[38;2;230;191;121m[48;2;229;189;122m▄[38;2;232;190;123m[48;2;229;189;121m▄[38;2;220;187;125m[48;2;226;189;119m▄[38;2;194;172;124m[48;2;213;178;109m▄[38;2;208;172;106m[48;2;210;175;108m▄[38;2;200;167;107m[48;2;222;202;152m▄[38;2;213;194;153m[48;2;238;221;179m▄[38;2;237;221;177m[48;2;233;214;168m▄[38;2;237;218;170m[48;2;232;215;170m▄[38;2;235;219;174m[48;2;232;220;178m▄[38;2;235;221;180m[48;2;238;226;190m▄[38;2;236;224;185m[48;2;233;224;187m▄[38;2;234;224;184m[48;2;207;184;131m▄[38;2;215;191;139m[48;2;189;162;106m▄[38;2;189;162;110m[48;2;221;187;120m▄[38;2;211;181;121m[48;2;235;189;112m▄[38;2;221;181;112m[48;2;232;185;104m▄[38;2;212;174;102m[48;2;202;166;98m▄[38;2;210;176;114m[48;2;223;183;117m▄[38;2;232;187;113m[48;2;229;186;111m▄[38;2;228;185;113m[48;2;227;186;114m▄[38;2;227;185;112m[48;2;228;188;113m▄[38;2;224;184;110m[48;2;217;182;111m▄[38;2;188;153;91m[48;2;179;149;94m▄[38;2;186;157;102m[48;2;163;134;76m▄[38;2;209;173;111m[48;2;189;155;95m▄[38;2;231;187;116m[48;2;220;181;108m▄[38;2;230;186;115m[48;2;231;188;114m▄[38;2;230;187;116m[48;2;230;186;115m▄[38;2;248;206;126m[48;2;248;205;127m▄[0m
[38;2;228;185;108m[48;2;230;185;110m▄[38;2;246;199;116m[48;2;247;199;117m▄[38;2;226;182;107m[48;2;227;183;108m▄[38;2;227;183;107m[48;2;228;183;108m▄[38;2;227;186;112m[48;2;228;186;112m▄[38;2;226;189;117m[48;2;229;188;118m▄[38;2;227;188;117m[48;2;229;189;119m▄[38;2;226;187;116m[48;2;228;188;119m▄[38;2;226;187;116m[48;2;228;187;117m▄[38;2;228;188;114m[48;2;227;187;115m▄[38;2;210;174;110m[48;2;229;187;115m▄[38;2;205;171;109m[48;2;229;187;116m▄[38;2;224;183;112m[48;2;227;187;117m▄[38;2;222;183;114m[48;2;227;188;120m▄[38;2;230;192;121m[48;2;228;189;120m▄[38;2;229;191;120m[48;2;228;189;118m▄[38;2;228;190;121m[48;2;228;189;117m▄[38;2;227;190;126m[48;2;227;190;121m▄[38;2;227;189;122m[48;2;229;191;124m▄[38;2;228;188;119m[48;2;229;189;123m▄[38;2;228;187;121m[48;2;229;188;120m▄[38;2;227;187;122m[48;2;229;188;121m▄[38;2;226;187;122m[48;2;228;189;124m▄[38;2;226;187;124m[48;2;227;188;123m▄[38;2;228;188;124m[48;2;229;189;121m▄[38;2;229;190;124m[48;2;229;190;121m▄[38;2;228;191;125m[48;2;229;191;122m▄[38;2;229;193;129m[48;2;230;192;127m▄[38;2;230;194;131m[48;2;230;192;131m▄[38;2;227;191;128m[48;2;229;192;127m▄[38;2;226;193;132m[48;2;229;192;122m▄[38;2;225;192;135m[48;2;230;192;121m▄[38;2;228;191;125m[48;2;218;185;122m▄[38;2;224;187;116m[48;2;219;187;124m▄[38;2;200;168;107m[48;2;203;168;108m▄[38;2;170;134;71m[48;2;198;162;99m▄[38;2;196;151;73m[48;2;194;163;102m▄[38;2;207;164;84m[48;2;203;183;136m▄[38;2;208;169;96m[48;2;215;197;155m▄[38;2;204;171;112m[48;2;226;209;168m▄[38;2;202;175;127m[48;2;234;217;178m▄[38;2;211;187;147m[48;2;243;225;190m▄[38;2;215;194;157m[48;2;240;222;182m▄[38;2;215;200;162m[48;2;239;228;188m▄[38;2;210;190;147m[48;2;212;186;132m▄[38;2;184;158;110m[48;2;185;163;112m▄[38;2;201;175;117m[48;2;217;184;119m▄[38;2;202;166;100m[48;2;213;174;104m▄[38;2;211;173;105m[48;2;211;175;109m▄[38;2;212;175;110m[48;2;227;184;114m▄[38;2;223;183;109m[48;2;231;186;114m▄[38;2;231;185;104m[48;2;233;189;112m▄[38;2;158;130;75m[48;2;177;147;93m▄[38;2;199;169;117m[48;2;186;156;101m▄[38;2;231;196;135m[48;2;197;164;113m▄[38;2;227;193;126m[48;2;231;192;126m▄[38;2;228;188;116m[48;2;229;188;116m▄[38;2;230;185;113m[48;2;230;186;112m▄[38;2;230;184;113m[48;2;230;186;113m▄[38;2;247;202;127m[48;2;248;205;126m▄[0m
[38;2;226;183;106m[48;2;228;185;110m▄[38;2;245;198;115m[48;2;245;197;117m▄[38;2;227;182;107m[48;2;226;182;107m▄[38;2;227;183;108m[48;2;227;184;106m▄[38;2;226;188;116m[48;2;227;187;115m▄[38;2;228;193;131m[48;2;228;189;125m▄[38;2;225;192;132m[48;2;228;190;124m▄[38;2;210;179;119m[48;2;228;189;122m▄[38;2;195;166;108m[48;2;224;188;117m▄[38;2;197;168;114m[48;2;203;172;111m▄[38;2;163;151;122m[48;2;169;145;101m▄[38;2;136;128;109m[48;2;161;138;95m▄[38;2;178;147;89m[48;2;188;161;111m▄[38;2;204;172;107m[48;2;180;159;109m▄[38;2;179;148;87m[48;2;196;166;103m▄[38;2;208;180;119m[48;2;220;186;121m▄[38;2;188;162;110m[48;2;225;188;125m▄[38;2;201;170;111m[48;2;231;191;127m▄[38;2;226;193;132m[48;2;228;190;123m▄[38;2;225;196;142m[48;2;228;192;125m▄[38;2;227;196;142m[48;2;228;192;129m▄[38;2;227;193;136m[48;2;227;191;126m▄[38;2;224;191;136m[48;2;228;191;126m▄[38;2;220;189;133m[48;2;228;190;128m▄[38;2;219;188;130m[48;2;229;191;129m▄[38;2;217;187;131m[48;2;230;193;132m▄[38;2;216;186;132m[48;2;230;194;133m▄[38;2;216;187;133m[48;2;231;196;134m▄[38;2;215;185;131m[48;2;231;196;135m▄[38;2;215;184;126m[48;2;229;193;132m▄[38;2;220;186;128m[48;2;227;193;140m▄[38;2;215;181;121m[48;2;227;195;139m▄[38;2;186;160;109m[48;2;220;186;122m▄[38;2;164;140;91m[48;2;184;158;103m▄[38;2;225;183;103m[48;2;205;168;98m▄[38;2;229;186;107m[48;2;218;171;88m▄[38;2;229;188;112m[48;2;212;165;82m▄[38;2;217;182;114m[48;2;206;164;83m▄[38;2;209;178;115m[48;2;200;162;92m▄[38;2;226;184;108m[48;2;220;174;94m▄[38;2;226;183;107m[48;2;221;176;92m▄[38;2;224;183;106m[48;2;215;173;96m▄[38;2;216;176;104m[48;2;213;173;103m▄[38;2;227;186;110m[48;2;213;173;104m▄[38;2;227;186;107m[48;2;213;174;103m▄[38;2;221;180;106m[48;2;214;176;107m▄[38;2;217;179;107m[48;2;209;173;105m▄[38;2;207;174;101m[48;2;218;181;108m▄[38;2;202;166;97m[48;2;223;185;113m▄[38;2;201;165;91m[48;2;223;183;109m▄[38;2;171;142;79m[48;2;225;183;106m▄[38;2;185;156;101m[48;2;196;158;91m▄[38;2;222;188;127m[48;2;201;169;116m▄[38;2;216;183;125m[48;2;241;204;149m▄[38;2;217;182;124m[48;2;234;199;143m▄[38;2;216;183;121m[48;2;229;197;134m▄[38;2;221;185;113m[48;2;228;191;121m▄[38;2;231;186;111m[48;2;229;185;113m▄[38;2;229;186;114m[48;2;229;184;113m▄[38;2;246;204;128m[48;2;247;204;127m▄[0m
[38;2;226;183;108m[48;2;228;183;108m▄[38;2;245;197;116m[48;2;246;198;116m▄[38;2;226;182;108m[48;2;227;183;108m▄[38;2;227;184;107m[48;2;228;184;107m▄[38;2;216;173;92m[48;2;210;171;96m▄[38;2;210;164;84m[48;2;203;165;96m▄[38;2;208;165;86m[48;2;197;164;96m▄[38;2;210;170;92m[48;2;190;160;95m▄[38;2;184;151;88m[48;2;158;136;84m▄[38;2;153;130;77m[48;2;181;151;90m▄[38;2;159;136;85m[48;2;163;138;87m▄[38;2;162;136;85m[48;2;167;143;94m▄[38;2;150;129;78m[48;2;183;149;84m▄[38;2;156;133;82m[48;2;189;153;92m▄[38;2;188;156;95m[48;2;205;166;96m▄[38;2;194;157;85m[48;2;181;148;86m▄[38;2;213;169;86m[48;2;184;148;80m▄[38;2;210;165;88m[48;2;185;147;83m▄[38;2;206;161;84m[48;2;189;152;85m▄[38;2;203;158;79m[48;2;191;152;86m▄[38;2;202;158;80m[48;2;195;156;89m▄[38;2;206;160;82m[48;2;198;158;87m▄[38;2;207;163;83m[48;2;197;158;84m▄[38;2;211;166;86m[48;2;197;157;85m▄[38;2;214;168;87m[48;2;196;158;81m▄[38;2;214;169;85m[48;2;196;158;81m▄[38;2;217;172;87m[48;2;199;160;85m▄[38;2;218;172;91m[48;2;200;161;87m▄[38;2;221;177;95m[48;2;199;159;86m▄[38;2;185;152;93m[48;2;204;165;90m▄[38;2;168;146;107m[48;2;181;152;96m▄[38;2;200;172;125m[48;2;174;158;129m▄[38;2;179;155;114m[48;2;199;190;170m▄[38;2;182;165;129m[48;2;164;156;136m▄[38;2;179;159;119m[48;2;172;151;106m▄[38;2;190;160;110m[48;2;205;180;123m▄[38;2;181;146;89m[48;2;217;177;108m▄[38;2;188;151;91m[48;2;223;180;109m▄[38;2;197;160;96m[48;2;224;183;109m▄[38;2;192;158;93m[48;2;228;186;111m▄[38;2;190;155;91m[48;2;230;185;109m▄[38;2;200;159;91m[48;2;229;183;105m▄[38;2;202;161;91m[48;2;225;181;103m▄[38;2;164;134;78m[48;2;222;180;102m▄[38;2;162;135;85m[48;2;196;163;96m▄[38;2;219;171;96m[48;2;201;163;102m▄[38;2;230;184;108m[48;2;215;176;109m▄[38;2;236;189;111m[48;2;217;180;110m▄[38;2;178;146;89m[48;2;160;135;82m▄[38;2;167;133;83m[48;2;117;98;62m▄[38;2;203;159;94m[48;2;136;111;72m▄[38;2;182;147;90m[48;2;170;139;82m▄[38;2;201;163;88m[48;2;199;158;79m▄[38;2;218;173;89m[48;2;205;160;77m▄[38;2;220;174;93m[48;2;208;164;83m▄[38;2;223;178;100m[48;2;214;169;91m▄[38;2;228;185;106m[48;2;223;180;100m▄[38;2;230;187;109m[48;2;231;187;111m▄[38;2;230;185;110m[48;2;230;186;113m▄[38;2;247;203;120m[48;2;246;203;122m▄[0m
[38;2;228;185;110m[48;2;228;183;108m▄[38;2;246;198;116m[48;2;245;198;116m▄[38;2;226;183;104m[48;2;226;183;107m▄[38;2;226;184;105m[48;2;226;183;106m▄[38;2;223;179;100m[48;2;219;175;94m▄[38;2;219;174;93m[48;2;216;170;90m▄[38;2;217;173;92m[48;2;215;173;93m▄[38;2;219;172;94m[48;2;210;170;95m▄[38;2;226;181;100m[48;2;217;176;99m▄[38;2;212;174;100m[48;2;213;173;100m▄[38;2;197;164;100m[48;2;201;168;100m▄[38;2;200;169;106m[48;2;181;154;98m▄[38;2;184;157;101m[48;2;147;124;74m▄[38;2;217;175;98m[48;2;196;160;89m▄[38;2;221;174;91m[48;2;220;176;94m▄[38;2;223;176;93m[48;2;218;174;94m▄[38;2;222;176;94m[48;2;217;173;93m▄[38;2;219;174;90m[48;2;216;171;91m▄[38;2;219;174;88m[48;2;216;170;89m▄[38;2;218;173;91m[48;2;213;168;90m▄[38;2;218;173;92m[48;2;210;166;89m▄[38;2;218;174;91m[48;2;211;168;89m▄[38;2;218;174;92m[48;2;213;170;91m▄[38;2;218;174;95m[48;2;214;171;92m▄[38;2;220;174;96m[48;2;216;172;92m▄[38;2;222;175;98m[48;2;218;173;91m▄[38;2;223;177;99m[48;2;219;175;92m▄[38;2;231;186;104m[48;2;222;178;97m▄[38;2;177;146;89m[48;2;207;168;97m▄[38;2;113;92;60m[48;2;149;121;79m▄[38;2;170;133;78m[48;2;176;139;84m▄[38;2;208;166;95m[48;2;175;138;83m▄[38;2;227;180;103m[48;2;187;151;91m▄[38;2;228;180;100m[48;2;203;165;96m▄[38;2;224;175;96m[48;2;193;157;90m▄[38;2;224;176;96m[48;2;202;160;91m▄[38;2;225;177;98m[48;2;214;170;97m▄[38;2;220;172;96m[48;2;225;179;103m▄[38;2;215;167;92m[48;2;226;179;102m▄[38;2;198;156;91m[48;2;210;169;93m▄[38;2;201;162;98m[48;2;193;155;89m▄[38;2;204;163;96m[48;2;198;156;89m▄[38;2;203;161;95m[48;2;212;165;89m▄[38;2;189;151;92m[48;2;171;134;74m▄[38;2;150;122;77m[48;2;171;135;78m▄[38;2;190;151;90m[48;2;218;170;91m▄[38;2;216;173;101m[48;2;231;185;109m▄[38;2;212;171;97m[48;2;229;185;107m▄[38;2;160;127;71m[48;2;164;134;77m▄[38;2;191;152;91m[48;2;178;141;84m▄[38;2;215;169;99m[48;2;217;169;97m▄[38;2;196;157;91m[48;2;195;158;92m▄[38;2;219;176;98m[48;2;210;170;95m▄[38;2;223;178;99m[48;2;222;175;97m▄[38;2;224;181;102m[48;2;224;179;101m▄[38;2;226;183;104m[48;2;225;182;103m▄[38;2;228;184;106m[48;2;228;185;106m▄[38;2;230;185;111m[48;2;230;187;110m▄[38;2;230;186;111m[48;2;229;185;110m▄[38;2;247;203;123m[48;2;247;203;123m▄[0m
[38;2;230;185;110m[48;2;228;185;110m▄[38;2;246;199;117m[48;2;246;198;116m▄[38;2;227;183;108m[48;2;227;184;106m▄[38;2;228;184;107m[48;2;227;184;106m▄[38;2;224;181;100m[48;2;225;181;98m▄[38;2;197;161;91m[48;2;223;178;93m▄[38;2;187;157;99m[48;2;224;179;97m▄[38;2;190;160;104m[48;2;225;182;105m▄[38;2;173;146;86m[48;2;194;162;96m▄[38;2;164;136;75m[48;2;163;139;85m▄[38;2;187;154;89m[48;2;175;145;83m▄[38;2;178;149;94m[48;2;192;165;110m▄[38;2;199;163;92m[48;2;177;150;102m▄[38;2;228;182;101m[48;2;221;177;98m▄[38;2;209;170;101m[48;2;224;178;94m▄[38;2;177;150;98m[48;2;209;170;94m▄[38;2;202;166;103m[48;2;213;170;93m▄[38;2;229;184;103m[48;2;225;179;96m▄[38;2;223;179;94m[48;2;221;177;91m▄[38;2;220;176;90m[48;2;219;175;89m▄[38;2;220;175;90m[48;2;218;173;88m▄[38;2;219;176;92m[48;2;218;173;88m▄[38;2;219;176;95m[48;2;219;174;91m▄[38;2;219;176;96m[48;2;221;175;97m▄[38;2;220;177;94m[48;2;222;176;95m▄[38;2;221;176;95m[48;2;222;177;97m▄[38;2;220;176;96m[48;2;223;177;101m▄[38;2;222;179;98m[48;2;232;187;106m▄[38;2;216;174;101m[48;2;176;146;87m▄[38;2;160;125;77m[48;2;124;101;62m▄[38;2;170;136;91m[48;2;197;158;96m▄[38;2;192;150;86m[48;2;204;163;96m▄[38;2;193;157;94m[48;2;223;175;98m▄[38;2;196;162;101m[48;2;198;154;85m▄[38;2;181;145;86m[48;2;179;139;77m▄[38;2;158;122;72m[48;2;187;146;81m▄[38;2;157;129;84m[48;2;180;142;80m▄[38;2;206;173;104m[48;2;187;148;86m▄[38;2;190;158;96m[48;2;202;164;98m▄[38;2;164;147;112m[48;2;177;163;136m▄[38;2;159;130;83m[48;2;204;169;109m▄[38;2;161;125;74m[48;2;215;169;91m▄[38;2;166;131;76m[48;2;219;174;95m▄[38;2;183;140;78m[48;2;224;178;99m▄[38;2;188;143;80m[48;2;197;157;91m▄[38;2;183;138;75m[48;2;190;149;85m▄[38;2;179;136;74m[48;2;195;149;76m▄[38;2;165;129;76m[48;2;177;135;70m▄[38;2;178;141;84m[48;2;152;120;71m▄[38;2;210;166;95m[48;2;209;166;99m▄[38;2;210;171;98m[48;2;213;170;100m▄[38;2;198;161;96m[48;2;197;158;94m▄[38;2;227;182;102m[48;2;221;178;100m▄[38;2;226;183;98m[48;2;225;182;102m▄[38;2;226;184;103m[48;2;226;183;104m▄[38;2;227;184;105m[48;2;227;184;104m▄[38;2;228;184;106m[48;2;228;184;106m▄[38;2;230;186;111m[48;2;230;186;111m▄[38;2;230;186;111m[48;2;230;186;111m▄[38;2;248;204;124m[48;2;248;204;124m▄[0m
[38;2;230;185;110m[48;2;230;185;110m▄[38;2;246;199;117m[48;2;246;199;117m▄[38;2;228;184;109m[48;2;227;183;108m▄[38;2;228;184;107m[48;2;227;184;107m▄[38;2;223;181;100m[48;2;224;181;98m▄[38;2;224;181;97m[48;2;223;179;97m▄[38;2;171;143;82m[48;2;174;145;90m▄[38;2;160;134;80m[48;2;199;160;91m▄[38;2;193;160;91m[48;2;229;185;99m▄[38;2;167;139;78m[48;2;178;145;83m▄[38;2;153;127;76m[48;2;182;151;90m▄[38;2;171;147;102m[48;2;177;147;88m▄[38;2;130;113;74m[48;2;203;165;97m▄[38;2;162;140;91m[48;2;179;149;86m▄[38;2;172;146;95m[48;2;172;146;92m▄[38;2;169;145;91m[48;2;167;141;88m▄[38;2;187;159;100m[48;2;177;149;99m▄[38;2;173;143;89m[48;2;213;174;102m▄[38;2;219;178;104m[48;2;228;182;100m▄[38;2;226;181;98m[48;2;221;176;91m▄[38;2;227;182;96m[48;2;221;176;90m▄[38;2;223;178;98m[48;2;222;177;92m▄[38;2;224;179;97m[48;2;223;177;93m▄[38;2;224;179;93m[48;2;221;176;91m▄[38;2;224;179;93m[48;2;221;176;92m▄[38;2;226;181;96m[48;2;222;176;95m▄[38;2;223;179;100m[48;2;223;177;96m▄[38;2;215;174;99m[48;2;223;178;96m▄[38;2;203;165;95m[48;2;230;185;103m▄[38;2;181;153;95m[48;2;191;156;94m▄[38;2;208;169;102m[48;2;164;128;75m▄[38;2;141;114;68m[48;2;157;118;64m▄[38;2;180;148;90m[48;2;181;151;93m▄[38;2;217;171;95m[48;2;222;180;102m▄[38;2;139;110;65m[48;2;198;149;79m▄[38;2;121;97;58m[48;2;190;142;76m▄[38;2;122;100;66m[48;2;152;131;90m▄[38;2;147;120;78m[48;2;142;123;79m▄[38;2;205;163;97m[48;2;177;143;87m▄[38;2;208;161;92m[48;2;195;152;84m▄[38;2;207;160;90m[48;2;193;151;86m▄[38;2;205;159;90m[48;2;193;149;88m▄[38;2;202;155;88m[48;2;194;150;88m▄[38;2;202;154;90m[48;2;198;153;89m▄[38;2;202;155;88m[48;2;200;156;90m▄[38;2;205;158;90m[48;2;202;158;91m▄[38;2;209;162;94m[48;2;206;163;93m▄[38;2;210;163;95m[48;2;213;168;99m▄[38;2;210;163;95m[48;2;213;167;97m▄[38;2;212;165;96m[48;2;206;161;92m▄[38;2;202;163;97m[48;2;206;166;97m▄[38;2;198;161;94m[48;2;199;162;95m▄[38;2;230;186;106m[48;2;228;183;102m▄[38;2;226;184;104m[48;2;225;183;98m▄[38;2;228;185;106m[48;2;226;184;104m▄[38;2;228;186;106m[48;2;227;184;105m▄[38;2;229;186;107m[48;2;228;185;106m▄[38;2;231;187;112m[48;2;230;186;111m▄[38;2;231;186;111m[48;2;231;186;111m▄[38;2;246;203;120m[48;2;248;204;123m▄[0m
[38;2;230;185;110m[48;2;230;185;110m▄[38;2;246;198;117m[48;2;247;199;118m▄[38;2;227;183;108m[48;2;228;184;109m▄[38;2;228;184;109m[48;2;229;185;108m▄[38;2;228;184;106m[48;2;225;182;102m▄[38;2;223;181;100m[48;2;212;172;96m▄[38;2;211;173;96m[48;2;167;140;83m▄[38;2;180;152;87m[48;2;121;106;67m▄[38;2;141;122;74m[48;2;111;100;65m▄[38;2;151;128;75m[48;2;161;135;82m▄[38;2;158;133;76m[48;2;189;160;99m▄[38;2;131;112;68m[48;2;152;132;87m▄[38;2;160;134;76m[48;2;168;140;84m▄[38;2;199;160;89m[48;2;197;160;95m▄[38;2;219;175;95m[48;2;218;174;95m▄[38;2;211;173;95m[48;2;201;164;97m▄[38;2;158;133;83m[48;2;173;145;90m▄[38;2;146;126;78m[48;2;154;129;78m▄[38;2;163;139;88m[48;2;156;134;85m▄[38;2;165;142;94m[48;2;174;145;89m▄[38;2;170;143;88m[48;2;179;149;87m▄[38;2;219;178;100m[48;2;218;176;98m▄[38;2;225;180;101m[48;2;225;178;100m▄[38;2;224;179;100m[48;2;224;178;98m▄[38;2;213;171;96m[48;2;222;179;97m▄[38;2;184;149;85m[48;2;185;153;87m▄[38;2;182;147;82m[48;2;154;127;81m▄[38;2;185;149;83m[48;2;154;121;76m▄[38;2;184;151;90m[48;2;136;107;63m▄[38;2;188;155;93m[48;2;129;109;68m▄[38;2;153;124;73m[48;2;149;121;74m▄[38;2;126;104;66m[48;2;149;121;74m▄[38;2;165;139;88m[48;2;209;172;106m▄[38;2;198;155;85m[48;2;223;168;88m▄[38;2;187;144;76m[48;2;179;138;73m▄[38;2;159;131;77m[48;2;99;87;56m▄[38;2;157;129;75m[48;2;121;93;59m▄[38;2;153;122;74m[48;2;176;136;80m▄[38;2;163;130;78m[48;2;208;165;95m▄[38;2;177;138;80m[48;2;209;163;93m▄[38;2;175;139;82m[48;2;210;163;94m▄[38;2;181;146;85m[48;2;208;162;93m▄[38;2;183;145;84m[48;2;201;157;89m▄[38;2;182;146;85m[48;2;199;154;87m▄[38;2;185;148;85m[48;2;204;157;89m▄[38;2;188;149;86m[48;2;206;161;93m▄[38;2;187;149;84m[48;2;210;166;97m▄[38;2;185;152;85m[48;2;211;168;98m▄[38;2;163;132;77m[48;2;219;173;100m▄[38;2;159;128;77m[48;2;219;172;98m▄[38;2;168;135;82m[48;2;202;163;95m▄[38;2;213;173;100m[48;2;201;165;94m▄[38;2;228;185;106m[48;2;230;187;106m▄[38;2;228;185;106m[48;2;227;184;105m▄[38;2;229;186;107m[48;2;228;185;106m▄[38;2;230;186;109m[48;2;228;185;106m▄[38;2;230;186;111m[48;2;228;185;108m▄[38;2;231;187;112m[48;2;231;187;112m▄[38;2;231;186;112m[48;2;230;185;110m▄[38;2;247;204;122m[48;2;246;204;121m▄[0m
[38;2;228;185;111m[48;2;228;185;110m▄[38;2;255;216;129m[48;2;246;198;116m▄[38;2;245;199;118m[48;2;227;182;107m▄[38;2;247;199;119m[48;2;227;183;108m▄[38;2;247;199;118m[48;2;227;183;107m▄[38;2;245;199;117m[48;2;225;181;102m▄[38;2;242;200;119m[48;2;219;177;99m▄[38;2;243;200;121m[48;2;211;174;99m▄[38;2;245;202;121m[48;2;199;166;96m▄[38;2;247;203;122m[48;2;175;147;88m▄[38;2;247;203;123m[48;2;156;133;76m▄[38;2;237;197;120m[48;2;135;117;71m▄[38;2;211;176;108m[48;2;142;128;87m▄[38;2;217;181;111m[48;2;145;126;78m▄[38;2;234;192;117m[48;2;179;150;89m▄[38;2;245;198;120m[48;2;181;152;86m▄[38;2;243;198;121m[48;2;157;131;78m▄[38;2;242;197;119m[48;2;161;136;82m▄[38;2;242;198;119m[48;2;173;147;92m▄[38;2;245;201;120m[48;2;158;133;85m▄[38;2;246;203;121m[48;2;201;167;101m▄[38;2;248;201;121m[48;2;226;183;108m▄[38;2;249;200;120m[48;2;222;178;101m▄[38;2;247;200;117m[48;2;223;179;99m▄[38;2;246;199;116m[48;2;224;180;100m▄[38;2;242;196;115m[48;2;223;179;101m▄[38;2;232;192;116m[48;2;207;170;96m▄[38;2;223;185;112m[48;2;168;138;86m▄[38;2;226;185;110m[48;2;164;131;81m▄[38;2;234;190;116m[48;2;160;123;73m▄[38;2;238;195;120m[48;2;150;117;71m▄[38;2;241;197;117m[48;2;144;118;73m▄[38;2;241;198;118m[48;2;134;112;69m▄[38;2;236;192;117m[48;2;139;111;66m▄[38;2;235;191;115m[48;2;150;121;71m▄[38;2;247;200;118m[48;2;201;160;87m▄[38;2;243;200;117m[48;2;208;168;91m▄[38;2;240;198;116m[48;2;172;144;81m▄[38;2;239;195;115m[48;2;127;106;65m▄[38;2;239;194;115m[48;2;161;127;77m▄[38;2;242;196;113m[48;2;179;145;82m▄[38;2;243;197;113m[48;2;206;168;91m▄[38;2;244;199;115m[48;2;207;166;88m▄[38;2;245;201;117m[48;2;208;167;89m▄[38;2;246;201;118m[48;2;210;168;89m▄[38;2;248;201;121m[48;2;213;169;92m▄[38;2;248;201;121m[48;2;211;169;91m▄[38;2;249;200;121m[48;2;196;159;86m▄[38;2;254;204;124m[48;2;164;133;77m▄[38;2;255;206;123m[48;2;164;133;80m▄[38;2;252;207;122m[48;2;190;151;89m▄[38;2;249;205;122m[48;2;225;181;105m▄[38;2;248;205;123m[48;2;228;183;107m▄[38;2;248;205;124m[48;2;229;184;107m▄[38;2;248;206;126m[48;2;229;186;109m▄[38;2;248;207;127m[48;2;230;187;112m▄[38;2;247;206;126m[48;2;230;187;112m▄[38;2;247;205;126m[48;2;231;187;114m▄[38;2;247;203;125m[48;2;230;185;115m▄[38;2;255;223;138m[48;2;246;203;123m▄[0m
