[38;2;160;165;134m[48;2;189;244;254m▄[38;2;205;234;219m[48;2;202;254;254m▄[38;2;200;254;255m[48;2;187;235;253m▄[38;2;201;253;255m[48;2;187;235;253m▄[38;2;200;252;255m[48;2;185;235;253m▄[38;2;200;252;255m[48;2;185;235;253m▄[38;2;200;252;255m[48;2;185;235;253m▄[38;2;200;252;255m[48;2;187;235;254m▄[38;2;200;252;255m[48;2;183;229;247m▄[38;2;200;252;255m[48;2;181;224;241m▄[38;2;201;253;255m[48;2;187;237;253m▄[38;2;200;253;255m[48;2;185;235;253m▄[38;2;200;252;255m[48;2;187;235;253m▄[38;2;200;252;255m[48;2;187;235;253m▄[38;2;200;252;255m[48;2;187;235;253m▄[38;2;200;252;255m[48;2;187;235;253m▄[38;2;200;252;255m[48;2;187;235;253m▄[38;2;200;253;255m[48;2;187;235;253m▄[38;2;200;252;255m[48;2;187;235;253m▄[38;2;200;253;255m[48;2;187;235;253m▄[38;2;200;252;255m[48;2;185;233;253m▄[38;2;200;252;255m[48;2;185;233;254m▄[38;2;201;253;255m[48;2;185;233;254m▄[38;2;202;255;255m[48;2;185;235;254m▄[38;2;191;240;255m[48;2;181;235;251m▄[38;2;218;220;205m[48;2;185;198;193m▄[38;2;252;244;220m[48;2;231;224;202m▄[38;2;240;237;217m[48;2;227;224;206m▄[38;2;202;209;197m[48;2;173;175;162m▄[38;2;136;107;79m[48;2;131;100;69m▄[38;2;140;98;64m[48;2;141;100;63m▄[38;2;167;153;106m[48;2;52;81;79m▄[38;2;217;209;134m[48;2;73;104;104m▄[38;2;237;229;130m[48;2;152;144;117m▄[38;2;249;246;128m[48;2;198;175;127m▄[38;2;255;255;127m[48;2;198;183;121m▄[38;2;255;255;126m[48;2;208;200;113m▄[38;2;255;255;127m[48;2;226;226;110m▄[38;2;255;255;127m[48;2;247;253;115m▄[38;2;255;255;127m[48;2;245;253;113m▄[38;2;255;255;124m[48;2;235;245;106m▄[38;2;255;255;119m[48;2;227;241;100m▄[38;2;247;255;111m[48;2;224;235;98m▄[38;2;236;246;100m[48;2;222;227;94m▄[38;2;226;237;92m[48;2;214;220;88m▄[38;2;230;240;94m[48;2;212;218;84m▄[38;2;239;248;101m[48;2;210;216;83m▄[38;2;245;254;107m[48;2;208;214;83m▄[38;2;241;251;104m[48;2;208;214;83m▄[38;2;237;247;101m[48;2;206;216;83m▄[38;2;236;246;101m[48;2;212;224;88m▄[38;2;236;245;99m[48;2;233;241;104m▄[38;2;234;243;97m[48;2;241;249;110m▄[38;2;235;244;100m[48;2;245;254;113m▄[38;2;238;247;102m[48;2;249;254;117m▄[38;2;236;245;99m[48;2;249;254;115m▄[38;2;228;238;93m[48;2;235;245;106m▄[38;2;226;236;91m[48;2;216;227;90m▄[38;2;236;247;102m[48;2;208;220;83m▄[38;2;255;255;121m[48;2;235;243;98m▄[0m
[38;2;179;220;229m[48;2;170;192;184m▄[38;2;198;246;246m[48;2;194;233;228m▄[38;2;185;233;252m[48;2;185;234;254m▄[38;2;185;233;253m[48;2;185;233;253m▄[38;2;185;233;253m[48;2;185;233;253m▄[38;2;185;233;253m[48;2;185;233;253m▄[38;2;185;233;253m[48;2;185;233;253m▄[38;2;185;233;253m[48;2;185;233;253m▄[38;2;185;233;253m[48;2;185;233;253m▄[38;2;185;233;253m[48;2;185;233;253m▄[38;2;185;233;253m[48;2;185;233;253m▄[38;2;185;233;253m[48;2;185;233;253m▄[38;2;185;233;253m[48;2;185;233;253m▄[38;2;185;233;253m[48;2;185;233;253m▄[38;2;185;233;253m[48;2;185;233;253m▄[38;2;185;233;253m[48;2;185;233;253m▄[38;2;185;233;253m[48;2;185;233;253m▄[38;2;185;233;253m[48;2;185;233;253m▄[38;2;185;233;253m[48;2;185;233;253m▄[38;2;185;233;253m[48;2;185;233;253m▄[38;2;185;234;255m[48;2;185;233;253m▄[38;2;184;235;255m[48;2;185;233;253m▄[38;2;182;237;255m[48;2;185;233;252m▄[38;2;175;218;230m[48;2;185;240;255m▄[38;2;204;205;193m[48;2;175;206;211m▄[38;2;230;223;202m[48;2;221;213;193m▄[38;2;226;221;202m[48;2;227;222;201m▄[38;2;225;219;202m[48;2;232;227;207m▄[38;2;201;202;162m[48;2;212;203;196m▄[38;2;225;233;122m[48;2;159;149;102m▄[38;2;229;242;96m[48;2;186;186;75m▄[38;2;220;232;93m[48;2;209;214;89m▄[38;2;212;221;88m[48;2;223;230;94m▄[38;2;209;216;85m[48;2;230;238;97m▄[38;2;208;215;84m[48;2;234;243;101m▄[38;2;207;214;83m[48;2;236;244;105m▄[38;2;207;216;83m[48;2;238;246;108m▄[38;2;212;221;86m[48;2;240;249;109m▄[38;2;187;199;120m[48;2;236;245;98m▄[38;2;150;158;109m[48;2;229;237;92m▄[38;2;144;143;97m[48;2;220;227;87m▄[38;2;192;185;124m[48;2;218;227;84m▄[38;2;215;209;145m[48;2;219;228;83m▄[38;2;216;225;139m[48;2;232;240;93m▄[38;2;238;245;122m[48;2;241;249;106m▄[38;2;249;255;112m[48;2;246;254;115m▄[38;2;241;249;111m[48;2;250;255;118m▄[38;2;233;242;105m[48;2;253;255;119m▄[38;2;222;231;96m[48;2;250;255;118m▄[38;2;213;223;88m[48;2;245;254;114m▄[38;2;212;222;88m[48;2;235;243;106m▄[38;2;221;231;96m[48;2;219;228;94m▄[38;2;234;243;107m[48;2;208;217;84m▄[38;2;244;253;114m[48;2;210;219;85m▄[38;2;250;255;118m[48;2;221;228;94m▄[38;2;252;255;119m[48;2;228;235;101m▄[38;2;253;255;118m[48;2;224;232;98m▄[38;2;249;255;116m[48;2;221;229;94m▄[38;2;236;245;107m[48;2;219;228;94m▄[38;2;234;243;99m[48;2;232;241;96m▄[0m
[38;2;168;202;208m[48;2;159;143;93m▄[38;2;194;240;242m[48;2;188;197;170m▄[38;2;182;232;251m[48;2;183;232;252m▄[38;2;183;235;255m[48;2;186;234;255m▄[38;2;185;235;255m[48;2;185;233;253m▄[38;2;185;233;253m[48;2;185;233;253m▄[38;2;185;233;253m[48;2;185;233;253m▄[38;2;185;233;253m[48;2;185;233;253m▄[38;2;185;233;253m[48;2;185;233;253m▄[38;2;185;233;253m[48;2;185;233;253m▄[38;2;185;233;253m[48;2;185;233;253m▄[38;2;185;233;253m[48;2;185;233;253m▄[38;2;185;233;253m[48;2;185;233;253m▄[38;2;185;233;253m[48;2;185;233;253m▄[38;2;185;233;253m[48;2;185;233;253m▄[38;2;185;233;253m[48;2;185;233;253m▄[38;2;185;233;253m[48;2;185;233;253m▄[38;2;185;233;253m[48;2;185;233;253m▄[38;2;185;233;253m[48;2;185;233;253m▄[38;2;183;234;254m[48;2;185;234;253m▄[38;2;181;204;207m[48;2;183;231;248m▄[38;2;219;211;190m[48;2;186;224;233m▄[38;2;228;219;196m[48;2;185;212;216m▄[38;2;229;222;201m[48;2;202;203;189m▄[38;2;226;221;201m[48;2;231;223;201m▄[38;2;228;222;203m[48;2;226;221;200m▄[38;2;220;214;194m[48;2;230;225;206m▄[38;2;189;189;144m[48;2;203;197;187m▄[38;2;196;200;120m[48;2;213;215;120m▄[38;2;206;217;81m[48;2;246;252;105m▄[38;2;210;220;86m[48;2;231;241;103m▄[38;2;217;228;93m[48;2;219;230;95m▄[38;2;228;238;101m[48;2;210;220;88m▄[38;2;237;248;109m[48;2;210;218;86m▄[38;2;243;254;114m[48;2;215;224;89m▄[38;2;255;255;118m[48;2;223;232;97m▄[38;2;227;235;119m[48;2;240;245;100m▄[38;2;75;93;95m[48;2;150;161;103m▄[38;2;170;183;119m[48;2;122;141;162m▄[38;2;193;202;131m[48;2;66;89;109m▄[38;2;119;132;136m[48;2;61;79;88m▄[38;2;141;154;159m[48;2;104;118;129m▄[38;2;107;124;134m[48;2;200;216;224m▄[38;2;138;154;133m[48;2;158;174;191m▄[38;2;111;127;116m[48;2;124;139;142m▄[38;2;77;92;71m[48;2;161;170;81m▄[38;2;227;235;99m[48;2;217;228;89m▄[38;2;223;231;97m[48;2;205;215;83m▄[38;2;217;226;92m[48;2;206;215;83m▄[38;2;215;223;90m[48;2;209;218;85m▄[38;2;213;220;88m[48;2;221;230;95m▄[38;2;211;218;86m[48;2;233;240;104m▄[38;2;209;217;85m[48;2;239;245;108m▄[38;2;211;218;86m[48;2;240;247;109m▄[38;2;212;219;87m[48;2;242;250;111m▄[38;2;210;217;86m[48;2;241;250;110m▄[38;2;207;215;83m[48;2;229;238;101m▄[38;2;208;216;84m[48;2;215;225;91m▄[38;2;213;222;89m[48;2;208;219;86m▄[38;2;243;248;106m[48;2;233;242;97m▄[0m
[38;2;175;156;105m[48;2;172;161;116m▄[38;2;219;194;133m[48;2;207;195;139m▄[38;2;188;166;116m[48;2;191;183;136m▄[38;2;174;176;158m[48;2;183;185;151m▄[38;2;177;206;204m[48;2;173;208;213m▄[38;2;181;215;202m[48;2;184;238;255m▄[38;2;186;218;187m[48;2;183;235;255m▄[38;2;171;209;205m[48;2;185;235;255m▄[38;2;175;228;255m[48;2;185;233;253m▄[38;2;182;234;255m[48;2;185;233;254m▄[38;2;180;228;245m[48;2;185;234;255m▄[38;2;185;221;232m[48;2;184;235;255m▄[38;2;181;222;238m[48;2;185;235;255m▄[38;2;183;236;255m[48;2;185;233;253m▄[38;2;184;236;255m[48;2;185;233;253m▄[38;2;181;235;255m[48;2;185;233;253m▄[38;2;181;230;249m[48;2;185;234;254m▄[38;2;187;220;229m[48;2;184;235;255m▄[38;2;186;220;227m[48;2;183;235;255m▄[38;2;176;224;241m[48;2;184;238;255m▄[38;2;191;202;196m[48;2;177;203;208m▄[38;2;233;225;205m[48;2;212;205;185m▄[38;2;227;222;205m[48;2;218;213;193m▄[38;2;228;222;210m[48;2;225;220;200m▄[38;2;223;217;205m[48;2;227;222;202m▄[38;2;216;213;184m[48;2;231;224;210m▄[38;2;209;208;162m[48;2;216;208;197m▄[38;2;199;206;101m[48;2;194;200;95m▄[38;2;219;227;90m[48;2;228;239;92m▄[38;2;221;228;94m[48;2;237;246;108m▄[38;2;222;230;95m[48;2;247;254;114m▄[38;2;225;233;97m[48;2;252;255;117m▄[38;2;228;237;101m[48;2;250;255;118m▄[38;2;232;242;105m[48;2;249;255;118m▄[38;2;235;241;105m[48;2;253;255;118m▄[38;2;174;186;92m[48;2;203;211;109m▄[38;2;180;190;87m[48;2;99;118;86m▄[38;2;227;233;90m[48;2;171;184;91m▄[38;2;178;187;73m[48;2;238;245;95m▄[38;2;143;153;74m[48;2;243;252;91m▄[38;2;89;98;69m[48;2;146;156;88m▄[38;2;39;52;64m[48;2;40;53;72m▄[38;2;191;200;140m[48;2;94;108;68m▄[38;2;205;208;121m[48;2;234;238;101m▄[38;2;80;92;72m[48;2;151;165;101m▄[38;2;187;196;103m[48;2;107;122;83m▄[38;2;255;255;122m[48;2;250;251;118m▄[38;2;244;252;112m[48;2;251;255;118m▄[38;2;233;242;105m[48;2;249;255;117m▄[38;2;220;228;95m[48;2;244;255;114m▄[38;2;210;220;87m[48;2;234;245;107m▄[38;2;208;220;84m[48;2;219;229;94m▄[38;2;216;228;91m[48;2;209;217;84m▄[38;2;229;241;101m[48;2;207;217;82m▄[38;2;242;253;112m[48;2;212;221;87m▄[38;2;247;255;114m[48;2;221;230;96m▄[38;2;245;254;114m[48;2;220;229;95m▄[38;2;243;250;112m[48;2;216;226;92m▄[38;2;239;246;109m[48;2;213;223;89m▄[38;2;246;247;110m[48;2;227;238;92m▄[0m
[38;2;202;211;95m[48;2;170;158;105m▄[38;2;249;251;115m[48;2;218;202;134m▄[38;2;238;249;122m[48;2;207;199;117m▄[38;2;242;251;145m[48;2;221;218;111m▄[38;2;242;250;154m[48;2;230;228;99m▄[38;2;240;247;160m[48;2;237;239;91m▄[38;2;240;246;162m[48;2;215;226;100m▄[38;2;244;248;153m[48;2;202;226;148m▄[38;2;234;236;147m[48;2;209;238;154m▄[38;2;217;214;190m[48;2;191;208;158m▄[38;2;229;224;217m[48;2;208;210;199m▄[38;2;225;221;211m[48;2;224;216;194m▄[38;2;230;225;212m[48;2;211;209;192m▄[38;2;200;194;181m[48;2;187;215;218m▄[38;2;149;148;144m[48;2;187;223;230m▄[38;2;155;152;143m[48;2;196;217;217m▄[38;2;152;151;130m[48;2;208;213;203m▄[38;2;153;153;134m[48;2;224;216;197m▄[38;2;159;159;136m[48;2;229;221;200m▄[38;2;157;156;136m[48;2;220;219;200m▄[38;2;150;152;134m[48;2;224;218;199m▄[38;2;155;160;113m[48;2;225;221;197m▄[38;2;217;222;93m[48;2;222;218;187m▄[38;2;154;163;99m[48;2;216;215;156m▄[38;2;150;157;100m[48;2;212;217;113m▄[38;2;194;200;98m[48;2;209;218;85m▄[38;2;200;208;93m[48;2;210;220;78m▄[38;2;148;154;98m[48;2;218;226;83m▄[38;2;154;157;96m[48;2;215;222;84m▄[38;2;145;152;88m[48;2;217;223;84m▄[38;2;153;159;100m[48;2;216;222;81m▄[38;2;184;191;77m[48;2;212;218;86m▄[38;2;184;189;87m[48;2;212;219;83m▄[38;2;146;149;100m[48;2;214;223;81m▄[38;2;156;162;96m[48;2;212;222;82m▄[38;2;154;160;88m[48;2;232;239;87m▄[38;2;142;149;95m[48;2;172;183;73m▄[38;2;123;130;82m[48;2;71;83;50m▄[38;2;132;137;104m[48;2;79;89;85m▄[38;2;128;135;100m[48;2;118;129;142m▄[38;2;99;106;91m[48;2;125;137;148m▄[38;2;72;77;70m[48;2;85;96;101m▄[38;2;72;76;68m[48;2;64;74;86m▄[38;2;128;132;89m[48;2;31;41;45m▄[38;2;166;173;101m[48;2;93;101;55m▄[38;2;147;151;84m[48;2;206;213;99m▄[38;2;152;160;87m[48;2;229;235;102m▄[38;2;204;209;76m[48;2;213;222;90m▄[38;2;223;208;86m[48;2;205;218;83m▄[38;2;235;207;92m[48;2;206;218;82m▄[38;2;245;206;99m[48;2;215;220;87m▄[38;2;249;204;104m[48;2;230;222;97m▄[38;2;248;201;103m[48;2;241;225;106m▄[38;2;248;202;104m[48;2;245;224;108m▄[38;2;248;202;104m[48;2;244;218;105m▄[38;2;248;202;104m[48;2;243;216;104m▄[38;2;248;203;104m[48;2;243;213;104m▄[38;2;248;203;104m[48;2;244;211;105m▄[38;2;248;204;104m[48;2;245;210;106m▄[38;2;255;222;111m[48;2;252;225;114m▄[0m
[38;2;254;246;190m[48;2;235;235;140m▄[38;2;255;255;204m[48;2;249;251;173m▄[38;2;255;244;182m[48;2;242;239;202m▄[38;2;254;243;178m[48;2;249;245;221m▄[38;2;253;243;178m[48;2;251;247;225m▄[38;2;253;242;179m[48;2;252;247;226m▄[38;2;252;243;179m[48;2;252;247;227m▄[38;2;253;243;179m[48;2;252;247;227m▄[38;2;253;244;180m[48;2;252;247;227m▄[38;2;253;246;181m[48;2;255;251;223m▄[38;2;253;246;182m[48;2;253;249;218m▄[38;2;253;246;182m[48;2;251;248;217m▄[38;2;253;245;181m[48;2;249;245;214m▄[38;2;255;246;182m[48;2;243;239;208m▄[38;2;255;251;186m[48;2;220;217;189m▄[38;2;255;253;189m[48;2;206;203;160m▄[38;2;255;252;193m[48;2;225;223;142m▄[38;2;246;241;189m[48;2;230;227;142m▄[38;2;250;244;188m[48;2;226;224;142m▄[38;2;255;252;187m[48;2;220;218;143m▄[38;2;255;254;193m[48;2;222;221;145m▄[38;2;255;253;191m[48;2;225;223;142m▄[38;2;255;246;189m[48;2;245;243;142m▄[38;2;255;249;189m[48;2;223;222;147m▄[38;2;254;242;183m[48;2;215;215;152m▄[38;2;248;238;182m[48;2;231;231;148m▄[38;2;245;237;181m[48;2;229;229;140m▄[38;2;249;238;179m[48;2;211;211;141m▄[38;2;252;240;181m[48;2;214;213;142m▄[38;2;254;245;187m[48;2;206;206;138m▄[38;2;255;252;192m[48;2;198;199;144m▄[38;2;255;249;196m[48;2;231;230;134m▄[38;2;255;251;195m[48;2;225;222;145m▄[38;2;255;254;195m[48;2;208;206;149m▄[38;2;255;250;192m[48;2;221;218;145m▄[38;2;255;251;192m[48;2;211;210;143m▄[38;2;255;250;190m[48;2;216;213;143m▄[38;2;255;252;191m[48;2;213;213;138m▄[38;2;255;255;192m[48;2;206;205;147m▄[38;2;255;252;193m[48;2;218;215;137m▄[38;2;255;255;196m[48;2;220;218;140m▄[38;2;249;245;190m[48;2;213;212;136m▄[38;2;234;227;176m[48;2;213;213;140m▄[38;2;199;186;142m[48;2;231;232;157m▄[38;2;178;162;123m[48;2;221;220;150m▄[38;2;213;201;156m[48;2;222;221;143m▄[38;2;214;207;166m[48;2;229;232;141m▄[38;2;215;202;156m[48;2;246;243;158m▄[38;2;231;200;145m[48;2;254;234;160m▄[38;2;232;197;145m[48;2;253;228;150m▄[38;2;228;191;140m[48;2;251;229;149m▄[38;2;228;190;131m[48;2;250;232;155m▄[38;2;227;183;116m[48;2;248;235;163m▄[38;2;227;183;116m[48;2;250;235;163m▄[38;2;237;205;139m[48;2;250;234;161m▄[38;2;247;243;189m[48;2;249;229;154m▄[38;2;252;254;206m[48;2;247;228;151m▄[38;2;253;255;206m[48;2;249;227;148m▄[38;2;251;253;201m[48;2;249;227;148m▄[38;2;255;255;217m[48;2;255;240;163m▄[0m
[38;2;251;251;195m[48;2;253;247;186m▄[38;2;255;255;211m[48;2;255;255;203m▄[38;2;251;248;193m[48;2;252;246;188m▄[38;2;252;246;186m[48;2;254;245;185m▄[38;2;252;246;185m[48;2;253;246;186m▄[38;2;252;246;188m[48;2;253;246;187m▄[38;2;251;247;189m[48;2;252;246;186m▄[38;2;251;250;195m[48;2;252;247;189m▄[38;2;251;251;198m[48;2;251;248;190m▄[38;2;251;249;193m[48;2;251;248;191m▄[38;2;252;247;188m[48;2;251;248;192m▄[38;2;252;247;188m[48;2;251;249;192m▄[38;2;248;245;187m[48;2;252;249;192m▄[38;2;244;245;195m[48;2;254;250;190m▄[38;2;228;236;195m[48;2;244;240;184m▄[38;2;184;219;215m[48;2;239;241;189m▄[38;2;181;227;236m[48;2;249;249;192m▄[38;2;189;218;220m[48;2;198;221;203m▄[38;2;197;222;221m[48;2;175;227;239m▄[38;2;196;217;218m[48;2;201;231;215m▄[38;2;197;214;209m[48;2;229;238;195m▄[38;2;187;219;222m[48;2;212;233;209m▄[38;2;178;220;227m[48;2;207;223;197m▄[38;2;207;228;212m[48;2;255;253;194m▄[38;2;141;124;88m[48;2;165;149;108m▄[38;2;187;175;159m[48;2;172;168;148m▄[38;2;224;224;225m[48;2;208;213;202m▄[38;2;207;203;204m[48;2;192;189;177m▄[38;2;182;191;196m[48;2;182;186;176m▄[38;2;167;163;145m[48;2;175;164;137m▄[38;2;225;214;163m[48;2;231;222;170m▄[38;2;255;255;204m[48;2;255;255;200m▄[38;2;250;248;192m[48;2;251;248;190m▄[38;2;252;250;197m[48;2;252;246;188m▄[38;2;253;252;201m[48;2;252;248;191m▄[38;2;251;249;194m[48;2;251;250;193m▄[38;2;250;248;192m[48;2;251;249;191m▄[38;2;251;249;193m[48;2;251;248;187m▄[38;2;251;250;198m[48;2;252;249;193m▄[38;2;253;253;205m[48;2;252;251;198m▄[38;2;255;255;207m[48;2;254;254;201m▄[38;2;156;151;115m[48;2;213;211;167m▄[38;2;114;112;93m[48;2;74;57;42m▄[38;2;251;253;222m[48;2;87;64;50m▄[38;2;147;135;114m[48;2;55;32;22m▄[38;2;89;47;30m[48;2;93;54;39m▄[38;2;162;92;62m[48;2;116;70;51m▄[38;2;208;160;134m[48;2;187;169;158m▄[38;2;252;228;202m[48;2;232;213;198m▄[38;2;246;217;188m[48;2;228;201;179m▄[38;2;247;216;190m[48;2;231;219;209m▄[38;2;249;220;194m[48;2;230;212;197m▄[38;2;230;209;175m[48;2;221;162;109m▄[38;2;213;153;82m[48;2;215;122;35m▄[38;2;216;157;78m[48;2;213;133;49m▄[38;2;244;246;197m[48;2;236;224;164m▄[38;2;253;253;205m[48;2;254;255;208m▄[38;2;252;252;204m[48;2;253;253;206m▄[38;2;251;249;194m[48;2;252;250;196m▄[38;2;255;255;199m[48;2;255;255;203m▄[0m
[38;2;253;254;204m[48;2;251;251;197m▄[38;2;255;255;221m[48;2;255;255;212m▄[38;2;253;254;204m[48;2;252;250;195m▄[38;2;253;254;206m[48;2;251;249;193m▄[38;2;253;254;206m[48;2;251;249;193m▄[38;2;253;254;206m[48;2;251;250;195m▄[38;2;253;254;205m[48;2;251;250;195m▄[38;2;253;254;206m[48;2;251;251;198m▄[38;2;253;255;206m[48;2;251;252;201m▄[38;2;253;255;206m[48;2;251;251;198m▄[38;2;253;255;207m[48;2;252;250;197m▄[38;2;252;254;206m[48;2;252;251;198m▄[38;2;254;255;207m[48;2;244;245;195m▄[38;2;243;246;202m[48;2;213;226;197m▄[38;2;206;225;205m[48;2;186;223;222m▄[38;2;172;195;193m[48;2;177;226;239m▄[38;2;216;211;193m[48;2;192;210;209m▄[38;2;222;214;194m[48;2;224;215;196m▄[38;2;205;199;187m[48;2;215;212;196m▄[38;2;221;213;202m[48;2;212;212;200m▄[38;2;203;198;186m[48;2;198;199;187m▄[38;2;195;196;187m[48;2;206;205;191m▄[38;2;205;207;188m[48;2;178;195;196m▄[38;2;238;238;196m[48;2;195;218;205m▄[38;2;255;255;216m[48;2;207;202;162m▄[38;2;255;255;211m[48;2;227;216;171m▄[38;2;255;255;209m[48;2;232;225;183m▄[38;2;255;255;209m[48;2;229;223;179m▄[38;2;255;255;210m[48;2;216;213;170m▄[38;2;255;255;213m[48;2;218;211;166m▄[38;2;255;255;213m[48;2;243;240;192m▄[38;2;255;255;209m[48;2;254;254;207m▄[38;2;255;255;210m[48;2;252;252;202m▄[38;2;255;255;213m[48;2;252;254;205m▄[38;2;254;255;207m[48;2;253;254;206m▄[38;2;252;255;206m[48;2;251;251;199m▄[38;2;252;254;205m[48;2;250;249;195m▄[38;2;253;255;206m[48;2;252;253;204m▄[38;2;253;255;206m[48;2;253;253;204m▄[38;2;252;255;206m[48;2;253;253;204m▄[38;2;255;255;219m[48;2;255;255;211m▄[38;2;190;185;148m[48;2;165;159;122m▄[38;2;37;19;10m[48;2;145;141;119m▄[38;2;58;39;28m[48;2;201;197;172m▄[38;2;63;39;29m[48;2;91;77;62m▄[38;2;101;66;48m[48;2;94;58;40m▄[38;2;104;66;45m[48;2;138;85;58m▄[38;2;94;58;34m[48;2;137;83;57m▄[38;2;144;67;111m[48;2;162;123;97m▄[38;2;208;125;175m[48;2;184;153;128m▄[38;2;241;201;187m[48;2;234;208;171m▄[38;2;235;164;194m[48;2;237;216;175m▄[38;2;205;121;182m[48;2;227;217;182m▄[38;2;240;214;184m[48;2;243;240;195m▄[38;2;235;227;190m[48;2;241;233;179m▄[38;2;254;255;209m[48;2;246;244;196m▄[38;2;252;254;205m[48;2;253;255;207m▄[38;2;253;255;206m[48;2;252;254;205m▄[38;2;252;255;206m[48;2;252;252;202m▄[38;2;255;255;224m[48;2;255;255;211m▄[0m
[38;2;253;254;206m[48;2;253;254;206m▄[38;2;255;255;223m[48;2;255;255;223m▄[38;2;253;255;206m[48;2;253;255;206m▄[38;2;253;255;206m[48;2;253;255;206m▄[38;2;252;255;206m[48;2;253;255;206m▄[38;2;252;255;206m[48;2;253;255;206m▄[38;2;252;254;205m[48;2;253;255;206m▄[38;2;253;255;207m[48;2;253;255;206m▄[38;2;248;248;201m[48;2;254;255;207m▄[38;2;219;210;166m[48;2;255;255;215m▄[38;2;194;201;163m[48;2;255;255;214m▄[38;2;189;210;178m[48;2;255;255;210m▄[38;2;233;237;202m[48;2;255;255;206m▄[38;2;243;243;226m[48;2;253;254;202m▄[38;2;239;240;236m[48;2;248;247;204m▄[38;2;243;240;239m[48;2;227;229;202m▄[38;2;195;217;215m[48;2;201;206;187m▄[38;2;147;226;213m[48;2;157;146;138m▄[38;2;177;232;221m[48;2;145;99;95m▄[38;2;229;228;227m[48;2;130;83;81m▄[38;2;213;211;206m[48;2;126;93;85m▄[38;2;213;210;177m[48;2;201;195;167m▄[38;2;255;255;208m[48;2;252;252;209m▄[38;2;251;255;205m[48;2;255;255;208m▄[38;2;252;255;206m[48;2;252;255;206m▄[38;2;252;255;206m[48;2;252;255;206m▄[38;2;252;254;205m[48;2;252;254;205m▄[38;2;253;254;205m[48;2;252;254;205m▄[38;2;255;255;214m[48;2;253;255;207m▄[38;2;190;193;161m[48;2;246;247;203m▄[38;2;95;106;110m[48;2;223;227;192m▄[38;2;169;183;186m[48;2;223;227;192m▄[38;2;172;186;188m[48;2;223;224;187m▄[38;2;160;171;168m[48;2;214;211;166m▄[38;2;175;183;173m[48;2;255;255;208m▄[38;2;225;226;188m[48;2;255;255;210m▄[38;2;254;255;210m[48;2;253;255;206m▄[38;2;252;254;205m[48;2;253;255;206m▄[38;2;252;255;205m[48;2;251;255;205m▄[38;2;253;255;207m[48;2;252;255;206m▄[38;2;255;255;217m[48;2;255;255;215m▄[38;2;199;200;166m[48;2;214;212;173m▄[38;2;41;47;37m[48;2;49;46;36m▄[38;2;101;105;80m[48;2;77;77;62m▄[38;2;89;74;51m[48;2;77;56;44m▄[38;2;106;61;41m[48;2;112;66;47m▄[38;2;159;111;85m[48;2;168;99;67m▄[38;2;163;128;99m[48;2;147;87;58m▄[38;2;164;97;93m[48;2;185;89;137m▄[38;2;227;86;210m[48;2;239;102;223m▄[38;2;238;94;223m[48;2;228;98;215m▄[38;2;233;94;217m[48;2;226;88;215m▄[38;2;234;83;219m[48;2;221;93;201m▄[38;2;205;127;173m[48;2;236;193;180m▄[38;2;222;208;170m[48;2;239;217;180m▄[38;2;229;235;196m[48;2;252;251;203m▄[38;2;229;241;201m[48;2;255;255;209m▄[38;2;216;232;196m[48;2;255;255;209m▄[38;2;204;224;192m[48;2;255;255;210m▄[38;2;207;204;173m[48;2;255;255;234m▄[0m
[38;2;228;215;168m[48;2;254;254;211m▄[38;2;237;222;185m[48;2;255;255;229m▄[38;2;241;237;178m[48;2;255;255;210m▄[38;2;240;240;180m[48;2;255;255;210m▄[38;2;240;240;177m[48;2;255;255;210m▄[38;2;244;243;177m[48;2;255;255;210m▄[38;2;247;247;177m[48;2;254;255;209m▄[38;2;248;246;179m[48;2;255;255;215m▄[38;2;234;229;163m[48;2;239;235;193m▄[38;2;148;132;79m[48;2;130;92;59m▄[38;2;209;202;168m[48;2;78;88;84m▄[38;2;251;246;207m[48;2;148;179;193m▄[38;2;222;221;182m[48;2;225;229;237m▄[38;2;216;217;188m[48;2;210;214;223m▄[38;2;209;211;187m[48;2;222;225;229m▄[38;2;184;180;151m[48;2;215;218;215m▄[38;2;194;186;138m[48;2;202;212;207m▄[38;2;192;184;130m[48;2;152;183;177m▄[38;2;146;142;107m[48;2;176;205;202m▄[38;2;163;157;124m[48;2;252;253;254m▄[38;2;221;212;158m[48;2;227;227;233m▄[38;2;210;198;140m[48;2;181;181;167m▄[38;2;214;204;139m[48;2;254;255;207m▄[38;2;212;201;145m[48;2;255;255;212m▄[38;2;220;220;169m[48;2;255;255;212m▄[38;2;241;246;187m[48;2;255;255;211m▄[38;2;249;253;189m[48;2;254;255;209m▄[38;2;248;252;188m[48;2;254;255;209m▄[38;2;252;255;191m[48;2;255;255;212m▄[38;2;220;224;178m[48;2;242;242;203m▄[38;2;100;105;100m[48;2;96;104;95m▄[38;2;25;36;44m[48;2;61;74;82m▄[38;2;166;172;151m[48;2;115;130;126m▄[38;2;205;209;180m[48;2;230;236;207m▄[38;2;115;127;107m[48;2;106;120;111m▄[38;2;250;255;194m[48;2;183;188;165m▄[38;2;255;255;198m[48;2;255;255;219m▄[38;2;241;249;196m[48;2;255;255;210m▄[38;2;232;243;170m[48;2;255;255;207m▄[38;2;240;250;164m[48;2;255;255;205m▄[38;2;242;250;163m[48;2;255;255;213m▄[38;2;228;230;128m[48;2;204;203;165m▄[38;2;197;194;85m[48;2;42;43;37m▄[38;2;194;192;92m[48;2;100;101;75m▄[38;2;84;72;54m[48;2;87;69;43m▄[38;2;85;59;53m[48;2;106;59;39m▄[38;2;106;72;54m[48;2;123;82;66m▄[38;2;150;92;61m[48;2;163;112;84m▄[38;2;218;201;183m[48;2;209;138;178m▄[38;2;250;255;248m[48;2;239;139;233m▄[38;2;238;245;238m[48;2;232;135;221m▄[38;2;236;243;240m[48;2;234;139;222m▄[38;2;250;255;255m[48;2;243;143;232m▄[38;2;155;145;128m[48;2;163;107;134m▄[38;2;45;55;49m[48;2;19;81;83m▄[38;2;103;136;136m[48;2;12;90;110m▄[38;2;114;147;145m[48;2;7;81;102m▄[38;2;110;147;142m[48;2;0;75;99m▄[38;2;106;146;147m[48;2;0;68;94m▄[38;2;125;108;87m[48;2;86;81;59m▄[0m
[38;2;188;244;254m[48;2;174;184;154m▄[38;2;202;255;255m[48;2;191;205;157m▄[38;2;184;236;255m[48;2;195;218;169m▄[38;2;183;235;255m[48;2;196;223;174m▄[38;2;183;235;255m[48;2;197;224;169m▄[38;2;182;234;255m[48;2;201;228;169m▄[38;2;182;234;255m[48;2;193;223;165m▄[38;2;183;234;255m[48;2;197;225;163m▄[38;2;181;233;255m[48;2;209;235;173m▄[38;2;183;235;255m[48;2;205;231;170m▄[38;2;184;235;255m[48;2;197;224;161m▄[38;2;181;233;255m[48;2;207;235;169m▄[38;2;182;234;255m[48;2;199;229;165m▄[38;2;183;235;255m[48;2;189;219;172m▄[38;2;183;235;255m[48;2;202;228;173m▄[38;2;185;237;255m[48;2;191;216;171m▄[38;2;184;237;255m[48;2;195;219;177m▄[38;2;184;237;255m[48;2;198;220;180m▄[38;2;184;237;255m[48;2;191;214;175m▄[38;2;185;238;255m[48;2;183;206;170m▄[38;2;183;236;255m[48;2;195;218;179m▄[38;2;180;228;248m[48;2;196;219;181m▄[38;2;179;219;224m[48;2;193;219;187m▄[38;2;185;193;170m[48;2;186;215;180m▄[38;2;198;179;129m[48;2;183;189;124m▄[38;2;204;180;128m[48;2;202;197;103m▄[38;2;201;177;127m[48;2;216;210;115m▄[38;2;200;179;128m[48;2;217;212;116m▄[38;2;200;179;128m[48;2;221;215;117m▄[38;2;206;184;129m[48;2;189;184;107m▄[38;2;214;192;132m[48;2;149;143;96m▄[38;2;217;194;133m[48;2;124;119;86m▄[38;2;214;190;133m[48;2;132;126;97m▄[38;2;216;191;137m[48;2;143;138;108m▄[38;2;198;173;129m[48;2;162;156;102m▄[38;2;89;48;19m[48;2;175;163;73m▄[38;2;99;51;14m[48;2;167;152;65m▄[38;2;117;75;28m[48;2;148;131;61m▄[38;2;140;106;39m[48;2;121;109;64m▄[38;2;161;140;60m[48;2;118;111;80m▄[38;2;200;189;91m[48;2;138;133;100m▄[38;2;222;217;100m[48;2;144;139;94m▄[38;2;236;239;108m[48;2;168;168;103m▄[38;2;244;252;111m[48;2;177;184;104m▄[38;2;249;255;111m[48;2;180;195;102m▄[38;2;248;255;110m[48;2;177;195;95m▄[38;2;242;251;107m[48;2;189;202;87m▄[38;2;236;247;106m[48;2;197;206;83m▄[38;2;231;241;101m[48;2;205;213;92m▄[38;2;228;236;96m[48;2;218;228;109m▄[38;2;226;234;93m[48;2;222;232;117m▄[38;2;223;232;90m[48;2;224;231;127m▄[38;2;217;225;85m[48;2;232;241;140m▄[38;2;220;229;88m[48;2;215;218;114m▄[38;2;225;235;94m[48;2;216;210;101m▄[38;2;221;230;89m[48;2;253;253;142m▄[38;2;217;226;85m[48;2;255;255;148m▄[38;2;210;220;80m[48;2;255;255;143m▄[38;2;205;216;76m[48;2;251;252;142m▄[38;2;235;248;97m[48;2;214;211;104m▄[0m
[38;2;186;235;254m[48;2;186;235;254m▄[38;2;200;252;255m[48;2;200;252;255m▄[38;2;185;233;253m[48;2;185;233;253m▄[38;2;185;233;253m[48;2;185;233;253m▄[38;2;185;233;253m[48;2;185;233;253m▄[38;2;185;233;253m[48;2;185;233;253m▄[38;2;185;233;253m[48;2;185;233;253m▄[38;2;185;233;253m[48;2;185;233;253m▄[38;2;185;233;253m[48;2;185;233;253m▄[38;2;185;233;253m[48;2;185;233;253m▄[38;2;185;233;253m[48;2;185;233;253m▄[38;2;185;233;253m[48;2;185;233;253m▄[38;2;185;233;253m[48;2;185;233;253m▄[38;2;185;233;253m[48;2;185;233;253m▄[38;2;185;233;253m[48;2;185;233;253m▄[38;2;185;233;253m[48;2;185;233;253m▄[38;2;185;233;252m[48;2;185;233;253m▄[38;2;185;234;252m[48;2;185;233;253m▄[38;2;186;234;253m[48;2;185;233;253m▄[38;2;186;236;255m[48;2;185;234;254m▄[38;2;186;239;255m[48;2;184;233;251m▄[38;2;184;241;255m[48;2;169;189;183m▄[38;2;178;220;231m[48;2;191;170;115m▄[38;2;178;191;175m[48;2;208;179;113m▄[38;2;187;172;131m[48;2;206;186;127m▄[38;2;199;177;126m[48;2;204;185;129m▄[38;2;199;179;126m[48;2;204;183;129m▄[38;2;201;184;123m[48;2;202;182;128m▄[38;2;205;194;119m[48;2;201;180;129m▄[38;2;214;207;117m[48;2;200;178;129m▄[38;2;223;221;113m[48;2;198;176;127m▄[38;2;232;235;112m[48;2;199;179;126m▄[38;2;233;241;107m[48;2;197;181;120m▄[38;2;231;243;103m[48;2;196;184;114m▄[38;2;232;244;100m[48;2;190;185;101m▄[38;2;238;248;104m[48;2;174;171;71m▄[38;2;216;229;101m[48;2;211;210;88m▄[38;2;189;190;72m[48;2;240;245;107m▄[38;2;170;159;78m[48;2;254;255;116m▄[38;2;155;125;72m[48;2;255;255;121m▄[38;2;190;206;131m[48;2;255;255;115m▄[38;2;185;201;135m[48;2;255;255;113m▄[38;2;178;193;137m[48;2;255;255;111m▄[38;2;195;205;125m[48;2;251;255;110m▄[38;2;240;245;105m[48;2;248;255;116m▄[38;2;238;246;102m[48;2;251;255;118m▄[38;2;220;229;94m[48;2;251;255;117m▄[38;2;213;223;88m[48;2;248;255;116m▄[38;2;213;223;89m[48;2;243;251;113m▄[38;2;220;228;93m[48;2;236;243;106m▄[38;2;228;236;100m[48;2;226;235;98m▄[38;2;235;245;106m[48;2;218;227;93m▄[38;2;241;251;110m[48;2;213;223;89m▄[38;2;245;251;109m[48;2;214;224;91m▄[38;2;249;250;106m[48;2;221;231;95m▄[38;2;251;248;101m[48;2;229;238;103m▄[38;2;252;245;96m[48;2;233;242;105m▄[38;2;253;244;94m[48;2;231;239;101m▄[38;2;254;243;92m[48;2;227;233;97m▄[38;2;255;255;101m[48;2;239;245;100m▄[0m
[38;2;186;237;254m[48;2;186;235;254m▄[38;2;200;253;255m[48;2;200;252;255m▄[38;2;184;235;255m[48;2;185;233;253m▄[38;2;185;235;255m[48;2;185;233;253m▄[38;2;185;233;253m[48;2;185;233;253m▄[38;2;185;233;253m[48;2;185;233;253m▄[38;2;185;233;253m[48;2;185;233;253m▄[38;2;185;233;254m[48;2;185;233;253m▄[38;2;185;234;254m[48;2;185;233;253m▄[38;2;185;233;253m[48;2;185;233;253m▄[38;2;185;233;253m[48;2;185;233;253m▄[38;2;185;233;253m[48;2;185;233;253m▄[38;2;185;235;255m[48;2;185;233;253m▄[38;2;183;235;255m[48;2;185;233;253m▄[38;2;184;235;255m[48;2;185;233;253m▄[38;2;185;234;255m[48;2;185;233;253m▄[38;2;185;233;254m[48;2;185;233;253m▄[38;2;183;234;254m[48;2;185;233;253m▄[38;2;184;207;208m[48;2;186;235;255m▄[38;2;197;196;136m[48;2;178;221;244m▄[38;2;201;199;91m[48;2;175;206;213m▄[38;2;208;208;83m[48;2;179;198;184m▄[38;2;211;216;82m[48;2;187;193;155m▄[38;2;218;227;88m[48;2;199;198;134m▄[38;2;223;233;93m[48;2;212;207;118m▄[38;2;226;237;96m[48;2;226;223;115m▄[38;2;228;239;99m[48;2;235;237;114m▄[38;2;231;241;102m[48;2;241;247;114m▄[38;2;236;244;106m[48;2;249;255;114m▄[38;2;239;248;110m[48;2;249;255;115m▄[38;2;241;251;112m[48;2;249;255;115m▄[38;2;243;253;113m[48;2;246;255;115m▄[38;2;245;255;116m[48;2;245;255;116m▄[38;2;244;253;115m[48;2;248;255;118m▄[38;2;241;249;112m[48;2;250;255;118m▄[38;2;237;243;104m[48;2;255;255;113m▄[38;2;190;200;94m[48;2;184;194;137m▄[38;2;187;202;183m[48;2;142;157;165m▄[38;2;206;222;231m[48;2;152;165;169m▄[38;2;82;101;112m[48;2;137;146;154m▄[38;2;61;80;90m[48;2;139;153;164m▄[38;2;80;99;110m[48;2;133;147;158m▄[38;2;68;86;93m[48;2;146;160;171m▄[38;2;183;199;202m[48;2;180;195;199m▄[38;2;186;200;172m[48;2;141;153;129m▄[38;2;110;128;97m[48;2;153;163;94m▄[38;2;146;160;106m[48;2;229;236;90m▄[38;2;239;241;115m[48;2;216;225;88m▄[38;2;244;251;112m[48;2;215;226;91m▄[38;2;239;248;109m[48;2;222;230;97m▄[38;2;236;244;103m[48;2;225;234;100m▄[38;2;214;225;122m[48;2;229;239;96m▄[38;2;195;211;144m[48;2;234;241;90m▄[38;2;239;244;148m[48;2;252;251;132m▄[38;2;248;251;153m[48;2;253;251;140m▄[38;2;251;253;151m[48;2;251;249;132m▄[38;2;253;255;151m[48;2;251;248;128m▄[38;2;255;255;151m[48;2;250;247;125m▄[38;2;254;255;153m[48;2;250;247;119m▄[38;2;255;255;124m[48;2;255;255;112m▄[0m
[38;2;195;190;158m[48;2;188;235;254m▄[38;2;223;218;189m[48;2;202;249;253m▄[38;2;222;212;191m[48;2;187;226;240m▄[38;2;200;202;190m[48;2;185;225;238m▄[38;2;183;219;225m[48;2;183;234;255m▄[38;2;192;224;228m[48;2;183;235;255m▄[38;2;197;219;216m[48;2;181;233;255m▄[38;2;208;217;208m[48;2;181;231;253m▄[38;2;207;209;198m[48;2;181;230;250m▄[38;2;180;219;231m[48;2;185;235;255m▄[38;2;181;228;249m[48;2;185;235;255m▄[38;2;191;211;219m[48;2;181;234;255m▄[38;2;217;211;202m[48;2;184;220;232m▄[38;2;226;215;200m[48;2;193;221;227m▄[38;2;217;211;187m[48;2;188;226;238m▄[38;2;207;212;166m[48;2;182;228;252m▄[38;2;210;229;153m[48;2;178;230;255m▄[38;2;209;239;171m[48;2;172;233;255m▄[38;2;220;239;145m[48;2;181;210;181m▄[38;2;251;255;114m[48;2;250;253;101m▄[38;2;252;255;116m[48;2;252;255;111m▄[38;2;254;255;116m[48;2;247;255;112m▄[38;2;254;255;118m[48;2;244;252;112m▄[38;2;253;255;118m[48;2;239;247;110m▄[38;2;247;255;115m[48;2;236;243;106m▄[38;2;239;248;109m[48;2;232;240;104m▄[38;2;230;240;103m[48;2;228;237;102m▄[38;2;223;232;96m[48;2;224;233;99m▄[38;2;217;227;91m[48;2;219;227;93m▄[38;2;214;225;90m[48;2;213;220;88m▄[38;2;218;228;93m[48;2;211;219;86m▄[38;2;225;234;98m[48;2;214;221;88m▄[38;2;233;241;105m[48;2;216;225;92m▄[38;2;232;240;105m[48;2;213;223;90m▄[38;2;220;225;103m[48;2;210;220;84m▄[38;2;166;177;96m[48;2;217;226;82m▄[38;2;125;141;89m[48;2;212;220;88m▄[38;2;169;182;94m[48;2;140;152;104m▄[38;2;201;209;81m[48;2;157;173;161m▄[38;2;192;197;71m[48;2;195;208;154m▄[38;2;162;167;63m[48;2;201;213;142m▄[38;2;148;151;63m[48;2;211;221;142m▄[38;2;120;126;70m[48;2;140;153;124m▄[38;2;55;65;79m[48;2;89;101;111m▄[38;2;81;97;87m[48;2;138;148;116m▄[38;2;187;201;108m[48;2;124;141;98m▄[38;2;230;238;100m[48;2;108;126;93m▄[38;2;218;226;93m[48;2;229;233;112m▄[38;2;209;220;88m[48;2;249;252;112m▄[38;2;215;225;92m[48;2;235;244;106m▄[38;2;224;233;97m[48;2;227;236;94m▄[38;2;237;244;101m[48;2;200;211;117m▄[38;2;240;248;106m[48;2;199;222;199m▄[38;2;238;249;125m[48;2;200;221;205m▄[38;2;232;246;136m[48;2;196;218;200m▄[38;2;226;243;148m[48;2;196;217;194m▄[38;2;221;239;159m[48;2;202;222;193m▄[38;2;214;230;158m[48;2;209;226;188m▄[38;2;209;225;163m[48;2;219;233;188m▄[38;2;220;227;174m[48;2;233;242;186m▄[0m
[38;2;243;238;230m[48;2;192;168;104m▄[38;2;255;255;249m[48;2;200;177;113m▄[38;2;255;255;255m[48;2;190;180;149m▄[38;2;255;255;255m[48;2;223;219;201m▄[38;2;255;255;255m[48;2;220;213;192m▄[38;2;255;255;255m[48;2;223;214;191m▄[38;2;255;255;255m[48;2;225;216;192m▄[38;2;255;255;255m[48;2;226;217;194m▄[38;2;255;255;252m[48;2;226;218;198m▄[38;2;250;249;226m[48;2;194;195;169m▄[38;2;255;255;192m[48;2;209;212;142m▄[38;2;255;255;178m[48;2;230;226;143m▄[38;2;255;255;162m[48;2;222;224;131m▄[38;2;255;255;147m[48;2;213;220;113m▄[38;2;255;255;135m[48;2;209;217;94m▄[38;2;252;255;120m[48;2;215;223;82m▄[38;2;241;250;106m[48;2;223;229;82m▄[38;2;229;239;96m[48;2;227;231;84m▄[38;2;229;238;93m[48;2;229;237;92m▄[38;2;221;228;86m[48;2;229;238;102m▄[38;2;166;172;115m[48;2;227;234;105m▄[38;2;147;148;107m[48;2;221;228;107m▄[38;2;154;158;121m[48;2;215;223;99m▄[38;2;146;149;114m[48;2;208;216;94m▄[38;2;154;161;105m[48;2;213;223;89m▄[38;2;191;199;105m[48;2;222;233;92m▄[38;2;241;247;108m[48;2;223;234;96m▄[38;2;216;223;114m[48;2;229;239;102m▄[38;2;169;174;124m[48;2;238;245;107m▄[38;2;171;175;118m[48;2;245;252;113m▄[38;2;168;172;112m[48;2;250;255;117m▄[38;2;168;175;121m[48;2;253;255;114m▄[38;2;188;195;124m[48;2;251;255;114m▄[38;2;249;253;109m[48;2;245;252;116m▄[38;2;191;197;119m[48;2;219;226;116m▄[38;2;173;176;138m[48;2;206;211;117m▄[38;2;151;155;117m[48;2;192;199;95m▄[38;2;97;100;89m[48;2;91;91;45m▄[38;2;108;111;94m[48;2;43;47;31m▄[38;2;149;153;141m[48;2;65;73;73m▄[38;2;169;178;143m[48;2;87;96;111m▄[38;2;192;205;131m[48;2;111;123;147m▄[38;2;125;133;93m[48;2;127;138;153m▄[38;2;49;53;32m[48;2;120;129;136m▄[38;2;51;54;34m[48;2;90;98;99m▄[38;2;107;111;62m[48;2;65;72;64m▄[38;2;174;179;90m[48;2;25;31;26m▄[38;2;232;237;113m[48;2;49;53;32m▄[38;2;255;255;125m[48;2;165;176;76m▄[38;2;253;255;131m[48;2;228;239;96m▄[38;2;244;250;140m[48;2;223;233;90m▄[38;2;234;221;104m[48;2;226;239;99m▄[38;2;246;206;86m[48;2;229;240;101m▄[38;2;255;209;95m[48;2;236;237;99m▄[38;2;255;227;127m[48;2;243;231;93m▄[38;2;255;242;157m[48;2;242;220;84m▄[38;2;255;255;177m[48;2;239;215;86m▄[38;2;255;255;206m[48;2;241;225;112m▄[38;2;255;255;212m[48;2;244;227;121m▄[38;2;255;255;228m[48;2;253;235;138m▄[0m
