[38;2;78;78;78m[48;2;74;77;77m▄[38;2;53;56;52m[48;2;49;51;47m▄[38;2;76;78;76m[48;2;66;68;66m▄[38;2;93;94;94m[48;2;85;87;87m▄[38;2;95;95;95m[48;2;87;87;87m▄[38;2;94;95;95m[48;2;85;87;87m▄[38;2;83;87;85m[48;2;78;79;78m▄[38;2;100;107;98m[48;2;97;102;93m▄[38;2;103;109;101m[48;2;102;112;102m▄[38;2;106;112;104m[48;2;98;106;98m▄[38;2;104;108;100m[48;2;81;83;79m▄[38;2;110;117;109m[48;2;87;93;87m▄[38;2;108;115;105m[48;2;100;110;98m▄[38;2;99;106;96m[48;2;98;108;97m▄[38;2;101;108;98m[48;2;93;102;93m▄[38;2;116;124;114m[48;2;125;133;116m▄[38;2;113;120;112m[48;2;98;100;93m▄[38;2;110;117;108m[48;2;79;83;79m▄[38;2;110;117;109m[48;2;79;83;78m▄[38;2;111;119;109m[48;2;83;85;76m▄[38;2;110;117;107m[48;2;62;64;53m▄[38;2;109;116;106m[48;2;58;60;49m▄[38;2;117;125;113m[48;2;140;146;119m▄[38;2;118;125;113m[48;2;138;140;110m▄[38;2;114;120;109m[48;2;106;100;74m▄[38;2;110;118;109m[48;2;74;76;68m▄[38;2;111;118;109m[48;2;74;74;70m▄[38;2;111;118;109m[48;2;74;76;70m▄[38;2;111;118;109m[48;2;74;76;70m▄[38;2;111;118;109m[48;2;74;76;70m▄[38;2;111;118;109m[48;2;74;76;70m▄[38;2;111;118;109m[48;2;76;78;70m▄[38;2;111;118;109m[48;2;70;72;66m▄[38;2;111;118;109m[48;2;64;68;60m▄[38;2;111;118;109m[48;2;66;70;62m▄[38;2;112;119;109m[48;2;66;70;62m▄[38;2;111;118;109m[48;2;64;68;60m▄[38;2;112;119;110m[48;2;76;79;74m▄[38;2;113;120;111m[48;2;85;87;85m▄[38;2;114;120;111m[48;2;85;87;83m▄[38;2;112;120;110m[48;2;78;81;78m▄[38;2;111;119;110m[48;2;64;70;70m▄[38;2;111;118;110m[48;2;66;72;72m▄[38;2;111;117;109m[48;2;64;70;70m▄[38;2;113;117;110m[48;2;62;70;70m▄[38;2;113;119;110m[48;2;64;70;70m▄[38;2;116;121;114m[48;2;70;74;76m▄[38;2;118;123;118m[48;2;72;76;78m▄[38;2;120;124;123m[48;2;74;78;81m▄[38;2;123;126;128m[48;2;76;81;85m▄[38;2;127;128;134m[48;2;78;79;89m▄[38;2;134;133;141m[48;2;108;108;121m▄[38;2;137;136;148m[48;2;127;127;140m▄[38;2;138;137;151m[48;2;123;125;138m▄[38;2;139;137;154m[48;2;125;127;142m▄[38;2;138;135;154m[48;2;102;104;117m▄[38;2;138;135;153m[48;2;98;98;110m▄[38;2;136;135;149m[48;2;100;100;112m▄[38;2;134;133;145m[48;2;98;97;106m▄[38;2;141;141;148m[48;2;102;102;110m▄[0m
[38;2;82;82;84m[48;2;78;80;78m▄[38;2;52;52;51m[48;2;52;53;51m▄[38;2;71;72;72m[48;2;73;73;73m▄[38;2;86;88;87m[48;2;88;88;88m▄[38;2;87;88;87m[48;2;88;88;88m▄[38;2;87;87;87m[48;2;88;89;88m▄[38;2;81;82;81m[48;2;78;80;79m▄[38;2;95;102;93m[48;2;94;101;92m▄[38;2;103;111;102m[48;2;100;108;100m▄[38;2;99;105;97m[48;2;99;105;97m▄[38;2;92;94;87m[48;2;91;93;87m▄[38;2;97;103;95m[48;2;93;98;91m▄[38;2;86;90;85m[48;2;100;104;97m▄[38;2;47;51;49m[48;2;89;93;87m▄[38;2;40;46;45m[48;2;70;73;68m▄[38;2;45;51;48m[48;2;80;85;79m▄[38;2;42;55;54m[48;2;82;88;80m▄[38;2;50;72;72m[48;2;81;88;81m▄[38;2;41;54;54m[48;2;82;88;81m▄[38;2;45;50;51m[48;2;82;87;81m▄[38;2;53;64;66m[48;2;81;86;80m▄[38;2;42;50;51m[48;2;82;87;82m▄[38;2;54;66;69m[48;2;78;84;78m▄[38;2;53;62;61m[48;2;79;84;79m▄[38;2;65;76;68m[48;2;80;85;81m▄[38;2;39;44;42m[48;2;82;88;82m▄[38;2;39;45;43m[48;2;82;88;82m▄[38;2;40;45;44m[48;2;82;88;82m▄[38;2;40;44;43m[48;2;82;88;82m▄[38;2;41;44;43m[48;2;82;88;83m▄[38;2;40;44;43m[48;2;83;88;83m▄[38;2;41;44;43m[48;2;82;88;82m▄[38;2;40;44;43m[48;2;82;88;82m▄[38;2;40;44;43m[48;2;82;88;82m▄[38;2;40;44;43m[48;2;82;88;82m▄[38;2;40;44;43m[48;2;82;88;82m▄[38;2;39;44;44m[48;2;82;89;82m▄[38;2;37;43;44m[48;2;82;89;82m▄[38;2;35;42;44m[48;2;81;88;82m▄[38;2;35;43;44m[48;2;81;88;82m▄[38;2;37;44;44m[48;2;81;88;81m▄[38;2;39;45;43m[48;2;83;90;82m▄[38;2;40;46;44m[48;2;84;90;83m▄[38;2;40;45;43m[48;2;85;89;84m▄[38;2;40;45;46m[48;2;86;90;85m▄[38;2;39;43;49m[48;2;87;91;87m▄[38;2;58;60;68m[48;2;85;89;88m▄[38;2;85;83;93m[48;2;84;88;90m▄[38;2;57;56;75m[48;2;95;98;104m▄[38;2;66;63;89m[48;2;101;100;112m▄[38;2;73;67;101m[48;2;106;104;121m▄[38;2;81;72;114m[48;2;112;107;129m▄[38;2;85;75;123m[48;2;116;111;138m▄[38;2;84;73;127m[48;2;120;112;144m▄[38;2;134;108;183m[48;2;116;108;141m▄[38;2;115;90;161m[48;2;119;112;147m▄[38;2;87;78;130m[48;2;122;115;149m▄[38;2;91;79;130m[48;2;119;113;141m▄[38;2;85;75;121m[48;2;118;113;137m▄[38;2;84;77;116m[48;2;124;120;140m▄[0m
[38;2;84;84;84m[48;2;84;84;84m▄[38;2;53;53;52m[48;2;53;54;52m▄[38;2;70;73;71m[48;2;70;72;71m▄[38;2;85;87;87m[48;2;85;88;87m▄[38;2;86;86;86m[48;2;86;87;87m▄[38;2;84;86;85m[48;2;86;87;87m▄[38;2;79;81;80m[48;2;81;82;81m▄[38;2;95;101;93m[48;2;93;98;90m▄[38;2;102;109;101m[48;2;93;100;92m▄[38;2;101;107;99m[48;2;99;104;98m▄[38;2;87;89;85m[48;2;92;95;89m▄[38;2;77;78;79m[48;2;79;82;79m▄[38;2;84;86;91m[48;2;81;82;81m▄[38;2;76;82;85m[48;2;65;69;66m▄[38;2;65;77;77m[48;2;62;75;67m▄[38;2;87;103;107m[48;2;68;79;72m▄[38;2;72;85;85m[48;2;54;71;68m▄[38;2;55;77;80m[48;2;56;82;82m▄[38;2;57;82;88m[48;2;53;74;75m▄[38;2;56;77;80m[48;2;59;74;76m▄[38;2;67;92;87m[48;2;67;83;86m▄[38;2;77;107;97m[48;2;62;82;75m▄[38;2;73;90;87m[48;2;67;87;85m▄[38;2;76;89;80m[48;2;74;90;87m▄[38;2;54;60;57m[48;2;82;98;85m▄[38;2;81;71;70m[48;2;58;71;63m▄[38;2;97;81;79m[48;2;32;40;40m▄[38;2;55;55;55m[48;2;40;46;45m▄[38;2;44;49;51m[48;2;42;48;47m▄[38;2;49;52;54m[48;2;43;47;47m▄[38;2;51;55;56m[48;2;44;47;47m▄[38;2;50;55;57m[48;2;43;47;47m▄[38;2;42;51;56m[48;2;43;47;47m▄[38;2;41;48;53m[48;2;43;49;48m▄[38;2;69;58;50m[48;2;38;47;48m▄[38;2;119;81;49m[48;2;36;45;46m▄[38;2;141;92;50m[48;2;45;48;46m▄[38;2;150;97;51m[48;2;54;52;46m▄[38;2;154;99;52m[48;2;62;56;47m▄[38;2;152;97;51m[48;2;56;53;45m▄[38;2;139;91;50m[48;2;45;47;46m▄[38;2;117;81;51m[48;2;37;46;49m▄[38;2;86;67;51m[48;2;37;47;50m▄[38;2;59;57;58m[48;2;45;52;55m▄[38;2;50;55;66m[48;2;53;55;61m▄[38;2;57;58;70m[48;2;51;51;60m▄[38;2;99;95;106m[48;2;86;85;94m▄[38;2;152;143;160m[48;2;156;150;160m▄[38;2;90;81;113m[48;2;61;56;82m▄[38;2;87;76;122m[48;2;77;71;106m▄[38;2;102;87;145m[48;2;87;78;123m▄[38;2;107;87;159m[48;2;97;84;140m▄[38;2;154;132;200m[48;2;101;87;147m▄[38;2;224;198;249m[48;2;174;160;199m▄[38;2;231;223;243m[48;2;250;228;255m▄[38;2;211;178;248m[48;2;223;173;243m▄[38;2;177;115;239m[48;2;125;94;177m▄[38;2;120;97;183m[48;2;102;88;155m▄[38;2;115;96;169m[48;2;99;86;147m▄[38;2;113;96;159m[48;2;97;87;141m▄[0m
[38;2;75;78;76m[48;2;78;80;80m▄[38;2;49;50;50m[48;2;51;52;50m▄[38;2;68;70;70m[48;2;70;72;71m▄[38;2;82;84;83m[48;2;84;86;85m▄[38;2;82;85;83m[48;2;84;86;85m▄[38;2;83;86;85m[48;2;84;86;85m▄[38;2;82;83;83m[48;2;80;81;81m▄[38;2;95;98;93m[48;2;95;100;93m▄[38;2;75;81;75m[48;2;100;108;99m▄[38;2;98;103;97m[48;2;101;107;99m▄[38;2;94;96;90m[48;2;90;92;85m▄[38;2;86;93;107m[48;2;86;94;113m▄[38;2;78;84;73m[48;2;87;96;110m▄[38;2;77;82;67m[48;2;89;98;102m▄[38;2;79;84;69m[48;2;83;92;95m▄[38;2;77;81;68m[48;2;88;98;102m▄[38;2;75;80;68m[48;2;89;99;103m▄[38;2;72;75;63m[48;2;85;95;101m▄[38;2;76;78;66m[48;2;83;94;99m▄[38;2;71;73;60m[48;2;83;94;96m▄[38;2;74;76;65m[48;2;84;96;90m▄[38;2;78;94;136m[48;2;97;114;136m▄[38;2;76;82;82m[48;2;87;99;115m▄[38;2;140;132;108m[48;2;120;115;92m▄[38;2;180;168;139m[48;2;118;107;96m▄[38;2;123;121;101m[48;2;99;85;82m▄[38;2;87;79;75m[48;2;135;108;104m▄[38;2;175;134;128m[48;2;149;116;110m▄[38;2;79;73;70m[48;2;49;53;54m▄[38;2;50;55;58m[48;2;49;54;55m▄[38;2;48;53;58m[48;2;48;54;56m▄[38;2;118;79;46m[48;2;51;54;55m▄[38;2;156;95;43m[48;2;90;70;52m▄[38;2;158;104;58m[48;2;126;85;48m▄[38;2;168;120;81m[48;2;152;95;46m▄[38;2;179;133;96m[48;2;156;97;45m▄[38;2;184;137;100m[48;2;151;94;44m▄[38;2;179;131;95m[48;2;149;94;45m▄[38;2;170;122;83m[48;2;150;95;46m▄[38;2;159;109;69m[48;2;154;98;49m▄[38;2;147;95;51m[48;2;159;102;52m▄[38;2;145;91;43m[48;2;162;104;53m▄[38;2;153;98;49m[48;2;163;104;53m▄[38;2;158;103;54m[48;2;146;95;50m▄[38;2;163;103;51m[48;2;100;72;51m▄[38;2;133;88;50m[48;2;60;59;71m▄[38;2;142;129;131m[48;2;156;153;166m▄[38;2;149;143;167m[48;2;188;177;194m▄[38;2;147;144;178m[48;2;153;138;170m▄[38;2;156;144;191m[48;2;91;79;130m▄[38;2;124;105;171m[48;2;110;94;158m▄[38;2;127;105;185m[48;2;120;100;176m▄[38;2;131;109;199m[48;2;148;120;208m▄[38;2;190;150;238m[48;2;204;160;253m▄[38;2;234;214;254m[48;2;230;217;252m▄[38;2;215;167;254m[48;2;220;184;255m▄[38;2;153;109;222m[48;2;174;113;239m▄[38;2;134;114;204m[48;2;131;109;198m▄[38;2;131;109;192m[48;2;125;104;184m▄[38;2;123;101;177m[48;2;121;101;173m▄[0m
[38;2;73;76;75m[48;2;73;75;75m▄[38;2;49;51;49m[48;2;49;50;50m▄[38;2;69;71;70m[48;2;70;72;71m▄[38;2;81;83;82m[48;2;81;83;82m▄[38;2;79;81;80m[48;2;80;82;81m▄[38;2;82;84;83m[48;2;83;85;85m▄[38;2;78;79;78m[48;2;80;81;81m▄[38;2;92;97;91m[48;2;94;99;93m▄[38;2;107;115;106m[48;2;90;97;90m▄[38;2;101;107;99m[48;2;99;105;97m▄[38;2;90;92;86m[48;2;94;95;89m▄[38;2;80;87;99m[48;2;86;92;103m▄[38;2;72;80;72m[48;2;82;89;80m▄[38;2;67;74;62m[48;2;72;77;66m▄[38;2;65;72;62m[48;2;75;78;68m▄[38;2;65;72;62m[48;2;73;77;68m▄[38;2;64;71;61m[48;2;72;75;66m▄[38;2;64;70;61m[48;2;77;80;72m▄[38;2;57;62;57m[48;2;72;75;66m▄[38;2;74;75;61m[48;2;70;72;60m▄[38;2;96;99;102m[48;2;77;96;129m▄[38;2;60;72;73m[48;2;71;91;131m▄[38;2;67;71;59m[48;2;76;79;62m▄[38;2;136;128;106m[48;2;136;128;108m▄[38;2;172;161;132m[48;2;176;165;136m▄[38;2;133;131;108m[48;2;140;138;113m▄[38;2;99;87;83m[48;2;93;84;79m▄[38;2;158;123;115m[48;2;174;133;125m▄[38;2;145;139;118m[48;2;141;129;109m▄[38;2;75;62;48m[48;2;51;58;61m▄[38;2;169;119;81m[48;2;90;65;43m▄[38;2;227;184;153m[48;2;165;109;64m▄[38;2;255;211;175m[48;2;198;153;119m▄[38;2;255;210;173m[48;2;237;193;160m▄[38;2;255;205;170m[48;2;255;208;175m▄[38;2;254;204;169m[48;2;255;212;178m▄[38;2;254;204;169m[48;2;255;212;179m▄[38;2;254;204;169m[48;2;255;211;178m▄[38;2;255;204;169m[48;2;255;209;175m▄[38;2;255;206;170m[48;2;248;202;169m▄[38;2;255;210;175m[48;2;227;183;150m▄[38;2;255;215;180m[48;2;189;145;109m▄[38;2;238;195;163m[48;2;151;101;60m▄[38;2;180;134;99m[48;2;145;91;43m▄[38;2;143;91;46m[48;2;155;100;52m▄[38;2;154;99;51m[48;2;160;102;51m▄[38;2;158;100;48m[48;2;144;91;46m▄[38;2;143;96;55m[48;2;128;119;128m▄[38;2;137;134;158m[48;2;155;183;222m▄[38;2;136;127;172m[48;2;172;170;215m▄[38;2;113;96;155m[48;2;141;119;181m▄[38;2;120;100;171m[48;2;121;100;178m▄[38;2;127;106;186m[48;2;128;107;195m▄[38;2;137;124;202m[48;2;158;124;215m▄[38;2;182;144;236m[48;2;225;189;255m▄[38;2;155;127;221m[48;2;189;139;242m▄[38;2;132;119;200m[48;2;136;108;208m▄[38;2;130;106;191m[48;2;136;114;204m▄[38;2;123;102;178m[48;2;129;107;191m▄[38;2;115;98;163m[48;2;120;100;173m▄[0m
[38;2;73;73;75m[48;2;71;75;75m▄[38;2;48;50;49m[48;2;49;49;49m▄[38;2;69;71;70m[48;2;69;71;71m▄[38;2;81;83;82m[48;2;81;83;82m▄[38;2;79;81;80m[48;2;79;81;80m▄[38;2;80;82;81m[48;2;80;82;81m▄[38;2;76;78;77m[48;2;76;78;77m▄[38;2;92;98;91m[48;2;93;98;91m▄[38;2;79;85;79m[48;2;85;90;85m▄[38;2;95;101;95m[48;2;96;102;96m▄[38;2;78;82;77m[48;2;86;91;85m▄[38;2;144;136;130m[48;2;86;89;90m▄[38;2;255;248;235m[48;2;111;111;101m▄[38;2;255;241;229m[48;2;115;112;104m▄[38;2;255;228;198m[48;2;120;115;102m▄[38;2;252;223;186m[48;2;124;118;101m▄[38;2;250;225;188m[48;2;133;126;109m▄[38;2;251;225;189m[48;2;138;129;109m▄[38;2;252;226;189m[48;2;150;138;118m▄[38;2;254;226;187m[48;2;165;153;130m▄[38;2;247;221;185m[48;2;178;160;127m▄[38;2;253;226;191m[48;2;188;173;144m▄[38;2;255;245;226m[48;2;204;190;178m▄[38;2;255;251;234m[48;2;227;215;203m▄[38;2;225;207;190m[48;2;201;186;168m▄[38;2;125;123;101m[48;2;123;121;99m▄[38;2;88;80;75m[48;2;97;86;82m▄[38;2;155;123;116m[48;2;156;126;116m▄[38;2;164;149;129m[48;2;140;134;110m▄[38;2;207;188;175m[48;2;141;106;79m▄[38;2;255;255;255m[48;2;231;207;192m▄[38;2;255;255;255m[48;2;229;224;219m▄[38;2;255;255;255m[48;2;228;208;194m▄[38;2;238;236;234m[48;2;235;193;162m▄[38;2;221;205;194m[48;2;250;198;161m▄[38;2;229;186;156m[48;2;254;203;168m▄[38;2;255;208;172m[48;2;254;204;169m▄[38;2;240;191;157m[48;2;255;206;171m▄[38;2;247;195;159m[48;2;255;205;169m▄[38;2;250;197;161m[48;2;254;204;169m▄[38;2;249;197;160m[48;2;255;204;169m▄[38;2;251;198;161m[48;2;254;204;169m▄[38;2;255;201;163m[48;2;255;209;173m▄[38;2;255;207;170m[48;2;255;214;181m▄[38;2;255;217;182m[48;2;200;156;124m▄[38;2;191;146;114m[48;2;143;93;48m▄[38;2;145;90;44m[48;2;154;100;52m▄[38;2;159;103;53m[48;2;160;102;47m▄[38;2;139;91;49m[48;2;109;76;61m▄[38;2;78;70;95m[48;2;81;76;120m▄[38;2;92;83;122m[48;2;101;88;139m▄[38;2;93;78;126m[48;2;112;95;153m▄[38;2;128;143;182m[48;2;112;103;172m▄[38;2;165;203;231m[48;2;118;133;212m▄[38;2;181;227;242m[48;2;164;177;210m▄[38;2;151;191;235m[48;2;138;150;206m▄[38;2;138;175;230m[48;2;123;131;207m▄[38;2;101;93;147m[48;2;116;93;165m▄[38;2;99;85;133m[48;2;113;97;159m▄[38;2;98;87;131m[48;2;108;93;149m▄[0m
[38;2;73;76;75m[48;2;73;75;75m▄[38;2;45;46;45m[48;2;48;50;47m▄[38;2;65;66;66m[48;2;69;71;70m▄[38;2;85;85;86m[48;2;83;85;84m▄[38;2;83;83;83m[48;2;82;83;83m▄[38;2;82;82;82m[48;2;84;85;84m▄[38;2;74;75;75m[48;2;77;78;78m▄[38;2;92;97;90m[48;2;92;97;90m▄[38;2;92;102;95m[48;2;104;111;102m▄[38;2;94;100;93m[48;2;99;107;99m▄[38;2;117;110;98m[48;2;72;80;76m▄[38;2;158;137;124m[48;2;120;117;114m▄[38;2;204;192;192m[48;2;240;231;230m▄[38;2;182;190;215m[48;2;220;211;217m▄[38;2;193;197;207m[48;2;232;218;201m▄[38;2;209;211;223m[48;2;211;202;194m▄[38;2;190;195;217m[48;2;195;191;193m▄[38;2;185;191;211m[48;2;219;204;183m▄[38;2;198;201;220m[48;2;213;196;179m▄[38;2;167;178;207m[48;2;201;192;180m▄[38;2;220;218;227m[48;2;189;188;196m▄[38;2;190;194;207m[48;2;188;189;200m▄[38;2;193;196;208m[48;2;225;219;214m▄[38;2;184;192;220m[48;2;217;215;219m▄[38;2;183;176;181m[48;2;213;199;186m▄[38;2;144;137;120m[48;2;149;139;114m▄[38;2;93;98;98m[48;2;68;67;57m▄[38;2;91;95;94m[48;2;107;92;87m▄[38;2;215;172;142m[48;2;188;158;138m▄[38;2;235;218;207m[48;2;243;235;229m▄[38;2;255;255;255m[48;2;255;255;255m▄[38;2;250;251;252m[48;2;203;203;203m▄[38;2;255;255;255m[48;2;244;244;244m▄[38;2;255;255;255m[48;2;255;255;255m▄[38;2;233;233;231m[48;2;248;254;255m▄[38;2;238;194;163m[48;2;227;194;170m▄[38;2;246;194;158m[48;2;255;205;165m▄[38;2;232;226;222m[48;2;219;189;168m▄[38;2;255;255;255m[48;2;229;216;208m▄[38;2;235;239;241m[48;2;239;224;213m▄[38;2;249;252;254m[48;2;236;222;212m▄[38;2;255;255;255m[48;2;233;215;203m▄[38;2;251;255;255m[48;2;225;204;188m▄[38;2;221;199;184m[48;2;233;189;159m▄[38;2;254;201;163m[48;2;255;210;173m▄[38;2;255;212;178m[48;2;247;199;167m▄[38;2;175;129;93m[48;2;153;104;64m▄[38;2;148;93;45m[48;2;154;99;50m▄[38;2;153;98;50m[48;2;152;98;50m▄[38;2;85;75;73m[48;2;74;62;69m▄[38;2;79;79;94m[48;2;71;67;95m▄[38;2;82;83;97m[48;2;71;61;95m▄[38;2;99;123;136m[48;2;151;193;207m▄[38;2;104;129;142m[48;2;193;255;255m▄[38;2;97;119;132m[48;2;146;201;240m▄[38;2;89;105;124m[48;2;141;200;249m▄[38;2;90;109;128m[48;2;151;218;253m▄[38;2;80;90;106m[48;2;94;104;145m▄[38;2;79;75;93m[48;2;78;62;99m▄[38;2;85;83;97m[48;2;77;69;100m▄[0m
[38;2;78;78;71m[48;2;69;69;63m▄[38;2;87;87;78m[48;2;66;64;60m▄[38;2;80;80;71m[48;2;65;64;60m▄[38;2;79;79;70m[48;2;71;70;65m▄[38;2;79;79;70m[48;2;70;69;65m▄[38;2;79;79;70m[48;2;70;69;64m▄[38;2;75;75;68m[48;2;67;65;61m▄[38;2;81;89;84m[48;2;84;91;86m▄[38;2;200;168;143m[48;2;116;114;101m▄[38;2;255;213;175m[48;2;213;176;148m▄[38;2;235;189;158m[48;2;238;193;161m▄[38;2;216;175;147m[48;2;246;198;164m▄[38;2;217;181;161m[48;2;235;186;151m▄[38;2;216;178;157m[48;2;207;172;150m▄[38;2;191;182;171m[48;2;201;190;171m▄[38;2;194;198;216m[48;2;206;205;207m▄[38;2;194;198;219m[48;2;195;196;208m▄[38;2;195;199;208m[48;2;217;212;205m▄[38;2;205;208;225m[48;2;198;201;210m▄[38;2;175;183;205m[48;2;199;198;201m▄[38;2;209;211;225m[48;2;205;204;208m▄[38;2;178;186;213m[48;2;199;200;205m▄[38;2;237;231;224m[48;2;217;213;209m▄[38;2;255;255;242m[48;2;226;223;221m▄[38;2;225;209;184m[48;2;218;207;196m▄[38;2;72;71;65m[48;2;105;109;101m▄[38;2;53;56;54m[48;2;101;111;106m▄[38;2;196;159;134m[48;2;118;115;107m▄[38;2;255;205;170m[48;2;250;199;164m▄[38;2;255;206;169m[48;2;240;196;165m▄[38;2;247;196;161m[48;2;229;217;208m▄[38;2;239;194;163m[48;2;240;238;236m▄[38;2;239;194;163m[48;2;240;239;238m▄[38;2;243;195;160m[48;2;231;224;218m▄[38;2;235;187;154m[48;2;231;196;171m▄[38;2;248;200;166m[48;2;255;204;167m▄[38;2;253;202;165m[48;2;241;192;158m▄[38;2;226;198;178m[48;2;234;229;226m▄[38;2;242;244;246m[48;2;255;255;255m▄[38;2;255;255;255m[48;2;210;210;210m▄[38;2;255;255;255m[48;2;234;234;234m▄[38;2;255;255;255m[48;2;255;255;255m▄[38;2;235;237;238m[48;2;255;255;255m▄[38;2;230;193;167m[48;2;224;206;194m▄[38;2;255;205;168m[48;2;253;199;161m▄[38;2;255;213;179m[48;2;255;214;179m▄[38;2;179;133;98m[48;2;184;139;104m▄[38;2;155;96;44m[48;2;147;92;43m▄[38;2;121;81;49m[48;2;147;95;50m▄[38;2;54;57;62m[48;2;109;107;100m▄[38;2;64;65;70m[48;2;116;120;122m▄[38;2;65;65;70m[48;2;119;120;122m▄[38;2;64;65;72m[48;2;117;115;120m▄[38;2;64;64;73m[48;2;118;115;122m▄[38;2;65;66;73m[48;2;119;117;124m▄[38;2;66;67;74m[48;2;121;119;125m▄[38;2;67;67;73m[48;2;121;118;123m▄[38;2;64;65;71m[48;2;121;122;125m▄[38;2;63;63;68m[48;2;121;123;126m▄[38;2;69;69;72m[48;2;128;130;132m▄[0m
[38;2;105;105;95m[48;2;78;78;71m▄[38;2;100;102;92m[48;2;84;83;75m▄[38;2;78;79;83m[48;2;75;75;69m▄[38;2;85;84;83m[48;2;75;75;68m▄[38;2;91;90;86m[48;2;76;75;69m▄[38;2;91;90;87m[48;2;76;75;69m▄[38;2;85;84;82m[48;2;73;73;67m▄[38;2;78;87;82m[48;2;82;90;84m▄[38;2;183;154;131m[48;2;205;171;146m▄[38;2;255;216;178m[48;2;255;215;178m▄[38;2;247;200;165m[48;2;240;194;160m▄[38;2;228;185;154m[48;2;201;162;135m▄[38;2;221;185;158m[48;2;185;181;185m▄[38;2;211;180;159m[48;2;195;199;213m▄[38;2;214;196;181m[48;2;223;217;210m▄[38;2;224;203;185m[48;2;220;214;207m▄[38;2;225;200;173m[48;2;223;214;211m▄[38;2;217;191;160m[48;2;211;203;197m▄[38;2;221;198;171m[48;2;203;199;207m▄[38;2;227;202;178m[48;2;196;190;195m▄[38;2;220;196;175m[48;2;219;207;196m▄[38;2;231;208;188m[48;2;215;204;196m▄[38;2;228;208;193m[48;2;219;204;189m▄[38;2;208;184;162m[48;2;223;209;194m▄[38;2;229;198;166m[48;2;229;206;183m▄[38;2;94;89;82m[48;2;75;71;66m▄[38;2;40;46;51m[48;2;35;41;45m▄[38;2;42;47;50m[48;2;163;134;115m▄[38;2;209;171;144m[48;2;255;205;170m▄[38;2;255;214;177m[48;2;255;206;170m▄[38;2;254;204;169m[48;2;255;205;169m▄[38;2;254;203;169m[48;2;255;205;169m▄[38;2;255;209;172m[48;2;255;206;170m▄[38;2;255;210;172m[48;2;250;202;167m▄[38;2;255;207;170m[48;2;222;179;149m▄[38;2;255;207;170m[48;2;232;187;157m▄[38;2;255;210;173m[48;2;249;202;167m▄[38;2;255;206;171m[48;2;251;201;164m▄[38;2;255;204;167m[48;2;231;195;171m▄[38;2;252;199;161m[48;2;230;212;198m▄[38;2;249;197;160m[48;2;231;217;206m▄[38;2;253;200;162m[48;2;229;209;195m▄[38;2;255;205;168m[48;2;232;195;168m▄[38;2;255;205;170m[48;2;253;202;166m▄[38;2;254;208;172m[48;2;255;206;171m▄[38;2;215;173;143m[48;2;249;201;169m▄[38;2;151;98;54m[48;2;161;112;72m▄[38;2;105;72;44m[48;2;156;98;46m▄[38;2;50;52;47m[48;2;72;61;51m▄[38;2;58;56;49m[48;2;44;52;58m▄[38;2;59;57;50m[48;2;50;54;58m▄[38;2;58;56;51m[48;2;49;52;58m▄[38;2;89;92;69m[48;2;58;59;57m▄[38;2;108;109;75m[48;2;82;82;63m▄[38;2;109;111;75m[48;2;90;90;68m▄[38;2;86;88;67m[48;2;56;57;56m▄[38;2;47;47;52m[48;2;49;50;59m▄[38;2;74;83;85m[48;2;49;49;55m▄[38;2;98;126;123m[48;2;50;54;58m▄[38;2;138;168;164m[48;2;61;69;71m▄[0m
[38;2;114;120;118m[48;2;105;106;101m▄[38;2;102;105;98m[48;2;100;102;95m▄[38;2;84;86;88m[48;2;82;84;87m▄[38;2;91;90;87m[48;2;92;91;89m▄[38;2;92;90;88m[48;2;95;93;89m▄[38;2;93;92;89m[48;2;95;94;89m▄[38;2;90;89;86m[48;2;88;86;84m▄[38;2;93;99;92m[48;2;84;92;87m▄[38;2;86;95;88m[48;2;134;125;111m▄[38;2;170;147;127m[48;2;255;215;178m▄[38;2;246;202;167m[48;2;243;196;163m▄[38;2;251;202;167m[48;2;207;167;141m▄[38;2;247;197;165m[48;2;194;164;139m▄[38;2;254;204;169m[48;2;217;186;158m▄[38;2;251;201;165m[48;2;228;204;184m▄[38;2;230;185;152m[48;2;180;164;149m▄[38;2;187;152;127m[48;2;132;123;102m▄[38;2;156;135;118m[48;2;131;128;110m▄[38;2;128;120;108m[48;2;124;121;110m▄[38;2;90;89;79m[48;2;108;104;96m▄[38;2;80;89;79m[48;2;116;115;110m▄[38;2;77;90;85m[48;2;116;117;112m▄[38;2;94;108;104m[48;2;136;139;132m▄[38;2;55;63;60m[48;2;77;70;62m▄[38;2;26;30;29m[48;2;78;72;62m▄[38;2;55;54;52m[48;2;75;75;71m▄[38;2;78;75;71m[48;2;70;69;67m▄[38;2;89;87;79m[48;2;53;57;57m▄[38;2;80;81;75m[48;2;114;101;90m▄[38;2;163;135;121m[48;2;255;213;177m▄[38;2;253;206;176m[48;2;255;206;170m▄[38;2;255;209;173m[48;2;255;211;174m▄[38;2;237;190;158m[48;2;208;162;136m▄[38;2;211;175;154m[48;2;163;132;126m▄[38;2;193;159;144m[48;2;172;141;134m▄[38;2;174;144;136m[48;2;189;155;143m▄[38;2;163;143;141m[48;2;213;176;154m▄[38;2;196;170;155m[48;2;244;197;163m▄[38;2;251;204;167m[48;2;254;206;170m▄[38;2;255;204;169m[48;2;254;204;169m▄[38;2;254;204;169m[48;2;255;204;169m▄[38;2;254;204;169m[48;2;254;204;169m▄[38;2;255;205;170m[48;2;254;204;169m▄[38;2;255;211;175m[48;2;254;204;169m▄[38;2;255;214;176m[48;2;255;204;169m▄[38;2;245;206;170m[48;2;255;219;182m▄[38;2;141;94;87m[48;2;165;132;105m▄[38;2;121;65;65m[48;2;38;41;31m▄[38;2;135;83;77m[48;2;52;56;41m▄[38;2;141;74;73m[48;2;60;58;46m▄[38;2;161;83;83m[48;2;62;57;44m▄[38;2;148;83;82m[48;2;57;56;45m▄[38;2;115;80;81m[48;2;62;80;75m▄[38;2;71;81;80m[48;2;72;85;79m▄[38;2;72;91;89m[48;2;74;85;79m▄[38;2;73;87;84m[48;2;72;84;80m▄[38;2;75;85;84m[48;2;73;82;82m▄[38;2;102;127;124m[48;2;103;125;123m▄[38;2;88;113;115m[48;2;92;120;116m▄[38;2;141;170;164m[48;2;141;173;168m▄[0m
[38;2;91;90;86m[48;2;101;103;95m▄[38;2;96;96;90m[48;2;100;102;92m▄[38;2;85;84;83m[48;2;82;83;86m▄[38;2;92;91;87m[48;2;90;89;86m▄[38;2;93;92;87m[48;2;91;90;87m▄[38;2;94;93;89m[48;2;94;93;89m▄[38;2;91;90;86m[48;2;90;89;85m▄[38;2;92;98;90m[48;2;92;97;90m▄[38;2;91;96;89m[48;2;78;83;77m▄[38;2;98;104;96m[48;2;85;95;89m▄[38;2;92;96;91m[48;2;113;108;99m▄[38;2;76;79;79m[48;2;156;135;119m▄[38;2;79;81;81m[48;2;205;170;144m▄[38;2;81;72;66m[48;2;237;192;160m▄[38;2;109;89;76m[48;2;255;208;172m▄[38;2;142;116;98m[48;2;255;218;180m▄[38;2;173;145;122m[48;2;255;224;185m▄[38;2;205;172;146m[48;2;255;222;182m▄[38;2;225;184;153m[48;2;255;217;178m▄[38;2;241;194;161m[48;2;255;210;173m▄[38;2;255;204;169m[48;2;242;196;162m▄[38;2;255;213;176m[48;2;221;180;150m▄[38;2;255;218;179m[48;2;203;168;141m▄[38;2;255;213;180m[48;2;193;164;140m▄[38;2;255;204;186m[48;2;151;127;111m▄[38;2;240;214;134m[48;2;137;133;77m▄[38;2;255;255;115m[48;2;145;145;71m▄[38;2;255;255;117m[48;2;153;150;80m▄[38;2;255;255;115m[48;2;164;161;92m▄[38;2;255;255;114m[48;2;152;152;87m▄[38;2;248;249;107m[48;2;211;185;129m▄[38;2;229;216;116m[48;2;245;197;170m▄[38;2;230;197;143m[48;2;255;206;177m▄[38;2;240;194;162m[48;2;255;210;174m▄[38;2;249;197;171m[48;2;255;211;174m▄[38;2;254;201;174m[48;2;255;209;172m▄[38;2;255;202;175m[48;2;254;206;171m▄[38;2;255;202;174m[48;2;250;203;170m▄[38;2;254;200;174m[48;2;254;203;168m▄[38;2;252;199;173m[48;2;254;204;169m▄[38;2;245;196;168m[48;2;255;205;170m▄[38;2;236;202;155m[48;2;255;206;174m▄[38;2;132;105;85m[48;2;255;210;176m▄[38;2;59;50;56m[48;2;191;160;133m▄[38;2;75;37;48m[48;2;122;92;86m▄[38;2;81;33;46m[48;2;104;61;64m▄[38;2;83;80;74m[48;2;86;65;65m▄[38;2;80;52;57m[48;2;118;67;71m▄[38;2;81;34;46m[48;2;136;63;71m▄[38;2;92;75;75m[48;2;128;72;75m▄[38;2;117;101;99m[48;2;117;73;76m▄[38;2;72;47;52m[48;2;131;67;74m▄[38;2;159;121;112m[48;2;188;95;96m▄[38;2;122;78;77m[48;2;131;80;80m▄[38;2;89;104;107m[48;2;64;87;84m▄[38;2;136;139;140m[48;2;62;76;73m▄[38;2;109;111;122m[48;2;61;70;63m▄[38;2;76;93;142m[48;2;88;118;136m▄[38;2;94;114;130m[48;2;66;95;153m▄[38;2;129;162;154m[48;2;127;154;148m▄[0m
[38;2;103;99;95m[48;2;103;99;95m▄[38;2;108;104;101m[48;2;107;104;100m▄[38;2;95;94;90m[48;2;95;94;90m▄[38;2;95;94;90m[48;2;94;93;89m▄[38;2;98;95;92m[48;2;94;93;89m▄[38;2;101;97;94m[48;2;94;93;89m▄[38;2;94;92;88m[48;2;90;89;85m▄[38;2;93;98;90m[48;2;92;97;90m▄[38;2;88;93;86m[48;2;104;112;104m▄[38;2;96;102;95m[48;2;100;106;98m▄[38;2;97;99;93m[48;2;96;99;93m▄[38;2;97;95;91m[48;2;95;92;90m▄[38;2;93;91;88m[48;2;90;88;87m▄[38;2;99;98;97m[48;2;84;83;82m▄[38;2;106;106;105m[48;2;84;83;81m▄[38;2;91;87;83m[48;2;67;69;68m▄[38;2;77;63;55m[48;2;72;82;81m▄[38;2;80;86;78m[48;2;85;100;98m▄[38;2;85;99;92m[48;2;84;95;88m▄[38;2;86;100;95m[48;2;93;100;89m▄[38;2;80;96;89m[48;2;108;110;98m▄[38;2;75;92;85m[48;2;121;119;105m▄[38;2;81;98;104m[48;2;123;116;104m▄[38;2;166;173;109m[48;2;197;179;119m▄[38;2;251;253;106m[48;2;238;217;132m▄[38;2;229;228;104m[48;2;214;200;113m▄[38;2;245;243;110m[48;2;255;255;112m▄[38;2;233;229;105m[48;2;255;255;114m▄[38;2;217;214;103m[48;2;255;255;114m▄[38;2;219;216;107m[48;2;255;255;113m▄[38;2;253;251;113m[48;2;255;252;112m▄[38;2;254;251;112m[48;2;255;255;110m▄[38;2;255;252;112m[48;2;247;248;106m▄[38;2;255;255;111m[48;2;236;230;111m▄[38;2;255;255;109m[48;2;231;214;122m▄[38;2;254;254;108m[48;2;232;207;131m▄[38;2;253;253;107m[48;2;233;206;136m▄[38;2;253;254;107m[48;2;233;207;133m▄[38;2;254;255;108m[48;2;232;208;131m▄[38;2;255;255;108m[48;2;232;212;127m▄[38;2;255;255;111m[48;2;234;222;117m▄[38;2;255;254;112m[48;2;246;244;110m▄[38;2;255;255;116m[48;2;209;210;93m▄[38;2;241;241;111m[48;2;105;104;78m▄[38;2;117;118;87m[48;2;75;44;58m▄[38;2;90;95;91m[48;2;89;60;62m▄[38;2;123;128;113m[48;2;100;104;92m▄[38;2;115;117;105m[48;2;90;59;63m▄[38;2;93;93;82m[48;2;80;36;46m▄[38;2;145;149;133m[48;2;111;101;95m▄[38;2;151;149;135m[48;2;121;99;96m▄[38;2;129;130;118m[48;2;95;69;71m▄[38;2;75;91;87m[48;2;125;89;87m▄[38;2;70;87;84m[48;2;74;83;78m▄[38;2;88;105;99m[48;2;98;119;132m▄[38;2;137;141;129m[48;2;162;166;169m▄[38;2;192;194;156m[48;2;179;174;164m▄[38;2;241;238;206m[48;2;182;175;163m▄[38;2;154;164;143m[48;2;130;138;123m▄[38;2;120;154;151m[48;2;122;156;152m▄[0m
[38;2;103;99;95m[48;2;103;99;95m▄[38;2;108;104;101m[48;2;108;104;101m▄[38;2;103;99;96m[48;2;100;97;94m▄[38;2;99;97;93m[48;2;100;97;93m▄[38;2;102;98;95m[48;2;102;98;95m▄[38;2;101;98;95m[48;2;103;98;95m▄[38;2;98;96;92m[48;2;96;92;89m▄[38;2;94;98;91m[48;2;93;98;90m▄[38;2;101;109;101m[48;2;88;90;85m▄[38;2;101;106;99m[48;2;97;102;95m▄[38;2;93;95;90m[48;2;97;99;93m▄[38;2;89;90;84m[48;2;94;93;89m▄[38;2;91;92;85m[48;2;87;85;82m▄[38;2;91;91;86m[48;2;96;95;94m▄[38;2;94;95;90m[48;2;103;103;102m▄[38;2;94;93;88m[48;2;88;83;79m▄[38;2;98;97;89m[48;2;81;64;55m▄[38;2;90;88;82m[48;2;74;64;55m▄[38;2;83;87;83m[48;2;82;92;86m▄[38;2;80;85;80m[48;2;103;116;114m▄[38;2;78;83;77m[48;2;82;96;89m▄[38;2;89;92;86m[48;2;82;95;87m▄[38;2;94;95;89m[48;2;91;102;98m▄[38;2;88;88;83m[48;2;101;110;104m▄[38;2;85;82;82m[48;2;106;97;70m▄[38;2;87;83;83m[48;2;107;94;64m▄[38;2;89;87;83m[48;2;95;82;62m▄[38;2;86;85;83m[48;2;85;71;59m▄[38;2;102;99;81m[48;2;60;49;54m▄[38;2;247;244;110m[48;2;185;182;97m▄[38;2;255;254;113m[48;2;255;255;115m▄[38;2;254;251;112m[48;2;254;251;112m▄[38;2;254;251;112m[48;2;254;251;112m▄[38;2;254;251;112m[48;2;254;251;112m▄[38;2;254;251;112m[48;2;254;251;112m▄[38;2;254;251;112m[48;2;254;251;112m▄[38;2;254;251;112m[48;2;254;251;112m▄[38;2;254;251;112m[48;2;254;251;112m▄[38;2;254;251;112m[48;2;254;251;112m▄[38;2;255;254;113m[48;2;254;252;112m▄[38;2;237;233;107m[48;2;244;241;110m▄[38;2;214;212;101m[48;2;255;252;113m▄[38;2;255;255;115m[48;2;254;251;112m▄[38;2;254;251;112m[48;2;255;255;115m▄[38;2;255;255;116m[48;2;234;232;105m▄[38;2;212;210;99m[48;2;103;105;83m▄[38;2;88;89;83m[48;2;113;118;111m▄[38;2;90;91;86m[48;2;106;110;97m▄[38;2;83;85;77m[48;2;98;103;91m▄[38;2;125;124;110m[48;2;156;157;141m▄[38;2;171;152;106m[48;2;134;139;131m▄[38;2;97;113;139m[48;2;122;123;112m▄[38;2;80;107;175m[48;2;71;82;85m▄[38;2;80;98;145m[48;2;67;82;83m▄[38;2;63;79;106m[48;2;83;100;99m▄[38;2;113;117;110m[48;2;150;157;140m▄[38;2;156;151;142m[48;2;195;190;168m▄[38;2;142;138;131m[48;2;215;207;189m▄[38;2;114;118;111m[48;2;154;159;148m▄[38;2;125;138;128m[48;2;121;151;142m▄[0m
[38;2;103;99;97m[48;2;103;99;95m▄[38;2;112;107;104m[48;2;109;105;102m▄[38;2;104;100;97m[48;2;103;99;96m▄[38;2;102;98;95m[48;2;101;97;94m▄[38;2;104;100;97m[48;2;103;99;96m▄[38;2;107;102;99m[48;2;103;99;96m▄[38;2;103;98;95m[48;2;101;97;94m▄[38;2;94;98;91m[48;2;93;97;90m▄[38;2;98;105;97m[48;2;95;102;94m▄[38;2;99;106;98m[48;2;98;104;96m▄[38;2;95;99;91m[48;2;98;103;96m▄[38;2;94;96;90m[48;2;100;107;99m▄[38;2;96;98;92m[48;2;102;109;101m▄[38;2;97;99;94m[48;2;102;108;99m▄[38;2;84;88;82m[48;2;105;111;102m▄[38;2;79;84;78m[48;2;106;113;104m▄[38;2;79;84;78m[48;2;105;111;103m▄[38;2;80;85;79m[48;2;104;111;103m▄[38;2;82;87;81m[48;2;104;110;102m▄[38;2;83;88;83m[48;2;107;112;103m▄[38;2;85;90;85m[48;2;107;113;103m▄[38;2;87;92;86m[48;2;106;112;103m▄[38;2;87;91;86m[48;2;106;112;102m▄[38;2;88;93;87m[48;2;106;113;103m▄[38;2;89;94;87m[48;2;104;111;103m▄[38;2;86;91;85m[48;2;103;110;102m▄[38;2;87;92;86m[48;2;103;110;101m▄[38;2;75;80;83m[48;2;92;98;100m▄[38;2;196;196;101m[48;2;157;158;100m▄[38;2;255;255;115m[48;2;255;255;114m▄[38;2;254;251;112m[48;2;254;251;112m▄[38;2;254;251;112m[48;2;254;251;112m▄[38;2;254;251;112m[48;2;254;251;112m▄[38;2;254;251;112m[48;2;254;251;112m▄[38;2;254;251;112m[48;2;254;251;112m▄[38;2;254;251;112m[48;2;254;251;112m▄[38;2;254;251;112m[48;2;254;251;112m▄[38;2;254;251;112m[48;2;254;251;112m▄[38;2;254;251;112m[48;2;254;251;112m▄[38;2;255;255;115m[48;2;255;255;114m▄[38;2;184;182;94m[48;2;228;226;105m▄[38;2;59;65;80m[48;2;112;116;89m▄[38;2;148;148;90m[48;2;245;243;113m▄[38;2;255;255;116m[48;2;255;254;113m▄[38;2;243;238;112m[48;2;255;254;112m▄[38;2;232;212;129m[48;2;255;255;111m▄[38;2;232;204;142m[48;2;173;174;88m▄[38;2;112;106;92m[48;2;86;93;92m▄[38;2;81;89;85m[48;2;103;108;101m▄[38;2;89;93;87m[48;2;101;105;98m▄[38;2;83;90;87m[48;2;135;129;101m▄[38;2;89;94;87m[48;2;108;115;112m▄[38;2;89;93;83m[48;2;101;113;120m▄[38;2;88;94;85m[48;2;103;112;112m▄[38;2;89;95;87m[48;2;98;105;102m▄[38;2;87;93;87m[48;2;97;102;95m▄[38;2;87;93;87m[48;2;93;99;91m▄[38;2;87;94;87m[48;2;93;99;91m▄[38;2;89;95;88m[48;2;98;102;95m▄[38;2;95;102;94m[48;2;108;112;103m▄[0m
[38;2;107;102;100m[48;2;105;101;97m▄[38;2;125;119;116m[48;2;113;108;105m▄[38;2;117;112;108m[48;2;107;102;99m▄[38;2;117;112;108m[48;2;105;100;97m▄[38;2;115;110;107m[48;2;103;99;96m▄[38;2;118;112;109m[48;2;108;103;100m▄[38;2;113;107;104m[48;2;105;99;97m▄[38;2;102;107;100m[48;2;95;99;92m▄[38;2;98;101;94m[48;2;103;110;102m▄[38;2;105;112;103m[48;2;99;106;98m▄[38;2;111;114;106m[48;2;99;102;95m▄[38;2;116;109;107m[48;2;105;99;97m▄[38;2;118;112;109m[48;2;104;100;97m▄[38;2;119;113;110m[48;2;109;103;100m▄[38;2;77;77;72m[48;2;70;70;65m▄[38;2;64;70;64m[48;2;55;58;53m▄[38;2;59;63;58m[48;2;49;51;49m▄[38;2;70;70;69m[48;2;55;54;55m▄[38;2;72;73;72m[48;2;58;57;57m▄[38;2;72;73;72m[48;2;58;57;58m▄[38;2;73;74;73m[48;2;59;58;60m▄[38;2;72;73;72m[48;2;61;60;61m▄[38;2;70;70;70m[48;2;63;63;63m▄[38;2;71;73;70m[48;2;62;61;61m▄[38;2;77;78;75m[48;2;59;58;58m▄[38;2;78;78;76m[48;2;61;60;60m▄[38;2;69;70;75m[48;2;62;61;63m▄[38;2;97;98;78m[48;2;63;63;62m▄[38;2;255;255;121m[48;2;227;224;105m▄[38;2;255;255;122m[48;2;255;255;114m▄[38;2;255;255;121m[48;2;254;251;112m▄[38;2;255;255;121m[48;2;254;251;112m▄[38;2;255;255;121m[48;2;254;251;112m▄[38;2;255;255;121m[48;2;254;251;112m▄[38;2;255;255;121m[48;2;254;251;112m▄[38;2;255;255;121m[48;2;254;251;112m▄[38;2;255;255;121m[48;2;254;251;112m▄[38;2;255;255;121m[48;2;254;251;112m▄[38;2;255;255;122m[48;2;254;251;112m▄[38;2;255;255;119m[48;2;255;255;116m▄[38;2;116;123;85m[48;2;125;126;74m▄[38;2;73;77;73m[48;2;42;44;53m▄[38;2;71;71;73m[48;2;53;53;58m▄[38;2;75;76;72m[48;2;187;187;94m▄[38;2;102;106;75m[48;2;221;210;113m▄[38;2;140;124;107m[48;2;247;195;171m▄[38;2;255;219;182m[48;2;255;215;184m▄[38;2;255;236;195m[48;2;220;178;149m▄[38;2;217;176;149m[48;2;67;65;63m▄[38;2;74;73;72m[48;2;54;56;57m▄[38;2;71;72;72m[48;2;56;55;55m▄[38;2;68;68;68m[48;2;61;61;61m▄[38;2;68;69;68m[48;2;65;64;65m▄[38;2;74;74;74m[48;2;64;63;64m▄[38;2;72;73;72m[48;2;61;61;62m▄[38;2;72;72;72m[48;2;60;60;60m▄[38;2;71;71;71m[48;2;60;60;61m▄[38;2;72;72;72m[48;2;60;60;60m▄[38;2;70;70;70m[48;2;61;60;61m▄[38;2;66;68;66m[48;2;59;61;59m▄[0m
