[38;2;176;88;74m[48;2;177;88;74m▄[38;2;202;101;83m[48;2;188;93;78m▄[38;2;179;90;73m[48;2;167;83;64m▄[38;2;176;91;77m[48;2;163;85;66m▄[38;2;166;81;65m[48;2;156;78;58m▄[38;2;157;74;55m[48;2;146;66;45m▄[38;2;153;73;58m[48;2;142;64;51m▄[38;2;134;61;54m[48;2;127;57;47m▄[38;2;121;53;52m[48;2;112;49;41m▄[38;2;121;53;56m[48;2;110;47;43m▄[38;2;120;57;66m[48;2;110;51;53m▄[38;2;117;55;61m[48;2;106;47;53m▄[38;2;161;80;46m[48;2;146;70;38m▄[38;2;240;161;93m[48;2;216;140;76m▄[38;2;241;169;107m[48;2;222;156;95m▄[38;2;239;169;110m[48;2;222;156;97m▄[38;2;239;167;100m[48;2;222;156;87m▄[38;2;239;166;99m[48;2;218;152;85m▄[38;2;238;169;105m[48;2;216;150;89m▄[38;2;238;170;101m[48;2;216;150;93m▄[38;2;238;171;103m[48;2;216;150;89m▄[38;2;239;170;107m[48;2;216;148;87m▄[38;2;238;168;108m[48;2;213;146;83m▄[38;2;222;149;82m[48;2;201;131;68m▄[38;2;234;166;101m[48;2;218;156;97m▄[38;2;244;182;124m[48;2;230;173;119m▄[38;2;234;169;110m[48;2;222;163;108m▄[38;2;232;163;106m[48;2;220;161;106m▄[38;2;231;166;109m[48;2;216;154;98m▄[38;2;223;158;99m[48;2;216;154;102m▄[38;2;214;147;97m[48;2;207;146;98m▄[38;2;209;145;99m[48;2;199;140;91m▄[38;2;203;137;88m[48;2;192;133;85m▄[38;2;148;84;41m[48;2;138;83;51m▄[38;2;135;88;70m[48;2;129;91;81m▄[38;2;144;110;99m[48;2;138;110;100m▄[38;2;152;118;110m[48;2;150;116;108m▄[38;2;140;105;97m[48;2;138;102;93m▄[38;2;111;79;70m[48;2;106;74;66m▄[38;2;112;75;61m[48;2;97;68;53m▄[38;2;154;90;49m[48;2;140;83;43m▄[38;2;158;86;37m[48;2;144;79;36m▄[38;2;155;94;62m[48;2;138;85;58m▄[38;2;123;93;81m[48;2;98;74;62m▄[38;2;112;92;89m[48;2;87;72;68m▄[38;2;112;91;86m[48;2;89;74;72m▄[38;2;110;89;79m[48;2;91;74;66m▄[38;2;111;87;79m[48;2;95;74;68m▄[38;2;112;87;80m[48;2;98;76;70m▄[38;2;119;91;78m[48;2;116;95;83m▄[38;2;125;96;80m[48;2;140;116;110m▄[38;2;114;90;75m[48;2;112;87;76m▄[38;2;112;89;75m[48;2;98;78;62m▄[38;2;126;99;86m[48;2;133;110;100m▄[38;2;129;103;91m[48;2;156;131;129m▄[38;2;123;99;87m[48;2;125;100;97m▄[38;2;126;101;90m[48;2;102;83;76m▄[38;2;118;97;87m[48;2;102;83;74m▄[38;2;110;92;81m[48;2;102;87;76m▄[38;2;114;102;90m[48;2;112;98;89m▄[0m
[38;2;191;121;123m[48;2;187;112;108m▄[38;2;210;142;147m[48;2;202;123;123m▄[38;2;194;130;136m[48;2;185;108;110m▄[38;2;193;133;136m[48;2;181;110;115m▄[38;2;184;120;121m[48;2;170;105;108m▄[38;2;184;120;125m[48;2;171;105;110m▄[38;2;163;108;117m[48;2;155;88;88m▄[38;2;137;104;124m[48;2;120;50;47m▄[38;2;136;123;151m[48;2;111;43;48m▄[38;2;145;140;169m[48;2;107;46;58m▄[38;2;158;160;186m[48;2;102;52;70m▄[38;2;157;162;192m[48;2;104;50;68m▄[38;2;168;115;97m[48;2;155;77;46m▄[38;2;219;145;75m[48;2;220;149;81m▄[38;2;219;153;93m[48;2;218;150;93m▄[38;2;217;152;96m[48;2;216;152;94m▄[38;2;220;154;96m[48;2;220;156;96m▄[38;2;222;156;99m[48;2;220;155;93m▄[38;2;224;162;102m[48;2;224;160;97m▄[38;2;227;163;99m[48;2;223;160;99m▄[38;2;231;169;104m[48;2;224;160;97m▄[38;2;234;175;110m[48;2;228;165;102m▄[38;2;231;168;101m[48;2;228;166;104m▄[38;2;210;138;64m[48;2;207;140;74m▄[38;2;219;150;88m[48;2;211;146;86m▄[38;2;232;173;114m[48;2;225;166;113m▄[38;2;228;170;110m[48;2;218;157;104m▄[38;2;220;160;105m[48;2;211;150;98m▄[38;2;216;156;106m[48;2;209;149;97m▄[38;2;211;149;103m[48;2;204;143;92m▄[38;2;203;142;97m[48;2;200;142;92m▄[38;2;197;137;91m[48;2;196;137;97m▄[38;2;188;124;79m[48;2;187;126;81m▄[38;2;143;100;89m[48;2;140;95;75m▄[38;2;150;161;189m[48;2;127;116;127m▄[38;2;159;175;199m[48;2;125;103;105m▄[38;2;159;147;149m[48;2;129;99;91m▄[38;2;136;98;84m[48;2;111;82;76m▄[38;2;106;73;64m[48;2;88;61;61m▄[38;2;105;68;57m[48;2;97;64;58m▄[38;2;141;83;47m[48;2;142;82;50m▄[38;2;141;80;36m[48;2;145;77;36m▄[38;2;138;88;62m[48;2;144;85;56m▄[38;2;80;73;82m[48;2;96;77;70m▄[38;2;46;61;78m[48;2;76;72;76m▄[38;2;52;60;77m[48;2;82;72;76m▄[38;2;51;57;71m[48;2;78;68;71m▄[38;2;45;53;64m[48;2;71;65;66m▄[38;2;42;50;58m[48;2;69;64;65m▄[38;2;39;48;55m[48;2;69;64;60m▄[38;2;41;47;54m[48;2;69;62;55m▄[38;2;40;45;53m[48;2;65;59;55m▄[38;2;34;45;49m[48;2;63;59;56m▄[38;2;36;46;46m[48;2;60;56;56m▄[38;2;68;61;56m[48;2;71;62;56m▄[38;2;107;85;72m[48;2;104;83;69m▄[38;2;120;95;80m[48;2;120;94;81m▄[38;2;109;86;76m[48;2;109;87;77m▄[38;2;94;81;75m[48;2;98;82;75m▄[38;2;101;90;84m[48;2;101;88;82m▄[0m
[38;2;191;125;114m[48;2;193;123;121m▄[38;2;217;155;153m[48;2;213;148;151m▄[38;2;205;148;139m[48;2;200;142;141m▄[38;2;196;132;123m[48;2;203;146;141m▄[38;2;188;134;137m[48;2;191;134;122m▄[38;2;187;133;140m[48;2;184;124;123m▄[38;2;166;117;133m[48;2;167;127;147m▄[38;2;137;117;156m[48;2;155;164;205m▄[38;2;133;142;189m[48;2;161;190;231m▄[38;2;150;180;230m[48;2;175;211;249m▄[38;2;181;228;251m[48;2;187;227;255m▄[38;2;174;226;251m[48;2;172;214;254m▄[38;2;162;137;149m[48;2;164;129;120m▄[38;2;211;132;65m[48;2;208;132;65m▄[38;2;209;141;83m[48;2;202;136;82m▄[38;2;209;142;87m[48;2;202;136;87m▄[38;2;212;145;89m[48;2;203;137;85m▄[38;2;213;145;85m[48;2;204;136;84m▄[38;2;220;155;91m[48;2;205;139;82m▄[38;2;225;156;80m[48;2;212;147;90m▄[38;2;237;194;123m[48;2;215;148;83m▄[38;2;255;244;216m[48;2;221;159;92m▄[38;2;255;255;249m[48;2;223;170;111m▄[38;2;255;255;249m[48;2;224;173;113m▄[38;2;245;241;235m[48;2;234;186;134m▄[38;2;238;233;228m[48;2;239;195;145m▄[38;2;244;238;229m[48;2;223;173;118m▄[38;2;253;240;213m[48;2;201;139;82m▄[38;2;237;205;155m[48;2;192;127;78m▄[38;2;202;144;90m[48;2;189;130;88m▄[38;2;194;133;85m[48;2;186;127;88m▄[38;2;200;144;97m[48;2;179;125;83m▄[38;2;192;137;93m[48;2;170;117;76m▄[38;2;133;79;46m[48;2;130;74;47m▄[38;2;117;80;69m[48;2;127;88;77m▄[38;2;122;88;80m[48;2;145;125;125m▄[38;2;143;109;99m[48;2;160;137;135m▄[38;2;142;112;102m[48;2;149;112;104m▄[38;2;107;81;77m[48;2;111;83;75m▄[38;2;106;74;70m[48;2;107;74;64m▄[38;2;140;85;50m[48;2;143;86;48m▄[38;2;142;80;31m[48;2;141;80;36m▄[38;2;132;87;71m[48;2;136;88;65m▄[38;2;163;182;212m[48;2;92;97;119m▄[38;2;249;255;255m[48;2;90;122;151m▄[38;2;216;233;244m[48;2;67;92;119m▄[38;2;91;131;167m[48;2;49;66;86m▄[38;2;46;71;96m[48;2;51;63;78m▄[38;2;49;58;74m[48;2;52;59;66m▄[38;2;51;57;69m[48;2;47;55;59m▄[38;2;46;55;62m[48;2;43;53;57m▄[38;2;47;53;59m[48;2;46;51;57m▄[38;2;45;54;58m[48;2;42;52;55m▄[38;2;52;57;59m[48;2;46;52;54m▄[38;2;86;75;69m[48;2;77;69;64m▄[38;2;117;94;83m[48;2;115;91;78m▄[38;2;111;87;71m[48;2;120;92;73m▄[38;2;110;89;74m[48;2;111;90;71m▄[38;2;136;117;112m[48;2;115;99;92m▄[38;2;151;130;131m[48;2;127;109;107m▄[0m
[38;2;195;136;133m[48;2;191;129;125m▄[38;2;221;161;156m[48;2;215;153;149m▄[38;2;205;150;140m[48;2;201;142;138m▄[38;2;200;143;138m[48;2;196;135;134m▄[38;2;191;133;133m[48;2;188;127;132m▄[38;2;192;139;138m[48;2;189;133;135m▄[38;2;171;128;145m[48;2;168;117;130m▄[38;2;146;123;164m[48;2;138;112;150m▄[38;2;140;138;182m[48;2;133;135;184m▄[38;2;162;175;216m[48;2;155;182;231m▄[38;2;211;215;242m[48;2;196;240;255m▄[38;2;203;203;240m[48;2;194;234;255m▄[38;2;177;118;107m[48;2;172;137;141m▄[38;2;208;129;65m[48;2;213;132;70m▄[38;2;208;140;81m[48;2;215;149;91m▄[38;2;203;132;77m[48;2;209;140;84m▄[38;2;200;128;66m[48;2;209;139;79m▄[38;2;196;122;56m[48;2;208;136;72m▄[38;2;219;157;84m[48;2;209;137;64m▄[38;2;247;233;176m[48;2;242;208;138m▄[38;2;149;119;84m[48;2;255;255;246m▄[38;2;52;12;0m[48;2;217;205;188m▄[38;2;39;0;0m[48;2;145;117;100m▄[38;2;54;11;9m[48;2;97;61;44m▄[38;2;59;20;15m[48;2;66;31;21m▄[38;2;44;13;8m[48;2;57;26;17m▄[38;2;30;2;0m[48;2;77;45;36m▄[38;2;22;0;0m[48;2;128;102;93m▄[38;2;51;20;7m[48;2;219;202;180m▄[38;2;143;97;73m[48;2;245;201;151m▄[38;2;189;128;84m[48;2;192;130;75m▄[38;2;190;131;80m[48;2;188;127;80m▄[38;2;182;124;76m[48;2;183;122;77m▄[38;2;131;77;44m[48;2;131;77;41m▄[38;2;126;88;79m[48;2;122;86;75m▄[38;2;137;108;98m[48;2;127;100;93m▄[38;2;147;117;106m[48;2;128;97;85m▄[38;2;129;95;85m[48;2;120;90;80m▄[38;2;133;126;143m[48;2;109;86;90m▄[38;2;160;172;199m[48;2;110;86;87m▄[38;2;143;93;66m[48;2;143;86;50m▄[38;2;138;67;23m[48;2;139;74;25m▄[38;2;159;142;147m[48;2;153;132;132m▄[38;2;241;255;255m[48;2;236;253;255m▄[38;2;255;255;255m[48;2;255;255;255m▄[38;2;255;255;255m[48;2;255;255;255m▄[38;2;249;255;255m[48;2;231;248;255m▄[38;2;195;231;254m[48;2;140;181;216m▄[38;2;117;162;204m[48;2;73;106;134m▄[38;2;58;83;107m[48;2;50;64;84m▄[38;2;47;57;70m[48;2;43;55;65m▄[38;2;43;57;61m[48;2;44;54;59m▄[38;2;41;55;59m[48;2;43;52;58m▄[38;2;56;62;64m[48;2;52;59;59m▄[38;2;101;88;81m[48;2;94;82;73m▄[38;2;124;96;83m[48;2;116;93;80m▄[38;2;122;94;81m[48;2;110;90;77m▄[38;2;102;84;72m[48;2;97;80;69m▄[38;2;89;79;67m[48;2;92;80;74m▄[38;2;102;89;80m[48;2;101;90;87m▄[0m
[38;2;166;99;80m[48;2;170;101;88m▄[38;2;177;107;86m[48;2;187;117;101m▄[38;2;159;97;82m[48;2;171;112;98m▄[38;2;149;88;71m[48;2;162;104;93m▄[38;2;143;79;62m[48;2;155;95;84m▄[38;2;146;84;78m[48;2;159;100;96m▄[38;2;158;111;135m[48;2;160;117;147m▄[38;2;158;115;142m[48;2;163;137;186m▄[38;2;138;105;127m[48;2;151;147;195m▄[38;2;156;152;192m[48;2;161;170;218m▄[38;2;187;200;241m[48;2;193;182;224m▄[38;2;178;185;234m[48;2;187;181;227m▄[38;2;169;103;88m[48;2;172;109;96m▄[38;2;201;122;54m[48;2;195;117;56m▄[38;2;193;125;66m[48;2;182;115;64m▄[38;2;189;121;66m[48;2;174;106;57m▄[38;2;187;121;63m[48;2;177;109;59m▄[38;2;150;91;52m[48;2;180;109;57m▄[38;2;106;62;36m[48;2;199;132;75m▄[38;2;95;46;30m[48;2;155;95;54m▄[38;2;136;79;57m[48;2;69;26;24m▄[38;2;151;99;85m[48;2;70;36;46m▄[38;2;75;45;47m[48;2;52;23;27m▄[38;2;35;15;21m[48;2;52;26;23m▄[38;2;53;30;30m[48;2;51;24;20m▄[38;2;48;26;30m[48;2;51;27;26m▄[38;2;47;30;37m[48;2;65;38;49m▄[38;2;40;28;26m[48;2;43;21;19m▄[38;2;30;18;7m[48;2;25;13;0m▄[38;2;54;26;7m[48;2;47;18;4m▄[38;2;127;73;47m[48;2;134;78;49m▄[38;2;153;96;63m[48;2;175;115;73m▄[38;2;155;99;63m[48;2;167;108;65m▄[38;2;123;70;41m[48;2;124;71;42m▄[38;2;134;94;80m[48;2;132;93;86m▄[38;2;143;109;96m[48;2;143;109;100m▄[38;2;153;116;99m[48;2;155;118;102m▄[38;2;152;112;95m[48;2;146;107;91m▄[38;2;134;103;104m[48;2;140;122;127m▄[38;2;166;167;194m[48;2;188;206;237m▄[38;2;160;129;119m[48;2;158;122;108m▄[38;2;134;69;25m[48;2;135;62;15m▄[38;2;168;134;126m[48;2;166;150;156m▄[38;2;67;60;63m[48;2;183;211;229m▄[38;2;0;0;0m[48;2;113;130;144m▄[38;2;6;22;30m[48;2;181;197;207m▄[38;2;133;162;189m[48;2;255;255;255m▄[38;2;127;160;186m[48;2;243;255;255m▄[38;2;78;108;130m[48;2;170;208;234m▄[38;2;57;74;87m[48;2;100;143;181m▄[38;2;56;67;73m[48;2;51;66;83m▄[38;2;45;56;59m[48;2;46;56;61m▄[38;2;41;48;48m[48;2;39;54;54m▄[38;2;65;61;55m[48;2;64;63;61m▄[38;2;104;84;74m[48;2;105;88;79m▄[38;2;113;87;73m[48;2;116;92;74m▄[38;2;102;77;65m[48;2;107;83;67m▄[38;2;89;74;66m[48;2;94;77;68m▄[38;2;85;75;69m[48;2;86;76;70m▄[38;2;100;86;78m[48;2;101;87;78m▄[0m
[38;2;166;105;93m[48;2;166;103;88m▄[38;2;179;112;102m[48;2;180;112;97m▄[38;2;163;102;91m[48;2;161;97;85m▄[38;2;153;91;84m[48;2;150;84;72m▄[38;2;145;83;76m[48;2;145;80;70m▄[38;2;150;89;83m[48;2;150;89;88m▄[38;2;117;59;45m[48;2;139;77;77m▄[38;2;112;30;10m[48;2;114;43;24m▄[38;2;132;26;9m[48;2;110;32;14m▄[38;2;125;67;75m[48;2;115;59;59m▄[38;2;184;157;202m[48;2;158;147;181m▄[38;2;177;152;200m[48;2;177;159;203m▄[38;2;167;99;86m[48;2;171;99;81m▄[38;2;203;128;64m[48;2;203;126;58m▄[38;2;203;137;84m[48;2;204;136;74m▄[38;2;199;132;81m[48;2;203;132;74m▄[38;2;183;112;59m[48;2;196;126;69m▄[38;2;92;34;14m[48;2;84;36;16m▄[38;2;41;3;0m[48;2;44;10;4m▄[38;2;29;0;0m[48;2;50;16;13m▄[38;2;102;47;35m[48;2;126;63;53m▄[38;2;58;29;21m[48;2;150;88;67m▄[38;2;31;9;12m[48;2;95;52;39m▄[38;2;65;36;50m[48;2;49;17;27m▄[38;2;97;69;86m[48;2;75;44;54m▄[38;2;67;50;70m[48;2;54;33;45m▄[38;2;39;32;44m[48;2;36;28;37m▄[38;2;25;24;23m[48;2;34;28;31m▄[38;2;12;12;0m[48;2;18;11;5m▄[38;2;101;59;32m[48;2;69;37;17m▄[38;2;173;110;73m[48;2;153;93;63m▄[38;2;181;122;78m[48;2;170;109;69m▄[38;2;168;108;68m[48;2;170;109;67m▄[38;2;118;66;35m[48;2;122;68;35m▄[38;2;121;78;64m[48;2;132;87;72m▄[38;2;143;106;100m[48;2;156;118;108m▄[38;2;146;114;105m[48;2;156;119;110m▄[38;2;130;98;87m[48;2;142;105;91m▄[38;2;117;86;78m[48;2;123;91;85m▄[38;2;125;92;87m[48;2;129;106;111m▄[38;2;129;80;51m[48;2;148;98;71m▄[38;2;85;49;20m[48;2;142;81;36m▄[38;2;28;21;7m[48;2;121;73;46m▄[38;2;69;38;20m[48;2;154;79;43m▄[38;2;96;52;33m[48;2;166;88;53m▄[38;2;39;28;17m[48;2;94;57;39m▄[38;2;28;22;13m[48;2;47;60;77m▄[38;2;39;38;31m[48;2;56;71;94m▄[38;2;52;61;61m[48;2;62;72;85m▄[38;2;80;90;100m[48;2;69;74;82m▄[38;2;86;96;114m[48;2;68;76;84m▄[38;2;88;104;123m[48;2;55;68;75m▄[38;2;83;96;111m[48;2;54;63;68m▄[38;2;94;88;90m[48;2;74;71;69m▄[38;2;114;91;81m[48;2;109;87;75m▄[38;2;117;90;77m[48;2;114;86;73m▄[38;2;104;83;73m[48;2;100;76;67m▄[38;2;93;78;70m[48;2;86;74;66m▄[38;2;87;77;70m[48;2;84;78;72m▄[38;2;104;89;80m[48;2;103;91;84m▄[0m
[38;2;163;105;95m[48;2;165;103;93m▄[38;2;179;116;109m[48;2;178;111;102m▄[38;2;169;114;103m[48;2;167;110;101m▄[38;2;166;112;98m[48;2;163;111;103m▄[38;2;163;108;93m[48;2;162;108;95m▄[38;2;149;92;73m[48;2;154;96;81m▄[38;2;130;70;59m[48;2;116;56;42m▄[38;2;124;67;52m[48;2;107;47;26m▄[38;2;106;49;34m[48;2;97;34;15m▄[38;2;143;110;134m[48;2;140;110;139m▄[38;2;197;199;234m[48;2;209;218;255m▄[38;2;173;172;218m[48;2;166;187;245m▄[38;2;159;107;102m[48;2;153;105;105m▄[38;2;197;120;58m[48;2;209;134;71m▄[38;2;191;120;64m[48;2;209;143;89m▄[38;2;148;92;42m[48;2;201;134;74m▄[38;2;53;16;6m[48;2;109;52;24m▄[38;2;36;4;0m[48;2;73;28;14m▄[38;2;58;19;7m[48;2;77;28;12m▄[38;2;62;18;7m[48;2;65;21;10m▄[38;2;51;18;5m[48;2;38;14;5m▄[38;2;109;63;41m[48;2;30;11;2m▄[38;2;87;37;21m[48;2;65;20;22m▄[38;2;78;37;27m[48;2;71;30;39m▄[38;2;44;30;25m[48;2;38;27;50m▄[38;2;26;21;24m[48;2;38;31;55m▄[38;2;20;15;5m[48;2;36;31;35m▄[38;2;44;23;2m[48;2;17;16;5m▄[38;2;113;64;35m[48;2;54;31;14m▄[38;2;146;92;61m[48;2;140;82;53m▄[38;2;155;99;62m[48;2;177;115;74m▄[38;2;169;109;74m[48;2;182;124;83m▄[38;2;165;104;68m[48;2;166;106;68m▄[38;2;121;67;36m[48;2;114;61;29m▄[38;2;111;74;59m[48;2;108;73;55m▄[38;2;117;86;80m[48;2;129;99;92m▄[38;2;140;108;105m[48;2;139;111;106m▄[38;2;118;87;78m[48;2;132;100;93m▄[38;2;54;35;20m[48;2;121;88;76m▄[38;2;5;8;1m[48;2;86;60;47m▄[38;2;0;3;2m[48;2;50;33;17m▄[38;2;3;9;4m[48;2;18;17;7m▄[38;2;11;17;10m[48;2;13;19;13m▄[38;2;20;24;19m[48;2;10;19;15m▄[38;2;13;16;10m[48;2;0;12;6m▄[38;2;10;17;9m[48;2;6;14;7m▄[38;2;17;24;16m[48;2;19;23;16m▄[38;2;8;11;9m[48;2;13;17;10m▄[38;2;0;0;0m[48;2;5;14;4m▄[38;2;0;4;0m[48;2;42;46;45m▄[38;2;28;37;36m[48;2;87;101;122m▄[38;2;75;89;105m[48;2;89;124;161m▄[38;2;89;89;96m[48;2;79;96;114m▄[38;2;105;88;78m[48;2;99;87;82m▄[38;2;118;93;74m[48;2;116;92;78m▄[38;2;118;91;77m[48;2;117;89;73m▄[38;2;107;84;75m[48;2;107;81;70m▄[38;2;92;78;70m[48;2;96;77;69m▄[38;2;86;77;73m[48;2;90;76;68m▄[38;2;102;86;82m[48;2;101;85;78m▄[0m
[38;2;161;116;125m[48;2;161;108;105m▄[38;2;179;132;138m[48;2;183;131;130m▄[38;2;165;124;121m[48;2;180;143;145m▄[38;2;165;123;119m[48;2;179;142;148m▄[38;2;157;103;87m[48;2;168;118;115m▄[38;2;148;87;60m[48;2;149;88;72m▄[38;2;147;87;57m[48;2;151;92;67m▄[38;2;178;121;96m[48;2;162;102;71m▄[38;2;185;129;109m[48;2;150;89;65m▄[38;2;174;113;94m[48;2;143;82;72m▄[38;2;154;96;77m[48;2;165;120;125m▄[38;2;132;80;62m[48;2;175;124;117m▄[38;2;122;72;51m[48;2;186;118;85m▄[38;2;112;65;39m[48;2;208;133;76m▄[38;2;91;48;26m[48;2;188;120;64m▄[38;2;41;9;1m[48;2;50;16;1m▄[38;2;32;4;1m[48;2;28;0;0m▄[38;2;31;3;1m[48;2;38;5;1m▄[38;2;36;9;1m[48;2;38;10;1m▄[38;2;43;13;3m[48;2;89;44;15m▄[38;2;31;6;1m[48;2;71;29;8m▄[38;2;72;43;29m[48;2;143;88;65m▄[38;2;149;94;58m[48;2;133;80;46m▄[38;2;180;116;67m[48;2;80;42;16m▄[38;2;190;128;84m[48;2;79;46;23m▄[38;2;189;127;84m[48;2;74;44;24m▄[38;2;184;125;80m[48;2;108;64;32m▄[38;2;178;120;78m[48;2;137;84;44m▄[38;2;170;111;74m[48;2;149;95;53m▄[38;2;165;106;69m[48;2;153;100;60m▄[38;2;158;101;62m[48;2;162;104;67m▄[38;2;163;107;59m[48;2;184;126;77m▄[38;2;186;129;81m[48;2;184;125;80m▄[38;2;135;81;43m[48;2;130;77;41m▄[38;2;110;72;51m[48;2;113;75;53m▄[38;2;113;81;68m[48;2;111;79;66m▄[38;2;97;67;47m[48;2;117;88;80m▄[38;2;56;30;8m[48;2;64;43;27m▄[38;2;20;12;7m[48;2;5;4;0m▄[38;2;78;55;41m[48;2;9;9;8m▄[38;2;140;86;50m[48;2;61;40;22m▄[38;2;26;21;7m[48;2;11;9;4m▄[38;2;3;10;5m[48;2;1;5;2m▄[38;2;4;9;4m[48;2;8;13;6m▄[38;2;7;12;7m[48;2;12;19;12m▄[38;2;6;13;6m[48;2;5;11;5m▄[38;2;41;42;44m[48;2;23;27;22m▄[38;2;89;86;97m[48;2;67;65;70m▄[38;2;98;95;103m[48;2;28;28;30m▄[38;2;68;65;66m[48;2;0;0;0m▄[38;2;13;19;12m[48;2;0;5;0m▄[38;2;3;12;0m[48;2;35;42;38m▄[38;2;74;67;60m[48;2;93;90;95m▄[38;2;116;94;87m[48;2;111;91;83m▄[38;2;124;95;80m[48;2;120;93;78m▄[38;2;119;94;80m[48;2;115;93;80m▄[38;2;106;87;74m[48;2;107;88;77m▄[38;2;102;84;71m[48;2;98;83;74m▄[38;2;92;81;74m[48;2;85;78;74m▄[38;2;105;93;85m[48;2;101;89;84m▄[0m
[38;2;161;110;114m[48;2;163;114;123m▄[38;2;180;127;126m[48;2;180;128;127m▄[38;2;157;101;83m[48;2;148;92;70m▄[38;2;158;95;67m[48;2;154;90;61m▄[38;2;163;99;70m[48;2;154;92;61m▄[38;2;163;104;68m[48;2;157;98;63m▄[38;2;156;95;60m[48;2;156;95;59m▄[38;2;177;119;87m[48;2;183;128;98m▄[38;2;212;155;112m[48;2;196;140;110m▄[38;2;182;117;82m[48;2;184;121;92m▄[38;2;150;96;81m[48;2;120;69;48m▄[38;2;36;8;4m[48;2;25;0;0m▄[38;2;23;0;0m[48;2;21;0;0m▄[38;2;21;0;0m[48;2;14;0;0m▄[38;2;23;1;2m[48;2;28;1;0m▄[38;2;28;5;2m[48;2;44;11;2m▄[38;2;25;4;2m[48;2;35;8;1m▄[38;2;22;1;2m[48;2;28;4;1m▄[38;2;20;0;1m[48;2;27;2;1m▄[38;2;16;0;1m[48;2;22;1;1m▄[38;2;19;0;0m[48;2;24;5;2m▄[38;2;109;70;52m[48;2;14;0;0m▄[38;2;131;89;68m[48;2;24;2;0m▄[38;2;63;34;23m[48;2;76;41;24m▄[38;2;93;52;35m[48;2;120;77;48m▄[38;2;164;108;77m[48;2;154;104;69m▄[38;2;173;116;74m[48;2;145;94;56m▄[38;2;174;116;78m[48;2;149;95;56m▄[38;2;175;118;81m[48;2;154;97;63m▄[38;2;175;117;78m[48;2;155;96;60m▄[38;2;172;116;77m[48;2;158;103;65m▄[38;2;170;115;75m[48;2;170;116;72m▄[38;2;167;109;69m[48;2;182;124;86m▄[38;2;114;62;31m[48;2;131;77;46m▄[38;2;100;61;37m[48;2;115;70;51m▄[38;2;122;87;92m[48;2;120;82;66m▄[38;2;155;150;248m[48;2;123;99;119m▄[38;2;146;139;215m[48;2;74;52;53m▄[38;2;142;107;108m[48;2;75;49;28m▄[38;2;108;74;56m[48;2;93;59;39m▄[38;2;105;61;29m[48;2;110;65;30m▄[38;2;19;14;1m[48;2;24;17;3m▄[38;2;2;6;2m[48;2;8;14;8m▄[38;2;6;9;6m[48;2;17;19;13m▄[38;2;6;8;5m[48;2;13;17;11m▄[38;2;10;15;12m[48;2;2;9;2m▄[38;2;72;73;78m[48;2;56;57;60m▄[38;2;70;73;85m[48;2;89;87;94m▄[38;2;70;72;85m[48;2;85;83;83m▄[38;2;69;72;86m[48;2;92;86;90m▄[38;2;78;85;100m[48;2;74;72;78m▄[38;2;104;106;122m[48;2;61;56;47m▄[38;2;81;68;60m[48;2;115;87;66m▄[38;2;112;86;76m[48;2;121;94;85m▄[38;2;126;104;94m[48;2;126;98;86m▄[38;2;116;97;92m[48;2;121;96;87m▄[38;2;106;89;87m[48;2;110;89;81m▄[38;2;100;86;81m[48;2;105;85;75m▄[38;2;88;78;71m[48;2;94;81;72m▄[38;2;97;88;81m[48;2;104;91;81m▄[0m
[38;2;255;240;195m[48;2;195;140;91m▄[38;2;255;243;201m[48;2;211;153;98m▄[38;2;252;236;188m[48;2;195;136;80m▄[38;2;251;236;193m[48;2;191;131;75m▄[38;2;248;233;191m[48;2;190;129;71m▄[38;2;249;228;175m[48;2;184;124;67m▄[38;2;247;220;152m[48;2;183;122;68m▄[38;2;244;215;137m[48;2;189;127;71m▄[38;2;247;200;129m[48;2;222;163;113m▄[38;2;247;195;123m[48;2;214;149;98m▄[38;2;238;197;118m[48;2;195;135;91m▄[38;2;157;117;72m[48;2;54;19;10m▄[38;2;139;108;77m[48;2;17;0;0m▄[38;2;159;129;88m[48;2;19;0;0m▄[38;2;180;137;77m[48;2;13;0;0m▄[38;2;102;63;34m[48;2;22;0;0m▄[38;2;14;0;0m[48;2;27;5;2m▄[38;2;22;4;2m[48;2;22;3;2m▄[38;2;20;6;2m[48;2;20;3;2m▄[38;2;13;2;1m[48;2;13;1;1m▄[38;2;13;3;3m[48;2;33;14;11m▄[38;2;74;47;34m[48;2;197;139;105m▄[38;2;151;101;70m[48;2;215;153;116m▄[38;2;191;136;98m[48;2;190;128;92m▄[38;2;203;154;119m[48;2;184;124;87m▄[38;2;195;145;113m[48;2;172;112;75m▄[38;2;195;144;115m[48;2;166;106;68m▄[38;2;182;132;97m[48;2;167;108;74m▄[38;2;167;116;84m[48;2;167;111;81m▄[38;2;167;115;85m[48;2;169;114;79m▄[38;2;175;123;85m[48;2;166;114;75m▄[38;2;180;128;89m[48;2;165;113;75m▄[38;2;193;143;102m[48;2;165;113;75m▄[38;2;215;173;139m[48;2;134;91;64m▄[38;2;209;167;126m[48;2;115;78;58m▄[38;2;190;139;82m[48;2;116;72;71m▄[38;2;205;155;77m[48;2;133;99;148m▄[38;2;225;180;98m[48;2;127;104;140m▄[38;2;235;194;113m[48;2;127;94;101m▄[38;2;231;181;97m[48;2;127;83;50m▄[38;2;211;152;76m[48;2;139;81;44m▄[38;2;42;36;19m[48;2;39;26;10m▄[38;2;0;2;1m[48;2;1;8;2m▄[38;2;0;7;6m[48;2;1;5;3m▄[38;2;0;2;2m[48;2;0;0;0m▄[38;2;0;0;0m[48;2;4;6;6m▄[38;2;9;5;0m[48;2;79;69;63m▄[38;2;142;120;83m[48;2;131;106;87m▄[38;2;236;204;148m[48;2;119;100;89m▄[38;2;230;199;143m[48;2;127;110;99m▄[38;2;225;191;133m[48;2;124;105;97m▄[38;2;217;177;115m[48;2;124;100;97m▄[38;2;218;181;125m[48;2;121;94;83m▄[38;2;213;180;132m[48;2;127;91;78m▄[38;2;198;149;87m[48;2;127;89;67m▄[38;2;195;143;74m[48;2;123;90;68m▄[38;2;195;141;76m[48;2;115;85;66m▄[38;2;189;129;58m[48;2;109;79;54m▄[38;2;184;126;65m[48;2;106;75;55m▄[38;2;189;131;63m[48;2;114;82;64m▄[0m
[38;2;159;69;11m[48;2;206;140;58m▄[38;2;170;78;13m[48;2;220;151;63m▄[38;2;157;73;13m[48;2;210;140;62m▄[38;2;157;70;12m[48;2;209;138;64m▄[38;2;156;70;9m[48;2;208;137;62m▄[38;2;151;71;9m[48;2;207;136;50m▄[38;2;152;75;15m[48;2;208;133;40m▄[38;2;155;74;12m[48;2;206;132;40m▄[38;2;155;75;14m[48;2;211;139;69m▄[38;2;157;84;22m[48;2;220;157;99m▄[38;2;158;82;17m[48;2;219;160;108m▄[38;2;157;79;13m[48;2;224;165;111m▄[38;2;152;72;10m[48;2;217;149;89m▄[38;2;158;77;13m[48;2;216;144;77m▄[38;2;110;52;14m[48;2;215;137;58m▄[38;2;8;0;0m[48;2;77;43;19m▄[38;2;11;1;0m[48;2;12;0;0m▄[38;2;11;1;1m[48;2;19;4;1m▄[38;2;89;42;13m[48;2;25;8;3m▄[38;2;141;72;19m[48;2;30;13;6m▄[38;2;84;42;11m[48;2;0;0;0m▄[38;2;21;11;4m[48;2;0;0;0m▄[38;2;0;0;0m[48;2;11;1;0m▄[38;2;12;4;3m[48;2;73;37;13m▄[38;2;107;54;14m[48;2;138;72;25m▄[38;2;129;65;12m[48;2;137;71;26m▄[38;2;123;62;10m[48;2;132;69;26m▄[38;2;119;60;9m[48;2;123;63;19m▄[38;2;115;60;9m[48;2;121;63;20m▄[38;2;121;63;13m[48;2;127;65;21m▄[38;2;126;64;17m[48;2;129;64;16m▄[38;2;125;63;15m[48;2;132;68;18m▄[38;2;125;62;17m[48;2;139;73;23m▄[38;2;121;64;18m[48;2;139;71;19m▄[38;2;118;62;16m[48;2;137;71;18m▄[38;2;119;63;13m[48;2;152;90;32m▄[38;2;118;61;11m[48;2;172;110;37m▄[38;2;119;62;13m[48;2;176;110;34m▄[38;2;107;56;12m[48;2;183;114;40m▄[38;2;53;31;6m[48;2;190;116;38m▄[38;2;0;0;0m[48;2;123;74;24m▄[38;2;0;0;0m[48;2;6;7;3m▄[38;2;0;0;0m[48;2;0;1;1m▄[38;2;96;55;24m[48;2;12;9;2m▄[38;2;154;91;38m[48;2;34;22;5m▄[38;2;85;53;26m[48;2;0;0;0m▄[38;2;15;11;5m[48;2;0;0;0m▄[38;2;0;11;3m[48;2;0;4;3m▄[38;2;10;18;7m[48;2;104;71;36m▄[38;2;103;57;16m[48;2;168;103;45m▄[38;2;115;63;11m[48;2;155;95;30m▄[38;2;108;61;14m[48;2;156;95;32m▄[38;2;105;57;7m[48;2;162;101;45m▄[38;2;106;58;9m[48;2;157;102;47m▄[38;2;102;57;12m[48;2;153;98;47m▄[38;2;101;56;8m[48;2;153;96;39m▄[38;2;101;56;9m[48;2;154;97;34m▄[38;2;103;55;8m[48;2;160;98;36m▄[38;2;104;55;9m[48;2;162;100;43m▄[38;2;107;60;10m[48;2;170;109;43m▄[0m
[38;2;148;71;7m[48;2;151;67;11m▄[38;2;164;78;11m[48;2;163;76;12m▄[38;2;153;70;11m[48;2;150;68;11m▄[38;2;155;73;11m[48;2;148;66;8m▄[38;2;156;74;14m[48;2;143;63;9m▄[38;2;157;76;15m[48;2;137;62;9m▄[38;2;150;72;16m[48;2;140;63;12m▄[38;2;146;69;14m[48;2;151;71;16m▄[38;2;153;75;12m[48;2;157;76;14m▄[38;2;151;75;11m[48;2;146;70;10m▄[38;2;150;72;14m[48;2;135;66;9m▄[38;2;129;61;12m[48;2;139;67;12m▄[38;2;73;34;5m[48;2;138;65;11m▄[38;2;30;11;2m[48;2;129;63;17m▄[38;2;10;0;0m[48;2;43;17;5m▄[38;2;29;8;2m[48;2;3;0;0m▄[38;2;103;50;19m[48;2;17;4;1m▄[38;2;148;74;24m[48;2;87;40;9m▄[38;2;136;68;12m[48;2;141;69;16m▄[38;2;140;74;19m[48;2;140;70;14m▄[38;2;60;28;5m[48;2;122;62;17m▄[38;2;5;3;0m[48;2;22;10;3m▄[38;2;56;31;5m[48;2;8;5;1m▄[38;2;113;60;15m[48;2;56;30;11m▄[38;2;119;64;19m[48;2;114;60;17m▄[38;2;117;60;18m[48;2;114;58;12m▄[38;2;116;60;16m[48;2;113;57;10m▄[38;2;124;62;18m[48;2;116;58;11m▄[38;2;124;63;20m[48;2;113;57;9m▄[38;2;119;62;14m[48;2;116;59;11m▄[38;2;123;62;14m[48;2;123;63;18m▄[38;2;130;66;15m[48;2;123;61;14m▄[38;2;139;77;25m[48;2;117;55;10m▄[38;2;118;67;24m[48;2;110;56;14m▄[38;2;88;53;15m[48;2;116;61;16m▄[38;2;37;25;8m[48;2;114;60;17m▄[38;2;7;9;4m[48;2;100;55;19m▄[38;2;6;12;6m[48;2;74;44;16m▄[38;2;21;17;9m[48;2;35;25;12m▄[38;2;46;29;13m[48;2;0;0;3m▄[38;2;68;40;14m[48;2;0;1;1m▄[38;2;101;57;16m[48;2;0;8;4m▄[38;2;137;80;32m[48;2;73;46;20m▄[38;2;134;83;45m[48;2;148;103;76m▄[38;2;139;91;62m[48;2;203;189;188m▄[38;2;138;89;63m[48;2;212;191;185m▄[38;2;140;86;50m[48;2;117;90;75m▄[38;2;60;40;18m[48;2;0;2;1m▄[38;2;0;5;0m[48;2;8;17;7m▄[38;2;64;44;20m[48;2;82;52;20m▄[38;2;116;65;21m[48;2;103;59;21m▄[38;2;106;60;21m[48;2;97;58;24m▄[38;2;111;63;24m[48;2;95;57;16m▄[38;2;117;65;20m[48;2;101;58;14m▄[38;2;122;65;21m[48;2;106;62;20m▄[38;2;125;70;25m[48;2;107;62;17m▄[38;2;125;69;21m[48;2;106;60;16m▄[38;2;117;64;17m[48;2;107;61;13m▄[38;2;115;65;20m[48;2;106;60;12m▄[38;2;128;71;24m[48;2;115;66;17m▄[0m
[38;2;142;69;9m[48;2;150;73;13m▄[38;2;157;77;12m[48;2;168;82;18m▄[38;2;146;74;18m[48;2;153;74;14m▄[38;2;144;70;12m[48;2;152;74;13m▄[38;2;146;70;5m[48;2;153;74;10m▄[38;2;151;73;12m[48;2;153;75;12m▄[38;2;152;78;17m[48;2;153;77;16m▄[38;2;153;81;25m[48;2;154;79;21m▄[38;2;126;64;16m[48;2;157;83;25m▄[38;2;80;38;8m[48;2;154;79;25m▄[38;2;20;0;0m[48;2;122;58;16m▄[38;2;20;2;0m[48;2;41;16;2m▄[38;2;83;37;7m[48;2;6;0;0m▄[38;2;138;68;22m[48;2;39;13;3m▄[38;2;143;72;24m[48;2;82;39;13m▄[38;2;124;63;16m[48;2;118;59;18m▄[38;2;120;61;15m[48;2;134;68;21m▄[38;2;128;65;20m[48;2;135;68;23m▄[38;2;116;53;11m[48;2;140;72;20m▄[38;2;56;27;0m[48;2;112;57;13m▄[38;2;25;14;1m[48;2;28;12;2m▄[38;2;77;42;12m[48;2;28;16;3m▄[38;2;115;62;20m[48;2;100;54;15m▄[38;2;109;56;14m[48;2;120;65;19m▄[38;2;100;52;17m[48;2;117;63;26m▄[38;2;93;49;14m[48;2;114;58;22m▄[38;2;95;47;12m[48;2;114;59;16m▄[38;2;98;49;10m[48;2;118;61;16m▄[38;2;104;51;12m[48;2;119;62;19m▄[38;2;102;53;16m[48;2;113;59;17m▄[38;2;98;54;16m[48;2;117;61;19m▄[38;2;105;55;14m[48;2;124;63;11m▄[38;2;127;71;25m[48;2;141;84;31m▄[38;2;84;56;24m[48;2;71;48;19m▄[38;2;68;40;14m[48;2;26;24;4m▄[38;2;107;57;15m[48;2;10;12;1m▄[38;2;127;66;18m[48;2;61;36;14m▄[38;2;125;66;17m[48;2;111;60;20m▄[38;2;124;65;20m[48;2;125;66;23m▄[38;2;122;66;23m[48;2;137;76;28m▄[38;2;122;66;17m[48;2;140;77;25m▄[38;2;118;62;20m[48;2;137;73;21m▄[38;2;118;62;24m[48;2;131;72;30m▄[38;2;124;67;18m[48;2;131;75;30m▄[38;2;124;69;18m[48;2;133;79;23m▄[38;2;127;72;26m[48;2;137;82;28m▄[38;2;125;69;26m[48;2;139;80;31m▄[38;2;127;69;23m[48;2;121;70;24m▄[38;2;70;42;14m[48;2;14;16;4m▄[38;2;0;2;0m[48;2;12;15;9m▄[38;2;10;17;8m[48;2;95;59;22m▄[38;2;86;56;26m[48;2;116;67;19m▄[38;2;104;63;21m[48;2;113;64;21m▄[38;2;104;59;18m[48;2;121;69;21m▄[38;2;119;66;22m[48;2;124;70;21m▄[38;2;119;66;24m[48;2;120;70;21m▄[38;2;121;69;24m[48;2;120;70;18m▄[38;2;120;67;18m[48;2;119;67;13m▄[38;2;111;61;15m[48;2;107;61;14m▄[38;2;116;64;15m[48;2;117;65;13m▄[0m
[38;2;247;238;180m[48;2;144;84;45m▄[38;2;248;242;191m[48;2;157;88;42m▄[38;2;246;236;173m[48;2;145;84;36m▄[38;2;246;237;174m[48;2;142;86;35m▄[38;2;245;235;177m[48;2;142;80;34m▄[38;2;244;234;173m[48;2;144;82;40m▄[38;2;245;234;173m[48;2;145;84;39m▄[38;2;248;238;182m[48;2;142;88;45m▄[38;2;205;188;122m[48;2;59;32;10m▄[38;2;79;41;9m[48;2;28;10;0m▄[38;2;220;192;131m[48;2;73;47;26m▄[38;2;253;243;182m[48;2;119;71;32m▄[38;2;246;237;174m[48;2;152;91;40m▄[38;2;246;237;173m[48;2;143;85;37m▄[38;2;246;236;173m[48;2;136;83;42m▄[38;2;249;239;176m[48;2;131;83;45m▄[38;2;252;243;181m[48;2;133;85;49m▄[38;2;251;242;177m[48;2;136;86;44m▄[38;2;252;241;176m[48;2;114;73;33m▄[38;2;242;227;164m[48;2;51;33;13m▄[38;2;216;199;135m[48;2;24;12;1m▄[38;2;178;156;97m[48;2;59;25;5m▄[38;2;229;201;128m[48;2;107;59;21m▄[38;2;247;236;164m[48;2;111;70;35m▄[38;2;248;236;169m[48;2;105;68;36m▄[38;2;243;225;157m[48;2;100;64;34m▄[38;2;243;222;154m[48;2;102;62;34m▄[38;2;246;226;161m[48;2;107;67;37m▄[38;2;247;227;162m[48;2;110;68;35m▄[38;2;247;227;167m[48;2;113;71;37m▄[38;2;245;225;165m[48;2;111;70;39m▄[38;2;245;225;161m[48;2;116;72;37m▄[38;2;245;225;162m[48;2;131;79;38m▄[38;2;243;222;160m[48;2;130;82;44m▄[38;2;242;222;163m[48;2;104;63;35m▄[38;2;244;225;164m[48;2;123;75;40m▄[38;2;245;225;160m[48;2;119;75;40m▄[38;2;245;225;163m[48;2;122;77;40m▄[38;2;242;221;159m[48;2;126;74;35m▄[38;2;245;229;161m[48;2;128;84;40m▄[38;2;252;239;173m[48;2;135;94;46m▄[38;2;255;246;183m[48;2;144;105;65m▄[38;2;254;243;181m[48;2;141;98;54m▄[38;2;248;237;176m[48;2;131;87;42m▄[38;2;250;239;175m[48;2;130;89;41m▄[38;2;251;237;176m[48;2;134;91;49m▄[38;2;249;234;173m[48;2;135;93;53m▄[38;2;248;233;169m[48;2;135;90;53m▄[38;2;250;239;182m[48;2;123;84;46m▄[38;2;161;138;92m[48;2;21;20;7m▄[38;2;82;56;26m[48;2;16;18;7m▄[38;2;159;137;86m[48;2;40;28;9m▄[38;2;229;212;151m[48;2;75;62;30m▄[38;2;255;236;174m[48;2;130;97;58m▄[38;2;251;231;169m[48;2;131;91;50m▄[38;2;246;224;166m[48;2;123;83;47m▄[38;2;242;223;165m[48;2;120;81;39m▄[38;2;240;219;160m[48;2;119;78;37m▄[38;2;238;213;151m[48;2;117;75;32m▄[38;2;245;229;168m[48;2;125;83;42m▄[0m
[38;2;244;196;137m[48;2;253;215;140m▄[38;2;255;227;152m[48;2;255;228;142m▄[38;2;255;210;140m[48;2;255;212;132m▄[38;2;255;211;144m[48;2;255;211;132m▄[38;2;255;210;141m[48;2;254;211;129m▄[38;2;255;211;144m[48;2;255;213;133m▄[38;2;255;211;146m[48;2;254;210;126m▄[38;2;255;211;142m[48;2;253;209;127m▄[38;2;255;207;142m[48;2;255;211;128m▄[38;2;255;217;147m[48;2;198;146;79m▄[38;2;255;216;147m[48;2;195;138;71m▄[38;2;255;208;145m[48;2;247;201;122m▄[38;2;255;206;144m[48;2;246;199;127m▄[38;2;255;205;138m[48;2;242;197;122m▄[38;2;255;208;144m[48;2;243;197;117m▄[38;2;255;206;145m[48;2;243;196;117m▄[38;2;255;203;143m[48;2;241;195;119m▄[38;2;253;202;137m[48;2;233;187;115m▄[38;2;252;200;140m[48;2;229;180;107m▄[38;2;249;199;137m[48;2;231;184;116m▄[38;2;249;197;137m[48;2;232;185;115m▄[38;2;248;193;137m[48;2;235;186;116m▄[38;2;246;191;134m[48;2;230;184;121m▄[38;2;244;192;136m[48;2;229;182;118m▄[38;2;244;191;130m[48;2;228;180;114m▄[38;2;249;196;135m[48;2;236;184;113m▄[38;2;249;198;136m[48;2;244;195;119m▄[38;2;249;201;140m[48;2;250;206;130m▄[38;2;255;208;144m[48;2;251;207;130m▄[38;2;255;211;149m[48;2;251;206;131m▄[38;2;255;211;149m[48;2;252;206;131m▄[38;2;255;208;144m[48;2;251;205;128m▄[38;2;255;205;144m[48;2;252;206;129m▄[38;2;255;205;142m[48;2;253;209;133m▄[38;2;255;207;139m[48;2;248;203;128m▄[38;2;255;209;146m[48;2;247;201;131m▄[38;2;255;211;149m[48;2;247;200;124m▄[38;2;255;211;148m[48;2;246;198;125m▄[38;2;255;209;145m[48;2;245;199;125m▄[38;2;255;209;147m[48;2;245;197;121m▄[38;2;255;212;147m[48;2;246;196;125m▄[38;2;255;217;156m[48;2;245;196;122m▄[38;2;255;213;155m[48;2;245;197;123m▄[38;2;255;211;149m[48;2;246;198;127m▄[38;2;255;208;145m[48;2;242;194;122m▄[38;2;255;207;146m[48;2;237;189;119m▄[38;2;255;210;148m[48;2;239;190;123m▄[38;2;255;210;150m[48;2;239;190;118m▄[38;2;255;207;147m[48;2;236;187;119m▄[38;2;255;205;146m[48;2;235;183;118m▄[38;2;254;207;148m[48;2;229;177;110m▄[38;2;254;206;152m[48;2;246;194;128m▄[38;2;254;205;148m[48;2;235;181;116m▄[38;2;249;200;141m[48;2;227;175;107m▄[38;2;249;200;142m[48;2;232;181;118m▄[38;2;252;203;142m[48;2;237;186;120m▄[38;2;252;203;146m[48;2;238;187;121m▄[38;2;252;204;147m[48;2;236;185;119m▄[38;2;252;205;151m[48;2;233;180;112m▄[38;2;255;218;159m[48;2;250;196;125m▄[0m
