[38;2;147;166;187m[48;2;146;167;188m▄[38;2;173;195;219m[48;2;161;181;206m▄[38;2;161;182;204m[48;2;150;170;191m▄[38;2;161;181;204m[48;2;150;168;191m▄[38;2;162;181;204m[48;2;151;168;191m▄[38;2;163;182;205m[48;2;151;168;189m▄[38;2;163;182;205m[48;2;153;168;189m▄[38;2;165;183;206m[48;2;153;168;191m▄[38;2;166;184;207m[48;2;153;170;191m▄[38;2;167;184;208m[48;2;155;170;193m▄[38;2;168;185;209m[48;2;155;172;193m▄[38;2;169;187;211m[48;2;155;172;195m▄[38;2;171;189;211m[48;2;155;174;195m▄[38;2;174;191;212m[48;2;155;174;193m▄[38;2;178;194;214m[48;2;157;174;193m▄[38;2;183;197;216m[48;2;157;174;193m▄[38;2;184;197;215m[48;2;159;174;193m▄[38;2;180;194;213m[48;2;159;176;193m▄[38;2;178;193;212m[48;2;159;176;195m▄[38;2;178;193;213m[48;2;161;176;195m▄[38;2;177;193;213m[48;2;161;178;196m▄[38;2;180;194;214m[48;2;163;178;196m▄[38;2;183;196;215m[48;2;165;178;196m▄[38;2;185;198;216m[48;2;168;181;198m▄[38;2;187;198;217m[48;2;172;183;200m▄[38;2;187;199;217m[48;2;174;185;202m▄[38;2;186;199;216m[48;2;172;185;202m▄[38;2;185;199;217m[48;2;172;185;200m▄[38;2;187;201;218m[48;2;172;185;202m▄[38;2;190;202;220m[48;2;174;187;204m▄[38;2;201;212;231m[48;2;178;187;204m▄[38;2;142;152;167m[48;2;193;204;223m▄[38;2;48;56;69m[48;2;165;180;200m▄[38;2;22;32;44m[48;2;103;118;136m▄[38;2;18;27;39m[48;2;88;93;108m▄[38;2;46;55;68m[48;2;153;165;181m▄[38;2;147;161;179m[48;2;185;200;219m▄[38;2;192;205;224m[48;2;166;178;195m▄[38;2;183;196;213m[48;2;170;181;198m▄[38;2;185;197;214m[48;2;176;187;202m▄[38;2;189;201;217m[48;2;178;189;202m▄[38;2;197;208;223m[48;2;181;191;204m▄[38;2;202;212;225m[48;2;189;198;210m▄[38;2;201;209;221m[48;2;189;198;208m▄[38;2;201;210;222m[48;2;187;198;208m▄[38;2;197;207;220m[48;2;183;195;206m▄[38;2;186;198;215m[48;2;176;189;202m▄[38;2;183;196;215m[48;2;172;183;200m▄[38;2;184;197;216m[48;2;174;187;202m▄[38;2;183;196;215m[48;2;172;185;204m▄[38;2;186;198;217m[48;2;174;185;202m▄[38;2;192;204;221m[48;2;176;187;202m▄[38;2;192;204;221m[48;2;176;187;202m▄[38;2;187;199;217m[48;2;174;185;202m▄[38;2;183;196;215m[48;2;172;185;202m▄[38;2;179;194;213m[48;2;168;183;198m▄[38;2;178;193;213m[48;2;165;180;196m▄[38;2;174;191;213m[48;2;161;176;195m▄[38;2;163;178;200m[48;2;155;170;191m▄[38;2;168;182;205m[48;2;165;183;208m▄[0m
[38;2;153;170;191m[48;2;151;168;189m▄[38;2;168;186;208m[48;2;165;184;206m▄[38;2;158;174;195m[48;2;155;172;192m▄[38;2;159;176;196m[48;2;155;172;193m▄[38;2;161;177;195m[48;2;156;174;194m▄[38;2;163;178;196m[48;2;157;175;195m▄[38;2;164;178;196m[48;2;158;176;195m▄[38;2;163;178;196m[48;2;158;176;196m▄[38;2;162;177;196m[48;2;159;176;195m▄[38;2;163;178;196m[48;2;161;176;196m▄[38;2;164;178;197m[48;2;163;177;197m▄[38;2;165;179;198m[48;2;164;179;198m▄[38;2;168;181;199m[48;2;169;182;200m▄[38;2;171;183;200m[48;2;176;187;203m▄[38;2;174;185;201m[48;2;181;191;207m▄[38;2;173;184;200m[48;2;184;193;207m▄[38;2;173;184;200m[48;2;184;192;206m▄[38;2;175;185;200m[48;2;182;191;205m▄[38;2;177;187;201m[48;2;181;190;203m▄[38;2;179;189;202m[48;2;183;191;204m▄[38;2;181;190;202m[48;2;183;192;205m▄[38;2;182;191;203m[48;2;184;193;205m▄[38;2;181;190;202m[48;2;184;193;205m▄[38;2;179;188;201m[48;2;183;192;204m▄[38;2;178;187;200m[48;2;181;190;203m▄[38;2;178;186;199m[48;2;179;188;202m▄[38;2;178;188;200m[48;2;178;188;202m▄[38;2;178;189;201m[48;2;177;188;202m▄[38;2;176;187;201m[48;2;175;186;201m▄[38;2;187;199;216m[48;2;181;193;210m▄[38;2;79;86;97m[48;2;158;168;183m▄[38;2;0;0;0m[48;2;16;16;21m▄[38;2;0;4;9m[48;2;0;4;10m▄[38;2;3;8;16m[48;2;10;17;25m▄[38;2;11;15;23m[48;2;17;24;33m▄[38;2;11;17;26m[48;2;8;16;24m▄[38;2;8;16;25m[48;2;33;39;50m▄[38;2;133;141;157m[48;2;163;172;189m▄[38;2;186;197;212m[48;2;178;188;204m▄[38;2;171;181;196m[48;2;176;186;202m▄[38;2;163;174;191m[48;2;178;188;203m▄[38;2;143;154;172m[48;2;180;189;205m▄[38;2;122;135;148m[48;2;173;182;199m▄[38;2;129;143;153m[48;2;177;186;204m▄[38;2;120;135;139m[48;2;183;192;210m▄[38;2;120;132;137m[48;2;174;183;201m▄[38;2;135;146;154m[48;2;170;181;200m▄[38;2;128;142;152m[48;2;170;182;202m▄[38;2;142;158;175m[48;2;166;179;198m▄[38;2;161;176;196m[48;2;165;178;197m▄[38;2;163;176;196m[48;2;169;183;200m▄[38;2;163;176;195m[48;2;173;186;203m▄[38;2;161;175;194m[48;2;170;183;200m▄[38;2;161;175;195m[48;2;166;179;196m▄[38;2;163;178;200m[48;2;165;178;195m▄[38;2;160;174;199m[48;2;162;176;194m▄[38;2;134;149;170m[48;2;158;174;194m▄[38;2;108;117;127m[48;2;151;166;188m▄[38;2;103;112;112m[48;2;145;154;176m▄[38;2;131;145;153m[48;2;157;168;189m▄[0m
[38;2;150;168;187m[48;2;155;172;191m▄[38;2;164;183;204m[48;2;169;186;208m▄[38;2;153;171;190m[48;2;158;175;194m▄[38;2;154;171;190m[48;2;159;176;194m▄[38;2;154;171;190m[48;2;160;176;193m▄[38;2;154;172;190m[48;2;160;175;193m▄[38;2;154;170;189m[48;2;160;174;193m▄[38;2;153;170;190m[48;2;159;174;193m▄[38;2;153;170;191m[48;2;159;174;193m▄[38;2;154;171;192m[48;2;159;174;193m▄[38;2;155;173;193m[48;2;160;175;195m▄[38;2;156;173;193m[48;2;161;176;195m▄[38;2;156;173;193m[48;2;162;176;195m▄[38;2;157;174;193m[48;2;163;177;196m▄[38;2;157;173;192m[48;2;163;177;195m▄[38;2;156;173;192m[48;2;163;177;194m▄[38;2;158;174;193m[48;2;164;177;195m▄[38;2;160;175;193m[48;2;166;178;195m▄[38;2;162;176;194m[48;2;169;181;197m▄[38;2;163;178;195m[48;2;170;183;197m▄[38;2;164;179;195m[48;2;171;183;198m▄[38;2;164;179;194m[48;2;172;184;198m▄[38;2;167;180;196m[48;2;173;185;198m▄[38;2;171;183;198m[48;2;175;185;198m▄[38;2;172;183;198m[48;2;175;185;198m▄[38;2;173;185;198m[48;2;175;185;199m▄[38;2;172;184;198m[48;2;175;186;199m▄[38;2;170;181;196m[48;2;175;187;200m▄[38;2;172;187;205m[48;2;172;184;200m▄[38;2;141;149;166m[48;2;179;191;211m▄[38;2;57;43;41m[48;2;79;78;84m▄[38;2;76;46;30m[48;2;14;7;2m▄[38;2;136;98;81m[48;2;35;23;18m▄[38;2;139;102;85m[48;2;37;25;21m▄[38;2;154;118;101m[48;2;50;35;34m▄[38;2;169;130;110m[48;2;57;43;40m▄[38;2;119;95;84m[48;2;16;11;10m▄[38;2;155;164;181m[48;2;110;114;130m▄[38;2;110;121;123m[48;2;171;183;200m▄[38;2;73;81;68m[48;2;122;134;140m▄[38;2;66;78;59m[48;2;97;109;105m▄[38;2;61;69;44m[48;2;77;89;75m▄[38;2;72;80;57m[48;2;73;85;66m▄[38;2;78;87;66m[48;2;72;82;60m▄[38;2;77;87;67m[48;2;77;87;66m▄[38;2;73;84;67m[48;2;84;96;81m▄[38;2;75;85;71m[48;2;80;91;78m▄[38;2;79;88;74m[48;2;81;96;91m▄[38;2;87;94;86m[48;2;120;135;146m▄[38;2;107;117;121m[48;2;138;150;166m▄[38;2;113;124;131m[48;2;141;155;171m▄[38;2;98;111;108m[48;2;145;161;178m▄[38;2;105;118;111m[48;2;149;167;184m▄[38;2;89;100;88m[48;2;151;169;187m▄[38;2;68;78;53m[48;2;142;156;171m▄[38;2;58;65;36m[48;2;116;129;134m▄[38;2;59;65;34m[48;2;84;94;78m▄[38;2;62;67;37m[48;2;71;79;48m▄[38;2;63;66;36m[48;2;68;77;43m▄[38;2;64;68;34m[48;2;84;93;67m▄[0m
[38;2;129;142;159m[48;2;140;159;178m▄[38;2;148;166;186m[48;2;158;177;199m▄[38;2;144;162;183m[48;2;148;166;186m▄[38;2;146;165;185m[48;2;148;165;186m▄[38;2;147;165;185m[48;2;149;166;186m▄[38;2;147;164;185m[48;2;150;167;187m▄[38;2;146;164;186m[48;2;149;167;188m▄[38;2;146;165;188m[48;2;149;167;190m▄[38;2;146;166;189m[48;2;149;168;191m▄[38;2;147;166;189m[48;2;150;168;190m▄[38;2;149;167;189m[48;2;152;170;190m▄[38;2;150;168;188m[48;2;152;170;190m▄[38;2;150;167;188m[48;2;153;170;191m▄[38;2;150;168;188m[48;2;153;171;191m▄[38;2;150;168;189m[48;2;153;170;191m▄[38;2;150;168;188m[48;2;153;170;190m▄[38;2;151;169;188m[48;2;153;171;190m▄[38;2;152;169;189m[48;2;154;171;190m▄[38;2;152;169;189m[48;2;155;171;191m▄[38;2;152;170;191m[48;2;156;172;191m▄[38;2;152;171;194m[48;2;157;173;191m▄[38;2;154;172;194m[48;2;159;175;192m▄[38;2;157;173;192m[48;2;163;176;194m▄[38;2;160;166;181m[48;2;166;179;198m▄[38;2;168;162;169m[48;2;166;181;200m▄[38;2;170;164;171m[48;2;165;180;198m▄[38;2;166;165;176m[48;2;166;178;197m▄[38;2;173;161;164m[48;2;163;176;196m▄[38;2;185;162;157m[48;2;165;178;199m▄[38;2;157;131;123m[48;2;128;140;157m▄[38;2;88;57;46m[48;2;66;55;52m▄[38;2;97;54;37m[48;2;98;57;40m▄[38;2;117;69;51m[48;2;134;88;70m▄[38;2;156;108;91m[48;2;191;146;128m▄[38;2;151;103;90m[48;2;185;144;132m▄[38;2;145;100;87m[48;2;187;147;133m▄[38;2;168;137;125m[48;2;173;151;145m▄[38;2;99;97;86m[48;2;129;142;153m▄[38;2;60;68;56m[48;2;92;101;99m▄[38;2;58;63;49m[48;2;63;68;49m▄[38;2;58;63;43m[48;2;53;59;37m▄[38;2;55;60;36m[48;2;59;66;42m▄[38;2;50;58;32m[48;2;65;73;47m▄[38;2;58;67;40m[48;2;65;75;50m▄[38;2;62;72;47m[48;2;72;82;57m▄[38;2;61;67;43m[48;2;75;86;63m▄[38;2;68;75;50m[48;2;78;86;65m▄[38;2;82;90;70m[48;2;82;89;76m▄[38;2;107;113;102m[48;2;100;107;107m▄[38;2;113;122;116m[48;2;117;128;138m▄[38;2;95;105;98m[48;2;101;115;122m▄[38;2;79;85;70m[48;2;83;93;88m▄[38;2;69;76;48m[48;2;80;88;68m▄[38;2;54;60;33m[48;2;66;74;51m▄[38;2;45;52;27m[48;2;47;54;31m▄[38;2;56;64;37m[48;2;48;56;31m▄[38;2;58;67;39m[48;2;58;68;42m▄[38;2;57;64;38m[48;2;55;63;38m▄[38;2;60;64;39m[48;2;48;52;29m▄[38;2;71;76;47m[48;2;50;54;28m▄[0m
[38;2;103;103;97m[48;2;123;135;151m▄[38;2;113;117;111m[48;2;145;159;180m▄[38;2;108;114;111m[48;2;143;159;179m▄[38;2;116;126;127m[48;2;145;164;183m▄[38;2;130;142;151m[48;2;146;165;184m▄[38;2;143;157;172m[48;2;146;164;185m▄[38;2;153;168;185m[48;2;146;165;185m▄[38;2;155;173;190m[48;2;147;165;185m▄[38;2;154;173;190m[48;2;149;168;188m▄[38;2;150;167;183m[48;2;151;170;191m▄[38;2;147;161;175m[48;2;153;172;194m▄[38;2;146;161;175m[48;2;155;172;194m▄[38;2;137;150;161m[48;2;155;173;198m▄[38;2;138;151;162m[48;2;154;171;194m▄[38;2;153;168;187m[48;2;152;169;190m▄[38;2;155;174;195m[48;2;152;170;191m▄[38;2;145;159;175m[48;2;150;168;189m▄[38;2;139;132;136m[48;2;149;167;187m▄[38;2;148;119;111m[48;2;150;166;186m▄[38;2;174;128;113m[48;2;155;162;179m▄[38;2;183;132;112m[48;2;165;157;166m▄[38;2;154;104;87m[48;2;168;148;150m▄[38;2;166;118;102m[48;2;167;139;134m▄[38;2;185;141;123m[48;2;185;149;136m▄[38;2;195;154;135m[48;2;201;158;140m▄[38;2;204;167;149m[48;2;200;158;138m▄[38;2;204;168;150m[48;2;183;145;126m▄[38;2;208;178;163m[48;2;207;174;158m▄[38;2;204;170;154m[48;2;210;178;163m▄[38;2;204;165;148m[48;2;221;183;168m▄[38;2;185;143;126m[48;2;142;98;80m▄[38;2;116;67;49m[48;2;87;40;21m▄[38;2;94;42;23m[48;2;94;43;25m▄[38;2;93;42;22m[48;2;119;67;47m▄[38;2;104;54;32m[48;2;154;102;82m▄[38;2;193;151;134m[48;2;168;123;107m▄[38;2;214;179;165m[48;2;218;183;169m▄[38;2;210;175;162m[48;2;197;165;150m▄[38;2;215;180;169m[48;2;109;97;78m▄[38;2;195;166;153m[48;2;66;66;48m▄[38;2;118;106;88m[48;2;65;68;48m▄[38;2;62;63;37m[48;2;70;73;49m▄[38;2;59;59;33m[48;2;59;63;37m▄[38;2;49;52;26m[48;2;53;57;32m▄[38;2;57;64;36m[48;2;52;58;32m▄[38;2;67;73;46m[48;2;62;69;43m▄[38;2;66;73;45m[48;2;68;73;47m▄[38;2;61;69;39m[48;2;69;73;45m▄[38;2;61;69;39m[48;2;72;76;44m▄[38;2;64;70;39m[48;2;69;74;42m▄[38;2;57;65;32m[48;2;66;69;36m▄[38;2;45;56;25m[48;2;58;64;33m▄[38;2;41;53;25m[48;2;49;57;28m▄[38;2;39;52;25m[48;2;53;61;34m▄[38;2;37;47;22m[48;2;62;69;41m▄[38;2;34;44;20m[48;2;62;68;40m▄[38;2;29;40;17m[48;2;50;57;30m▄[38;2;33;45;20m[48;2;44;52;26m▄[38;2;43;55;28m[48;2;52;59;33m▄[38;2;55;65;36m[48;2;63;70;40m▄[0m
[38;2;82;75;52m[48;2;86;78;56m▄[38;2;90;82;58m[48;2;93;87;61m▄[38;2;82;76;54m[48;2;83;81;57m▄[38;2;81;78;54m[48;2;82;83;59m▄[38;2;81;77;53m[48;2;87;88;69m▄[38;2;85;80;58m[48;2;107;113;108m▄[38;2;86;82;60m[48;2;126;135;138m▄[38;2;83;80;57m[48;2;127;139;141m▄[38;2;76;76;52m[48;2;115;126;124m▄[38;2;68;70;46m[48;2;99;104;92m▄[38;2;66;70;46m[48;2;87;90;69m▄[38;2;64;70;45m[48;2;81;85;64m▄[38;2;60;66;39m[48;2;71;73;49m▄[38;2;73;80;66m[48;2;84;89;72m▄[38;2;122;135;141m[48;2;117;128;132m▄[38;2;138;113;107m[48;2;144;148;156m▄[38;2;174;124;102m[48;2;158;132;121m▄[38;2;162;116;92m[48;2;155;111;91m▄[38;2;138;87;61m[48;2;148;95;70m▄[38;2;152;99;75m[48;2;162;108;83m▄[38;2;158;108;87m[48;2;151;100;79m▄[38;2;88;50;27m[48;2;98;56;36m▄[38;2;82;44;20m[48;2;124;80;61m▄[38;2;100;59;33m[48;2;158;112;92m▄[38;2;116;72;47m[48;2;177;132;110m▄[38;2;142;97;72m[48;2;198;160;141m▄[38;2;171;127;105m[48;2;206;175;159m▄[38;2;190;150;131m[48;2;197;162;146m▄[38;2;204;166;152m[48;2;193;153;136m▄[38;2;208;167;156m[48;2;194;151;135m▄[38;2;197;153;142m[48;2;205;162;147m▄[38;2;208;163;153m[48;2;184;136;120m▄[38;2;164;118;104m[48;2;103;54;32m▄[38;2;121;78;63m[48;2;81;35;14m▄[38;2;197;151;139m[48;2;141;95;79m▄[38;2;210;166;155m[48;2;216;173;161m▄[38;2;200;159;147m[48;2;206;168;155m▄[38;2;206;169;155m[48;2;207;171;158m▄[38;2;203;167;150m[48;2;206;172;157m▄[38;2;204;168;151m[48;2;213;178;166m▄[38;2;209;170;155m[48;2;207;170;159m▄[38;2;166;139;124m[48;2;115;100;80m▄[38;2;81;78;56m[48;2;74;75;50m▄[38;2;77;76;52m[48;2;75;78;53m▄[38;2;73;73;48m[48;2;72;75;49m▄[38;2;67;69;44m[48;2;67;73;47m▄[38;2;59;62;37m[48;2;61;67;40m▄[38;2;52;58;33m[48;2;57;63;34m▄[38;2;49;57;31m[48;2;57;64;34m▄[38;2;56;64;35m[48;2;57;65;34m▄[38;2;55;64;34m[48;2;52;61;29m▄[38;2;42;52;23m[48;2;44;56;25m▄[38;2;32;41;15m[48;2;33;44;16m▄[38;2;45;51;25m[48;2;25;35;10m▄[38;2;49;54;28m[48;2;19;31;7m▄[38;2;48;55;27m[48;2;17;30;6m▄[38;2;50;58;31m[48;2;22;35;13m▄[38;2;51;58;31m[48;2;25;37;14m▄[38;2;50;57;30m[48;2;25;36;11m▄[38;2;40;48;21m[48;2;34;46;18m▄[0m
[38;2;76;71;50m[48;2;80;75;54m▄[38;2;82;77;55m[48;2;88;81;59m▄[38;2;76;72;51m[48;2;82;77;56m▄[38;2;76;72;51m[48;2;80;77;56m▄[38;2;77;73;53m[48;2;81;77;56m▄[38;2;78;74;53m[48;2;82;77;57m▄[38;2;79;74;53m[48;2;82;76;56m▄[38;2;79;74;53m[48;2;80;75;54m▄[38;2;77;73;51m[48;2;75;73;51m▄[38;2;77;75;52m[48;2;70;71;47m▄[38;2;76;76;54m[48;2;68;71;49m▄[38;2;64;64;42m[48;2;64;68;46m▄[38;2;61;66;49m[48;2;55;60;37m▄[38;2;100;101;95m[48;2;93;102;98m▄[38;2;108;78;61m[48;2;126;121;122m▄[38;2;97;54;27m[48;2;127;85;67m▄[38;2;109;63;33m[48;2;157;103;77m▄[38;2;73;45;14m[48;2;111;66;34m▄[38;2;64;52;25m[48;2;110;67;37m▄[38;2;80;65;45m[48;2;132;84;57m▄[38;2;84;72;53m[48;2;138;89;61m▄[38;2;85;76;56m[48;2;104;62;34m▄[38;2;84;83;66m[48;2;73;38;13m▄[38;2;81;86;74m[48;2;76;51;29m▄[38;2;65;46;21m[48;2;82;47;18m▄[38;2;110;65;37m[48;2;117;70;44m▄[38;2;152;101;76m[48;2;158;107;83m▄[38;2;161;107;81m[48;2;178;128;104m▄[38;2;176;123;100m[48;2;188;142;124m▄[38;2;189;139;121m[48;2;196;155;143m▄[38;2;191;141;125m[48;2;196;151;139m▄[38;2;190;140;124m[48;2;190;140;127m▄[38;2;189;140;125m[48;2;196;147;135m▄[38;2;180;130;116m[48;2;205;162;151m▄[38;2;186;138;122m[48;2;203;160;148m▄[38;2;196;149;133m[48;2;199;153;141m▄[38;2;195;148;132m[48;2;196;149;134m▄[38;2;194;146;129m[48;2;199;155;139m▄[38;2;195;149;131m[48;2;203;163;146m▄[38;2;176;133;111m[48;2;200;163;144m▄[38;2;195;156;135m[48;2;198;158;139m▄[38;2;164;134;115m[48;2;168;136;117m▄[38;2;61;56;29m[48;2;80;74;49m▄[38;2;61;59;33m[48;2;70;69;41m▄[38;2;64;61;36m[48;2;65;64;39m▄[38;2;68;68;42m[48;2;58;59;35m▄[38;2;66;68;42m[48;2;61;64;38m▄[38;2;57;61;35m[48;2;62;67;42m▄[38;2;45;51;24m[48;2;50;57;32m▄[38;2;51;57;30m[48;2;47;54;27m▄[38;2;54;60;34m[48;2;52;59;31m▄[38;2;52;58;32m[48;2;45;55;27m▄[38;2;44;50;24m[48;2;40;51;23m▄[38;2;37;44;19m[48;2;40;48;23m▄[38;2;37;46;20m[48;2;38;45;18m▄[38;2;42;51;24m[48;2;35;45;17m▄[38;2;40;46;22m[48;2;38;48;21m▄[38;2;35;41;18m[48;2;44;52;24m▄[38;2;45;50;26m[48;2;46;52;26m▄[38;2;50;54;27m[48;2;46;54;24m▄[0m
[38;2;61;60;37m[48;2;67;65;43m▄[38;2;66;65;41m[48;2;73;70;47m▄[38;2;62;62;39m[48;2;68;65;44m▄[38;2;64;63;42m[48;2;69;67;46m▄[38;2;62;61;41m[48;2;69;69;48m▄[38;2;61;60;41m[48;2;70;69;49m▄[38;2;66;63;45m[48;2;74;70;50m▄[38;2;70;68;50m[48;2;76;71;51m▄[38;2;71;69;51m[48;2;76;71;51m▄[38;2;71;67;50m[48;2;73;69;48m▄[38;2;71;68;51m[48;2;72;68;47m▄[38;2;75;72;54m[48;2;71;68;47m▄[38;2;79;72;53m[48;2;89;92;79m▄[38;2;85;59;35m[48;2;101;89;76m▄[38;2;84;47;20m[48;2;90;53;27m▄[38;2;63;34;6m[48;2;73;36;8m▄[38;2;64;55;28m[48;2;71;42;17m▄[38;2;64;65;38m[48;2;70;64;38m▄[38;2;63;67;37m[48;2;55;58;32m▄[38;2;64;70;37m[48;2;52;55;32m▄[38;2;59;65;32m[48;2;76;85;69m▄[38;2;41;47;13m[48;2;74;84;64m▄[38;2;39;44;9m[48;2;60;68;40m▄[38;2;55;64;28m[48;2;67;75;49m▄[38;2;71;67;37m[48;2;69;62;37m▄[38;2;67;39;12m[48;2;76;40;12m▄[38;2;86;48;22m[48;2;128;81;56m▄[38;2;136;84;61m[48;2;161;107;82m▄[38;2;169;114;91m[48;2;178;126;104m▄[38;2;185;133;112m[48;2;193;147;130m▄[38;2;191;142;124m[48;2;197;156;142m▄[38;2;188;139;120m[48;2;196;154;139m▄[38;2;185;136;118m[48;2;189;144;128m▄[38;2;183;133;114m[48;2;180;133;115m▄[38;2;187;135;116m[48;2;185;136;118m▄[38;2;188;136;117m[48;2;193;145;128m▄[38;2;188;138;119m[48;2;193;147;130m▄[38;2;187;135;116m[48;2;192;144;127m▄[38;2;147;96;73m[48;2;184;134;113m▄[38;2;134;90;68m[48;2;174;130;106m▄[38;2;199;159;138m[48;2;211;179;162m▄[38;2;213;176;160m[48;2;206;172;156m▄[38;2;169;140;120m[48;2;99;85;60m▄[38;2;57;54;26m[48;2;46;47;19m▄[38;2;47;47;22m[48;2;49;47;24m▄[38;2;45;47;22m[48;2;50;50;26m▄[38;2;52;53;29m[48;2;65;66;39m▄[38;2;50;51;27m[48;2;68;70;42m▄[38;2;44;46;20m[48;2;63;64;37m▄[38;2;50;52;26m[48;2;63;63;36m▄[38;2;60;61;35m[48;2;62;65;38m▄[38;2;62;64;39m[48;2;53;56;30m▄[38;2;62;64;39m[48;2;47;51;25m▄[38;2;53;57;32m[48;2;47;53;28m▄[38;2;39;44;18m[48;2;51;56;31m▄[38;2;35;40;14m[48;2;52;55;30m▄[38;2;38;42;19m[48;2;36;41;19m▄[38;2;39;43;22m[48;2;23;30;9m▄[38;2;36;38;18m[48;2;34;39;18m▄[38;2;31;33;12m[48;2;29;31;10m▄[0m
[38;2;56;58;33m[48;2;60;58;33m▄[38;2;58;60;35m[48;2;63;63;37m▄[38;2;56;54;32m[48;2;62;61;38m▄[38;2;66;63;41m[48;2;68;64;42m▄[38;2;72;70;49m[48;2;70;67;47m▄[38;2;70;69;49m[48;2;68;67;47m▄[38;2;70;68;49m[48;2;69;67;49m▄[38;2;73;70;51m[48;2;72;70;53m▄[38;2;74;71;53m[48;2;74;72;56m▄[38;2;62;60;41m[48;2;74;71;54m▄[38;2;62;58;40m[48;2;76;74;57m▄[38;2;79;69;54m[48;2;81;77;61m▄[38;2;112;81;62m[48;2;90;76;58m▄[38;2;123;75;53m[48;2;97;61;39m▄[38;2;99;65;37m[48;2;101;61;34m▄[38;2;62;59;25m[48;2;69;58;22m▄[38;2;47;52;21m[48;2;59;64;30m▄[38;2;41;47;16m[48;2;57;63;30m▄[38;2;43;51;18m[48;2;54;59;26m▄[38;2;60;68;34m[48;2;52;58;23m▄[38;2;66;75;40m[48;2;59;65;31m▄[38;2;59;69;33m[48;2;59;67;32m▄[38;2;52;60;25m[48;2;60;68;33m▄[38;2;46;55;20m[48;2;58;69;32m▄[38;2;61;59;29m[48;2;60;59;27m▄[38;2;81;54;30m[48;2;78;50;26m▄[38;2;76;46;21m[48;2;72;41;15m▄[38;2;71;39;14m[48;2;82;44;19m▄[38;2;68;33;7m[48;2;116;69;46m▄[38;2;77;37;10m[48;2;153;99;77m▄[38;2;95;52;24m[48;2;172;116;95m▄[38;2;134;90;63m[48;2;169;116;95m▄[38;2;164;117;93m[48;2;153;102;79m▄[38;2;102;60;31m[48;2;131;79;52m▄[38;2;91;45;17m[48;2;166;109;87m▄[38;2;117;68;41m[48;2;175;119;96m▄[38;2;112;68;40m[48;2;171;114;90m▄[38;2;87;62;34m[48;2;157;102;77m▄[38;2;70;60;33m[48;2;83;47;22m▄[38;2;52;30;4m[48;2;61;31;9m▄[38;2;70;34;9m[48;2;150;106;82m▄[38;2;125;79;55m[48;2;188;147;127m▄[38;2;187;144;122m[48;2;185;145;126m▄[38;2;167;135;116m[48;2;84;72;46m▄[38;2;67;63;39m[48;2;40;41;15m▄[38;2;61;61;38m[48;2;49;50;25m▄[38;2;64;63;41m[48;2;53;55;31m▄[38;2;60;60;39m[48;2;57;60;36m▄[38;2;55;56;35m[48;2;58;61;37m▄[38;2;55;55;34m[48;2;52;53;28m▄[38;2;59;62;40m[48;2;53;53;30m▄[38;2;58;61;39m[48;2;59;60;36m▄[38;2;54;59;36m[48;2;63;65;39m▄[38;2;53;60;35m[48;2;56;61;35m▄[38;2;58;65;42m[48;2;55;61;35m▄[38;2;62;70;47m[48;2;53;59;35m▄[38;2;47;53;31m[48;2;46;50;27m▄[38;2;27;34;12m[48;2;30;34;14m▄[38;2;27;36;13m[48;2;31;35;16m▄[38;2;45;54;29m[48;2;38;45;21m▄[0m
[38;2;76;75;41m[48;2;65;65;37m▄[38;2;82;81;45m[48;2;66;66;36m▄[38;2;73;72;40m[48;2;57;57;31m▄[38;2;71;71;43m[48;2;62;61;38m▄[38;2;70;71;46m[48;2;66;67;44m▄[38;2;69;70;47m[48;2;69;69;49m▄[38;2;66;66;45m[48;2;70;70;51m▄[38;2;62;61;41m[48;2;68;67;48m▄[38;2;60;59;39m[48;2;61;59;40m▄[38;2;61;60;40m[48;2;50;50;31m▄[38;2;79;66;50m[48;2;70;63;47m▄[38;2;156;120;107m[48;2;120;96;83m▄[38;2;176;134;118m[48;2;123;82;65m▄[38;2;191;149;133m[48;2;152;101;80m▄[38;2;167;137;117m[48;2;105;78;49m▄[38;2;52;52;21m[48;2;48;47;15m▄[38;2;42;46;20m[48;2;28;31;8m▄[38;2;28;37;12m[48;2;19;26;5m▄[38;2;15;25;1m[48;2;23;31;7m▄[38;2;20;29;7m[48;2;34;40;14m▄[38;2;23;30;8m[48;2;37;43;14m▄[38;2;44;51;27m[48;2;34;40;10m▄[38;2;61;64;39m[48;2;49;55;23m▄[38;2;58;62;35m[48;2;61;68;34m▄[38;2;67;66;42m[48;2;68;68;39m▄[38;2;80;56;31m[48;2;79;54;30m▄[38;2;72;40;15m[48;2;75;45;20m▄[38;2;67;35;11m[48;2;75;43;19m▄[38;2;70;36;12m[48;2;77;43;20m▄[38;2;74;38;14m[48;2;74;38;13m▄[38;2;69;34;11m[48;2;85;47;21m▄[38;2;62;26;2m[48;2;139;98;73m▄[38;2;63;26;0m[48;2;158;114;92m▄[38;2;72;34;7m[48;2;135;89;64m▄[38;2;78;43;15m[48;2;74;39;9m▄[38;2;70;50;24m[48;2;67;38;10m▄[38;2;54;48;25m[48;2;63;49;25m▄[38;2;52;49;28m[48;2;60;58;35m▄[38;2;54;52;32m[48;2;65;63;41m▄[38;2;44;41;22m[48;2;53;42;20m▄[38;2;82;62;40m[48;2;72;43;19m▄[38;2;138;96;74m[48;2;144;100;76m▄[38;2;157;113;95m[48;2;195;152;134m▄[38;2;173;132;116m[48;2;204;166;151m▄[38;2;163;122;109m[48;2;131;106;89m▄[38;2;138;114;100m[48;2;64;62;41m▄[38;2;55;53;35m[48;2;62;61;41m▄[38;2;60;58;40m[48;2;61;60;42m▄[38;2;58;57;39m[48;2;50;51;33m▄[38;2;55;57;38m[48;2;46;48;30m▄[38;2;50;51;33m[48;2;51;53;35m▄[38;2;47;48;33m[48;2;56;57;40m▄[38;2;42;46;30m[48;2;51;56;39m▄[38;2;38;43;26m[48;2;45;51;33m▄[38;2;40;46;28m[48;2;46;54;35m▄[38;2;36;42;24m[48;2;50;57;38m▄[38;2;44;48;29m[48;2;49;55;36m▄[38;2;61;63;42m[48;2;51;57;37m▄[38;2;56;59;38m[48;2;47;55;33m▄[38;2;54;61;38m[48;2;51;57;33m▄[0m
[38;2;43;46;30m[48;2;69;71;46m▄[38;2;52;56;38m[48;2;79;80;53m▄[38;2;60;63;47m[48;2;78;80;58m▄[38;2;67;69;54m[48;2;79;83;63m▄[38;2;70;72;57m[48;2;76;80;62m▄[38;2;78;79;65m[48;2;73;77;59m▄[38;2;83;84;72m[48;2;69;72;55m▄[38;2;81;84;72m[48;2;68;69;54m▄[38;2;77;79;68m[48;2;71;71;57m▄[38;2;76;74;63m[48;2;70;67;52m▄[38;2;79;59;43m[48;2;81;63;48m▄[38;2;83;50;30m[48;2;132;97;81m▄[38;2;104;69;51m[48;2;178;137;122m▄[38;2;118;86;69m[48;2;174;136;120m▄[38;2;140;110;92m[48;2;165;129;113m▄[38;2;95;85;69m[48;2;90;82;60m▄[38;2;48;52;37m[48;2;54;58;36m▄[38;2;52;55;40m[48;2;38;45;23m▄[38;2;60;62;46m[48;2;39;46;28m▄[38;2;71;74;60m[48;2;45;50;33m▄[38;2;75;78;68m[48;2;52;59;42m▄[38;2;79;79;73m[48;2;72;75;61m▄[38;2;83;85;79m[48;2;74;76;63m▄[38;2;72;73;67m[48;2;71;73;61m▄[38;2;33;29;26m[48;2;73;69;56m▄[38;2;25;15;10m[48;2;82;54;36m▄[38;2;96;71;58m[48;2;113;75;52m▄[38;2;143;114;98m[48;2;94;59;34m▄[38;2;98;68;52m[48;2;63;27;1m▄[38;2;71;40;25m[48;2;63;26;1m▄[38;2;66;38;22m[48;2;64;29;4m▄[38;2;56;31;14m[48;2;64;28;4m▄[38;2;54;30;11m[48;2;63;29;4m▄[38;2;49;24;5m[48;2;67;34;8m▄[38;2;49;30;11m[48;2;72;43;17m▄[38;2;56;52;32m[48;2;62;52;28m▄[38;2;55;54;34m[48;2;53;50;29m▄[38;2;57;55;35m[48;2;53;53;34m▄[38;2;59;57;37m[48;2;51;50;30m▄[38;2;61;60;41m[48;2;49;47;27m▄[38;2;58;55;36m[48;2;57;48;28m▄[38;2;56;46;26m[48;2;80;52;30m▄[38;2;68;48;27m[48;2;89;52;31m▄[38;2;63;32;11m[48;2;100;59;40m▄[38;2;104;67;49m[48;2;136;96;79m▄[38;2;186;151;136m[48;2;191;154;143m▄[38;2;79;65;47m[48;2;82;71;54m▄[38;2;43;40;20m[48;2;56;54;33m▄[38;2;51;50;31m[48;2;64;61;42m▄[38;2;68;66;47m[48;2;71;68;48m▄[38;2;51;51;32m[48;2;63;62;42m▄[38;2;32;36;19m[48;2;55;57;38m▄[38;2;47;50;35m[48;2;57;60;43m▄[38;2;51;53;36m[48;2;59;63;44m▄[38;2;49;52;33m[48;2;64;69;48m▄[38;2;46;49;30m[48;2;55;61;39m▄[38;2;51;53;33m[48;2;56;59;37m▄[38;2;61;63;43m[48;2;66;68;46m▄[38;2;50;55;35m[48;2;54;58;37m▄[38;2;45;51;30m[48;2;50;57;34m▄[0m
[38;2;58;63;43m[48;2;45;46;26m▄[38;2;64;69;47m[48;2;51;55;34m▄[38;2;60;63;45m[48;2;54;56;38m▄[38;2;58;61;44m[48;2;59;60;43m▄[38;2;60;61;46m[48;2;63;64;48m▄[38;2;68;69;56m[48;2;73;75;61m▄[38;2;69;70;57m[48;2;78;80;68m▄[38;2;65;66;53m[48;2;77;79;66m▄[38;2;61;61;47m[48;2;74;75;61m▄[38;2;61;61;44m[48;2;74;74;60m▄[38;2;67;65;51m[48;2;76;68;53m▄[38;2;66;62;48m[48;2;70;53;34m▄[38;2;65;61;47m[48;2;73;54;37m▄[38;2;75;73;61m[48;2;86;69;55m▄[38;2;70;69;57m[48;2;97;86;74m▄[38;2;60;59;45m[48;2;90;84;69m▄[38;2;61;59;44m[48;2;43;43;28m▄[38;2;63;63;49m[48;2;51;53;36m▄[38;2;71;73;59m[48;2;67;69;52m▄[38;2;83;84;73m[48;2;81;84;69m▄[38;2;81;82;73m[48;2;76;78;67m▄[38;2;67;66;57m[48;2;70;70;60m▄[38;2;61;58;54m[48;2;78;76;68m▄[38;2;25;32;48m[48;2;45;47;49m▄[38;2;28;42;66m[48;2;12;19;33m▄[38;2;37;53;81m[48;2;11;20;33m▄[38;2;28;38;62m[48;2;0;1;4m▄[38;2;19;26;42m[48;2;18;16;16m▄[38;2;20;31;46m[48;2;30;27;30m▄[38;2;19;28;43m[48;2;28;30;34m▄[38;2;17;27;43m[48;2;19;20;22m▄[38;2;25;36;47m[48;2;29;30;32m▄[38;2;28;32;34m[48;2;48;49;47m▄[38;2;5;11;11m[48;2;4;8;4m▄[38;2;36;45;43m[48;2;15;20;14m▄[38;2;62;63;50m[48;2;58;59;43m▄[38;2;59;61;45m[48;2;57;56;37m▄[38;2;63;64;46m[48;2;60;58;38m▄[38;2;68;68;49m[48;2;68;66;45m▄[38;2;69;68;49m[48;2;69;68;47m▄[38;2;65;65;46m[48;2;63;61;41m▄[38;2;61;60;42m[48;2;56;49;29m▄[38;2;61;63;47m[48;2;57;46;28m▄[38;2;55;58;44m[48;2;53;41;23m▄[38;2;51;51;36m[48;2;70;52;36m▄[38;2;62;57;42m[48;2;143;113;97m▄[38;2;50;51;35m[48;2;61;51;30m▄[38;2;52;55;40m[48;2;49;49;31m▄[38;2;54;57;41m[48;2;54;56;38m▄[38;2;62;65;48m[48;2;62;63;45m▄[38;2;68;70;54m[48;2;57;59;42m▄[38;2;55;58;42m[48;2;42;45;30m▄[38;2;50;53;38m[48;2;39;42;26m▄[38;2;56;59;44m[48;2;39;42;24m▄[38;2;66;70;54m[48;2;43;46;28m▄[38;2;55;59;44m[48;2;40;44;27m▄[38;2;42;46;31m[48;2;33;36;20m▄[38;2;38;43;26m[48;2;37;40;22m▄[38;2;29;36;18m[48;2;32;39;20m▄[38;2;30;40;21m[48;2;37;45;25m▄[0m
[38;2;73;76;60m[48;2;80;86;69m▄[38;2;80;83;66m[48;2;88;93;75m▄[38;2;77;79;64m[48;2;80;84;68m▄[38;2;77;79;66m[48;2;76;80;65m▄[38;2;79;81;69m[48;2;73;76;62m▄[38;2;83;85;73m[48;2;73;75;62m▄[38;2;85;88;75m[48;2;75;78;65m▄[38;2;83;86;73m[48;2;74;77;64m▄[38;2;83;85;72m[48;2;72;74;61m▄[38;2;84;87;73m[48;2;73;75;61m▄[38;2;84;86;73m[48;2;76;78;67m▄[38;2;81;83;71m[48;2;75;78;69m▄[38;2;79;80;69m[48;2;77;81;72m▄[38;2;82;85;74m[48;2;86;91;83m▄[38;2;86;90;80m[48;2;92;96;87m▄[38;2;82;85;73m[48;2;89;93;81m▄[38;2;83;85;72m[48;2;85;89;76m▄[38;2;84;85;72m[48;2;84;87;75m▄[38;2;82;82;70m[48;2;82;83;71m▄[38;2;82;83;74m[48;2;85;86;76m▄[38;2;85;87;81m[48;2;86;89;83m▄[38;2;91;92;87m[48;2;85;85;79m▄[38;2;60;61;61m[48;2;61;62;60m▄[38;2;5;8;20m[48;2;13;18;32m▄[38;2;26;34;55m[48;2;26;35;53m▄[38;2;33;49;77m[48;2;38;49;75m▄[38;2;46;63;94m[48;2;43;55;84m▄[38;2;50;69;102m[48;2;40;52;80m▄[38;2;43;62;94m[48;2;32;44;71m▄[38;2;31;45;75m[48;2;25;35;58m▄[38;2;19;28;48m[48;2;28;37;61m▄[38;2;6;9;18m[48;2;24;36;56m▄[38;2;4;9;18m[48;2;21;36;53m▄[38;2;18;44;66m[48;2;22;44;64m▄[38;2;48;59;68m[48;2;50;61;67m▄[38;2;64;63;53m[48;2;65;64;51m▄[38;2;64;66;56m[48;2;67;70;56m▄[38;2;64;65;53m[48;2;67;69;54m▄[38;2;65;66;52m[48;2;69;71;55m▄[38;2;64;65;51m[48;2;68;69;53m▄[38;2;60;61;47m[48;2;61;63;46m▄[38;2;52;52;38m[48;2;59;61;45m▄[38;2;58;58;46m[48;2;62;64;50m▄[38;2;57;58;46m[48;2;55;55;41m▄[38;2;35;37;24m[48;2;42;42;28m▄[38;2;37;41;29m[48;2;33;37;23m▄[38;2;49;52;40m[48;2;34;41;27m▄[38;2;49;53;40m[48;2;43;47;33m▄[38;2;50;53;40m[48;2;52;55;39m▄[38;2;57;57;43m[48;2;61;62;46m▄[38;2;63;64;50m[48;2;66;67;50m▄[38;2;58;59;44m[48;2;57;59;43m▄[38;2;39;40;24m[48;2;41;44;29m▄[38;2;34;37;21m[48;2;38;42;27m▄[38;2;50;52;38m[48;2;56;59;43m▄[38;2;58;60;46m[48;2;62;64;49m▄[38;2;48;51;38m[48;2;50;53;40m▄[38;2;41;44;32m[48;2;45;48;35m▄[38;2;35;40;29m[48;2;44;47;33m▄[38;2;44;49;37m[48;2;48;53;37m▄[0m
[38;2;71;75;67m[48;2;69;73;60m▄[38;2;82;85;77m[48;2;78;81;69m▄[38;2;78;81;73m[48;2;74;77;65m▄[38;2;77;80;71m[48;2;74;77;65m▄[38;2;79;81;72m[48;2;79;80;70m▄[38;2;84;85;77m[48;2;88;90;80m▄[38;2;88;89;81m[48;2;91;94;83m▄[38;2;86;88;79m[48;2;89;93;82m▄[38;2;82;83;74m[48;2;85;88;76m▄[38;2;80;82;70m[48;2;84;85;72m▄[38;2;86;89;77m[48;2;84;85;72m▄[38;2;89;92;80m[48;2;86;88;74m▄[38;2;87;90;78m[48;2;84;88;75m▄[38;2;91;96;85m[48;2;86;92;80m▄[38;2;91;95;84m[48;2;78;80;68m▄[38;2;90;95;85m[48;2;73;75;61m▄[38;2;89;94;83m[48;2;79;81;67m▄[38;2;84;88;79m[48;2;78;78;65m▄[38;2;84;89;80m[48;2;73;74;61m▄[38;2;91;95;88m[48;2;79;80;72m▄[38;2;93;96;89m[48;2;81;82;77m▄[38;2;92;94;88m[48;2;82;84;78m▄[38;2;95;96;92m[48;2;70;70;68m▄[38;2;24;24;25m[48;2;8;9;18m▄[38;2;0;0;0m[48;2;10;14;27m▄[38;2;12;18;30m[48;2;21;33;54m▄[38;2;24;38;62m[48;2;33;49;78m▄[38;2;29;46;77m[48;2;40;57;90m▄[38;2;37;54;86m[48;2;40;57;90m▄[38;2;41;60;94m[48;2;38;53;87m▄[38;2;38;56;90m[48;2;28;43;72m▄[38;2;34;49;84m[48;2;22;31;56m▄[38;2;36;53;89m[48;2;25;40;67m▄[38;2;34;58;92m[48;2;29;56;85m▄[38;2;50;64;80m[48;2;47;60;72m▄[38;2;56;57;51m[48;2;52;52;45m▄[38;2;51;54;48m[48;2;53;55;49m▄[38;2;54;56;51m[48;2;55;57;49m▄[38;2;56;58;52m[48;2;53;54;45m▄[38;2;55;58;52m[48;2;51;52;42m▄[38;2;55;58;51m[48;2;51;52;41m▄[38;2;56;58;50m[48;2;52;52;41m▄[38;2;60;62;54m[48;2;56;58;50m▄[38;2;56;58;50m[48;2;49;52;43m▄[38;2;49;50;39m[48;2;34;37;26m▄[38;2;50;51;40m[48;2;37;41;29m▄[38;2;50;52;43m[48;2;42;45;35m▄[38;2;48;51;43m[48;2;43;47;38m▄[38;2;46;48;40m[48;2;46;49;40m▄[38;2;50;50;41m[48;2;50;51;41m▄[38;2;51;52;42m[48;2;53;55;44m▄[38;2;46;46;38m[48;2;52;53;43m▄[38;2;48;49;40m[48;2;50;53;41m▄[38;2;50;52;43m[48;2;49;54;41m▄[38;2;51;53;44m[48;2;49;53;42m▄[38;2;53;57;48m[48;2;42;42;31m▄[38;2;49;54;45m[48;2;38;40;30m▄[38;2;45;48;39m[48;2;38;40;31m▄[38;2;48;51;43m[48;2;33;37;26m▄[38;2;52;55;48m[48;2;40;44;34m▄[0m
[38;2;88;90;83m[48;2;71;73;65m▄[38;2;103;106;96m[48;2;78;79;71m▄[38;2;93;97;88m[48;2;70;73;65m▄[38;2;91;94;84m[48;2;67;70;62m▄[38;2;89;91;80m[48;2;69;71;64m▄[38;2;92;93;84m[48;2;75;77;70m▄[38;2;93;95;88m[48;2;78;81;73m▄[38;2;87;90;82m[48;2;75;77;70m▄[38;2;79;82;73m[48;2;69;70;62m▄[38;2;78;80;72m[48;2;68;70;61m▄[38;2;98;100;91m[48;2;84;87;78m▄[38;2;100;102;93m[48;2;86;91;81m▄[38;2;94;97;87m[48;2;81;84;73m▄[38;2;99;102;92m[48;2;84;87;75m▄[38;2;90;92;82m[48;2;79;81;70m▄[38;2;86;88;78m[48;2;76;78;69m▄[38;2;87;90;80m[48;2;78;80;72m▄[38;2;95;98;90m[48;2;76;79;71m▄[38;2;104;110;101m[48;2;79;84;76m▄[38;2;107;113;106m[48;2;91;97;90m▄[38;2;110;115;107m[48;2;98;101;94m▄[38;2;109;113;105m[48;2;95;97;91m▄[38;2;110;114;107m[48;2;100;103;98m▄[38;2;117;123;115m[48;2;80;84;82m▄[38;2;70;76;70m[48;2;5;4;4m▄[38;2;5;5;6m[48;2;2;4;8m▄[38;2;6;13;25m[48;2;15;27;44m▄[38;2;18;32;52m[48;2;23;38;63m▄[38;2;26;41;71m[48;2;32;47;78m▄[38;2;36;53;89m[48;2;41;57;92m▄[38;2;47;65;105m[48;2;44;62;97m▄[38;2;47;68;108m[48;2;39;57;92m▄[38;2;39;63;102m[48;2;27;46;81m▄[38;2;30;52;92m[48;2;28;50;84m▄[38;2;64;79;93m[48;2;47;62;82m▄[38;2;89;95;83m[48;2;53;54;53m▄[38;2;90;95;83m[48;2;48;51;47m▄[38;2;91;97;84m[48;2;48;52;48m▄[38;2;94;99;84m[48;2;51;53;48m▄[38;2;96;100;86m[48;2;53;55;50m▄[38;2;99;102;89m[48;2;56;57;53m▄[38;2;100;104;90m[48;2;60;60;55m▄[38;2;100;104;89m[48;2;65;65;60m▄[38;2;95;101;85m[48;2;57;56;50m▄[38;2;90;96;79m[48;2;50;47;39m▄[38;2;91;99;81m[48;2;61;61;52m▄[38;2;92;100;81m[48;2;60;60;50m▄[38;2;91;102;82m[48;2;50;49;40m▄[38;2;90;103;84m[48;2;47;46;39m▄[38;2;93;107;87m[48;2;57;56;49m▄[38;2;96;109;89m[48;2;62;61;53m▄[38;2;95;109;88m[48;2;58;58;50m▄[38;2;93;108;87m[48;2;57;58;49m▄[38;2;96;109;89m[48;2;57;57;50m▄[38;2;101;111;93m[48;2;85;87;81m▄[38;2;103;113;97m[48;2;114;117;111m▄[38;2;98;111;94m[48;2;94;97;90m▄[38;2;84;96;79m[48;2;56;58;50m▄[38;2;78;89;72m[48;2;40;41;34m▄[38;2;92;106;87m[48;2;44;47;41m▄[0m
