[38;2;4;7;38m[48;2;3;3;26m▄[38;2;6;11;45m[48;2;3;5;34m▄[38;2;5;10;45m[48;2;3;7;40m▄[38;2;5;12;45m[48;2;3;3;32m▄[38;2;5;11;35m[48;2;3;0;5m▄[38;2;5;12;37m[48;2;3;0;9m▄[38;2;4;12;44m[48;2;3;1;23m▄[38;2;0;8;45m[48;2;1;1;27m▄[38;2;0;5;49m[48;2;3;5;34m▄[38;2;0;8;54m[48;2;3;7;40m▄[38;2;8;25;70m[48;2;0;3;38m▄[38;2;49;64;109m[48;2;0;0;32m▄[38;2;68;90;138m[48;2;0;0;40m▄[38;2;51;77;129m[48;2;0;11;63m▄[38;2;16;48;104m[48;2;5;38;102m▄[38;2;0;27;89m[48;2;9;40;104m▄[38;2;0;25;83m[48;2;1;21;65m▄[38;2;11;47;112m[48;2;11;44;104m▄[38;2;14;54;122m[48;2;9;46;113m▄[38;2;13;52;118m[48;2;9;44;110m▄[38;2;13;51;116m[48;2;9;44;108m▄[38;2;9;38;97m[48;2;9;36;96m▄[38;2;6;26;74m[48;2;7;32;90m▄[38;2;0;23;77m[48;2;7;36;98m▄[38;2;11;41;87m[48;2;1;34;96m▄[38;2;142;138;135m[48;2;0;25;88m▄[38;2;178;168;145m[48;2;0;23;84m▄[38;2;148;146;125m[48;2;0;9;84m▄[38;2;80;95;103m[48;2;0;5;79m▄[38;2;0;30;94m[48;2;5;25;84m▄[38;2;15;53;119m[48;2;23;57;119m▄[38;2;23;64;127m[48;2;21;61;121m▄[38;2;16;51;111m[48;2;11;48;108m▄[38;2;4;22;66m[48;2;3;32;86m▄[38;2;6;24;63m[48;2;9;38;88m▄[38;2;0;22;73m[48;2;13;34;83m▄[38;2;0;23;79m[48;2;7;28;75m▄[38;2;0;24;78m[48;2;7;23;67m▄[38;2;6;31;73m[48;2;1;19;67m▄[38;2;89;78;82m[48;2;0;5;67m▄[38;2;114;95;92m[48;2;0;0;59m▄[38;2;95;70;61m[48;2;0;5;71m▄[38;2;59;47;55m[48;2;0;11;77m▄[38;2;11;29;75m[48;2;1;13;61m▄[38;2;8;31;86m[48;2;3;13;52m▄[38;2;2;23;75m[48;2;3;21;69m▄[38;2;21;54;124m[48;2;17;46;112m▄[38;2;25;64;136m[48;2;9;40;102m▄[38;2;10;42;104m[48;2;7;36;92m▄[38;2;8;38;98m[48;2;9;38;96m▄[38;2;13;40;100m[48;2;9;38;92m▄[38;2;27;43;97m[48;2;1;30;86m▄[38;2;23;46;109m[48;2;1;28;81m▄[38;2;22;44;107m[48;2;1;27;75m▄[38;2;9;37;100m[48;2;5;25;71m▄[38;2;8;42;101m[48;2;5;36;92m▄[38;2;13;45;103m[48;2;7;38;98m▄[38;2;18;47;104m[48;2;9;40;98m▄[38;2;18;48;105m[48;2;9;40;98m▄[38;2;22;52;112m[48;2;9;34;92m▄[0m
[38;2;6;20;63m[48;2;5;10;43m▄[38;2;6;24;72m[48;2;5;14;48m▄[38;2;5;22;63m[48;2;4;14;47m▄[38;2;7;23;66m[48;2;6;21;60m▄[38;2;4;22;67m[48;2;7;26;71m▄[38;2;0;14;58m[48;2;6;28;73m▄[38;2;99;111;144m[48;2;5;25;68m▄[38;2;220;220;244m[48;2;35;53;93m▄[38;2;234;231;253m[48;2;82;97;135m▄[38;2;228;225;247m[48;2;82;95;131m▄[38;2;216;213;237m[48;2;134;144;176m▄[38;2;212;209;233m[48;2;216;218;243m▄[38;2;210;207;229m[48;2;226;226;248m▄[38;2;212;210;233m[48;2;185;187;211m▄[38;2;190;192;217m[48;2;172;176;204m▄[38;2;162;163;189m[48;2;103;116;155m▄[38;2;152;155;182m[48;2;84;106;153m▄[38;2;32;55;105m[48;2;21;51;102m▄[38;2;20;46;100m[48;2;12;43;97m▄[38;2;45;64;110m[48;2;15;46;100m▄[38;2;62;79;120m[48;2;16;46;98m▄[38;2;45;70;117m[48;2;11;39;89m▄[38;2;51;75;117m[48;2;1;24;64m▄[38;2;217;210;223m[48;2;37;58;95m▄[38;2;248;224;218m[48;2;65;68;95m▄[38;2;226;175;153m[48;2;172;121;100m▄[38;2;225;211;213m[48;2;175;157;162m▄[38;2;248;251;255m[48;2;148;162;188m▄[38;2;255;253;255m[48;2;146;154;166m▄[38;2;238;232;232m[48;2;102;121;155m▄[38;2;183;181;184m[48;2;68;93;138m▄[38;2;100;104;122m[48;2;22;56;114m▄[38;2;58;56;78m[48;2;14;47;104m▄[38;2;77;66;76m[48;2;0;25;68m▄[38;2;76;64;75m[48;2;0;27;73m▄[38;2;114;71;66m[48;2;53;53;84m▄[38;2;169;124;103m[48;2;90;73;95m▄[38;2;203;154;125m[48;2;78;74;120m▄[38;2;219;107;69m[48;2;119;81;92m▄[38;2;232;100;49m[48;2;226;147;112m▄[38;2;243;109;54m[48;2;232;182;156m▄[38;2;174;140;108m[48;2;180;149;122m▄[38;2;88;125;107m[48;2;78;71;65m▄[38;2;92;84;79m[48;2;21;44;84m▄[38;2;114;83;76m[48;2;9;32;81m▄[38;2;92;50;43m[48;2;4;25;72m▄[38;2;73;30;25m[48;2;4;31;85m▄[38;2;31;28;60m[48;2;11;43;99m▄[38;2;7;38;116m[48;2;13;41;96m▄[38;2;10;43;129m[48;2;11;42;101m▄[38;2;9;44;131m[48;2;28;51;99m▄[38;2;41;60;140m[48;2;173;137;138m▄[38;2;22;48;136m[48;2;173;145;150m▄[38;2;11;37;134m[48;2;107;101;134m▄[38;2;11;38;133m[48;2;20;41;100m▄[38;2;2;34;130m[48;2;18;39;92m▄[38;2;0;25;124m[48;2;19;39;88m▄[38;2;5;31;112m[48;2;19;40;88m▄[38;2;20;41;103m[48;2;18;42;93m▄[38;2;27;49;113m[48;2;26;54;113m▄[0m
[38;2;6;22;62m[48;2;6;25;72m▄[38;2;6;23;65m[48;2;5;21;62m▄[38;2;6;21;60m[48;2;3;16;49m▄[38;2;5;22;61m[48;2;4;18;54m▄[38;2;0;16;53m[48;2;9;24;56m▄[38;2;0;14;55m[48;2;10;23;52m▄[38;2;23;42;77m[48;2;54;64;88m▄[38;2;122;125;148m[48;2;145;146;165m▄[38;2;123;126;148m[48;2;139;141;161m▄[38;2;114;118;140m[48;2;132;134;152m▄[38;2;119;122;142m[48;2;118;121;138m▄[38;2;119;122;143m[48;2;105;108;127m▄[38;2;108;112;135m[48;2;115;118;139m▄[38;2;110;115;138m[48;2;116;119;142m▄[38;2;131;132;155m[48;2;100;105;127m▄[38;2;114;118;141m[48;2;118;123;144m▄[38;2;108;113;135m[48;2;85;90;113m▄[38;2;98;111;149m[48;2;0;22;78m▄[38;2;38;61;121m[48;2;14;41;107m▄[38;2;0;24;92m[48;2;66;77;123m▄[38;2;0;31;101m[48;2;84;91;131m▄[38;2;11;42;112m[48;2;63;81;129m▄[38;2;4;40;111m[48;2;84;105;151m▄[38;2;2;34;95m[48;2;124;136;165m▄[38;2;31;71;150m[48;2;239;243;255m▄[38;2;25;98;224m[48;2;230;242;255m▄[38;2;18;87;211m[48;2;213;218;239m▄[38;2;21;98;228m[48;2;193;191;204m▄[38;2;17;84;205m[48;2;184;184;200m▄[38;2;3;39;112m[48;2;122;134;164m▄[38;2;7;41;104m[48;2;83;90;113m▄[38;2;37;64;113m[48;2;58;58;77m▄[38;2;68;74;92m[48;2;109;73;67m▄[38;2;116;87;79m[48;2;146;87;62m▄[38;2;111;89;84m[48;2;153;89;60m▄[38;2;84;82;90m[48;2;132;90;61m▄[38;2;34;50;115m[48;2;30;47;83m▄[38;2;37;46;139m[48;2;31;60;112m▄[38;2;38;49;128m[48;2;34;50;109m▄[38;2;36;50;119m[48;2;32;49;109m▄[38;2;29;51;120m[48;2;78;61;97m▄[38;2;84;121;108m[48;2;112;110;83m▄[38;2;119;125;87m[48;2;106;132;100m▄[38;2;248;148;75m[48;2;169;144;102m▄[38;2;255;156;75m[48;2;245;168;112m▄[38;2;251;147;75m[48;2;232;145;90m▄[38;2;255;152;78m[48;2;201;114;63m▄[38;2;255;182;129m[48;2;143;118;111m▄[38;2;218;188;169m[48;2;181;168;174m▄[38;2;39;55;120m[48;2;35;57;128m▄[38;2;38;56;126m[48;2;29;53;122m▄[38;2;30;52;123m[48;2;19;45;120m▄[38;2;21;47;126m[48;2;17;39;122m▄[38;2;20;55;138m[48;2;17;44;136m▄[38;2;65;85;134m[48;2;0;31;127m▄[38;2;208;175;159m[48;2;30;56;124m▄[38;2;190;170;152m[48;2;181;170;183m▄[38;2;69;76;97m[48;2;158;141;156m▄[38;2;16;43;89m[48;2;23;43;92m▄[38;2;28;52;106m[48;2;27;48;102m▄[0m
[38;2;5;17;51m[48;2;3;17;53m▄[38;2;4;18;57m[48;2;5;20;62m▄[38;2;0;13;55m[48;2;6;26;72m▄[38;2;0;25;68m[48;2;7;29;74m▄[38;2;93;107;144m[48;2;60;78;117m▄[38;2;191;190;215m[48;2;132;140;172m▄[38;2;222;217;239m[48;2;185;186;209m▄[38;2;198;197;220m[48;2;205;203;224m▄[38;2;187;188;210m[48;2;195;193;215m▄[38;2;194;192;214m[48;2;177;177;200m▄[38;2;184;182;205m[48;2;188;186;210m▄[38;2;208;204;227m[48;2;218;213;236m▄[38;2;226;221;241m[48;2;196;195;218m▄[38;2;223;218;240m[48;2;182;183;207m▄[38;2;209;205;228m[48;2;207;204;228m▄[38;2;216;211;235m[48;2;209;206;231m▄[38;2;174;175;202m[48;2;167;170;195m▄[38;2;199;199;224m[48;2;215;212;237m▄[38;2;100;116;149m[48;2;223;218;237m▄[38;2;42;74;113m[48;2;104;115;152m▄[38;2;28;68;111m[48;2;7;36;100m▄[38;2;25;64;107m[48;2;15;45;110m▄[38;2;23;59;102m[48;2;15;47;108m▄[38;2;24;60;101m[48;2;13;50;111m▄[38;2;38;63;93m[48;2;18;49;109m▄[38;2;31;62;132m[48;2;12;56;148m▄[38;2;23;90;231m[48;2;19;90;231m▄[38;2;10;84;214m[48;2;7;94;234m▄[38;2;0;100;249m[48;2;0;97;241m▄[38;2;7;92;231m[48;2;7;55;151m▄[38;2;37;64;119m[48;2;27;37;84m▄[38;2;49;67;95m[48;2;123;82;72m▄[38;2;97;69;66m[48;2;149;98;76m▄[38;2;133;79;58m[48;2;134;84;68m▄[38;2;132;80;59m[48;2;131;83;65m▄[38;2;134;84;73m[48;2;86;69;121m▄[38;2;140;88;87m[48;2;81;76;162m▄[38;2;182;114;138m[48;2;85;76;162m▄[38;2;240;161;200m[48;2;103;90;154m▄[38;2;206;133;145m[48;2;142;124;158m▄[38;2;128;65;63m[48;2;71;54;62m▄[38;2;83;24;6m[48;2;94;57;31m▄[38;2;103;27;6m[48;2;103;56;32m▄[38;2;89;42;42m[48;2;221;113;60m▄[38;2;125;83;85m[48;2;238;125;61m▄[38;2;196;120;99m[48;2;225;114;59m▄[38;2;218;142;114m[48;2;212;100;53m▄[38;2;133;84;77m[48;2;197;88;52m▄[38;2;45;50;74m[48;2;148;89;86m▄[38;2;22;45;116m[48;2;26;50;126m▄[38;2;14;44;137m[48;2;22;51;138m▄[38;2;20;45;117m[48;2;14;46;132m▄[38;2;13;47;117m[48;2;4;45;136m▄[38;2;0;39;139m[48;2;71;84;143m▄[38;2;0;28;124m[48;2;141;133;158m▄[38;2;3;36;90m[48;2;93;88;117m▄[38;2;11;44;89m[48;2;0;15;65m▄[38;2;9;42;87m[48;2;0;25;76m▄[38;2;11;47;96m[48;2;19;44;98m▄[38;2;13;52;106m[48;2;27;55;114m▄[0m
[38;2;43;60;105m[48;2;3;24;75m▄[38;2;103;119;162m[48;2;16;41;95m▄[38;2;160;168;198m[48;2;63;80;123m▄[38;2;180;185;211m[48;2;134;143;177m▄[38;2;183;186;210m[48;2;192;193;218m▄[38;2;185;188;211m[48;2;219;214;236m▄[38;2;187;191;214m[48;2;212;208;229m▄[38;2;170;173;196m[48;2;175;175;199m▄[38;2;195;196;218m[48;2;189;187;210m▄[38;2;196;197;219m[48;2;217;212;235m▄[38;2;194;196;217m[48;2;175;175;198m▄[38;2;166;170;192m[48;2;198;197;218m▄[38;2;156;163;189m[48;2;227;223;242m▄[38;2;152;161;188m[48;2;226;221;242m▄[38;2;150;159;187m[48;2;228;224;245m▄[38;2;149;158;187m[48;2;228;225;245m▄[38;2;117;131;164m[48;2;187;189;213m▄[38;2;84;101;140m[48;2;163;172;200m▄[38;2;84;101;141m[48;2;85;116;154m▄[38;2;62;82;127m[48;2;39;82;127m▄[38;2;15;40;94m[48;2;25;72;116m▄[38;2;4;31;89m[48;2;22;71;118m▄[38;2;7;36;94m[48;2;21;73;120m▄[38;2;9;40;98m[48;2;32;70;103m▄[38;2;4;44;102m[48;2;50;72;90m▄[38;2;4;47;101m[48;2;48;70;94m▄[38;2;14;51;95m[48;2;63;70;84m▄[38;2;22;56;95m[48;2;72;74;87m▄[38;2;18;54;94m[48;2;57;73;103m▄[38;2;12;54;98m[48;2;47;70;108m▄[38;2;18;54;96m[48;2;59;69;87m▄[38;2;26;54;94m[48;2;69;75;86m▄[38;2;27;57;98m[48;2;72;69;73m▄[38;2;19;54;102m[48;2;105;67;54m▄[38;2;23;54;99m[48;2;119;71;49m▄[38;2;37;58;93m[48;2;120;67;41m▄[38;2;34;54;89m[48;2;135;75;42m▄[38;2;27;50;89m[48;2;122;69;40m▄[38;2;29;52;95m[48;2;149;89;91m▄[38;2;105;86;129m[48;2;248;151;185m▄[38;2;93;77;119m[48;2;234;145;175m▄[38;2;99;85;136m[48;2;166;96;111m▄[38;2;93;82;129m[48;2;80;32;26m▄[38;2;52;39;60m[48;2;46;34;33m▄[38;2;68;43;57m[48;2;78;62;60m▄[38;2;88;62;71m[48;2;245;139;74m▄[38;2;29;43;70m[48;2;211;135;82m▄[38;2;8;44;85m[48;2;70;90;105m▄[38;2;13;33;73m[48;2;22;67;115m▄[38;2;5;30;88m[48;2;15;46;133m▄[38;2;5;31;94m[48;2;12;46;142m▄[38;2;17;41;99m[48;2;19;48;119m▄[38;2;15;39;94m[48;2;19;49;109m▄[38;2;3;25;86m[48;2;4;42;144m▄[38;2;2;26;91m[48;2;3;40;143m▄[38;2;13;32;96m[48;2;13;44;112m▄[38;2;10;38;90m[48;2;11;52;101m▄[38;2;7;38;90m[48;2;7;49;101m▄[38;2;7;38;92m[48;2;5;47;101m▄[38;2;6;43;99m[48;2;5;48;106m▄[0m
[38;2;3;13;62m[48;2;6;22;67m▄[38;2;3;14;65m[48;2;3;21;69m▄[38;2;2;13;59m[48;2;0;16;60m▄[38;2;0;13;58m[48;2;0;21;64m▄[38;2;0;12;57m[48;2;8;29;70m▄[38;2;0;10;56m[48;2;14;34;75m▄[38;2;0;9;55m[48;2;20;40;80m▄[38;2;0;8;55m[48;2;28;46;84m▄[38;2;0;7;56m[48;2;26;43;82m▄[38;2;0;7;57m[48;2;26;43;82m▄[38;2;0;8;57m[48;2;28;45;83m▄[38;2;0;9;59m[48;2;20;38;78m▄[38;2;3;12;61m[48;2;0;17;61m▄[38;2;3;13;60m[48;2;0;16;61m▄[38;2;4;14;61m[48;2;0;14;60m▄[38;2;7;16;66m[48;2;0;15;61m▄[38;2;8;17;68m[48;2;0;13;58m▄[38;2;8;17;65m[48;2;0;13;60m▄[38;2;7;17;65m[48;2;0;13;61m▄[38;2;8;17;67m[48;2;0;18;68m▄[38;2;8;18;69m[48;2;5;25;77m▄[38;2;7;18;70m[48;2;8;27;81m▄[38;2;7;18;69m[48;2;7;27;83m▄[38;2;6;15;66m[48;2;7;27;85m▄[38;2;4;14;65m[48;2;7;27;85m▄[38;2;7;16;69m[48;2;7;27;83m▄[38;2;7;15;71m[48;2;6;28;83m▄[38;2;7;16;71m[48;2;5;30;84m▄[38;2;8;15;72m[48;2;6;30;84m▄[38;2;7;16;72m[48;2;7;31;84m▄[38;2;6;17;72m[48;2;6;32;86m▄[38;2;6;18;72m[48;2;4;31;86m▄[38;2;7;16;70m[48;2;4;31;86m▄[38;2;7;15;67m[48;2;5;31;86m▄[38;2;6;13;64m[48;2;4;31;87m▄[38;2;6;11;67m[48;2;1;31;88m▄[38;2;6;9;72m[48;2;0;31;92m▄[38;2;6;9;73m[48;2;2;31;91m▄[38;2;6;8;70m[48;2;9;32;92m▄[38;2;5;8;69m[48;2;0;25;85m▄[38;2;6;6;63m[48;2;0;24;83m▄[38;2;3;2;49m[48;2;3;26;82m▄[38;2;2;5;53m[48;2;6;29;84m▄[38;2;0;0;53m[48;2;2;27;82m▄[38;2;0;3;50m[48;2;0;25;82m▄[38;2;3;7;51m[48;2;0;18;77m▄[38;2;0;3;49m[48;2;0;19;70m▄[38;2;0;0;49m[48;2;4;19;66m▄[38;2;0;0;50m[48;2;4;21;66m▄[38;2;0;0;51m[48;2;6;21;64m▄[38;2;0;0;51m[48;2;6;19;61m▄[38;2;0;0;54m[48;2;4;20;64m▄[38;2;0;4;59m[48;2;5;18;62m▄[38;2;2;3;43m[48;2;6;12;42m▄[38;2;5;4;42m[48;2;6;12;40m▄[38;2;5;4;42m[48;2;6;18;56m▄[38;2;5;3;39m[48;2;5;21;65m▄[38;2;5;6;44m[48;2;6;20;61m▄[38;2;2;13;51m[48;2;7;21;64m▄[38;2;4;17;60m[48;2;6;24;72m▄[0m
[38;2;3;13;63m[48;2;1;15;60m▄[38;2;4;17;67m[48;2;2;16;65m▄[38;2;5;17;62m[48;2;2;15;60m▄[38;2;5;18;64m[48;2;2;15;60m▄[38;2;5;18;64m[48;2;3;16;60m▄[38;2;6;18;64m[48;2;3;16;61m▄[38;2;6;19;66m[48;2;4;16;61m▄[38;2;5;22;68m[48;2;5;16;61m▄[38;2;0;17;65m[48;2;5;16;63m▄[38;2;19;33;77m[48;2;0;11;59m▄[38;2;62;72;111m[48;2;0;4;54m▄[38;2;85;93;129m[48;2;0;3;54m▄[38;2;96;105;138m[48;2;0;3;53m▄[38;2;94;103;136m[48;2;0;4;54m▄[38;2;81;92;127m[48;2;0;5;55m▄[38;2;83;91;123m[48;2;0;6;57m▄[38;2;91;92;117m[48;2;0;7;61m▄[38;2;85;79;99m[48;2;0;8;66m▄[38;2;85;77;104m[48;2;0;7;72m▄[38;2;72;68;100m[48;2;0;8;72m▄[38;2;54;55;89m[48;2;0;10;70m▄[38;2;27;30;74m[48;2;4;13;69m▄[38;2;0;9;66m[48;2;7;14;68m▄[38;2;0;2;66m[48;2;7;12;67m▄[38;2;0;0;64m[48;2;6;13;69m▄[38;2;0;3;66m[48;2;7;14;73m▄[38;2;0;9;71m[48;2;6;16;77m▄[38;2;5;14;76m[48;2;6;17;79m▄[38;2;7;17;78m[48;2;7;17;82m▄[38;2;8;17;79m[48;2;6;18;83m▄[38;2;8;17;79m[48;2;6;19;82m▄[38;2;8;17;79m[48;2;7;20;81m▄[38;2;7;17;76m[48;2;8;19;78m▄[38;2;7;18;74m[48;2;7;18;75m▄[38;2;6;16;71m[48;2;6;17;75m▄[38;2;6;15;70m[48;2;6;13;74m▄[38;2;7;16;74m[48;2;6;11;72m▄[38;2;7;17;75m[48;2;6;13;70m▄[38;2;8;20;72m[48;2;7;17;69m▄[38;2;6;20;66m[48;2;8;19;67m▄[38;2;3;19;52m[48;2;6;17;62m▄[38;2;1;20;49m[48;2;3;14;50m▄[38;2;0;13;43m[48;2;1;10;50m▄[38;2;137;115;86m[48;2;86;78;69m▄[38;2;226;167;120m[48;2;190;165;101m▄[38;2;222;161;118m[48;2;203;174;103m▄[38;2;240;179;126m[48;2;195;167;101m▄[38;2;213;157;110m[48;2;175;151;96m▄[38;2;251;184;129m[48;2;157;136;90m▄[38;2;250;187;121m[48;2;151;131;86m▄[38;2;255;205;112m[48;2;147;130;89m▄[38;2;255;204;108m[48;2;122;114;87m▄[38;2;255;200;106m[48;2;65;70;77m▄[38;2;68;70;63m[48;2;15;29;53m▄[38;2;9;30;59m[48;2;7;22;49m▄[38;2;5;21;52m[48;2;3;15;45m▄[38;2;3;14;49m[48;2;3;10;41m▄[38;2;4;11;51m[48;2;3;9;42m▄[38;2;2;12;53m[48;2;1;14;46m▄[38;2;2;15;61m[48;2;2;18;54m▄[0m
[38;2;6;18;65m[48;2;5;18;63m▄[38;2;6;20;70m[48;2;6;20;69m▄[38;2;0;12;59m[48;2;6;19;64m▄[38;2;0;8;57m[48;2;7;20;65m▄[38;2;0;13;61m[48;2;6;19;65m▄[38;2;5;24;69m[48;2;6;19;67m▄[38;2;12;32;76m[48;2;2;21;71m▄[38;2;38;50;91m[48;2;0;13;64m▄[38;2;121;128;154m[48;2;32;50;91m▄[38;2;180;181;196m[48;2;176;178;199m▄[38;2;183;184;199m[48;2;198;200;217m▄[38;2;204;203;220m[48;2;214;214;231m▄[38;2;203;202;218m[48;2;215;215;230m▄[38;2;202;202;217m[48;2;215;215;230m▄[38;2;206;205;221m[48;2;217;217;233m▄[38;2;143;143;155m[48;2;185;186;200m▄[38;2;101;101;109m[48;2;144;142;150m▄[38;2;163;164;181m[48;2;174;165;169m▄[38;2;168;170;187m[48;2;151;138;132m▄[38;2;146;152;168m[48;2;149;128;118m▄[38;2;93;106;137m[48;2;140;120;119m▄[38;2;0;12;64m[48;2;142;121;122m▄[38;2;21;36;80m[48;2;150;130;125m▄[38;2;97;106;134m[48;2;129;118;129m▄[38;2;165;177;196m[48;2;101;111;144m▄[38;2;202;209;223m[48;2;64;75;118m▄[38;2;218;223;234m[48;2;29;41;93m▄[38;2;214;218;230m[48;2;5;18;76m▄[38;2;192;194;212m[48;2;0;6;67m▄[38;2;157;160;184m[48;2;0;3;65m▄[38;2;117;125;157m[48;2;0;3;66m▄[38;2;79;91;129m[48;2;0;6;68m▄[38;2;51;65;106m[48;2;0;9;69m▄[38;2;52;64;106m[48;2;0;7;65m▄[38;2;51;62;105m[48;2;0;4;59m▄[38;2;46;57;103m[48;2;0;4;60m▄[38;2;43;55;101m[48;2;0;6;63m▄[38;2;40;51;95m[48;2;0;6;64m▄[38;2;41;51;95m[48;2;0;6;60m▄[38;2;44;54;94m[48;2;0;6;55m▄[38;2;47;57;96m[48;2;0;7;50m▄[38;2;42;51;91m[48;2;0;9;50m▄[38;2;20;39;91m[48;2;0;10;54m▄[38;2;11;50;124m[48;2;32;32;58m▄[38;2;52;67;111m[48;2;200;145;119m▄[38;2;147;103;79m[48;2;217;161;129m▄[38;2;204;150;112m[48;2;247;181;138m▄[38;2;148;133;141m[48;2;255;180;130m▄[38;2;100;107;142m[48;2;255;187;133m▄[38;2;82;96;143m[48;2;255;178;128m▄[38;2;44;85;163m[48;2;217;150;107m▄[38;2;2;64;162m[48;2;150;115;84m▄[38;2;27;55;117m[48;2;115;97;73m▄[38;2;42;55;98m[48;2;11;25;57m▄[38;2;26;41;84m[48;2;2;17;60m▄[38;2;15;28;72m[48;2;0;13;58m▄[38;2;1;13;59m[48;2;2;11;59m▄[38;2;0;0;49m[48;2;4;11;63m▄[38;2;0;0;49m[48;2;4;11;62m▄[38;2;0;7;63m[48;2;4;13;67m▄[0m
[38;2;0;12;63m[48;2;5;24;72m▄[38;2;78;93;126m[48;2;4;24;74m▄[38;2;227;213;220m[48;2;48;61;100m▄[38;2;223;212;216m[48;2;107;113;139m▄[38;2;225;213;216m[48;2;150;149;167m▄[38;2;219;207;209m[48;2;177;173;186m▄[38;2;216;204;207m[48;2;188;182;192m▄[38;2;212;199;203m[48;2;191;183;191m▄[38;2;208;195;200m[48;2;175;170;179m▄[38;2;192;179;186m[48;2;157;156;168m▄[38;2;184;174;181m[48;2;168;165;178m▄[38;2;203;193;199m[48;2;178;176;190m▄[38;2;204;194;200m[48;2;188;186;201m▄[38;2;196;188;194m[48;2;191;190;205m▄[38;2;191;184;192m[48;2;197;196;212m▄[38;2;193;187;197m[48;2;211;209;228m▄[38;2;198;192;204m[48;2;219;217;236m▄[38;2;199;193;205m[48;2;210;209;226m▄[38;2;204;198;211m[48;2;211;211;227m▄[38;2;192;189;201m[48;2;222;221;239m▄[38;2;159;159;172m[48;2;171;172;190m▄[38;2;168;164;172m[48;2;141;141;159m▄[38;2;192;186;196m[48;2;132;139;166m▄[38;2;28;45;85m[48;2;6;29;80m▄[38;2;0;25;78m[48;2;0;13;69m▄[38;2;2;26;80m[48;2;6;30;83m▄[38;2;0;19;77m[48;2;37;58;106m▄[38;2;0;12;71m[48;2;83;98;137m▄[38;2;0;7;66m[48;2;135;144;174m▄[38;2;0;9;65m[48;2;175;178;199m▄[38;2;0;16;68m[48;2;206;208;221m▄[38;2;6;23;71m[48;2;213;214;227m▄[38;2;15;32;77m[48;2;202;205;216m▄[38;2;19;36;80m[48;2;219;223;231m▄[38;2;25;39;78m[48;2;230;232;241m▄[38;2;32;44;81m[48;2;236;236;244m▄[38;2;40;52;86m[48;2;241;239;246m▄[38;2;45;60;93m[48;2;244;241;247m▄[38;2;46;62;97m[48;2;248;243;250m▄[38;2;59;71;100m[48;2;251;246;252m▄[38;2;218;203;209m[48;2;222;215;224m▄[38;2;255;238;240m[48;2;217;209;217m▄[38;2;227;188;172m[48;2;184;148;133m▄[38;2;248;205;189m[48;2;203;138;105m▄[38;2;236;211;209m[48;2;190;123;84m▄[38;2;219;156;123m[48;2;207;101;32m▄[38;2;234;127;59m[48;2;202;102;35m▄[38;2;225;159;123m[48;2;92;87;107m▄[38;2;255;230;224m[48;2;101;140;205m▄[38;2;255;230;223m[48;2;164;172;211m▄[38;2;253;226;219m[48;2;162;171;206m▄[38;2;251;224;218m[48;2;175;179;207m▄[38;2;236;214;213m[48;2;231;214;222m▄[38;2;224;203;205m[48;2;239;218;221m▄[38;2;221;200;203m[48;2;232;214;219m▄[38;2;236;213;214m[48;2;220;204;211m▄[38;2;255;238;235m[48;2;201;189;199m▄[38;2;255;253;248m[48;2;165;158;174m▄[38;2;255;247;244m[48;2;105;109;137m▄[38;2;252;236;238m[48;2;43;61;102m▄[0m
[38;2;5;22;65m[48;2;1;20;68m▄[38;2;0;17;65m[48;2;33;51;92m▄[38;2;3;16;49m[48;2;144;141;155m▄[38;2;59;61;73m[48;2;163;160;168m▄[38;2;94;94;102m[48;2;189;182;192m▄[38;2;101;100;109m[48;2;180;172;178m▄[38;2;129;125;131m[48;2;217;206;210m▄[38;2;138;134;137m[48;2;218;207;211m▄[38;2;133;129;132m[48;2;223;210;213m▄[38;2;131;126;130m[48;2;226;213;218m▄[38;2;129;125;131m[48;2;186;179;187m▄[38;2;80;80;88m[48;2;144;141;152m▄[38;2;98;98;106m[48;2;187;180;188m▄[38;2;103;101;108m[48;2;204;193;198m▄[38;2;108;106;112m[48;2;213;202;206m▄[38;2;98;98;104m[48;2;201;191;193m▄[38;2;97;96;103m[48;2;191;183;185m▄[38;2;92;92;100m[48;2;179;172;176m▄[38;2;74;74;83m[48;2;170;162;169m▄[38;2;72;73;82m[48;2;112;111;119m▄[38;2;78;78;86m[48;2;83;84;93m▄[38;2;76;76;82m[48;2;122;122;128m▄[38;2;30;34;50m[48;2;46;52;72m▄[38;2;1;13;57m[48;2;0;15;63m▄[38;2;7;18;63m[48;2;6;23;72m▄[38;2;7;18;62m[48;2;6;22;71m▄[38;2;6;17;63m[48;2;5;21;72m▄[38;2;5;15;61m[48;2;5;21;68m▄[38;2;3;15;61m[48;2;6;20;65m▄[38;2;3;15;61m[48;2;7;20;66m▄[38;2;5;16;62m[48;2;6;19;64m▄[38;2;5;17;63m[48;2;3;17;62m▄[38;2;5;18;65m[48;2;3;16;61m▄[38;2;5;18;65m[48;2;1;14;59m▄[38;2;5;18;66m[48;2;0;9;51m▄[38;2;5;19;69m[48;2;0;8;48m▄[38;2;6;21;73m[48;2;0;10;53m▄[38;2;6;21;71m[48;2;0;10;51m▄[38;2;7;17;56m[48;2;0;11;45m▄[38;2;4;24;64m[48;2;0;10;48m▄[38;2;0;11;54m[48;2;104;106;128m▄[38;2;118;120;141m[48;2;250;232;232m▄[38;2;253;233;233m[48;2;252;236;239m▄[38;2;244;223;224m[48;2;248;231;235m▄[38;2;244;223;224m[48;2;251;230;233m▄[38;2;247;225;226m[48;2;245;228;234m▄[38;2;249;229;231m[48;2;230;209;212m▄[38;2;246;224;225m[48;2;246;229;231m▄[38;2;243;221;222m[48;2;246;225;224m▄[38;2;240;220;220m[48;2;241;220;219m▄[38;2;239;218;217m[48;2;238;217;216m▄[38;2;235;216;215m[48;2;235;214;213m▄[38;2;229;213;214m[48;2;231;211;212m▄[38;2;222;208;210m[48;2;228;209;211m▄[38;2;198;187;193m[48;2;230;210;211m▄[38;2;87;98;122m[48;2;208;192;195m▄[38;2;54;69;103m[48;2;81;92;118m▄[38;2;127;128;152m[48;2;105;109;134m▄[38;2;212;197;203m[48;2;189;176;185m▄[38;2;252;231;233m[48;2;248;231;234m▄[0m
[38;2;5;17;62m[48;2;1;15;56m▄[38;2;6;18;66m[48;2;3;17;60m▄[38;2;6;16;61m[48;2;0;13;52m▄[38;2;6;16;58m[48;2;1;9;29m▄[38;2;10;20;59m[48;2;47;47;52m▄[38;2;12;22;60m[48;2;57;59;66m▄[38;2;13;23;61m[48;2;47;49;56m▄[38;2;13;23;62m[48;2;42;44;52m▄[38;2;13;24;62m[48;2;44;47;54m▄[38;2;13;24;63m[48;2;41;44;51m▄[38;2;12;23;63m[48;2;40;43;50m▄[38;2;12;25;64m[48;2;48;51;58m▄[38;2;17;31;71m[48;2;45;47;54m▄[38;2;31;45;84m[48;2;44;47;54m▄[38;2;50;65;102m[48;2;46;49;57m▄[38;2;67;82;117m[48;2;48;51;59m▄[38;2;79;93;125m[48;2;52;53;61m▄[38;2;92;105;136m[48;2;54;55;64m▄[38;2;104;117;147m[48;2;57;57;65m▄[38;2;112;125;156m[48;2;62;63;71m▄[38;2;120;132;163m[48;2;75;77;86m▄[38;2;111;121;155m[48;2;70;70;80m▄[38;2;122;130;165m[48;2;85;87;102m▄[38;2;79;89;127m[48;2;0;15;66m▄[38;2;92;97;132m[48;2;0;6;64m▄[38;2;124;126;152m[48;2;0;8;65m▄[38;2;140;142;166m[48;2;0;10;67m▄[38;2;156;156;179m[48;2;0;12;71m▄[38;2;154;157;179m[48;2;3;16;76m▄[38;2;142;147;174m[48;2;1;14;76m▄[38;2;90;89;111m[48;2;0;5;71m▄[38;2;28;39;76m[48;2;1;14;77m▄[38;2;4;18;68m[48;2;6;21;80m▄[38;2;8;19;71m[48;2;5;21;80m▄[38;2;7;15;72m[48;2;5;20;77m▄[38;2;7;14;75m[48;2;6;21;75m▄[38;2;8;14;74m[48;2;5;24;76m▄[38;2;8;14;73m[48;2;4;25;76m▄[38;2;6;13;70m[48;2;7;27;76m▄[38;2;5;13;66m[48;2;11;34;80m▄[38;2;4;12;62m[48;2;3;32;81m▄[38;2;8;15;65m[48;2;41;58;96m▄[38;2;28;32;80m[48;2;230;215;219m▄[38;2;27;29;80m[48;2;240;223;224m▄[38;2;27;30;77m[48;2;240;222;223m▄[38;2;28;30;77m[48;2;240;223;224m▄[38;2;31;32;77m[48;2;240;222;223m▄[38;2;32;34;79m[48;2;239;220;222m▄[38;2;31;33;80m[48;2;236;218;219m▄[38;2;26;28;76m[48;2;227;211;212m▄[38;2;12;23;69m[48;2;211;200;203m▄[38;2;26;29;68m[48;2;208;192;192m▄[38;2;47;33;57m[48;2;221;192;185m▄[38;2;53;34;53m[48;2;222;185;173m▄[38;2;54;36;58m[48;2;184;153;146m▄[38;2;19;20;55m[48;2;136;132;148m▄[38;2;1;6;43m[48;2;189;178;187m▄[38;2;0;0;35m[48;2;180;167;174m▄[38;2;0;0;38m[48;2;135;129;141m▄[38;2;0;6;51m[48;2;92;98;120m▄[0m
[38;2;5;18;63m[48;2;6;17;63m▄[38;2;6;20;69m[48;2;8;20;69m▄[38;2;6;19;64m[48;2;7;18;65m▄[38;2;7;20;65m[48;2;6;18;65m▄[38;2;7;20;65m[48;2;6;18;65m▄[38;2;8;21;66m[48;2;6;18;66m▄[38;2;8;21;68m[48;2;6;19;67m▄[38;2;8;21;70m[48;2;7;20;68m▄[38;2;9;21;70m[48;2;7;20;70m▄[38;2;8;21;67m[48;2;3;16;66m▄[38;2;10;24;68m[48;2;43;60;102m▄[38;2;27;41;83m[48;2;123;141;177m▄[38;2;54;68;106m[48;2;170;186;218m▄[38;2;75;89;124m[48;2;184;198;227m▄[38;2;92;103;137m[48;2;194;206;231m▄[38;2;105;114;145m[48;2;205;216;236m▄[38;2;128;135;162m[48;2;208;218;236m▄[38;2;169;175;195m[48;2;210;217;235m▄[38;2;196;202;218m[48;2;208;211;229m▄[38;2;196;201;217m[48;2;209;212;230m▄[38;2;217;220;234m[48;2;210;212;230m▄[38;2;219;222;235m[48;2;214;216;234m▄[38;2;219;223;237m[48;2;206;208;227m▄[38;2;219;223;239m[48;2;208;209;224m▄[38;2;204;209;226m[48;2;210;210;224m▄[38;2;169;176;196m[48;2;184;187;200m▄[38;2;123;135;160m[48;2;165;167;181m▄[38;2;38;52;80m[48;2;160;156;165m▄[38;2;155;158;171m[48;2;158;144;144m▄[38;2;242;234;233m[48;2;228;188;165m▄[38;2;244;236;233m[48;2;255;218;176m▄[38;2;131;138;158m[48;2;91;84;91m▄[38;2;0;9;58m[48;2;0;10;64m▄[38;2;0;23;77m[48;2;6;20;74m▄[38;2;4;24;79m[48;2;11;17;72m▄[38;2;4;24;78m[48;2;11;15;71m▄[38;2;5;26;75m[48;2;9;17;69m▄[38;2;6;27;70m[48;2;8;18;68m▄[38;2;6;26;61m[48;2;8;18;66m▄[38;2;6;25;54m[48;2;4;12;50m▄[38;2;1;21;51m[48;2;2;12;50m▄[38;2;40;52;61m[48;2;2;11;54m▄[38;2;214;179;118m[48;2;56;57;62m▄[38;2;220;179;119m[48;2;105;102;79m▄[38;2;248;198;130m[48;2;105;99;74m▄[38;2;244;199;127m[48;2;92;90;70m▄[38;2;222;183;117m[48;2;72;73;64m▄[38;2;242;194;127m[48;2;56;60;60m▄[38;2;237;193;116m[48;2;53;57;63m▄[38;2;250;214;117m[48;2;45;51;63m▄[38;2;247;210;117m[48;2;33;44;67m▄[38;2;221;191;110m[48;2;9;26;65m▄[38;2;104;99;71m[48;2;0;8;50m▄[38;2;18;37;55m[48;2;0;9;42m▄[38;2;13;31;53m[48;2;0;6;40m▄[38;2;4;20;47m[48;2;0;6;37m▄[38;2;2;14;42m[48;2;1;6;37m▄[38;2;3;13;43m[48;2;2;13;45m▄[38;2;3;15;49m[48;2;3;18;51m▄[38;2;4;19;58m[48;2;4;21;57m▄[0m
[38;2;6;18;63m[48;2;6;18;63m▄[38;2;8;20;69m[48;2;7;20;69m▄[38;2;6;18;64m[48;2;7;19;64m▄[38;2;0;13;60m[48;2;7;20;65m▄[38;2;0;8;55m[48;2;7;20;65m▄[38;2;0;5;52m[48;2;6;19;64m▄[38;2;0;5;53m[48;2;7;20;65m▄[38;2;0;7;54m[48;2;8;20;65m▄[38;2;0;8;59m[48;2;8;21;66m▄[38;2;0;11;62m[48;2;8;21;67m▄[38;2;0;15;65m[48;2;8;21;67m▄[38;2;3;17;65m[48;2;5;17;66m▄[38;2;5;19;67m[48;2;0;13;64m▄[38;2;7;20;68m[48;2;0;10;62m▄[38;2;7;21;69m[48;2;0;8;58m▄[38;2;6;22;69m[48;2;0;7;56m▄[38;2;5;19;67m[48;2;0;9;58m▄[38;2;0;7;56m[48;2;11;19;63m▄[38;2;0;0;43m[48;2;63;71;107m▄[38;2;0;0;42m[48;2;103;111;138m▄[38;2;0;0;36m[48;2;124;131;156m▄[38;2;0;0;36m[48;2;102;110;138m▄[38;2;0;0;44m[48;2;81;91;126m▄[38;2;0;6;54m[48;2;59;70;108m▄[38;2;0;10;59m[48;2;35;47;91m▄[38;2;5;15;65m[48;2;13;28;78m▄[38;2;8;19;69m[48;2;0;16;69m▄[38;2;3;13;65m[48;2;0;6;55m▄[38;2;38;49;85m[48;2;173;179;196m▄[38;2;176;180;195m[48;2;255;255;255m▄[38;2;211;215;226m[48;2;251;253;255m▄[38;2;230;233;239m[48;2;255;255;255m▄[38;2;236;238;240m[48;2;116;127;146m▄[38;2;207;211;216m[48;2;0;13;57m▄[38;2;207;210;218m[48;2;0;15;67m▄[38;2;191;193;206m[48;2;0;10;65m▄[38;2;174;176;192m[48;2;0;7;59m▄[38;2;155;159;178m[48;2;0;5;55m▄[38;2;134;138;162m[48;2;0;5;48m▄[38;2;115;123;150m[48;2;0;7;45m▄[38;2;93;107;136m[48;2;0;10;48m▄[38;2;39;69;115m[48;2;0;13;47m▄[38;2;14;53;114m[48;2;151;116;104m▄[38;2;104;95;107m[48;2;229;166;132m▄[38;2;185;137;112m[48;2;228;166;134m▄[38;2;221;169;135m[48;2;237;171;138m▄[38;2;196;157;141m[48;2;232;166;130m▄[38;2;160;133;133m[48;2;255;186;143m▄[38;2;133;119;134m[48;2;255;182;135m▄[38;2;93;105;144m[48;2;241;170;114m▄[38;2;28;75;140m[48;2;199;147;92m▄[38;2;17;51;101m[48;2;208;166;99m▄[38;2;10;33;77m[48;2;83;77;67m▄[38;2;3;26;70m[48;2;12;29;62m▄[38;2;0;13;59m[48;2;9;24;62m▄[38;2;0;5;53m[48;2;3;17;58m▄[38;2;0;0;47m[48;2;4;14;59m▄[38;2;0;0;47m[48;2;5;13;61m▄[38;2;0;3;52m[48;2;6;11;59m▄[38;2;3;13;66m[48;2;6;15;68m▄[0m
[38;2;0;18;68m[48;2;6;24;68m▄[38;2;45;65;107m[48;2;0;19;70m▄[38;2;175;171;187m[48;2;0;16;63m▄[38;2;221;212;219m[48;2;30;45;87m▄[38;2;238;227;230m[48;2;69;79;113m▄[38;2;245;232;236m[48;2;102;108;136m▄[38;2;243;228;233m[48;2;120;123;148m▄[38;2;235;221;226m[48;2;110;116;141m▄[38;2;223;212;218m[48;2;85;91;122m▄[38;2;205;197;203m[48;2;58;67;103m▄[38;2;206;197;206m[48;2;32;43;83m▄[38;2;203;194;204m[48;2;15;27;69m▄[38;2;183;177;190m[48;2;2;16;61m▄[38;2;164;160;175m[48;2;0;10;57m▄[38;2;149;147;166m[48;2;0;6;53m▄[38;2;153;149;170m[48;2;0;6;54m▄[38;2;185;179;194m[48;2;3;15;61m▄[38;2;229;219;228m[48;2;53;60;97m▄[38;2;243;232;237m[48;2;140;141;164m▄[38;2;242;232;239m[48;2;145;146;168m▄[38;2;242;232;240m[48;2;122;125;150m▄[38;2;231;221;227m[48;2;98;103;132m▄[38;2;223;217;226m[48;2;49;59;99m▄[38;2;30;49;88m[48;2;4;22;72m▄[38;2;0;22;73m[48;2;5;22;72m▄[38;2;3;26;79m[48;2;6;22;73m▄[38;2;3;26;81m[48;2;6;22;73m▄[38;2;3;25;79m[48;2;7;23;73m▄[38;2;4;25;77m[48;2;0;14;63m▄[38;2;6;24;74m[48;2;0;9;55m▄[38;2;6;21;68m[48;2;11;26;65m▄[38;2;1;16;63m[48;2;30;43;80m▄[38;2;0;12;59m[48;2;57;68;105m▄[38;2;0;9;57m[48;2;89;99;129m▄[38;2;0;6;53m[48;2;119;128;152m▄[38;2;0;4;50m[48;2;151;156;175m▄[38;2;0;8;52m[48;2;177;181;195m▄[38;2;0;3;44m[48;2;201;200;210m▄[38;2;130;131;146m[48;2;232;230;235m▄[38;2;254;246;245m[48;2;241;235;237m▄[38;2;218;193;186m[48;2;212;199;198m▄[38;2;232;170;141m[48;2;178;140;132m▄[38;2;247;202;182m[48;2;164;123;115m▄[38;2;220;180;162m[48;2;159;95;64m▄[38;2;223;129;78m[48;2;199;98;41m▄[38;2;237;118;47m[48;2;175;100;56m▄[38;2;212;153;121m[48;2;60;87;133m▄[38;2;255;235;229m[48;2;73;122;193m▄[38;2;255;237;226m[48;2;118;143;195m▄[38;2;255;231;220m[48;2;106;145;196m▄[38;2;255;229;219m[48;2;110;147;201m▄[38;2;250;225;217m[48;2;184;185;209m▄[38;2;239;217;214m[48;2;209;197;204m▄[38;2;233;212;210m[48;2;198;189;199m▄[38;2;242;222;219m[48;2;184;177;190m▄[38;2;255;242;237m[48;2;166;163;177m▄[38;2;255;255;251m[48;2;139;138;158m▄[38;2;255;255;250m[48;2;95;99;126m▄[38;2;253;235;234m[48;2;45;57;95m▄[38;2;211;206;210m[48;2;9;28;76m▄[0m
[38;2;6;27;71m[48;2;0;15;62m▄[38;2;0;23;75m[48;2;75;91;123m▄[38;2;48;59;88m[48;2;226;214;220m▄[38;2;119;118;128m[48;2;204;197;204m▄[38;2;153;150;161m[48;2;218;208;215m▄[38;2;154;150;161m[48;2;209;198;205m▄[38;2;203;196;203m[48;2;226;215;220m▄[38;2;212;204;210m[48;2;227;216;222m▄[38;2;211;203;210m[48;2;232;221;226m▄[38;2;214;206;213m[48;2;228;217;222m▄[38;2;195;188;197m[48;2;194;185;194m▄[38;2;115;115;128m[48;2;203;194;203m▄[38;2;154;150;162m[48;2;236;223;229m▄[38;2;163;157;167m[48;2;247;233;236m▄[38;2;175;170;178m[48;2;255;241;243m▄[38;2;157;154;161m[48;2;253;240;241m▄[38;2;147;144;152m[48;2;245;233;236m▄[38;2;135;133;143m[48;2;232;221;227m▄[38;2;116;116;126m[48;2;228;217;224m▄[38;2;97;98;109m[48;2;165;162;169m▄[38;2;93;95;105m[48;2;122;121;131m▄[38;2;109;108;114m[48;2;152;148;155m▄[38;2;39;49;71m[48;2;91;95;110m▄[38;2;1;18;67m[48;2;6;24;69m▄[38;2;8;22;72m[48;2;5;24;74m▄[38;2;9;21;72m[48;2;5;24;76m▄[38;2;8;22;72m[48;2;4;24;78m▄[38;2;6;20;69m[48;2;5;23;73m▄[38;2;7;20;69m[48;2;6;22;73m▄[38;2;7;21;70m[48;2;7;22;72m▄[38;2;7;21;70m[48;2;9;22;71m▄[38;2;6;20;68m[48;2;7;20;65m▄[38;2;6;20;68m[48;2;6;21;64m▄[38;2;6;20;68m[48;2;6;21;64m▄[38;2;6;19;68m[48;2;4;17;57m▄[38;2;6;20;68m[48;2;4;19;54m▄[38;2;7;19;61m[48;2;4;20;52m▄[38;2;8;27;66m[48;2;0;18;52m▄[38;2;0;19;62m[48;2;74;82;103m▄[38;2;51;68;99m[48;2;232;222;221m▄[38;2;244;230;234m[48;2;255;241;241m▄[38;2;255;247;246m[48;2;249;238;242m▄[38;2;255;245;244m[48;2;252;239;240m▄[38;2;255;245;246m[48;2;255;241;243m▄[38;2;255;250;249m[48;2;237;220;220m▄[38;2;255;254;253m[48;2;229;202;198m▄[38;2;255;246;245m[48;2;250;233;234m▄[38;2;255;242;241m[48;2;251;229;228m▄[38;2;255;238;238m[48;2;245;224;223m▄[38;2;255;235;235m[48;2;243;221;219m▄[38;2;252;232;231m[48;2;239;219;216m▄[38;2;248;231;228m[48;2;235;217;213m▄[38;2;244;226;224m[48;2;231;213;211m▄[38;2;242;225;225m[48;2;223;207;206m▄[38;2;168;164;175m[48;2;232;214;211m▄[38;2;58;79;108m[48;2;160;157;164m▄[38;2;65;82;116m[48;2;102;111;131m▄[38;2;147;147;165m[48;2;159;154;166m▄[38;2;224;210;215m[48;2;222;205;209m▄[38;2;251;236;238m[48;2;255;247;245m▄[0m
