[38;2;254;254;254m[48;2;254;254;254m▄[38;2;255;255;255m[48;2;254;254;254m▄[38;2;115;116;116m[48;2;254;254;254m▄[38;2;84;86;88m[48;2;254;254;254m▄[38;2;136;135;131m[48;2;254;254;254m▄[38;2;164;162;157m[48;2;249;249;251m▄[38;2;171;169;163m[48;2;245;247;247m▄[38;2;165;162;157m[48;2;245;245;245m▄[38;2;164;162;156m[48;2;241;243;243m▄[38;2;161;159;152m[48;2;243;245;245m▄[38;2;155;153;146m[48;2;249;249;251m▄[38;2;165;162;156m[48;2;249;249;249m▄[38;2;176;172;167m[48;2;247;247;247m▄[38;2;175;173;168m[48;2;249;249;249m▄[38;2;174;172;169m[48;2;249;249;251m▄[38;2;168;167;164m[48;2;247;247;249m▄[38;2;170;169;166m[48;2;249;249;251m▄[38;2;175;174;171m[48;2;254;254;254m▄[38;2;175;174;171m[48;2;254;254;254m▄[38;2;172;172;169m[48;2;254;254;254m▄[38;2;181;179;176m[48;2;254;254;254m▄[38;2;186;185;181m[48;2;254;254;254m▄[38;2;177;177;174m[48;2;254;254;254m▄[38;2;160;160;158m[48;2;254;254;254m▄[38;2;160;159;157m[48;2;254;254;254m▄[38;2;159;159;156m[48;2;254;254;254m▄[38;2;177;177;175m[48;2;254;254;254m▄[38;2;164;165;163m[48;2;254;254;254m▄[38;2;116;119;122m[48;2;254;254;254m▄[38;2;116;118;122m[48;2;254;254;254m▄[38;2;138;139;139m[48;2;254;254;254m▄[38;2;192;191;189m[48;2;254;254;254m▄[38;2;193;192;190m[48;2;254;254;254m▄[38;2;196;194;191m[48;2;254;254;254m▄[38;2;200;198;194m[48;2;254;254;254m▄[38;2;195;194;192m[48;2;254;254;254m▄[38;2;183;183;182m[48;2;254;254;254m▄[38;2;186;186;185m[48;2;254;254;254m▄[38;2;191;191;190m[48;2;254;254;254m▄[38;2;199;198;195m[48;2;254;254;254m▄[38;2;205;204;199m[48;2;254;254;254m▄[38;2;213;211;207m[48;2;254;254;254m▄[38;2;209;207;202m[48;2;254;254;254m▄[38;2;210;208;202m[48;2;254;254;254m▄[38;2;214;212;207m[48;2;254;254;254m▄[38;2;216;215;211m[48;2;254;254;254m▄[38;2;216;215;212m[48;2;254;254;254m▄[38;2;210;209;206m[48;2;254;254;254m▄[38;2;200;199;196m[48;2;254;254;254m▄[38;2;209;209;206m[48;2;254;254;254m▄[38;2;215;214;212m[48;2;254;254;254m▄[38;2;209;208;206m[48;2;254;254;254m▄[38;2;197;197;195m[48;2;254;254;254m▄[38;2;195;195;194m[48;2;254;254;254m▄[38;2;185;186;188m[48;2;254;254;254m▄[38;2;170;173;177m[48;2;254;254;254m▄[38;2;157;163;169m[48;2;254;254;254m▄[38;2;150;154;161m[48;2;254;254;254m▄[38;2;163;164;164m[48;2;254;254;254m▄[38;2;255;255;255m[48;2;254;254;254m▄[0m
[38;2;255;255;255m[48;2;255;255;255m▄[38;2;255;255;255m[48;2;255;255;255m▄[38;2;52;52;52m[48;2;39;41;44m▄[38;2;141;162;168m[48;2;87;94;99m▄[38;2;255;255;255m[48;2;214;213;211m▄[38;2;215;213;212m[48;2;200;200;199m▄[38;2;210;208;207m[48;2;189;189;187m▄[38;2;225;224;223m[48;2;179;179;177m▄[38;2;255;255;255m[48;2;254;253;252m▄[38;2;255;255;255m[48;2;219;219;217m▄[38;2;215;213;212m[48;2;194;194;191m▄[38;2;178;176;174m[48;2;195;194;192m▄[38;2;209;207;205m[48;2;184;183;181m▄[38;2;184;183;180m[48;2;180;179;177m▄[38;2;195;193;192m[48;2;198;197;196m▄[38;2;194;193;190m[48;2;216;216;215m▄[38;2;253;251;250m[48;2;212;211;210m▄[38;2;207;205;204m[48;2;197;197;195m▄[38;2;222;220;219m[48;2;251;250;250m▄[38;2;252;251;250m[48;2;201;201;200m▄[38;2;192;191;190m[48;2;204;203;202m▄[38;2;207;204;205m[48;2;199;198;196m▄[38;2;220;218;218m[48;2;205;205;204m▄[38;2;196;195;193m[48;2;184;184;183m▄[38;2;213;211;210m[48;2;193;193;192m▄[38;2;219;217;214m[48;2;183;183;180m▄[38;2;238;253;253m[48;2;231;231;230m▄[38;2;94;114;125m[48;2;171;191;194m▄[38;2;128;135;142m[48;2;28;42;60m▄[38;2;105;114;123m[48;2;30;44;66m▄[38;2;78;82;88m[48;2;54;58;63m▄[38;2;219;221;233m[48;2;242;241;243m▄[38;2;255;255;255m[48;2;238;237;236m▄[38;2;230;229;227m[48;2;168;168;164m▄[38;2;207;207;204m[48;2;180;180;177m▄[38;2;185;186;183m[48;2;139;139;136m▄[38;2;235;235;234m[48;2;218;217;217m▄[38;2;255;255;255m[48;2;249;249;249m▄[38;2;251;251;251m[48;2;250;250;250m▄[38;2;221;221;220m[48;2;206;206;205m▄[38;2;185;185;183m[48;2;192;191;189m▄[38;2;207;207;206m[48;2;210;210;207m▄[38;2;212;212;211m[48;2;183;183;180m▄[38;2;202;202;200m[48;2;163;162;159m▄[38;2;198;198;198m[48;2;216;215;213m▄[38;2;185;185;184m[48;2;169;169;165m▄[38;2;178;178;176m[48;2;205;205;202m▄[38;2;159;159;157m[48;2;210;210;208m▄[38;2;243;243;242m[48;2;249;249;248m▄[38;2;239;239;239m[48;2;219;219;218m▄[38;2;224;224;224m[48;2;177;177;175m▄[38;2;235;235;235m[48;2;155;155;153m▄[38;2;250;250;250m[48;2;221;221;219m▄[38;2;252;252;254m[48;2;243;243;245m▄[38;2;248;247;252m[48;2;215;217;228m▄[38;2;231;232;240m[48;2;185;192;206m▄[38;2;217;221;233m[48;2;145;158;178m▄[38;2;205;211;222m[48;2;108;125;147m▄[38;2;112;110;102m[48;2;65;68;66m▄[38;2;254;255;254m[48;2;255;255;255m▄[0m
[38;2;255;255;255m[48;2;255;255;255m▄[38;2;255;255;255m[48;2;255;255;255m▄[38;2;63;64;65m[48;2;60;60;61m▄[38;2;37;49;66m[48;2;47;63;73m▄[38;2;95;107;118m[48;2;201;212;216m▄[38;2;111;150;125m[48;2;191;195;198m▄[38;2;109;143;122m[48;2;193;197;202m▄[38;2;116;143;132m[48;2;204;208;211m▄[38;2;111;125;144m[48;2;213;220;221m▄[38;2;91;120;133m[48;2;233;244;246m▄[38;2;44;64;80m[48;2;184;193;196m▄[38;2;59;76;94m[48;2;174;183;185m▄[38;2;47;60;74m[48;2;208;220;222m▄[38;2;31;44;56m[48;2;192;203;204m▄[38;2;41;53;66m[48;2;175;185;187m▄[38;2;45;55;67m[48;2;187;197;200m▄[38;2;30;41;51m[48;2;210;219;222m▄[38;2;31;41;50m[48;2;180;189;191m▄[38;2;53;66;79m[48;2;173;184;187m▄[38;2;87;97;111m[48;2;215;225;229m▄[38;2;144;157;157m[48;2;187;199;198m▄[38;2;119;173;133m[48;2;176;193;189m▄[38;2;140;156;148m[48;2;179;190;190m▄[38;2;109;118;136m[48;2;176;187;190m▄[38;2;29;41;55m[48;2;164;177;179m▄[38;2;40;50;70m[48;2;133;146;148m▄[38;2;80;92;114m[48;2;120;137;145m▄[38;2;114;126;139m[48;2;102;108;113m▄[38;2;144;156;163m[48;2;131;164;138m▄[38;2;120;134;148m[48;2;138;164;140m▄[38;2;46;52;60m[48;2;67;68;74m▄[38;2;55;70;91m[48;2;133;144;165m▄[38;2;86;102;125m[48;2;186;193;207m▄[38;2;119;133;154m[48;2;229;231;240m▄[38;2;156;167;186m[48;2;246;245;252m▄[38;2;194;199;213m[48;2;255;255;255m▄[38;2;222;224;232m[48;2;255;255;255m▄[38;2;242;242;246m[48;2;255;255;255m▄[38;2;253;252;254m[48;2;248;248;248m▄[38;2;251;251;251m[48;2;174;174;171m▄[38;2;233;233;232m[48;2;115;116;111m▄[38;2;250;250;250m[48;2;188;188;186m▄[38;2;254;254;254m[48;2;183;184;181m▄[38;2;248;248;251m[48;2;210;210;209m▄[38;2;168;164;137m[48;2;206;207;212m▄[38;2;202;198;178m[48;2;192;193;194m▄[38;2;228;228;229m[48;2;186;187;184m▄[38;2;196;191;164m[48;2;199;201;203m▄[38;2;165;155;100m[48;2;233;234;242m▄[38;2;158;152;119m[48;2;255;255;255m▄[38;2;194;190;171m[48;2;255;255;255m▄[38;2;174;164;110m[48;2;255;255;255m▄[38;2;132;127;106m[48;2;255;255;255m▄[38;2;255;255;255m[48;2;253;252;253m▄[38;2;255;255;255m[48;2;248;247;251m▄[38;2;175;171;154m[48;2;252;252;255m▄[38;2;198;189;178m[48;2;251;252;255m▄[38;2;251;250;252m[48;2;222;223;233m▄[38;2;132;127;117m[48;2;119;116;107m▄[38;2;255;255;255m[48;2;255;255;255m▄[0m
[38;2;255;255;255m[48;2;255;255;255m▄[38;2;255;255;255m[48;2;255;255;255m▄[38;2;66;67;68m[48;2;57;58;60m▄[38;2;120;132;143m[48;2;75;86;107m▄[38;2;131;144;154m[48;2;118;129;130m▄[38;2;113;123;140m[48;2;83;109;92m▄[38;2;68;58;69m[48;2;96;130;110m▄[38;2;86;46;39m[48;2;104;123;106m▄[38;2;103;54;21m[48;2;123;115;126m▄[38;2;140;63;18m[48;2;89;71;69m▄[38;2;166;65;13m[48;2;92;68;58m▄[38;2;171;80;25m[48;2;51;47;51m▄[38;2;155;69;18m[48;2;28;32;41m▄[38;2;159;68;17m[48;2;54;54;59m▄[38;2;76;31;14m[48;2;43;50;60m▄[38;2;54;65;83m[48;2;27;34;46m▄[38;2;123;128;142m[48;2;61;70;86m▄[38;2;133;137;151m[48;2;100;110;125m▄[38;2;107;113;125m[48;2;109;116;130m▄[38;2;102;106;114m[48;2;83;91;104m▄[38;2;113;118;127m[48;2;98;105;120m▄[38;2;75;84;105m[48;2;113;123;131m▄[38;2;67;79;89m[48;2;111;120;129m▄[38;2;146;162;169m[48;2;71;81;98m▄[38;2;149;150;164m[48;2;103;114;131m▄[38;2;123;178;136m[48;2;157;174;168m▄[38;2;122;187;138m[48;2;148;157;163m▄[38;2;146;158;154m[48;2;129;138;160m▄[38;2;127;140;147m[48;2;116;127;146m▄[38;2;103;114;132m[48;2;137;146;164m▄[38;2;30;37;41m[48;2;45;52;58m▄[38;2;55;67;87m[48;2;51;66;85m▄[38;2;80;92;116m[48;2;72;85;109m▄[38;2;103;118;139m[48;2;79;93;117m▄[38;2;136;150;168m[48;2;123;138;158m▄[38;2;176;185;200m[48;2;163;175;192m▄[38;2;217;222;233m[48;2;178;185;201m▄[38;2;246;253;255m[48;2;210;212;224m▄[38;2;238;240;238m[48;2;251;252;255m▄[38;2;222;212;207m[48;2;255;255;255m▄[38;2;224;214;210m[48;2;255;255;255m▄[38;2;181;184;188m[48;2;255;255;255m▄[38;2;128;117;59m[48;2;252;254;255m▄[38;2;187;175;71m[48;2;169;168;169m▄[38;2;252;249;213m[48;2;169;149;20m▄[38;2;255;255;255m[48;2;213;204;133m▄[38;2;234;234;230m[48;2;187;177;120m▄[38;2;212;213;175m[48;2;203;196;149m▄[38;2;183;183;91m[48;2;231;228;191m▄[38;2;197;197;100m[48;2;211;204;150m▄[38;2;252;253;177m[48;2;199;194;179m▄[38;2;234;235;239m[48;2;223;218;171m▄[38;2;228;229;241m[48;2;193;187;142m▄[38;2;201;198;200m[48;2;214;211;208m▄[38;2;204;200;155m[48;2;149;148;127m▄[38;2;201;201;169m[48;2;140;144;125m▄[38;2;213;214;218m[48;2;175;173;170m▄[38;2;255;255;255m[48;2;255;255;255m▄[38;2;119;118;107m[48;2;125;124;116m▄[38;2;251;251;251m[48;2;255;255;255m▄[0m
[38;2;255;255;255m[48;2;255;255;255m▄[38;2;255;255;255m[48;2;255;255;255m▄[38;2;76;74;75m[48;2;69;66;68m▄[38;2;83;101;91m[48;2;95;121;103m▄[38;2;109;139;117m[48;2;100;139;111m▄[38;2;105;126;116m[48;2;101;123;109m▄[38;2;121;131;140m[48;2;126;137;146m▄[38;2;127;140;152m[48;2;128;143;164m▄[38;2;98;104;88m[48;2;87;101;89m▄[38;2;124;115;70m[48;2;121;139;96m▄[38;2;139;151;103m[48;2;113;122;97m▄[38;2;88;107;106m[48;2;104;89;75m▄[38;2;86;123;140m[48;2;115;90;84m▄[38;2;85;129;138m[48;2;91;76;75m▄[38;2;119;174;171m[48;2;66;80;88m▄[38;2;127;183;179m[48;2;99;126;137m▄[38;2;131;185;183m[48;2;126;149;155m▄[38;2;142;194;191m[48;2;113;140;153m▄[38;2;115;159;156m[48;2;95;126;144m▄[38;2;113;146;133m[48;2;104;121;117m▄[38;2;107;150;125m[48;2;116;141;124m▄[38;2;98;130;125m[48;2;136;147;147m▄[38;2;96;111;129m[48;2;107;116;130m▄[38;2;92;104;119m[48;2;119;128;142m▄[38;2;83;94;104m[48;2;116;134;125m▄[38;2;123;131;147m[48;2;111;147;126m▄[38;2;126;133;146m[48;2;107;141;121m▄[38;2;106;115;132m[48;2;118;157;132m▄[38;2;121;130;137m[48;2;131;148;144m▄[38;2;121;132;142m[48;2;99;108;128m▄[38;2;46;51;57m[48;2;21;28;34m▄[38;2;103;116;135m[48;2;51;65;84m▄[38;2;186;195;212m[48;2;96;111;132m▄[38;2;231;240;254m[48;2;140;153;171m▄[38;2;179;178;178m[48;2;192;202;217m▄[38;2;125;95;73m[48;2;224;230;241m▄[38;2;120;83;48m[48;2;222;213;211m▄[38;2;129;78;36m[48;2;169;118;96m▄[38;2;128;66;33m[48;2;134;48;17m▄[38;2;119;28;0m[48;2;119;28;0m▄[38;2;112;21;0m[48;2;121;23;0m▄[38;2;136;108;95m[48;2;100;53;36m▄[38;2;255;255;255m[48;2;176;179;160m▄[38;2;223;217;219m[48;2;241;235;176m▄[38;2;122;126;92m[48;2;244;244;245m▄[38;2;164;171;134m[48;2;229;229;208m▄[38;2;186;192;170m[48;2;255;255;255m▄[38;2;205;210;187m[48;2;255;255;255m▄[38;2;179;177;105m[48;2;255;255;194m▄[38;2;208;206;201m[48;2;163;163;83m▄[38;2;242;243;255m[48;2;169;168;92m▄[38;2;207;208;190m[48;2;232;231;122m▄[38;2;199;199;162m[48;2;239;239;209m▄[38;2;215;216;180m[48;2;193;194;165m▄[38;2;223;223;213m[48;2;186;185;92m▄[38;2;255;255;255m[48;2;194;194;177m▄[38;2;255;255;255m[48;2;255;255;255m▄[38;2;255;255;255m[48;2;255;255;255m▄[38;2;120;116;104m[48;2;120;117;106m▄[38;2;245;246;245m[48;2;248;249;249m▄[0m
[38;2;249;247;247m[48;2;253;251;253m▄[38;2;255;255;255m[48;2;255;255;255m▄[38;2;92;97;97m[48;2;86;87;87m▄[38;2;95;145;149m[48;2;50;70;84m▄[38;2;83;137;142m[48;2;96;122;135m▄[38;2;101;156;159m[48;2;91;122;136m▄[38;2;119;172;177m[48;2;82;127;138m▄[38;2;117;146;144m[48;2;100;68;46m▄[38;2;96;113;96m[48;2;117;100;58m▄[38;2;117;139;104m[48;2;148;188;138m▄[38;2;73;65;49m[48;2;125;140;104m▄[38;2;88;76;39m[48;2;88;113;94m▄[38;2;82;35;0m[48;2;93;108;69m▄[38;2;63;0;0m[48;2;103;81;39m▄[38;2;70;0;0m[48;2;109;79;36m▄[38;2;72;0;0m[48;2;101;73;34m▄[38;2;74;0;0m[48;2;102;71;37m▄[38;2;67;0;0m[48;2;110;73;39m▄[38;2;57;0;0m[48;2;109;73;39m▄[38;2;60;37;39m[48;2;97;63;34m▄[38;2;101;140;148m[48;2;79;74;55m▄[38;2;93;141;150m[48;2;91;140;151m▄[38;2;100;147;156m[48;2;92;140;156m▄[38;2;105;154;161m[48;2;84;129;138m▄[38;2;104;151;159m[48;2;83;120;134m▄[38;2;115;163;169m[48;2;92;124;145m▄[38;2;119;169;174m[48;2;72;98;115m▄[38;2;104;156;164m[48;2;82;102;120m▄[38;2;86;135;148m[48;2;90;115;117m▄[38;2;74;122;130m[48;2;83;101;109m▄[38;2;75;88;93m[48;2;60;67;73m▄[38;2;185;189;201m[48;2;195;200;213m▄[38;2;120;86;76m[48;2;219;214;217m▄[38;2;106;41;21m[48;2;186;155;141m▄[38;2;116;54;45m[48;2;96;27;1m▄[38;2;112;115;93m[48;2;136;136;82m▄[38;2;149;174;128m[48;2;141;167;133m▄[38;2;126;143;109m[48;2;120;142;121m▄[38;2;110;136;100m[48;2;99;133;95m▄[38;2;148;170;142m[48;2;108;112;88m▄[38;2;191;207;188m[48;2;195;183;183m▄[38;2;181;198;178m[48;2;255;255;255m▄[38;2;177;192;173m[48;2;221;226;217m▄[38;2;225;230;227m[48;2;155;171;147m▄[38;2;255;255;255m[48;2;187;196;184m▄[38;2;187;187;186m[48;2;205;206;194m▄[38;2;130;114;26m[48;2;205;205;159m▄[38;2;166;157;117m[48;2;179;182;141m▄[38;2;164;151;74m[48;2;176;167;126m▄[38;2;210;191;66m[48;2;254;253;254m▄[38;2;121;110;57m[48;2;246;240;204m▄[38;2;193;188;164m[48;2;231;223;185m▄[38;2;193;187;145m[48;2;225;212;120m▄[38;2;152;147;123m[48;2;147;139;96m▄[38;2;215;215;220m[48;2;243;244;251m▄[38;2;249;248;251m[48;2;255;255;255m▄[38;2;227;230;237m[48;2;255;255;255m▄[38;2;222;225;234m[48;2;255;255;255m▄[38;2;98;96;91m[48;2;112;109;100m▄[38;2;248;248;245m[48;2;246;246;245m▄[0m
[38;2;251;249;251m[48;2;251;249;251m▄[38;2;255;255;255m[48;2;255;255;255m▄[38;2;76;80;79m[48;2;80;86;84m▄[38;2;90;133;147m[48;2;76;116;129m▄[38;2;104;156;171m[48;2;85;126;141m▄[38;2;96;144;152m[48;2;86;124;131m▄[38;2;93;139;145m[48;2;62;91;106m▄[38;2;113;156;162m[48;2;75;113;129m▄[38;2;112;153;164m[48;2;89;127;135m▄[38;2;110;144;155m[48;2;62;74;67m▄[38;2;103;144;161m[48;2;38;7;21m▄[38;2;91;135;164m[48;2;50;15;30m▄[38;2;81;122;151m[48;2;46;20;36m▄[38;2;84;131;170m[48;2;62;31;41m▄[38;2;78;128;165m[48;2;55;34;49m▄[38;2;80;129;161m[48;2;55;30;42m▄[38;2;76;123;152m[48;2;59;23;33m▄[38;2;83;133;164m[48;2;50;40;54m▄[38;2;83;134;165m[48;2;43;35;52m▄[38;2;83;121;137m[48;2;69;89;99m▄[38;2;113;157;162m[48;2;122;165;174m▄[38;2;115;160;167m[48;2;77;112;129m▄[38;2;104;148;158m[48;2;76;113;128m▄[38;2;115;156;166m[48;2;92;130;147m▄[38;2;133;177;183m[48;2;92;128;143m▄[38;2;128;174;180m[48;2;110;156;162m▄[38;2;127;172;178m[48;2;117;165;170m▄[38;2;130;174;181m[48;2;124;171;175m▄[38;2;129;175;181m[48;2;121;170;174m▄[38;2;130;172;176m[48;2;122;166;169m▄[38;2;36;45;49m[48;2;55;65;72m▄[38;2;40;52;72m[48;2;103;116;137m▄[38;2;66;82;101m[48;2;136;150;169m▄[38;2;123;141;161m[48;2;147;162;180m▄[38;2;117;128;140m[48;2;160;172;190m▄[38;2;126;149;128m[48;2;123;138;119m▄[38;2;139;157;112m[48;2;160;188;148m▄[38;2;104;74;14m[48;2;127;130;85m▄[38;2;98;46;5m[48;2;124;130;79m▄[38;2;96;46;15m[48;2;192;198;176m▄[38;2;105;51;22m[48;2;217;224;199m▄[38;2;102;49;20m[48;2;230;234;213m▄[38;2;102;49;18m[48;2;246;248;233m▄[38;2;102;46;19m[48;2;246;249;233m▄[38;2;81;35;10m[48;2;241;242;227m▄[38;2;99;72;62m[48;2;228;228;221m▄[38;2;255;255;255m[48;2;167;168;172m▄[38;2;255;255;255m[48;2;240;240;245m▄[38;2;255;255;255m[48;2;219;219;225m▄[38;2;255;255;255m[48;2;140;134;104m▄[38;2;252;251;255m[48;2;203;203;204m▄[38;2;225;227;236m[48;2;255;255;255m▄[38;2;206;212;223m[48;2;255;255;255m▄[38;2;197;205;218m[48;2;252;252;255m▄[38;2;164;178;196m[48;2;211;217;228m▄[38;2;105;121;142m[48;2;183;192;208m▄[38;2;99;114;135m[48;2;184;195;211m▄[38;2;89;106;126m[48;2;168;182;199m▄[38;2;45;50;52m[48;2;74;77;75m▄[38;2;253;252;249m[48;2;249;248;244m▄[0m
[38;2;253;251;253m[48;2;251;251;251m▄[38;2;255;255;255m[48;2;255;255;255m▄[38;2;68;69;67m[48;2;78;82;80m▄[38;2;98;115;115m[48;2;73;127;128m▄[38;2;136;154;154m[48;2;89;148;151m▄[38;2;142;158;158m[48;2;84;143;145m▄[38;2;143;158;157m[48;2;89;147;151m▄[38;2;110;127;124m[48;2;105;160;164m▄[38;2;94;116;105m[48;2;114;167;171m▄[38;2;96;126;106m[48;2;119;172;178m▄[38;2;104;136;109m[48;2;126;175;181m▄[38;2;108;138;117m[48;2;120;165;171m▄[38;2;87;110;103m[48;2;118;163;169m▄[38;2;120;134;138m[48;2;110;157;160m▄[38;2;143;156;160m[48;2;104;150;152m▄[38;2;143;156;160m[48;2;100;148;149m▄[38;2;145;159;163m[48;2;96;147;148m▄[38;2;145;159;163m[48;2;111;159;160m▄[38;2;146;160;164m[48;2;103;152;153m▄[38;2;148;161;166m[48;2;100;151;155m▄[38;2;150;162;167m[48;2;92;145;149m▄[38;2;148;161;167m[48;2;107;157;161m▄[38;2;150;164;168m[48;2;95;148;151m▄[38;2;145;163;167m[48;2;97;150;153m▄[38;2;136;152;151m[48;2;104;155;160m▄[38;2;139;153;153m[48;2;102;152;157m▄[38;2;137;151;152m[48;2;98;150;155m▄[38;2;134;150;151m[48;2;98;150;155m▄[38;2;135;151;152m[48;2;100;153;158m▄[38;2;136;150;151m[48;2;106;156;159m▄[38;2;36;40;42m[48;2;37;48;52m▄[38;2;25;32;44m[48;2;32;42;58m▄[38;2;37;49;64m[48;2;48;64;82m▄[38;2;13;15;24m[48;2;66;69;82m▄[38;2;10;2;8m[48;2;68;64;69m▄[38;2;11;11;18m[48;2;79;90;88m▄[38;2;24;21;19m[48;2;87;78;21m▄[38;2;35;16;24m[48;2;70;1;0m▄[38;2;47;23;29m[48;2;97;0;3m▄[38;2;47;24;29m[48;2;102;0;2m▄[38;2;46;22;27m[48;2;105;0;7m▄[38;2;34;14;20m[48;2;102;0;6m▄[38;2;53;37;46m[48;2;102;0;5m▄[38;2;52;38;45m[48;2;100;0;3m▄[38;2;51;42;49m[48;2;48;0;0m▄[38;2;101;109;115m[48;2;160;147;146m▄[38;2;102;108;116m[48;2;255;255;255m▄[38;2;107;112;119m[48;2;255;255;255m▄[38;2;100;106;116m[48;2;247;244;247m▄[38;2;89;97;109m[48;2;227;227;234m▄[38;2;80;89;102m[48;2;192;199;212m▄[38;2;67;77;90m[48;2;165;176;193m▄[38;2;55;64;77m[48;2;139;154;171m▄[38;2;46;56;69m[48;2;110;125;144m▄[38;2;42;53;65m[48;2;87;101;122m▄[38;2;44;53;66m[48;2;62;76;96m▄[38;2;40;50;63m[48;2;38;53;69m▄[38;2;26;35;47m[48;2;26;39;55m▄[38;2;42;44;45m[48;2;37;41;42m▄[38;2;255;255;255m[48;2;255;255;255m▄[0m
[38;2;255;253;255m[48;2;253;251;253m▄[38;2;255;255;255m[48;2;255;255;255m▄[38;2;80;81;78m[48;2;84;84;80m▄[38;2;215;215;214m[48;2;228;224;224m▄[38;2;255;255;255m[48;2;255;255;255m▄[38;2;253;252;253m[48;2;255;255;255m▄[38;2;254;253;254m[48;2;255;255;255m▄[38;2;255;255;255m[48;2;255;255;255m▄[38;2;223;212;196m[48;2;216;208;195m▄[38;2;135;118;71m[48;2;178;174;144m▄[38;2;149;157;97m[48;2;144;157;119m▄[38;2;147;158;131m[48;2;137;168;107m▄[38;2;160;168;124m[48;2;143;171;106m▄[38;2;172;181;129m[48;2;139;154;106m▄[38;2;165;174;123m[48;2;199;201;172m▄[38;2;170;179;128m[48;2;227;228;199m▄[38;2;171;180;127m[48;2;224;225;193m▄[38;2;169;178;124m[48;2;221;222;188m▄[38;2;169;178;124m[48;2;220;222;189m▄[38;2;173;182;127m[48;2;219;222;185m▄[38;2;174;185;127m[48;2;218;222;178m▄[38;2;176;188;117m[48;2;218;222;179m▄[38;2;134;138;60m[48;2;210;209;188m▄[38;2;149;127;94m[48;2;207;192;163m▄[38;2;249;249;249m[48;2;255;255;255m▄[38;2;254;254;254m[48;2;255;255;255m▄[38;2;255;255;255m[48;2;255;255;255m▄[38;2;255;255;255m[48;2;255;255;255m▄[38;2;255;255;255m[48;2;255;255;255m▄[38;2;255;255;254m[48;2;255;255;255m▄[38;2;61;64;62m[48;2;63;66;69m▄[38;2;132;132;133m[48;2;24;36;53m▄[38;2;206;203;201m[48;2;56;65;75m▄[38;2;213;212;208m[48;2;93;100;107m▄[38;2;189;188;186m[48;2;123;128;132m▄[38;2;216;215;213m[48;2;159;161;164m▄[38;2;231;230;229m[48;2;186;189;192m▄[38;2;186;185;183m[48;2;201;206;207m▄[38;2;183;181;178m[48;2;196;202;203m▄[38;2;193;191;189m[48;2;199;204;206m▄[38;2;204;200;197m[48;2;189;195;195m▄[38;2;246;255;255m[48;2;92;100;101m▄[38;2;69;85;87m[48;2;35;53;65m▄[38;2;74;85;105m[48;2;84;104;128m▄[38;2;100;115;137m[48;2;95;112;136m▄[38;2;103;117;139m[48;2;84;98;122m▄[38;2;105;119;141m[48;2;75;91;114m▄[38;2;101;115;136m[48;2;73;88;112m▄[38;2;103;117;138m[48;2;73;89;112m▄[38;2;105;120;142m[48;2;75;90;114m▄[38;2;110;125;146m[48;2;72;88;111m▄[38;2;111;126;148m[48;2;75;89;112m▄[38;2;110;125;149m[48;2;76;91;114m▄[38;2;108;122;145m[48;2;70;85;106m▄[38;2;103;117;140m[48;2;68;84;105m▄[38;2;98;114;137m[48;2;65;80;101m▄[38;2;93;108;133m[48;2;56;71;90m▄[38;2;81;97;120m[48;2;42;58;76m▄[38;2;66;70;72m[48;2;56;60;61m▄[38;2;255;255;255m[48;2;255;255;255m▄[0m
[38;2;255;253;255m[48;2;255;253;255m▄[38;2;255;255;255m[48;2;255;255;255m▄[38;2;78;78;74m[48;2;72;73;69m▄[38;2;223;221;221m[48;2;216;216;216m▄[38;2;255;255;255m[48;2;255;255;255m▄[38;2;254;252;253m[48;2;252;252;252m▄[38;2;254;253;253m[48;2;254;252;253m▄[38;2;254;253;254m[48;2;254;253;254m▄[38;2;255;255;255m[48;2;255;255;255m▄[38;2;217;215;212m[48;2;206;206;204m▄[38;2;197;196;158m[48;2;210;208;159m▄[38;2;255;255;255m[48;2;255;255;255m▄[38;2;255;255;255m[48;2;255;255;255m▄[38;2;255;255;255m[48;2;255;255;255m▄[38;2;255;255;255m[48;2;255;255;255m▄[38;2;255;255;255m[48;2;255;255;255m▄[38;2;255;255;255m[48;2;255;255;255m▄[38;2;255;255;255m[48;2;255;255;255m▄[38;2;255;255;255m[48;2;255;255;255m▄[38;2;255;255;255m[48;2;255;255;255m▄[38;2;255;255;255m[48;2;255;255;255m▄[38;2;255;255;239m[48;2;255;255;251m▄[38;2;206;205;124m[48;2;204;203;122m▄[38;2;219;220;220m[48;2;223;226;234m▄[38;2;255;255;255m[48;2;255;255;255m▄[38;2;255;255;255m[48;2;255;255;255m▄[38;2;255;255;255m[48;2;255;255;255m▄[38;2;255;255;255m[48;2;255;255;255m▄[38;2;255;255;255m[48;2;255;255;255m▄[38;2;255;255;254m[48;2;255;255;255m▄[38;2;95;99;102m[48;2;78;80;82m▄[38;2;71;84;102m[48;2;101;106;107m▄[38;2;144;162;168m[48;2;208;211;209m▄[38;2;173;187;189m[48;2;191;190;187m▄[38;2;190;202;205m[48;2;210;210;207m▄[38;2;191;206;208m[48;2;208;208;206m▄[38;2;151;165;170m[48;2;228;231;230m▄[38;2;155;170;178m[48;2;227;229;227m▄[38;2;147;163;166m[48;2;232;235;234m▄[38;2;66;79;82m[48;2;196;204;205m▄[38;2;97;111;124m[48;2;193;208;208m▄[38;2;130;144;163m[48;2;122;144;148m▄[38;2;122;133;150m[48;2;84;100;117m▄[38;2;113;94;92m[48;2;114;138;164m▄[38;2;120;83;68m[48;2;121;144;170m▄[38;2;126;90;73m[48;2;125;148;174m▄[38;2;122;104;98m[48;2;133;153;178m▄[38;2;120;128;142m[48;2;135;150;172m▄[38;2;143;163;187m[48;2;136;150;170m▄[38;2;155;175;197m[48;2;138;154;174m▄[38;2;143;159;180m[48;2;133;148;169m▄[38;2;137;152;172m[48;2;130;145;166m▄[38;2;138;154;174m[48;2;135;151;172m▄[38;2;134;150;172m[48;2;139;155;176m▄[38;2;133;150;172m[48;2;137;153;175m▄[38;2;133;150;173m[48;2;129;147;171m▄[38;2;132;149;171m[48;2;131;149;172m▄[38;2;124;143;165m[48;2;121;140;163m▄[38;2;76;80;83m[48;2;72;76;79m▄[38;2;255;255;255m[48;2;255;255;255m▄[0m
[38;2;255;253;255m[48;2;255;253;253m▄[38;2;255;255;255m[48;2;255;255;255m▄[38;2;87;87;82m[48;2;89;89;85m▄[38;2;218;217;217m[48;2;222;221;221m▄[38;2;255;255;255m[48;2;255;255;255m▄[38;2;254;253;253m[48;2;254;252;254m▄[38;2;253;252;253m[48;2;254;252;253m▄[38;2;254;254;254m[48;2;254;252;253m▄[38;2;255;255;255m[48;2;255;255;255m▄[38;2;226;225;228m[48;2;224;223;222m▄[38;2;190;188;126m[48;2;194;193;145m▄[38;2;255;255;242m[48;2;255;255;255m▄[38;2;255;255;255m[48;2;255;255;255m▄[38;2;255;255;255m[48;2;255;255;255m▄[38;2;255;255;255m[48;2;255;255;255m▄[38;2;255;255;255m[48;2;255;255;255m▄[38;2;255;255;255m[48;2;255;255;255m▄[38;2;255;255;255m[48;2;255;255;255m▄[38;2;255;255;255m[48;2;255;255;255m▄[38;2;255;255;255m[48;2;255;255;255m▄[38;2;255;255;255m[48;2;255;255;255m▄[38;2;255;255;236m[48;2;255;255;239m▄[38;2;210;210;128m[48;2;207;206;127m▄[38;2;216;216;214m[48;2;222;222;221m▄[38;2;255;255;255m[48;2;255;255;255m▄[38;2;255;255;255m[48;2;255;255;255m▄[38;2;255;255;254m[48;2;255;255;255m▄[38;2;255;255;255m[48;2;255;255;255m▄[38;2;255;255;255m[48;2;255;255;255m▄[38;2;250;250;253m[48;2;251;251;251m▄[38;2;129;129;97m[48;2;112;115;93m▄[38;2;207;205;166m[48;2;131;132;91m▄[38;2;222;222;225m[48;2;137;137;142m▄[38;2;215;213;212m[48;2;184;192;208m▄[38;2;168;166;146m[48;2;182;190;207m▄[38;2;247;248;252m[48;2;173;179;192m▄[38;2;250;251;254m[48;2;178;183;195m▄[38;2;246;247;249m[48;2;182;187;203m▄[38;2;249;250;254m[48;2;175;180;193m▄[38;2;252;253;255m[48;2;141;146;153m▄[38;2;235;238;238m[48;2;139;142;150m▄[38;2;217;222;221m[48;2;182;190;206m▄[38;2;170;153;137m[48;2;116;50;24m▄[38;2;130;70;41m[48;2;151;33;0m▄[38;2;114;83;47m[48;2;160;45;0m▄[38;2;141;160;120m[48;2;149;47;0m▄[38;2;130;155;116m[48;2;141;55;7m▄[38;2;136;163;116m[48;2;121;55;20m▄[38;2;178;194;145m[48;2;112;75;57m▄[38;2;137;128;87m[48;2;116;95;89m▄[38;2;125;56;21m[48;2;169;175;186m▄[38;2;152;93;66m[48;2;194;209;226m▄[38;2;147;106;97m[48;2;201;217;233m▄[38;2;192;182;181m[48;2;202;212;227m▄[38;2;248;247;251m[48;2;193;200;214m▄[38;2;245;245;246m[48;2;188;197;211m▄[38;2;245;245;247m[48;2;188;197;212m▄[38;2;243;244;247m[48;2;182;191;207m▄[38;2;125;123;117m[48;2;106;107;107m▄[38;2;255;255;255m[48;2;255;255;255m▄[0m
[38;2;255;255;255m[48;2;255;255;255m▄[38;2;255;255;255m[48;2;255;255;255m▄[38;2;96;95;93m[48;2;87;87;84m▄[38;2;223;222;221m[48;2;221;219;219m▄[38;2;255;255;255m[48;2;255;255;255m▄[38;2;254;253;254m[48;2;254;254;254m▄[38;2;255;253;254m[48;2;253;253;253m▄[38;2;254;252;253m[48;2;254;254;254m▄[38;2;255;255;255m[48;2;255;255;255m▄[38;2;238;236;244m[48;2;233;232;236m▄[38;2;183;181;124m[48;2;189;188;121m▄[38;2;255;255;224m[48;2;255;255;227m▄[38;2;255;255;255m[48;2;255;255;255m▄[38;2;255;255;255m[48;2;255;255;255m▄[38;2;255;255;255m[48;2;255;255;255m▄[38;2;255;255;255m[48;2;255;255;255m▄[38;2;255;255;255m[48;2;255;255;255m▄[38;2;255;255;255m[48;2;255;255;255m▄[38;2;255;255;255m[48;2;255;255;255m▄[38;2;255;255;255m[48;2;255;255;255m▄[38;2;255;255;255m[48;2;255;255;255m▄[38;2;255;255;241m[48;2;255;255;238m▄[38;2;226;225;128m[48;2;219;218;126m▄[38;2;200;200;189m[48;2;208;208;201m▄[38;2;255;255;255m[48;2;255;255;255m▄[38;2;254;254;254m[48;2;255;255;255m▄[38;2;255;255;255m[48;2;255;255;255m▄[38;2;255;255;254m[48;2;255;255;255m▄[38;2;255;255;255m[48;2;255;255;255m▄[38;2;247;247;247m[48;2;255;255;253m▄[38;2;114;115;101m[48;2;104;104;99m▄[38;2;244;244;206m[48;2;220;220;227m▄[38;2;248;248;218m[48;2;237;237;241m▄[38;2;246;246;219m[48;2;227;225;228m▄[38;2;242;241;212m[48;2;168;172;141m▄[38;2;166;169;122m[48;2;152;160;112m▄[38;2;137;131;110m[48;2;242;243;235m▄[38;2;240;239;238m[48;2;255;255;255m▄[38;2;249;249;249m[48;2;214;214;212m▄[38;2;246;246;244m[48;2;162;172;152m▄[38;2;255;255;255m[48;2;188;199;177m▄[38;2;255;255;255m[48;2;194;202;184m▄[38;2;255;255;255m[48;2;201;214;199m▄[38;2;255;255;255m[48;2;188;204;191m▄[38;2;225;227;225m[48;2;114;138;107m▄[38;2;187;194;181m[48;2;111;138;97m▄[38;2;160;174;152m[48;2;131;156;114m▄[38;2;98;100;69m[48;2;153;185;138m▄[38;2;131;108;69m[48;2;177;218;173m▄[38;2;173;183;108m[48;2;163;205;170m▄[38;2;157;175;114m[48;2;98;50;26m▄[38;2;141;140;129m[48;2;137;58;27m▄[38;2;183;136;109m[48;2;121;74;60m▄[38;2;163;122;94m[48;2;181;178;175m▄[38;2;221;215;209m[48;2;255;255;255m▄[38;2;255;255;255m[48;2;255;255;255m▄[38;2;255;255;255m[48;2;255;255;255m▄[38;2;255;255;255m[48;2;255;255;255m▄[38;2;135;134;125m[48;2;133;132;124m▄[38;2;255;255;255m[48;2;255;255;255m▄[0m
[38;2;255;255;255m[48;2;255;255;255m▄[38;2;255;255;255m[48;2;255;255;255m▄[38;2;83;83;78m[48;2;86;86;82m▄[38;2;217;216;215m[48;2;220;218;218m▄[38;2;255;255;255m[48;2;255;255;255m▄[38;2;254;253;253m[48;2;254;253;254m▄[38;2;254;254;254m[48;2;255;254;255m▄[38;2;254;253;254m[48;2;254;254;254m▄[38;2;255;255;255m[48;2;255;255;255m▄[38;2;255;255;255m[48;2;244;243;251m▄[38;2;185;185;125m[48;2;182;181;120m▄[38;2;236;235;192m[48;2;255;255;215m▄[38;2;245;244;249m[48;2;255;255;255m▄[38;2;222;221;217m[48;2;255;255;255m▄[38;2;199;200;188m[48;2;255;253;255m▄[38;2;157;153;147m[48;2;247;243;249m▄[38;2;163;156;161m[48;2;246;245;246m▄[38;2;183;176;173m[48;2;249;245;251m▄[38;2;197;198;190m[48;2;255;255;255m▄[38;2;220;219;220m[48;2;255;255;255m▄[38;2;236;235;240m[48;2;255;255;255m▄[38;2;236;235;230m[48;2;255;255;250m▄[38;2;247;245;133m[48;2;233;232;132m▄[38;2;205;206;183m[48;2;195;195;175m▄[38;2;255;255;255m[48;2;255;255;255m▄[38;2;255;255;255m[48;2;255;255;255m▄[38;2;255;255;255m[48;2;255;255;255m▄[38;2;255;255;255m[48;2;254;254;254m▄[38;2;255;255;255m[48;2;255;255;255m▄[38;2;231;232;230m[48;2;236;236;237m▄[38;2;137;136;133m[48;2;123;123;109m▄[38;2;255;255;255m[48;2;232;231;189m▄[38;2;255;255;255m[48;2;232;232;200m▄[38;2;255;255;255m[48;2;233;233;215m▄[38;2;255;255;255m[48;2;240;240;230m▄[38;2;255;255;255m[48;2;255;255;255m▄[38;2;255;255;255m[48;2;248;247;248m▄[38;2;255;255;255m[48;2;253;253;252m▄[38;2;255;255;255m[48;2;255;255;255m▄[38;2;255;255;255m[48;2;255;255;255m▄[38;2;255;255;255m[48;2;255;255;255m▄[38;2;255;255;255m[48;2;255;255;255m▄[38;2;237;237;237m[48;2;255;255;255m▄[38;2;196;202;201m[48;2;255;255;255m▄[38;2;214;222;221m[48;2;255;255;255m▄[38;2;255;254;253m[48;2;255;255;255m▄[38;2;180;183;174m[48;2;254;254;255m▄[38;2;174;190;167m[48;2;183;178;177m▄[38;2;126;147;115m[48;2;125;122;96m▄[38;2;129;161;123m[48;2;178;191;106m▄[38;2;180;218;170m[48;2;174;176;101m▄[38;2;169;206;155m[48;2;134;109;69m▄[38;2;159;197;146m[48;2;118;80;39m▄[38;2;112;118;82m[48;2;120;39;0m▄[38;2;202;198;192m[48;2;164;141;127m▄[38;2;255;255;255m[48;2;255;255;255m▄[38;2;255;255;255m[48;2;255;255;255m▄[38;2;255;255;255m[48;2;255;255;255m▄[38;2;133;133;128m[48;2;135;135;127m▄[38;2;255;255;255m[48;2;255;255;255m▄[0m
[38;2;255;255;255m[48;2;255;255;255m▄[38;2;255;255;255m[48;2;255;255;255m▄[38;2;101;101;96m[48;2;92;91;86m▄[38;2;219;218;216m[48;2;218;217;216m▄[38;2;255;255;255m[48;2;255;255;255m▄[38;2;255;254;255m[48;2;254;253;253m▄[38;2;255;255;255m[48;2;254;253;253m▄[38;2;255;255;255m[48;2;254;253;254m▄[38;2;255;255;255m[48;2;254;255;255m▄[38;2;152;132;103m[48;2;209;203;195m▄[38;2;143;142;103m[48;2;158;157;85m▄[38;2;167;176;116m[48;2;203;205;123m▄[38;2;153;161;116m[48;2;176;179;161m▄[38;2;148;162;137m[48;2;164;172;154m▄[38;2;126;148;102m[48;2;206;210;196m▄[38;2;139;165;96m[48;2;216;219;195m▄[38;2;119;139;67m[48;2;228;230;212m▄[38;2;154;162;112m[48;2;213;219;191m▄[38;2;172;180;130m[48;2;207;211;185m▄[38;2;175;184;132m[48;2;199;202;182m▄[38;2;173;182;129m[48;2;204;206;190m▄[38;2;171;181;116m[48;2;210;214;145m▄[38;2;168;180;124m[48;2;208;213;73m▄[38;2;153;142;104m[48;2;155;147;102m▄[38;2;189;175;156m[48;2;229;221;206m▄[38;2;252;252;251m[48;2;255;255;255m▄[38;2;255;255;255m[48;2;255;255;255m▄[38;2;255;255;255m[48;2;255;255;255m▄[38;2;255;255;255m[48;2;255;255;255m▄[38;2;236;235;233m[48;2;232;233;231m▄[38;2;101;106;103m[48;2;138;136;132m▄[38;2;180;200;201m[48;2;255;255;255m▄[38;2;185;202;202m[48;2;255;255;255m▄[38;2;188;204;205m[48;2;255;255;255m▄[38;2;199;212;212m[48;2;255;255;255m▄[38;2;201;213;213m[48;2;255;255;255m▄[38;2;199;212;212m[48;2;255;255;255m▄[38;2;174;193;193m[48;2;255;255;255m▄[38;2;122;145;144m[48;2;255;255;255m▄[38;2;142;171;173m[48;2;255;255;255m▄[38;2;140;176;176m[48;2;255;253;253m▄[38;2;143;177;178m[48;2;255;255;255m▄[38;2;135;167;168m[48;2;209;208;207m▄[38;2;105;154;157m[48;2;158;165;164m▄[38;2;110;162;165m[48;2;101;135;134m▄[38;2;104;165;170m[48;2;119;153;154m▄[38;2;93;135;129m[48;2;158;172;160m▄[38;2;91;116;94m[48;2;137;156;116m▄[38;2;96;123;124m[48;2;136;152;121m▄[38;2;130;165;171m[48;2;176;183;165m▄[38;2;114;160;164m[48;2;196;199;191m▄[38;2;132;172;174m[48;2;239;235;233m▄[38;2;137;174;176m[48;2;237;234;230m▄[38;2;123;152;157m[48;2;195;209;187m▄[38;2;97;132;128m[48;2;140;156;118m▄[38;2;100;126;82m[48;2;203;206;192m▄[38;2;90;129;113m[48;2;191;206;210m▄[38;2;96;156;161m[48;2;158;175;173m▄[38;2;82;97;93m[48;2;107;108;104m▄[38;2;255;255;255m[48;2;255;255;255m▄[0m
[38;2;254;254;253m[48;2;255;255;255m▄[38;2;255;255;255m[48;2;255;255;255m▄[38;2;178;177;173m[48;2;88;87;82m▄[38;2;195;194;192m[48;2;217;216;214m▄[38;2;206;206;203m[48;2;252;252;252m▄[38;2;204;204;201m[48;2;249;248;249m▄[38;2;202;203;200m[48;2;247;248;248m▄[38;2;200;200;198m[48;2;249;249;249m▄[38;2;196;197;195m[48;2;250;250;250m▄[38;2;201;201;198m[48;2;248;249;252m▄[38;2;200;199;196m[48;2;255;255;255m▄[38;2;200;200;195m[48;2;255;254;255m▄[38;2;197;197;194m[48;2;255;255;255m▄[38;2;167;172;161m[48;2;202;202;197m▄[38;2;183;195;172m[48;2;131;161;102m▄[38;2;170;179;158m[48;2;154;198;125m▄[38;2;189;188;185m[48;2;133;146;119m▄[38;2;205;206;203m[48;2;245;242;250m▄[38;2;203;203;200m[48;2;254;253;255m▄[38;2;205;205;203m[48;2;255;254;255m▄[38;2;205;205;203m[48;2;255;255;255m▄[38;2;204;204;202m[48;2;255;255;255m▄[38;2;204;204;202m[48;2;255;255;255m▄[38;2;205;205;202m[48;2;255;255;255m▄[38;2;206;206;204m[48;2;250;252;255m▄[38;2;208;208;206m[48;2;247;247;246m▄[38;2;208;208;206m[48;2;249;249;249m▄[38;2;208;209;207m[48;2;249;249;249m▄[38;2;210;211;208m[48;2;251;251;251m▄[38;2;204;202;199m[48;2;238;234;232m▄[38;2;138;144;142m[48;2;51;70;68m▄[38;2;154;172;169m[48;2;91;150;154m▄[38;2;161;178;176m[48;2;85;137;140m▄[38;2;160;177;176m[48;2;92;143;146m▄[38;2;160;176;175m[48;2;97;145;149m▄[38;2;160;176;175m[48;2;99;146;149m▄[38;2;162;178;176m[48;2;110;164;169m▄[38;2;165;180;179m[48;2;105;161;167m▄[38;2;164;181;180m[48;2;104;159;163m▄[38;2;160;174;171m[48;2;107;161;167m▄[38;2;159;173;171m[48;2;97;147;149m▄[38;2;161;178;176m[48;2;88;137;138m▄[38;2;160;176;174m[48;2;100;151;153m▄[38;2;161;177;176m[48;2;112;165;169m▄[38;2;165;180;180m[48;2;120;174;179m▄[38;2;165;181;179m[48;2;117;170;175m▄[38;2;167;184;182m[48;2;104;154;160m▄[38;2;167;183;182m[48;2;98;146;152m▄[38;2;165;180;179m[48;2;89;136;137m▄[38;2;161;175;173m[48;2;87;136;137m▄[38;2;160;172;170m[48;2;93;140;142m▄[38;2;167;181;180m[48;2;83;139;141m▄[38;2;169;185;185m[48;2;87;146;149m▄[38;2;166;185;184m[48;2;76;126;127m▄[38;2;163;180;179m[48;2;86;143;149m▄[38;2;158;175;176m[48;2;85;138;136m▄[38;2;153;171;172m[48;2;66;105;94m▄[38;2;152;163;162m[48;2;73;117;119m▄[38;2;169;172;168m[48;2;75;92;87m▄[38;2;255;255;255m[48;2;255;255;255m▄[0m
