[38;2;5;3;0m[48;2;3;0;0m▄[38;2;6;5;2m[48;2;5;3;1m▄[38;2;4;2;2m[48;2;5;5;1m▄[38;2;3;1;1m[48;2;3;1;1m▄[38;2;4;2;2m[48;2;3;1;1m▄[38;2;6;5;4m[48;2;3;3;3m▄[38;2;9;7;5m[48;2;9;7;7m▄[38;2;10;6;3m[48;2;7;7;5m▄[38;2;14;8;7m[48;2;7;5;3m▄[38;2;15;9;8m[48;2;9;7;5m▄[38;2;12;8;7m[48;2;11;7;7m▄[38;2;9;4;4m[48;2;13;9;9m▄[38;2;20;11;9m[48;2;17;9;9m▄[38;2;20;11;9m[48;2;15;9;7m▄[38;2;12;7;5m[48;2;0;0;0m▄[38;2;13;11;10m[48;2;17;11;11m▄[38;2;75;38;44m[48;2;77;28;34m▄[38;2;75;31;31m[48;2;67;36;32m▄[38;2;102;21;18m[48;2;104;27;21m▄[38;2;87;20;18m[48;2;100;25;21m▄[38;2;78;43;40m[48;2;79;48;44m▄[38;2;134;122;113m[48;2;113;102;98m▄[38;2;86;73;59m[48;2;69;57;65m▄[38;2;86;68;50m[48;2;73;54;69m▄[38;2;77;60;51m[48;2;71;57;67m▄[38;2;89;78;75m[48;2;81;75;67m▄[38;2;98;88;74m[48;2;61;69;67m▄[38;2;84;72;56m[48;2;61;77;77m▄[38;2;77;64;65m[48;2;50;48;46m▄[38;2;99;89;90m[48;2;40;36;38m▄[38;2;77;67;68m[48;2;42;40;40m▄[38;2;67;54;55m[48;2;44;42;44m▄[38;2;66;54;55m[48;2;48;42;44m▄[38;2;61;44;46m[48;2;56;42;44m▄[38;2;75;76;88m[48;2;57;54;61m▄[38;2;132;152;179m[48;2;96;108;125m▄[38;2;129;142;163m[48;2;125;127;141m▄[38;2;86;84;94m[48;2;96;77;83m▄[38;2;86;67;69m[48;2;71;48;50m▄[38;2;126;93;82m[48;2;125;54;46m▄[38;2;131;90;87m[48;2;137;83;73m▄[38;2;173;98;124m[48;2;150;86;110m▄[38;2;174;111;126m[48;2;152;96;112m▄[38;2;111;77;88m[48;2;92;67;73m▄[38;2;51;42;38m[48;2;30;21;23m▄[38;2;60;48;48m[48;2;48;36;38m▄[38;2;49;39;41m[48;2;52;42;42m▄[38;2;46;38;39m[48;2;38;30;32m▄[38;2;50;43;44m[48;2;38;32;36m▄[38;2;52;43;44m[48;2;42;36;40m▄[38;2;55;46;47m[48;2;44;38;40m▄[38;2;57;47;50m[48;2;48;38;40m▄[38;2;62;48;53m[48;2;48;36;40m▄[38;2;64;52;57m[48;2;61;52;56m▄[38;2;90;85;86m[48;2;81;77;79m▄[38;2;83;75;75m[48;2;71;67;69m▄[38;2;70;59;65m[48;2;67;54;57m▄[38;2;97;83;85m[48;2;59;42;50m▄[38;2;104;81;73m[48;2;25;7;13m▄[38;2;63;32;29m[48;2;54;32;34m▄[0m
[38;2;0;0;0m[48;2;3;1;0m▄[38;2;1;1;1m[48;2;1;1;0m▄[38;2;2;2;2m[48;2;0;0;0m▄[38;2;3;2;3m[48;2;2;1;1m▄[38;2;4;2;4m[48;2;5;3;3m▄[38;2;5;3;4m[48;2;5;3;4m▄[38;2;5;4;4m[48;2;7;6;5m▄[38;2;2;2;1m[48;2;10;9;7m▄[38;2;0;0;0m[48;2;9;6;5m▄[38;2;0;0;0m[48;2;5;3;2m▄[38;2;2;1;2m[48;2;2;2;1m▄[38;2;7;5;4m[48;2;3;2;1m▄[38;2;12;7;7m[48;2;11;7;5m▄[38;2;13;7;7m[48;2;15;8;7m▄[38;2;18;10;8m[48;2;7;4;3m▄[38;2;1;0;0m[48;2;7;4;3m▄[38;2;29;26;27m[48;2;47;56;54m▄[38;2;77;75;74m[48;2;54;49;49m▄[38;2;51;39;43m[48;2;50;25;24m▄[38;2;26;10;13m[48;2;29;13;14m▄[38;2;62;33;31m[48;2;63;30;29m▄[38;2;87;70;59m[48;2;79;60;46m▄[38;2;84;71;55m[48;2;92;75;46m▄[38;2;88;75;51m[48;2;94;73;29m▄[38;2;181;158;133m[48;2;138;119;85m▄[38;2;219;170;141m[48;2;160;146;127m▄[38;2;167;156;140m[48;2;148;114;76m▄[38;2;159;149;140m[48;2;134;103;68m▄[38;2;101;78;39m[48;2;74;64;58m▄[38;2;72;56;35m[48;2;97;91;86m▄[38;2;76;50;46m[48;2;83;65;59m▄[38;2;76;63;62m[48;2;81;71;69m▄[38;2;71;63;64m[48;2;93;87;88m▄[38;2;40;31;32m[48;2;63;48;53m▄[38;2;20;15;15m[48;2;71;58;61m▄[38;2;11;7;5m[48;2;55;51;54m▄[38;2;15;4;0m[48;2;47;41;44m▄[38;2;39;18;17m[48;2;111;111;120m▄[38;2;98;77;77m[48;2;112;105;110m▄[38;2;226;193;125m[48;2;181;156;108m▄[38;2;192;159;110m[48;2;161;125;98m▄[38;2;116;78;93m[48;2;157;84;113m▄[38;2;145;100;115m[48;2;170;112;128m▄[38;2;151;126;140m[48;2;124;92;103m▄[38;2;170;164;174m[48;2;87;75;73m▄[38;2;117;100;92m[48;2;75;62;56m▄[38;2;101;85;76m[48;2;95;81;74m▄[38;2;100;84;75m[48;2;65;52;51m▄[38;2;102;83;73m[48;2;64;50;52m▄[38;2;87;70;65m[48;2;66;54;57m▄[38;2;82;69;72m[48;2;61;49;52m▄[38;2;87;75;80m[48;2;67;54;60m▄[38;2;77;66;68m[48;2;61;49;54m▄[38;2;63;64;61m[48;2;58;53;55m▄[38;2;105;99;98m[48;2;54;46;46m▄[38;2;87;69;66m[48;2;40;27;30m▄[38;2;107;92;72m[48;2;57;50;50m▄[38;2;152;137;114m[48;2;148;142;128m▄[38;2;116;95;81m[48;2;207;194;177m▄[38;2;122;103;98m[48;2;111;88;81m▄[0m
[38;2;0;0;0m[48;2;0;0;0m▄[38;2;0;0;0m[48;2;2;2;2m▄[38;2;0;0;0m[48;2;2;2;2m▄[38;2;0;0;0m[48;2;3;1;2m▄[38;2;3;2;1m[48;2;3;1;2m▄[38;2;8;5;5m[48;2;1;1;1m▄[38;2;9;5;6m[48;2;2;1;2m▄[38;2;1;1;1m[48;2;2;0;1m▄[38;2;0;0;0m[48;2;0;0;0m▄[38;2;5;4;4m[48;2;1;1;1m▄[38;2;5;4;5m[48;2;7;5;6m▄[38;2;3;2;2m[48;2;9;7;7m▄[38;2;10;6;5m[48;2;13;7;5m▄[38;2;13;8;6m[48;2;12;6;5m▄[38;2;22;12;10m[48;2;21;12;9m▄[38;2;5;0;1m[48;2;5;1;1m▄[38;2;81;64;48m[48;2;52;40;35m▄[38;2;133;112;90m[48;2;106;90;80m▄[38;2;39;27;29m[48;2;45;32;35m▄[38;2;36;23;26m[48;2;35;18;22m▄[38;2;63;34;36m[48;2;64;39;41m▄[38;2;74;50;47m[48;2;78;62;59m▄[38;2;67;54;52m[48;2;77;68;63m▄[38;2;73;53;50m[48;2;89;77;66m▄[38;2;139;121;113m[48;2;183;155;142m▄[38;2;156;150;135m[48;2;205;167;153m▄[38;2;199;136;106m[48;2;184;148;130m▄[38;2;184;149;131m[48;2;177;154;141m▄[38;2;69;65;65m[48;2;80;72;68m▄[38;2;78;72;72m[48;2;70;59;60m▄[38;2;88;54;47m[48;2;87;51;45m▄[38;2;84;67;64m[48;2;80;59;59m▄[38;2;15;15;15m[48;2;42;34;35m▄[38;2;7;6;5m[48;2;10;8;6m▄[38;2;13;11;11m[48;2;9;8;6m▄[38;2;11;9;10m[48;2;8;7;7m▄[38;2;10;7;8m[48;2;11;9;10m▄[38;2;7;6;6m[48;2;10;5;5m▄[38;2;2;0;0m[48;2;32;16;15m▄[38;2;42;26;30m[48;2;101;76;59m▄[38;2;74;59;64m[48;2;110;92;77m▄[38;2;65;53;55m[48;2;73;61;63m▄[38;2;67;55;60m[48;2;91;78;88m▄[38;2;125;106;102m[48;2;115;91;94m▄[38;2;70;53;42m[48;2;119;92;78m▄[38;2;53;42;40m[48;2;67;51;49m▄[38;2;49;38;37m[48;2;74;58;51m▄[38;2;69;49;44m[48;2;94;73;65m▄[38;2;101;72;64m[48;2;131;104;87m▄[38;2;88;71;72m[48;2;128;108;96m▄[38;2;116;107;108m[48;2;78;69;71m▄[38;2;84;77;79m[48;2;71;64;64m▄[38;2;104;105;111m[48;2;98;90;88m▄[38;2;104;96;97m[48;2;99;97;94m▄[38;2;96;72;69m[48;2;120;97;92m▄[38;2;71;49;51m[48;2;122;87;76m▄[38;2;43;27;29m[48;2;115;88;70m▄[38;2;53;34;35m[48;2;89;66;57m▄[38;2;52;36;33m[48;2;68;48;43m▄[38;2;37;25;23m[48;2;48;30;29m▄[0m
[38;2;1;1;1m[48;2;0;0;0m▄[38;2;1;1;1m[48;2;1;1;1m▄[38;2;5;4;4m[48;2;3;3;3m▄[38;2;10;9;5m[48;2;8;7;5m▄[38;2;6;4;5m[48;2;8;6;6m▄[38;2;2;1;2m[48;2;6;4;5m▄[38;2;1;1;1m[48;2;4;3;3m▄[38;2;1;1;1m[48;2;0;0;0m▄[38;2;0;0;0m[48;2;0;0;0m▄[38;2;0;0;0m[48;2;2;2;2m▄[38;2;1;1;1m[48;2;0;0;0m▄[38;2;2;2;3m[48;2;3;3;3m▄[38;2;1;2;2m[48;2;8;6;6m▄[38;2;12;8;7m[48;2;16;10;9m▄[38;2;20;12;10m[48;2;17;10;6m▄[38;2;23;12;11m[48;2;33;16;14m▄[38;2;39;26;29m[48;2;113;84;69m▄[38;2;39;34;40m[48;2;94;76;64m▄[38;2;38;27;32m[48;2;46;32;35m▄[38;2;48;37;42m[48;2;42;23;27m▄[38;2;173;195;209m[48;2;77;65;71m▄[38;2;209;238;251m[48;2;83;78;83m▄[38;2;93;97;112m[48;2;63;60;61m▄[38;2;34;25;27m[48;2;50;41;41m▄[38;2;52;39;40m[48;2;91;79;75m▄[38;2;45;26;29m[48;2;120;98;86m▄[38;2;42;33;34m[48;2;171;127;111m▄[38;2;48;42;42m[48;2;139;113;103m▄[38;2;55;46;44m[48;2;62;55;54m▄[38;2;53;46;45m[48;2;68;63;64m▄[38;2;71;58;57m[48;2;95;73;65m▄[38;2;27;24;24m[48;2;74;67;64m▄[38;2;18;14;15m[48;2;4;5;5m▄[38;2;45;35;37m[48;2;15;11;12m▄[38;2;9;7;8m[48;2;3;2;3m▄[38;2;10;9;9m[48;2;7;5;5m▄[38;2;8;6;7m[48;2;5;3;4m▄[38;2;11;7;8m[48;2;4;2;3m▄[38;2;28;18;19m[48;2;11;8;9m▄[38;2;11;9;7m[48;2;24;14;14m▄[38;2;23;15;15m[48;2;59;45;45m▄[38;2;29;23;22m[48;2;50;41;42m▄[38;2;34;30;30m[48;2;55;46;48m▄[38;2;29;26;26m[48;2;84;78;71m▄[38;2;32;27;27m[48;2;56;54;53m▄[38;2;35;29;30m[48;2;40;34;35m▄[38;2;26;21;21m[48;2;30;23;25m▄[38;2;25;21;21m[48;2;37;29;29m▄[38;2;28;22;22m[48;2;37;29;30m▄[38;2;42;32;33m[48;2;36;29;29m▄[38;2;54;43;45m[48;2;60;53;50m▄[38;2;44;34;35m[48;2;72;61;60m▄[38;2;60;55;59m[48;2;65;53;56m▄[38;2;52;45;47m[48;2;30;20;23m▄[38;2;33;24;22m[48;2;23;16;19m▄[38;2;20;12;14m[48;2;34;24;28m▄[38;2;22;16;18m[48;2;34;23;27m▄[38;2;24;19;19m[48;2;35;25;27m▄[38;2;26;19;19m[48;2;27;17;18m▄[38;2;26;16;17m[48;2;30;18;19m▄[0m
[38;2;7;5;1m[48;2;3;3;1m▄[38;2;1;1;0m[48;2;0;0;0m▄[38;2;0;0;0m[48;2;1;1;1m▄[38;2;3;2;1m[48;2;8;7;4m▄[38;2;8;7;4m[48;2;8;7;6m▄[38;2;8;7;6m[48;2;6;4;5m▄[38;2;7;5;6m[48;2;4;3;4m▄[38;2;5;2;3m[48;2;4;3;3m▄[38;2;1;0;1m[48;2;0;0;2m▄[38;2;0;0;0m[48;2;0;0;0m▄[38;2;3;3;3m[48;2;2;2;2m▄[38;2;5;5;5m[48;2;4;4;4m▄[38;2;1;1;1m[48;2;1;1;1m▄[38;2;2;2;2m[48;2;0;0;0m▄[38;2;12;7;7m[48;2;8;4;5m▄[38;2;18;10;9m[48;2;20;11;10m▄[38;2;21;15;14m[48;2;31;22;24m▄[38;2;29;27;31m[48;2;31;29;37m▄[38;2;25;22;26m[48;2;29;23;29m▄[38;2;23;16;20m[48;2;36;28;33m▄[38;2;22;20;26m[48;2;146;161;169m▄[38;2;9;11;18m[48;2;170;189;195m▄[38;2;32;15;20m[48;2;81;80;92m▄[38;2;49;23;24m[48;2;39;12;16m▄[38;2;36;31;30m[48;2;41;25;27m▄[38;2;61;45;39m[48;2;53;40;40m▄[38;2;70;52;43m[48;2;25;20;21m▄[38;2;55;43;39m[48;2;21;18;21m▄[38;2;48;36;36m[48;2;36;30;32m▄[38;2;56;45;44m[48;2;50;42;44m▄[38;2;43;34;33m[48;2;61;52;53m▄[38;2;6;3;3m[48;2;13;11;9m▄[38;2;2;2;2m[48;2;19;17;19m▄[38;2;12;11;11m[48;2;23;19;21m▄[38;2;11;10;10m[48;2;12;10;11m▄[38;2;9;8;9m[48;2;12;10;11m▄[38;2;8;6;7m[48;2;12;10;11m▄[38;2;8;6;7m[48;2;9;7;7m▄[38;2;9;8;8m[48;2;24;17;17m▄[38;2;20;14;15m[48;2;20;15;14m▄[38;2;15;9;9m[48;2;8;6;4m▄[38;2;22;14;14m[48;2;22;15;16m▄[38;2;20;16;17m[48;2;25;20;22m▄[38;2;17;14;15m[48;2;24;20;21m▄[38;2;33;24;27m[48;2;32;27;28m▄[38;2;41;31;32m[48;2;39;31;32m▄[38;2;48;33;34m[48;2;39;28;29m▄[38;2;49;35;36m[48;2;41;30;30m▄[38;2;45;33;34m[48;2;52;36;37m▄[38;2;46;33;34m[48;2;58;42;43m▄[38;2;40;31;32m[48;2;48;36;38m▄[38;2;39;31;32m[48;2;42;32;33m▄[38;2;36;30;32m[48;2;48;38;38m▄[38;2;34;26;29m[48;2;48;38;38m▄[38;2;42;32;33m[48;2;55;39;38m▄[38;2;45;33;34m[48;2;35;23;24m▄[38;2;33;25;25m[48;2;24;18;16m▄[38;2;27;20;21m[48;2;26;19;18m▄[38;2;22;17;17m[48;2;18;12;12m▄[38;2;17;12;11m[48;2;14;7;7m▄[0m
[38;2;16;15;11m[48;2;13;11;7m▄[38;2;9;8;4m[48;2;4;3;2m▄[38;2;0;0;0m[48;2;0;0;0m▄[38;2;0;0;0m[48;2;0;0;0m▄[38;2;1;1;2m[48;2;5;4;2m▄[38;2;5;5;4m[48;2;8;7;5m▄[38;2;7;7;6m[48;2;9;7;7m▄[38;2;7;6;7m[48;2;5;5;5m▄[38;2;5;3;4m[48;2;2;2;1m▄[38;2;0;0;0m[48;2;0;0;0m▄[38;2;1;1;1m[48;2;2;2;2m▄[38;2;2;2;2m[48;2;5;5;5m▄[38;2;0;0;1m[48;2;2;2;2m▄[38;2;0;0;0m[48;2;1;2;2m▄[38;2;6;4;3m[48;2;16;10;10m▄[38;2;14;9;9m[48;2;10;5;4m▄[38;2;37;28;29m[48;2;18;13;12m▄[38;2;43;35;37m[48;2;28;24;28m▄[38;2;38;29;32m[48;2;21;17;21m▄[38;2;34;26;28m[48;2;21;15;20m▄[38;2;31;24;26m[48;2;10;6;13m▄[38;2;27;20;21m[48;2;10;9;13m▄[38;2;30;20;21m[48;2;24;21;24m▄[38;2;31;21;19m[48;2;31;29;30m▄[38;2;37;26;23m[48;2;28;22;24m▄[38;2;44;32;27m[48;2;66;53;45m▄[38;2;41;29;26m[48;2;106;86;68m▄[38;2;36;25;23m[48;2;102;81;64m▄[38;2;45;34;31m[48;2;92;71;60m▄[38;2;50;39;34m[48;2;94;77;66m▄[38;2;52;41;38m[48;2;96;80;68m▄[38;2;71;59;53m[48;2;72;60;52m▄[38;2;40;32;29m[48;2;27;21;19m▄[38;2;0;0;0m[48;2;5;5;3m▄[38;2;15;13;13m[48;2;1;1;1m▄[38;2;42;35;34m[48;2;15;12;13m▄[38;2;39;31;31m[48;2;24;21;20m▄[38;2;22;17;17m[48;2;6;5;5m▄[38;2;0;0;0m[48;2;5;4;5m▄[38;2;1;2;1m[48;2;8;7;8m▄[38;2;16;14;15m[48;2;17;13;13m▄[38;2;33;25;28m[48;2;23;18;19m▄[38;2;31;24;25m[48;2;26;21;23m▄[38;2;34;27;28m[48;2;28;23;24m▄[38;2;38;32;33m[48;2;32;26;28m▄[38;2;40;32;34m[48;2;36;28;29m▄[38;2;40;31;32m[48;2;41;30;31m▄[38;2;38;29;30m[48;2;41;31;32m▄[38;2;35;26;28m[48;2;39;30;31m▄[38;2;34;25;25m[48;2;40;31;32m▄[38;2;32;24;23m[48;2;38;30;31m▄[38;2;30;24;24m[48;2;36;30;30m▄[38;2;30;24;24m[48;2;33;28;29m▄[38;2;25;19;20m[48;2;31;24;25m▄[38;2;26;18;18m[48;2;52;37;37m▄[38;2;28;20;20m[48;2;51;38;37m▄[38;2;39;30;28m[48;2;64;52;50m▄[38;2;46;37;37m[48;2;54;44;43m▄[38;2;51;41;41m[48;2;55;46;45m▄[38;2;51;41;40m[48;2;44;35;34m▄[0m
[38;2;18;18;15m[48;2;18;16;13m▄[38;2;21;20;15m[48;2;14;13;9m▄[38;2;10;9;7m[48;2;3;3;2m▄[38;2;2;2;2m[48;2;1;1;1m▄[38;2;3;3;3m[48;2;1;1;1m▄[38;2;3;3;3m[48;2;3;4;4m▄[38;2;2;2;2m[48;2;5;5;5m▄[38;2;1;1;1m[48;2;4;4;4m▄[38;2;2;2;2m[48;2;6;5;5m▄[38;2;1;1;1m[48;2;0;0;0m▄[38;2;2;2;2m[48;2;0;0;0m▄[38;2;9;8;7m[48;2;3;3;3m▄[38;2;16;10;9m[48;2;4;3;3m▄[38;2;10;6;5m[48;2;6;4;4m▄[38;2;16;10;10m[48;2;13;8;9m▄[38;2;23;14;14m[48;2;33;23;25m▄[38;2;20;12;12m[48;2;41;28;30m▄[38;2;22;15;16m[48;2;39;27;27m▄[38;2;25;19;22m[48;2;37;27;28m▄[38;2;28;23;26m[48;2;31;22;21m▄[38;2;31;26;31m[48;2;26;18;19m▄[38;2;38;32;38m[48;2;43;37;39m▄[38;2;47;43;46m[48;2;62;58;59m▄[38;2;53;48;51m[48;2;62;56;55m▄[38;2;47;41;43m[48;2;52;43;43m▄[38;2;50;46;48m[48;2;65;60;60m▄[38;2;51;46;49m[48;2;76;69;69m▄[38;2;53;50;52m[48;2;73;67;67m▄[38;2;57;53;54m[48;2;72;66;65m▄[38;2;62;57;58m[48;2;84;78;78m▄[38;2;65;59;59m[48;2;86;78;77m▄[38;2;32;29;30m[48;2;70;63;64m▄[38;2;13;13;12m[48;2;35;34;33m▄[38;2;27;28;27m[48;2;49;48;47m▄[38;2;28;27;26m[48;2;69;66;66m▄[38;2;23;17;18m[48;2;70;60;61m▄[38;2;32;29;29m[48;2;80;74;75m▄[38;2;34;29;29m[48;2;74;69;70m▄[38;2;34;30;31m[48;2;50;48;49m▄[38;2;9;8;7m[48;2;6;6;5m▄[38;2;13;11;8m[48;2;6;5;5m▄[38;2;24;17;16m[48;2;14;11;12m▄[38;2;40;28;27m[48;2;12;8;9m▄[38;2;17;11;11m[48;2;11;9;9m▄[38;2;31;17;17m[48;2;37;27;28m▄[38;2;45;25;23m[48;2;46;35;35m▄[38;2;31;22;21m[48;2;45;34;33m▄[38;2;41;33;33m[48;2;42;32;32m▄[38;2;42;33;33m[48;2;41;31;32m▄[38;2;40;31;32m[48;2;38;29;29m▄[38;2;39;30;31m[48;2;34;26;25m▄[38;2;38;28;30m[48;2;30;24;24m▄[38;2;35;26;26m[48;2;32;24;24m▄[38;2;33;25;25m[48;2;33;24;25m▄[38;2;34;24;25m[48;2;33;24;25m▄[38;2;34;24;25m[48;2;32;22;23m▄[38;2;34;23;25m[48;2;29;19;19m▄[38;2;32;20;20m[48;2;29;18;19m▄[38;2;27;18;16m[48;2;25;16;16m▄[38;2;24;18;17m[48;2;24;17;16m▄[0m
[38;2;24;20;16m[48;2;15;15;11m▄[38;2;29;24;20m[48;2;22;21;16m▄[38;2;22;18;15m[48;2;9;9;6m▄[38;2;23;18;16m[48;2;0;0;0m▄[38;2;20;16;14m[48;2;0;0;0m▄[38;2;13;9;8m[48;2;0;0;0m▄[38;2;5;3;4m[48;2;0;0;0m▄[38;2;4;3;3m[48;2;0;1;0m▄[38;2;3;3;3m[48;2;1;1;1m▄[38;2;4;3;3m[48;2;3;3;3m▄[38;2;5;4;3m[48;2;6;5;5m▄[38;2;11;6;7m[48;2;14;8;8m▄[38;2;13;8;7m[48;2;24;14;11m▄[38;2;9;6;5m[48;2;15;10;8m▄[38;2;4;2;2m[48;2;10;6;6m▄[38;2;10;9;9m[48;2;21;16;17m▄[38;2;15;13;15m[48;2;30;24;26m▄[38;2;14;12;14m[48;2;31;27;29m▄[38;2;14;13;15m[48;2;33;28;33m▄[38;2;15;15;17m[48;2;35;31;36m▄[38;2;19;19;22m[48;2;41;37;44m▄[38;2;27;28;31m[48;2;47;44;52m▄[38;2;27;26;30m[48;2;45;43;52m▄[38;2;23;20;21m[48;2;40;36;42m▄[38;2;24;19;18m[48;2;43;38;41m▄[38;2;28;21;19m[48;2;48;41;42m▄[38;2;38;29;28m[48;2;54;47;49m▄[38;2;43;33;33m[48;2;51;46;47m▄[38;2;29;26;25m[48;2;45;42;42m▄[38;2;17;17;15m[48;2;36;31;31m▄[38;2;16;17;18m[48;2;15;13;11m▄[38;2;18;19;21m[48;2;4;3;2m▄[38;2;17;18;19m[48;2;0;0;0m▄[38;2;20;16;18m[48;2;5;4;5m▄[38;2;20;16;17m[48;2;10;9;9m▄[38;2;14;15;15m[48;2;6;5;5m▄[38;2;21;16;17m[48;2;0;0;0m▄[38;2;22;18;20m[48;2;4;4;5m▄[38;2;16;14;15m[48;2;4;3;3m▄[38;2;15;16;17m[48;2;4;3;2m▄[38;2;13;13;16m[48;2;9;8;8m▄[38;2;18;17;19m[48;2;7;5;6m▄[38;2;16;14;14m[48;2;5;4;4m▄[38;2;20;16;16m[48;2;4;4;3m▄[38;2;22;17;18m[48;2;6;5;5m▄[38;2;18;14;15m[48;2;5;4;5m▄[38;2;9;7;8m[48;2;19;15;17m▄[38;2;25;21;22m[48;2;40;32;34m▄[38;2;29;24;25m[48;2;38;30;30m▄[38;2;30;24;24m[48;2;36;28;27m▄[38;2;29;23;22m[48;2;37;29;27m▄[38;2;30;21;22m[48;2;36;27;28m▄[38;2;29;22;22m[48;2;34;26;26m▄[38;2;27;20;20m[48;2;33;24;25m▄[38;2;28;21;21m[48;2;32;23;23m▄[38;2;27;21;21m[48;2;31;23;22m▄[38;2;27;23;18m[48;2;30;21;22m▄[38;2;50;39;23m[48;2;25;17;20m▄[38;2;64;41;22m[48;2;22;16;20m▄[38;2;59;33;18m[48;2;21;17;19m▄[0m
[38;2;30;24;20m[48;2;41;30;26m▄[38;2;33;27;23m[48;2;40;29;25m▄[38;2;30;24;20m[48;2;37;27;25m▄[38;2;39;31;29m[48;2;48;36;34m▄[38;2;36;26;23m[48;2;41;30;28m▄[38;2;8;5;4m[48;2;17;11;10m▄[38;2;2;1;2m[48;2;4;2;3m▄[38;2;1;0;1m[48;2;3;2;2m▄[38;2;0;0;0m[48;2;1;1;1m▄[38;2;1;1;1m[48;2;0;1;1m▄[38;2;1;1;1m[48;2;0;0;0m▄[38;2;4;3;3m[48;2;0;0;1m▄[38;2;6;3;3m[48;2;2;0;1m▄[38;2;1;0;1m[48;2;1;0;1m▄[38;2;1;1;1m[48;2;0;0;0m▄[38;2;1;1;1m[48;2;0;0;0m▄[38;2;1;1;1m[48;2;0;0;0m▄[38;2;0;0;0m[48;2;0;0;0m▄[38;2;0;0;0m[48;2;0;0;0m▄[38;2;0;0;0m[48;2;0;0;0m▄[38;2;0;1;1m[48;2;0;0;0m▄[38;2;4;1;1m[48;2;0;0;0m▄[38;2;10;3;1m[48;2;5;0;0m▄[38;2;17;6;4m[48;2;12;3;0m▄[38;2;17;5;4m[48;2;12;3;0m▄[38;2;19;8;6m[48;2;12;3;0m▄[38;2;27;15;13m[48;2;21;9;7m▄[38;2;40;25;25m[48;2;39;26;26m▄[38;2;48;34;34m[48;2;45;38;36m▄[38;2;40;34;30m[48;2;38;35;31m▄[38;2;36;32;29m[48;2;39;37;35m▄[38;2;40;30;28m[48;2;38;36;36m▄[38;2;64;37;34m[48;2;42;35;35m▄[38;2;84;31;28m[48;2;67;28;28m▄[38;2;87;35;25m[48;2;69;24;23m▄[38;2;121;41;23m[48;2;75;20;21m▄[38;2;138;41;18m[48;2;115;14;21m▄[38;2;126;38;16m[48;2;101;23;27m▄[38;2;148;64;23m[48;2;82;32;28m▄[38;2;179;94;37m[48;2;87;45;36m▄[38;2;174;102;50m[48;2;62;39;32m▄[38;2;155;89;40m[48;2;54;36;29m▄[38;2;149;74;29m[48;2;74;40;29m▄[38;2;153;71;28m[48;2;97;48;34m▄[38;2;162;76;38m[48;2;113;57;40m▄[38;2;72;34;23m[48;2;76;39;30m▄[38;2;31;17;9m[48;2;11;6;7m▄[38;2;157;71;26m[48;2;87;42;29m▄[38;2;131;55;24m[48;2;74;36;25m▄[38;2;95;39;24m[48;2;50;28;23m▄[38;2;74;30;19m[48;2;46;26;21m▄[38;2;56;28;19m[48;2;40;24;20m▄[38;2;45;26;19m[48;2;38;24;21m▄[38;2;45;27;19m[48;2;36;23;20m▄[38;2;53;32;25m[48;2;39;27;23m▄[38;2;53;33;26m[48;2;41;28;25m▄[38;2;47;29;21m[48;2;39;27;20m▄[38;2;45;24;21m[48;2;62;42;22m▄[38;2;79;30;22m[48;2;85;47;23m▄[38;2;113;39;24m[48;2;84;37;21m▄[0m
[38;2;54;37;28m[48;2;30;22;18m▄[38;2;49;35;28m[48;2;32;25;21m▄[38;2;35;26;22m[48;2;28;22;19m▄[38;2;43;32;29m[48;2;38;28;26m▄[38;2;32;23;20m[48;2;36;26;23m▄[38;2;6;2;2m[48;2;11;7;4m▄[38;2;1;1;2m[48;2;2;3;1m▄[38;2;1;2;2m[48;2;1;1;1m▄[38;2;1;1;1m[48;2;1;1;1m▄[38;2;1;1;1m[48;2;1;1;1m▄[38;2;1;1;3m[48;2;0;1;1m▄[38;2;6;4;6m[48;2;6;5;5m▄[38;2;4;2;3m[48;2;7;4;4m▄[38;2;2;1;1m[48;2;2;0;1m▄[38;2;1;1;1m[48;2;1;0;1m▄[38;2;0;0;0m[48;2;1;1;1m▄[38;2;0;0;0m[48;2;0;0;0m▄[38;2;0;0;1m[48;2;0;0;0m▄[38;2;2;0;1m[48;2;1;1;1m▄[38;2;8;2;1m[48;2;3;0;1m▄[38;2;11;4;1m[48;2;5;1;2m▄[38;2;14;6;3m[48;2;6;1;1m▄[38;2;19;7;6m[48;2;11;2;1m▄[38;2;19;7;7m[48;2;14;4;1m▄[38;2;20;9;8m[48;2;15;5;3m▄[38;2;18;10;9m[48;2;19;9;7m▄[38;2;17;10;8m[48;2;27;16;13m▄[38;2;15;5;3m[48;2;32;19;16m▄[38;2;40;27;24m[48;2;42;29;27m▄[38;2;48;37;35m[48;2;34;30;27m▄[38;2;50;40;38m[48;2;32;29;30m▄[38;2;56;40;37m[48;2;38;30;29m▄[38;2;58;39;32m[48;2;60;38;36m▄[38;2;54;39;31m[48;2;67;33;32m▄[38;2;54;36;29m[48;2;63;36;30m▄[38;2;55;34;28m[48;2;89;42;26m▄[38;2;59;35;29m[48;2;102;43;22m▄[38;2;68;37;30m[48;2;100;37;18m▄[38;2;70;37;32m[48;2;122;55;20m▄[38;2;62;36;33m[48;2;148;76;29m▄[38;2;59;31;28m[48;2;144;80;38m▄[38;2;60;30;25m[48;2;130;72;35m▄[38;2;61;30;25m[48;2;118;58;26m▄[38;2;67;35;32m[48;2;119;57;27m▄[38;2;68;37;33m[48;2;120;58;33m▄[38;2;21;15;16m[48;2;30;15;14m▄[38;2;42;22;20m[48;2;46;25;15m▄[38;2;67;30;23m[48;2;131;60;22m▄[38;2;73;32;26m[48;2;109;46;22m▄[38;2;111;46;28m[48;2;88;37;21m▄[38;2;131;58;27m[48;2;94;40;22m▄[38;2;106;51;26m[48;2;55;29;23m▄[38;2;76;39;25m[48;2;33;24;22m▄[38;2;76;39;28m[48;2;35;24;20m▄[38;2;86;51;38m[48;2;53;40;30m▄[38;2;71;43;33m[48;2;48;39;28m▄[38;2;54;30;22m[48;2;35;28;22m▄[38;2;59;29;24m[48;2;41;26;25m▄[38;2;88;34;24m[48;2;104;40;28m▄[38;2;134;43;22m[48;2;166;58;29m▄[0m
[38;2;45;28;18m[48;2;58;41;31m▄[38;2;62;37;23m[48;2;66;41;31m▄[38;2;68;39;25m[48;2;63;38;27m▄[38;2;59;38;28m[48;2;56;40;33m▄[38;2;47;32;25m[48;2;34;26;23m▄[38;2;12;7;5m[48;2;7;5;3m▄[38;2;2;2;2m[48;2;3;3;4m▄[38;2;0;1;1m[48;2;1;1;1m▄[38;2;1;1;1m[48;2;1;1;1m▄[38;2;1;1;1m[48;2;1;1;1m▄[38;2;0;0;0m[48;2;1;1;2m▄[38;2;1;1;1m[48;2;3;3;3m▄[38;2;2;2;2m[48;2;2;1;2m▄[38;2;2;1;2m[48;2;1;0;1m▄[38;2;3;0;1m[48;2;1;0;1m▄[38;2;5;0;1m[48;2;1;0;1m▄[38;2;9;4;4m[48;2;2;1;1m▄[38;2;14;6;4m[48;2;4;2;0m▄[38;2;19;8;6m[48;2;8;4;1m▄[38;2;22;9;9m[48;2;15;6;4m▄[38;2;25;11;10m[48;2;19;7;6m▄[38;2;26;11;11m[48;2;23;10;9m▄[38;2;25;10;10m[48;2;25;11;10m▄[38;2;30;13;8m[48;2;30;15;13m▄[38;2;39;20;12m[48;2;30;16;11m▄[38;2;47;28;19m[48;2;31;20;14m▄[38;2;35;20;15m[48;2;24;15;11m▄[38;2;17;7;5m[48;2;13;4;3m▄[38;2;12;2;0m[48;2;17;7;5m▄[38;2;18;6;5m[48;2;31;25;22m▄[38;2;33;26;24m[48;2;38;34;33m▄[38;2;34;32;28m[48;2;45;35;33m▄[38;2;34;31;27m[48;2;49;32;29m▄[38;2;29;26;24m[48;2;49;33;27m▄[38;2;27;25;23m[48;2;49;32;25m▄[38;2;32;29;26m[48;2;49;30;23m▄[38;2;35;31;28m[48;2;51;31;25m▄[38;2;43;31;27m[48;2;59;34;28m▄[38;2;48;33;31m[48;2;58;36;33m▄[38;2;39;34;32m[48;2;48;35;34m▄[38;2;36;34;31m[48;2;45;33;30m▄[38;2;35;33;29m[48;2;45;30;26m▄[38;2;33;31;27m[48;2;45;30;25m▄[38;2;38;35;31m[48;2;50;33;30m▄[38;2;37;33;31m[48;2;52;35;33m▄[38;2;12;12;14m[48;2;15;14;15m▄[38;2;40;33;27m[48;2;41;28;21m▄[38;2;43;36;25m[48;2;52;30;21m▄[38;2;53;38;29m[48;2;73;37;31m▄[38;2;95;47;35m[48;2;139;75;53m▄[38;2;140;63;42m[48;2;166;96;59m▄[38;2;156;70;45m[48;2;156;83;45m▄[38;2;155;67;44m[48;2;143;68;38m▄[38;2;150;65;41m[48;2;146;72;42m▄[38;2;140;59;39m[48;2;145;74;52m▄[38;2;136;56;37m[48;2;124;58;43m▄[38;2;133;53;34m[48;2;111;46;33m▄[38;2;131;51;32m[48;2;117;47;32m▄[38;2;108;42;30m[48;2;103;38;28m▄[38;2;37;24;24m[48;2;56;24;20m▄[0m
[38;2;43;15;9m[48;2;41;20;11m▄[38;2;47;18;11m[48;2;48;26;16m▄[38;2;44;18;11m[48;2;46;26;17m▄[38;2;46;21;14m[48;2;52;30;21m▄[38;2;43;24;14m[48;2;51;31;19m▄[38;2;15;8;4m[48;2;16;8;5m▄[38;2;0;0;0m[48;2;1;1;1m▄[38;2;0;1;1m[48;2;1;1;1m▄[38;2;1;1;1m[48;2;1;1;1m▄[38;2;0;0;0m[48;2;1;1;1m▄[38;2;0;0;0m[48;2;1;1;1m▄[38;2;0;0;0m[48;2;1;1;1m▄[38;2;2;1;1m[48;2;3;2;3m▄[38;2;10;6;4m[48;2;12;6;6m▄[38;2;19;9;9m[48;2;16;6;5m▄[38;2;22;8;8m[48;2;18;6;6m▄[38;2;22;9;8m[48;2;18;7;5m▄[38;2;21;10;9m[48;2;22;11;9m▄[38;2;28;16;15m[48;2;26;14;12m▄[38;2;31;16;15m[48;2;28;13;13m▄[38;2;30;14;11m[48;2;27;13;12m▄[38;2;28;13;10m[48;2;26;13;12m▄[38;2;29;13;9m[48;2;25;11;11m▄[38;2;30;13;9m[48;2;29;12;8m▄[38;2;34;15;9m[48;2;38;18;10m▄[38;2;39;19;11m[48;2;46;25;16m▄[38;2;44;24;16m[48;2;43;25;17m▄[38;2;43;23;15m[48;2;19;7;3m▄[38;2;46;25;17m[48;2;26;12;7m▄[38;2;60;33;26m[48;2;32;18;16m▄[38;2;58;28;24m[48;2;38;28;26m▄[38;2;57;25;21m[48;2;36;31;30m▄[38;2;67;34;30m[48;2;40;36;33m▄[38;2;115;82;71m[48;2;68;66;58m▄[38;2;128;90;77m[48;2;83;77;69m▄[38;2;99;50;42m[48;2;62;46;39m▄[38;2;80;26;20m[48;2;61;37;30m▄[38;2;76;29;23m[48;2;60;37;29m▄[38;2;67;30;24m[48;2;51;37;32m▄[38;2;68;29;22m[48;2;42;38;35m▄[38;2;72;30;22m[48;2;44;40;35m▄[38;2;73;31;25m[48;2;47;42;36m▄[38;2;102;62;36m[48;2;55;51;48m▄[38;2;132;95;54m[48;2;76;70;69m▄[38;2;62;46;34m[48;2;50;49;47m▄[38;2;26;19;18m[48;2;15;15;16m▄[38;2;103;65;53m[48;2;70;62;51m▄[38;2;89;48;37m[48;2;61;54;41m▄[38;2;88;45;35m[48;2;61;52;41m▄[38;2;78;35;30m[48;2;61;40;35m▄[38;2;90;28;22m[48;2;101;40;32m▄[38;2;120;37;23m[48;2;143;58;39m▄[38;2;123;40;24m[48;2;147;62;42m▄[38;2;112;34;23m[48;2;130;51;36m▄[38;2;105;35;26m[48;2;121;46;34m▄[38;2;100;34;24m[48;2;120;45;32m▄[38;2;82;27;21m[48;2;106;41;29m▄[38;2;66;26;22m[48;2;76;33;26m▄[38;2;55;27;25m[48;2;46;31;29m▄[38;2;53;26;24m[48;2;27;29;26m▄[0m
[38;2;16;15;9m[48;2;28;16;11m▄[38;2;21;16;12m[48;2;32;18;14m▄[38;2;23;17;14m[48;2;32;16;14m▄[38;2;27;20;18m[48;2;34;20;17m▄[38;2;15;12;12m[48;2;28;18;16m▄[38;2;9;8;9m[48;2;13;10;9m▄[38;2;10;10;10m[48;2;6;6;5m▄[38;2;6;6;6m[48;2;1;1;1m▄[38;2;4;4;4m[48;2;0;0;0m▄[38;2;3;3;3m[48;2;0;0;0m▄[38;2;3;3;3m[48;2;0;0;0m▄[38;2;2;3;3m[48;2;1;1;1m▄[38;2;3;3;2m[48;2;2;2;2m▄[38;2;4;2;2m[48;2;9;6;6m▄[38;2;14;6;3m[48;2;18;9;9m▄[38;2;21;9;6m[48;2;17;7;6m▄[38;2;20;7;5m[48;2;14;6;5m▄[38;2;13;4;3m[48;2;17;9;11m▄[38;2;10;4;2m[48;2;24;13;13m▄[38;2;13;7;4m[48;2;28;15;13m▄[38;2;20;10;8m[48;2;30;15;14m▄[38;2;27;11;11m[48;2;31;15;12m▄[38;2;33;15;12m[48;2;33;15;12m▄[38;2;34;17;9m[48;2;33;15;10m▄[38;2;33;15;7m[48;2;32;15;7m▄[38;2;40;20;13m[48;2;38;18;11m▄[38;2;39;19;12m[48;2;38;19;12m▄[38;2;45;25;19m[48;2;35;15;10m▄[38;2;48;33;28m[48;2;43;23;17m▄[38;2;56;37;30m[48;2;66;33;25m▄[38;2;69;40;31m[48;2;77;35;26m▄[38;2;86;44;31m[48;2;83;36;25m▄[38;2;86;43;30m[48;2;78;31;23m▄[38;2;72;36;25m[48;2;73;31;23m▄[38;2;59;31;24m[48;2;72;30;24m▄[38;2;55;32;27m[48;2;70;28;24m▄[38;2;49;32;29m[48;2;68;28;26m▄[38;2;41;34;32m[48;2;62;28;29m▄[38;2;46;35;33m[48;2;59;24;22m▄[38;2;59;38;31m[48;2;67;23;14m▄[38;2;59;32;31m[48;2;72;18;17m▄[38;2;101;70;23m[48;2;135;80;9m▄[38;2;214;199;51m[48;2;250;237;54m▄[38;2;231;225;89m[48;2;255;249;76m▄[38;2;49;48;20m[48;2;87;80;17m▄[38;2;74;53;56m[48;2;49;36;44m▄[38;2;124;92;85m[48;2;130;90;83m▄[38;2;95;71;61m[48;2;112;64;57m▄[38;2;78;56;49m[48;2;102;49;42m▄[38;2;83;51;44m[48;2;93;40;32m▄[38;2;100;55;47m[48;2;94;36;28m▄[38;2;73;39;31m[48;2;91;28;19m▄[38;2;58;26;20m[48;2;88;21;14m▄[38;2;72;24;18m[48;2;89;20;13m▄[38;2;79;24;17m[48;2;83;20;15m▄[38;2;71;22;16m[48;2;73;19;13m▄[38;2;71;26;22m[48;2;69;21;15m▄[38;2;68;28;25m[48;2;71;25;21m▄[38;2;62;27;22m[48;2;70;23;19m▄[38;2;61;23;19m[48;2;73;18;14m▄[0m
[38;2;18;9;7m[48;2;16;11;7m▄[38;2;24;15;12m[48;2;22;15;11m▄[38;2;24;17;14m[48;2;25;18;14m▄[38;2;4;4;1m[48;2;13;9;8m▄[38;2;3;3;2m[48;2;0;0;0m▄[38;2;11;11;10m[48;2;6;7;7m▄[38;2;9;9;9m[48;2;10;10;10m▄[38;2;7;7;7m[48;2;7;7;7m▄[38;2;5;5;5m[48;2;6;6;6m▄[38;2;6;6;6m[48;2;5;5;5m▄[38;2;5;5;5m[48;2;5;5;5m▄[38;2;5;5;5m[48;2;6;6;6m▄[38;2;5;5;5m[48;2;6;6;6m▄[38;2;6;5;5m[48;2;3;3;4m▄[38;2;5;3;5m[48;2;4;3;3m▄[38;2;2;3;5m[48;2;11;5;5m▄[38;2;4;4;4m[48;2;21;9;8m▄[38;2;9;6;7m[48;2;26;11;10m▄[38;2;14;7;7m[48;2;17;7;5m▄[38;2;14;7;6m[48;2;8;4;4m▄[38;2;22;13;12m[48;2;7;3;3m▄[38;2;10;7;6m[48;2;9;4;3m▄[38;2;9;10;12m[48;2;11;3;2m▄[38;2;49;48;49m[48;2;11;1;0m▄[38;2;44;41;41m[48;2;17;4;1m▄[38;2;54;48;46m[48;2;30;11;6m▄[38;2;69;57;54m[48;2;36;15;7m▄[38;2;83;67;64m[48;2;53;32;24m▄[38;2;78;55;49m[48;2;58;39;34m▄[38;2;99;72;60m[48;2;63;38;27m▄[38;2;112;75;62m[48;2;81;41;26m▄[38;2;125;78;60m[48;2;99;46;24m▄[38;2;121;72;53m[48;2;104;46;24m▄[38;2;107;71;59m[48;2;87;38;21m▄[38;2;83;53;42m[48;2;66;31;21m▄[38;2;76;52;45m[48;2;52;24;16m▄[38;2;69;52;45m[48;2;44;21;13m▄[38;2;60;41;33m[48;2;42;22;14m▄[38;2;62;27;19m[48;2;60;31;24m▄[38;2;71;29;21m[48;2;72;34;27m▄[38;2;56;26;17m[48;2;57;29;20m▄[38;2;45;25;18m[48;2;42;22;20m▄[38;2;53;31;32m[48;2;54;25;25m▄[38;2;43;26;32m[48;2;64;35;28m▄[38;2;12;8;11m[48;2;9;5;8m▄[38;2;105;42;27m[48;2;82;36;25m▄[38;2;118;42;25m[48;2;107;40;28m▄[38;2;88;37;29m[48;2;80;34;26m▄[38;2;64;34;31m[48;2;61;33;30m▄[38;2;49;28;23m[48;2;59;32;29m▄[38;2;45;19;12m[48;2;63;29;22m▄[38;2;49;19;12m[48;2;56;24;16m▄[38;2;52;23;15m[48;2;55;23;15m▄[38;2;48;19;12m[48;2;60;16;10m▄[38;2;50;21;16m[48;2;67;19;12m▄[38;2;47;19;14m[48;2;64;16;10m▄[38;2;45;17;12m[48;2;65;16;10m▄[38;2;43;16;10m[48;2;64;15;9m▄[38;2;45;16;10m[48;2;64;14;8m▄[38;2;52;17;12m[48;2;70;14;9m▄[0m
[38;2;12;8;8m[48;2;9;7;5m▄[38;2;7;6;5m[48;2;14;11;8m▄[38;2;11;9;10m[48;2;15;11;10m▄[38;2;4;3;3m[48;2;4;4;4m▄[38;2;5;5;5m[48;2;3;3;3m▄[38;2;5;5;6m[48;2;7;8;8m▄[38;2;4;5;5m[48;2;9;9;9m▄[38;2;6;6;6m[48;2;6;6;6m▄[38;2;6;6;6m[48;2;4;4;4m▄[38;2;5;4;4m[48;2;5;5;5m▄[38;2;6;4;3m[48;2;5;5;5m▄[38;2;6;4;4m[48;2;6;5;6m▄[38;2;9;7;8m[48;2;7;5;6m▄[38;2;8;7;4m[48;2;7;5;6m▄[38;2;8;7;3m[48;2;7;6;4m▄[38;2;9;8;3m[48;2;5;4;2m▄[38;2;8;7;4m[48;2;4;3;3m▄[38;2;6;6;5m[48;2;5;5;6m▄[38;2;8;7;6m[48;2;3;5;5m▄[38;2;8;7;7m[48;2;2;3;3m▄[38;2;7;5;6m[48;2;3;3;5m▄[38;2;6;5;6m[48;2;0;0;2m▄[38;2;3;2;2m[48;2;5;5;6m▄[38;2;0;0;0m[48;2;30;30;31m▄[38;2;0;0;0m[48;2;34;34;33m▄[38;2;1;0;0m[48;2;33;32;31m▄[38;2;3;2;1m[48;2;41;39;36m▄[38;2;11;10;8m[48;2;66;57;53m▄[38;2;35;29;23m[48;2;78;51;42m▄[38;2;69;40;25m[48;2;102;64;52m▄[38;2;102;48;23m[48;2;107;65;49m▄[38;2;109;46;18m[48;2;119;70;51m▄[38;2;106;43;15m[48;2;114;63;42m▄[38;2;92;35;13m[48;2;101;56;43m▄[38;2;72;27;14m[48;2;83;44;34m▄[38;2;54;20;11m[48;2;76;49;42m▄[38;2;47;22;14m[48;2;64;45;39m▄[38;2;45;24;16m[48;2;55;40;33m▄[38;2;46;26;18m[48;2;43;24;17m▄[38;2;44;25;18m[48;2;44;24;17m▄[38;2;35;20;15m[48;2;41;22;15m▄[38;2;38;19;17m[48;2;43;23;16m▄[38;2;52;26;22m[48;2;58;30;26m▄[38;2;21;13;13m[48;2;37;22;22m▄[38;2;39;19;14m[48;2;22;13;13m▄[38;2;137;51;28m[48;2;129;50;29m▄[38;2;126;43;20m[48;2;130;46;24m▄[38;2;87;32;18m[48;2;93;36;25m▄[38;2;60;29;24m[48;2;63;31;27m▄[38;2;54;31;25m[48;2;50;29;22m▄[38;2;61;33;28m[48;2;51;27;21m▄[38;2;62;33;28m[48;2;52;27;22m▄[38;2;59;33;27m[48;2;52;28;22m▄[38;2;55;33;26m[48;2;51;27;20m▄[38;2;55;33;26m[48;2;50;26;21m▄[38;2;54;32;25m[48;2;47;25;19m▄[38;2;54;31;24m[48;2;46;25;19m▄[38;2;53;31;24m[48;2;45;26;19m▄[38;2;51;29;22m[48;2;45;24;18m▄[38;2;55;32;24m[48;2;49;26;19m▄[0m
