[38;2;78;87;78m[48;2;77;84;77m▄[38;2;96;103;96m[48;2;84;92;84m▄[38;2;92;98;93m[48;2;83;88;81m▄[38;2;90;97;90m[48;2;81;88;81m▄[38;2;93;99;92m[48;2;83;88;81m▄[38;2;93;98;91m[48;2;84;88;83m▄[38;2;94;100;91m[48;2;86;88;83m▄[38;2;93;96;87m[48;2;84;86;79m▄[38;2;97;99;90m[48;2;86;88;83m▄[38;2;97;98;88m[48;2;88;90;79m▄[38;2;99;100;90m[48;2;86;90;75m▄[38;2;101;102;91m[48;2;90;92;77m▄[38;2;97;97;86m[48;2;88;88;75m▄[38;2;95;96;82m[48;2;86;88;73m▄[38;2;94;95;79m[48;2;86;86;73m▄[38;2;93;94;79m[48;2;84;84;71m▄[38;2;92;93;78m[48;2;83;84;71m▄[38;2;97;98;83m[48;2;88;90;77m▄[38;2;94;95;80m[48;2;83;83;71m▄[38;2;91;92;77m[48;2;84;84;71m▄[38;2;95;96;81m[48;2;88;86;73m▄[38;2;93;93;79m[48;2;86;84;69m▄[38;2;92;93;77m[48;2;81;81;65m▄[38;2;101;101;82m[48;2;88;90;75m▄[38;2;101;100;81m[48;2;90;90;73m▄[38;2;101;100;79m[48;2;90;90;71m▄[38;2;104;102;80m[48;2;98;96;77m▄[38;2;105;102;81m[48;2;92;88;69m▄[38;2;98;95;76m[48;2;90;90;69m▄[38;2;106;103;83m[48;2;96;94;75m▄[38;2;108;105;84m[48;2;98;94;75m▄[38;2;109;105;83m[48;2;98;94;73m▄[38;2;104;99;78m[48;2;94;90;71m▄[38;2;108;101;78m[48;2;98;94;69m▄[38;2;106;99;73m[48;2;94;88;59m▄[38;2;104;98;69m[48;2;98;92;65m▄[38;2;105;99;70m[48;2;94;88;63m▄[38;2;101;96;67m[48;2;94;88;61m▄[38;2;106;100;72m[48;2;100;94;67m▄[38;2;108;102;74m[48;2;100;94;67m▄[38;2;107;101;74m[48;2;100;92;69m▄[38;2;107;101;76m[48;2;102;94;71m▄[38;2;115;109;81m[48;2;112;106;81m▄[38;2;120;114;82m[48;2;110;104;77m▄[38;2;118;112;78m[48;2;112;106;77m▄[38;2;123;117;85m[48;2;112;106;77m▄[38;2;121;113;84m[48;2;110;102;75m▄[38;2;100;93;74m[48;2;77;71;54m▄[38;2;90;75;50m[48;2;81;65;40m▄[38;2;188;171;138m[48;2;173;158;123m▄[38;2;153;189;245m[48;2;117;125;127m▄[38;2;133;155;184m[48;2;90;81;40m▄[38;2;112;119;110m[48;2;96;90;42m▄[38;2;106;101;66m[48;2;113;110;73m▄[38;2;115;105;64m[48;2;123;115;81m▄[38;2;127;116;77m[48;2;127;113;83m▄[38;2;132;121;86m[48;2;117;108;75m▄[38;2;125;116;82m[48;2;108;102;71m▄[38;2;122;116;81m[48;2;112;108;75m▄[38;2;139;134;96m[48;2;125;119;84m▄[0m
[38;2;88;92;92m[48;2;84;90;86m▄[38;2;95;100;98m[48;2;93;99;95m▄[38;2;87;92;90m[48;2;86;92;88m▄[38;2;92;96;97m[48;2;87;92;88m▄[38;2;92;96;93m[48;2;90;95;91m▄[38;2;91;97;89m[48;2;88;93;87m▄[38;2;89;94;86m[48;2;88;93;85m▄[38;2;92;95;88m[48;2;88;92;85m▄[38;2;96;99;92m[48;2;93;95;88m▄[38;2;93;94;87m[48;2;92;92;85m▄[38;2;96;96;90m[48;2;93;94;87m▄[38;2;98;99;94m[48;2;96;96;90m▄[38;2;95;95;90m[48;2;93;92;85m▄[38;2;93;94;86m[48;2;90;90;82m▄[38;2;92;93;86m[48;2;89;89;79m▄[38;2;92;93;82m[48;2;90;91;77m▄[38;2;88;89;75m[48;2;88;89;74m▄[38;2;89;90;76m[48;2;89;90;76m▄[38;2;92;92;79m[48;2;90;91;77m▄[38;2;85;86;75m[48;2;85;86;73m▄[38;2;94;92;84m[48;2;93;92;80m▄[38;2;97;94;83m[48;2;89;89;77m▄[38;2;57;52;27m[48;2;86;85;69m▄[38;2;32;26;1m[48;2;87;84;63m▄[38;2;76;70;38m[48;2;102;100;81m▄[38;2;96;94;78m[48;2;98;96;79m▄[38;2;94;93;77m[48;2;94;93;75m▄[38;2;79;79;50m[48;2;100;97;81m▄[38;2;71;71;33m[48;2;96;94;75m▄[38;2;63;64;19m[48;2;90;88;68m▄[38;2;65;63;17m[48;2;96;93;71m▄[38;2;67;64;16m[48;2;98;92;69m▄[38;2;78;73;18m[48;2;102;96;74m▄[38;2;92;85;30m[48;2;99;92;77m▄[38;2;100;94;57m[48;2;103;95;81m▄[38;2;100;94;79m[48;2;95;91;69m▄[38;2;93;88;67m[48;2;96;91;65m▄[38;2;95;91;66m[48;2;97;92;65m▄[38;2;96;92;66m[48;2;94;90;62m▄[38;2;91;88;60m[48;2;95;92;66m▄[38;2;94;89;64m[48;2;97;93;67m▄[38;2;90;83;63m[48;2;94;88;67m▄[38;2;98;93;71m[48;2;101;95;71m▄[38;2;104;98;73m[48;2;107;102;74m▄[38;2;108;102;76m[48;2;109;104;74m▄[38;2;107;101;75m[48;2;109;104;73m▄[38;2;108;102;75m[48;2;114;108;80m▄[38;2;106;99;76m[48;2;104;98;77m▄[38;2;98;86;58m[48;2;97;88;63m▄[38;2;174;163;147m[48;2;170;153;123m▄[38;2;157;189;247m[48;2;148;186;244m▄[38;2;159;184;232m[48;2;146;184;248m▄[38;2;163;186;231m[48;2;146;182;245m▄[38;2;164;188;239m[48;2;136;163;208m▄[38;2;167;193;245m[48;2;118;131;146m▄[38;2;158;184;233m[48;2;107;107;90m▄[38;2;138;157;186m[48;2;108;97;63m▄[38;2;123;128;127m[48;2;118;105;67m▄[38;2;121;110;82m[48;2;123;111;79m▄[38;2;126;111;71m[48;2;125;120;86m▄[0m
[38;2;177;173;158m[48;2;75;83;83m▄[38;2;172;168;151m[48;2;85;91;90m▄[38;2;96;102;96m[48;2;87;91;91m▄[38;2;84;90;89m[48;2;92;98;99m▄[38;2;86;91;89m[48;2;90;96;91m▄[38;2;93;98;93m[48;2;93;98;90m▄[38;2;91;96;90m[48;2;90;95;88m▄[38;2;96;98;92m[48;2;95;98;91m▄[38;2;100;101;95m[48;2;100;101;95m▄[38;2;96;97;91m[48;2;94;96;89m▄[38;2;102;103;97m[48;2;100;101;95m▄[38;2;99;100;94m[48;2;100;101;95m▄[38;2;95;97;90m[48;2;95;96;90m▄[38;2;94;97;90m[48;2;92;93;87m▄[38;2;95;96;90m[48;2;93;94;88m▄[38;2;96;97;91m[48;2;95;96;89m▄[38;2;89;89;81m[48;2;90;90;78m▄[38;2;92;92;84m[48;2;91;91;79m▄[38;2;92;92;84m[48;2;93;93;84m▄[38;2;87;83;72m[48;2;86;86;75m▄[38;2;88;83;72m[48;2;92;88;80m▄[38;2;89;86;79m[48;2;94;90;83m▄[38;2;89;88;81m[48;2;81;79;63m▄[38;2;89;90;73m[48;2;74;70;52m▄[38;2;81;86;51m[48;2;71;69;46m▄[38;2;64;66;24m[48;2;51;52;23m▄[38;2;62;58;16m[48;2;53;52;16m▄[38;2;65;60;22m[48;2;61;62;14m▄[38;2;52;51;17m[48;2;67;68;16m▄[38;2;46;44;14m[48;2;69;70;15m▄[38;2;51;45;13m[48;2;70;67;14m▄[38;2;59;50;11m[48;2;74;69;16m▄[38;2;66;57;10m[48;2;76;70;14m▄[38;2;73;64;11m[48;2;82;72;6m▄[38;2;78;69;13m[48;2;99;90;5m▄[38;2;98;91;7m[48;2;110;103;42m▄[38;2;113;106;52m[48;2;99;93;75m▄[38;2;97;92;68m[48;2;92;88;64m▄[38;2;93;87;59m[48;2;97;94;69m▄[38;2;99;93;66m[48;2;94;90;62m▄[38;2;92;85;62m[48;2;92;86;63m▄[38;2;85;79;60m[48;2;87;80;62m▄[38;2;96;90;67m[48;2;98;93;72m▄[38;2;100;94;69m[48;2;102;96;71m▄[38;2;104;98;72m[48;2;105;98;72m▄[38;2;105;97;71m[48;2;107;100;73m▄[38;2;101;94;71m[48;2;102;96;70m▄[38;2;81;75;58m[48;2;94;88;66m▄[38;2;116;101;70m[48;2;102;88;57m▄[38;2;184;200;222m[48;2;176;180;184m▄[38;2;168;202;247m[48;2;164;198;252m▄[38;2;164;194;221m[48;2;165;195;241m▄[38;2;168;198;227m[48;2;165;195;239m▄[38;2;173;207;242m[48;2;164;193;235m▄[38;2;172;205;242m[48;2;163;193;236m▄[38;2;157;183;204m[48;2;166;198;248m▄[38;2;158;186;215m[48;2;168;202;255m▄[38;2;177;209;250m[48;2;163;199;252m▄[38;2;181;217;255m[48;2;154;182;219m▄[38;2;194;233;255m[48;2;154;162;167m▄[0m
[38;2;240;214;205m[48;2;254;240;208m▄[38;2;242;222;212m[48;2;255;255;226m▄[38;2;212;189;165m[48;2;226;207;186m▄[38;2;221;200;170m[48;2;190;183;165m▄[38;2;195;179;156m[48;2;112;115;110m▄[38;2;107;109;98m[48;2;85;91;89m▄[38;2;81;87;86m[48;2;88;93;88m▄[38;2;97;98;92m[48;2;94;96;90m▄[38;2;92;94;90m[48;2;96;97;91m▄[38;2;86;88;86m[48;2;92;94;89m▄[38;2;91;92;87m[48;2;99;99;94m▄[38;2;90;91;85m[48;2;98;98;92m▄[38;2;94;96;93m[48;2;97;98;93m▄[38;2;91;94;92m[48;2;96;98;93m▄[38;2;92;95;89m[48;2;93;96;90m▄[38;2;91;94;88m[48;2;91;93;87m▄[38;2;86;89;82m[48;2;84;86;78m▄[38;2;82;82;76m[48;2;89;89;81m▄[38;2;73;73;66m[48;2;90;90;82m▄[38;2;69;69;56m[48;2;83;79;70m▄[38;2;73;75;49m[48;2;82;78;67m▄[38;2;70;77;42m[48;2;84;83;75m▄[38;2;81;92;47m[48;2;84;88;71m▄[38;2;75;83;35m[48;2;78;86;48m▄[38;2;67;69;27m[48;2;72;76;33m▄[38;2;61;62;21m[48;2;72;70;28m▄[38;2;60;59;18m[48;2;73;66;25m▄[38;2;59;56;17m[48;2;70;60;21m▄[38;2;60;56;14m[48;2;57;52;15m▄[38;2;57;52;11m[48;2;48;43;16m▄[38;2;47;41;8m[48;2;42;34;19m▄[38;2;53;45;15m[48;2;40;30;14m▄[38;2;63;53;18m[48;2;37;29;6m▄[38;2;83;71;14m[48;2;57;49;11m▄[38;2;79;68;15m[48;2;45;37;10m▄[38;2;65;53;14m[48;2;39;31;8m▄[38;2;80;70;28m[48;2;70;60;8m▄[38;2;95;87;66m[48;2;65;56;18m▄[38;2;102;96;76m[48;2;83;75;44m▄[38;2;99;95;75m[48;2;104;99;77m▄[38;2;89;85;65m[48;2;92;87;67m▄[38;2;75;72;53m[48;2;76;75;54m▄[38;2;90;86;62m[48;2;94;89;65m▄[38;2;98;93;66m[48;2;101;94;67m▄[38;2;99;94;67m[48;2;102;95;69m▄[38;2;97;92;65m[48;2;103;96;69m▄[38;2;95;88;66m[48;2;98;92;68m▄[38;2;92;84;66m[48;2;84;77;62m▄[38;2;135;118;78m[48;2;135;120;83m▄[38;2;79;77;19m[48;2;126;129;83m▄[38;2;83;80;17m[48;2;118;124;95m▄[38;2;89;87;31m[48;2;122;127;99m▄[38;2;84;85;53m[48;2;123;131;123m▄[38;2;122;129;116m[48;2;146;163;173m▄[38;2;82;81;33m[48;2;124;134;107m▄[38;2;68;66;16m[48;2;102;102;44m▄[38;2;90;88;23m[48;2;99;102;53m▄[38;2;101;99;31m[48;2;125;136;118m▄[38;2;106;106;65m[48;2;144;160;150m▄[38;2;102;101;36m[48;2;144;158;135m▄[0m
[38;2;157;186;203m[48;2;208;232;254m▄[38;2;155;183;202m[48;2;189;216;240m▄[38;2;156;184;206m[48;2;146;170;184m▄[38;2;123;147;163m[48;2;125;141;143m▄[38;2;63;71;70m[48;2;109;111;101m▄[38;2;60;63;56m[48;2;96;98;90m▄[38;2;68;73;69m[48;2;91;99;104m▄[38;2;76;82;89m[48;2;95;95;92m▄[38;2;74;77;78m[48;2;91;91;85m▄[38;2;78;83;84m[48;2;84;87;86m▄[38;2;80;82;83m[48;2;88;90;88m▄[38;2;73;72;70m[48;2;85;85;80m▄[38;2;59;57;54m[48;2;42;40;38m▄[38;2;60;55;51m[48;2;37;34;31m▄[38;2;30;22;19m[48;2;56;53;48m▄[38;2;13;3;1m[48;2;59;56;51m▄[38;2;19;8;6m[48;2;49;44;40m▄[38;2;19;10;9m[48;2;30;25;24m▄[38;2;24;16;11m[48;2;48;47;25m▄[38;2;45;41;15m[48;2;67;69;24m▄[38;2;58;57;18m[48;2;59;63;22m▄[38;2;48;53;16m[48;2;58;64;25m▄[38;2;57;62;21m[48;2;72;80;35m▄[38;2;55;59;15m[48;2;60;67;22m▄[38;2;50;52;9m[48;2;56;58;17m▄[38;2;48;50;9m[48;2;50;50;10m▄[38;2;56;53;14m[48;2;46;45;8m▄[38;2;41;35;11m[48;2;44;42;8m▄[38;2;24;16;12m[48;2;49;45;12m▄[38;2;30;24;16m[48;2;58;53;17m▄[38;2;39;36;18m[48;2;55;50;16m▄[38;2;61;55;19m[48;2;43;39;9m▄[38;2;72;62;17m[48;2;46;38;8m▄[38;2;79;70;17m[48;2;56;43;7m▄[38;2;101;91;17m[48;2;80;68;11m▄[38;2;75;66;28m[48;2;93;84;3m▄[38;2;110;102;84m[48;2;119;112;44m▄[38;2;100;93;78m[48;2;103;96;84m▄[38;2;96;91;72m[48;2;102;95;76m▄[38;2;89;85;66m[48;2;94;91;70m▄[38;2;78;75;55m[48;2;81;78;58m▄[38;2;79;76;56m[48;2;78;75;55m▄[38;2;85;81;58m[48;2;87;84;60m▄[38;2;89;85;59m[48;2;95;91;64m▄[38;2;92;88;64m[48;2;98;93;66m▄[38;2;92;86;65m[48;2;93;88;63m▄[38;2;77;71;54m[48;2;87;81;61m▄[38;2;122;105;76m[48;2;109;95;71m▄[38;2;135;116;75m[48;2;116;99;64m▄[38;2;67;64;40m[48;2;37;36;6m▄[38;2;68;60;35m[48;2;57;54;15m▄[38;2;66;58;31m[48;2;64;61;20m▄[38;2;69;63;33m[48;2;66;63;22m▄[38;2;82;79;41m[48;2;74;71;24m▄[38;2;103;104;68m[48;2;80;77;31m▄[38;2;120;116;78m[48;2;79;79;33m▄[38;2;128;117;72m[48;2;104;104;35m▄[38;2;105;106;80m[48;2;113;114;49m▄[38;2;78;78;57m[48;2;87;88;45m▄[38;2;108;107;49m[48;2;95;95;53m▄[0m
[38;2;53;49;42m[48;2;49;51;44m▄[38;2;56;53;47m[48;2;52;53;46m▄[38;2;48;46;41m[48;2;50;52;48m▄[38;2;51;50;43m[48;2;48;49;44m▄[38;2;54;52;47m[48;2;46;48;42m▄[38;2;52;48;42m[48;2;42;43;36m▄[38;2;56;53;46m[48;2;45;43;33m▄[38;2;77;79;82m[48;2;69;71;72m▄[38;2;74;78;81m[48;2;72;79;86m▄[38;2;66;69;65m[48;2;73;78;79m▄[38;2;65;65;60m[48;2;69;69;67m▄[38;2;63;62;57m[48;2;69;67;62m▄[38;2;60;59;54m[48;2;69;68;64m▄[38;2;57;55;49m[48;2;65;64;59m▄[38;2;58;55;48m[48;2;60;56;51m▄[38;2;33;29;24m[48;2;22;15;12m▄[38;2;14;5;3m[48;2;18;9;6m▄[38;2;18;8;6m[48;2;20;11;9m▄[38;2;18;7;5m[48;2;18;9;8m▄[38;2;16;7;5m[48;2;15;6;7m▄[38;2;10;5;3m[48;2;27;20;12m▄[38;2;12;7;6m[48;2;38;35;14m▄[38;2;24;21;14m[48;2;43;42;14m▄[38;2;34;32;20m[48;2;48;49;11m▄[38;2;43;41;18m[48;2;52;53;9m▄[38;2;46;46;10m[48;2;45;47;6m▄[38;2;41;44;3m[48;2;44;46;7m▄[38;2;38;40;2m[48;2;48;48;10m▄[38;2;40;41;4m[48;2;52;44;18m▄[38;2;49;45;7m[48;2;58;41;26m▄[38;2;69;59;15m[48;2;53;35;24m▄[38;2;88;74;20m[48;2;54;34;26m▄[38;2;102;88;19m[48;2;50;33;24m▄[38;2;98;87;21m[48;2;82;68;15m▄[38;2;55;44;25m[48;2;78;69;16m▄[38;2;24;12;6m[48;2;31;22;19m▄[38;2;23;13;4m[48;2;50;38;33m▄[38;2;59;48;33m[48;2;92;84;68m▄[38;2;95;88;67m[48;2;93;89;69m▄[38;2;80;76;57m[48;2;86;82;64m▄[38;2;79;74;55m[48;2;80;75;57m▄[38;2;81;76;56m[48;2;80;75;56m▄[38;2;87;82;62m[48;2;85;80;59m▄[38;2;84;79;58m[48;2;85;79;56m▄[38;2;87;81;59m[48;2;88;82;58m▄[38;2;87;79;60m[48;2;90;81;62m▄[38;2;71;66;50m[48;2;71;65;49m▄[38;2;126;108;74m[48;2;121;104;73m▄[38;2;196;193;161m[48;2;154;139;108m▄[38;2;121;131;118m[48;2;85;77;66m▄[38;2;73;60;46m[48;2;74;56;42m▄[38;2;100;70;50m[48;2;84;70;46m▄[38;2;83;66;43m[48;2;79;68;41m▄[38;2;68;55;41m[48;2;86;70;43m▄[38;2;62;54;37m[48;2;108;90;50m▄[38;2;78;72;46m[48;2;113;96;52m▄[38;2;93;84;53m[48;2;93;86;49m▄[38;2;104;100;65m[48;2;75;71;43m▄[38;2;99;103;68m[48;2;74;70;42m▄[38;2;102;111;67m[48;2;69;63;29m▄[0m
[38;2;70;77;22m[48;2;59;59;48m▄[38;2;70;72;23m[48;2;58;57;50m▄[38;2;57;54;18m[48;2;61;57;49m▄[38;2;54;53;14m[48;2;68;62;52m▄[38;2;67;70;19m[48;2;69;65;50m▄[38;2;81;86;72m[48;2;55;53;42m▄[38;2;68;70;73m[48;2;74;79;83m▄[38;2;65;65;60m[48;2;72;75;77m▄[38;2;63;62;57m[48;2;65;64;61m▄[38;2;59;58;54m[48;2;64;63;57m▄[38;2;57;55;48m[48;2;60;58;53m▄[38;2;56;53;40m[48;2;57;55;47m▄[38;2;54;51;40m[48;2;56;53;44m▄[38;2;53;48;41m[48;2;54;50;41m▄[38;2;44;39;32m[48;2;53;50;42m▄[38;2;29;24;20m[48;2;38;35;30m▄[38;2;15;7;5m[48;2;14;7;4m▄[38;2;18;8;6m[48;2;17;8;6m▄[38;2;20;10;8m[48;2;16;7;5m▄[38;2;20;10;9m[48;2;17;7;6m▄[38;2;18;8;8m[48;2;17;9;7m▄[38;2;16;6;6m[48;2;14;8;6m▄[38;2;15;6;5m[48;2;14;7;5m▄[38;2;16;7;6m[48;2;20;13;12m▄[38;2;12;6;4m[48;2;29;23;21m▄[38;2;17;9;8m[48;2;40;35;28m▄[38;2;27;18;18m[48;2;50;45;30m▄[38;2;31;24;21m[48;2;58;52;29m▄[38;2;47;40;32m[48;2;62;56;24m▄[38;2;71;64;49m[48;2;64;59;17m▄[38;2;71;63;49m[48;2;81;77;20m▄[38;2;70;59;47m[48;2;90;84;22m▄[38;2;56;46;35m[48;2;92;81;37m▄[38;2;29;20;14m[48;2;81;67;46m▄[38;2;20;11;6m[48;2;32;22;13m▄[38;2;24;15;9m[48;2;26;16;8m▄[38;2;20;10;6m[48;2;29;19;11m▄[38;2;40;31;26m[48;2;34;22;14m▄[38;2;75;68;52m[48;2;91;79;59m▄[38;2;88;77;56m[48;2;89;78;59m▄[38;2;97;84;60m[48;2;79;72;54m▄[38;2;92;87;65m[48;2;85;81;60m▄[38;2;90;85;65m[48;2;88;85;64m▄[38;2;83;80;59m[48;2;82;80;59m▄[38;2;80;78;57m[48;2;83;80;60m▄[38;2;80;77;57m[48;2;86;81;61m▄[38;2;72;68;51m[48;2;71;67;50m▄[38;2;143;122;87m[48;2;142;123;86m▄[38;2;75;80;64m[48;2;144;148;98m▄[38;2;75;55;42m[48;2;101;92;61m▄[38;2;98;68;51m[48;2;66;45;35m▄[38;2;80;79;67m[48;2;63;59;49m▄[38;2;61;75;68m[48;2;75;80;67m▄[38;2;64;75;68m[48;2;69;75;64m▄[38;2;57;69;64m[48;2;70;77;65m▄[38;2;59;73;65m[48;2;71;82;69m▄[38;2;74;83;67m[48;2;85;80;73m▄[38;2;85;96;70m[48;2;90;92;73m▄[38;2;91;103;72m[48;2;80;94;70m▄[38;2;103;117;77m[48;2;100;117;82m▄[0m
[38;2;38;44;38m[48;2;25;29;0m▄[38;2;38;45;41m[48;2;27;28;0m▄[38;2;34;40;37m[48;2;23;21;0m▄[38;2;45;52;51m[48;2;28;27;0m▄[38;2;58;66;72m[48;2;60;62;54m▄[38;2;54;60;63m[48;2;67;68;70m▄[38;2;53;59;64m[48;2;62;60;55m▄[38;2;53;60;64m[48;2;62;59;53m▄[38;2;53;59;63m[48;2;60;59;52m▄[38;2;49;56;59m[48;2;57;56;48m▄[38;2;51;58;59m[48;2;60;56;42m▄[38;2;48;55;55m[48;2;60;56;42m▄[38;2;44;50;50m[48;2;52;47;35m▄[38;2;44;50;50m[48;2;47;42;32m▄[38;2;35;40;41m[48;2;29;23;16m▄[38;2;31;34;37m[48;2;10;3;0m▄[38;2;31;35;39m[48;2;9;0;0m▄[38;2;32;35;39m[48;2;13;1;0m▄[38;2;34;38;41m[48;2;14;3;0m▄[38;2;35;39;42m[48;2;16;6;2m▄[38;2;36;39;40m[48;2;13;4;0m▄[38;2;39;41;42m[48;2;12;3;0m▄[38;2;39;40;40m[48;2;10;2;0m▄[38;2;42;43;40m[48;2;11;2;0m▄[38;2;44;45;40m[48;2;12;2;1m▄[38;2;43;44;40m[48;2;12;2;2m▄[38;2;47;48;43m[48;2;14;7;5m▄[38;2;48;48;43m[48;2;9;3;1m▄[38;2;62;62;54m[48;2;18;11;8m▄[38;2;74;73;63m[48;2;32;28;23m▄[38;2;75;73;62m[48;2;32;28;22m▄[38;2;68;67;59m[48;2;36;31;26m▄[38;2;71;68;60m[48;2;26;19;15m▄[38;2;55;52;47m[48;2;11;2;1m▄[38;2;54;51;44m[48;2;16;5;4m▄[38;2;55;52;44m[48;2;16;6;3m▄[38;2;54;52;42m[48;2;14;4;0m▄[38;2;65;62;52m[48;2;41;32;26m▄[38;2;75;72;61m[48;2;64;58;46m▄[38;2;79;76;63m[48;2;75;68;51m▄[38;2;85;81;65m[48;2;96;85;62m▄[38;2;90;87;69m[48;2;88;84;63m▄[38;2;91;90;71m[48;2;86;83;62m▄[38;2;85;82;63m[48;2;79;77;56m▄[38;2;88;85;66m[48;2;74;73;52m▄[38;2;86;81;63m[48;2;68;65;44m▄[38;2;94;85;53m[48;2;78;68;34m▄[38;2;103;95;60m[48;2;138;119;73m▄[38;2;103;102;66m[48;2;84;95;62m▄[38;2;93;92;67m[48;2;59;52;34m▄[38;2;86;81;61m[48;2;81;54;37m▄[38;2;84;80;58m[48;2;97;74;54m▄[38;2;77;75;54m[48;2;57;65;48m▄[38;2;84;85;58m[48;2;65;76;54m▄[38;2;88;92;63m[48;2;67;79;55m▄[38;2;78;83;57m[48;2;66;77;53m▄[38;2;71;77;51m[48;2;69;79;53m▄[38;2;80;84;58m[48;2;70;80;52m▄[38;2;80;81;55m[48;2;76;86;52m▄[38;2;88;85;56m[48;2;85;99;57m▄[0m
[38;2;53;66;79m[48;2;53;68;79m▄[38;2;60;74;87m[48;2;57;73;87m▄[38;2;57;69;82m[48;2;55;69;82m▄[38;2;54;66;78m[48;2;54;69;80m▄[38;2;55;69;82m[48;2;52;66;75m▄[38;2;59;73;88m[48;2;55;70;82m▄[38;2;56;71;83m[48;2;55;70;85m▄[38;2;56;71;84m[48;2;53;68;82m▄[38;2;51;66;79m[48;2;52;68;82m▄[38;2;52;68;80m[48;2;48;65;80m▄[38;2;46;64;71m[48;2;47;65;79m▄[38;2;46;65;71m[48;2;42;62;72m▄[38;2;49;67;74m[48;2;46;67;75m▄[38;2;51;68;75m[48;2;51;69;77m▄[38;2;54;71;79m[48;2;57;74;82m▄[38;2;54;72;79m[48;2;58;73;81m▄[38;2;57;72;79m[48;2;58;74;82m▄[38;2;60;74;84m[48;2;59;74;84m▄[38;2;63;76;88m[48;2;63;77;88m▄[38;2;61;75;86m[48;2;60;76;86m▄[38;2;64;78;88m[48;2;62;78;87m▄[38;2;68;77;84m[48;2;67;78;86m▄[38;2;72;77;81m[48;2;69;77;81m▄[38;2;80;85;86m[48;2;78;85;86m▄[38;2;81;87;83m[48;2;82;89;83m▄[38;2;79;86;81m[48;2;80;87;78m▄[38;2;82;88;82m[48;2;84;89;82m▄[38;2;85;90;84m[48;2;87;93;86m▄[38;2;85;90;84m[48;2;85;91;84m▄[38;2;87;93;86m[48;2;87;92;85m▄[38;2;88;93;86m[48;2;89;92;86m▄[38;2;88;90;83m[48;2;90;91;84m▄[38;2;91;92;85m[48;2;92;92;84m▄[38;2;91;92;83m[48;2;97;98;89m▄[38;2;90;92;83m[48;2;96;97;86m▄[38;2;92;96;91m[48;2;99;100;89m▄[38;2;87;93;86m[48;2;95;98;85m▄[38;2;87;95;86m[48;2;94;96;82m▄[38;2;88;93;83m[48;2;93;95;82m▄[38;2;93;97;84m[48;2;94;96;83m▄[38;2;97;93;67m[48;2;92;97;84m▄[38;2;98;78;33m[48;2;95;102;85m▄[38;2;96;66;16m[48;2;94;99;78m▄[38;2;91;56;13m[48;2;52;52;28m▄[38;2;82;32;2m[48;2;63;56;23m▄[38;2;87;48;2m[48;2;90;91;47m▄[38;2;87;68;7m[48;2;83;87;46m▄[38;2;92;69;8m[48;2;85;90;47m▄[38;2;106;74;7m[48;2;93;99;54m▄[38;2;127;82;11m[48;2;106;113;74m▄[38;2;149;93;30m[48;2;115;121;100m▄[38;2;162;106;63m[48;2;113;117;102m▄[38;2;159;109;91m[48;2;116;114;95m▄[38;2;153;101;93m[48;2;111;103;84m▄[38;2;144;94;82m[48;2;120;105;89m▄[38;2;141;102;91m[48;2;129;110;93m▄[38;2;132;99;89m[48;2;120;93;78m▄[38;2;115;87;77m[48;2;126;90;79m▄[38;2;105;89;77m[48;2;135;103;88m▄[38;2;116;107;90m[48;2;142;109;94m▄[0m
[38;2;64;77;88m[48;2;57;72;84m▄[38;2;67;81;93m[48;2;64;79;92m▄[38;2;60;72;83m[48;2;57;72;81m▄[38;2;66;79;88m[48;2;58;72;82m▄[38;2;69;79;90m[48;2;62;76;90m▄[38;2;63;74;84m[48;2;59;73;88m▄[38;2;58;71;80m[48;2;55;70;81m▄[38;2;52;67;77m[48;2;53;69;79m▄[38;2;53;69;80m[48;2;52;68;80m▄[38;2;50;67;77m[48;2;52;68;79m▄[38;2;50;68;77m[48;2;48;66;74m▄[38;2;52;70;80m[48;2;48;67;74m▄[38;2;53;70;85m[48;2;50;68;77m▄[38;2;54;71;88m[48;2;52;69;79m▄[38;2;56;73;90m[48;2;55;72;82m▄[38;2;56;71;86m[48;2;59;74;84m▄[38;2;62;76;89m[48;2;63;76;85m▄[38;2;68;80;90m[48;2;69;82;91m▄[38;2;67;76;83m[48;2;68;81;90m▄[38;2;73;81;88m[48;2;70;82;91m▄[38;2;75;85;91m[48;2;74;84;93m▄[38;2;73;82;85m[48;2;74;81;87m▄[38;2;81;87;90m[48;2;80;85;87m▄[38;2;85;90;89m[48;2;84;90;89m▄[38;2;80;87;83m[48;2;81;87;82m▄[38;2;85;90;87m[48;2;81;88;83m▄[38;2;88;92;92m[48;2;85;91;89m▄[38;2;87;91;90m[48;2;87;91;87m▄[38;2;91;95;95m[48;2;87;92;86m▄[38;2;90;96;92m[48;2;89;94;88m▄[38;2;88;97;89m[48;2;89;94;88m▄[38;2;86;94;87m[48;2;86;92;85m▄[38;2;98;97;90m[48;2;90;95;88m▄[38;2;125;97;90m[48;2;91;95;89m▄[38;2;161;94;85m[48;2;93;93;88m▄[38;2;199;97;88m[48;2;107;97;91m▄[38;2;230;99;92m[48;2;125;100;91m▄[38;2;248;87;84m[48;2;146;70;61m▄[38;2;255;135;124m[48;2;169;34;16m▄[38;2;255;171;164m[48;2;187;38;12m▄[38;2;255;170;175m[48;2;201;41;4m▄[38;2;255;144;148m[48;2;205;45;7m▄[38;2;255;108;102m[48;2;206;52;13m▄[38;2;255;69;53m[48;2;209;51;17m▄[38;2;255;53;29m[48;2;211;43;20m▄[38;2;236;52;19m[48;2;215;27;12m▄[38;2;205;56;13m[48;2;221;56;14m▄[38;2;169;60;10m[48;2;222;65;13m▄[38;2;125;68;11m[48;2;218;62;9m▄[38;2;92;76;14m[48;2;201;72;11m▄[38;2;81;81;13m[48;2;170;80;9m▄[38;2;81;85;13m[48;2;144;86;8m▄[38;2;86;87;11m[48;2;123;96;28m▄[38;2;93;92;11m[48;2;119;105;67m▄[38;2;98;96;29m[48;2;106;98;82m▄[38;2;97;94;55m[48;2;99;96;85m▄[38;2;98;95;77m[48;2;103;102;92m▄[38;2;98;94;86m[48;2;96;95;84m▄[38;2;91;87;82m[48;2;83;83;70m▄[38;2;88;86;77m[48;2;96;95;81m▄[0m
[38;2;62;70;81m[48;2;70;77;90m▄[38;2;74;80;95m[48;2;72;80;94m▄[38;2;77;80;92m[48;2;70;79;90m▄[38;2;75;79;87m[48;2;72;80;91m▄[38;2;75;79;84m[48;2;70;77;87m▄[38;2;71;76;80m[48;2;66;74;82m▄[38;2;71;75;79m[48;2;62;71;79m▄[38;2;75;79;86m[48;2;59;70;79m▄[38;2;71;77;83m[48;2;61;73;84m▄[38;2;62;71;75m[48;2;53;68;76m▄[38;2;61;71;79m[48;2;53;69;78m▄[38;2;58;66;70m[48;2;52;70;80m▄[38;2;78;85;87m[48;2;49;67;82m▄[38;2;95;110;119m[48;2;52;67;82m▄[38;2;114;133;141m[48;2;55;68;79m▄[38;2;98;109;111m[48;2;60;74;83m▄[38;2;77;77;76m[48;2;75;86;95m▄[38;2;92;106;120m[48;2;98;113;124m▄[38;2;111;133;152m[48;2;108;129;145m▄[38;2;147;190;226m[48;2;101;120;134m▄[38;2;146;193;235m[48;2;95;109;119m▄[38;2;146;195;238m[48;2;88;96;100m▄[38;2;146;190;225m[48;2;96;100;97m▄[38;2;140;184;225m[48;2;90;96;99m▄[38;2;135;174;215m[48;2;81;85;82m▄[38;2;113;133;156m[48;2;82;84;78m▄[38;2;113;115;121m[48;2;83;89;83m▄[38;2;135;108;103m[48;2;81;89;89m▄[38;2;165;89;82m[48;2;84;96;97m▄[38;2;194;90;86m[48;2;90;96;92m▄[38;2;225;96;93m[48;2;112;98;89m▄[38;2;243;99;95m[48;2;146;95;86m▄[38;2;244;107;103m[48;2;187;98;91m▄[38;2;241;118;115m[48;2;228;103;97m▄[38;2;232;123;120m[48;2;252;108;102m▄[38;2;226;117;105m[48;2;255;122;117m▄[38;2;223;77;48m[48;2;255;148;149m▄[38;2;220;49;23m[48;2;255;189;188m▄[38;2;213;46;18m[48;2;255;213;214m▄[38;2;199;57;18m[48;2;255;199;194m▄[38;2;177;49;2m[48;2;255;157;143m▄[38;2;151;53;6m[48;2;251;103;80m▄[38;2;122;61;11m[48;2;236;70;41m▄[38;2;96;65;14m[48;2;208;59;23m▄[38;2;76;61;13m[48;2;171;61;15m▄[38;2;62;59;11m[48;2;131;63;13m▄[38;2;56;59;12m[48;2;95;61;11m▄[38;2;60;59;12m[48;2;70;59;10m▄[38;2;66;60;10m[48;2;60;63;10m▄[38;2;69;62;11m[48;2;71;70;11m▄[38;2;71;65;11m[48;2;80;75;13m▄[38;2;74;69;13m[48;2;86;82;13m▄[38;2;78;73;14m[48;2;92;86;14m▄[38;2;79;75;15m[48;2;96;89;15m▄[38;2;79;76;16m[48;2;96;91;11m▄[38;2;80;77;15m[48;2;97;94;12m▄[38;2;82;78;15m[48;2;97;95;21m▄[38;2;83;80;12m[48;2;98;96;35m▄[38;2;84;81;12m[48;2;99;95;45m▄[38;2;92;91;14m[48;2;101;98;55m▄[0m
[38;2;49;68;83m[48;2;57;70;84m▄[38;2;56;76;92m[48;2;67;80;95m▄[38;2;53;66;78m[48;2;69;74;86m▄[38;2;56;68;79m[48;2;70;74;83m▄[38;2;62;71;83m[48;2;72;78;85m▄[38;2;60;60;68m[48;2;72;76;82m▄[38;2;114;132;147m[48;2;70;72;77m▄[38;2;145;176;188m[48;2;77;74;74m▄[38;2;150;182;198m[48;2;80;78;71m▄[38;2;152;188;210m[48;2;86;86;82m▄[38;2;170;215;237m[48;2;83;85;83m▄[38;2;147;188;212m[48;2;100;112;114m▄[38;2;66;76;85m[48;2;156;197;226m▄[38;2;94;109;120m[48;2;142;181;214m▄[38;2;137;166;182m[48;2;137;174;203m▄[38;2;109;98;110m[48;2;75;87;97m▄[38;2;97;56;62m[48;2;42;37;34m▄[38;2;119;57;64m[48;2;72;60;54m▄[38;2;125;46;57m[48;2;98;76;69m▄[38;2;130;44;58m[48;2;132;112;102m▄[38;2;152;85;75m[48;2;133;118;102m▄[38;2;183;131;88m[48;2;138;118;124m▄[38;2;179;101;77m[48;2;172;179;212m▄[38;2;177;140;124m[48;2;194;215;244m▄[38;2;239;217;186m[48;2;197;220;245m▄[38;2;255;233;199m[48;2;200;213;239m▄[38;2;255;230;195m[48;2;206;209;238m▄[38;2;237;224;211m[48;2;205;190;215m▄[38;2;208;224;242m[48;2;194;156;168m▄[38;2;208;224;233m[48;2;175;134;136m▄[38;2;173;176;159m[48;2;139;89;87m▄[38;2;81;94;86m[48;2;129;90;88m▄[38;2;75;85;82m[48;2;123;94;91m▄[38;2;95;100;93m[48;2;121;97;92m▄[38;2;84;89;84m[48;2;114;90;88m▄[38;2;84;91;90m[48;2;116;83;75m▄[38;2;87;99;95m[48;2;114;49;27m▄[38;2;49;56;37m[48;2;106;46;24m▄[38;2;39;43;20m[48;2;85;50;16m▄[38;2;39;42;18m[48;2;71;53;15m▄[38;2;33;34;7m[48;2;61;55;17m▄[38;2;40;41;8m[48;2;54;56;15m▄[38;2;50;51;12m[48;2;51;57;14m▄[38;2;51;53;11m[48;2;52;57;15m▄[38;2;52;53;10m[48;2;56;58;14m▄[38;2;58;57;15m[48;2;61;60;14m▄[38;2;63;59;15m[48;2;66;61;14m▄[38;2;63;59;10m[48;2;69;62;12m▄[38;2;59;55;5m[48;2;70;63;10m▄[38;2;55;51;5m[48;2;66;60;7m▄[38;2;54;50;6m[48;2;62;58;6m▄[38;2;54;50;7m[48;2;62;58;9m▄[38;2;55;51;9m[48;2;62;58;11m▄[38;2;58;54;12m[48;2;63;60;13m▄[38;2;60;57;12m[48;2;65;61;13m▄[38;2;61;58;12m[48;2;65;62;13m▄[38;2;63;59;13m[48;2;65;62;13m▄[38;2;64;60;13m[48;2;66;62;15m▄[38;2;65;61;14m[48;2;67;63;16m▄[38;2;72;68;17m[48;2;72;69;18m▄[0m
[38;2;51;68;81m[48;2;49;70;84m▄[38;2;52;69;81m[48;2;56;74;90m▄[38;2;49;67;81m[48;2;48;65;77m▄[38;2;40;54;65m[48;2;47;66;79m▄[38;2;104;119;134m[48;2;44;54;64m▄[38;2;187;229;249m[48;2;100;111;125m▄[38;2;185;231;255m[48;2;178;224;249m▄[38;2;181;224;251m[48;2;183;236;255m▄[38;2;182;225;251m[48;2;178;231;255m▄[38;2;186;230;254m[48;2;181;235;255m▄[38;2;163;195;218m[48;2;171;214;234m▄[38;2;165;192;213m[48;2;96;77;85m▄[38;2;199;240;255m[48;2;146;150;156m▄[38;2;190;225;246m[48;2;215;242;250m▄[38;2;195;229;249m[48;2;217;235;243m▄[38;2;172;201;220m[48;2;116;70;75m▄[38;2;111;128;134m[48;2;74;12;14m▄[38;2;64;72;74m[48;2;86;37;34m▄[38;2;34;29;22m[48;2;75;33;31m▄[38;2;45;37;29m[48;2;48;19;19m▄[38;2;44;33;27m[48;2;28;15;23m▄[38;2;138;118;95m[48;2;114;93;69m▄[38;2;219;233;246m[48;2;226;195;166m▄[38;2;218;228;243m[48;2;236;206;199m▄[38;2;218;229;245m[48;2;235;202;194m▄[38;2;176;193;203m[48;2;240;213;206m▄[38;2;143;161;161m[48;2;237;217;212m▄[38;2;133;147;149m[48;2;238;217;207m▄[38;2;122;130;118m[48;2;248;219;200m▄[38;2;116;126;114m[48;2;247;224;204m▄[38;2;93;101;85m[48;2;230;212;190m▄[38;2;119;121;100m[48;2;172;163;149m▄[38;2;118;121;102m[48;2;138;135;133m▄[38;2;71;77;82m[48;2;92;92;88m▄[38;2;70;74;80m[48;2;85;87;82m▄[38;2;75;80;85m[48;2;84;87;86m▄[38;2;74;79;81m[48;2;85;87;85m▄[38;2;73;77;78m[48;2;72;71;69m▄[38;2;73;77;82m[48;2;74;73;74m▄[38;2;77;80;85m[48;2;60;60;63m▄[38;2;78;80;78m[48;2;44;44;46m▄[38;2;65;64;49m[48;2;35;31;31m▄[38;2;49;47;19m[48;2;27;24;14m▄[38;2;53;52;16m[48;2;44;42;14m▄[38;2;48;50;9m[48;2;52;53;12m▄[38;2;48;53;11m[48;2;55;58;15m▄[38;2;47;48;11m[48;2;56;56;14m▄[38;2;37;36;3m[48;2;50;48;6m▄[38;2;38;35;3m[48;2;47;43;4m▄[38;2;39;36;3m[48;2;45;40;4m▄[38;2;38;35;3m[48;2;46;40;5m▄[38;2;39;36;4m[48;2;47;42;6m▄[38;2;41;41;6m[48;2;49;46;6m▄[38;2;45;45;6m[48;2;53;50;9m▄[38;2;50;50;8m[48;2;56;54;13m▄[38;2;53;55;13m[48;2;58;57;14m▄[38;2;56;57;15m[48;2;58;58;16m▄[38;2;59;60;18m[48;2;59;59;16m▄[38;2;63;64;19m[48;2;61;60;16m▄[38;2;65;66;23m[48;2;70;70;19m▄[0m
[38;2;31;42;33m[48;2;36;48;44m▄[38;2;46;62;68m[48;2;50;66;73m▄[38;2;45;55;60m[48;2;40;56;68m▄[38;2;165;195;219m[48;2;62;68;77m▄[38;2;207;249;255m[48;2;187;221;244m▄[38;2;197;236;255m[48;2;194;235;255m▄[38;2;195;235;255m[48;2;189;226;251m▄[38;2;194;234;255m[48;2;189;226;252m▄[38;2;195;235;255m[48;2;189;227;252m▄[38;2;191;229;255m[48;2;190;226;253m▄[38;2;189;226;251m[48;2;194;233;255m▄[38;2;181;212;232m[48;2;197;238;255m▄[38;2;167;189;197m[48;2;194;234;255m▄[38;2;135;154;161m[48;2;197;238;255m▄[38;2;103;120;126m[48;2;197;235;255m▄[38;2;73;84;85m[48;2;190;227;251m▄[38;2;54;48;43m[48;2;170;200;215m▄[38;2;142;114;71m[48;2;120;123;118m▄[38;2;136;116;84m[48;2;47;37;29m▄[38;2;40;37;42m[48;2;56;47;44m▄[38;2;188;166;123m[48;2;195;169;119m▄[38;2;255;255;188m[48;2;240;209;140m▄[38;2;174;140;89m[48;2;155;164;155m▄[38;2;84;78;63m[48;2;155;193;213m▄[38;2;57;63;62m[48;2;171;207;232m▄[38;2;58;61;60m[48;2;149;178;198m▄[38;2;49;52;51m[48;2;122;141;153m▄[38;2;47;49;48m[48;2;76;83;80m▄[38;2;44;46;41m[48;2;65;69;59m▄[38;2;53;53;44m[48;2;64;68;56m▄[38;2;60;58;45m[48;2;62;64;46m▄[38;2;63;61;49m[48;2;72;73;57m▄[38;2;61;61;50m[48;2;70;71;52m▄[38;2;63;62;53m[48;2;88;90;83m▄[38;2;67;66;59m[48;2;64;69;77m▄[38;2;53;61;63m[48;2;65;70;76m▄[38;2;60;72;82m[48;2;68;74;80m▄[38;2;57;65;74m[48;2;64;69;73m▄[38;2;53;61;68m[48;2;62;66;72m▄[38;2;53;64;73m[48;2;66;70;71m▄[38;2;49;60;69m[48;2;47;50;33m▄[38;2;50;61;69m[48;2;37;41;12m▄[38;2;31;33;32m[48;2;39;43;9m▄[38;2;32;29;17m[48;2;40;41;6m▄[38;2;34;32;11m[48;2;42;43;6m▄[38;2;30;30;8m[48;2;45;45;9m▄[38;2;30;31;12m[48;2;39;39;5m▄[38;2;27;27;8m[48;2;33;32;1m▄[38;2;24;25;5m[48;2;33;32;2m▄[38;2;23;25;2m[48;2;28;29;1m▄[38;2;27;29;2m[48;2;26;27;1m▄[38;2;36;40;5m[48;2;30;32;1m▄[38;2;44;49;10m[48;2;38;41;7m▄[38;2;47;52;12m[48;2;42;46;8m▄[38;2;52;54;17m[48;2;46;50;7m▄[38;2;56;56;22m[48;2;52;55;11m▄[38;2;57;56;29m[48;2;58;60;15m▄[38;2;58;56;42m[48;2;61;61;20m▄[38;2;61;57;53m[48;2;57;58;25m▄[38;2;56;51;48m[48;2;58;55;43m▄[0m
[38;2;27;25;1m[48;2;33;38;27m▄[38;2;36;33;1m[48;2;34;39;27m▄[38;2;41;40;3m[48;2;76;82;74m▄[38;2;37;35;0m[48;2;165;192;192m▄[38;2;34;33;0m[48;2;149;175;173m▄[38;2;46;50;0m[48;2;156;184;169m▄[38;2;58;64;0m[48;2;153;178;160m▄[38;2;52;54;0m[48;2;154;176;166m▄[38;2;56;51;3m[48;2;166;187;187m▄[38;2;54;48;10m[48;2;140;150;150m▄[38;2;51;45;10m[48;2;127;130;121m▄[38;2;44;43;9m[48;2;103;102;83m▄[38;2;37;40;9m[48;2;83;79;58m▄[38;2;42;47;13m[48;2;65;64;49m▄[38;2;47;51;19m[48;2;61;62;50m▄[38;2;43;44;19m[48;2;76;73;61m▄[38;2;25;22;17m[48;2;54;45;45m▄[38;2;36;32;43m[48;2;103;86;70m▄[38;2;38;37;29m[48;2;82;71;59m▄[38;2;44;46;16m[48;2;49;44;47m▄[38;2;60;52;28m[48;2;169;145;115m▄[38;2;93;79;48m[48;2;255;255;195m▄[38;2;77;66;37m[48;2;231;194;133m▄[38;2;74;72;26m[48;2;164;132;90m▄[38;2;76;78;26m[48;2;87;80;62m▄[38;2;63;70;20m[48;2;52;53;46m▄[38;2;69;77;23m[48;2;59;59;49m▄[38;2;75;82;26m[48;2;61;61;53m▄[38;2;69;71;27m[48;2;59;58;55m▄[38;2;60;59;22m[48;2;59;55;50m▄[38;2;55;51;17m[48;2;64;61;49m▄[38;2;65;64;19m[48;2;62;60;48m▄[38;2;69;70;19m[48;2;67;64;50m▄[38;2;67;68;19m[48;2;57;56;45m▄[38;2;66;69;22m[48;2;67;65;55m▄[38;2;35;38;8m[48;2;46;51;44m▄[38;2;23;25;4m[48;2;48;59;59m▄[38;2;29;31;12m[48;2;51;61;65m▄[38;2;27;29;10m[48;2;44;53;52m▄[38;2;32;36;25m[48;2;49;62;71m▄[38;2;49;57;54m[48;2;47;59;69m▄[38;2;81;93;95m[48;2;54;66;72m▄[38;2;48;49;50m[48;2;42;44;47m▄[38;2;16;11;10m[48;2;20;15;14m▄[38;2;19;12;12m[48;2;16;10;10m▄[38;2;17;11;10m[48;2;17;12;12m▄[38;2;22;16;14m[48;2;38;35;35m▄[38;2;41;37;35m[48;2;54;53;50m▄[38;2;60;58;56m[48;2;56;57;51m▄[38;2;63;62;63m[48;2;57;58;51m▄[38;2;63;62;64m[48;2;60;62;51m▄[38;2;61;59;59m[48;2;60;62;47m▄[38;2;64;62;60m[48;2;60;62;46m▄[38;2;67;65;62m[48;2;59;60;47m▄[38;2;66;64;60m[48;2;59;58;50m▄[38;2;61;60;56m[48;2;60;59;53m▄[38;2;45;44;41m[48;2;63;61;58m▄[38;2;19;17;16m[48;2;62;58;55m▄[38;2;10;6;5m[48;2;33;28;25m▄[38;2;13;8;6m[48;2;16;12;7m▄[0m
