[38;2;41;58;39m[48;2;43;61;43m▄[38;2;47;68;45m[48;2;46;63;42m▄[38;2;46;62;42m[48;2;44;57;38m▄[38;2;45;60;40m[48;2;42;56;34m▄[38;2;57;72;57m[48;2;59;71;56m▄[38;2;69;84;69m[48;2;71;84;73m▄[38;2;64;82;59m[48;2;67;83;67m▄[38;2;71;88;69m[48;2;65;83;63m▄[38;2;77;90;72m[48;2;67;83;67m▄[38;2;125;134;121m[48;2;56;75;61m▄[38;2;75;87;71m[48;2;40;59;44m▄[38;2;143;157;146m[48;2;30;52;32m▄[38;2;36;60;47m[48;2;34;56;42m▄[38;2;0;18;8m[48;2;9;28;21m▄[38;2;9;28;17m[48;2;13;34;21m▄[38;2;18;40;27m[48;2;40;61;42m▄[38;2;13;36;23m[48;2;17;40;23m▄[38;2;0;27;10m[48;2;17;40;25m▄[38;2;11;38;19m[48;2;11;38;25m▄[38;2;1;19;5m[48;2;5;25;11m▄[38;2;81;119;110m[48;2;92;133;121m▄[38;2;123;211;206m[48;2;129;206;200m▄[38;2;99;183;180m[48;2;119;179;173m▄[38;2;90;129;113m[48;2;119;127;98m▄[38;2;76;94;75m[48;2;94;98;69m▄[38;2;79;92;77m[48;2;73;77;48m▄[38;2;89;105;94m[48;2;79;83;65m▄[38;2;69;84;71m[48;2;75;88;77m▄[38;2;66;76;56m[48;2;63;75;56m▄[38;2;70;81;62m[48;2;65;77;56m▄[38;2;71;87;74m[48;2;71;83;69m▄[38;2;78;89;82m[48;2;77;84;77m▄[38;2;77;86;80m[48;2;73;79;73m▄[38;2;71;85;76m[48;2;65;81;69m▄[38;2;77;89;82m[48;2;73;84;73m▄[38;2;69;85;78m[48;2;65;83;73m▄[38;2;36;75;69m[48;2;32;71;65m▄[38;2;24;68;63m[48;2;23;61;56m▄[38;2;27;61;58m[48;2;32;57;57m▄[38;2;30;62;57m[48;2;30;59;59m▄[38;2;31;61;52m[48;2;32;59;52m▄[38;2;47;60;46m[48;2;44;56;44m▄[38;2;59;64;49m[48;2;50;56;38m▄[38;2;61;68;58m[48;2;48;56;46m▄[38;2;67;78;69m[48;2;52;59;54m▄[38;2;90;103;95m[48;2;86;96;86m▄[38;2;95;107;98m[48;2;96;102;94m▄[38;2;98;110;98m[48;2;98;106;98m▄[38;2;99;109;101m[48;2;100;110;102m▄[38;2;78;84;75m[48;2;79;86;81m▄[38;2;59;65;55m[48;2;61;69;61m▄[38;2;57;64;47m[48;2;56;63;46m▄[38;2;52;62;43m[48;2;52;59;38m▄[38;2;55;65;57m[48;2;67;79;75m▄[38;2;80;90;91m[48;2;50;65;71m▄[38;2;112;126;132m[48;2;52;65;69m▄[38;2;96;112;112m[48;2;40;52;54m▄[38;2;89;105;95m[48;2;36;44;38m▄[38;2;73;84;71m[48;2;48;56;44m▄[38;2;28;32;27m[48;2;28;36;28m▄[0m
[38;2;43;54;43m[48;2;41;56;39m▄[38;2;45;57;43m[48;2;43;61;42m▄[38;2;40;50;34m[48;2;38;55;39m▄[38;2;41;51;33m[48;2;39;53;37m▄[38;2;39;46;31m[48;2;42;52;35m▄[38;2;83;89;71m[48;2;87;97;79m▄[38;2;156;162;150m[48;2;159;168;158m▄[38;2;149;159;150m[48;2;114;124;113m▄[38;2;91;100;85m[48;2;74;83;67m▄[38;2;194;196;189m[48;2;157;161;148m▄[38;2;93;99;87m[48;2;87;93;75m▄[38;2;161;167;164m[48;2;181;187;182m▄[38;2;98;108;106m[48;2;56;76;68m▄[38;2;203;207;208m[48;2;113;126;120m▄[38;2;89;97;95m[48;2;120;131;127m▄[38;2;142;149;146m[48;2;121;134;128m▄[38;2;69;79;75m[48;2;53;72;61m▄[38;2;190;195;193m[48;2;133;145;137m▄[38;2;20;29;23m[48;2;123;136;128m▄[38;2;178;186;182m[48;2;130;141;136m▄[38;2;151;162;135m[48;2;89;118;108m▄[38;2;207;210;196m[48;2;169;209;205m▄[38;2;119;135;102m[48;2;183;216;212m▄[38;2;115;136;96m[48;2;170;207;201m▄[38;2;189;202;179m[48;2;146;183;172m▄[38;2;234;241;237m[48;2;194;214;209m▄[38;2;147;159;151m[48;2;192;209;203m▄[38;2;160;167;161m[48;2;137;146;137m▄[38;2;59;75;63m[48;2;59;64;52m▄[38;2;52;70;60m[48;2;62;71;61m▄[38;2;63;79;73m[48;2;64;79;71m▄[38;2;69;82;75m[48;2;70;84;79m▄[38;2;68;81;72m[48;2;70;83;76m▄[38;2;63;76;67m[48;2;63;76;69m▄[38;2;65;76;70m[48;2;66;77;72m▄[38;2;61;74;73m[48;2;62;75;71m▄[38;2;41;66;65m[48;2;36;63;58m▄[38;2;29;65;61m[48;2;28;64;59m▄[38;2;26;63;59m[48;2;27;58;52m▄[38;2;26;57;56m[48;2;25;51;42m▄[38;2;25;49;38m[48;2;23;50;39m▄[38;2;23;47;38m[48;2;35;55;43m▄[38;2;20;44;38m[48;2;60;73;62m▄[38;2;30;50;37m[48;2;80;92;79m▄[38;2;47;64;54m[48;2;85;100;88m▄[38;2;44;62;53m[48;2;77;96;90m▄[38;2;30;46;39m[48;2;71;89;84m▄[38;2;33;48;38m[48;2;63;77;68m▄[38;2;67;80;67m[48;2;76;86;78m▄[38;2;58;64;52m[48;2;63;68;60m▄[38;2;51;54;40m[48;2;51;54;40m▄[38;2;49;52;39m[48;2;53;56;42m▄[38;2;51;52;38m[48;2;52;54;41m▄[38;2;50;50;36m[48;2;45;48;34m▄[38;2;42;41;26m[48;2;45;47;37m▄[38;2;54;50;27m[48;2;92;93;73m▄[38;2;60;54;32m[48;2;101;100;72m▄[38;2;55;49;32m[48;2;101;103;78m▄[38;2;58;53;38m[48;2;87;89;66m▄[38;2;46;43;31m[48;2;37;35;28m▄[0m
[38;2;39;46;31m[48;2;37;52;33m▄[38;2;42;51;31m[48;2;41;54;36m▄[38;2;42;47;29m[48;2;42;50;31m▄[38;2;44;48;31m[48;2;45;51;36m▄[38;2;38;45;27m[48;2;36;42;31m▄[38;2;44;53;34m[48;2;74;78;65m▄[38;2;61;69;51m[48;2;118;124;112m▄[38;2;50;60;37m[48;2;167;173;163m▄[38;2;46;58;38m[48;2;91;100;88m▄[38;2;47;57;35m[48;2;142;149;139m▄[38;2;41;51;15m[48;2;75;84;71m▄[38;2;38;50;12m[48;2;134;142;129m▄[38;2;40;51;18m[48;2;52;64;49m▄[38;2;38;49;14m[48;2;138;145;136m▄[38;2;57;66;32m[48;2;102;107;99m▄[38;2;50;59;27m[48;2;81;89;80m▄[38;2;43;53;22m[48;2;51;61;51m▄[38;2;38;48;20m[48;2;135;143;136m▄[38;2;46;59;31m[48;2;25;44;29m▄[38;2;40;54;27m[48;2;137;149;134m▄[38;2;44;60;43m[48;2;95;107;86m▄[38;2;42;59;42m[48;2;130;141;126m▄[38;2;60;73;59m[48;2;147;154;137m▄[38;2;58;70;59m[48;2;130;142;124m▄[38;2;51;65;53m[48;2;112;126;110m▄[38;2;52;69;56m[48;2;164;177;171m▄[38;2;66;85;72m[48;2;122;134;128m▄[38;2;54;72;61m[48;2;93;107;99m▄[38;2;100;113;105m[48;2;88;105;96m▄[38;2;96;107;98m[48;2;155;167;162m▄[38;2;59;73;67m[48;2;53;74;69m▄[38;2;64;79;77m[48;2;63;81;79m▄[38;2;62;79;75m[48;2;64;80;74m▄[38;2;60;79;75m[48;2;62;77;72m▄[38;2;60;78;80m[48;2;62;75;75m▄[38;2;55;78;81m[48;2;58;74;76m▄[38;2;33;72;71m[48;2;37;69;69m▄[38;2;31;72;71m[48;2;30;69;69m▄[38;2;39;72;74m[48;2;28;62;62m▄[38;2;35;66;66m[48;2;29;62;62m▄[38;2;27;59;54m[48;2;26;58;50m▄[38;2;28;56;48m[48;2;23;47;34m▄[38;2;20;41;30m[48;2;21;44;34m▄[38;2;17;32;23m[48;2;21;44;31m▄[38;2;17;29;24m[48;2;21;41;28m▄[38;2;20;31;27m[48;2;24;40;27m▄[38;2;57;64;55m[48;2;40;52;41m▄[38;2;72;74;62m[48;2;60;69;56m▄[38;2;67;69;60m[48;2;67;78;64m▄[38;2;44;48;39m[48;2;49;54;42m▄[38;2;40;44;32m[48;2;45;46;30m▄[38;2;42;46;34m[48;2;43;43;28m▄[38;2;38;44;31m[48;2;43;43;26m▄[38;2;46;48;34m[48;2;52;53;29m▄[38;2;47;50;34m[48;2;43;44;22m▄[38;2;41;48;34m[48;2;27;27;17m▄[38;2;61;70;53m[48;2;30;31;23m▄[38;2;68;73;58m[48;2;34;33;27m▄[38;2;48;51;37m[48;2;29;26;19m▄[38;2;60;63;52m[48;2;34;33;23m▄[0m
[38;2;45;46;20m[48;2;46;48;28m▄[38;2;49;55;34m[48;2;44;51;30m▄[38;2;39;43;29m[48;2;38;42;29m▄[38;2;37;42;26m[48;2;38;42;26m▄[38;2;34;42;24m[48;2;37;44;22m▄[38;2;34;41;24m[48;2;40;46;25m▄[38;2;36;45;26m[48;2;45;54;30m▄[38;2;39;50;34m[48;2;45;57;35m▄[38;2;39;51;35m[48;2;44;59;40m▄[38;2;29;43;25m[48;2;43;55;35m▄[38;2;23;34;18m[48;2;35;44;21m▄[38;2;22;33;14m[48;2;33;41;16m▄[38;2;18;29;10m[48;2;29;37;15m▄[38;2;12;23;9m[48;2;27;36;14m▄[38;2;14;28;19m[48;2;25;34;12m▄[38;2;19;36;31m[48;2;25;36;15m▄[38;2;22;43;42m[48;2;26;42;23m▄[38;2;27;50;49m[48;2;33;48;32m▄[38;2;32;56;54m[48;2;39;55;40m▄[38;2;35;60;60m[48;2;39;61;51m▄[38;2;33;58;59m[48;2;42;69;63m▄[38;2;29;52;50m[48;2;46;71;65m▄[38;2;30;50;47m[48;2;46;64;57m▄[38;2;33;52;50m[48;2;48;63;53m▄[38;2;33;53;52m[48;2;50;64;55m▄[38;2;34;55;51m[48;2;49;65;57m▄[38;2;49;67;58m[48;2;51;67;58m▄[38;2;59;76;65m[48;2;59;74;66m▄[38;2;62;81;71m[48;2;54;69;59m▄[38;2;64;84;79m[48;2;55;69;58m▄[38;2;66;87;91m[48;2;66;78;74m▄[38;2;67;90;95m[48;2;64;81;82m▄[38;2;65;92;97m[48;2;64;85;86m▄[38;2;67;96;103m[48;2;63;87;90m▄[38;2;72;95;103m[48;2;65;88;95m▄[38;2;70;91;101m[48;2;62;88;93m▄[38;2;57;84;94m[48;2;45;81;87m▄[38;2;57;81;95m[48;2;43;81;88m▄[38;2;61;79;95m[48;2;49;80;90m▄[38;2;64;79;96m[48;2;53;78;89m▄[38;2;63;78;96m[48;2;43;66;71m▄[38;2;50;65;75m[48;2;40;61;61m▄[38;2;41;55;58m[48;2;34;52;50m▄[38;2;34;48;51m[48;2;15;29;23m▄[38;2;14;30;24m[48;2;10;27;17m▄[38;2;17;27;18m[48;2;20;33;25m▄[38;2;26;30;22m[48;2;41;48;38m▄[38;2;29;31;24m[48;2;47;50;40m▄[38;2;24;27;20m[48;2;42;43;36m▄[38;2;18;21;14m[48;2;31;33;28m▄[38;2;18;20;13m[48;2;36;43;35m▄[38;2;20;21;14m[48;2;47;59;51m▄[38;2;23;22;14m[48;2;42;53;49m▄[38;2;31;29;20m[48;2;40;45;45m▄[38;2;29;30;22m[48;2;44;49;47m▄[38;2;26;27;17m[48;2;42;46;34m▄[38;2;30;31;19m[48;2;64;70;50m▄[38;2;26;28;20m[48;2;63;69;55m▄[38;2;26;27;21m[48;2;65;71;57m▄[38;2;30;31;24m[48;2;88;93;78m▄[0m
[38;2;54;48;15m[48;2;56;48;18m▄[38;2;44;46;18m[48;2;48;48;22m▄[38;2;27;35;19m[48;2;37;43;23m▄[38;2;27;33;18m[48;2;35;43;21m▄[38;2;27;32;15m[48;2;34;43;20m▄[38;2;23;31;16m[48;2;31;42;22m▄[38;2;22;31;13m[48;2;30;42;21m▄[38;2;19;26;12m[48;2;33;43;24m▄[38;2;16;26;13m[48;2;30;39;21m▄[38;2;22;33;23m[48;2;28;36;15m▄[38;2;26;42;33m[48;2;32;38;19m▄[38;2;28;48;41m[48;2;35;40;22m▄[38;2;34;55;51m[48;2;34;44;29m▄[38;2;40;59;59m[48;2;32;47;37m▄[38;2;45;64;66m[48;2;33;52;46m▄[38;2;48;67;68m[48;2;38;57;55m▄[38;2;46;63;65m[48;2;43;62;62m▄[38;2;41;58;58m[48;2;47;68;66m▄[38;2;39;56;54m[48;2;46;64;63m▄[38;2;43;58;54m[48;2;42;57;53m▄[38;2;46;61;56m[48;2;41;56;49m▄[38;2;44;59;57m[48;2;42;57;52m▄[38;2;41;58;58m[48;2;42;58;55m▄[38;2;39;61;62m[48;2;39;58;55m▄[38;2;48;71;71m[48;2;38;61;56m▄[38;2;53;77;76m[48;2;41;65;59m▄[38;2;55;82;78m[48;2;53;78;70m▄[38;2;57;84;80m[48;2;60;84;78m▄[38;2;59;84;83m[48;2;62;86;84m▄[38;2;61;88;88m[48;2;62;88;87m▄[38;2;59;87;90m[48;2;63;90;94m▄[38;2;56;77;86m[48;2;65;94;99m▄[38;2;57;75;84m[48;2;70;96;104m▄[38;2;60;73;82m[48;2;73;95;104m▄[38;2;70;78;91m[48;2;72;85;95m▄[38;2;75;86;103m[48;2;70;83;96m▄[38;2;67;84;103m[48;2;63;82;96m▄[38;2;67;85;103m[48;2;65;83;98m▄[38;2;69;89;110m[48;2;65;81;97m▄[38;2;73;95;119m[48;2;64;80;96m▄[38;2;75;98;123m[48;2;65;82;101m▄[38;2;72;96;119m[48;2;70;89;110m▄[38;2;66;90;108m[48;2;58;74;86m▄[38;2;59;78;93m[48;2;41;49;56m▄[38;2;50;67;78m[48;2;42;53;61m▄[38;2;36;49;53m[48;2;24;33;31m▄[38;2;25;31;26m[48;2;23;26;19m▄[38;2;24;27;20m[48;2;28;30;23m▄[38;2;20;24;19m[48;2;23;26;21m▄[38;2;19;21;17m[48;2;20;23;17m▄[38;2;22;24;18m[48;2;22;25;16m▄[38;2;22;25;18m[48;2;26;27;18m▄[38;2;23;26;17m[48;2;29;26;20m▄[38;2;23;26;19m[48;2;30;27;21m▄[38;2;19;22;16m[48;2;21;23;15m▄[38;2;24;26;19m[48;2;21;24;15m▄[38;2;33;33;25m[48;2;34;32;22m▄[38;2;37;35;29m[48;2;36;32;25m▄[38;2;36;35;29m[48;2;34;33;28m▄[38;2;40;38;31m[48;2;38;36;31m▄[0m
[38;2;26;31;9m[48;2;39;35;11m▄[38;2;34;39;14m[48;2;45;44;16m▄[38;2;20;26;12m[48;2;21;25;11m▄[38;2;19;27;14m[48;2;17;25;13m▄[38;2;20;26;14m[48;2;16;24;13m▄[38;2;23;31;20m[48;2;16;25;15m▄[38;2;32;48;40m[48;2;17;29;18m▄[38;2;32;51;45m[48;2;22;36;29m▄[38;2;31;52;50m[48;2;23;43;40m▄[38;2;40;62;63m[48;2;27;49;49m▄[38;2;48;65;71m[48;2;32;53;56m▄[38;2;51;61;66m[48;2;38;58;63m▄[38;2;37;44;51m[48;2;48;67;73m▄[38;2;48;52;55m[48;2;49;65;71m▄[38;2;98;94;84m[48;2;38;51;59m▄[38;2;121;112;101m[48;2;36;47;55m▄[38;2;106;101;91m[48;2;33;48;53m▄[38;2;91;95;91m[48;2;33;51;55m▄[38;2;84;91;93m[48;2;34;53;56m▄[38;2;78;92;96m[48;2;34;57;58m▄[38;2;70;90;94m[48;2;34;61;59m▄[38;2;57;87;89m[48;2;40;69;69m▄[38;2;45;77;80m[48;2;44;73;72m▄[38;2;44;70;75m[48;2;45;72;74m▄[38;2;43;69;72m[48;2;51;76;77m▄[38;2;39;68;73m[48;2;50;75;76m▄[38;2;34;63;67m[48;2;52;79;80m▄[38;2;36;61;59m[48;2;61;89;88m▄[38;2;39;57;53m[48;2;58;84;83m▄[38;2;40;57;56m[48;2;46;69;70m▄[38;2;49;66;70m[48;2;45;64;67m▄[38;2;68;83;92m[48;2;51;65;74m▄[38;2;93;105;121m[48;2;53;69;84m▄[38;2;117;147;176m[48;2;67;84;105m▄[38;2;164;202;225m[48;2;82;98;123m▄[38;2;152;200;233m[48;2;106;120;145m▄[38;2;142;190;232m[48;2;113;129;157m▄[38;2;152;196;230m[48;2;110;130;160m▄[38;2;145;189;223m[48;2;120;140;165m▄[38;2;156;182;205m[48;2;112;131;155m▄[38;2;162;172;179m[48;2;89;112;137m▄[38;2;118;126;130m[48;2;68;96;118m▄[38;2;68;78;81m[48;2;60;86;106m▄[38;2;69;77;76m[48;2;50;73;84m▄[38;2;69;78;74m[48;2;36;56;58m▄[38;2;68;71;63m[48;2;30;45;42m▄[38;2;67;66;53m[48;2;33;42;38m▄[38;2;54;54;44m[48;2;26;30;25m▄[38;2;25;29;20m[48;2;21;23;15m▄[38;2;21;24;11m[48;2;21;23;14m▄[38;2;24;23;10m[48;2;20;22;16m▄[38;2;28;24;16m[48;2;19;22;15m▄[38;2;30;26;16m[48;2;19;23;14m▄[38;2;28;27;15m[48;2;20;22;15m▄[38;2;32;28;20m[48;2;22;23;17m▄[38;2;37;32;20m[48;2;28;27;19m▄[38;2;40;34;21m[48;2;29;29;22m▄[38;2;40;34;24m[48;2;32;31;25m▄[38;2;42;35;27m[48;2;35;32;27m▄[38;2;45;38;29m[48;2;39;36;28m▄[0m
[38;2;30;50;37m[48;2;18;37;18m▄[38;2;32;52;37m[48;2;23;41;22m▄[38;2;39;51;38m[48;2;27;37;23m▄[38;2;30;42;30m[48;2;26;34;19m▄[38;2;38;40;24m[48;2;22;29;13m▄[38;2;55;38;19m[48;2;18;24;10m▄[38;2;87;54;25m[48;2;13;25;17m▄[38;2;111;80;42m[48;2;16;35;33m▄[38;2;89;71;38m[48;2;17;37;36m▄[38;2;67;56;29m[48;2;29;49;47m▄[38;2;39;37;30m[48;2;44;56;54m▄[38;2;134;121;107m[48;2;41;49;48m▄[38;2;242;216;183m[48;2;95;93;85m▄[38;2;155;120;87m[48;2;177;159;131m▄[38;2;96;62;40m[48;2;144;137;114m▄[38;2;87;52;38m[48;2;135;131;113m▄[38;2;67;43;42m[48;2;162;157;140m▄[38;2;57;52;55m[48;2;159;161;149m▄[38;2;53;69;76m[48;2;156;159;151m▄[38;2;57;70;78m[48;2;154;157;152m▄[38;2;58;71;80m[48;2;146;151;149m▄[38;2;153;148;137m[48;2;143;151;149m▄[38;2;152;141;121m[48;2;175;184;170m▄[38;2;64;69;58m[48;2;149;162;147m▄[38;2;73;77;62m[48;2;147;155;137m▄[38;2;107;107;84m[48;2;146;149;130m▄[38;2;127;125;104m[48;2;143;141;123m▄[38;2;103;106;93m[48;2;147;145;123m▄[38;2;102;114;105m[48;2;162;159;133m▄[38;2;113;139;137m[48;2;163;160;137m▄[38;2;147;194;202m[48;2;158;155;141m▄[38;2;131;202;220m[48;2;145;160;162m▄[38;2;108;190;211m[48;2;127;185;204m▄[38;2;102;190;222m[48;2;139;223;244m▄[38;2;90;189;227m[48;2;177;238;251m▄[38;2;94;182;215m[48;2;128;218;251m▄[38;2;90;170;201m[48;2;138;223;255m▄[38;2;97;159;187m[48;2;169;239;255m▄[38;2;83;129;152m[48;2;134;204;235m▄[38;2;109;136;141m[48;2;163;190;198m▄[38;2;168;173;157m[48;2;176;182;171m▄[38;2;169;162;140m[48;2;154;152;139m▄[38;2;166;149;121m[48;2;138;127;114m▄[38;2;138;115;91m[48;2;136;116;101m▄[38;2;133;107;83m[48;2;130;109;93m▄[38;2;140;110;89m[48;2;126;107;92m▄[38;2;145;113;92m[48;2;119;100;81m▄[38;2;148;114;87m[48;2;118;96;72m▄[38;2;143;105;77m[48;2;87;71;54m▄[38;2;121;92;64m[48;2;73;59;40m▄[38;2;107;79;54m[48;2;64;49;29m▄[38;2;113;82;55m[48;2;46;37;22m▄[38;2;58;45;26m[48;2;41;34;22m▄[38;2;31;27;14m[48;2;46;40;23m▄[38;2;44;38;25m[48;2;47;41;28m▄[38;2;45;38;27m[48;2;50;42;29m▄[38;2;45;37;28m[48;2;51;39;29m▄[38;2;44;37;27m[48;2;48;39;31m▄[38;2;44;36;25m[48;2;47;40;32m▄[38;2;49;38;27m[48;2;51;41;36m▄[0m
[38;2;43;46;24m[48;2;41;48;30m▄[38;2;40;48;27m[48;2;40;48;29m▄[38;2;69;55;32m[48;2;36;41;26m▄[38;2;210;148;71m[48;2;84;62;35m▄[38;2;255;211;105m[48;2;209;136;69m▄[38;2;196;123;58m[48;2;220;160;81m▄[38;2;180;107;53m[48;2;250;195;101m▄[38;2;195;122;61m[48;2;255;212;108m▄[38;2;217;146;72m[48;2;255;206;103m▄[38;2;246;199;98m[48;2;244;179;83m▄[38;2;255;214;99m[48;2;203;142;58m▄[38;2;255;234;127m[48;2;243;187;92m▄[38;2;253;229;122m[48;2;250;193;93m▄[38;2;252;211;100m[48;2;242;149;52m▄[38;2;247;195;84m[48;2;238;136;48m▄[38;2;255;207;88m[48;2;242;129;41m▄[38;2;254;186;71m[48;2;199;83;18m▄[38;2;255;179;63m[48;2;171;63;11m▄[38;2;233;133;37m[48;2;125;73;44m▄[38;2;146;98;67m[48;2;79;92;89m▄[38;2;118;117;93m[48;2;175;169;146m▄[38;2;49;51;37m[48;2;148;136;107m▄[38;2;90;83;62m[48;2;53;54;38m▄[38;2;94;89;69m[48;2;76;75;59m▄[38;2;75;86;77m[48;2;101;98;78m▄[38;2;83;116;118m[48;2;84;84;67m▄[38;2;91;134;148m[48;2;65;77;70m▄[38;2;86;129;142m[48;2;70;98;101m▄[38;2;89;136;152m[48;2;72;112;127m▄[38;2;93;146;171m[48;2;76;136;160m▄[38;2;86;140;165m[48;2;87;150;178m▄[38;2;80;127;146m[48;2;90;148;179m▄[38;2;81;125;140m[48;2;86;159;192m▄[38;2;77;116;131m[48;2;87;157;187m▄[38;2;72;107;118m[48;2;84;138;162m▄[38;2;74;104;113m[48;2;76;120;142m▄[38;2;71;97;103m[48;2;71;113;131m▄[38;2;65;85;89m[48;2;66;104;118m▄[38;2;61;79;82m[48;2;59;90;101m▄[38;2;57;73;74m[48;2;52;77;84m▄[38;2;47;58;57m[48;2;88;103;99m▄[38;2;39;46;46m[48;2;117;118;101m▄[38;2;38;44;43m[48;2;117;112;90m▄[38;2;47;53;46m[48;2;128;121;96m▄[38;2;67;68;55m[48;2;125;115;89m▄[38;2;83;78;59m[48;2;112;101;76m▄[38;2;98;90;66m[48;2;111;98;73m▄[38;2;103;93;71m[48;2;113;97;72m▄[38;2;106;96;77m[48;2;114;96;71m▄[38;2;123;108;83m[48;2;124;98;69m▄[38;2;159;131;95m[48;2;147;110;78m▄[38;2;140;117;85m[48;2;127;92;61m▄[38;2;172;146;107m[48;2;126;95;61m▄[38;2;191;150;108m[48;2;75;59;37m▄[38;2;99;75;49m[48;2;31;27;15m▄[38;2;39;31;19m[48;2;40;35;21m▄[38;2;43;36;25m[48;2;43;36;22m▄[38;2;44;37;25m[48;2;41;33;22m▄[38;2;48;39;27m[48;2;41;35;22m▄[38;2;47;38;28m[48;2;44;38;23m▄[0m
[38;2;54;61;33m[48;2;48;54;26m▄[38;2;100;85;44m[48;2;58;62;34m▄[38;2;240;173;78m[48;2;87;77;39m▄[38;2;255;204;86m[48;2;212;163;76m▄[38;2;251;185;77m[48;2;250;195;89m▄[38;2;251;192;81m[48;2;217;133;52m▄[38;2;239;151;60m[48;2;194;94;37m▄[38;2;241;135;47m[48;2;184;86;35m▄[38;2;240;137;36m[48;2;206;100;37m▄[38;2;247;147;38m[48;2;217;106;37m▄[38;2;248;187;71m[48;2;245;163;60m▄[38;2;250;230;112m[48;2;251;226;111m▄[38;2;250;223;98m[48;2;248;223;110m▄[38;2;247;203;83m[48;2;255;240;124m▄[38;2;210;129;44m[48;2;254;225;97m▄[38;2;157;66;19m[48;2;231;183;79m▄[38;2;158;66;22m[48;2;236;162;59m▄[38;2;159;68;22m[48;2;252;182;69m▄[38;2;209;97;26m[48;2;237;142;48m▄[38;2;195;97;42m[48;2;141;42;0m▄[38;2;153;141;133m[48;2;65;39;18m▄[38;2;133;171;174m[48;2;75;82;62m▄[38;2;131;175;176m[48;2;92;104;91m▄[38;2;122;163;167m[48;2;105;138;136m▄[38;2;116;161;175m[48;2;107;150;156m▄[38;2;124;177;192m[48;2;100;147;159m▄[38;2;120;166;174m[48;2;104;149;158m▄[38;2;107;138;141m[48;2;105;155;165m▄[38;2;106;132;134m[48;2;98;147;162m▄[38;2;101;125;123m[48;2;83;120;128m▄[38;2;98;121;115m[48;2;74;102;105m▄[38;2;97;118;112m[48;2;73;100;103m▄[38;2;89;107;102m[48;2;75;102;106m▄[38;2;85;100;94m[48;2;73;102;107m▄[38;2;83;97;87m[48;2;70;97;98m▄[38;2;80;91;80m[48;2;70;89;87m▄[38;2;79;86;73m[48;2;67;82;78m▄[38;2;74;79;65m[48;2;63;76;73m▄[38;2;71;73;60m[48;2;61;71;64m▄[38;2;70;72;58m[48;2;56;64;55m▄[38;2;65;70;56m[48;2;50;57;50m▄[38;2;62;67;55m[48;2;47;54;49m▄[38;2;61;64;51m[48;2;44;52;46m▄[38;2;63;62;47m[48;2;45;51;44m▄[38;2;62;61;45m[48;2;49;52;44m▄[38;2;62;59;45m[48;2;49;51;44m▄[38;2;63;60;44m[48;2;46;47;41m▄[38;2;66;59;40m[48;2;44;44;35m▄[38;2;68;59;38m[48;2;42;42;29m▄[38;2;56;47;24m[48;2;38;37;20m▄[38;2;137;117;85m[48;2;147;131;99m▄[38;2;152;126;93m[48;2;113;92;70m▄[38;2;215;200;160m[48;2;159;137;105m▄[38;2;227;202;161m[48;2;220;186;145m▄[38;2;69;51;32m[48;2;161;119;85m▄[38;2;136;99;68m[48;2;138;103;74m▄[38;2;164;124;88m[48;2;66;49;30m▄[38;2;86;67;47m[48;2;54;45;30m▄[38;2;59;46;36m[48;2;60;51;35m▄[38;2;64;51;39m[48;2;56;47;35m▄[0m
[38;2;95;91;58m[48;2;84;78;45m▄[38;2;106;102;67m[48;2;91;85;52m▄[38;2;94;95;68m[48;2;112;98;61m▄[38;2;88;91;67m[48;2;148;127;67m▄[38;2;121;111;69m[48;2;226;167;69m▄[38;2;147;124;74m[48;2;255;192;78m▄[38;2;156;118;69m[48;2;234;161;68m▄[38;2;183;126;62m[48;2;211;127;48m▄[38;2;235;171;69m[48;2;247;188;72m▄[38;2;252;232;112m[48;2;253;227;101m▄[38;2;253;254;160m[48;2;253;240;116m▄[38;2;253;254;159m[48;2;254;249;124m▄[38;2;254;231;102m[48;2;249;210;86m▄[38;2;200;134;51m[48;2;206;97;17m▄[38;2;141;97;62m[48;2;207;92;23m▄[38;2;162;121;73m[48;2;227;116;32m▄[38;2;232;203;97m[48;2;222;125;26m▄[38;2;225;195;93m[48;2;219;129;28m▄[38;2;180;164;105m[48;2;213;109;20m▄[38;2;145;146;131m[48;2;184;101;44m▄[38;2;141;162;162m[48;2;183;185;184m▄[38;2;143;164;165m[48;2;198;238;254m▄[38;2;173;187;185m[48;2;174;202;213m▄[38;2;206;225;226m[48;2;152;184;196m▄[38;2;201;217;216m[48;2;136;166;164m▄[38;2;159;173;165m[48;2;126;146;136m▄[38;2;126;137;123m[48;2;125;143;132m▄[38;2;131;140;120m[48;2;128;145;133m▄[38;2;139;149;126m[48;2;128;147;139m▄[38;2;141;147;125m[48;2;128;147;135m▄[38;2;145;144;114m[48;2;129;142;122m▄[38;2;143;139;106m[48;2;132;137;114m▄[38;2;145;136;101m[48;2;128;128;105m▄[38;2;139;130;86m[48;2;103;103;84m▄[38;2;113;104;69m[48;2;90;93;72m▄[38;2;106;97;71m[48;2;89;90;71m▄[38;2;103;98;69m[48;2;88;89;68m▄[38;2;99;94;64m[48;2;87;89;67m▄[38;2;96;90;63m[48;2;85;85;67m▄[38;2;94;87;62m[48;2;85;83;65m▄[38;2;92;85;55m[48;2;85;84;61m▄[38;2;88;80;50m[48;2;79;80;59m▄[38;2;83;75;48m[48;2;74;74;55m▄[38;2;79;71;43m[48;2;76;73;53m▄[38;2;73;66;40m[48;2;74;70;51m▄[38;2;71;62;38m[48;2;73;66;44m▄[38;2;72;59;36m[48;2;74;64;43m▄[38;2;70;57;33m[48;2;82;69;43m▄[38;2;62;46;15m[48;2;86;70;40m▄[38;2;100;84;52m[48;2;71;55;28m▄[38;2;219;212;186m[48;2;87;67;40m▄[38;2;242;232;203m[48;2;225;208;171m▄[38;2;113;94;67m[48;2;237;228;196m▄[38;2;55;43;22m[48;2;115;95;71m▄[38;2;73;59;40m[48;2;54;38;24m▄[38;2;60;51;34m[48;2;50;37;23m▄[38;2;54;44;27m[48;2;111;83;58m▄[38;2;83;60;43m[48;2;140;104;78m▄[38;2;124;87;65m[48;2;77;53;39m▄[38;2;97;70;49m[48;2;57;41;26m▄[0m
[38;2;108;106;58m[48;2;101;99;58m▄[38;2;116;117;68m[48;2;114;111;72m▄[38;2;137;113;68m[48;2;111;109;78m▄[38;2;191;118;53m[48;2;110;112;80m▄[38;2;186;117;50m[48;2;106;110;79m▄[38;2;203;122;43m[48;2;125;119;88m▄[38;2;206;94;25m[48;2;204;156;111m▄[38;2;202;89;19m[48;2;194;117;63m▄[38;2;230;134;30m[48;2;193;101;36m▄[38;2;234;157;29m[48;2;227;142;46m▄[38;2;246;228;132m[48;2;244;214;125m▄[38;2;250;254;201m[48;2;251;254;197m▄[38;2;251;253;189m[48;2;254;255;163m▄[38;2;253;255;183m[48;2;243;245;153m▄[38;2;255;255;197m[48;2;226;228;138m▄[38;2;251;240;147m[48;2;224;214;117m▄[38;2;191;185;134m[48;2;166;169;144m▄[38;2;191;198;173m[48;2;146;169;172m▄[38;2;183;179;150m[48;2;157;186;190m▄[38;2;175;171;134m[48;2;156;178;167m▄[38;2;166;162;120m[48;2;148;156;129m▄[38;2;165;162;124m[48;2;138;139;110m▄[38;2;163;161;126m[48;2;128;130;106m▄[38;2;154;152;117m[48;2;126;132;111m▄[38;2;132;127;91m[48;2;154;166;158m▄[38;2;127;123;88m[48;2;206;224;223m▄[38;2;161;161;139m[48;2;216;228;223m▄[38;2;194;195;180m[48;2;179;182;158m▄[38;2;206;204;186m[48;2;152;148;112m▄[38;2;189;183;159m[48;2;147;139;103m▄[38;2;163;153;116m[48;2;150;139;102m▄[38;2;154;142;100m[48;2;149;137;96m▄[38;2;154;146;111m[48;2;149;136;94m▄[38;2;152;147;113m[48;2;150;141;97m▄[38;2;152;147;116m[48;2;142;136;99m▄[38;2;147;140;110m[48;2;117;109;85m▄[38;2;119;112;83m[48;2;108;101;75m▄[38;2;101;95;71m[48;2;103;97;73m▄[38;2;97;87;63m[48;2;100;92;67m▄[38;2;92;74;47m[48;2;97;85;57m▄[38;2;84;67;34m[48;2;91;77;46m▄[38;2;79;65;27m[48;2;89;75;42m▄[38;2;83;66;25m[48;2;89;72;40m▄[38;2;92;74;32m[48;2;90;73;35m▄[38;2;97;77;36m[48;2;90;74;35m▄[38;2;87;67;29m[48;2;86;72;39m▄[38;2;82;64;27m[48;2;77;63;35m▄[38;2;180;171;145m[48;2;62;45;16m▄[38;2;255;255;247m[48;2;134;119;92m▄[38;2;160;147;125m[48;2;249;246;233m▄[38;2;52;36;17m[48;2;188;182;164m▄[38;2;59;43;25m[48;2;97;75;50m▄[38;2;148;119;84m[48;2;127;104;72m▄[38;2;91;71;45m[48;2;62;48;27m▄[38;2;61;49;29m[48;2;64;52;35m▄[38;2;64;52;33m[48;2;55;46;32m▄[38;2;68;55;35m[48;2;60;49;37m▄[38;2;66;54;38m[48;2;52;44;34m▄[38;2;55;47;32m[48;2;54;44;35m▄[38;2;66;53;36m[48;2;111;87;67m▄[0m
[38;2;150;135;84m[48;2;108;103;58m▄[38;2;175;163;115m[48;2;118;110;66m▄[38;2;163;154;120m[48;2;140;104;60m▄[38;2;160;152;120m[48;2;205;111;39m▄[38;2;215;198;148m[48;2;249;134;42m▄[38;2;255;243;149m[48;2;255;160;44m▄[38;2;251;248;142m[48;2;241;167;38m▄[38;2;250;255;174m[48;2;235;167;50m▄[38;2;251;255;185m[48;2;249;228;108m▄[38;2;252;254;202m[48;2;249;241;134m▄[38;2;237;231;192m[48;2;251;248;162m▄[38;2;238;234;214m[48;2;252;255;230m▄[38;2;235;232;218m[48;2;252;255;228m▄[38;2;219;212;180m[48;2;247;230;134m▄[38;2;215;206;151m[48;2;248;237;139m▄[38;2;219;208;158m[48;2;249;242;153m▄[38;2;204;195;153m[48;2;240;231;132m▄[38;2;205;195;163m[48;2;214;199;119m▄[38;2;198;185;156m[48;2;166;147;93m▄[38;2;200;187;157m[48;2;171;153;98m▄[38;2;199;181;140m[48;2;176;157;103m▄[38;2;203;180;132m[48;2;177;160;111m▄[38;2;197;174;119m[48;2;175;158;109m▄[38;2;183;163;103m[48;2;174;156;101m▄[38;2;176;160;99m[48;2;174;155;98m▄[38;2;177;162;104m[48;2;170;151;93m▄[38;2;177;163;111m[48;2;160;140;88m▄[38;2;178;163;117m[48;2;157;138;93m▄[38;2;178;161;118m[48;2;170;157;120m▄[38;2;172;158;117m[48;2;188;183;155m▄[38;2;171;161;123m[48;2;177;172;142m▄[38;2;173;162;122m[48;2;161;154;116m▄[38;2;174;156;113m[48;2;161;155;123m▄[38;2;173;153;104m[48;2;160;153;119m▄[38;2;174;150;96m[48;2;162;150;108m▄[38;2;176;144;90m[48;2;164;148;107m▄[38;2;177;143;81m[48;2;161;143;100m▄[38;2;165;134;74m[48;2;128;109;67m▄[38;2;112;89;43m[48;2;97;79;41m▄[38;2;85;65;26m[48;2;91;71;35m▄[38;2;86;67;26m[48;2;86;67;33m▄[38;2;100;79;35m[48;2;87;70;34m▄[38;2;113;86;41m[48;2;95;74;37m▄[38;2;109;78;28m[48;2;102;79;38m▄[38;2;145;123;78m[48;2;92;67;24m▄[38;2;241;239;224m[48;2;108;86;47m▄[38;2;243;237;224m[48;2;216;209;189m▄[38;2;135;107;73m[48;2;255;255;245m▄[38;2;97;65;24m[48;2;146;124;90m▄[38;2;106;78;38m[48;2;84;57;21m▄[38;2;102;78;40m[48;2;85;63;36m▄[38;2;93;71;36m[48;2;79;58;29m▄[38;2;100;75;43m[48;2;137;103;64m▄[38;2;90;67;39m[48;2;97;72;41m▄[38;2;85;63;39m[48;2;81;62;35m▄[38;2;83;62;35m[48;2;77;60;33m▄[38;2;86;68;42m[48;2;71;55;30m▄[38;2;78;64;46m[48;2;67;52;33m▄[38;2;72;58;38m[48;2;67;55;36m▄[38;2;85;65;42m[48;2;74;62;36m▄[0m
[38;2;125;121;69m[48;2;129;120;75m▄[38;2;137;133;74m[48;2;134;125;80m▄[38;2;137;128;72m[48;2;127;117;75m▄[38;2;150;134;74m[48;2;132;121;78m▄[38;2;156;138;74m[48;2;133;122;75m▄[38;2;158;139;69m[48;2;184;173;114m▄[38;2;203;181;119m[48;2;228;223;170m▄[38;2;163;145;95m[48;2;228;223;182m▄[38;2;171;152;103m[48;2;228;219;177m▄[38;2;185;161;108m[48;2;213;205;167m▄[38;2;180;156;96m[48;2;206;200;174m▄[38;2;154;133;72m[48;2;203;198;171m▄[38;2;152;133;77m[48;2;182;175;143m▄[38;2;165;147;97m[48;2;176;166;129m▄[38;2;176;161;114m[48;2;176;161;122m▄[38;2;195;182;141m[48;2;169;151;105m▄[38;2;211;197;160m[48;2;157;135;80m▄[38;2;218;196;143m[48;2;160;136;79m▄[38;2;204;175;106m[48;2;160;138;85m▄[38;2;196;170;106m[48;2;169;151;101m▄[38;2;188;164;107m[48;2;177;158;115m▄[38;2;174;159;112m[48;2;182;169;132m▄[38;2;159;155;114m[48;2;189;182;149m▄[38;2;159;156;128m[48;2;192;185;157m▄[38;2;168;166;140m[48;2;187;181;144m▄[38;2;172;171;141m[48;2;178;169;126m▄[38;2;167;161;126m[48;2;170;161;121m▄[38;2;176;161;116m[48;2;175;167;129m▄[38;2;176;156;106m[48;2;177;167;128m▄[38;2;170;150;101m[48;2;178;162;119m▄[38;2;173;146;98m[48;2;181;162;115m▄[38;2;183;148;93m[48;2;182;160;113m▄[38;2;191;149;83m[48;2;183;154;100m▄[38;2;191;149;79m[48;2;184;151;89m▄[38;2;188;148;81m[48;2;186;148;79m▄[38;2;184;145;81m[48;2;185;143;75m▄[38;2;176;141;78m[48;2;177;141;77m▄[38;2;164;133;75m[48;2;167;136;72m▄[38;2;154;121;67m[48;2;147;118;58m▄[38;2;127;101;53m[48;2;95;74;30m▄[38;2;97;75;31m[48;2;83;64;24m▄[38;2;149;127;84m[48;2;100;75;24m▄[38;2;220;210;189m[48;2;120;90;39m▄[38;2;255;255;255m[48;2;182;161;124m▄[38;2;219;200;169m[48;2;255;255;250m▄[38;2;138;99;45m[48;2;222;213;191m▄[38;2;126;92;44m[48;2;126;96;52m▄[38;2;125;94;52m[48;2;112;80;38m▄[38;2;139;101;50m[48;2;126;95;47m▄[38;2;145;101;45m[48;2;125;94;44m▄[38;2;142;102;54m[48;2;121;89;41m▄[38;2;122;92;49m[48;2;104;76;33m▄[38;2;118;89;48m[48;2;102;76;43m▄[38;2;115;86;46m[48;2;100;76;45m▄[38;2;111;83;45m[48;2;92;72;41m▄[38;2;107;82;42m[48;2;96;75;42m▄[38;2;105;79;44m[48;2;99;75;45m▄[38;2;104;78;48m[48;2;97;74;47m▄[38;2;99;75;50m[48;2;90;70;47m▄[38;2;105;80;56m[48;2;98;73;56m▄[0m
[38;2;108;103;45m[48;2;123;114;58m▄[38;2;119;112;49m[48;2;130;122;61m▄[38;2;115;109;52m[48;2;127;115;61m▄[38;2;116;110;56m[48;2;139;121;63m▄[38;2;116;104;54m[48;2;144;125;71m▄[38;2;117;104;58m[48;2;139;123;70m▄[38;2;121;111;66m[48;2;174;158;106m▄[38;2;188;177;132m[48;2;201;178;121m▄[38;2;165;150;88m[48;2;147;123;51m▄[38;2;141;123;58m[48;2;155;130;72m▄[38;2;140;117;59m[48;2;184;158;105m▄[38;2;143;121;64m[48;2;201;179;120m▄[38;2;157;141;91m[48;2;190;166;104m▄[38;2;174;158;112m[48;2;174;147;79m▄[38;2;192;168;113m[48;2;152;123;46m▄[38;2;186;157;91m[48;2;149;119;49m▄[38;2;179;144;67m[48;2;155;131;69m▄[38;2;183;145;69m[48;2;184;167;120m▄[38;2;190;152;74m[48;2;194;176;127m▄[38;2;192;155;66m[48;2;190;172;123m▄[38;2;189;157;74m[48;2;184;172;131m▄[38;2;184;160;91m[48;2;186;176;137m▄[38;2;184;157;92m[48;2;188;183;148m▄[38;2;181;157;97m[48;2;186;183;146m▄[38;2;178;158;98m[48;2;178;166;122m▄[38;2;174;152;91m[48;2;175;162;112m▄[38;2;170;144;80m[48;2;171;158;106m▄[38;2;179;144;74m[48;2;169;149;95m▄[38;2;195;156;75m[48;2;177;149;89m▄[38;2;203;164;84m[48;2;184;149;84m▄[38;2;200;160;87m[48;2;189;149;84m▄[38;2;208;163;87m[48;2;195;152;85m▄[38;2;210;163;85m[48;2;198;154;82m▄[38;2;204;160;89m[48;2;198;153;87m▄[38;2;195;153;87m[48;2;195;152;86m▄[38;2;175;139;71m[48;2;182;143;76m▄[38;2;149;118;59m[48;2;162;129;70m▄[38;2;116;87;34m[48;2;149;119;66m▄[38;2;119;103;73m[48;2;110;84;40m▄[38;2;212;204;188m[48;2;87;65;26m▄[38;2;224;218;203m[48;2;197;184;150m▄[38;2;254;255;239m[48;2;255;255;251m▄[38;2;217;195;155m[48;2;255;255;255m▄[38;2;148;103;47m[48;2;217;192;156m▄[38;2;151;108;53m[48;2;150;104;48m▄[38;2;152;111;55m[48;2;152;108;53m▄[38;2;151;110;54m[48;2;147;106;58m▄[38;2;148;108;53m[48;2;132;96;53m▄[38;2;142;106;54m[48;2;128;92;49m▄[38;2;137;103;55m[48;2;130;92;46m▄[38;2;135;99;54m[48;2;131;97;56m▄[38;2;130;96;54m[48;2;124;95;59m▄[38;2;124;94;50m[48;2;117;91;48m▄[38;2;120;94;54m[48;2;116;89;48m▄[38;2;116;92;60m[48;2;117;88;52m▄[38;2;114;88;59m[48;2;113;86;49m▄[38;2;107;84;52m[48;2;106;82;45m▄[38;2;102;81;52m[48;2;103;80;46m▄[38;2;98;80;52m[48;2;99;77;43m▄[38;2;101;84;53m[48;2;103;83;48m▄[0m
[38;2;88;109;79m[48;2;43;50;9m▄[38;2;96;117;86m[48;2;48;50;10m▄[38;2;78;94;67m[48;2;51;51;15m▄[38;2;72;82;51m[48;2;73;72;29m▄[38;2;88;91;46m[48;2;105;100;48m▄[38;2;133;131;69m[48;2;125;118;56m▄[38;2;154;145;74m[48;2;131;120;54m▄[38;2;149;133;61m[48;2;137;122;60m▄[38;2;157;140;80m[48;2;191;175;124m▄[38;2;195;176;112m[48;2;150;130;77m▄[38;2;159;135;64m[48;2;133;113;62m▄[38;2;155;134;64m[48;2;144;125;67m▄[38;2;155;135;65m[48;2;147;126;61m▄[38;2;155;135;66m[48;2;140;118;55m▄[38;2;155;133;67m[48;2;150;132;73m▄[38;2;153;130;62m[48;2;173;157;104m▄[38;2;170;145;77m[48;2;184;162;104m▄[38;2;171;143;76m[48;2;177;143;77m▄[38;2;171;138;69m[48;2;177;142;73m▄[38;2;177;142;75m[48;2;179;143;72m▄[38;2;179;144;83m[48;2;179;147;75m▄[38;2;178;144;82m[48;2;180;147;81m▄[38;2;177;144;80m[48;2;187;147;81m▄[38;2;193;155;82m[48;2;193;153;79m▄[38;2;206;164;85m[48;2;190;155;82m▄[38;2;207;164;82m[48;2;185;151;78m▄[38;2;208;165;81m[48;2;186;149;72m▄[38;2;209;166;83m[48;2;192;153;79m▄[38;2;214;170;90m[48;2;199;158;81m▄[38;2;216;173;90m[48;2;204;164;85m▄[38;2;215;172;86m[48;2;207;169;91m▄[38;2;212;167;91m[48;2;209;169;93m▄[38;2;212;170;95m[48;2;209;168;93m▄[38;2;213;169;98m[48;2;207;167;95m▄[38;2;202;159;92m[48;2;193;154;88m▄[38;2;178;139;74m[48;2;154;118;64m▄[38;2;204;170;111m[48;2;140;108;62m▄[38;2;238;207;152m[48;2;177;161;133m▄[38;2;165;135;83m[48;2;222;214;192m▄[38;2;200;188;161m[48;2;155;141;117m▄[38;2;243;218;169m[48;2;198;192;177m▄[38;2;211;163;86m[48;2;237;220;183m▄[38;2;220;170;92m[48;2;190;143;75m▄[38;2;204;159;90m[48;2;166;122;62m▄[38;2;179;135;74m[48;2;166;125;70m▄[38;2;179;135;71m[48;2;168;127;69m▄[38;2;173;127;71m[48;2;165;123;67m▄[38;2;168;123;74m[48;2;162;120;68m▄[38;2;168;124;72m[48;2;157;115;66m▄[38;2;166;121;74m[48;2;147;106;63m▄[38;2;160;116;67m[48;2;139;101;60m▄[38;2;153;114;66m[48;2;134;101;59m▄[38;2;145;112;67m[48;2;131;99;60m▄[38;2;142;108;62m[48;2;132;99;59m▄[38;2;144;108;66m[48;2;129;98;60m▄[38;2;144;109;70m[48;2;126;97;64m▄[38;2;143;109;65m[48;2;120;93;61m▄[38;2;142;108;64m[48;2;116;88;57m▄[38;2;137;104;70m[48;2;112;86;59m▄[38;2;151;114;87m[48;2;122;94;68m▄[0m
