[38;2;31;29;15m[48;2;38;35;21m▄[38;2;33;35;19m[48;2;38;38;26m▄[38;2;34;34;21m[48;2;34;34;22m▄[38;2;40;38;25m[48;2;36;38;24m▄[38;2;37;35;22m[48;2;36;34;20m▄[38;2;30;32;19m[48;2;32;32;19m▄[38;2;31;33;23m[48;2;34;34;20m▄[38;2;37;37;30m[48;2;38;38;24m▄[38;2;38;39;31m[48;2;38;38;26m▄[38;2;40;41;33m[48;2;38;38;28m▄[38;2;39;40;33m[48;2;38;38;30m▄[38;2;38;40;33m[48;2;34;36;28m▄[38;2;37;40;33m[48;2;36;38;32m▄[38;2;21;22;17m[48;2;26;28;24m▄[38;2;13;9;0m[48;2;13;11;3m▄[38;2;29;18;6m[48;2;32;20;9m▄[38;2;48;27;20m[48;2;43;26;19m▄[38;2;46;27;18m[48;2;39;22;13m▄[38;2;39;22;8m[48;2;32;19;3m▄[38;2;31;14;1m[48;2;26;13;1m▄[38;2;42;23;8m[48;2;38;20;7m▄[38;2;48;37;28m[48;2;49;38;30m▄[38;2;39;40;35m[48;2;47;49;43m▄[38;2;40;42;36m[48;2;41;43;38m▄[38;2;45;46;39m[48;2;39;41;36m▄[38;2;50;52;47m[48;2;43;45;41m▄[38;2;46;41;32m[48;2;38;30;20m▄[38;2;26;13;0m[48;2;24;11;1m▄[38;2;31;18;6m[48;2;28;17;7m▄[38;2;61;40;31m[48;2;58;39;32m▄[38;2;82;61;55m[48;2;72;55;47m▄[38;2;95;71;67m[48;2;87;68;62m▄[38;2;109;77;74m[48;2;98;70;72m▄[38;2;94;72;71m[48;2;93;68;68m▄[38;2;63;64;68m[48;2;58;58;60m▄[38;2;69;69;75m[48;2;62;62;64m▄[38;2;52;44;39m[48;2;36;30;20m▄[38;2;31;12;0m[48;2;30;13;1m▄[38;2;58;33;17m[48;2;53;30;15m▄[38;2;69;44;29m[48;2;60;38;26m▄[38;2;60;36;21m[48;2;53;32;17m▄[38;2;40;20;2m[48;2;36;19;1m▄[38;2;52;44;38m[48;2;41;34;24m▄[38;2;66;66;71m[48;2;58;58;58m▄[38;2;60;60;64m[48;2;53;53;51m▄[38;2;62;61;66m[48;2;57;55;58m▄[38;2;61;60;65m[48;2;58;58;62m▄[38;2;58;59;63m[48;2;58;58;64m▄[38;2;59;59;62m[48;2;60;58;64m▄[38;2;58;57;59m[48;2;64;60;68m▄[38;2;56;57;60m[48;2;64;64;70m▄[38;2;59;52;46m[48;2;62;55;51m▄[38;2;31;14;6m[48;2;28;13;5m▄[38;2;24;8;2m[48;2;22;5;1m▄[38;2;39;19;3m[48;2;38;19;3m▄[38;2;54;31;14m[48;2;51;28;13m▄[38;2;69;41;27m[48;2;62;39;24m▄[38;2;65;40;24m[48;2;62;38;20m▄[38;2;46;41;35m[48;2;43;34;24m▄[38;2;46;48;45m[48;2;38;39;34m▄[0m
[38;2;28;24;13m[48;2;28;28;15m▄[38;2;27;28;15m[48;2;29;31;16m▄[38;2;25;25;14m[48;2;26;26;13m▄[38;2;28;28;17m[48;2;29;28;17m▄[38;2;28;29;21m[48;2;27;28;18m▄[38;2;30;30;22m[48;2;25;26;17m▄[38;2;28;28;20m[48;2;25;26;20m▄[38;2;22;24;16m[48;2;27;28;22m▄[38;2;21;23;15m[48;2;27;28;21m▄[38;2;20;23;15m[48;2;29;30;22m▄[38;2;22;24;16m[48;2;27;29;21m▄[38;2;28;30;23m[48;2;27;29;21m▄[38;2;32;33;25m[48;2;22;23;16m▄[38;2;38;37;29m[48;2;20;22;16m▄[38;2;41;39;31m[48;2;25;23;13m▄[38;2;25;16;5m[48;2;24;15;4m▄[38;2;48;30;22m[48;2;46;29;21m▄[38;2;53;35;28m[48;2;47;30;22m▄[38;2;46;29;21m[48;2;41;24;15m▄[38;2;34;18;4m[48;2;32;16;2m▄[38;2;35;19;4m[48;2;36;20;7m▄[38;2;50;39;30m[48;2;48;37;28m▄[38;2;52;52;45m[48;2;47;47;39m▄[38;2;56;58;52m[48;2;53;54;48m▄[38;2;56;57;52m[48;2;55;56;50m▄[38;2;57;58;53m[48;2;57;59;53m▄[38;2;58;58;52m[48;2;54;53;45m▄[38;2;37;24;14m[48;2;27;17;4m▄[38;2;30;13;4m[48;2;28;15;5m▄[38;2;63;41;35m[48;2;59;39;31m▄[38;2;81;59;57m[48;2;79;58;55m▄[38;2;92;66;64m[48;2;88;63;61m▄[38;2;100;72;69m[48;2;100;70;67m▄[38;2;67;59;63m[48;2;76;63;65m▄[38;2;56;55;62m[48;2;58;59;64m▄[38;2;56;58;63m[48;2;64;64;71m▄[38;2;53;49;47m[48;2;56;50;48m▄[38;2;33;16;1m[48;2;30;14;0m▄[38;2;57;35;23m[48;2;54;32;18m▄[38;2;71;48;41m[48;2;68;43;32m▄[38;2;61;40;30m[48;2;58;36;22m▄[38;2;42;27;13m[48;2;38;20;5m▄[38;2;39;36;33m[48;2;48;43;41m▄[38;2;36;37;37m[48;2;49;49;52m▄[38;2;35;35;35m[48;2;43;43;45m▄[38;2;38;38;38m[48;2;45;44;47m▄[38;2;40;40;39m[48;2;40;40;41m▄[38;2;42;41;41m[48;2;39;39;39m▄[38;2;44;45;44m[48;2;39;39;39m▄[38;2;46;48;48m[48;2;39;40;39m▄[38;2;50;51;53m[48;2;40;42;41m▄[38;2;56;50;46m[48;2;47;41;35m▄[38;2;30;13;5m[48;2;30;14;6m▄[38;2;24;8;1m[48;2;22;7;1m▄[38;2;48;26;10m[48;2;39;19;5m▄[38;2;71;42;31m[48;2;62;37;23m▄[38;2;69;44;33m[48;2;70;43;29m▄[38;2;62;55;54m[48;2;56;41;32m▄[38;2;64;65;71m[48;2;51;50;53m▄[38;2;67;66;73m[48;2;53;53;57m▄[0m
[38;2;50;45;37m[48;2;46;43;35m▄[38;2;50;47;37m[48;2;47;46;37m▄[38;2;46;45;35m[48;2;43;43;34m▄[38;2;48;47;39m[48;2;44;44;36m▄[38;2;51;49;40m[48;2;43;44;35m▄[38;2;42;40;29m[48;2;41;38;28m▄[38;2;40;38;27m[48;2;36;34;26m▄[38;2;36;34;24m[48;2;29;30;22m▄[38;2;30;30;21m[48;2;27;28;19m▄[38;2;25;26;18m[48;2;22;25;16m▄[38;2;20;23;12m[48;2;22;23;15m▄[38;2;19;21;11m[48;2;23;24;17m▄[38;2;30;30;22m[48;2;31;32;23m▄[38;2;37;37;29m[48;2;38;36;27m▄[38;2;40;42;35m[48;2;43;40;31m▄[38;2;31;24;14m[48;2;28;19;9m▄[38;2;49;31;23m[48;2;52;31;24m▄[38;2;72;52;48m[48;2;64;41;37m▄[38;2;64;47;42m[48;2;54;36;29m▄[38;2;46;29;19m[48;2;38;22;10m▄[38;2;35;18;5m[48;2;34;17;2m▄[38;2;48;41;34m[48;2;47;38;30m▄[38;2;46;48;45m[48;2;49;51;46m▄[38;2;45;46;44m[48;2;53;55;51m▄[38;2;42;43;40m[48;2;56;57;53m▄[38;2;39;40;36m[48;2;56;57;53m▄[38;2;40;41;37m[48;2;62;63;63m▄[38;2;36;27;16m[48;2;43;33;24m▄[38;2;30;13;4m[48;2;29;12;2m▄[38;2;70;45;42m[48;2;67;42;39m▄[38;2;96;69;68m[48;2;89;63;62m▄[38;2;100;70;67m[48;2;97;68;66m▄[38;2;89;63;60m[48;2;96;69;67m▄[38;2;40;39;37m[48;2;50;46;45m▄[38;2;40;40;41m[48;2;44;43;42m▄[38;2;42;45;46m[48;2;41;42;42m▄[38;2;57;51;48m[48;2;49;45;41m▄[38;2;46;25;15m[48;2;42;24;11m▄[38;2;64;38;31m[48;2;59;36;26m▄[38;2;78;55;50m[48;2;80;57;51m▄[38;2;80;57;51m[48;2;69;48;42m▄[38;2;51;40;32m[48;2;46;31;23m▄[38;2;57;57;56m[48;2;44;42;40m▄[38;2;60;59;59m[48;2;45;45;44m▄[38;2;59;59;60m[48;2;43;43;43m▄[38;2;62;61;65m[48;2;47;47;47m▄[38;2;65;64;70m[48;2;51;51;50m▄[38;2;65;64;71m[48;2;53;53;53m▄[38;2;66;64;70m[48;2;59;58;61m▄[38;2;66;66;72m[48;2;64;64;68m▄[38;2;70;68;73m[48;2;71;71;78m▄[38;2;46;34;26m[48;2;62;54;51m▄[38;2;30;12;1m[48;2;27;11;1m▄[38;2;55;30;17m[48;2;35;16;5m▄[38;2;74;46;38m[48;2;62;36;24m▄[38;2;77;48;39m[48;2;72;43;33m▄[38;2;71;52;46m[48;2;67;46;38m▄[38;2;66;68;73m[48;2;73;71;75m▄[38;2;68;70;77m[48;2;74;74;80m▄[38;2;76;76;84m[48;2;79;80;86m▄[0m
[38;2;52;54;54m[48;2;54;52;50m▄[38;2;52;54;52m[48;2;53;52;47m▄[38;2;46;49;43m[48;2;49;49;43m▄[38;2;44;46;38m[48;2;50;51;44m▄[38;2;37;37;30m[48;2;49;47;38m▄[38;2;41;42;33m[48;2;43;41;32m▄[38;2;41;41;34m[48;2;39;38;28m▄[38;2;32;33;27m[48;2;33;33;24m▄[38;2;25;26;19m[48;2;28;29;21m▄[38;2;18;19;11m[48;2;24;26;17m▄[38;2;16;17;9m[48;2;21;22;13m▄[38;2;14;15;7m[48;2;21;22;12m▄[38;2;14;15;8m[48;2;27;28;21m▄[38;2;16;17;9m[48;2;32;33;27m▄[38;2;14;17;8m[48;2;36;39;33m▄[38;2;22;18;6m[48;2;32;25;14m▄[38;2;48;29;19m[48;2;46;29;19m▄[38;2;82;58;56m[48;2;81;60;59m▄[38;2;82;64;64m[48;2;76;58;57m▄[38;2;57;40;34m[48;2;50;33;26m▄[38;2;39;22;13m[48;2;38;21;8m▄[38;2;39;27;18m[48;2;40;30;21m▄[38;2;28;28;19m[48;2;26;26;16m▄[38;2;33;32;24m[48;2;23;23;11m▄[38;2;36;35;28m[48;2;24;23;12m▄[38;2;40;39;33m[48;2;26;26;17m▄[38;2;45;45;40m[48;2;28;30;22m▄[38;2;36;27;18m[48;2;30;22;12m▄[38;2;36;18;7m[48;2;32;15;5m▄[38;2;84;56;55m[48;2;78;51;49m▄[38;2;102;72;75m[48;2;99;71;73m▄[38;2;105;72;75m[48;2;102;73;72m▄[38;2;92;70;72m[48;2;84;63;62m▄[38;2;67;68;73m[48;2;47;47;46m▄[38;2;74;74;80m[48;2;50;53;54m▄[38;2;112;107;113m[48;2;53;55;57m▄[38;2;104;86;90m[48;2;70;61;58m▄[38;2;65;40;38m[48;2;55;32;26m▄[38;2;83;57;55m[48;2;67;40;35m▄[38;2;84;60;56m[48;2;78;53;50m▄[38;2;83;58;56m[48;2;91;64;64m▄[38;2;63;51;49m[48;2;63;51;48m▄[38;2;87;85;93m[48;2;79;78;83m▄[38;2;87;85;97m[48;2;83;83;91m▄[38;2;86;85;97m[48;2;84;83;91m▄[38;2;83;83;91m[48;2;83;81;87m▄[38;2;78;77;84m[48;2;81;80;87m▄[38;2;78;77;82m[48;2;80;78;85m▄[38;2;81;81;89m[48;2;78;78;83m▄[38;2;76;72;77m[48;2;79;80;86m▄[38;2;26;14;5m[48;2;50;43;41m▄[38;2;31;11;2m[48;2;27;11;1m▄[38;2;68;40;32m[48;2;47;24;11m▄[38;2;80;55;51m[48;2;71;44;36m▄[38;2;86;61;59m[48;2;77;52;48m▄[38;2;79;56;53m[48;2;79;54;47m▄[38;2;75;61;60m[48;2;75;59;56m▄[38;2;72;70;76m[48;2;63;62;69m▄[38;2;68;67;73m[48;2;59;59;66m▄[38;2;71;70;77m[48;2;62;62;68m▄[0m
[38;2;16;15;1m[48;2;31;33;30m▄[38;2;14;15;1m[48;2;31;34;26m▄[38;2;11;13;2m[48;2;25;26;18m▄[38;2;10;11;1m[48;2;20;21;11m▄[38;2;10;12;1m[48;2;18;19;8m▄[38;2;11;13;0m[48;2;21;22;11m▄[38;2;12;14;1m[48;2;19;20;10m▄[38;2;13;15;3m[48;2;15;17;5m▄[38;2;14;16;4m[48;2;13;15;3m▄[38;2;15;17;5m[48;2;14;16;4m▄[38;2;17;19;7m[48;2;13;15;3m▄[38;2;18;20;9m[48;2;12;14;3m▄[38;2;21;23;12m[48;2;12;15;3m▄[38;2;26;27;17m[48;2;13;16;4m▄[38;2;31;32;24m[48;2;14;16;8m▄[38;2;30;25;14m[48;2;25;21;11m▄[38;2;60;38;32m[48;2;53;31;24m▄[38;2;78;53;50m[48;2;79;55;51m▄[38;2;91;67;69m[48;2;88;68;69m▄[38;2;81;60;59m[48;2;68;51;46m▄[38;2;48;30;22m[48;2;42;25;17m▄[38;2;48;34;28m[48;2;44;31;24m▄[38;2;46;46;43m[48;2;38;38;33m▄[38;2;37;38;30m[48;2;41;42;37m▄[38;2;33;33;26m[48;2;47;47;44m▄[38;2;40;39;37m[48;2;58;57;58m▄[38;2;54;53;54m[48;2;70;70;73m▄[38;2;33;22;12m[48;2;40;31;23m▄[38;2;51;29;22m[48;2;36;16;8m▄[38;2;91;60;58m[48;2;90;60;58m▄[38;2;109;75;75m[48;2;106;73;76m▄[38;2;112;78;79m[48;2;107;73;76m▄[38;2;95;70;71m[48;2;97;76;81m▄[38;2;82;69;67m[48;2;102;101;110m▄[38;2;97;78;75m[48;2;146;135;142m▄[38;2;91;63;60m[48;2;126;104;107m▄[38;2;97;69;66m[48;2;79;54;52m▄[38;2;102;72;73m[48;2;84;56;55m▄[38;2;97;69;71m[48;2;92;68;69m▄[38;2;88;66;65m[48;2;90;65;63m▄[38;2;56;41;35m[48;2;68;50;44m▄[38;2;36;26;18m[48;2;48;38;33m▄[38;2;80;74;78m[48;2;87;81;87m▄[38;2;97;95;105m[48;2;91;88;96m▄[38;2;90;89;99m[48;2;88;86;94m▄[38;2;88;88;99m[48;2;88;87;98m▄[38;2;87;85;96m[48;2;86;84;97m▄[38;2;86;84;95m[48;2;86;84;96m▄[38;2;86;85;96m[48;2;88;87;101m▄[38;2;71;66;68m[48;2;70;65;68m▄[38;2;24;10;0m[48;2;22;7;0m▄[38;2;32;16;3m[48;2;39;17;6m▄[38;2;54;31;17m[48;2;67;39;30m▄[38;2;68;39;29m[48;2;79;52;47m▄[38;2;73;45;38m[48;2;81;55;51m▄[38;2;80;55;50m[48;2;79;54;50m▄[38;2;79;58;54m[48;2;75;56;54m▄[38;2;78;72;77m[48;2;71;68;74m▄[38;2;75;77;83m[48;2;70;70;76m▄[38;2;72;72;77m[48;2;76;76;82m▄[0m
[38;2;30;30;24m[48;2;13;13;1m▄[38;2;33;34;26m[48;2;15;16;4m▄[38;2;32;34;26m[48;2;15;17;6m▄[38;2;36;37;29m[48;2;19;20;9m▄[38;2;40;41;35m[48;2;21;22;11m▄[38;2;41;42;36m[48;2;25;24;12m▄[38;2;44;44;41m[48;2;26;25;12m▄[38;2;48;49;47m[48;2;26;26;16m▄[38;2;47;49;49m[48;2;26;27;19m▄[38;2;54;57;60m[48;2;28;29;21m▄[38;2;63;67;73m[48;2;31;34;29m▄[38;2;71;75;83m[48;2;37;39;39m▄[38;2;75;79;91m[48;2;44;46;48m▄[38;2;101;102;114m[48;2;50;53;57m▄[38;2;107;95;99m[48;2;68;67;70m▄[38;2;63;44;37m[48;2;52;41;34m▄[38;2;79;56;52m[48;2;72;50;45m▄[38;2;89;68;68m[48;2;82;59;58m▄[38;2;90;66;69m[48;2;85;61;63m▄[38;2;82;58;59m[48;2;90;65;66m▄[38;2;56;36;29m[48;2;56;35;28m▄[38;2;47;31;22m[48;2;47;33;26m▄[38;2;68;63;65m[48;2;64;63;65m▄[38;2;71;70;77m[48;2;61;61;63m▄[38;2;69;68;75m[48;2;53;53;51m▄[38;2;66;67;73m[48;2;48;48;45m▄[38;2;49;44;39m[48;2;40;35;28m▄[38;2;40;21;12m[48;2;27;13;3m▄[38;2;80;54;50m[48;2;73;49;44m▄[38;2;77;52;48m[48;2;81;52;49m▄[38;2;105;76;74m[48;2;105;74;72m▄[38;2;109;79;80m[48;2;109;78;76m▄[38;2;106;75;78m[48;2;99;70;69m▄[38;2;110;76;75m[48;2;86;60;54m▄[38;2;105;68;65m[48;2;100;71;67m▄[38;2;79;55;50m[48;2;113;81;80m▄[38;2;55;43;38m[48;2;106;76;77m▄[38;2;42;36;29m[48;2;92;69;69m▄[38;2;37;30;21m[48;2;78;59;57m▄[38;2;27;21;10m[48;2;50;36;32m▄[38;2;23;18;9m[48;2;22;14;6m▄[38;2;24;17;7m[48;2;21;14;3m▄[38;2;34;31;25m[48;2;58;55;55m▄[38;2;39;37;33m[48;2;75;75;83m▄[38;2;45;43;41m[48;2;80;80;89m▄[38;2;55;54;55m[48;2;82;80;90m▄[38;2;66;64;69m[48;2;81;80;89m▄[38;2;74;74;80m[48;2;80;79;87m▄[38;2;74;72;77m[48;2;84;83;91m▄[38;2;49;36;31m[48;2;83;79;85m▄[38;2;65;45;37m[48;2;39;26;17m▄[38;2;66;46;38m[48;2;47;30;17m▄[38;2;64;44;37m[48;2;62;39;27m▄[38;2;70;50;42m[48;2;66;40;29m▄[38;2;67;48;40m[48;2;70;45;37m▄[38;2;67;48;40m[48;2;71;47;41m▄[38;2;71;51;44m[48;2;79;57;51m▄[38;2;71;53;47m[48;2;74;60;58m▄[38;2;50;43;38m[48;2;52;51;51m▄[38;2;40;39;33m[48;2;48;47;43m▄[0m
[38;2;56;56;61m[48;2;41;41;37m▄[38;2;71;73;78m[48;2;44;47;44m▄[38;2;85;88;93m[48;2;46;49;49m▄[38;2;87;90;95m[48;2;56;59;59m▄[38;2;101;105;111m[48;2;60;62;64m▄[38;2;110;111;116m[48;2;64;66;71m▄[38;2;110;109;115m[48;2;69;70;78m▄[38;2;87;86;93m[48;2;76;78;85m▄[38;2;91;93;104m[48;2;79;81;89m▄[38;2;116;118;128m[48;2;82;85;95m▄[38;2;100;98;109m[48;2;90;93;104m▄[38;2;120;108;115m[48;2;98;98;110m▄[38;2;98;76;75m[48;2;107;100;109m▄[38;2;83;58;57m[48;2;114;97;100m▄[38;2;96;69;71m[48;2;78;54;49m▄[38;2;98;71;74m[48;2;77;52;47m▄[38;2;100;74;77m[48;2;86;62;62m▄[38;2;96;72;75m[48;2;97;73;75m▄[38;2;86;67;66m[48;2;98;75;74m▄[38;2;57;40;33m[48;2;66;46;41m▄[38;2;47;30;23m[48;2;47;31;22m▄[38;2;44;27;19m[48;2;45;27;18m▄[38;2;62;49;46m[48;2;81;73;72m▄[38;2;114;114;119m[48;2;100;101;107m▄[38;2;107;107;114m[48;2;84;85;89m▄[38;2;99;100;107m[48;2;72;74;79m▄[38;2;80;73;73m[48;2;65;61;61m▄[38;2;34;17;6m[48;2;32;17;3m▄[38;2;62;42;29m[48;2;53;35;22m▄[38;2;84;61;54m[48;2;79;57;50m▄[38;2;100;72;71m[48;2;101;73;70m▄[38;2;104;76;77m[48;2;109;80;81m▄[38;2;96;74;75m[48;2;105;76;78m▄[38;2;62;57;57m[48;2;72;52;49m▄[38;2;59;53;50m[48;2;62;48;41m▄[38;2;59;50;46m[48;2;56;47;39m▄[38;2;58;48;46m[48;2;62;53;49m▄[38;2;61;52;51m[48;2;74;66;66m▄[38;2;66;58;61m[48;2;83;74;80m▄[38;2;77;69;75m[48;2;85;78;82m▄[38;2;83;78;86m[48;2;78;73;76m▄[38;2;93;91;103m[48;2;71;67;68m▄[38;2;99;98;110m[48;2;67;64;63m▄[38;2;90;90;100m[48;2;51;49;44m▄[38;2;79;78;85m[48;2;37;36;30m▄[38;2;57;56;58m[48;2;32;31;25m▄[38;2;40;40;35m[48;2;33;33;24m▄[38;2;35;33;26m[48;2;36;36;29m▄[38;2;23;14;3m[48;2;36;28;20m▄[38;2;45;23;12m[48;2;47;25;13m▄[38;2;72;44;41m[48;2;77;51;46m▄[38;2;46;23;16m[48;2;46;26;18m▄[38;2;74;43;38m[48;2;69;45;39m▄[38;2;72;42;36m[48;2;62;38;32m▄[38;2;79;50;46m[48;2;64;40;33m▄[38;2;70;44;39m[48;2;63;39;34m▄[38;2;69;46;39m[48;2;78;50;46m▄[38;2;64;46;41m[48;2;86;55;53m▄[38;2;47;40;36m[48;2;64;49;45m▄[38;2;42;40;36m[48;2;36;35;30m▄[0m
[38;2;174;174;178m[48;2;86;84;91m▄[38;2;118;120;128m[48;2;84;85;94m▄[38;2;76;79;92m[48;2;78;79;87m▄[38;2;107;107;118m[48;2;105;107;112m▄[38;2;135;128;131m[48;2;128;130;135m▄[38;2;149;132;134m[48;2;134;136;141m▄[38;2;120;93;94m[48;2;125;125;131m▄[38;2;131;108;105m[48;2;136;134;139m▄[38;2;135;116;115m[48;2;117;114;118m▄[38;2;124;99;98m[48;2;124;115;120m▄[38;2;97;72;69m[48;2;135;117;118m▄[38;2;87;65;63m[48;2;102;80;75m▄[38;2;102;75;77m[48;2;81;56;51m▄[38;2;109;80;82m[48;2;97;70;69m▄[38;2;97;74;75m[48;2;105;79;82m▄[38;2;79;60;59m[48;2;103;77;82m▄[38;2;56;40;38m[48;2;99;75;79m▄[38;2;37;24;19m[48;2;87;68;68m▄[38;2;19;8;3m[48;2;66;47;43m▄[38;2;16;4;0m[48;2;44;27;18m▄[38;2;20;8;1m[48;2;41;24;16m▄[38;2;24;11;1m[48;2;44;26;15m▄[38;2;30;21;12m[48;2;56;38;32m▄[38;2;62;62;66m[48;2;111;109;121m▄[38;2;88;88;99m[48;2;111;114;126m▄[38;2;93;94;105m[48;2;116;117;130m▄[38;2;55;45;41m[48;2;75;67;66m▄[38;2;68;45;36m[48;2;44;23;15m▄[38;2;74;53;43m[48;2;80;52;43m▄[38;2;81;59;52m[48;2;82;57;49m▄[38;2;88;66;59m[48;2;91;69;66m▄[38;2;93;68;64m[48;2;98;72;71m▄[38;2;93;70;67m[48;2;95;72;71m▄[38;2;83;74;79m[48;2;76;75;82m▄[38;2;74;77;85m[48;2;70;71;77m▄[38;2;75;77;86m[48;2;69;66;69m▄[38;2;78;78;84m[48;2;63;57;56m▄[38;2;57;53;54m[48;2;54;45;45m▄[38;2;53;45;44m[48;2;56;46;44m▄[38;2;56;46;45m[48;2;51;41;38m▄[38;2;56;48;45m[48;2;47;38;35m▄[38;2;50;47;47m[48;2;51;49;50m▄[38;2;52;51;57m[48;2;61;62;70m▄[38;2;50;49;53m[48;2;60;61;68m▄[38;2;49;49;52m[48;2;61;61;66m▄[38;2;49;48;53m[48;2;58;57;63m▄[38;2;49;49;52m[48;2;52;51;57m▄[38;2;47;48;49m[48;2;47;46;47m▄[38;2;47;46;45m[48;2;36;33;28m▄[38;2;48;43;39m[48;2;40;31;24m▄[38;2;50;42;39m[48;2;44;35;30m▄[38;2;48;43;38m[48;2;38;29;24m▄[38;2;51;45;42m[48;2;51;37;33m▄[38;2;50;41;40m[48;2;50;38;34m▄[38;2;48;40;35m[48;2;51;41;35m▄[38;2;47;40;35m[48;2;49;39;32m▄[38;2;39;36;30m[48;2;45;37;33m▄[38;2;33;33;25m[48;2;43;37;33m▄[38;2;31;31;23m[48;2;33;32;27m▄[38;2;31;30;22m[48;2;38;37;33m▄[0m
[38;2;69;71;84m[48;2;127;131;140m▄[38;2;74;77;90m[48;2;123;125;134m▄[38;2;75;77;89m[48;2;78;81;93m▄[38;2;80;83;92m[48;2;74;74;81m▄[38;2;55;50;46m[48;2;65;43;37m▄[38;2;42;23;13m[48;2;96;60;54m▄[38;2;75;47;44m[48;2;98;70;66m▄[38;2;77;48;45m[48;2;107;80;78m▄[38;2;59;38;33m[48;2;107;75;73m▄[38;2;57;40;34m[48;2;97;68;66m▄[38;2;69;47;43m[48;2;101;71;71m▄[38;2;74;48;44m[48;2;111;73;75m▄[38;2;61;44;38m[48;2;108;70;71m▄[38;2;46;38;34m[48;2;86;63;62m▄[38;2;45;37;34m[48;2;56;46;42m▄[38;2;43;37;32m[48;2;28;24;15m▄[38;2;45;40;34m[48;2;17;15;5m▄[38;2;43;39;31m[48;2;15;11;2m▄[38;2;33;29;20m[48;2;15;11;2m▄[38;2;25;19;8m[48;2;14;10;1m▄[38;2;24;17;5m[48;2;17;11;2m▄[38;2;24;18;5m[48;2;20;13;2m▄[38;2;29;24;12m[48;2;25;20;8m▄[38;2;41;40;36m[48;2;37;36;31m▄[38;2;42;43;41m[48;2;73;73;79m▄[38;2;36;28;20m[48;2;81;80;84m▄[38;2;65;47;39m[48;2;48;33;24m▄[38;2;55;39;32m[48;2;86;66;59m▄[38;2;81;57;51m[48;2;67;50;43m▄[38;2;85;62;55m[48;2;89;69;62m▄[38;2;76;56;47m[48;2;82;61;55m▄[38;2;60;41;33m[48;2;80;61;54m▄[38;2;80;54;47m[48;2;84;67;59m▄[38;2;82;53;46m[48;2;87;70;67m▄[38;2;89;65;65m[48;2;71;68;72m▄[38;2;58;57;60m[48;2;66;67;73m▄[38;2;57;55;53m[48;2;62;61;63m▄[38;2;47;41;34m[48;2;50;45;41m▄[38;2;48;40;33m[48;2;52;44;42m▄[38;2;51;42;35m[48;2;59;49;48m▄[38;2;47;40;35m[48;2;55;48;44m▄[38;2;44;41;39m[48;2;50;47;47m▄[38;2;52;51;56m[48;2;54;53;59m▄[38;2;53;52;57m[48;2;55;53;59m▄[38;2;50;49;53m[48;2;52;50;56m▄[38;2;47;47;50m[48;2;49;48;53m▄[38;2;48;48;50m[48;2;47;48;50m▄[38;2;48;49;50m[48;2;44;45;46m▄[38;2;50;53;56m[48;2;42;44;44m▄[38;2;58;60;64m[48;2;44;44;43m▄[38;2;66;66;71m[48;2;47;46;45m▄[38;2;73;71;77m[48;2;59;57;59m▄[38;2;77;73;81m[48;2;74;70;74m▄[38;2;77;72;78m[48;2;77;72;77m▄[38;2;77;73;79m[48;2;69;62;64m▄[38;2;77;75;80m[48;2;57;50;47m▄[38;2;71;70;74m[48;2;39;37;30m▄[38;2;59;58;61m[48;2;30;30;22m▄[38;2;49;49;49m[48;2;29;29;20m▄[38;2;38;39;34m[48;2;31;31;24m▄[0m
[38;2;80;80;90m[48;2;86;86;97m▄[38;2;86;88;100m[48;2;87;89;99m▄[38;2;81;82;95m[48;2;80;82;92m▄[38;2;78;78;88m[48;2;84;87;100m▄[38;2;73;74;81m[48;2;71;70;74m▄[38;2;71;70;73m[48;2;35;33;26m▄[38;2;84;82;84m[48;2;25;22;14m▄[38;2;117;114;118m[48;2;27;25;18m▄[38;2;134;132;138m[48;2;33;31;27m▄[38;2;146;144;150m[48;2;44;40;38m▄[38;2;118;116;122m[48;2;58;53;55m▄[38;2;83;80;84m[48;2;67;62;65m▄[38;2;78;76;77m[48;2;69;65;66m▄[38;2;78;77;78m[48;2;74;68;68m▄[38;2;75;74;73m[48;2;74;68;66m▄[38;2;79;76;78m[48;2;77;69;70m▄[38;2;81;78;84m[48;2;80;73;78m▄[38;2;85;81;88m[48;2;76;71;73m▄[38;2;89;87;92m[48;2;66;63;60m▄[38;2;89;89;94m[48;2;45;42;35m▄[38;2;66;65;65m[48;2;23;19;7m▄[38;2;30;28;17m[48;2;18;13;0m▄[38;2;35;35;32m[48;2;24;20;9m▄[38;2;43;46;48m[48;2;40;40;37m▄[38;2;39;43;43m[48;2;36;37;32m▄[38;2;19;14;7m[48;2;30;17;4m▄[38;2;50;29;22m[48;2;83;54;44m▄[38;2;63;37;29m[48;2;80;50;44m▄[38;2;79;52;48m[48;2;96;67;65m▄[38;2;42;23;15m[48;2;53;29;22m▄[38;2;84;59;55m[48;2;91;62;54m▄[38;2;62;42;34m[48;2;56;30;22m▄[38;2;66;50;42m[48;2;104;63;59m▄[38;2;50;37;28m[48;2;94;57;51m▄[38;2;46;41;36m[48;2;78;58;56m▄[38;2;46;46;46m[48;2;53;52;55m▄[38;2;45;44;41m[48;2;52;49;48m▄[38;2;41;40;34m[48;2;42;37;31m▄[38;2;40;37;31m[48;2;44;38;32m▄[38;2;43;38;31m[48;2;47;39;33m▄[38;2;41;37;30m[48;2;43;36;30m▄[38;2;42;41;34m[48;2;41;38;35m▄[38;2;54;54;52m[48;2;45;45;44m▄[38;2;59;60;64m[48;2;45;46;45m▄[38;2;58;58;64m[48;2;45;45;46m▄[38;2;51;50;49m[48;2;44;44;43m▄[38;2;48;47;41m[48;2;48;48;48m▄[38;2;46;45;43m[48;2;53;53;57m▄[38;2;49;49;53m[48;2;55;56;63m▄[38;2;50;51;56m[48;2;54;55;61m▄[38;2;56;56;61m[48;2;54;53;52m▄[38;2;53;51;54m[48;2;57;54;50m▄[38;2;54;53;56m[48;2;65;62;65m▄[38;2;61;58;62m[48;2;71;67;74m▄[38;2;65;61;62m[48;2;73;69;77m▄[38;2;62;60;62m[48;2;71;70;77m▄[38;2;61;61;65m[48;2;69;69;75m▄[38;2;60;61;65m[48;2;68;70;78m▄[38;2;60;59;65m[48;2;67;69;77m▄[38;2;63;63;69m[48;2;66;68;73m▄[0m
[38;2;82;76;84m[48;2;67;69;76m▄[38;2;102;97;102m[48;2;75;77;85m▄[38;2;78;75;77m[48;2;71;72;78m▄[38;2;60;58;57m[48;2;76;77;82m▄[38;2;62;60;61m[48;2;123;123;132m▄[38;2;79;80;87m[48;2;158;158;167m▄[38;2;128;131;146m[48;2;162;163;175m▄[38;2;138;140;154m[48;2;175;177;188m▄[38;2;116;118;129m[48;2;167;169;182m▄[38;2;90;92;102m[48;2;164;166;180m▄[38;2;71;71;77m[48;2;153;156;168m▄[38;2;72;70;71m[48;2;102;102;106m▄[38;2;88;86;93m[48;2;82;80;86m▄[38;2;94;91;99m[48;2;90;88;98m▄[38;2;92;88;98m[48;2;91;90;101m▄[38;2;84;83;91m[48;2;88;87;97m▄[38;2;77;75;80m[48;2;79;79;85m▄[38;2;83;80;86m[48;2;81;80;85m▄[38;2;77;75;80m[48;2;84;83;89m▄[38;2;64;62;64m[48;2;87;86;93m▄[38;2;57;55;57m[48;2;85;84;92m▄[38;2;41;41;38m[48;2;56;56;55m▄[38;2;48;50;50m[48;2;50;51;52m▄[38;2;57;60;66m[48;2;51;54;60m▄[38;2;57;60;65m[48;2;53;57;60m▄[38;2;54;57;60m[48;2;31;32;25m▄[38;2;48;47;45m[48;2;28;25;19m▄[38;2;43;40;37m[48;2;37;31;25m▄[38;2;44;42;38m[48;2;44;37;30m▄[38;2;48;44;40m[48;2;42;35;30m▄[38;2;48;43;39m[48;2;43;38;31m▄[38;2;51;45;42m[48;2;44;39;32m▄[38;2;52;45;43m[48;2;45;39;33m▄[38;2;51;51;50m[48;2;46;42;37m▄[38;2;57;60;63m[48;2;45;44;41m▄[38;2;64;63;68m[48;2;42;42;40m▄[38;2;65;64;68m[48;2;41;41;37m▄[38;2;50;49;48m[48;2;42;40;35m▄[38;2;40;39;33m[48;2;45;41;38m▄[38;2;40;39;34m[48;2;46;43;39m▄[38;2;42;40;37m[48;2;45;44;42m▄[38;2;38;37;33m[48;2;46;44;43m▄[38;2;37;36;32m[48;2;51;51;53m▄[38;2;34;35;30m[48;2;58;60;63m▄[38;2;37;38;32m[48;2;57;58;60m▄[38;2;46;46;43m[48;2;51;50;48m▄[38;2;53;53;52m[48;2;49;48;43m▄[38;2;54;53;52m[48;2;48;46;41m▄[38;2;48;48;45m[48;2;49;48;46m▄[38;2;42;42;34m[48;2;49;48;48m▄[38;2;43;41;34m[48;2;51;50;50m▄[38;2;40;38;29m[48;2;49;46;47m▄[38;2;38;36;29m[48;2;43;42;39m▄[38;2;43;40;34m[48;2;47;46;42m▄[38;2;44;40;35m[48;2;52;49;46m▄[38;2;44;40;37m[48;2;50;47;46m▄[38;2;42;41;38m[48;2;48;49;48m▄[38;2;41;40;38m[48;2;49;49;50m▄[38;2;40;39;35m[48;2;51;50;52m▄[38;2;46;45;42m[48;2;58;58;62m▄[0m
[38;2;106;106;120m[48;2;131;125;138m▄[38;2;111;110;124m[48;2;143;133;148m▄[38;2;98;96;109m[48;2;133;125;139m▄[38;2;93;91;99m[48;2;95;87;92m▄[38;2;74;73;74m[48;2;21;19;12m▄[38;2;81;80;80m[48;2;16;17;9m▄[38;2;81;79;83m[48;2;68;69;74m▄[38;2;82;81;87m[48;2;69;71;78m▄[38;2;94;93;100m[48;2;62;63;67m▄[38;2;89;88;95m[48;2;74;73;78m▄[38;2;78;80;87m[48;2;93;90;98m▄[38;2;74;76;83m[48;2;97;95;103m▄[38;2;66;69;74m[48;2;93;92;99m▄[38;2;60;62;65m[48;2;90;86;92m▄[38;2;49;50;49m[48;2;72;71;74m▄[38;2;37;38;33m[48;2;62;62;63m▄[38;2;34;35;28m[48;2;50;50;46m▄[38;2;32;32;26m[48;2;45;41;36m▄[38;2;40;38;34m[48;2;45;41;39m▄[38;2;42;40;37m[48;2;41;38;33m▄[38;2;41;41;37m[48;2;39;36;31m▄[38;2;37;37;34m[48;2;34;34;28m▄[38;2;51;53;57m[48;2;49;52;53m▄[38;2;60;64;70m[48;2;60;63;69m▄[38;2;57;61;65m[48;2;58;60;66m▄[38;2;53;56;61m[48;2;56;59;64m▄[38;2;54;59;63m[48;2;56;60;66m▄[38;2;45;48;48m[48;2;39;40;38m▄[38;2;37;37;29m[48;2;41;40;33m▄[38;2;42;40;34m[48;2;45;41;36m▄[38;2;46;41;37m[48;2;48;40;37m▄[38;2;49;44;40m[48;2;50;42;39m▄[38;2;45;41;37m[48;2;45;41;36m▄[38;2;38;37;34m[48;2;41;40;37m▄[38;2;33;35;29m[48;2;54;54;57m▄[38;2;31;31;24m[48;2;72;71;76m▄[38;2;37;37;28m[48;2;79;78;81m▄[38;2;53;52;50m[48;2;77;76;81m▄[38;2;70;69;74m[48;2;65;64;64m▄[38;2;74;74;79m[48;2;41;39;34m▄[38;2;54;54;54m[48;2;31;29;22m▄[38;2;30;29;23m[48;2;34;32;27m▄[38;2;28;27;20m[48;2;35;35;30m▄[38;2;30;31;25m[48;2;35;35;30m▄[38;2;31;32;29m[48;2;32;33;26m▄[38;2;28;29;25m[48;2;28;30;24m▄[38;2;24;26;21m[48;2;28;29;25m▄[38;2;22;23;18m[48;2;28;30;26m▄[38;2;20;22;15m[48;2;31;34;29m▄[38;2;19;21;13m[48;2;39;40;33m▄[38;2;32;32;26m[48;2;48;48;41m▄[38;2;42;41;36m[48;2;41;40;33m▄[38;2;45;44;43m[48;2;34;32;22m▄[38;2;41;40;37m[48;2;36;32;22m▄[38;2;38;36;30m[48;2;39;34;24m▄[38;2;41;36;31m[48;2;42;35;26m▄[38;2;40;35;29m[48;2;38;33;25m▄[38;2;36;35;28m[48;2;32;32;26m▄[38;2;35;35;30m[48;2;31;31;25m▄[38;2;36;38;32m[48;2;36;36;30m▄[0m
[38;2;67;67;73m[48;2;73;75;80m▄[38;2;73;76;81m[48;2;69;73;76m▄[38;2;67;72;76m[48;2;62;65;66m▄[38;2;67;71;75m[48;2;61;65;66m▄[38;2;65;68;73m[48;2;69;70;72m▄[38;2;60;62;66m[48;2;81;81;83m▄[38;2;50;53;56m[48;2;79;79;82m▄[38;2;44;48;50m[48;2;74;74;77m▄[38;2;40;40;40m[48;2;66;65;68m▄[38;2;36;37;33m[48;2;58;59;61m▄[38;2;35;36;30m[48;2;49;52;52m▄[38;2;37;38;34m[48;2;45;47;48m▄[38;2;39;40;38m[48;2;40;42;42m▄[38;2;40;41;41m[48;2;38;39;36m▄[38;2;43;47;49m[48;2;42;44;44m▄[38;2;43;46;48m[48;2;41;45;45m▄[38;2;40;41;43m[48;2;39;40;38m▄[38;2;39;39;38m[48;2;39;39;37m▄[38;2;43;44;44m[48;2;43;44;42m▄[38;2;43;44;45m[48;2;44;45;44m▄[38;2;40;40;39m[48;2;41;41;41m▄[38;2;37;38;36m[48;2;37;37;34m▄[38;2;47;49;51m[48;2;47;49;51m▄[38;2;58;62;67m[48;2;56;61;66m▄[38;2;62;66;73m[48;2;53;58;62m▄[38;2;61;65;72m[48;2;51;55;59m▄[38;2;52;55;60m[48;2;53;58;63m▄[38;2;48;50;55m[48;2;49;52;55m▄[38;2;33;33;30m[48;2;35;36;31m▄[38;2;30;30;23m[48;2;39;39;33m▄[38;2;40;38;33m[48;2;46;44;39m▄[38;2;43;41;36m[48;2;47;44;38m▄[38;2;43;41;36m[48;2;45;42;38m▄[38;2;42;41;40m[48;2;41;41;40m▄[38;2;37;37;36m[48;2;35;36;32m▄[38;2;35;36;32m[48;2;31;32;23m▄[38;2;33;33;27m[48;2;28;27;18m▄[38;2;30;29;24m[48;2;27;26;18m▄[38;2;30;30;21m[48;2;33;32;26m▄[38;2;26;25;17m[48;2;44;44;42m▄[38;2;24;21;12m[48;2;63;62;65m▄[38;2;32;32;26m[48;2;60;61;66m▄[38;2;37;38;35m[48;2;31;32;27m▄[38;2;20;21;14m[48;2;22;21;12m▄[38;2;21;22;17m[48;2;26;27;23m▄[38;2;19;22;16m[48;2;22;24;20m▄[38;2;18;19;12m[48;2;20;21;16m▄[38;2;17;18;10m[48;2;19;20;13m▄[38;2;15;16;8m[48;2;18;19;10m▄[38;2;29;28;19m[48;2;16;19;7m▄[38;2;33;29;17m[48;2;23;22;9m▄[38;2;15;10;2m[48;2;17;14;7m▄[38;2;10;5;0m[48;2;23;20;14m▄[38;2;11;7;1m[48;2;25;22;18m▄[38;2;12;8;3m[48;2;32;30;28m▄[38;2;16;13;9m[48;2;42;42;37m▄[38;2;28;24;17m[48;2;44;42;36m▄[38;2;36;33;24m[48;2;39;36;29m▄[38;2;35;30;20m[48;2;37;35;28m▄[38;2;30;25;14m[48;2;37;37;32m▄[0m
[38;2;46;48;54m[48;2;71;73;84m▄[38;2;43;48;51m[48;2;70;74;84m▄[38;2;34;38;39m[48;2;56;60;67m▄[38;2;32;34;33m[48;2;50;53;58m▄[38;2;34;34;31m[48;2;46;48;52m▄[38;2;36;36;34m[48;2;41;43;45m▄[38;2;39;39;39m[48;2;36;38;40m▄[38;2;39;40;40m[48;2;37;38;39m▄[38;2;40;42;41m[48;2;36;38;37m▄[38;2;40;42;44m[48;2;37;38;37m▄[38;2;38;42;43m[48;2;38;39;41m▄[38;2;39;42;43m[48;2;40;41;43m▄[38;2;39;43;44m[48;2;40;41;42m▄[38;2;40;45;48m[48;2;41;42;47m▄[38;2;42;45;51m[48;2;44;48;56m▄[38;2;39;41;47m[48;2;44;46;50m▄[38;2;39;40;42m[48;2;38;40;40m▄[38;2;44;46;47m[48;2;37;39;37m▄[38;2;54;56;59m[48;2;39;40;41m▄[38;2;63;64;70m[48;2;43;43;45m▄[38;2;69;72;79m[48;2;46;48;49m▄[38;2;74;77;86m[48;2;54;55;57m▄[38;2;79;82;93m[48;2;65;68;74m▄[38;2;83;86;99m[48;2;82;87;99m▄[38;2;84;88;99m[48;2;89;93;105m▄[38;2;83;86;98m[48;2;90;94;105m▄[38;2;88;91;103m[48;2;69;72;79m▄[38;2;70;75;83m[48;2;49;53;57m▄[38;2;45;50;54m[48;2;42;45;46m▄[38;2;34;35;35m[48;2;32;33;28m▄[38;2;34;33;29m[48;2;38;37;33m▄[38;2;39;38;34m[48;2;42;41;37m▄[38;2;38;37;32m[48;2;40;39;35m▄[38;2;34;33;30m[48;2;36;37;35m▄[38;2;34;36;39m[48;2;34;35;35m▄[38;2;35;38;36m[48;2;35;36;37m▄[38;2;22;22;15m[48;2;30;32;27m▄[38;2;17;16;7m[48;2;23;24;18m▄[38;2;15;15;3m[48;2;23;22;13m▄[38;2;15;13;1m[48;2;23;21;9m▄[38;2;12;10;1m[48;2;20;18;5m▄[38;2;8;5;1m[48;2;13;13;0m▄[38;2;8;6;1m[48;2;11;10;0m▄[38;2;13;13;5m[48;2;18;18;10m▄[38;2;14;14;8m[48;2;21;23;17m▄[38;2;15;16;5m[48;2;19;20;14m▄[38;2;13;14;3m[48;2;18;18;10m▄[38;2;11;13;3m[48;2;16;17;9m▄[38;2;10;11;3m[48;2;14;16;5m▄[38;2;10;11;3m[48;2;18;18;10m▄[38;2;9;10;1m[48;2;21;21;10m▄[38;2;12;13;1m[48;2;17;17;4m▄[38;2;20;19;7m[48;2;23;21;8m▄[38;2;13;9;3m[48;2;19;15;5m▄[38;2;13;10;2m[48;2;10;6;2m▄[38;2;25;21;9m[48;2;10;5;0m▄[38;2;32;28;13m[48;2;18;14;0m▄[38;2;31;28;14m[48;2;27;24;9m▄[38;2;29;27;14m[48;2;32;27;15m▄[38;2;30;29;16m[48;2;32;28;15m▄[0m
[38;2;36;36;38m[48;2;35;39;39m▄[38;2;39;44;45m[48;2;37;41;41m▄[38;2;37;43;43m[48;2;37;37;37m▄[38;2;39;47;48m[48;2;34;37;34m▄[38;2;39;48;51m[48;2;34;39;36m▄[38;2;38;46;49m[48;2;37;41;41m▄[38;2;40;44;47m[48;2;39;41;42m▄[38;2;42;43;45m[48;2;39;40;41m▄[38;2;39;45;47m[48;2;38;41;40m▄[38;2;35;44;45m[48;2;38;40;41m▄[38;2;40;45;48m[48;2;40;41;43m▄[38;2;42;48;50m[48;2;41;41;43m▄[38;2;50;56;59m[48;2;35;40;42m▄[38;2;55;61;66m[48;2;34;42;44m▄[38;2;60;65;71m[48;2;40;43;47m▄[38;2;73;77;86m[48;2;48;51;56m▄[38;2;81;85;98m[48;2;59;62;70m▄[38;2;83;87;99m[48;2;68;72;78m▄[38;2;85;89;101m[48;2;74;77;84m▄[38;2;86;90;104m[48;2;75;78;88m▄[38;2;85;90;105m[48;2;76;79;91m▄[38;2;82;88;104m[48;2;75;79;90m▄[38;2;84;91;105m[48;2;75;79;89m▄[38;2;86;93;106m[48;2;79;83;94m▄[38;2;87;93;107m[48;2;83;87;98m▄[38;2;86;92;108m[48;2;83;87;99m▄[38;2;81;88;102m[48;2;85;90;103m▄[38;2;85;91;105m[48;2;82;86;97m▄[38;2;87;90;103m[48;2;56;61;66m▄[38;2;55;57;60m[48;2;29;31;28m▄[38;2;28;29;22m[48;2;28;29;23m▄[38;2;30;28;21m[48;2;35;34;30m▄[38;2;31;29;20m[48;2;35;34;29m▄[38;2;30;26;17m[48;2;33;31;25m▄[38;2;22;20;9m[48;2;30;31;30m▄[38;2;16;16;3m[48;2;30;33;29m▄[38;2;21;21;10m[48;2;17;17;5m▄[38;2;15;12;5m[48;2;11;11;0m▄[38;2;14;12;2m[48;2;13;12;0m▄[38;2;13;9;3m[48;2;14;11;2m▄[38;2;15;9;2m[48;2;12;7;2m▄[38;2;17;9;3m[48;2;13;6;2m▄[38;2;14;7;3m[48;2;11;6;2m▄[38;2;12;6;3m[48;2;8;5;1m▄[38;2;11;5;2m[48;2;8;5;1m▄[38;2;7;3;0m[48;2;8;6;1m▄[38;2;13;12;5m[48;2;12;12;2m▄[38;2;16;18;6m[48;2;12;14;2m▄[38;2;15;17;4m[48;2;10;12;3m▄[38;2;13;15;2m[48;2;10;11;3m▄[38;2;16;16;3m[48;2;11;12;3m▄[38;2;20;19;5m[48;2;14;14;3m▄[38;2;26;25;12m[48;2;23;22;10m▄[38;2;31;27;14m[48;2;21;20;8m▄[38;2;32;28;15m[48;2;27;24;11m▄[38;2;34;30;17m[48;2;30;26;14m▄[38;2;35;32;19m[48;2;29;26;14m▄[38;2;35;33;20m[48;2;29;27;15m▄[38;2;35;32;18m[48;2;31;29;16m▄[38;2;35;34;19m[48;2;32;31;17m▄[0m
