[38;2;140;134;124m[48;2;97;94;94m▄[38;2;57;56;56m[48;2;36;38;40m▄[38;2;60;61;63m[48;2;67;65;67m▄[38;2;56;56;58m[48;2;44;46;48m▄[38;2;52;53;56m[48;2;50;52;54m▄[38;2;40;42;46m[48;2;36;36;42m▄[38;2;40;41;46m[48;2;36;36;40m▄[38;2;42;43;47m[48;2;34;36;40m▄[38;2;41;42;46m[48;2;32;34;38m▄[38;2;40;40;45m[48;2;32;34;38m▄[38;2;39;39;44m[48;2;32;32;36m▄[38;2;39;39;44m[48;2;30;32;36m▄[38;2;39;38;44m[48;2;30;30;34m▄[38;2;39;38;43m[48;2;28;28;32m▄[38;2;39;38;44m[48;2;28;28;32m▄[38;2;40;39;45m[48;2;28;27;32m▄[38;2;41;40;44m[48;2;28;27;32m▄[38;2;42;40;44m[48;2;27;27;32m▄[38;2;42;40;44m[48;2;27;27;30m▄[38;2;42;40;44m[48;2;25;25;30m▄[38;2;42;40;44m[48;2;25;25;28m▄[38;2;42;41;45m[48;2;23;25;28m▄[38;2;42;40;44m[48;2;23;23;27m▄[38;2;40;39;43m[48;2;21;23;27m▄[38;2;39;38;42m[48;2;19;21;25m▄[38;2;38;37;41m[48;2;19;21;25m▄[38;2;38;37;41m[48;2;19;21;25m▄[38;2;37;36;41m[48;2;19;19;25m▄[38;2;36;36;40m[48;2;19;19;25m▄[38;2;34;33;38m[48;2;19;19;23m▄[38;2;33;32;37m[48;2;19;19;23m▄[38;2;31;31;36m[48;2;17;19;23m▄[38;2;30;29;34m[48;2;19;19;23m▄[38;2;28;27;32m[48;2;17;19;23m▄[38;2;27;26;31m[48;2;17;19;23m▄[38;2;26;25;30m[48;2;17;19;23m▄[38;2;24;25;29m[48;2;17;19;23m▄[38;2;23;24;28m[48;2;17;19;23m▄[38;2;23;23;27m[48;2;17;17;23m▄[38;2;22;21;27m[48;2;17;19;23m▄[38;2;22;21;27m[48;2;17;19;23m▄[38;2;22;22;27m[48;2;17;19;23m▄[38;2;21;21;26m[48;2;17;19;23m▄[38;2;21;21;26m[48;2;17;19;23m▄[38;2;21;21;26m[48;2;17;19;23m▄[38;2;21;21;26m[48;2;17;19;23m▄[38;2;21;21;26m[48;2;17;19;23m▄[38;2;22;22;27m[48;2;19;19;23m▄[38;2;22;22;27m[48;2;19;19;23m▄[38;2;25;24;29m[48;2;19;21;25m▄[38;2;28;27;33m[48;2;21;23;27m▄[38;2;29;28;33m[48;2;23;23;27m▄[38;2;28;27;33m[48;2;23;23;27m▄[38;2;26;25;30m[48;2;21;21;25m▄[38;2;26;26;31m[48;2;17;19;23m▄[38;2;25;25;30m[48;2;17;19;23m▄[38;2;22;23;27m[48;2;19;21;25m▄[38;2;21;22;26m[48;2;19;21;25m▄[38;2;22;23;27m[48;2;19;21;25m▄[38;2;23;25;29m[48;2;23;25;28m▄[0m
[38;2;167;158;140m[48;2;171;158;140m▄[38;2;159;152;137m[48;2;108;102;95m▄[38;2;52;53;53m[48;2;42;43;45m▄[38;2;58;58;59m[48;2;62;62;63m▄[38;2;51;51;51m[48;2;46;46;48m▄[38;2;64;64;63m[48;2;50;51;53m▄[38;2;70;69;73m[48;2;54;54;58m▄[38;2;53;52;57m[48;2;45;45;50m▄[38;2;42;42;46m[48;2;41;40;45m▄[38;2;53;52;53m[48;2;41;40;45m▄[38;2;65;63;62m[48;2;44;43;47m▄[38;2;67;64;62m[48;2;44;43;47m▄[38;2;66;63;62m[48;2;44;43;47m▄[38;2;62;61;58m[48;2;43;43;46m▄[38;2;54;54;53m[48;2;41;41;45m▄[38;2;47;42;42m[48;2;39;38;43m▄[38;2;36;60;89m[48;2;40;42;49m▄[38;2;13;90;162m[48;2;42;43;49m▄[38;2;17;89;159m[48;2;44;43;48m▄[38;2;17;88;158m[48;2;45;44;50m▄[38;2;17;88;156m[48;2;45;44;50m▄[38;2;16;88;155m[48;2;47;46;51m▄[38;2;16;87;154m[48;2;47;46;50m▄[38;2;18;88;154m[48;2;47;46;50m▄[38;2;17;87;153m[48;2;46;45;49m▄[38;2;17;87;155m[48;2;46;44;49m▄[38;2;17;82;143m[48;2;47;42;45m▄[38;2;32;43;57m[48;2;43;40;42m▄[38;2;27;24;24m[48;2;42;42;46m▄[38;2;20;25;30m[48;2;42;41;46m▄[38;2;76;41;44m[48;2;35;38;43m▄[38;2;141;42;44m[48;2;23;35;40m▄[38;2;133;43;46m[48;2;20;32;37m▄[38;2;132;42;45m[48;2;17;29;35m▄[38;2;130;41;43m[48;2;15;27;33m▄[38;2;129;41;43m[48;2;14;26;31m▄[38;2;129;41;43m[48;2;12;24;29m▄[38;2;128;41;42m[48;2;11;24;27m▄[38;2;133;41;42m[48;2;10;24;26m▄[38;2;74;37;40m[48;2;15;22;25m▄[38;2;12;20;24m[48;2;23;22;26m▄[38;2;31;29;31m[48;2;23;22;27m▄[38;2;42;47;74m[48;2;21;20;23m▄[38;2;29;40;98m[48;2;23;20;20m▄[38;2;30;41;95m[48;2;22;20;19m▄[38;2;30;41;94m[48;2;21;20;19m▄[38;2;30;40;92m[48;2;21;20;18m▄[38;2;30;40;93m[48;2;22;19;18m▄[38;2;28;38;94m[48;2;22;20;19m▄[38;2;29;36;79m[48;2;23;21;21m▄[38;2;25;26;31m[48;2;24;23;27m▄[38;2;15;16;18m[48;2;26;25;31m▄[38;2;67;68;73m[48;2;24;23;28m▄[38;2;134;137;145m[48;2;18;17;21m▄[38;2;124;130;137m[48;2;20;19;23m▄[38;2;120;123;131m[48;2;20;19;23m▄[38;2;116;121;129m[48;2;23;22;26m▄[38;2;113;118;125m[48;2;19;20;23m▄[38;2;99;102;108m[48;2;17;17;21m▄[38;2;33;34;39m[48;2;27;27;32m▄[0m
[38;2;167;156;143m[48;2;167;162;149m▄[38;2;189;178;162m[48;2;176;170;156m▄[38;2;97;95;90m[48;2;68;67;64m▄[38;2;73;72;70m[48;2;35;35;38m▄[38;2;108;104;97m[48;2;71;71;69m▄[38;2;108;100;94m[48;2;101;94;90m▄[38;2;92;82;79m[48;2;93;90;85m▄[38;2;68;61;61m[48;2;70;69;66m▄[38;2;59;55;56m[48;2;59;57;57m▄[38;2;68;64;62m[48;2;66;64;62m▄[38;2;71;66;64m[48;2;71;65;65m▄[38;2;71;66;64m[48;2;70;64;64m▄[38;2;69;65;62m[48;2;69;64;64m▄[38;2;66;62;61m[48;2;64;61;60m▄[38;2;62;58;57m[48;2;59;58;55m▄[38;2;55;52;50m[48;2;56;53;51m▄[38;2;82;77;76m[48;2;82;82;90m▄[38;2;84;107;139m[48;2;33;99;165m▄[38;2;12;98;178m[48;2;7;101;188m▄[38;2;13;98;179m[48;2;12;100;183m▄[38;2;13;98;178m[48;2;12;101;184m▄[38;2;13;98;178m[48;2;12;101;184m▄[38;2;13;98;178m[48;2;12;101;184m▄[38;2;13;98;178m[48;2;12;101;184m▄[38;2;13;98;178m[48;2;12;101;184m▄[38;2;13;98;178m[48;2;12;101;184m▄[38;2;13;98;178m[48;2;9;105;192m▄[38;2;6;96;181m[48;2;23;85;148m▄[38;2;75;106;142m[48;2;69;69;76m▄[38;2;60;55;57m[48;2;22;25;28m▄[38;2;37;53;59m[48;2;84;74;79m▄[38;2;154;98;105m[48;2;209;62;66m▄[38;2;220;46;47m[48;2;234;49;50m▄[38;2;214;50;51m[48;2;229;52;52m▄[38;2;214;50;51m[48;2;229;52;52m▄[38;2;214;50;51m[48;2;229;52;53m▄[38;2;214;50;51m[48;2;229;52;53m▄[38;2;214;50;51m[48;2;229;52;53m▄[38;2;213;50;51m[48;2;235;52;52m▄[38;2;225;46;47m[48;2;205;53;55m▄[38;2;170;80;84m[48;2;78;62;68m▄[38;2;39;49;53m[48;2;21;26;29m▄[38;2;56;55;59m[48;2;74;77;95m▄[38;2;115;133;149m[48;2;53;70;151m▄[38;2;112;144;167m[48;2;40;59;153m▄[38;2;127;148;176m[48;2;36;57;149m▄[38;2;127;144;174m[48;2;32;56;149m▄[38;2;176;180;162m[48;2;38;59;146m▄[38;2;185;187;177m[48;2;39;61;144m▄[38;2;162;169;203m[48;2;30;54;149m▄[38;2;128;149;173m[48;2;41;52;98m▄[38;2;63;68;74m[48;2;30;30;31m▄[38;2;27;31;38m[48;2;49;53;60m▄[38;2;156;141;151m[48;2;187;183;195m▄[38;2;223;181;191m[48;2;214;197;209m▄[38;2;210;184;191m[48;2;205;200;213m▄[38;2;210;159;165m[48;2;201;190;202m▄[38;2;203;141;150m[48;2;187;173;184m▄[38;2;199;145;154m[48;2;185;182;193m▄[38;2;191;167;173m[48;2;114;117;125m▄[0m
[38;2;167;156;138m[48;2;169;162;149m▄[38;2;180;166;145m[48;2;186;176;159m▄[38;2;167;160;146m[48;2;134;129;120m▄[38;2;54;55;56m[48;2;51;52;52m▄[38;2;28;29;33m[48;2;74;71;68m▄[38;2;84;81;73m[48;2;95;87;80m▄[38;2;112;102;92m[48;2;104;92;87m▄[38;2;83;73;72m[48;2;74;65;66m▄[38;2;52;50;50m[48;2;52;51;52m▄[38;2;63;62;60m[48;2;65;65;61m▄[38;2;73;70;66m[48;2;71;68;62m▄[38;2;71;68;64m[48;2;71;68;63m▄[38;2;68;64;62m[48;2;69;66;62m▄[38;2;66;62;59m[48;2;67;63;60m▄[38;2;63;59;56m[48;2;62;58;58m▄[38;2;60;56;55m[48;2;61;56;55m▄[38;2;56;52;52m[48;2;60;57;56m▄[38;2;68;64;67m[48;2;91;92;100m▄[38;2;35;90;147m[48;2;30;99;167m▄[38;2;9;100;184m[48;2;10;100;182m▄[38;2;12;98;178m[48;2;13;99;178m▄[38;2;13;98;178m[48;2;13;98;178m▄[38;2;13;98;178m[48;2;13;98;178m▄[38;2;13;98;178m[48;2;13;98;178m▄[38;2;13;98;178m[48;2;14;98;178m▄[38;2;13;98;178m[48;2;13;98;178m▄[38;2;13;98;178m[48;2;13;98;178m▄[38;2;13;100;183m[48;2;10;100;184m▄[38;2;17;93;169m[48;2;34;94;155m▄[38;2;65;71;83m[48;2;80;77;84m▄[38;2;19;21;23m[48;2;18;24;27m▄[38;2;72;56;61m[48;2;116;96;105m▄[38;2;207;57;58m[48;2;214;54;56m▄[38;2;218;49;50m[48;2;216;49;50m▄[38;2;214;50;51m[48;2;214;50;51m▄[38;2;214;50;51m[48;2;214;50;51m▄[38;2;214;50;51m[48;2;214;50;51m▄[38;2;214;50;51m[48;2;214;50;51m▄[38;2;214;50;51m[48;2;214;50;51m▄[38;2;220;50;51m[48;2;221;49;49m▄[38;2;197;52;53m[48;2;194;59;62m▄[38;2;56;46;48m[48;2;60;60;63m▄[38;2;30;23;30m[48;2;33;29;36m▄[38;2;51;124;99m[48;2;95;141;129m▄[38;2;13;189;126m[48;2;94;199;167m▄[38;2;28;181;127m[48;2;159;197;195m▄[38;2;23;179;125m[48;2;185;199;202m▄[38;2;1;181;115m[48;2;139;189;184m▄[38;2;0;181;112m[48;2;105;186;169m▄[38;2;0;183;110m[48;2;95;191;162m▄[38;2;3;172;107m[48;2;79;188;149m▄[38;2;51;67;62m[48;2;66;91;85m▄[38;2;26;22;28m[48;2;28;27;33m▄[38;2;178;179;185m[48;2;151;129;135m▄[38;2;238;236;243m[48;2;233;177;185m▄[38;2;226;223;229m[48;2;222;183;189m▄[38;2;224;225;230m[48;2;221;199;205m▄[38;2;222;226;231m[48;2;219;218;223m▄[38;2;234;239;245m[48;2;216;214;220m▄[38;2;182;187;192m[48;2;211;200;204m▄[0m
[38;2;216;209;196m[48;2;187;176;165m▄[38;2;193;183;167m[48;2;182;172;155m▄[38;2;178;165;147m[48;2;179;170;152m▄[38;2;139;132;121m[48;2;93;90;84m▄[38;2;30;33;38m[48;2;27;28;33m▄[38;2;57;56;55m[48;2;70;68;64m▄[38;2;116;109;97m[48;2;114;105;93m▄[38;2;111;100;92m[48;2;99;87;84m▄[38;2;68;62;61m[48;2;59;56;55m▄[38;2;76;73;70m[48;2;64;63;61m▄[38;2;76;73;69m[48;2;71;68;65m▄[38;2;68;65;62m[48;2;70;66;63m▄[38;2;67;64;61m[48;2;69;65;62m▄[38;2;66;62;60m[48;2;68;64;61m▄[38;2;64;60;59m[48;2;65;61;59m▄[38;2;63;59;58m[48;2;61;56;55m▄[38;2;62;58;58m[48;2;58;55;54m▄[38;2;53;47;47m[48;2;57;50;48m▄[38;2;39;66;100m[48;2;34;81;130m▄[38;2;23;85;147m[48;2;7;104;195m▄[38;2;26;82;138m[48;2;9;101;186m▄[38;2;21;74;127m[48;2;10;101;187m▄[38;2;19;68;119m[48;2;10;102;187m▄[38;2;20;67;114m[48;2;10;102;188m▄[38;2;19;64;108m[48;2;10;102;188m▄[38;2;21;62;103m[48;2;10;102;188m▄[38;2;32;70;110m[48;2;9;101;187m▄[38;2;38;72;111m[48;2;9;103;190m▄[38;2;39;67;100m[48;2;10;98;181m▄[38;2;44;43;53m[48;2;47;56;73m▄[38;2;24;26;30m[48;2;18;20;21m▄[38;2;74;48;51m[48;2;62;39;42m▄[38;2;164;58;61m[48;2;215;52;52m▄[38;2;158;55;58m[48;2;230;49;50m▄[38;2;142;50;53m[48;2;226;49;49m▄[38;2;139;56;59m[48;2;225;48;49m▄[38;2;132;59;61m[48;2;225;48;49m▄[38;2;126;61;64m[48;2;224;48;49m▄[38;2;120;60;63m[48;2;223;48;48m▄[38;2;113;57;60m[48;2;232;48;49m▄[38;2;74;43;46m[48;2;190;52;50m▄[38;2;24;28;31m[48;2;40;35;36m▄[38;2;69;69;71m[48;2;35;30;35m▄[38;2;78;87;87m[48;2;32;129;88m▄[38;2;91;96;97m[48;2;1;160;93m▄[38;2;119;124;125m[48;2;0;147;83m▄[38;2;127;127;130m[48;2;0;144;82m▄[38;2;130;127;132m[48;2;4;142;83m▄[38;2;96;92;96m[48;2;13;148;90m▄[38;2;82;76;82m[48;2;15;151;95m▄[38;2;50;42;48m[48;2;32;118;80m▄[38;2;55;54;56m[48;2;42;36;39m▄[38;2;94;95;98m[48;2;64;64;67m▄[38;2;102;102;104m[48;2;161;162;164m▄[38;2;160;160;162m[48;2;154;156;159m▄[38;2;164;164;168m[48;2;148;150;153m▄[38;2;143;143;146m[48;2;145;147;150m▄[38;2;83;83;85m[48;2;149;150;153m▄[38;2;48;48;50m[48;2;145;147;149m▄[38;2;50;50;53m[48;2;85;86;88m▄[0m
[38;2;242;242;240m[48;2;236;234;227m▄[38;2;237;232;226m[48;2;213;207;196m▄[38;2;168;158;142m[48;2;172;161;148m▄[38;2;176;167;150m[48;2;170;162;150m▄[38;2;92;91;87m[48;2;55;55;55m▄[38;2;40;40;43m[48;2;44;44;47m▄[38;2;54;53;52m[48;2;107;98;88m▄[38;2;81;75;71m[48;2;118;107;96m▄[38;2;109;94;86m[48;2;95;86;82m▄[38;2;86;73;68m[48;2;70;65;64m▄[38;2;92;79;78m[48;2;67;63;60m▄[38;2;128;115;108m[48;2;91;85;79m▄[38;2;114;100;97m[48;2;75;72;68m▄[38;2;85;76;74m[48;2;68;65;61m▄[38;2;72;65;64m[48;2;63;60;58m▄[38;2;62;58;57m[48;2;61;57;56m▄[38;2;57;54;53m[48;2;60;56;56m▄[38;2;58;56;58m[48;2;54;53;56m▄[38;2;71;70;75m[48;2;64;60;63m▄[38;2;66;65;70m[48;2;67;61;61m▄[38;2;55;54;59m[48;2;66;60;60m▄[38;2;112;111;116m[48;2;93;86;85m▄[38;2;190;164;158m[48;2;118;110;108m▄[38;2;217;164;156m[48;2;122;111;109m▄[38;2;218;170;161m[48;2;130;119;119m▄[38;2;215;183;174m[48;2;130;124;123m▄[38;2;145;124;120m[48;2;71;67;67m▄[38;2;94;83;84m[48;2;66;60;60m▄[38;2;66;61;65m[48;2;66;60;60m▄[38;2;38;37;42m[48;2;44;42;47m▄[38;2;25;25;30m[48;2;40;38;44m▄[38;2;42;40;45m[48;2;66;65;71m▄[38;2;46;43;47m[48;2;53;62;67m▄[38;2;52;51;54m[48;2;66;77;83m▄[38;2;127;117;113m[48;2;123;131;135m▄[38;2;143;107;97m[48;2;122;109;107m▄[38;2;160;111;96m[48;2;139;118;114m▄[38;2;171;116;101m[48;2;149;132;127m▄[38;2;200;148;131m[48;2;139;123;116m▄[38;2;221;175;158m[48;2;144;129;123m▄[38;2;236;197;185m[48;2;133;117;112m▄[38;2;249;210;200m[48;2;105;89;85m▄[38;2;192;166;159m[48;2;78;77;78m▄[38;2;94;84;82m[48;2;74;72;79m▄[38;2;160;152;143m[48;2;124;120;126m▄[38;2;109;100;96m[48;2;187;185;190m▄[38;2;27;27;27m[48;2;175;174;179m▄[38;2;42;42;40m[48;2;164;164;169m▄[38;2;32;32;32m[48;2;89;88;93m▄[38;2;40;37;39m[48;2;68;65;70m▄[38;2;77;72;71m[48;2;51;49;51m▄[38;2;106;98;92m[48;2;54;54;57m▄[38;2;166;150;136m[48;2;92;88;89m▄[38;2;99;90;80m[48;2;78;79;80m▄[38;2;51;47;43m[48;2;111;113;115m▄[38;2;57;54;51m[48;2;111;112;114m▄[38;2;54;50;47m[48;2;79;79;81m▄[38;2;103;95;92m[48;2;58;56;58m▄[38;2;144;133;131m[48;2;54;51;52m▄[38;2;196;184;181m[48;2;79;76;73m▄[0m
[38;2;220;209;194m[48;2;229;218;207m▄[38;2;247;237;226m[48;2;247;239;231m▄[38;2;196;188;176m[48;2;178;170;156m▄[38;2;166;153;135m[48;2;172;161;142m▄[38;2;166;154;138m[48;2;137;131;123m▄[38;2;54;52;54m[48;2;38;37;44m▄[38;2;49;49;53m[48;2;49;51;53m▄[38;2;48;48;49m[48;2;55;54;54m▄[38;2;111;101;93m[48;2;112;100;90m▄[38;2;115;99;89m[48;2;99;83;73m▄[38;2;110;92;83m[48;2;100;84;78m▄[38;2;107;90;84m[48;2;97;82;82m▄[38;2;102;86;86m[48;2;101;86;87m▄[38;2;102;88;89m[48;2;99;86;86m▄[38;2;103;89;89m[48;2;94;82;82m▄[38;2;103;89;89m[48;2;86;77;75m▄[38;2;89;80;80m[48;2;55;52;50m▄[38;2;60;53;53m[48;2;47;46;46m▄[38;2;54;49;47m[48;2;65;62;63m▄[38;2;60;55;54m[48;2;56;53;55m▄[38;2;45;42;42m[48;2;43;40;44m▄[38;2;50;47;46m[48;2;57;53;54m▄[38;2;95;91;88m[48;2;59;49;47m▄[38;2;181;176;167m[48;2;116;86;78m▄[38;2;205;194;183m[48;2;195;146;127m▄[38;2;196;171;156m[48;2;191;135;115m▄[38;2;190;153;136m[48;2;211;162;141m▄[38;2;190;144;122m[48;2;210;167;147m▄[38;2;195;142;118m[48;2;190;151;134m▄[38;2;209;155;133m[48;2;172;136;125m▄[38;2;223;173;152m[48;2;153;126;116m▄[38;2;231;186;165m[48;2;112;92;84m▄[38;2;224;185;168m[48;2;101;86;82m▄[38;2;222;186;171m[48;2;74;66;64m▄[38;2;222;190;175m[48;2;160;153;145m▄[38;2;213;182;168m[48;2;194;186;175m▄[38;2;212;183;169m[48;2;180;169;158m▄[38;2;212;184;169m[48;2;149;129;120m▄[38;2;208;173;157m[48;2;167;126;113m▄[38;2;216;178;159m[48;2;208;169;149m▄[38;2;218;181;161m[48;2;221;187;170m▄[38;2;219;182;163m[48;2;231;198;184m▄[38;2;219;183;166m[48;2;252;219;208m▄[38;2;223;185;167m[48;2;238;209;196m▄[38;2;222;185;167m[48;2;208;189;176m▄[38;2;215;184;167m[48;2;189;176;166m▄[38;2;214;183;169m[48;2;160;152;146m▄[38;2;211;183;167m[48;2;152;146;139m▄[38;2;208;182;166m[48;2;142;136;130m▄[38;2;204;179;164m[48;2;153;146;140m▄[38;2;200;177;163m[48;2;170;162;155m▄[38;2;193;171;158m[48;2;185;172;162m▄[38;2;186;166;153m[48;2;175;161;149m▄[38;2;183;166;153m[48;2;176;161;148m▄[38;2;189;171;164m[48;2;179;163;153m▄[38;2;190;173;167m[48;2;181;169;160m▄[38;2;189;172;167m[48;2;188;178;174m▄[38;2;137;128;129m[48;2;203;191;190m▄[38;2;71;72;77m[48;2;199;188;188m▄[38;2;64;66;75m[48;2;198;189;189m▄[0m
[38;2;227;220;214m[48;2;225;216;209m▄[38;2;245;236;227m[48;2;250;239;230m▄[38;2;233;223;214m[48;2;220;210;201m▄[38;2;185;175;162m[48;2;171;160;146m▄[38;2;169;157;139m[48;2;176;164;144m▄[38;2;134;127;115m[48;2;92;87;81m▄[38;2;36;35;40m[48;2;40;39;44m▄[38;2;48;47;52m[48;2;46;45;48m▄[38;2;72;66;65m[48;2;95;85;81m▄[38;2;128;113;102m[48;2;126;110;99m▄[38;2;112;96;86m[48;2;114;98;88m▄[38;2;107;92;80m[48;2;112;97;86m▄[38;2;104;90;80m[48;2;105;90;84m▄[38;2;99;85;81m[48;2;101;87;87m▄[38;2;92;80;78m[48;2;99;87;87m▄[38;2;106;94;93m[48;2;93;80;81m▄[38;2;144;137;136m[48;2;87;74;75m▄[38;2;171;166;166m[48;2;88;74;72m▄[38;2;158;135;117m[48;2;124;97;78m▄[38;2;173;144;112m[48;2;152;127;102m▄[38;2;166;123;84m[48;2;135;100;72m▄[38;2;164;131;101m[48;2;152;126;107m▄[38;2;184;171;168m[48;2;197;187;181m▄[38;2;185;174;176m[48;2;211;202;198m▄[38;2;184;172;173m[48;2;198;187;182m▄[38;2;180;170;168m[48;2;200;191;187m▄[38;2;176;165;162m[48;2;201;193;191m▄[38;2;176;166;161m[48;2;198;186;182m▄[38;2;175;168;160m[48;2;185;161;149m▄[38;2;158;132;105m[48;2;173;130;106m▄[38;2;161;128;93m[48;2;186;137;113m▄[38;2;171;139;114m[48;2;198;149;128m▄[38;2;167;131;112m[48;2;207;158;138m▄[38;2;173;133;117m[48;2;209;164;143m▄[38;2;187;143;126m[48;2;203;161;140m▄[38;2;210;172;153m[48;2;210;171;151m▄[38;2;220;182;163m[48;2;221;183;163m▄[38;2;223;187;167m[48;2;227;189;169m▄[38;2;222;186;167m[48;2;226;192;171m▄[38;2;222;186;167m[48;2;226;190;170m▄[38;2;222;186;166m[48;2;223;185;166m▄[38;2;218;180;161m[48;2;220;181;161m▄[38;2;214;176;155m[48;2;216;178;157m▄[38;2;212;173;152m[48;2;215;178;156m▄[38;2;211;174;152m[48;2;214;175;155m▄[38;2;212;176;155m[48;2;212;174;152m▄[38;2;214;179;157m[48;2;214;174;152m▄[38;2;216;180;158m[48;2;215;177;154m▄[38;2;215;178;156m[48;2;216;178;155m▄[38;2;215;179;157m[48;2;215;178;155m▄[38;2;216;180;159m[48;2;215;177;155m▄[38;2;217;178;158m[48;2;217;179;157m▄[38;2;217;179;160m[48;2;216;179;157m▄[38;2;214;177;157m[48;2;212;176;154m▄[38;2;203;165;142m[48;2;209;171;149m▄[38;2;197;155;132m[48;2;200;159;136m▄[38;2;188;143;121m[48;2;179;133;111m▄[38;2;77;60;58m[48;2;61;49;48m▄[38;2;39;43;48m[48;2;40;44;50m▄[38;2;53;54;58m[48;2;55;58;63m▄[0m
[38;2;222;211;202m[48;2;225;216;213m▄[38;2;237;226;211m[48;2;239;229;215m▄[38;2;223;211;192m[48;2;233;224;213m▄[38;2;219;205;189m[48;2;207;199;189m▄[38;2;168;154;135m[48;2;163;150;132m▄[38;2;175;163;143m[48;2;163;150;136m▄[38;2;91;88;83m[48;2;54;51;53m▄[38;2;36;39;42m[48;2;48;47;51m▄[38;2;51;51;50m[48;2;56;55;54m▄[38;2;98;92;84m[48;2;121;108;97m▄[38;2;85;78;73m[48;2;117;98;88m▄[38;2;61;56;54m[48;2;98;81;72m▄[38;2;51;46;45m[48;2;85;72;62m▄[38;2;52;46;44m[48;2;84;72;61m▄[38;2;49;41;39m[48;2;78;66;56m▄[38;2;100;90;81m[48;2;152;142;132m▄[38;2;192;180;166m[48;2;209;204;202m▄[38;2;197;188;179m[48;2;207;207;208m▄[38;2;198;188;179m[48;2;179;166;157m▄[38;2;195;182;167m[48;2;164;136;105m▄[38;2;192;174;156m[48;2;164;126;87m▄[38;2;185;165;146m[48;2;152;113;77m▄[38;2;192;183;175m[48;2;175;163;157m▄[38;2;190;182;175m[48;2;177;167;164m▄[38;2;186;176;169m[48;2;171;158;151m▄[38;2;188;178;172m[48;2;168;155;146m▄[38;2;191;183;177m[48;2;166;153;142m▄[38;2;196;189;184m[48;2;168;155;145m▄[38;2;204;199;197m[48;2;173;162;152m▄[38;2;208;203;197m[48;2;154;128;106m▄[38;2;206;190;176m[48;2;147;111;77m▄[38;2;203;175;158m[48;2;151;122;94m▄[38;2;212;181;165m[48;2;162;148;135m▄[38;2;217;179;162m[48;2;179;163;153m▄[38;2;219;179;160m[48;2;194;156;138m▄[38;2;219;182;162m[48;2;213;174;155m▄[38;2;219;181;162m[48;2;221;183;164m▄[38;2;219;181;162m[48;2;221;183;164m▄[38;2;220;182;162m[48;2;221;183;164m▄[38;2;219;182;161m[48;2;220;183;164m▄[38;2;220;184;164m[48;2;221;183;164m▄[38;2;224;188;169m[48;2;218;181;162m▄[38;2;225;190;170m[48;2;215;179;158m▄[38;2;225;190;170m[48;2;215;179;158m▄[38;2;224;188;168m[48;2;217;181;160m▄[38;2;221;185;166m[48;2;218;182;162m▄[38;2;223;187;168m[48;2;219;182;163m▄[38;2;224;189;169m[48;2;217;181;159m▄[38;2;223;186;166m[48;2;214;178;156m▄[38;2;221;184;165m[48;2;215;179;157m▄[38;2;223;187;168m[48;2;215;180;159m▄[38;2;221;184;165m[48;2;215;179;157m▄[38;2;219;181;162m[48;2;218;181;161m▄[38;2;217;180;166m[48;2;218;181;166m▄[38;2;213;178;166m[48;2;212;177;160m▄[38;2;208;173;161m[48;2;206;169;151m▄[38;2;207;170;156m[48;2;206;167;148m▄[38;2;172;138;121m[48;2;116;91;84m▄[38;2;48;42;46m[48;2;33;36;41m▄[38;2;48;48;54m[48;2;52;53;58m▄[0m
[38;2;220;213;205m[48;2;222;216;209m▄[38;2;238;229;220m[48;2;242;232;227m▄[38;2;221;213;203m[48;2;218;207;192m▄[38;2;230;223;216m[48;2;225;214;200m▄[38;2;212;206;197m[48;2;187;175;162m▄[38;2;167;154;135m[48;2;168;154;134m▄[38;2;163;153;138m[48;2;134;128;120m▄[38;2;52;53;54m[48;2;35;37;41m▄[38;2;44;45;46m[48;2;47;48;49m▄[38;2;82;79;72m[48;2;91;85;82m▄[38;2;86;80;80m[48;2;68;64;61m▄[38;2;85;94;60m[48;2;103;86;75m▄[38;2;107;125;69m[48;2;115;95;79m▄[38;2;98;116;61m[48;2;118;93;78m▄[38;2;92;109;57m[48;2;105;79;61m▄[38;2;73;85;44m[48;2;72;62;47m▄[38;2;93;85;64m[48;2;147;137;123m▄[38;2;189;177;157m[48;2;197;184;171m▄[38;2;195;183;174m[48;2;199;186;176m▄[38;2;197;187;176m[48;2;204;194;185m▄[38;2;201;191;181m[48;2;207;199;190m▄[38;2;203;193;183m[48;2;210;202;194m▄[38;2;206;196;186m[48;2;210;201;190m▄[38;2;208;198;189m[48;2;211;201;195m▄[38;2;210;199;195m[48;2;214;204;202m▄[38;2;209;202;200m[48;2;214;207;206m▄[38;2;210;207;204m[48;2;215;212;210m▄[38;2;215;211;208m[48;2;220;217;216m▄[38;2;182;142;125m[48;2;216;204;200m▄[38;2;171;114;91m[48;2;202;177;165m▄[38;2;182;131;110m[48;2;201;161;143m▄[38;2;198;147;129m[48;2;220;174;157m▄[38;2;204;155;140m[48;2;219;177;159m▄[38;2;206;159;144m[48;2;217;176;159m▄[38;2;208;160;142m[48;2;217;178;159m▄[38;2;209;161;144m[48;2;218;180;161m▄[38;2;209;163;146m[48;2;216;177;160m▄[38;2;209;166;149m[48;2;215;176;158m▄[38;2;208;166;151m[48;2;216;178;161m▄[38;2;208;168;154m[48;2;215;178;163m▄[38;2;207;167;154m[48;2;216;179;164m▄[38;2;206;165;152m[48;2;218;182;166m▄[38;2;205;163;150m[48;2;218;181;166m▄[38;2;204;161;149m[48;2;218;182;167m▄[38;2;205;162;154m[48;2;218;183;167m▄[38;2;206;167;157m[48;2;218;182;166m▄[38;2;206;168;158m[48;2;218;181;166m▄[38;2;206;166;157m[48;2;219;183;167m▄[38;2;205;164;156m[48;2;217;181;166m▄[38;2;200;159;151m[48;2;213;178;164m▄[38;2;195;154;146m[48;2;213;177;165m▄[38;2;196;154;145m[48;2;213;176;165m▄[38;2;196;153;143m[48;2;209;171;160m▄[38;2;191;149;136m[48;2;203;166;153m▄[38;2;185;141;127m[48;2;198;162;144m▄[38;2;178;133;121m[48;2;195;156;139m▄[38;2;176;129;118m[48;2;191;149;131m▄[38;2;176;128;117m[48;2;192;144;126m▄[38;2;165;121;108m[48;2;105;80;75m▄[38;2;83;67;65m[48;2;37;40;46m▄[0m
[38;2;222;214;207m[48;2;218;209;196m▄[38;2;235;224;210m[48;2;237;227;214m▄[38;2;219;206;191m[48;2;221;210;198m▄[38;2;223;213;200m[48;2;224;215;203m▄[38;2;232;224;216m[48;2;228;221;210m▄[38;2;197;190;176m[48;2;178;167;153m▄[38;2;165;154;131m[48;2;173;161;141m▄[38;2;125;119;107m[48;2;87;83;78m▄[38;2;38;39;43m[48;2;37;39;43m▄[38;2;56;54;51m[48;2;69;66;61m▄[38;2;108;102;96m[48;2;99;93;89m▄[38;2;65;64;60m[48;2;77;80;55m▄[38;2;108;104;89m[48;2;137;138;79m▄[38;2;105;98;88m[48;2;133;132;78m▄[38;2;90;83;76m[48;2;129;123;75m▄[38;2;75;70;69m[48;2;119;111;74m▄[38;2;52;52;54m[48;2;65;62;51m▄[38;2;106;95;59m[48;2;154;138;85m▄[38;2;181;169;146m[48;2;189;178;162m▄[38;2;196;187;176m[48;2;194;184;173m▄[38;2;197;187;176m[48;2;199;189;179m▄[38;2;202;192;182m[48;2;203;193;183m▄[38;2;204;194;184m[48;2;206;196;186m▄[38;2;207;196;188m[48;2;209;199;189m▄[38;2;212;201;197m[48;2;210;199;195m▄[38;2;205;195;193m[48;2;213;202;202m▄[38;2;196;189;186m[48;2;213;208;205m▄[38;2;212;207;204m[48;2;213;210;207m▄[38;2;214;212;209m[48;2;211;202;198m▄[38;2;223;223;222m[48;2;203;181;171m▄[38;2;231;233;231m[48;2;194;165;150m▄[38;2;240;241;246m[48;2;186;148;136m▄[38;2;206;197;164m[48;2;180;133;107m▄[38;2;128;118;83m[48;2;188;139;113m▄[38;2;98;100;110m[48;2;187;148;138m▄[38;2;84;88;94m[48;2;184;154;143m▄[38;2;80;83;87m[48;2;188;153;141m▄[38;2;79;81;83m[48;2;193;154;139m▄[38;2;70;69;70m[48;2;188;147;131m▄[38;2;68;64;64m[48;2;187;147;128m▄[38;2;74;67;67m[48;2;189;150;131m▄[38;2;86;77;76m[48;2;191;151;131m▄[38;2;80;71;72m[48;2;194;152;134m▄[38;2;75;67;68m[48;2;192;147;130m▄[38;2;82;76;77m[48;2;186;145;127m▄[38;2;86;80;82m[48;2;186;144;128m▄[38;2;75;70;70m[48;2;186;144;128m▄[38;2;64;61;62m[48;2;180;139;125m▄[38;2;60;56;58m[48;2;174;132;122m▄[38;2;55;54;56m[48;2;164;123;116m▄[38;2;50;52;56m[48;2;152;115;108m▄[38;2;41;45;49m[48;2;143;110;104m▄[38;2;38;44;49m[48;2;130;102;96m▄[38;2;51;57;65m[48;2;113;94;88m▄[38;2;54;60;70m[48;2;91;77;74m▄[38;2;37;43;51m[48;2;72;62;63m▄[38;2;26;33;38m[48;2;80;66;64m▄[38;2;35;41;47m[48;2;96;75;72m▄[38;2;44;49;55m[48;2;117;92;87m▄[38;2;54;58;64m[48;2;130;104;99m▄[0m
[38;2;211;198;180m[48;2;216;203;194m▄[38;2;227;212;195m[48;2;233;221;209m▄[38;2;211;199;185m[48;2;215;206;195m▄[38;2;211;201;188m[48;2;210;199;190m▄[38;2;217;208;197m[48;2;216;206;197m▄[38;2;229;222;215m[48;2;215;209;198m▄[38;2;183;173;161m[48;2;165;155;132m▄[38;2;168;156;136m[48;2;156;147;130m▄[38;2;99;97;91m[48;2;50;51;54m▄[38;2;52;54;54m[48;2;41;43;42m▄[38;2;84;80;75m[48;2;95;91;87m▄[38;2;99;97;95m[48;2;64;65;67m▄[38;2;66;68;68m[48;2;40;42;46m▄[38;2;55;56;59m[48;2;43;44;48m▄[38;2;61;62;64m[48;2;50;51;56m▄[38;2;56;57;59m[48;2;50;50;54m▄[38;2;48;49;52m[48;2;54;54;57m▄[38;2;36;37;40m[48;2;60;59;64m▄[38;2;105;102;95m[48;2;133;127;118m▄[38;2;160;150;137m[48;2;161;151;140m▄[38;2;174;164;154m[48;2;193;183;172m▄[38;2;202;192;182m[48;2;201;191;181m▄[38;2;203;193;182m[48;2;204;194;184m▄[38;2;208;198;189m[48;2;208;199;190m▄[38;2;198;193;188m[48;2;200;191;187m▄[38;2;171;168;165m[48;2;142;136;132m▄[38;2;191;187;185m[48;2;154;149;146m▄[38;2;214;210;207m[48;2;216;212;209m▄[38;2;215;212;208m[48;2;213;209;206m▄[38;2;225;223;222m[48;2;224;220;219m▄[38;2;206;206;204m[48;2;217;217;215m▄[38;2;193;192;194m[48;2;168;168;168m▄[38;2;135;134;139m[48;2;144;145;152m▄[38;2;31;32;36m[48;2;40;42;49m▄[38;2;43;44;49m[48;2;29;30;34m▄[38;2;46;48;52m[48;2;34;34;38m▄[38;2;59;61;68m[48;2;38;40;46m▄[38;2;58;61;67m[48;2;37;41;46m▄[38;2;51;54;60m[48;2;39;44;49m▄[38;2;55;58;64m[48;2;44;49;55m▄[38;2;71;74;81m[48;2;54;58;66m▄[38;2;63;66;73m[48;2;54;59;67m▄[38;2;69;72;79m[48;2;57;62;69m▄[38;2;81;84;91m[48;2;77;82;92m▄[38;2;48;50;56m[48;2;86;91;102m▄[38;2;58;61;66m[48;2;104;109;119m▄[38;2;89;92;99m[48;2;75;80;89m▄[38;2;101;104;114m[48;2;66;71;79m▄[38;2;105;108;119m[48;2;64;68;80m▄[38;2;96;98;108m[48;2;68;72;83m▄[38;2;99;102;110m[48;2;93;97;105m▄[38;2;121;124;131m[48;2;77;81;87m▄[38;2;75;78;85m[48;2;55;58;64m▄[38;2;68;70;76m[48;2;57;60;65m▄[38;2;76;76;81m[48;2;60;62;69m▄[38;2;82;82;86m[48;2;114;116;123m▄[38;2;78;78;82m[48;2;125;127;134m▄[38;2;63;64;68m[48;2;89;91;97m▄[38;2;57;59;63m[48;2;72;76;81m▄[38;2;74;74;81m[48;2;84;88;95m▄[0m
[38;2;218;211;198m[48;2;216;207;194m▄[38;2;236;227;217m[48;2;232;219;206m▄[38;2;217;209;199m[48;2;215;205;195m▄[38;2;213;205;194m[48;2;216;209;199m▄[38;2;213;203;190m[48;2;214;204;195m▄[38;2;215;205;190m[48;2;219;205;191m▄[38;2;217;209;196m[48;2;200;191;176m▄[38;2;172;165;146m[48;2;166;156;139m▄[38;2;165;155;136m[48;2;155;148;131m▄[38;2;134;135;129m[48;2;126;128;124m▄[38;2;81;85;83m[48;2;90;91;87m▄[38;2;68;68;65m[48;2;75;75;72m▄[38;2;72;72;70m[48;2;49;51;53m▄[38;2;49;50;51m[48;2;42;44;48m▄[38;2;40;41;46m[48;2;40;43;46m▄[38;2;38;41;45m[48;2;34;38;41m▄[38;2;37;40;43m[48;2;32;36;39m▄[38;2;36;40;43m[48;2;28;33;37m▄[38;2;31;36;39m[48;2;41;44;45m▄[38;2;30;33;36m[48;2;151;145;134m▄[38;2;122;117;109m[48;2;199;188;175m▄[38;2;187;178;165m[48;2;200;189;179m▄[38;2;189;179;169m[48;2;203;194;183m▄[38;2;193;183;173m[48;2;206;195;187m▄[38;2;193;186;177m[48;2;206;199;194m▄[38;2;194;190;184m[48;2;212;208;205m▄[38;2;197;193;190m[48;2;213;209;206m▄[38;2;201;197;194m[48;2;213;208;205m▄[38;2;204;202;201m[48;2;217;213;211m▄[38;2;214;213;213m[48;2;218;216;214m▄[38;2;188;187;190m[48;2;226;224;223m▄[38;2;52;54;57m[48;2;189;189;190m▄[38;2;44;47;52m[48;2;66;67;72m▄[38;2;54;56;62m[48;2;45;46;51m▄[38;2;50;53;58m[48;2;47;50;55m▄[38;2;59;62;68m[48;2;45;48;53m▄[38;2;55;59;63m[48;2;66;69;75m▄[38;2;55;59;61m[48;2;73;76;84m▄[38;2;73;77;82m[48;2;76;79;85m▄[38;2;84;87;92m[48;2;84;87;92m▄[38;2;85;88;93m[48;2;103;106;111m▄[38;2;81;84;89m[48;2;101;104;110m▄[38;2;59;62;67m[48;2;61;64;69m▄[38;2;60;63;68m[48;2;59;62;68m▄[38;2;78;81;86m[48;2;80;83;89m▄[38;2;81;84;90m[48;2;83;86;93m▄[38;2;69;72;77m[48;2;78;81;89m▄[38;2;66;69;74m[48;2;64;67;75m▄[38;2;59;63;67m[48;2;75;78;83m▄[38;2;54;58;61m[48;2;78;81;87m▄[38;2;57;60;65m[48;2;78;80;88m▄[38;2;62;65;68m[48;2;89;92;98m▄[38;2;61;65;68m[48;2;72;75;79m▄[38;2;63;64;69m[48;2;73;75;80m▄[38;2;59;61;67m[48;2;70;72;77m▄[38;2;49;53;59m[48;2;70;71;76m▄[38;2;48;53;60m[48;2;59;61;66m▄[38;2;52;56;65m[48;2;57;59;63m▄[38;2;57;60;70m[48;2;43;45;49m▄[38;2;65;69;80m[48;2;42;42;47m▄[0m
[38;2;205;189;174m[48;2;209;193;176m▄[38;2;225;212;195m[48;2;225;209;190m▄[38;2;206;190;170m[48;2;210;197;180m▄[38;2;205;185;164m[48;2;210;197;180m▄[38;2;207;191;177m[48;2;212;201;188m▄[38;2;211;198;185m[48;2;216;207;197m▄[38;2;219;208;195m[48;2;223;213;202m▄[38;2;211;202;191m[48;2;191;182;165m▄[38;2;175;167;153m[48;2;172;161;144m▄[38;2;177;168;151m[48;2;167;160;145m▄[38;2;176;164;145m[48;2;128;124;112m▄[38;2;145;136;121m[48;2;83;82;77m▄[38;2;83;79;73m[48;2;87;84;80m▄[38;2;87;85;79m[48;2;83;83;79m▄[38;2;90;88;82m[48;2;55;56;57m▄[38;2;64;64;64m[48;2;44;45;49m▄[38;2;43;47;50m[48;2;43;45;49m▄[38;2;41;45;48m[48;2;35;40;43m▄[38;2;38;42;45m[48;2;36;40;43m▄[38;2;39;43;46m[48;2;28;32;36m▄[38;2;35;39;42m[48;2;51;52;52m▄[38;2;67;67;67m[48;2;154;146;135m▄[38;2;115;113;108m[48;2;178;168;156m▄[38;2;138;134;129m[48;2;179;171;162m▄[38;2;151;148;144m[48;2;179;174;169m▄[38;2;161;159;157m[48;2;182;178;174m▄[38;2;170;169;171m[48;2;188;186;183m▄[38;2;166;166;170m[48;2;199;196;198m▄[38;2;155;156;160m[48;2;210;210;215m▄[38;2;123;124;128m[48;2;226;226;230m▄[38;2;61;62;66m[48;2;133;134;138m▄[38;2;55;57;60m[48;2;44;46;50m▄[38;2;56;59;62m[48;2;54;57;61m▄[38;2;53;57;60m[48;2;54;56;60m▄[38;2;56;60;62m[48;2;62;66;70m▄[38;2;52;56;59m[48;2;75;79;83m▄[38;2;57;61;63m[48;2;61;65;68m▄[38;2;65;68;72m[48;2;67;71;74m▄[38;2;65;69;74m[48;2;72;75;80m▄[38;2;63;66;71m[48;2;65;68;73m▄[38;2;64;68;72m[48;2;60;63;69m▄[38;2;60;63;68m[48;2;58;61;66m▄[38;2;59;63;67m[48;2;61;65;68m▄[38;2;58;61;66m[48;2;74;78;81m▄[38;2;58;61;66m[48;2;68;72;75m▄[38;2;55;59;64m[48;2;62;66;69m▄[38;2;55;59;63m[48;2;62;66;70m▄[38;2;57;61;66m[48;2;63;66;72m▄[38;2;62;65;71m[48;2;58;61;66m▄[38;2;82;85;92m[48;2;54;57;63m▄[38;2;97;99;106m[48;2;53;57;63m▄[38;2;115;116;118m[48;2;53;57;64m▄[38;2;136;136;134m[48;2;56;60;67m▄[38;2;154;152;147m[48;2;61;64;72m▄[38;2;171;170;161m[48;2;71;75;81m▄[38;2;190;188;177m[48;2;83;87;91m▄[38;2;203;198;185m[48;2;99;101;104m▄[38;2;210;205;191m[48;2;124;124;126m▄[38;2;215;211;199m[48;2;148;146;144m▄[38;2;236;229;215m[48;2;178;176;169m▄[0m
[38;2;211;201;186m[48;2;211;200;185m▄[38;2;248;235;219m[48;2;228;217;203m▄[38;2;231;221;209m[48;2;213;206;195m▄[38;2;230;220;207m[48;2;215;208;199m▄[38;2;224;212;199m[48;2;207;197;186m▄[38;2;225;214;200m[48;2;196;185;172m▄[38;2;233;221;211m[48;2;212;201;188m▄[38;2;236;225;215m[48;2;219;210;199m▄[38;2;212;203;187m[48;2;181;173;159m▄[38;2;190;180;163m[48;2;172;163;147m▄[38;2;192;182;165m[48;2;176;166;151m▄[38;2;193;186;170m[48;2;182;174;160m▄[38;2;200;191;173m[48;2;145;139;125m▄[38;2;162;156;139m[48;2;86;84;77m▄[38;2;93;91;84m[48;2;90;88;83m▄[38;2;90;88;84m[48;2;96;94;89m▄[38;2;106;103;98m[48;2;72;71;68m▄[38;2;87;86;83m[48;2;45;47;50m▄[38;2;58;59;60m[48;2;41;45;48m▄[38;2;51;55;57m[48;2;43;47;50m▄[38;2;49;53;55m[48;2;42;47;50m▄[38;2;44;48;50m[48;2;37;42;43m▄[38;2;41;46;48m[48;2;35;40;42m▄[38;2;41;45;48m[48;2;40;44;45m▄[38;2;39;43;46m[48;2;48;50;52m▄[38;2;40;45;47m[48;2;52;54;56m▄[38;2;42;46;50m[48;2;51;53;57m▄[38;2;46;50;54m[48;2;42;44;48m▄[38;2;52;57;60m[48;2;39;41;44m▄[38;2;55;59;62m[48;2;41;44;47m▄[38;2;54;58;61m[48;2;51;55;59m▄[38;2;55;59;62m[48;2;52;57;60m▄[38;2;59;63;66m[48;2;52;56;59m▄[38;2;59;63;66m[48;2;54;58;61m▄[38;2;63;67;69m[48;2;54;58;61m▄[38;2;72;75;77m[48;2;54;58;61m▄[38;2;81;84;84m[48;2;53;57;60m▄[38;2;90;92;92m[48;2;53;57;61m▄[38;2;103;105;103m[48;2;52;56;60m▄[38;2;118;119;116m[48;2;54;58;62m▄[38;2;135;134;130m[48;2;57;62;65m▄[38;2;153;151;145m[48;2;60;64;67m▄[38;2;173;171;166m[48;2;64;68;72m▄[38;2;192;190;185m[48;2;74;76;82m▄[38;2;205;202;192m[48;2;88;89;92m▄[38;2;213;207;194m[48;2;104;107;107m▄[38;2;224;217;204m[48;2;124;125;124m▄[38;2;227;219;205m[48;2;142;142;139m▄[38;2;234;230;220m[48;2;162;160;155m▄[38;2;235;229;218m[48;2;179;175;168m▄[38;2;235;229;218m[48;2;193;188;177m▄[38;2;234;229;220m[48;2;201;192;178m▄[38;2;237;232;220m[48;2;212;205;192m▄[38;2;242;238;229m[48;2;216;211;197m▄[38;2;244;236;228m[48;2;217;212;200m▄[38;2;245;240;233m[48;2;219;214;205m▄[38;2;242;239;230m[48;2;219;215;207m▄[38;2;246;244;238m[48;2;224;221;214m▄[38;2;246;243;240m[48;2;226;224;218m▄[38;2;255;255;248m[48;2;244;240;229m▄[0m
