[38;2;254;254;254m[48;2;254;254;254m▄[38;2;255;255;255m[48;2;254;254;254m▄[38;2;255;255;255m[48;2;254;254;254m▄[38;2;255;255;255m[48;2;254;254;254m▄[38;2;255;255;255m[48;2;254;254;254m▄[38;2;255;255;255m[48;2;254;254;254m▄[38;2;255;255;255m[48;2;254;254;254m▄[38;2;255;255;255m[48;2;254;254;254m▄[38;2;255;255;255m[48;2;254;254;254m▄[38;2;255;255;255m[48;2;254;254;254m▄[38;2;255;255;255m[48;2;254;254;254m▄[38;2;255;255;255m[48;2;254;254;254m▄[38;2;255;255;255m[48;2;254;254;254m▄[38;2;255;255;255m[48;2;254;254;254m▄[38;2;255;255;255m[48;2;254;254;254m▄[38;2;255;255;255m[48;2;254;254;254m▄[38;2;255;255;255m[48;2;254;254;254m▄[38;2;255;255;255m[48;2;254;254;254m▄[38;2;255;255;255m[48;2;254;254;254m▄[38;2;255;255;255m[48;2;254;254;254m▄[38;2;255;255;255m[48;2;254;254;254m▄[38;2;255;255;255m[48;2;254;254;254m▄[38;2;255;255;255m[48;2;254;254;254m▄[38;2;255;255;255m[48;2;254;254;254m▄[38;2;255;255;255m[48;2;254;254;254m▄[38;2;255;255;255m[48;2;254;254;254m▄[38;2;255;255;255m[48;2;254;254;254m▄[38;2;255;255;255m[48;2;254;254;254m▄[38;2;255;255;255m[48;2;254;254;254m▄[38;2;255;255;255m[48;2;254;254;254m▄[38;2;255;255;255m[48;2;254;254;254m▄[38;2;255;255;255m[48;2;254;254;254m▄[38;2;255;255;255m[48;2;254;254;254m▄[38;2;255;255;255m[48;2;254;254;254m▄[38;2;255;255;255m[48;2;254;254;254m▄[38;2;255;255;255m[48;2;254;254;254m▄[38;2;255;255;255m[48;2;254;254;254m▄[38;2;255;255;255m[48;2;254;254;254m▄[38;2;255;255;255m[48;2;254;254;254m▄[38;2;255;255;255m[48;2;254;254;254m▄[38;2;255;255;255m[48;2;254;254;254m▄[38;2;255;255;255m[48;2;254;254;254m▄[38;2;255;255;255m[48;2;254;254;254m▄[38;2;255;255;255m[48;2;254;254;254m▄[38;2;255;255;255m[48;2;254;254;254m▄[38;2;255;255;255m[48;2;254;254;254m▄[38;2;255;255;255m[48;2;254;254;254m▄[38;2;255;255;255m[48;2;254;254;254m▄[38;2;255;255;255m[48;2;254;254;254m▄[38;2;255;255;255m[48;2;254;254;254m▄[38;2;255;255;255m[48;2;254;254;254m▄[38;2;255;255;255m[48;2;254;254;254m▄[38;2;255;255;255m[48;2;254;254;254m▄[38;2;255;255;255m[48;2;254;254;254m▄[38;2;255;255;255m[48;2;254;254;254m▄[38;2;255;255;255m[48;2;254;254;254m▄[38;2;255;255;255m[48;2;254;254;254m▄[38;2;255;255;255m[48;2;254;254;254m▄[38;2;255;255;255m[48;2;254;254;254m▄[38;2;255;255;255m[48;2;254;254;254m▄[0m
[38;2;255;255;255m[48;2;255;255;255m▄[38;2;255;255;255m[48;2;255;255;255m▄[38;2;255;255;255m[48;2;255;255;255m▄[38;2;255;255;255m[48;2;255;255;255m▄[38;2;255;255;255m[48;2;255;255;255m▄[38;2;255;255;255m[48;2;255;255;255m▄[38;2;255;255;255m[48;2;255;255;255m▄[38;2;255;255;255m[48;2;255;255;255m▄[38;2;255;255;255m[48;2;255;255;255m▄[38;2;255;255;255m[48;2;255;255;255m▄[38;2;255;255;255m[48;2;255;255;255m▄[38;2;255;255;255m[48;2;255;255;255m▄[38;2;255;255;255m[48;2;255;255;255m▄[38;2;255;255;255m[48;2;255;255;255m▄[38;2;255;255;255m[48;2;255;255;255m▄[38;2;255;255;255m[48;2;255;255;255m▄[38;2;255;255;255m[48;2;255;255;255m▄[38;2;255;255;255m[48;2;255;255;255m▄[38;2;255;255;255m[48;2;255;255;255m▄[38;2;255;255;255m[48;2;255;255;255m▄[38;2;255;255;255m[48;2;255;255;255m▄[38;2;255;255;255m[48;2;255;255;255m▄[38;2;255;255;255m[48;2;255;255;255m▄[38;2;255;255;255m[48;2;255;255;255m▄[38;2;255;255;255m[48;2;255;255;255m▄[38;2;255;255;255m[48;2;255;255;255m▄[38;2;255;255;255m[48;2;255;255;255m▄[38;2;255;255;255m[48;2;255;255;255m▄[38;2;255;255;255m[48;2;255;255;255m▄[38;2;255;255;255m[48;2;255;255;255m▄[38;2;255;255;255m[48;2;255;255;255m▄[38;2;255;255;255m[48;2;255;255;255m▄[38;2;255;255;255m[48;2;255;255;255m▄[38;2;255;255;255m[48;2;255;255;255m▄[38;2;255;255;255m[48;2;255;255;255m▄[38;2;255;255;255m[48;2;255;255;255m▄[38;2;255;255;255m[48;2;255;255;255m▄[38;2;255;255;255m[48;2;255;255;255m▄[38;2;255;255;255m[48;2;255;255;255m▄[38;2;255;255;255m[48;2;255;255;255m▄[38;2;255;255;255m[48;2;255;255;255m▄[38;2;255;255;255m[48;2;255;255;255m▄[38;2;255;255;255m[48;2;255;255;255m▄[38;2;250;250;250m[48;2;255;255;255m▄[38;2;246;246;246m[48;2;255;255;255m▄[38;2;246;246;246m[48;2;255;255;255m▄[38;2;246;246;246m[48;2;255;255;255m▄[38;2;246;246;246m[48;2;255;255;255m▄[38;2;250;250;250m[48;2;255;255;255m▄[38;2;255;255;255m[48;2;255;255;255m▄[38;2;255;255;255m[48;2;255;255;255m▄[38;2;255;255;255m[48;2;255;255;255m▄[38;2;255;255;255m[48;2;255;255;255m▄[38;2;255;255;255m[48;2;255;255;255m▄[38;2;255;255;255m[48;2;255;255;255m▄[38;2;255;255;255m[48;2;255;255;255m▄[38;2;255;255;255m[48;2;255;255;255m▄[38;2;255;255;255m[48;2;255;255;255m▄[38;2;255;255;255m[48;2;255;255;255m▄[38;2;255;255;255m[48;2;255;255;255m▄[0m
[38;2;255;255;255m[48;2;255;255;255m▄[38;2;255;255;255m[48;2;255;255;255m▄[38;2;255;255;255m[48;2;255;255;255m▄[38;2;255;255;255m[48;2;255;255;255m▄[38;2;255;255;255m[48;2;255;255;255m▄[38;2;255;255;255m[48;2;255;255;255m▄[38;2;255;255;255m[48;2;255;255;255m▄[38;2;255;255;255m[48;2;255;255;255m▄[38;2;255;255;255m[48;2;255;255;255m▄[38;2;219;219;219m[48;2;255;255;255m▄[38;2;220;220;220m[48;2;241;241;241m▄[38;2;238;238;238m[48;2;231;231;231m▄[38;2;212;212;212m[48;2;228;228;228m▄[38;2;228;228;228m[48;2;223;223;223m▄[38;2;240;240;240m[48;2;222;222;222m▄[38;2;245;245;245m[48;2;217;217;217m▄[38;2;240;240;240m[48;2;212;212;212m▄[38;2;237;237;237m[48;2;229;229;229m▄[38;2;234;234;234m[48;2;236;236;236m▄[38;2;223;223;223m[48;2;245;245;245m▄[38;2;217;217;217m[48;2;251;251;251m▄[38;2;214;214;214m[48;2;255;255;255m▄[38;2;242;242;242m[48;2;255;255;255m▄[38;2;255;255;255m[48;2;255;255;255m▄[38;2;255;255;255m[48;2;255;255;255m▄[38;2;255;255;255m[48;2;255;255;255m▄[38;2;255;255;255m[48;2;255;255;255m▄[38;2;255;255;255m[48;2;255;255;255m▄[38;2;255;255;255m[48;2;255;255;255m▄[38;2;255;255;255m[48;2;255;255;255m▄[38;2;255;255;255m[48;2;255;255;255m▄[38;2;255;255;255m[48;2;255;255;255m▄[38;2;255;255;255m[48;2;255;255;255m▄[38;2;255;255;255m[48;2;255;255;255m▄[38;2;255;255;255m[48;2;255;255;255m▄[38;2;255;255;255m[48;2;255;255;255m▄[38;2;255;255;255m[48;2;255;255;255m▄[38;2;255;255;255m[48;2;255;255;255m▄[38;2;255;255;255m[48;2;255;255;255m▄[38;2;237;237;237m[48;2;255;255;255m▄[38;2;217;217;217m[48;2;249;249;249m▄[38;2;241;241;241m[48;2;232;232;232m▄[38;2;248;248;248m[48;2;227;227;227m▄[38;2;255;255;255m[48;2;231;231;231m▄[38;2;249;249;249m[48;2;237;237;237m▄[38;2;255;255;255m[48;2;238;238;238m▄[38;2;255;255;255m[48;2;239;239;239m▄[38;2;255;255;255m[48;2;236;236;236m▄[38;2;255;255;255m[48;2;229;229;229m▄[38;2;255;255;255m[48;2;227;227;227m▄[38;2;234;234;234m[48;2;227;227;227m▄[38;2;210;210;210m[48;2;252;252;252m▄[38;2;254;254;254m[48;2;255;255;255m▄[38;2;255;255;255m[48;2;255;255;255m▄[38;2;255;255;255m[48;2;255;255;255m▄[38;2;255;255;255m[48;2;255;255;255m▄[38;2;255;255;255m[48;2;255;255;255m▄[38;2;255;255;255m[48;2;255;255;255m▄[38;2;255;255;255m[48;2;255;255;255m▄[38;2;255;255;255m[48;2;255;255;255m▄[0m
[38;2;255;255;255m[48;2;255;255;255m▄[38;2;255;255;255m[48;2;255;255;255m▄[38;2;255;255;255m[48;2;255;255;255m▄[38;2;255;255;255m[48;2;255;255;255m▄[38;2;255;255;255m[48;2;255;255;255m▄[38;2;255;255;255m[48;2;255;255;255m▄[38;2;255;255;255m[48;2;255;255;255m▄[38;2;221;221;221m[48;2;255;255;255m▄[38;2;137;137;137m[48;2;237;237;237m▄[38;2;216;216;216m[48;2;212;212;212m▄[38;2;235;235;235m[48;2;255;255;255m▄[38;2;190;190;190m[48;2;229;229;229m▄[38;2;252;252;252m[48;2;226;226;226m▄[38;2;255;255;255m[48;2;255;255;255m▄[38;2;255;255;255m[48;2;255;255;255m▄[38;2;255;255;255m[48;2;246;246;246m▄[38;2;216;216;216m[48;2;248;248;248m▄[38;2;207;207;207m[48;2;239;239;239m▄[38;2;228;228;228m[48;2;224;224;224m▄[38;2;249;249;249m[48;2;200;200;200m▄[38;2;241;241;241m[48;2;233;233;233m▄[38;2;223;223;223m[48;2;237;237;237m▄[38;2;213;213;213m[48;2;210;210;210m▄[38;2;215;215;215m[48;2;245;245;245m▄[38;2;255;255;255m[48;2;255;255;255m▄[38;2;255;255;255m[48;2;255;255;255m▄[38;2;255;255;255m[48;2;255;255;255m▄[38;2;255;255;255m[48;2;255;255;255m▄[38;2;255;255;255m[48;2;255;255;255m▄[38;2;255;255;255m[48;2;255;255;255m▄[38;2;255;255;255m[48;2;255;255;255m▄[38;2;255;255;255m[48;2;255;255;255m▄[38;2;255;255;255m[48;2;255;255;255m▄[38;2;255;255;255m[48;2;255;255;255m▄[38;2;255;255;255m[48;2;255;255;255m▄[38;2;255;255;255m[48;2;255;255;255m▄[38;2;255;255;255m[48;2;255;255;255m▄[38;2;255;255;255m[48;2;255;255;255m▄[38;2;196;197;197m[48;2;252;252;252m▄[38;2;172;172;172m[48;2;196;196;196m▄[38;2;150;148;147m[48;2;235;235;234m▄[38;2;99;93;95m[48;2;251;252;251m▄[38;2;173;174;174m[48;2;216;216;216m▄[38;2;156;156;156m[48;2;229;229;229m▄[38;2;165;163;163m[48;2;203;203;203m▄[38;2;109;109;111m[48;2;222;222;222m▄[38;2;98;88;88m[48;2;229;229;229m▄[38;2;135;130;130m[48;2;235;235;235m▄[38;2;222;222;222m[48;2;244;244;244m▄[38;2;231;231;231m[48;2;244;244;244m▄[38;2;211;211;211m[48;2;247;247;247m▄[38;2;192;192;192m[48;2;214;214;214m▄[38;2;234;234;234m[48;2;231;231;231m▄[38;2;255;255;255m[48;2;255;255;255m▄[38;2;255;255;255m[48;2;255;255;255m▄[38;2;255;255;255m[48;2;255;255;255m▄[38;2;255;255;255m[48;2;255;255;255m▄[38;2;255;255;255m[48;2;255;255;255m▄[38;2;255;255;255m[48;2;255;255;255m▄[38;2;255;255;255m[48;2;255;255;255m▄[0m
[38;2;255;255;255m[48;2;255;255;255m▄[38;2;255;255;255m[48;2;255;255;255m▄[38;2;255;255;255m[48;2;255;255;255m▄[38;2;255;255;255m[48;2;255;255;255m▄[38;2;255;255;255m[48;2;255;255;255m▄[38;2;255;255;255m[48;2;255;255;255m▄[38;2;255;255;255m[48;2;255;255;255m▄[38;2;255;255;255m[48;2;248;248;248m▄[38;2;255;255;255m[48;2;214;214;214m▄[38;2;214;214;214m[48;2;212;212;212m▄[38;2;235;235;235m[48;2;251;251;251m▄[38;2;228;228;228m[48;2;210;210;210m▄[38;2;197;197;197m[48;2;227;227;227m▄[38;2;227;227;227m[48;2;255;255;255m▄[38;2;242;242;241m[48;2;255;255;255m▄[38;2;255;255;255m[48;2;250;250;250m▄[38;2;255;255;255m[48;2;190;190;190m▄[38;2;244;244;244m[48;2;181;181;181m▄[38;2;223;223;223m[48;2;243;243;243m▄[38;2;247;247;247m[48;2;255;255;255m▄[38;2;217;217;217m[48;2;224;224;224m▄[38;2;235;235;235m[48;2;184;184;184m▄[38;2;254;254;254m[48;2;216;216;216m▄[38;2;209;209;209m[48;2;212;212;212m▄[38;2;252;252;252m[48;2;254;254;254m▄[38;2;255;255;255m[48;2;255;255;255m▄[38;2;255;255;255m[48;2;255;255;255m▄[38;2;255;255;255m[48;2;255;255;255m▄[38;2;255;255;255m[48;2;255;255;255m▄[38;2;255;255;255m[48;2;255;255;255m▄[38;2;255;255;255m[48;2;255;255;255m▄[38;2;255;255;255m[48;2;255;255;255m▄[38;2;255;255;255m[48;2;255;255;255m▄[38;2;255;255;255m[48;2;255;255;255m▄[38;2;255;255;255m[48;2;255;255;255m▄[38;2;255;255;255m[48;2;255;255;255m▄[38;2;255;255;255m[48;2;255;255;255m▄[38;2;255;255;255m[48;2;255;255;255m▄[38;2;247;246;245m[48;2;193;192;191m▄[38;2;192;199;203m[48;2;156;161;165m▄[38;2;174;197;212m[48;2;142;163;177m▄[38;2;164;163;162m[48;2;166;166;167m▄[38;2;159;159;159m[48;2;255;255;254m▄[38;2;157;157;157m[48;2;243;243;243m▄[38;2;166;166;166m[48;2;206;205;205m▄[38;2;211;210;209m[48;2;167;170;173m▄[38;2;183;197;207m[48;2;158;171;179m▄[38;2;253;255;255m[48;2;222;222;222m▄[38;2;182;181;181m[48;2;229;229;229m▄[38;2;223;223;223m[48;2;201;201;201m▄[38;2;208;208;208m[48;2;217;217;217m▄[38;2;255;255;255m[48;2;219;219;219m▄[38;2;255;255;255m[48;2;255;255;255m▄[38;2;255;255;255m[48;2;255;255;255m▄[38;2;255;255;255m[48;2;255;255;255m▄[38;2;255;255;255m[48;2;255;255;255m▄[38;2;255;255;255m[48;2;255;255;255m▄[38;2;255;255;255m[48;2;255;255;255m▄[38;2;255;255;255m[48;2;255;255;255m▄[38;2;255;255;255m[48;2;255;255;255m▄[0m
[38;2;255;255;255m[48;2;255;255;255m▄[38;2;255;255;255m[48;2;255;255;255m▄[38;2;255;255;255m[48;2;255;255;255m▄[38;2;255;255;255m[48;2;255;255;255m▄[38;2;255;255;255m[48;2;255;255;255m▄[38;2;255;255;255m[48;2;255;255;255m▄[38;2;255;255;255m[48;2;255;255;255m▄[38;2;255;255;255m[48;2;255;255;255m▄[38;2;255;255;255m[48;2;255;255;255m▄[38;2;225;225;225m[48;2;252;252;252m▄[38;2;221;221;221m[48;2;209;209;209m▄[38;2;237;237;237m[48;2;239;239;239m▄[38;2;204;204;204m[48;2;190;190;190m▄[38;2;234;234;233m[48;2;233;233;232m▄[38;2;193;199;202m[48;2;177;187;192m▄[38;2;169;174;177m[48;2;191;192;193m▄[38;2;177;177;177m[48;2;223;222;222m▄[38;2;196;198;199m[48;2;223;223;222m▄[38;2;220;220;221m[48;2;225;225;225m▄[38;2;216;217;217m[48;2;225;224;224m▄[38;2;231;231;231m[48;2;226;226;226m▄[38;2;215;215;215m[48;2;229;229;229m▄[38;2;241;241;241m[48;2;212;212;212m▄[38;2;255;255;255m[48;2;242;242;242m▄[38;2;255;255;255m[48;2;255;255;255m▄[38;2;255;255;255m[48;2;255;255;255m▄[38;2;255;255;255m[48;2;255;255;255m▄[38;2;255;255;255m[48;2;255;255;255m▄[38;2;255;255;255m[48;2;255;255;255m▄[38;2;255;255;255m[48;2;255;255;255m▄[38;2;255;255;255m[48;2;255;255;255m▄[38;2;255;255;255m[48;2;255;255;255m▄[38;2;255;255;255m[48;2;255;255;255m▄[38;2;255;255;255m[48;2;255;255;255m▄[38;2;255;255;255m[48;2;255;255;255m▄[38;2;255;255;255m[48;2;255;255;255m▄[38;2;255;255;255m[48;2;255;255;255m▄[38;2;255;255;255m[48;2;255;255;255m▄[38;2;243;243;243m[48;2;255;255;255m▄[38;2;235;235;235m[48;2;250;249;249m▄[38;2;230;230;229m[48;2;194;197;197m▄[38;2;194;195;195m[48;2;112;117;119m▄[38;2;177;177;177m[48;2;22;22;22m▄[38;2;172;172;172m[48;2;0;0;0m▄[38;2;187;187;187m[48;2;81;81;81m▄[38;2;178;179;180m[48;2;215;217;217m▄[38;2;218;218;217m[48;2;158;167;171m▄[38;2;250;249;249m[48;2;206;207;208m▄[38;2;249;249;249m[48;2;221;221;220m▄[38;2;222;222;222m[48;2;252;252;252m▄[38;2;246;246;246m[48;2;212;212;212m▄[38;2;214;214;214m[48;2;235;235;235m▄[38;2;223;223;223m[48;2;255;255;255m▄[38;2;233;233;233m[48;2;255;255;255m▄[38;2;243;243;243m[48;2;255;255;255m▄[38;2;255;255;255m[48;2;255;255;255m▄[38;2;255;255;255m[48;2;255;255;255m▄[38;2;255;255;255m[48;2;255;255;255m▄[38;2;255;255;255m[48;2;255;255;255m▄[38;2;255;255;255m[48;2;255;255;255m▄[0m
[38;2;255;255;255m[48;2;255;255;255m▄[38;2;255;255;255m[48;2;255;255;255m▄[38;2;255;255;255m[48;2;255;255;255m▄[38;2;255;255;255m[48;2;255;255;255m▄[38;2;255;255;255m[48;2;255;255;255m▄[38;2;255;255;255m[48;2;255;255;255m▄[38;2;255;255;255m[48;2;255;255;255m▄[38;2;254;254;254m[48;2;253;253;253m▄[38;2;246;246;246m[48;2;223;223;223m▄[38;2;255;255;255m[48;2;214;214;214m▄[38;2;253;253;253m[48;2;241;241;241m▄[38;2;255;255;255m[48;2;219;219;219m▄[38;2;255;255;255m[48;2;252;252;252m▄[38;2;255;255;255m[48;2;255;255;255m▄[38;2;255;255;255m[48;2;255;255;254m▄[38;2;255;255;255m[48;2;231;232;232m▄[38;2;255;255;255m[48;2;227;227;227m▄[38;2;255;255;255m[48;2;208;210;211m▄[38;2;255;255;255m[48;2;185;186;187m▄[38;2;252;252;252m[48;2;211;212;212m▄[38;2;249;249;249m[48;2;225;225;225m▄[38;2;253;253;253m[48;2;250;250;250m▄[38;2;255;255;255m[48;2;255;255;255m▄[38;2;255;255;255m[48;2;255;255;255m▄[38;2;255;255;255m[48;2;255;255;255m▄[38;2;255;255;255m[48;2;255;255;255m▄[38;2;255;255;255m[48;2;255;255;255m▄[38;2;255;255;255m[48;2;255;255;255m▄[38;2;255;255;255m[48;2;255;255;255m▄[38;2;255;255;255m[48;2;255;255;255m▄[38;2;255;255;255m[48;2;255;255;255m▄[38;2;255;255;255m[48;2;255;255;255m▄[38;2;255;255;255m[48;2;255;255;255m▄[38;2;255;255;255m[48;2;255;255;255m▄[38;2;255;255;255m[48;2;255;255;255m▄[38;2;255;255;255m[48;2;255;255;255m▄[38;2;255;255;255m[48;2;255;255;255m▄[38;2;255;255;255m[48;2;255;255;255m▄[38;2;255;255;255m[48;2;251;251;251m▄[38;2;255;255;255m[48;2;250;250;250m▄[38;2;255;255;255m[48;2;254;254;254m▄[38;2;255;255;255m[48;2;255;255;255m▄[38;2;255;255;255m[48;2;255;255;255m▄[38;2;255;255;255m[48;2;255;255;255m▄[38;2;255;255;255m[48;2;251;251;251m▄[38;2;255;255;255m[48;2;246;246;246m▄[38;2;255;255;255m[48;2;249;249;249m▄[38;2;255;255;255m[48;2;254;254;254m▄[38;2;255;255;255m[48;2;255;255;255m▄[38;2;255;255;255m[48;2;255;255;255m▄[38;2;255;255;255m[48;2;255;255;255m▄[38;2;255;255;255m[48;2;255;255;255m▄[38;2;255;255;255m[48;2;250;250;250m▄[38;2;255;255;255m[48;2;245;245;245m▄[38;2;255;255;255m[48;2;246;246;246m▄[38;2;255;255;255m[48;2;255;255;255m▄[38;2;255;255;255m[48;2;255;255;255m▄[38;2;255;255;255m[48;2;255;255;255m▄[38;2;255;255;255m[48;2;255;255;255m▄[38;2;255;255;255m[48;2;255;255;255m▄[0m
[38;2;255;255;255m[48;2;255;255;255m▄[38;2;255;255;255m[48;2;255;255;255m▄[38;2;255;255;255m[48;2;255;255;255m▄[38;2;255;255;255m[48;2;255;255;255m▄[38;2;255;255;255m[48;2;255;255;255m▄[38;2;255;255;255m[48;2;255;255;255m▄[38;2;255;255;255m[48;2;255;255;255m▄[38;2;255;255;255m[48;2;255;255;255m▄[38;2;255;255;255m[48;2;255;255;255m▄[38;2;255;255;255m[48;2;255;255;255m▄[38;2;255;255;255m[48;2;255;255;255m▄[38;2;255;255;255m[48;2;255;255;255m▄[38;2;255;255;255m[48;2;255;255;255m▄[38;2;255;255;255m[48;2;255;255;255m▄[38;2;255;255;255m[48;2;255;255;255m▄[38;2;255;255;255m[48;2;255;255;255m▄[38;2;255;255;255m[48;2;255;255;255m▄[38;2;255;255;255m[48;2;255;255;255m▄[38;2;255;255;255m[48;2;255;255;255m▄[38;2;255;255;255m[48;2;255;255;255m▄[38;2;255;255;255m[48;2;255;255;255m▄[38;2;255;255;255m[48;2;255;255;255m▄[38;2;255;255;255m[48;2;255;255;255m▄[38;2;255;255;255m[48;2;255;255;255m▄[38;2;255;255;255m[48;2;255;255;255m▄[38;2;255;255;255m[48;2;255;255;255m▄[38;2;255;255;255m[48;2;255;255;255m▄[38;2;255;255;255m[48;2;255;255;255m▄[38;2;255;255;255m[48;2;255;255;255m▄[38;2;255;255;255m[48;2;255;255;255m▄[38;2;255;255;255m[48;2;255;255;255m▄[38;2;255;255;255m[48;2;255;255;255m▄[38;2;255;255;255m[48;2;255;255;255m▄[38;2;255;255;255m[48;2;255;255;255m▄[38;2;255;255;255m[48;2;255;255;255m▄[38;2;255;255;255m[48;2;255;255;255m▄[38;2;255;255;255m[48;2;255;255;255m▄[38;2;255;255;255m[48;2;255;255;255m▄[38;2;255;255;255m[48;2;255;255;255m▄[38;2;255;255;255m[48;2;255;255;255m▄[38;2;255;255;255m[48;2;255;255;255m▄[38;2;255;255;255m[48;2;255;255;255m▄[38;2;255;255;255m[48;2;255;255;255m▄[38;2;255;255;255m[48;2;255;255;255m▄[38;2;255;255;255m[48;2;255;255;255m▄[38;2;255;255;255m[48;2;255;255;255m▄[38;2;255;255;255m[48;2;255;255;255m▄[38;2;255;255;255m[48;2;255;255;255m▄[38;2;255;255;255m[48;2;255;255;255m▄[38;2;255;255;255m[48;2;255;255;255m▄[38;2;255;255;255m[48;2;255;255;255m▄[38;2;255;255;255m[48;2;255;255;255m▄[38;2;255;255;255m[48;2;255;255;255m▄[38;2;255;255;255m[48;2;255;255;255m▄[38;2;255;255;255m[48;2;255;255;255m▄[38;2;255;255;255m[48;2;255;255;255m▄[38;2;255;255;255m[48;2;255;255;255m▄[38;2;255;255;255m[48;2;255;255;255m▄[38;2;255;255;255m[48;2;255;255;255m▄[38;2;255;255;255m[48;2;255;255;255m▄[0m
[38;2;255;255;255m[48;2;255;255;255m▄[38;2;255;255;255m[48;2;255;255;255m▄[38;2;255;255;255m[48;2;255;255;255m▄[38;2;255;255;255m[48;2;255;255;255m▄[38;2;255;255;255m[48;2;255;255;255m▄[38;2;255;255;255m[48;2;255;255;255m▄[38;2;255;255;255m[48;2;255;255;255m▄[38;2;255;255;255m[48;2;255;255;255m▄[38;2;255;255;255m[48;2;255;255;255m▄[38;2;211;213;217m[48;2;255;255;255m▄[38;2;164;153;141m[48;2;253;254;255m▄[38;2;176;157;129m[48;2;233;232;231m▄[38;2;173;153;124m[48;2;220;217;215m▄[38;2;188;165;132m[48;2;229;224;218m▄[38;2;190;166;131m[48;2;228;224;219m▄[38;2;192;169;131m[48;2;230;226;220m▄[38;2;191;168;133m[48;2;234;232;228m▄[38;2;189;167;137m[48;2;241;241;241m▄[38;2;195;176;148m[48;2;247;249;251m▄[38;2;203;187;166m[48;2;255;255;255m▄[38;2;208;203;196m[48;2;255;255;255m▄[38;2;252;253;253m[48;2;255;255;255m▄[38;2;255;255;255m[48;2;255;255;255m▄[38;2;255;255;255m[48;2;255;255;255m▄[38;2;255;255;255m[48;2;255;255;255m▄[38;2;255;255;255m[48;2;255;255;255m▄[38;2;255;255;255m[48;2;255;255;255m▄[38;2;255;255;255m[48;2;255;255;255m▄[38;2;255;255;255m[48;2;255;255;255m▄[38;2;255;255;255m[48;2;255;255;255m▄[38;2;255;255;255m[48;2;255;255;255m▄[38;2;255;255;255m[48;2;255;255;255m▄[38;2;255;255;255m[48;2;255;255;255m▄[38;2;255;255;255m[48;2;255;255;255m▄[38;2;255;255;255m[48;2;255;255;255m▄[38;2;255;255;255m[48;2;255;255;255m▄[38;2;255;255;255m[48;2;255;255;255m▄[38;2;255;255;255m[48;2;255;255;255m▄[38;2;255;255;255m[48;2;255;255;255m▄[38;2;239;239;239m[48;2;255;255;255m▄[38;2;198;189;175m[48;2;255;255;255m▄[38;2;200;184;157m[48;2;251;253;255m▄[38;2;188;171;141m[48;2;242;244;245m▄[38;2;186;166;132m[48;2;237;235;232m▄[38;2;191;167;131m[48;2;230;226;219m▄[38;2;191;166;130m[48;2;225;220;213m▄[38;2;187;166;130m[48;2;226;221;214m▄[38;2;183;163;130m[48;2;222;218;211m▄[38;2;167;152;124m[48;2;218;216;213m▄[38;2;172;156;130m[48;2;233;232;232m▄[38;2;160;149;142m[48;2;255;255;255m▄[38;2;230;231;234m[48;2;255;255;255m▄[38;2;255;255;255m[48;2;255;255;255m▄[38;2;255;255;255m[48;2;255;255;255m▄[38;2;255;255;255m[48;2;255;255;255m▄[38;2;255;255;255m[48;2;255;255;255m▄[38;2;255;255;255m[48;2;255;255;255m▄[38;2;255;255;255m[48;2;255;255;255m▄[38;2;255;255;255m[48;2;255;255;255m▄[38;2;255;255;255m[48;2;255;255;255m▄[0m
[38;2;255;255;255m[48;2;255;255;255m▄[38;2;255;255;255m[48;2;255;255;255m▄[38;2;255;255;255m[48;2;255;255;255m▄[38;2;255;255;255m[48;2;255;255;255m▄[38;2;255;255;255m[48;2;255;255;255m▄[38;2;255;255;255m[48;2;255;255;255m▄[38;2;255;255;255m[48;2;255;255;255m▄[38;2;248;249;251m[48;2;255;255;255m▄[38;2;196;184;163m[48;2;236;235;235m▄[38;2;249;220;163m[48;2;175;161;137m▄[38;2;251;221;167m[48;2;201;178;139m▄[38;2;249;219;165m[48;2;210;187;149m▄[38;2;249;220;165m[48;2;211;188;150m▄[38;2;245;218;164m[48;2;208;185;147m▄[38;2;220;200;163m[48;2;213;188;144m▄[38;2;226;203;163m[48;2;212;188;145m▄[38;2;216;195;159m[48;2;192;169;133m▄[38;2;216;205;200m[48;2;184;166;143m▄[38;2;206;196;193m[48;2;190;172;145m▄[38;2;191;184;181m[48;2;178;159;135m▄[38;2;196;189;183m[48;2;178;162;152m▄[38;2;173;166;163m[48;2;219;217;217m▄[38;2;226;226;227m[48;2;255;255;255m▄[38;2;255;255;255m[48;2;255;255;255m▄[38;2;255;255;255m[48;2;255;255;255m▄[38;2;255;255;255m[48;2;255;255;255m▄[38;2;255;255;255m[48;2;255;255;255m▄[38;2;255;255;255m[48;2;255;255;255m▄[38;2;255;255;255m[48;2;255;255;255m▄[38;2;255;255;255m[48;2;255;255;255m▄[38;2;255;255;255m[48;2;255;255;255m▄[38;2;255;255;255m[48;2;255;255;255m▄[38;2;255;255;255m[48;2;255;255;255m▄[38;2;255;255;255m[48;2;255;255;255m▄[38;2;255;255;255m[48;2;255;255;255m▄[38;2;255;255;255m[48;2;255;255;255m▄[38;2;255;255;255m[48;2;255;255;255m▄[38;2;255;255;255m[48;2;255;255;255m▄[38;2;200;199;200m[48;2;254;254;254m▄[38;2;180;171;167m[48;2;201;197;194m▄[38;2;191;184;181m[48;2;179;166;153m▄[38;2;190;183;181m[48;2;176;158;137m▄[38;2;215;206;205m[48;2;197;178;156m▄[38;2;216;203;190m[48;2;179;160;138m▄[38;2;221;197;157m[48;2;204;178;141m▄[38;2;219;198;164m[48;2;215;188;145m▄[38;2;221;199;159m[48;2;216;189;146m▄[38;2;248;220;166m[48;2;209;186;147m▄[38;2;248;218;163m[48;2;211;189;151m▄[38;2;250;220;165m[48;2;214;191;152m▄[38;2;252;224;168m[48;2;196;172;134m▄[38;2;235;207;154m[48;2;189;175;156m▄[38;2;199;193;181m[48;2;246;246;247m▄[38;2;255;255;255m[48;2;255;255;255m▄[38;2;255;255;255m[48;2;255;255;255m▄[38;2;255;255;255m[48;2;255;255;255m▄[38;2;255;255;255m[48;2;255;255;255m▄[38;2;255;255;255m[48;2;255;255;255m▄[38;2;255;255;255m[48;2;255;255;255m▄[38;2;255;255;255m[48;2;255;255;255m▄[0m
[38;2;255;255;255m[48;2;255;255;255m▄[38;2;255;255;255m[48;2;255;255;255m▄[38;2;255;255;255m[48;2;255;255;255m▄[38;2;255;255;255m[48;2;255;255;255m▄[38;2;255;255;255m[48;2;255;255;255m▄[38;2;255;255;255m[48;2;255;255;255m▄[38;2;255;255;255m[48;2;255;255;255m▄[38;2;255;255;255m[48;2;245;246;249m▄[38;2;241;241;241m[48;2;191;180;160m▄[38;2;215;207;189m[48;2;244;217;161m▄[38;2;213;195;163m[48;2;248;218;161m▄[38;2;230;209;172m[48;2;244;214;158m▄[38;2;229;206;166m[48;2;251;220;162m▄[38;2;213;193;160m[48;2;214;190;151m▄[38;2;179;171;165m[48;2;177;175;176m▄[38;2;172;158;140m[48;2;167;159;153m▄[38;2;186;166;138m[48;2;161;149;139m▄[38;2;183;167;152m[48;2;243;231;224m▄[38;2;226;213;205m[48;2;227;217;211m▄[38;2;229;216;208m[48;2;179;170;167m▄[38;2;220;210;201m[48;2;166;159;156m▄[38;2;210;197;188m[48;2;193;183;178m▄[38;2;194;187;183m[48;2;216;214;212m▄[38;2;246;247;247m[48;2;255;255;255m▄[38;2;255;255;255m[48;2;255;255;255m▄[38;2;255;255;255m[48;2;255;255;255m▄[38;2;255;255;255m[48;2;255;255;255m▄[38;2;255;255;255m[48;2;255;255;255m▄[38;2;255;255;255m[48;2;255;255;255m▄[38;2;255;255;255m[48;2;255;255;255m▄[38;2;255;255;255m[48;2;255;255;255m▄[38;2;255;255;255m[48;2;255;255;255m▄[38;2;255;255;255m[48;2;255;255;255m▄[38;2;255;255;255m[48;2;255;255;255m▄[38;2;255;255;255m[48;2;255;255;255m▄[38;2;255;255;255m[48;2;255;255;255m▄[38;2;255;255;255m[48;2;255;255;255m▄[38;2;234;235;235m[48;2;252;252;252m▄[38;2;190;180;174m[48;2;200;195;195m▄[38;2;210;199;189m[48;2;199;188;183m▄[38;2;220;210;201m[48;2;162;156;152m▄[38;2;227;214;205m[48;2;198;190;186m▄[38;2;215;201;189m[48;2;235;226;221m▄[38;2;174;159;138m[48;2;226;214;206m▄[38;2;187;168;140m[48;2;144;134;124m▄[38;2;168;157;144m[48;2;178;172;173m▄[38;2;192;180;168m[48;2;175;169;163m▄[38;2;219;198;164m[48;2;233;204;155m▄[38;2;228;207;171m[48;2;248;216;159m▄[38;2;227;206;172m[48;2;245;214;159m▄[38;2;208;193;164m[48;2;248;218;162m▄[38;2;223;219;209m[48;2;227;204;155m▄[38;2;251;251;252m[48;2;197;193;183m▄[38;2;255;255;255m[48;2;255;255;255m▄[38;2;255;255;255m[48;2;255;255;255m▄[38;2;255;255;255m[48;2;255;255;255m▄[38;2;255;255;255m[48;2;255;255;255m▄[38;2;255;255;255m[48;2;255;255;255m▄[38;2;255;255;255m[48;2;255;255;255m▄[38;2;255;255;255m[48;2;255;255;255m▄[0m
[38;2;255;255;255m[48;2;255;255;255m▄[38;2;255;255;255m[48;2;255;255;255m▄[38;2;255;255;255m[48;2;255;255;255m▄[38;2;255;255;255m[48;2;255;255;255m▄[38;2;255;255;255m[48;2;255;255;255m▄[38;2;255;255;255m[48;2;255;255;255m▄[38;2;255;255;255m[48;2;255;255;255m▄[38;2;255;255;255m[48;2;255;255;255m▄[38;2;236;237;238m[48;2;255;255;255m▄[38;2;201;201;201m[48;2;255;255;255m▄[38;2;202;192;186m[48;2;205;200;199m▄[38;2;250;235;227m[48;2;254;239;233m▄[38;2;255;254;245m[48;2;245;229;223m▄[38;2;255;255;253m[48;2;245;236;230m▄[38;2;223;211;202m[48;2;193;179;168m▄[38;2;175;159;138m[48;2;180;161;135m▄[38;2;199;177;143m[48;2;203;183;147m▄[38;2;192;173;141m[48;2;192;174;142m▄[38;2;186;168;139m[48;2;161;144;128m▄[38;2;170;154;132m[48;2;146;134;121m▄[38;2;174;156;133m[48;2;141;128;115m▄[38;2;158;145;131m[48;2;132;120;115m▄[38;2;231;229;228m[48;2;214;214;213m▄[38;2;255;255;255m[48;2;255;254;255m▄[38;2;255;255;255m[48;2;255;255;255m▄[38;2;255;255;255m[48;2;255;255;255m▄[38;2;255;255;255m[48;2;255;255;255m▄[38;2;255;255;255m[48;2;255;255;255m▄[38;2;255;255;255m[48;2;255;255;255m▄[38;2;255;255;255m[48;2;255;255;255m▄[38;2;255;255;255m[48;2;255;255;255m▄[38;2;255;255;255m[48;2;255;255;255m▄[38;2;255;255;255m[48;2;255;255;255m▄[38;2;255;255;255m[48;2;255;255;255m▄[38;2;255;255;255m[48;2;255;255;255m▄[38;2;255;255;255m[48;2;255;255;255m▄[38;2;255;255;255m[48;2;255;255;255m▄[38;2;255;255;255m[48;2;255;255;255m▄[38;2;203;200;198m[48;2;193;191;190m▄[38;2;156;142;123m[48;2;127;116;107m▄[38;2;178;161;136m[48;2;140;129;116m▄[38;2;170;154;131m[48;2;146;134;120m▄[38;2;189;171;141m[48;2;169;152;129m▄[38;2;193;172;142m[48;2;200;180;146m▄[38;2;197;177;144m[48;2;201;181;149m▄[38;2;177;164;149m[48;2;170;155;133m▄[38;2;250;235;228m[48;2;213;201;193m▄[38;2;255;255;252m[48;2;246;237;232m▄[38;2;255;246;239m[48;2;250;233;228m▄[38;2;234;220;213m[48;2;247;232;227m▄[38;2;186;178;173m[48;2;209;207;207m▄[38;2;202;202;202m[48;2;255;255;255m▄[38;2;241;242;241m[48;2;255;255;255m▄[38;2;255;255;255m[48;2;255;255;255m▄[38;2;255;255;255m[48;2;255;255;255m▄[38;2;255;255;255m[48;2;255;255;255m▄[38;2;255;255;255m[48;2;255;255;255m▄[38;2;255;255;255m[48;2;255;255;255m▄[38;2;255;255;255m[48;2;255;255;255m▄[38;2;255;255;255m[48;2;255;255;255m▄[0m
[38;2;255;255;255m[48;2;255;255;255m▄[38;2;255;255;255m[48;2;255;255;255m▄[38;2;255;255;255m[48;2;255;255;255m▄[38;2;255;255;255m[48;2;255;255;255m▄[38;2;250;250;250m[48;2;251;251;251m▄[38;2;197;198;197m[48;2;208;208;208m▄[38;2;147;147;147m[48;2;148;149;148m▄[38;2;114;112;114m[48;2;70;70;71m▄[38;2;102;101;102m[48;2;23;23;25m▄[38;2;82;82;82m[48;2;8;8;8m▄[38;2;48;47;49m[48;2;23;22;22m▄[38;2;17;16;19m[48;2;47;46;47m▄[38;2;0;0;0m[48;2;103;100;98m▄[38;2;0;0;0m[48;2;168;162;157m▄[38;2;8;8;9m[48;2;224;214;208m▄[38;2;48;46;46m[48;2;237;226;219m▄[38;2;83;79;79m[48;2;226;212;202m▄[38;2;61;60;63m[48;2;186;174;161m▄[38;2;82;83;84m[48;2;187;174;153m▄[38;2;219;215;210m[48;2;183;167;141m▄[38;2;220;216;209m[48;2;171;155;130m▄[38;2;229;226;224m[48;2;148;134;116m▄[38;2;253;253;253m[48;2;215;211;208m▄[38;2;255;255;255m[48;2;255;255;255m▄[38;2;255;255;255m[48;2;255;255;255m▄[38;2;255;255;255m[48;2;255;255;255m▄[38;2;255;255;255m[48;2;255;255;255m▄[38;2;255;255;255m[48;2;255;255;255m▄[38;2;255;255;255m[48;2;255;255;255m▄[38;2;255;255;255m[48;2;255;255;255m▄[38;2;255;255;255m[48;2;255;255;255m▄[38;2;255;255;255m[48;2;255;255;255m▄[38;2;255;255;255m[48;2;255;255;255m▄[38;2;255;255;255m[48;2;255;255;255m▄[38;2;255;255;255m[48;2;255;255;255m▄[38;2;255;255;255m[48;2;255;255;255m▄[38;2;255;255;255m[48;2;255;255;255m▄[38;2;255;255;255m[48;2;255;255;255m▄[38;2;249;249;250m[48;2;188;182;174m▄[38;2;228;225;222m[48;2;154;137;114m▄[38;2;225;221;216m[48;2;179;161;132m▄[38;2;194;194;193m[48;2;188;171;147m▄[38;2;46;47;51m[48;2;182;170;154m▄[38;2;67;64;65m[48;2;194;181;171m▄[38;2;62;60;60m[48;2;234;221;211m▄[38;2;27;26;26m[48;2;234;224;217m▄[38;2;0;0;0m[48;2;202;193;187m▄[38;2;0;0;0m[48;2;140;134;131m▄[38;2;4;4;6m[48;2;75;73;73m▄[38;2;32;32;33m[48;2;29;28;29m▄[38;2;66;66;66m[48;2;12;12;13m▄[38;2;102;101;102m[48;2;0;0;1m▄[38;2;116;115;115m[48;2;28;28;28m▄[38;2;133;133;133m[48;2;73;73;73m▄[38;2;166;167;166m[48;2;158;158;158m▄[38;2;216;216;216m[48;2;217;217;217m▄[38;2;255;255;255m[48;2;255;255;255m▄[38;2;255;255;255m[48;2;255;255;255m▄[38;2;255;255;255m[48;2;255;255;255m▄[38;2;255;255;255m[48;2;255;255;255m▄[0m
[38;2;255;255;255m[48;2;255;255;255m▄[38;2;255;255;255m[48;2;255;255;255m▄[38;2;255;255;255m[48;2;255;255;255m▄[38;2;255;255;255m[48;2;255;255;255m▄[38;2;255;255;255m[48;2;255;255;255m▄[38;2;255;255;255m[48;2;255;255;255m▄[38;2;255;255;255m[48;2;255;255;255m▄[38;2;255;255;255m[48;2;255;255;255m▄[38;2;255;255;255m[48;2;255;255;255m▄[38;2;255;255;255m[48;2;255;255;255m▄[38;2;255;255;255m[48;2;248;248;248m▄[38;2;255;255;255m[48;2;221;221;221m▄[38;2;255;255;255m[48;2;187;187;186m▄[38;2;255;255;255m[48;2;145;145;145m▄[38;2;255;255;255m[48;2;114;114;114m▄[38;2;255;255;255m[48;2;91;91;90m▄[38;2;255;255;255m[48;2;81;79;80m▄[38;2;255;255;255m[48;2;83;82;82m▄[38;2;255;255;255m[48;2;70;69;71m▄[38;2;255;255;255m[48;2;213;213;215m▄[38;2;255;255;255m[48;2;255;255;255m▄[38;2;255;255;255m[48;2;255;255;255m▄[38;2;255;255;255m[48;2;255;255;255m▄[38;2;255;255;255m[48;2;255;255;255m▄[38;2;255;255;255m[48;2;255;255;255m▄[38;2;255;255;255m[48;2;255;255;255m▄[38;2;255;255;255m[48;2;255;255;255m▄[38;2;255;255;255m[48;2;255;255;255m▄[38;2;255;255;255m[48;2;255;255;255m▄[38;2;255;255;255m[48;2;255;255;255m▄[38;2;255;255;255m[48;2;255;255;255m▄[38;2;255;255;255m[48;2;255;255;255m▄[38;2;255;255;255m[48;2;255;255;255m▄[38;2;255;255;255m[48;2;255;255;255m▄[38;2;255;255;255m[48;2;255;255;255m▄[38;2;255;255;255m[48;2;255;255;255m▄[38;2;255;255;255m[48;2;255;255;255m▄[38;2;255;255;255m[48;2;255;255;255m▄[38;2;255;255;255m[48;2;255;255;255m▄[38;2;255;255;255m[48;2;255;255;255m▄[38;2;255;255;255m[48;2;255;255;255m▄[38;2;255;255;255m[48;2;168;170;171m▄[38;2;255;255;255m[48;2;78;78;78m▄[38;2;255;255;255m[48;2;93;93;93m▄[38;2;255;255;255m[48;2;94;93;93m▄[38;2;255;255;255m[48;2;109;109;110m▄[38;2;255;255;255m[48;2;132;133;133m▄[38;2;255;255;255m[48;2;167;167;167m▄[38;2;255;255;255m[48;2;206;206;206m▄[38;2;255;255;255m[48;2;236;236;236m▄[38;2;255;255;255m[48;2;255;255;255m▄[38;2;255;255;255m[48;2;255;255;255m▄[38;2;255;255;255m[48;2;255;255;255m▄[38;2;255;255;255m[48;2;255;255;255m▄[38;2;255;255;255m[48;2;255;255;255m▄[38;2;255;255;255m[48;2;255;255;255m▄[38;2;255;255;255m[48;2;255;255;255m▄[38;2;255;255;255m[48;2;255;255;255m▄[38;2;255;255;255m[48;2;255;255;255m▄[38;2;255;255;255m[48;2;255;255;255m▄[0m
[38;2;254;254;254m[48;2;255;255;255m▄[38;2;255;255;255m[48;2;255;255;255m▄[38;2;255;255;255m[48;2;255;255;255m▄[38;2;255;255;255m[48;2;255;255;255m▄[38;2;255;255;255m[48;2;255;255;255m▄[38;2;255;255;255m[48;2;255;255;255m▄[38;2;255;255;255m[48;2;255;255;255m▄[38;2;255;255;255m[48;2;255;255;255m▄[38;2;255;255;255m[48;2;255;255;255m▄[38;2;255;255;255m[48;2;255;255;255m▄[38;2;255;255;255m[48;2;255;255;255m▄[38;2;255;255;255m[48;2;255;255;255m▄[38;2;255;255;255m[48;2;255;255;255m▄[38;2;255;255;255m[48;2;255;255;255m▄[38;2;255;255;255m[48;2;255;255;255m▄[38;2;255;255;255m[48;2;255;255;255m▄[38;2;255;255;255m[48;2;255;255;255m▄[38;2;255;255;255m[48;2;255;255;255m▄[38;2;255;255;255m[48;2;255;255;255m▄[38;2;255;255;255m[48;2;255;255;255m▄[38;2;255;255;255m[48;2;255;255;255m▄[38;2;255;255;255m[48;2;255;255;255m▄[38;2;255;255;255m[48;2;255;255;255m▄[38;2;255;255;255m[48;2;255;255;255m▄[38;2;255;255;255m[48;2;255;255;255m▄[38;2;255;255;255m[48;2;255;255;255m▄[38;2;255;255;255m[48;2;255;255;255m▄[38;2;255;255;255m[48;2;255;255;255m▄[38;2;255;255;255m[48;2;255;255;255m▄[38;2;255;255;255m[48;2;255;255;255m▄[38;2;255;255;255m[48;2;255;255;255m▄[38;2;255;255;255m[48;2;255;255;255m▄[38;2;255;255;255m[48;2;255;255;255m▄[38;2;255;255;255m[48;2;255;255;255m▄[38;2;255;255;255m[48;2;255;255;255m▄[38;2;255;255;255m[48;2;255;255;255m▄[38;2;255;255;255m[48;2;255;255;255m▄[38;2;255;255;255m[48;2;255;255;255m▄[38;2;255;255;255m[48;2;255;255;255m▄[38;2;255;255;255m[48;2;255;255;255m▄[38;2;255;255;255m[48;2;255;255;255m▄[38;2;255;255;255m[48;2;255;255;255m▄[38;2;255;255;255m[48;2;255;255;255m▄[38;2;255;255;255m[48;2;255;255;255m▄[38;2;255;255;255m[48;2;255;255;255m▄[38;2;255;255;255m[48;2;255;255;255m▄[38;2;255;255;255m[48;2;255;255;255m▄[38;2;255;255;255m[48;2;255;255;255m▄[38;2;255;255;255m[48;2;255;255;255m▄[38;2;255;255;255m[48;2;255;255;255m▄[38;2;255;255;255m[48;2;255;255;255m▄[38;2;255;255;255m[48;2;255;255;255m▄[38;2;255;255;255m[48;2;255;255;255m▄[38;2;255;255;255m[48;2;255;255;255m▄[38;2;255;255;255m[48;2;255;255;255m▄[38;2;255;255;255m[48;2;255;255;255m▄[38;2;255;255;255m[48;2;255;255;255m▄[38;2;255;255;255m[48;2;255;255;255m▄[38;2;255;255;255m[48;2;255;255;255m▄[38;2;255;255;255m[48;2;255;255;255m▄[0m
