[38;2;64;52;48m[48;2;118;83;80m▄[38;2;76;62;58m[48;2;140;103;95m▄[38;2;77;60;57m[48;2;144;103;99m▄[38;2;85;67;64m[48;2;161;120;116m▄[38;2;97;78;78m[48;2;176;142;148m▄[38;2;115;91;89m[48;2;189;148;144m▄[38;2;142;118;110m[48;2;217;181;165m▄[38;2;153;125;119m[48;2;206;166;157m▄[38;2;184;155;146m[48;2;202;172;159m▄[38;2;199;166;154m[48;2;211;183;163m▄[38;2;198;158;148m[48;2;180;140;127m▄[38;2;188;145;140m[48;2;161;123;120m▄[38;2;191;144;135m[48;2;172;136;123m▄[38;2;209;162;138m[48;2;204;168;140m▄[38;2;209;166;137m[48;2;183;142;120m▄[38;2;230;196;165m[48;2;213;180;153m▄[38;2;244;213;183m[48;2;225;196;168m▄[38;2;249;222;189m[48;2;225;195;166m▄[38;2;236;209;175m[48;2;215;187;155m▄[38;2;232;198;166m[48;2;219;191;161m▄[38;2;228;189;152m[48;2;223;193;155m▄[38;2;227;192;157m[48;2;210;172;138m▄[38;2;233;205;172m[48;2;219;189;161m▄[38;2;241;202;171m[48;2;223;204;174m▄[38;2;254;216;181m[48;2;230;213;181m▄[38;2;251;221;185m[48;2;234;213;181m▄[38;2;247;221;191m[48;2;226;200;172m▄[38;2;240;212;181m[48;2;221;195;165m▄[38;2;240;211;181m[48;2;221;193;163m▄[38;2;242;212;183m[48;2;219;187;157m▄[38;2;243;213;182m[48;2;221;191;161m▄[38;2;248;224;190m[48;2;230;208;172m▄[38;2;247;222;188m[48;2;234;213;178m▄[38;2;250;226;191m[48;2;243;225;191m▄[38;2;242;210;178m[48;2;223;191;159m▄[38;2;248;221;189m[48;2;232;210;178m▄[38;2;253;230;201m[48;2;241;225;195m▄[38;2;250;227;199m[48;2;234;215;187m▄[38;2;251;228;200m[48;2;234;211;185m▄[38;2;251;228;202m[48;2;232;210;185m▄[38;2;249;227;200m[48;2;232;210;185m▄[38;2;247;225;199m[48;2;228;208;181m▄[38;2;244;221;193m[48;2;225;202;174m▄[38;2;242;219;189m[48;2;226;206;176m▄[38;2;248;226;197m[48;2;236;215;185m▄[38;2;253;233;202m[48;2;234;211;181m▄[38;2;158;130;104m[48;2;135;106;80m▄[38;2;150;127;109m[48;2;140;121;105m▄[38;2;151;137;128m[48;2;151;144;138m▄[38;2;143;137;142m[48;2;136;133;138m▄[38;2;141;136;142m[48;2;127;121;125m▄[38;2;134;113;90m[48;2;121;101;82m▄[38;2;235;202;165m[48;2;215;181;146m▄[38;2;250;216;177m[48;2;228;195;153m▄[38;2;213;181;147m[48;2;196;165;133m▄[38;2;139;126;113m[48;2;125;112;101m▄[38;2;154;143;134m[48;2;140;131;121m▄[38;2;131;120;113m[48;2;121;114;108m▄[38;2;191;163;139m[48;2;155;127;108m▄[38;2;206;173;144m[48;2;181;150;123m▄[0m
[38;2;54;45;43m[48;2;56;46;45m▄[38;2;61;50;48m[48;2;61;51;48m▄[38;2;59;48;46m[48;2;56;47;45m▄[38;2;60;47;44m[48;2;55;46;44m▄[38;2;56;45;42m[48;2;56;46;43m▄[38;2;51;41;40m[48;2;53;44;42m▄[38;2;51;42;42m[48;2;48;39;37m▄[38;2;48;41;41m[48;2;53;43;41m▄[38;2;43;36;37m[48;2;60;49;46m▄[38;2;37;31;32m[48;2;67;54;53m▄[38;2;32;26;27m[48;2;78;64;62m▄[38;2;32;28;31m[48;2;90;71;73m▄[38;2;36;33;39m[48;2;105;83;84m▄[38;2;37;34;43m[48;2;131;106;97m▄[38;2;50;44;50m[48;2;168;133;114m▄[38;2;93;82;76m[48;2;221;189;160m▄[38;2;160;142;126m[48;2;240;213;183m▄[38;2;203;180;160m[48;2;236;211;183m▄[38;2;213;189;165m[48;2;222;196;170m▄[38;2;221;195;169m[48;2;215;182;152m▄[38;2;223;194;170m[48;2;215;187;156m▄[38;2;182;65;49m[48;2;213;169;143m▄[38;2;152;0;0m[48;2;196;91;68m▄[38;2;130;6;4m[48;2;176;43;27m▄[38;2;111;0;1m[48;2;161;23;15m▄[38;2;101;0;0m[48;2;166;55;36m▄[38;2;95;0;0m[48;2;184;110;88m▄[38;2;140;56;40m[48;2;223;191;162m▄[38;2;215;181;154m[48;2;227;204;177m▄[38;2;224;198;171m[48;2;225;200;174m▄[38;2;225;200;174m[48;2;224;199;172m▄[38;2;226;203;176m[48;2;222;196;169m▄[38;2;216;187;163m[48;2;222;194;168m▄[38;2;219;190;170m[48;2;222;195;172m▄[38;2;220;192;172m[48;2;223;196;172m▄[38;2;225;202;178m[48;2;224;199;174m▄[38;2;236;220;195m[48;2;233;214;189m▄[38;2;243;227;203m[48;2;234;216;191m▄[38;2;231;213;191m[48;2;235;215;190m▄[38;2;233;216;193m[48;2;234;214;189m▄[38;2;235;218;194m[48;2;233;213;188m▄[38;2;230;212;189m[48;2;230;210;187m▄[38;2;229;210;189m[48;2;227;208;185m▄[38;2;224;205;184m[48;2;221;202;177m▄[38;2;222;202;179m[48;2;230;210;185m▄[38;2;230;212;188m[48;2;237;220;195m▄[38;2;151;127;107m[48;2;151;127;105m▄[38;2;134;112;94m[48;2;135;113;95m▄[38;2;145;132;124m[48;2;135;120;109m▄[38;2;136;129;133m[48;2;132;124;126m▄[38;2;132;124;128m[48;2;130;123;128m▄[38;2;143;114;101m[48;2;135;107;88m▄[38;2;202;171;143m[48;2;207;176;147m▄[38;2;214;182;153m[48;2;223;191;161m▄[38;2;187;162;138m[48;2;198;172;146m▄[38;2;143;131;123m[48;2;139;129;121m▄[38;2;155;146;136m[48;2;153;144;135m▄[38;2;131;120;113m[48;2;129;121;113m▄[38;2;187;161;140m[48;2;186;161;137m▄[38;2;207;180;155m[48;2;200;170;141m▄[0m
[38;2;30;24;20m[48;2;39;30;28m▄[38;2;33;27;26m[48;2;42;35;33m▄[38;2;33;29;27m[48;2;39;33;31m▄[38;2;34;30;30m[48;2;38;32;32m▄[38;2;37;32;33m[48;2;36;30;30m▄[38;2;38;32;33m[48;2;36;30;30m▄[38;2;41;34;35m[48;2;37;32;33m▄[38;2;39;33;33m[48;2;38;33;36m▄[38;2;39;35;35m[48;2;40;34;36m▄[38;2;40;35;34m[48;2;39;33;33m▄[38;2;37;31;31m[48;2;37;31;31m▄[38;2;40;34;34m[48;2;39;34;34m▄[38;2;39;34;31m[48;2;41;35;36m▄[38;2;41;35;36m[48;2;45;39;42m▄[38;2;43;37;37m[48;2;45;40;44m▄[38;2;46;39;40m[48;2;35;31;36m▄[38;2;45;41;41m[48;2;33;30;32m▄[38;2;42;39;38m[48;2;45;39;38m▄[38;2;37;32;32m[48;2;62;53;50m▄[38;2;19;25;23m[48;2;74;71;64m▄[38;2;98;20;14m[48;2;120;70;62m▄[38;2;155;19;12m[48;2;161;11;9m▄[38;2;109;9;6m[48;2;126;5;4m▄[38;2;103;1;2m[48;2;96;2;3m▄[38;2;107;1;3m[48;2;99;1;2m▄[38;2;98;2;3m[48;2;97;1;1m▄[38;2;75;2;4m[48;2;81;1;2m▄[38;2;59;0;0m[48;2;66;0;0m▄[38;2;80;16;15m[48;2;132;65;55m▄[38;2;216;190;167m[48;2;232;211;186m▄[38;2;227;204;180m[48;2;234;215;189m▄[38;2;219;193;168m[48;2;231;210;183m▄[38;2;227;206;182m[48;2;229;206;181m▄[38;2;222;197;174m[48;2;223;198;175m▄[38;2;224;201;174m[48;2;221;195;171m▄[38;2;220;195;173m[48;2;222;198;175m▄[38;2;231;213;193m[48;2;232;215;195m▄[38;2;237;219;200m[48;2;238;221;201m▄[38;2;231;212;194m[48;2;234;216;196m▄[38;2;230;211;195m[48;2;234;217;197m▄[38;2;228;209;191m[48;2;240;223;203m▄[38;2;223;201;181m[48;2;236;220;199m▄[38;2;230;209;192m[48;2;232;214;194m▄[38;2;230;212;193m[48;2;227;209;188m▄[38;2;227;209;188m[48;2;222;204;183m▄[38;2;222;203;182m[48;2;229;210;187m▄[38;2;151;125;112m[48;2;161;139;123m▄[38;2;141;120;108m[48;2;139;118;104m▄[38;2;143;129;123m[48;2;146;133;126m▄[38;2;150;146;155m[48;2;146;142;148m▄[38;2;147;142;147m[48;2;144;137;143m▄[38;2;148;127;110m[48;2;144;121;103m▄[38;2;214;189;167m[48;2;219;193;167m▄[38;2;214;188;163m[48;2;220;194;164m▄[38;2;195;172;152m[48;2;173;148;126m▄[38;2;141;128;120m[48;2;142;130;121m▄[38;2;148;135;129m[48;2;159;150;141m▄[38;2;129;115;115m[48;2;136;126;122m▄[38;2;188;166;152m[48;2;188;166;149m▄[38;2;215;194;175m[48;2;210;184;164m▄[0m
[38;2;30;24;22m[48;2;30;24;20m▄[38;2;35;29;28m[48;2;35;30;27m▄[38;2;34;28;28m[48;2;36;30;30m▄[38;2;37;30;30m[48;2;37;31;31m▄[38;2;38;33;35m[48;2;38;33;37m▄[38;2;42;37;42m[48;2;39;34;36m▄[38;2;42;37;41m[48;2;39;34;35m▄[38;2;42;36;39m[48;2;39;34;34m▄[38;2;42;38;41m[48;2;39;35;35m▄[38;2;42;37;42m[48;2;40;36;38m▄[38;2;41;37;40m[48;2;41;36;37m▄[38;2;39;34;34m[48;2;40;34;34m▄[38;2;40;35;34m[48;2;39;34;33m▄[38;2;42;37;36m[48;2;42;36;36m▄[38;2;39;33;32m[48;2;41;36;35m▄[38;2;37;32;29m[48;2;39;34;31m▄[38;2;39;35;32m[48;2;42;37;35m▄[38;2;38;33;30m[48;2;43;38;36m▄[38;2;40;35;33m[48;2;43;38;36m▄[38;2;30;34;31m[48;2;30;34;31m▄[38;2;113;23;18m[48;2;116;24;17m▄[38;2;115;12;6m[48;2;147;15;9m▄[38;2;80;0;0m[48;2;106;2;3m▄[38;2;112;0;0m[48;2;110;1;2m▄[38;2;90;3;4m[48;2;100;2;3m▄[38;2;79;3;4m[48;2;87;2;3m▄[38;2;60;3;4m[48;2;66;2;4m▄[38;2;57;0;0m[48;2;60;0;0m▄[38;2;68;6;7m[48;2;67;7;8m▄[38;2;209;189;175m[48;2;208;183;165m▄[38;2;236;220;201m[48;2;227;207;184m▄[38;2;225;206;187m[48;2;221;199;175m▄[38;2;225;205;183m[48;2;225;205;182m▄[38;2;231;212;190m[48;2;222;197;175m▄[38;2;225;203;180m[48;2;214;186;162m▄[38;2;225;204;182m[48;2;223;198;176m▄[38;2;230;212;191m[48;2;230;212;192m▄[38;2;229;211;192m[48;2;231;213;194m▄[38;2;229;210;194m[48;2;232;212;196m▄[38;2;227;208;191m[48;2;232;214;197m▄[38;2;224;204;187m[48;2;222;202;185m▄[38;2;218;195;179m[48;2;210;183;166m▄[38;2;213;190;172m[48;2;219;196;178m▄[38;2;229;211;194m[48;2;229;210;194m▄[38;2;231;215;194m[48;2;227;209;190m▄[38;2;225;208;187m[48;2;234;219;195m▄[38;2;152;128;113m[48;2;154;129;115m▄[38;2;163;146;135m[48;2;158;141;130m▄[38;2;166;156;152m[48;2;164;153;150m▄[38;2;154;148;155m[48;2;151;146;154m▄[38;2;154;148;153m[48;2;153;149;154m▄[38;2;158;138;123m[48;2;150;130;114m▄[38;2;217;192;172m[48;2;203;175;157m▄[38;2;227;203;183m[48;2;226;197;177m▄[38;2;194;175;161m[48;2;187;164;147m▄[38;2;158;147;145m[48;2;136;122;118m▄[38;2;177;167;165m[48;2;152;139;137m▄[38;2;158;147;147m[48;2;144;131;130m▄[38;2;193;175;162m[48;2;191;170;156m▄[38;2;222;201;187m[48;2;220;199;185m▄[0m
[38;2;28;24;20m[48;2;30;24;22m▄[38;2;34;28;26m[48;2;35;28;28m▄[38;2;35;29;30m[48;2;36;30;31m▄[38;2;35;29;29m[48;2;37;32;31m▄[38;2;36;30;30m[48;2;39;34;35m▄[38;2;43;37;40m[48;2;45;40;44m▄[38;2;49;44;48m[48;2;44;39;44m▄[38;2;47;43;46m[48;2;44;39;43m▄[38;2;46;41;45m[48;2;41;35;40m▄[38;2;42;37;41m[48;2;39;34;38m▄[38;2;41;39;42m[48;2;41;37;41m▄[38;2;40;37;38m[48;2;39;35;35m▄[38;2;40;35;34m[48;2;39;35;34m▄[38;2;34;34;33m[48;2;39;35;34m▄[38;2;26;31;29m[48;2;38;32;31m▄[38;2;28;34;31m[48;2;37;31;29m▄[38;2;27;33;30m[48;2;38;33;30m▄[38;2;34;36;31m[48;2;36;32;29m▄[38;2;53;46;36m[48;2;35;32;30m▄[38;2;49;50;39m[48;2;26;34;32m▄[38;2;83;27;24m[48;2;92;16;16m▄[38;2;88;1;1m[48;2;84;8;5m▄[38;2;95;105;109m[48;2;59;66;59m▄[38;2;128;147;154m[48;2;58;15;14m▄[38;2;69;51;52m[48;2;86;0;0m▄[38;2;47;0;1m[48;2;84;2;3m▄[38;2;45;10;11m[48;2;66;0;1m▄[38;2;64;61;71m[48;2;41;0;0m▄[38;2;103;108;113m[48;2;33;16;16m▄[38;2;225;206;186m[48;2;205;188;171m▄[38;2;225;206;189m[48;2;237;221;204m▄[38;2;225;206;190m[48;2;231;215;200m▄[38;2;218;194;178m[48;2;220;197;177m▄[38;2;215;188;168m[48;2;225;203;181m▄[38;2;218;195;173m[48;2;231;213;195m▄[38;2;229;210;193m[48;2;231;213;195m▄[38;2;231;214;197m[48;2;229;210;191m▄[38;2;229;210;192m[48;2;226;208;188m▄[38;2;227;208;191m[48;2;223;199;181m▄[38;2;226;206;189m[48;2;218;196;178m▄[38;2;216;189;169m[48;2;220;198;182m▄[38;2;214;190;168m[48;2;214;189;170m▄[38;2;228;217;194m[48;2;215;195;175m▄[38;2;231;177;156m[48;2;230;220;200m▄[38;2;225;142;125m[48;2;233;226;202m▄[38;2;224;154;137m[48;2;228;221;195m▄[38;2;173;149;135m[48;2;162;142;126m▄[38;2;163;149;136m[48;2;156;134;122m▄[38;2;172;161;158m[48;2;157;145;139m▄[38;2;156;147;151m[48;2;154;147;151m▄[38;2;154;146;149m[48;2;147;139;143m▄[38;2;172;153;139m[48;2;169;149;133m▄[38;2;234;217;192m[48;2;229;210;187m▄[38;2;236;217;190m[48;2;228;206;186m▄[38;2;203;184;168m[48;2;192;174;158m▄[38;2;173;162;160m[48;2;148;135;132m▄[38;2;185;175;173m[48;2;175;164;161m▄[38;2;170;159;160m[48;2;158;146;146m▄[38;2;202;185;173m[48;2;196;178;164m▄[38;2;217;195;184m[48;2;213;190;180m▄[0m
[38;2;31;26;24m[48;2;30;24;24m▄[38;2;37;31;29m[48;2;37;31;31m▄[38;2;39;33;34m[48;2;38;33;34m▄[38;2;40;34;34m[48;2;37;31;31m▄[38;2;38;32;32m[48;2;35;29;29m▄[38;2;38;32;32m[48;2;37;31;31m▄[38;2;40;34;35m[48;2;41;35;36m▄[38;2;44;38;42m[48;2;45;39;40m▄[38;2;47;40;42m[48;2;47;41;44m▄[38;2;44;38;40m[48;2;47;42;46m▄[38;2;51;47;50m[48;2;48;45;48m▄[38;2;45;49;54m[48;2;45;43;46m▄[38;2;91;38;38m[48;2;33;40;42m▄[38;2;154;22;17m[48;2;50;37;36m▄[38;2;151;17;12m[48;2;93;37;30m▄[38;2;130;10;6m[48;2;114;38;28m▄[38;2;113;6;5m[48;2;114;37;28m▄[38;2;96;2;2m[48;2;136;41;28m▄[38;2;111;5;2m[48;2;166;55;32m▄[38;2;133;12;6m[48;2;170;51;29m▄[38;2;137;12;6m[48;2;157;46;27m▄[38;2;112;2;4m[48;2;110;2;2m▄[38;2;108;1;2m[48;2;54;0;0m▄[38;2;84;0;0m[48;2;50;40;43m▄[38;2;66;0;0m[48;2;48;41;45m▄[38;2;65;2;4m[48;2;35;1;1m▄[38;2;46;0;0m[48;2;38;32;35m▄[38;2;31;0;0m[48;2;85;104;120m▄[38;2;45;0;0m[48;2;81;43;41m▄[38;2;81;14;12m[48;2;199;152;135m▄[38;2;206;176;159m[48;2;225;207;188m▄[38;2;222;204;188m[48;2;218;194;177m▄[38;2;216;193;179m[48;2;216;191;176m▄[38;2;215;192;180m[48;2;214;191;176m▄[38;2;222;199;185m[48;2;217;192;173m▄[38;2;229;210;195m[48;2;225;204;189m▄[38;2;229;211;195m[48;2;232;215;199m▄[38;2;221;201;183m[48;2;222;200;183m▄[38;2;226;206;188m[48;2;225;205;188m▄[38;2;222;200;181m[48;2;218;195;175m▄[38;2;219;195;175m[48;2;213;188;165m▄[38;2;200;182;166m[48;2;218;198;176m▄[38;2;140;44;46m[48;2;219;109;98m▄[38;2;145;0;5m[48;2;196;28;28m▄[38;2;102;7;14m[48;2;171;4;10m▄[38;2;77;36;45m[48;2;155;0;4m▄[38;2;62;0;2m[48;2;145;36;36m▄[38;2;119;46;47m[48;2;172;138;129m▄[38;2;183;175;170m[48;2;172;165;159m▄[38;2;180;172;176m[48;2;170;162;166m▄[38;2;181;170;172m[48;2;171;161;164m▄[38;2;191;175;162m[48;2;177;159;148m▄[38;2;232;214;188m[48;2;229;213;187m▄[38;2;243;223;192m[48;2;243;226;196m▄[38;2;216;198;182m[48;2;207;188;173m▄[38;2;192;182;180m[48;2;180;169;167m▄[38;2;197;187;185m[48;2;191;181;180m▄[38;2;184;174;172m[48;2;181;169;169m▄[38;2;211;195;183m[48;2;206;190;179m▄[38;2;195;177;168m[48;2;237;220;202m▄[0m
[38;2;39;31;33m[48;2;35;30;30m▄[38;2;42;34;34m[48;2;38;32;30m▄[38;2;42;35;36m[48;2;39;33;34m▄[38;2;44;37;37m[48;2;39;33;34m▄[38;2;44;36;37m[48;2;37;33;32m▄[38;2;39;33;32m[48;2;37;32;31m▄[38;2;40;34;33m[48;2;41;35;36m▄[38;2;39;36;38m[48;2;44;39;42m▄[38;2;39;37;40m[48;2;42;39;42m▄[38;2;35;43;48m[48;2;39;37;40m▄[38;2;80;38;38m[48;2;37;42;48m▄[38;2;149;19;12m[48;2;102;39;38m▄[38;2;112;0;1m[48;2;158;15;10m▄[38;2;93;0;1m[48;2;123;1;1m▄[38;2;72;3;3m[48;2;91;0;1m▄[38;2;61;3;3m[48;2;82;0;1m▄[38;2;49;2;2m[48;2;55;1;2m▄[38;2;46;2;2m[48;2;52;1;2m▄[38;2;53;2;3m[48;2;80;2;3m▄[38;2;59;1;3m[48;2;92;4;3m▄[38;2;53;2;3m[48;2;83;4;4m▄[38;2;64;3;4m[48;2;106;2;4m▄[38;2;108;1;3m[48;2;102;3;4m▄[38;2;96;3;4m[48;2;102;2;3m▄[38;2;70;2;3m[48;2;73;3;3m▄[38;2;57;2;2m[48;2;54;2;3m▄[38;2;54;1;3m[48;2;65;2;3m▄[38;2;41;0;1m[48;2;59;2;2m▄[38;2;44;1;3m[48;2;42;1;2m▄[38;2;44;1;3m[48;2;38;0;0m▄[38;2;52;0;0m[48;2;111;50;46m▄[38;2;96;66;62m[48;2;217;195;180m▄[38;2;177;160;148m[48;2;227;204;189m▄[38;2;225;201;184m[48;2;216;192;176m▄[38;2;224;201;185m[48;2;215;192;177m▄[38;2;220;201;186m[48;2;226;208;193m▄[38;2;226;207;189m[48;2;227;208;192m▄[38;2;229;209;191m[48;2;223;203;186m▄[38;2;206;187;174m[48;2;232;213;194m▄[38;2;187;163;150m[48;2;223;197;178m▄[38;2;207;179;161m[48;2;214;185;163m▄[38;2;117;96;86m[48;2;202;185;169m▄[38;2;116;73;69m[48;2;158;131;130m▄[38;2;106;35;44m[48;2;106;3;5m▄[38;2;73;68;72m[48;2;109;96;109m▄[38;2;77;74;86m[48;2;126;140;164m▄[38;2;66;27;36m[48;2;64;33;42m▄[38;2;84;10;13m[48;2;90;17;19m▄[38;2;161;142;138m[48;2;196;184;182m▄[38;2;153;140;138m[48;2;194;186;189m▄[38;2;139;121;117m[48;2;194;185;186m▄[38;2;129;111;110m[48;2;188;171;166m▄[38;2;116;101;104m[48;2;190;172;159m▄[38;2;109;97;107m[48;2;179;160;146m▄[38;2;109;99;112m[48;2;153;138;136m▄[38;2;114;104;116m[48;2;135;124;132m▄[38;2;135;124;134m[48;2;170;159;162m▄[38;2;192;179;179m[48;2;189;176;176m▄[38;2;216;201;190m[48;2;213;197;184m▄[38;2;202;186;179m[48;2;168;150;146m▄[0m
[38;2;41;33;31m[48;2;41;33;33m▄[38;2;45;37;34m[48;2;47;37;36m▄[38;2;45;37;35m[48;2;45;37;35m▄[38;2;42;34;32m[48;2;47;38;36m▄[38;2;40;34;31m[48;2;46;38;38m▄[38;2;39;34;32m[48;2;43;36;33m▄[38;2;33;31;33m[48;2;37;34;33m▄[38;2;29;33;36m[48;2;36;34;37m▄[38;2;41;36;38m[48;2;29;35;38m▄[38;2;122;16;16m[48;2;52;36;39m▄[38;2;111;0;0m[48;2;136;14;11m▄[38;2;78;4;3m[48;2;105;2;1m▄[38;2;72;3;4m[48;2;84;3;3m▄[38;2;75;2;3m[48;2;80;2;3m▄[38;2;67;1;1m[48;2;72;2;3m▄[38;2;54;2;2m[48;2;56;2;3m▄[38;2;53;2;2m[48;2;54;1;1m▄[38;2;47;2;2m[48;2;48;2;2m▄[38;2;45;2;3m[48;2;41;2;2m▄[38;2;45;2;3m[48;2;41;2;3m▄[38;2;36;2;2m[48;2;42;2;3m▄[38;2;37;2;3m[48;2;42;2;3m▄[38;2;39;2;3m[48;2;78;2;3m▄[38;2;52;2;3m[48;2;95;3;4m▄[38;2;105;3;4m[48;2;88;4;4m▄[38;2;80;2;4m[48;2;62;2;3m▄[38;2;86;7;6m[48;2;65;9;8m▄[38;2;98;19;14m[48;2;51;8;7m▄[38;2;43;4;4m[48;2;44;0;2m▄[38;2;53;1;1m[48;2;56;1;2m▄[38;2;53;0;0m[48;2;52;0;0m▄[38;2;59;15;18m[48;2;47;12;15m▄[38;2;61;57;65m[48;2;50;47;48m▄[38;2;48;42;45m[48;2;103;89;82m▄[38;2;59;50;52m[48;2;181;161;149m▄[38;2;112;100;101m[48;2;226;204;189m▄[38;2;120;104;110m[48;2;208;190;176m▄[38;2;118;102;109m[48;2;170;153;146m▄[38;2;123;108;112m[48;2;133;115;116m▄[38;2;123;106;108m[48;2;131;114;114m▄[38;2;125;112;112m[48;2;137;117;114m▄[38;2;109;65;67m[48;2;126;109;101m▄[38;2;105;10;14m[48;2;118;59;54m▄[38;2;76;4;7m[48;2;80;24;30m▄[38;2;61;41;48m[48;2;73;64;67m▄[38;2;55;23;28m[48;2;84;79;91m▄[38;2;68;1;5m[48;2;61;4;9m▄[38;2;81;8;12m[48;2;77;6;10m▄[38;2;160;41;44m[48;2;121;94;89m▄[38;2;170;57;58m[48;2;120;109;102m▄[38;2;134;82;84m[48;2;110;100;96m▄[38;2;118;111;118m[48;2;117;101;104m▄[38;2;122;108;114m[48;2;119;105;111m▄[38;2;127;110;116m[48;2;126;110;114m▄[38;2;123;112;124m[48;2;127;114;120m▄[38;2;124;114;126m[48;2;123;113;126m▄[38;2;131;120;131m[48;2;133;123;133m▄[38;2;187;176;176m[48;2;192;182;181m▄[38;2;212;197;189m[48;2;212;197;190m▄[38;2;234;220;211m[48;2;228;213;205m▄[0m
[38;2;39;31;30m[48;2;45;37;35m▄[38;2;47;38;35m[48;2;47;38;36m▄[38;2;44;36;33m[48;2;44;36;33m▄[38;2;45;37;34m[48;2;46;38;36m▄[38;2;40;34;35m[48;2;48;39;38m▄[38;2;30;31;34m[48;2;32;30;30m▄[38;2;31;34;37m[48;2;28;31;33m▄[38;2;108;18;18m[48;2;33;31;32m▄[38;2;127;13;6m[48;2;123;27;20m▄[38;2;92;3;2m[48;2;121;4;3m▄[38;2;80;2;3m[48;2;89;2;2m▄[38;2;63;2;3m[48;2;82;2;2m▄[38;2;52;2;3m[48;2;68;2;4m▄[38;2;45;2;3m[48;2;53;3;3m▄[38;2;49;2;2m[48;2;54;1;3m▄[38;2;54;2;2m[48;2;46;2;3m▄[38;2;55;2;1m[48;2;46;2;3m▄[38;2;52;1;2m[48;2;53;1;3m▄[38;2;46;2;3m[48;2;52;1;3m▄[38;2;48;2;2m[48;2;47;2;3m▄[38;2;47;2;3m[48;2;43;2;2m▄[38;2;41;1;3m[48;2;34;2;2m▄[38;2;39;1;2m[48;2;31;2;1m▄[38;2;32;1;1m[48;2;24;2;1m▄[38;2;57;2;3m[48;2;77;4;4m▄[38;2;94;4;4m[48;2;86;6;5m▄[38;2;88;3;3m[48;2;76;4;4m▄[38;2;95;3;3m[48;2;104;6;5m▄[38;2;74;5;4m[48;2;72;9;7m▄[38;2;50;2;1m[48;2;42;1;3m▄[38;2;46;1;1m[48;2;48;0;0m▄[38;2;53;4;5m[48;2;61;10;12m▄[38;2;73;64;76m[48;2;72;65;76m▄[38;2;78;73;88m[48;2;66;61;71m▄[38;2;74;68;81m[48;2;63;57;65m▄[38;2;70;64;76m[48;2;58;53;61m▄[38;2;87;74;79m[48;2;82;67;65m▄[38;2;89;74;71m[48;2;92;74;70m▄[38;2;81;68;70m[48;2;111;97;104m▄[38;2;103;99;110m[48;2;126;109;117m▄[38;2;156;88;94m[48;2;121;119;123m▄[38;2;188;32;36m[48;2;133;65;68m▄[38;2;95;3;7m[48;2;104;0;0m▄[38;2;51;4;6m[48;2;69;1;4m▄[38;2;64;1;6m[48;2;61;0;0m▄[38;2;71;2;7m[48;2;72;0;3m▄[38;2;36;2;4m[48;2;67;3;7m▄[38;2;17;1;3m[48;2;28;1;3m▄[38;2;49;2;6m[48;2;74;1;6m▄[38;2;62;3;7m[48;2;114;4;12m▄[38;2;58;0;0m[48;2;108;5;13m▄[38;2;90;34;42m[48;2;124;88;95m▄[38;2;131;121;135m[48;2;127;116;121m▄[38;2;126;112;124m[48;2;122;110;123m▄[38;2;127;115;128m[48;2;125;113;125m▄[38;2;128;117;131m[48;2;125;115;127m▄[38;2;132;121;135m[48;2;129;119;130m▄[38;2;199;190;193m[48;2;197;189;190m▄[38;2;223;209;202m[48;2;217;204;197m▄[38;2;217;203;200m[48;2;235;220;212m▄[0m
[38;2;37;31;33m[48;2;45;35;33m▄[38;2;31;28;30m[48;2;47;38;36m▄[38;2;23;22;25m[48;2;36;32;30m▄[38;2;25;23;25m[48;2;29;26;25m▄[38;2;17;23;25m[48;2;27;26;27m▄[38;2;65;27;25m[48;2;25;32;35m▄[38;2;123;12;8m[48;2;92;21;23m▄[38;2;90;1;2m[48;2;123;4;3m▄[38;2;78;2;3m[48;2;88;4;3m▄[38;2;49;3;4m[48;2;70;3;4m▄[38;2;50;2;3m[48;2;56;2;4m▄[38;2;21;0;13m[48;2;51;2;1m▄[38;2;5;7;46m[48;2;47;1;0m▄[38;2;3;7;57m[48;2;47;1;2m▄[38;2;23;2;17m[48;2;52;2;1m▄[38;2;45;2;0m[48;2;49;2;3m▄[38;2;48;2;2m[48;2;50;2;2m▄[38;2;51;1;2m[48;2;45;2;2m▄[38;2;48;2;3m[48;2;49;2;2m▄[38;2;47;2;2m[48;2;45;2;3m▄[38;2;38;2;3m[48;2;42;2;3m▄[38;2;34;2;2m[48;2;41;2;3m▄[38;2;34;2;2m[48;2;41;2;2m▄[38;2;45;1;2m[48;2;38;2;2m▄[38;2;37;1;3m[48;2;41;2;2m▄[38;2;50;2;2m[48;2;82;3;4m▄[38;2;68;0;0m[48;2;59;3;2m▄[38;2;54;1;2m[48;2;48;2;2m▄[38;2;68;4;6m[48;2;65;4;5m▄[38;2;14;4;17m[48;2;34;2;6m▄[38;2;16;0;8m[48;2;47;1;1m▄[38;2;49;0;0m[48;2;48;0;0m▄[38;2;77;20;24m[48;2;75;47;56m▄[38;2;83;79;94m[48;2;84;83;98m▄[38;2;91;84;102m[48;2;87;78;97m▄[38;2;95;88;108m[48;2;81;75;92m▄[38;2;93;85;104m[48;2;84;76;90m▄[38;2;104;91;102m[48;2;92;80;88m▄[38;2;102;97;105m[48;2;89;80;84m▄[38;2;121;47;55m[48;2;91;65;73m▄[38;2;72;6;37m[48;2;158;17;21m▄[38;2;104;5;13m[48;2;150;7;15m▄[38;2;58;10;12m[48;2;81;20;19m▄[38;2;62;30;27m[48;2;55;26;23m▄[38;2;75;38;37m[48;2;56;20;21m▄[38;2;39;19;25m[48;2;41;3;6m▄[38;2;40;2;7m[48;2;15;2;3m▄[38;2;51;3;7m[48;2;29;2;5m▄[38;2;56;3;5m[48;2;48;3;6m▄[38;2;12;9;41m[48;2;42;5;15m▄[38;2;15;10;48m[48;2;46;3;15m▄[38;2;56;0;1m[48;2;73;5;12m▄[38;2;111;82;95m[48;2;123;103;116m▄[38;2;137;131;149m[48;2;134;123;138m▄[38;2;133;123;140m[48;2;133;122;137m▄[38;2;139;128;145m[48;2;132;121;136m▄[38;2;142;130;148m[48;2;139;129;144m▄[38;2;174;161;168m[48;2;191;178;182m▄[38;2;172;157;167m[48;2;197;180;179m▄[38;2;180;164;177m[48;2;179;162;174m▄[0m
[38;2;20;18;20m[48;2;22;20;24m▄[38;2;24;22;22m[48;2;25;23;26m▄[38;2;19;19;20m[48;2;24;22;24m▄[38;2;21;23;23m[48;2;18;22;23m▄[38;2;104;19;13m[48;2;40;20;21m▄[38;2;95;1;2m[48;2;117;10;9m▄[38;2;74;2;3m[48;2;86;6;4m▄[38;2;52;3;4m[48;2;75;2;3m▄[38;2;49;1;1m[48;2;63;2;4m▄[38;2;18;0;13m[48;2;53;2;2m▄[38;2;19;21;38m[48;2;16;0;14m▄[38;2;25;27;65m[48;2;3;11;49m▄[38;2;0;6;68m[48;2;0;11;77m▄[38;2;1;8;60m[48;2;0;9;70m▄[38;2;0;4;43m[48;2;0;3;38m▄[38;2;7;2;22m[48;2;32;2;3m▄[38;2;42;2;5m[48;2;55;2;1m▄[38;2;49;2;2m[48;2;54;1;3m▄[38;2;49;2;4m[48;2;42;2;4m▄[38;2;32;2;4m[48;2;42;2;3m▄[38;2;14;2;3m[48;2;29;2;3m▄[38;2;10;1;2m[48;2;26;2;2m▄[38;2;26;3;3m[48;2;29;2;3m▄[38;2;37;0;0m[48;2;39;1;3m▄[38;2;24;0;0m[48;2;38;1;1m▄[38;2;34;27;34m[48;2;32;0;0m▄[38;2;47;50;60m[48;2;65;17;20m▄[38;2;57;36;41m[48;2;82;3;4m▄[38;2;49;5;6m[48;2;58;0;0m▄[38;2;69;1;1m[48;2;86;17;15m▄[38;2;102;18;11m[48;2;39;16;23m▄[38;2;81;15;13m[48;2;29;1;4m▄[38;2;45;1;1m[48;2;63;0;0m▄[38;2;68;23;26m[48;2;79;55;64m▄[38;2;83;78;92m[48;2;84;82;100m▄[38;2;88;81;98m[48;2;93;85;104m▄[38;2;92;85;103m[48;2;97;90;110m▄[38;2;105;104;117m[48;2;108;101;113m▄[38;2;135;49;56m[48;2;119;88;92m▄[38;2;36;6;50m[48;2;85;21;52m▄[38;2;0;11;56m[48;2;0;18;91m▄[38;2;0;9;39m[48;2;34;5;25m▄[38;2;50;8;20m[48;2;75;2;5m▄[38;2;67;1;7m[48;2;55;17;18m▄[38;2;60;7;14m[48;2;48;21;24m▄[38;2;56;15;20m[48;2;53;28;33m▄[38;2;53;25;31m[48;2;68;20;25m▄[38;2;70;21;25m[48;2;75;3;9m▄[38;2;46;4;14m[48;2;54;3;10m▄[38;2;0;7;37m[48;2;2;11;48m▄[38;2;0;14;66m[48;2;0;13;60m▄[38;2;26;1;22m[48;2;50;0;5m▄[38;2;102;54;68m[48;2;106;64;76m▄[38;2;180;183;213m[48;2;148;146;169m▄[38;2;173;173;201m[48;2;139;132;152m▄[38;2;163;157;180m[48;2;138;124;140m▄[38;2;145;135;154m[48;2;150;131;140m▄[38;2;156;152;176m[48;2;174;166;182m▄[38;2;140;133;155m[48;2;171;162;182m▄[38;2;186;182;206m[48;2;189;181;203m▄[0m
[38;2;16;16;15m[48;2;18;18;16m▄[38;2;36;33;29m[48;2;19;18;17m▄[38;2;73;41;36m[48;2;17;23;22m▄[38;2;119;11;8m[48;2;84;19;18m▄[38;2;68;0;2m[48;2;102;7;5m▄[38;2;41;2;3m[48;2;58;2;3m▄[38;2;26;1;1m[48;2;55;2;3m▄[38;2;27;16;22m[48;2;42;0;0m▄[38;2;36;40;52m[48;2;16;1;13m▄[38;2;48;54;63m[48;2;20;25;42m▄[38;2;70;28;31m[48;2;65;48;51m▄[38;2;85;1;13m[48;2;50;12;43m▄[38;2;0;6;52m[48;2;0;5;59m▄[38;2;0;6;50m[48;2;1;7;55m▄[38;2;1;4;38m[48;2;0;5;43m▄[38;2;1;2;27m[48;2;0;2;29m▄[38;2;0;2;25m[48;2;5;2;23m▄[38;2;23;1;12m[48;2;31;2;9m▄[38;2;38;1;2m[48;2;44;2;3m▄[38;2;32;1;3m[48;2;27;3;3m▄[38;2;29;2;3m[48;2;6;1;2m▄[38;2;34;1;0m[48;2;17;2;3m▄[38;2;20;4;10m[48;2;27;1;0m▄[38;2;48;48;57m[48;2;22;2;5m▄[38;2;73;72;87m[48;2;40;40;59m▄[38;2;72;71;92m[48;2;57;56;67m▄[38;2;50;47;55m[48;2;47;43;51m▄[38;2;56;51;58m[48;2;54;55;63m▄[38;2;73;65;72m[48;2;67;41;46m▄[38;2;25;18;35m[48;2;36;0;0m▄[38;2;4;0;24m[48;2;46;0;3m▄[38;2;38;3;12m[48;2;89;6;3m▄[38;2;78;3;1m[48;2;95;7;5m▄[38;2;84;0;0m[48;2;63;3;3m▄[38;2;66;26;31m[48;2;60;49;60m▄[38;2;61;63;80m[48;2;70;68;83m▄[38;2;69;67;85m[48;2;77;79;97m▄[38;2;131;25;33m[48;2;114;76;88m▄[38;2;59;13;56m[48;2;113;12;27m▄[38;2;0;10;67m[48;2;4;14;66m▄[38;2;19;20;46m[48;2;0;0;34m▄[38;2;99;88;104m[48;2;51;50;69m▄[38;2;101;96;114m[48;2;83;76;92m▄[38;2;72;55;70m[48;2;62;5;18m▄[38;2;62;2;9m[48;2;76;4;12m▄[38;2;50;7;16m[48;2;94;8;19m▄[38;2;16;5;13m[48;2;43;7;15m▄[38;2;26;7;15m[48;2;39;20;25m▄[38;2;47;21;26m[48;2;50;23;31m▄[38;2;51;28;36m[48;2;11;10;31m▄[38;2;30;19;49m[48;2;0;15;65m▄[38;2;7;11;57m[48;2;13;7;47m▄[38;2;67;21;36m[48;2;94;36;47m▄[38;2;160;156;189m[48;2;174;175;204m▄[38;2;158;160;193m[48;2;172;171;199m▄[38;2;159;159;192m[48;2;173;171;201m▄[38;2;144;142;170m[48;2;147;143;169m▄[38;2;136;130;154m[48;2;149;144;168m▄[38;2;134;130;157m[48;2;133;126;149m▄[38;2;161;160;192m[48;2;178;177;209m▄[0m
[38;2;65;54;50m[48;2;58;46;41m▄[38;2;68;59;61m[48;2;72;63;58m▄[38;2;41;7;23m[48;2;84;23;23m▄[38;2;73;0;0m[48;2;86;2;0m▄[38;2;70;1;3m[48;2;74;2;3m▄[38;2;61;3;4m[48;2;64;2;5m▄[38;2;67;3;5m[48;2;51;1;3m▄[38;2;70;0;4m[48;2;50;13;12m▄[38;2;66;0;1m[48;2;67;34;33m▄[38;2;57;6;7m[48;2;52;44;49m▄[38;2;56;12;16m[48;2;60;21;26m▄[38;2;82;4;6m[48;2;102;1;0m▄[38;2;77;3;7m[48;2;35;5;30m▄[38;2;14;5;34m[48;2;0;6;47m▄[38;2;0;5;39m[48;2;2;4;36m▄[38;2;0;3;30m[48;2;0;3;26m▄[38;2;13;3;18m[48;2;7;2;18m▄[38;2;41;2;2m[48;2;37;2;2m▄[38;2;42;1;3m[48;2;38;1;3m▄[38;2;39;2;2m[48;2;39;1;3m▄[38;2;39;1;2m[48;2;37;1;3m▄[38;2;13;1;8m[48;2;25;0;2m▄[38;2;2;3;8m[48;2;20;15;25m▄[38;2;9;4;7m[48;2;62;55;62m▄[38;2;9;4;7m[48;2;48;40;46m▄[38;2;10;4;6m[48;2;44;39;50m▄[38;2;12;6;11m[48;2;34;30;38m▄[38;2;15;9;15m[48;2;35;28;35m▄[38;2;16;10;17m[48;2;48;39;46m▄[38;2;19;13;19m[48;2;32;28;41m▄[38;2;5;4;21m[48;2;0;0;24m▄[38;2;0;0;24m[48;2;1;1;29m▄[38;2;4;1;26m[48;2;37;3;9m▄[38;2;42;0;2m[48;2;68;0;0m▄[38;2;52;14;18m[48;2;76;10;12m▄[38;2;67;76;103m[48;2;53;59;73m▄[38;2;95;45;68m[48;2;102;42;56m▄[38;2;118;3;9m[48;2;134;9;18m▄[38;2;116;11;17m[48;2;29;14;54m▄[38;2;73;14;18m[48;2;20;21;49m▄[38;2;94;87;112m[48;2;88;81;95m▄[38;2;96;111;156m[48;2;89;82;99m▄[38;2;87;108;168m[48;2;91;86;106m▄[38;2;79;113;187m[48;2;114;109;133m▄[38;2;43;57;113m[48;2;74;34;45m▄[38;2;35;3;9m[48;2;34;1;6m▄[38;2;49;8;17m[48;2;26;6;15m▄[38;2;59;8;20m[48;2;36;6;16m▄[38;2;55;8;19m[48;2;40;11;19m▄[38;2;50;10;19m[48;2;38;22;27m▄[38;2;61;7;17m[48;2;73;16;20m▄[38;2;72;7;16m[48;2;66;9;29m▄[38;2;61;0;9m[48;2;49;6;29m▄[38;2;116;97;126m[48;2;139;126;159m▄[38;2;155;164;203m[48;2;161;166;203m▄[38;2;147;149;185m[48;2;149;148;181m▄[38;2;122;116;141m[48;2;131;126;154m▄[38;2;112;106;128m[48;2;132;125;149m▄[38;2;129;127;158m[48;2;131;126;153m▄[38;2;150;152;192m[48;2;146;142;174m▄[0m
[38;2;58;46;54m[48;2;67;56;58m▄[38;2;57;48;57m[48;2;64;55;58m▄[38;2;50;43;49m[48;2;39;36;47m▄[38;2;42;42;52m[48;2;34;16;26m▄[38;2;36;35;48m[48;2;46;3;7m▄[38;2;38;20;30m[48;2;57;0;0m▄[38;2;42;7;13m[48;2;61;0;1m▄[38;2;41;2;4m[48;2;64;2;5m▄[38;2;50;1;3m[48;2;60;3;5m▄[38;2;65;1;4m[48;2;66;1;4m▄[38;2;72;2;4m[48;2;70;1;4m▄[38;2;65;3;5m[48;2;71;3;6m▄[38;2;64;3;6m[48;2;63;4;5m▄[38;2;58;3;4m[48;2;42;3;7m▄[38;2;34;3;4m[48;2;3;3;20m▄[38;2;5;2;12m[48;2;0;3;26m▄[38;2;9;2;14m[48;2;14;3;17m▄[38;2;35;2;3m[48;2;38;2;3m▄[38;2;36;2;4m[48;2;39;2;4m▄[38;2;32;2;3m[48;2;38;1;2m▄[38;2;9;1;3m[48;2;27;1;4m▄[38;2;1;2;5m[48;2;2;1;7m▄[38;2;6;4;7m[48;2;3;2;4m▄[38;2;7;5;10m[48;2;6;4;8m▄[38;2;9;6;13m[48;2;7;5;10m▄[38;2;11;8;16m[48;2;10;7;12m▄[38;2;12;10;17m[48;2;12;8;13m▄[38;2;12;9;17m[48;2;12;9;15m▄[38;2;14;11;18m[48;2;14;11;18m▄[38;2;14;11;19m[48;2;16;12;18m▄[38;2;13;10;18m[48;2;14;10;16m▄[38;2;14;10;17m[48;2;4;3;19m▄[38;2;8;6;15m[48;2;0;1;25m▄[38;2;3;5;21m[48;2;5;0;21m▄[38;2;7;7;18m[48;2;34;19;30m▄[38;2;26;21;29m[48;2;80;85;119m▄[38;2;56;65;102m[48;2;107;109;148m▄[38;2;21;41;100m[48;2;90;29;44m▄[38;2;39;6;21m[48;2;100;5;13m▄[38;2;62;24;21m[48;2;107;13;16m▄[38;2;69;32;32m[48;2;53;44;84m▄[38;2;13;12;44m[48;2;8;52;137m▄[38;2;2;10;44m[48;2;0;30;102m▄[38;2;8;11;40m[48;2;0;23;93m▄[38;2;8;13;40m[48;2;0;20;76m▄[38;2;7;13;41m[48;2;13;12;37m▄[38;2;18;13;38m[48;2;54;11;22m▄[38;2;36;12;29m[48;2;70;11;22m▄[38;2;27;11;25m[48;2;48;9;19m▄[38;2;25;10;21m[48;2;45;8;17m▄[38;2;13;11;32m[48;2;47;6;13m▄[38;2;22;11;34m[48;2;59;6;11m▄[38;2;42;1;5m[48;2;55;0;3m▄[38;2;54;35;67m[48;2;88;58;81m▄[38;2;125;131;174m[48;2;146;154;196m▄[38;2;129;132;171m[48;2;141;142;179m▄[38;2;126;129;167m[48;2;128;125;154m▄[38;2;113;111;141m[48;2;123;121;152m▄[38;2;127;129;169m[48;2;142;145;185m▄[38;2;128;127;165m[48;2;149;151;193m▄[0m
[38;2;46;39;46m[48;2;50;43;50m▄[38;2;56;48;57m[48;2;53;45;53m▄[38;2;52;45;53m[48;2;48;41;47m▄[38;2;49;44;52m[48;2;44;39;47m▄[38;2;45;43;56m[48;2;43;41;54m▄[38;2;49;48;63m[48;2;47;50;65m▄[38;2;40;34;42m[48;2;42;43;57m▄[38;2;32;24;30m[48;2;17;10;17m▄[38;2;27;24;31m[48;2;19;7;15m▄[38;2;16;17;25m[48;2;25;4;12m▄[38;2;7;10;21m[48;2;34;2;9m▄[38;2;7;4;13m[48;2;52;2;7m▄[38;2;34;2;5m[48;2;71;3;5m▄[38;2;64;3;6m[48;2;67;4;6m▄[38;2;81;3;5m[48;2;72;3;6m▄[38;2;65;3;4m[48;2;53;3;4m▄[38;2;39;3;5m[48;2;15;2;5m▄[38;2;13;4;10m[48;2;25;2;3m▄[38;2;7;4;11m[48;2;28;1;4m▄[38;2;6;5;13m[48;2;14;1;4m▄[38;2;7;6;15m[48;2;3;3;6m▄[38;2;8;7;15m[48;2;7;5;10m▄[38;2;8;7;16m[48;2;7;5;12m▄[38;2;9;8;17m[48;2;9;7;14m▄[38;2;11;9;18m[48;2;11;8;17m▄[38;2;13;10;19m[48;2;13;10;19m▄[38;2;13;10;20m[48;2;13;10;19m▄[38;2;13;12;21m[48;2;13;10;19m▄[38;2;13;12;21m[48;2;13;11;20m▄[38;2;14;13;22m[48;2;14;11;20m▄[38;2;15;13;22m[48;2;15;12;21m▄[38;2;16;13;23m[48;2;15;12;21m▄[38;2;19;15;25m[48;2;14;11;20m▄[38;2;17;14;24m[48;2;14;12;19m▄[38;2;16;15;24m[48;2;14;13;21m▄[38;2;19;17;29m[48;2;16;15;23m▄[38;2;21;19;34m[48;2;18;14;26m▄[38;2;21;19;32m[48;2;14;18;41m▄[38;2;9;13;40m[48;2;0;12;46m▄[38;2;7;17;53m[48;2;15;12;30m▄[38;2;22;24;56m[48;2;55;23;22m▄[38;2;59;33;40m[48;2;62;29;32m▄[38;2;57;28;35m[48;2;12;16;49m▄[38;2;18;23;57m[48;2;4;12;47m▄[38;2;22;31;72m[48;2;5;11;44m▄[38;2;33;41;81m[48;2;4;10;43m▄[38;2;47;54;96m[48;2;0;7;40m▄[38;2;67;73;113m[48;2;0;5;37m▄[38;2;91;95;134m[48;2;0;4;32m▄[38;2;77;81;116m[48;2;0;2;25m▄[38;2;20;31;76m[48;2;0;14;58m▄[38;2;2;16;74m[48;2;1;19;74m▄[38;2;20;26;93m[48;2;0;8;42m▄[38;2;15;36;122m[48;2;15;40;110m▄[38;2;109;118;170m[48;2;119;123;164m▄[38;2;141;142;181m[48;2;121;123;160m▄[38;2;131;133;175m[48;2;117;119;157m▄[38;2;126;129;170m[48;2;113;114;150m▄[38;2;126;128;169m[48;2;115;117;156m▄[38;2;136;139;184m[48;2;120;120;158m▄[0m
