[38;2;43;46;43m[48;2;52;52;45m▄[38;2;67;69;65m[48;2;36;44;44m▄[38;2;63;61;57m[48;2;13;28;42m▄[38;2;56;55;55m[48;2;9;28;46m▄[38;2;62;66;69m[48;2;36;48;61m▄[38;2;66;73;77m[48;2;69;73;75m▄[38;2;77;81;79m[48;2;61;67;75m▄[38;2;113;109;80m[48;2;90;88;77m▄[38;2;86;89;81m[48;2;104;102;79m▄[38;2;80;88;91m[48;2;73;79;83m▄[38;2;89;97;99m[48;2;84;90;92m▄[38;2;89;98;102m[48;2;86;92;98m▄[38;2;95;91;75m[48;2;102;100;94m▄[38;2;160;143;88m[48;2;154;142;92m▄[38;2;178;165;107m[48;2;162;148;94m▄[38;2;186;170;112m[48;2;166;150;98m▄[38;2;208;187;121m[48;2;169;154;98m▄[38;2;212;189;121m[48;2;173;156;100m▄[38;2;196;173;110m[48;2;181;164;104m▄[38;2;162;142;90m[48;2;193;175;110m▄[38;2;147;130;83m[48;2;195;175;110m▄[38;2;168;151;99m[48;2;191;173;112m▄[38;2;207;187;124m[48;2;177;162;106m▄[38;2;205;185;120m[48;2;175;160;102m▄[38;2;203;184;117m[48;2;175;160;102m▄[38;2;204;186;119m[48;2;175;160;102m▄[38;2;196;169;109m[48;2;181;166;108m▄[38;2;183;148;97m[48;2;187;173;108m▄[38;2;198;172;113m[48;2;183;166;102m▄[38;2;207;186;120m[48;2;179;160;100m▄[38;2;203;183;122m[48;2;179;160;100m▄[38;2;198;181;122m[48;2;177;160;106m▄[38;2;196;179;119m[48;2;175;158;104m▄[38;2;200;183;123m[48;2;179;162;108m▄[38;2;203;185;124m[48;2;179;164;110m▄[38;2;202;185;124m[48;2;177;164;110m▄[38;2;197;178;115m[48;2;177;160;106m▄[38;2;193;174;109m[48;2;171;156;100m▄[38;2;196;174;105m[48;2;171;154;98m▄[38;2;199;175;109m[48;2;169;152;92m▄[38;2;206;182;123m[48;2;164;146;84m▄[38;2;202;179;120m[48;2;160;144;83m▄[38;2;196;175;108m[48;2;162;146;86m▄[38;2;190;168;101m[48;2;162;146;90m▄[38;2;185;163;98m[48;2;164;148;92m▄[38;2;177;159;100m[48;2;160;144;90m▄[38;2;162;146;83m[48;2;158;142;86m▄[38;2;98;95;72m[48;2;106;104;88m▄[38;2;89;95;100m[48;2;79;84;90m▄[38;2;91;96;98m[48;2;71;75;79m▄[38;2;94;96;91m[48;2;100;96;77m▄[38;2;117;111;82m[48;2;88;86;67m▄[38;2;85;89;85m[48;2;65;73;75m▄[38;2;76;83;85m[48;2;73;79;79m▄[38;2;79;85;86m[48;2;75;79;83m▄[38;2;83;88;90m[48;2;77;83;86m▄[38;2;83;89;90m[48;2;81;84;88m▄[38;2;93;93;83m[48;2;102;100;75m▄[38;2;106;104;77m[48;2;73;77;67m▄[38;2;86;91;86m[48;2;61;67;69m▄[0m
[38;2;154;140;114m[48;2;56;60;60m▄[38;2;86;87;80m[48;2;61;62;62m▄[38;2;55;62;61m[48;2;79;68;60m▄[38;2;121;106;93m[48;2;134;109;87m▄[38;2;123;111;99m[48;2;66;64;55m▄[38;2;206;186;152m[48;2;65;68;68m▄[38;2;221;206;167m[48;2;115;108;80m▄[38;2;201;187;166m[48;2;101;97;80m▄[38;2;204;189;167m[48;2;84;87;88m▄[38;2;205;191;171m[48;2;93;97;95m▄[38;2;189;174;146m[48;2;93;95;96m▄[38;2;169;139;87m[48;2;139;128;102m▄[38;2;229;209;158m[48;2;160;143;93m▄[38;2;229;213;168m[48;2;174;154;98m▄[38;2;229;214;168m[48;2;183;163;108m▄[38;2;241;227;179m[48;2;195;174;116m▄[38;2;127;114;89m[48;2;133;114;72m▄[38;2;1;1;0m[48;2;57;47;30m▄[38;2;0;0;0m[48;2;20;16;10m▄[38;2;6;0;0m[48;2;0;0;0m▄[38;2;64;39;28m[48;2;0;0;0m▄[38;2;103;64;53m[48;2;27;18;17m▄[38;2;131;93;70m[48;2;162;143;101m▄[38;2;223;201;154m[48;2;206;186;123m▄[38;2;222;202;145m[48;2;194;175;117m▄[38;2;204;183;130m[48;2;203;185;127m▄[38;2;206;189;135m[48;2;158;126;85m▄[38;2;167;141;109m[48;2;108;52;36m▄[38;2;156;128;107m[48;2;177;138;98m▄[38;2;238;224;183m[48;2;199;182;127m▄[38;2;228;214;173m[48;2;193;173;120m▄[38;2;226;211;169m[48;2;188;170;115m▄[38;2;225;210;166m[48;2;186;167;111m▄[38;2;228;211;169m[48;2;189;169;112m▄[38;2;230;213;169m[48;2;194;173;115m▄[38;2;232;214;165m[48;2;193;172;110m▄[38;2;232;213;162m[48;2;196;174;113m▄[38;2;211;172;137m[48;2;193;161;115m▄[38;2;184;134;112m[48;2;184;147;108m▄[38;2;161;126;107m[48;2;194;166;135m▄[38;2;157;126;100m[48;2;185;165;142m▄[38;2;152;127;100m[48;2;179;162;140m▄[38;2;149;125;105m[48;2;176;158;128m▄[38;2;181;159;124m[48;2;183;162;108m▄[38;2;226;208;154m[48;2;178;155;93m▄[38;2;226;208;153m[48;2;170;149;88m▄[38;2;202;181;119m[48;2;164;144;87m▄[38;2;177;155;89m[48;2;151;136;85m▄[38;2;129;114;71m[48;2;129;121;90m▄[38;2;150;133;126m[48;2;103;103;102m▄[38;2;209;193;170m[48;2;100;102;102m▄[38;2;206;191;167m[48;2;111;106;91m▄[38;2;214;191;143m[48;2;124;118;88m▄[38;2;197;174;132m[48;2;92;95;90m▄[38;2;204;186;159m[48;2;82;86;83m▄[38;2;192;175;151m[48;2;85;89;86m▄[38;2;193;174;150m[48;2;85;88;83m▄[38;2;192;173;146m[48;2;82;85;84m▄[38;2;188;169;145m[48;2;99;95;80m▄[38;2;220;196;156m[48;2;121;116;85m▄[0m
[38;2;45;56;58m[48;2;94;91;83m▄[38;2;57;65;65m[48;2;72;82;81m▄[38;2;137;115;104m[48;2;75;77;77m▄[38;2;229;199;160m[48;2;180;157;142m▄[38;2;245;224;166m[48;2;244;223;184m▄[38;2;221;197;160m[48;2;239;221;172m▄[38;2;218;191;159m[48;2;218;198;170m▄[38;2;219;193;160m[48;2;220;200;173m▄[38;2;212;191;164m[48;2;220;202;175m▄[38;2;219;193;151m[48;2;230;211;184m▄[38;2;240;217;166m[48;2;233;218;175m▄[38;2;197;159;145m[48;2;215;198;144m▄[38;2;136;104;98m[48;2;255;242;195m▄[38;2;149;93;99m[48;2;255;241;202m▄[38;2;134;82;87m[48;2;255;238;200m▄[38;2;104;53;61m[48;2;252;232;194m▄[38;2;126;85;99m[48;2;251;228;187m▄[38;2;160;123;138m[48;2;222;204;167m▄[38;2;107;84;102m[48;2;158;147;127m▄[38;2;75;76;89m[48;2;96;71;58m▄[38;2;60;75;87m[48;2;73;44;28m▄[38;2;66;62;57m[48;2;109;72;46m▄[38;2;131;99;87m[48;2;129;90;62m▄[38;2;127;105;92m[48;2;190;166;123m▄[38;2;79;86;83m[48;2;214;197;140m▄[38;2;94;98;90m[48;2;195;175;119m▄[38;2;112;110;108m[48;2;233;209;156m▄[38;2;17;35;69m[48;2;122;130;141m▄[38;2;0;0;14m[48;2;29;32;53m▄[38;2;167;155;126m[48;2;185;172;145m▄[38;2;255;238;183m[48;2;254;240;197m▄[38;2;240;225;177m[48;2;244;229;189m▄[38;2;242;227;184m[48;2;243;230;190m▄[38;2;244;229;190m[48;2;244;230;192m▄[38;2;243;229;190m[48;2;244;231;194m▄[38;2;249;234;189m[48;2;245;230;190m▄[38;2;242;226;174m[48;2;249;237;191m▄[38;2;204;184;136m[48;2;238;212;167m▄[38;2;204;191;156m[48;2;186;133;105m▄[38;2;159;148;134m[48;2;159;106;88m▄[38;2;160;151;149m[48;2;166;122;103m▄[38;2;131;132;136m[48;2;153;126;107m▄[38;2;124;121;110m[48;2;169;142;113m▄[38;2;145;133;102m[48;2;224;198;156m▄[38;2;225;204;146m[48;2;255;238;187m▄[38;2;178;154;99m[48;2;211;190;140m▄[38;2;125;103;86m[48;2;189;150;103m▄[38;2;110;94;73m[48;2;151;125;74m▄[38;2;125;111;73m[48;2;135;123;74m▄[38;2;117;108;60m[48;2;132;120;87m▄[38;2;80;77;65m[48;2;188;162;140m▄[38;2;55;57;57m[48;2;221;202;173m▄[38;2;15;28;47m[48;2;121;107;88m▄[38;2;6;26;49m[48;2;70;61;59m▄[38;2;54;52;53m[48;2;183;165;147m▄[38;2;216;188;151m[48;2;224;205;176m▄[38;2;216;192;159m[48;2;214;195;165m▄[38;2;214;189;158m[48;2;212;190;161m▄[38;2;217;192;158m[48;2;208;185;153m▄[38;2;218;192;163m[48;2;225;197;163m▄[0m
[38;2;45;52;52m[48;2;52;63;61m▄[38;2;54;59;60m[48;2;72;74;73m▄[38;2;89;85;58m[48;2;147;128;110m▄[38;2;71;72;52m[48;2;192;173;124m▄[38;2;78;63;51m[48;2;164;150;118m▄[38;2;113;79;47m[48;2;154;139;119m▄[38;2;76;69;60m[48;2;154;138;120m▄[38;2;40;51;65m[48;2;154;139;120m▄[38;2;90;81;62m[48;2;184;164;132m▄[38;2;181;162;102m[48;2;156;138;84m▄[38;2;129;111;74m[48;2;165;133;89m▄[38;2;33;13;20m[48;2;94;39;58m▄[38;2;28;16;18m[48;2;22;4;15m▄[38;2;53;30;41m[48;2;81;22;49m▄[38;2;40;12;18m[48;2;59;9;29m▄[38;2;15;37;55m[48;2;13;15;30m▄[38;2;4;34;62m[48;2;17;51;85m▄[38;2;0;9;31m[48;2;1;23;55m▄[38;2;2;6;15m[48;2;17;4;17m▄[38;2;36;5;5m[48;2;41;4;12m▄[38;2;21;5;17m[48;2;18;14;33m▄[38;2;7;21;34m[48;2;6;25;37m▄[38;2;10;22;25m[48;2;0;8;19m▄[38;2;66;63;52m[48;2;13;0;14m▄[38;2;206;186;132m[48;2;29;30;37m▄[38;2;189;171;119m[48;2;33;39;46m▄[38;2;181;163;112m[48;2;36;41;43m▄[38;2;178;161;106m[48;2;46;45;41m▄[38;2;178;159;103m[48;2;72;69;57m▄[38;2;168;151;101m[48;2;199;184;142m▄[38;2;172;153;103m[48;2;220;205;158m▄[38;2;187;167;114m[48;2;212;199;153m▄[38;2;187;169;117m[48;2;213;199;155m▄[38;2;188;172;121m[48;2;216;202;162m▄[38;2;183;168;116m[48;2;224;210;167m▄[38;2;159;134;105m[48;2;204;191;155m▄[38;2;86;71;91m[48;2;85;79;84m▄[38;2;59;63;103m[48;2;40;40;61m▄[38;2;53;55;97m[48;2;35;42;73m▄[38;2;47;49;74m[48;2;41;53;75m▄[38;2;34;42;43m[48;2;21;31;34m▄[38;2;28;29;24m[48;2;36;32;21m▄[38;2;20;28;29m[48;2;13;19;18m▄[38;2;146;134;90m[48;2;0;7;10m▄[38;2;195;172;110m[48;2;169;154;109m▄[38;2;179;161;104m[48;2;203;182;118m▄[38;2;183;164;103m[48;2;97;86;53m▄[38;2;177;159;98m[48;2;113;103;76m▄[38;2;169;152;90m[48;2;89;79;48m▄[38;2;172;152;103m[48;2;64;63;34m▄[38;2;152;128;96m[48;2;57;56;43m▄[38;2;85;76;45m[48;2;27;36;46m▄[38;2;36;38;35m[48;2;30;39;49m▄[38;2;112;94;82m[48;2;15;28;41m▄[38;2;85;68;55m[48;2;49;48;44m▄[38;2;58;50;30m[48;2;173;151;104m▄[38;2;50;53;40m[48;2;144;129;108m▄[38;2;34;45;49m[48;2;138;124;104m▄[38;2;43;54;56m[48;2;142;127;106m▄[38;2;39;47;50m[48;2;130;117;107m▄[0m
[38;2;147;127;87m[48;2;101;92;78m▄[38;2;143;127;81m[48;2;115;104;75m▄[38;2;61;62;53m[48;2;103;93;63m▄[38;2;47;50;47m[48;2;107;88;60m▄[38;2;48;47;41m[48;2;109;89;62m▄[38;2;41;38;34m[48;2;100;87;71m▄[38;2;109;95;59m[48;2;58;58;49m▄[38;2;132;117;71m[48;2;41;48;52m▄[38;2;164;144;96m[48;2;14;23;34m▄[38;2;178;159;109m[48;2;128;113;90m▄[38;2;111;73;54m[48;2;104;78;54m▄[38;2;24;5;6m[48;2;6;9;12m▄[38;2;16;1;3m[48;2;11;11;9m▄[38;2;8;0;0m[48;2;3;10;8m▄[38;2;4;0;5m[48;2;17;8;8m▄[38;2;0;27;58m[48;2;16;38;59m▄[38;2;0;15;50m[48;2;2;27;57m▄[38;2;0;0;14m[48;2;1;10;30m▄[38;2;0;0;4m[48;2;3;5;8m▄[38;2;0;0;24m[48;2;5;9;15m▄[38;2;0;3;31m[48;2;1;11;33m▄[38;2;0;10;20m[48;2;4;14;27m▄[38;2;1;11;17m[48;2;6;15;17m▄[38;2;19;21;18m[48;2;78;70;49m▄[38;2;186;164;113m[48;2;243;219;159m▄[38;2;199;176;120m[48;2;221;198;138m▄[38;2;194;172;116m[48;2;200;178;119m▄[38;2;188;167;108m[48;2;177;157;100m▄[38;2;180;160;103m[48;2;162;144;89m▄[38;2;179;159;104m[48;2;157;142;90m▄[38;2;177;159;106m[48;2;160;144;92m▄[38;2;176;157;107m[48;2;180;159;105m▄[38;2;179;160;110m[48;2;203;182;128m▄[38;2;191;171;120m[48;2;227;205;150m▄[38;2;192;173;122m[48;2;190;171;129m▄[38;2;178;161;107m[48;2;195;157;124m▄[38;2;111;99;65m[48;2;176;135;103m▄[38;2;9;6;6m[48;2;108;81;71m▄[38;2;2;3;7m[48;2;107;81;76m▄[38;2;0;0;1m[48;2;116;96;98m▄[38;2;0;0;0m[48;2;95;97;98m▄[38;2;33;38;30m[48;2;38;42;31m▄[38;2;170;152;104m[48;2;144;133;97m▄[38;2;201;178;124m[48;2;244;220;158m▄[38;2;195;175;123m[48;2;235;213;156m▄[38;2;195;174;121m[48;2;233;211;154m▄[38;2;196;175;122m[48;2;233;210;152m▄[38;2;196;175;117m[48;2;232;209;150m▄[38;2;199;176;115m[48;2;234;211;150m▄[38;2;192;168;108m[48;2;225;199;136m▄[38;2;180;159;102m[48;2;151;129;86m▄[38;2;181;158;101m[48;2;112;90;46m▄[38;2;206;178;117m[48;2;153;125;95m▄[38;2;145;124;74m[48;2;148;123;97m▄[38;2;41;40;34m[48;2;89;69;50m▄[38;2;76;71;64m[48;2;70;46;31m▄[38;2;100;90;70m[48;2;85;72;44m▄[38;2;125;111;71m[48;2;78;77;61m▄[38;2;97;91;77m[48;2;75;76;75m▄[38;2;61;61;55m[48;2;47;52;48m▄[0m
[38;2;40;41;43m[48;2;74;72;49m▄[38;2;61;63;60m[48;2;49;54;48m▄[38;2;58;56;52m[48;2;29;40;47m▄[38;2;52;51;52m[48;2;27;39;47m▄[38;2;58;62;65m[48;2;41;48;55m▄[38;2;62;70;74m[48;2;56;58;57m▄[38;2;68;73;75m[48;2;87;83;66m▄[38;2;103;99;74m[48;2;116;105;73m▄[38;2;70;75;70m[48;2;159;141;101m▄[38;2;61;71;78m[48;2;158;150;123m▄[38;2;74;84;89m[48;2;146;139;117m▄[38;2;84;95;101m[48;2;78;71;67m▄[38;2;93;90;74m[48;2;66;55;51m▄[38;2;159;143;86m[48;2;94;78;51m▄[38;2;177;164;107m[48;2;94;80;54m▄[38;2;186;167;108m[48;2;89;91;74m▄[38;2;205;182;115m[48;2;89;88;72m▄[38;2;214;192;121m[48;2;90;83;59m▄[38;2;202;178;113m[48;2;93;87;62m▄[38;2;172;150;94m[48;2;99;92;68m▄[38;2;149;130;81m[48;2;104;97;69m▄[38;2;163;144;94m[48;2;107;101;70m▄[38;2;201;181;120m[48;2;99;95;66m▄[38;2;204;184;118m[48;2;101;95;63m▄[38;2;187;169;107m[48;2;188;168;112m▄[38;2;184;166;105m[48;2;204;182;121m▄[38;2;186;168;106m[48;2;201;180;120m▄[38;2;185;166;105m[48;2;203;180;120m▄[38;2;186;167;106m[48;2;204;181;120m▄[38;2;187;169;108m[48;2;205;181;120m▄[38;2;184;167;111m[48;2;204;181;121m▄[38;2;180;165;110m[48;2;204;181;126m▄[38;2;178;162;106m[48;2;203;181;127m▄[38;2;181;166;110m[48;2;203;184;130m▄[38;2;183;168;112m[48;2;203;185;131m▄[38;2;185;171;114m[48;2;187;168;110m▄[38;2;186;171;110m[48;2;143;128;81m▄[38;2;191;173;109m[48;2;110;96;60m▄[38;2;195;171;104m[48;2;106;96;59m▄[38;2;205;180;118m[48;2;92;88;54m▄[38;2;204;180;122m[48;2;87;83;53m▄[38;2;198;176;114m[48;2;78;76;49m▄[38;2;187;166;99m[48;2;110;102;66m▄[38;2;171;151;89m[48;2;193;174;120m▄[38;2;167;147;86m[48;2;196;177;123m▄[38;2;158;142;87m[48;2;192;174;122m▄[38;2;143;129;70m[48;2;191;173;119m▄[38;2;80;78;59m[48;2;164;153;118m▄[38;2;70;79;89m[48;2;150;143;121m▄[38;2;73;79;86m[48;2;148;141;117m▄[38;2;77;79;79m[48;2;166;153;117m▄[38;2;98;95;72m[48;2;162;149;113m▄[38;2;66;72;73m[48;2;153;145;120m▄[38;2;61;70;77m[48;2;133;125;93m▄[38;2;76;82;83m[48;2;59;63;61m▄[38;2;78;84;85m[48;2;62;70;72m▄[38;2;78;84;86m[48;2;67;73;76m▄[38;2;86;86;79m[48;2;92;87;65m▄[38;2;100;97;72m[48;2;75;77;63m▄[38;2;80;85;79m[48;2;64;70;73m▄[0m
[38;2;154;138;116m[48;2;56;60;60m▄[38;2;86;88;81m[48;2;61;63;61m▄[38;2;55;62;62m[48;2;79;69;59m▄[38;2;121;106;92m[48;2;135;109;87m▄[38;2;123;111;99m[48;2;67;63;56m▄[38;2;205;186;151m[48;2;65;68;67m▄[38;2;221;206;167m[48;2;115;108;79m▄[38;2;200;187;165m[48;2;100;97;79m▄[38;2;203;189;168m[48;2;84;87;87m▄[38;2;204;191;172m[48;2;93;96;95m▄[38;2;188;174;146m[48;2;92;95;96m▄[38;2;169;139;86m[48;2;139;128;101m▄[38;2;229;210;158m[48;2;161;144;93m▄[38;2;229;213;167m[48;2;173;154;99m▄[38;2;229;214;167m[48;2;182;164;108m▄[38;2;242;228;179m[48;2;196;176;118m▄[38;2;167;152;120m[48;2;156;135;88m▄[38;2;12;10;6m[48;2;68;57;36m▄[38;2;0;0;0m[48;2;28;22;15m▄[38;2;4;0;0m[48;2;0;0;0m▄[38;2;47;28;19m[48;2;0;0;0m▄[38;2;103;66;52m[48;2;18;11;10m▄[38;2;117;79;62m[48;2;128;109;78m▄[38;2;212;186;141m[48;2;211;190;127m▄[38;2;223;204;146m[48;2;195;175;117m▄[38;2;204;183;130m[48;2;197;178;123m▄[38;2;199;181;131m[48;2;197;179;125m▄[38;2;217;200;156m[48;2;193;177;124m▄[38;2;230;216;177m[48;2;191;174;121m▄[38;2;229;216;176m[48;2;193;176;122m▄[38;2;229;214;172m[48;2;192;174;120m▄[38;2;227;211;169m[48;2;188;170;115m▄[38;2;226;211;166m[48;2;187;167;111m▄[38;2;227;211;169m[48;2;190;169;112m▄[38;2;230;213;169m[48;2;194;174;115m▄[38;2;235;218;168m[48;2;194;174;112m▄[38;2;224;195;153m[48;2;198;172;118m▄[38;2;197;149;122m[48;2;181;146;103m▄[38;2;171;132;114m[48;2;195;164;130m▄[38;2;159;129;106m[48;2;188;167;143m▄[38;2;154;127;100m[48;2;182;166;144m▄[38;2;155;130;105m[48;2;177;160;136m▄[38;2;155;129;108m[48;2;182;162;120m▄[38;2;209;189;142m[48;2;184;162;100m▄[38;2;225;207;153m[48;2;176;155;93m▄[38;2;227;208;152m[48;2;170;149;88m▄[38;2;201;181;118m[48;2;164;144;86m▄[38;2;177;155;89m[48;2;152;136;85m▄[38;2;130;114;70m[48;2;131;121;92m▄[38;2;150;133;124m[48;2;103;103;103m▄[38;2;210;193;170m[48;2;100;102;103m▄[38;2;206;190;167m[48;2;111;106;91m▄[38;2;214;191;143m[48;2;124;118;86m▄[38;2;196;173;131m[48;2;91;95;90m▄[38;2;204;186;159m[48;2;82;86;84m▄[38;2;191;176;150m[48;2;85;89;85m▄[38;2;193;174;149m[48;2;85;88;83m▄[38;2;192;172;145m[48;2;82;84;83m▄[38;2;188;169;145m[48;2;98;95;81m▄[38;2;220;196;154m[48;2;121;116;84m▄[0m
[38;2;45;56;58m[48;2;92;91;81m▄[38;2;58;65;64m[48;2;72;82;80m▄[38;2;136;116;104m[48;2;75;77;77m▄[38;2;228;199;159m[48;2;181;158;142m▄[38;2;245;224;164m[48;2;244;224;185m▄[38;2;221;198;159m[48;2;239;220;172m▄[38;2;217;192;159m[48;2;218;198;170m▄[38;2;218;193;160m[48;2;220;201;173m▄[38;2;213;191;163m[48;2;221;201;176m▄[38;2;218;193;150m[48;2;231;211;185m▄[38;2;244;223;170m[48;2;232;217;173m▄[38;2;205;166;151m[48;2;214;196;142m▄[38;2;136;103;101m[48;2;255;241;195m▄[38;2;143;90;95m[48;2;255;240;200m▄[38;2;134;81;87m[48;2;255;237;199m▄[38;2;103;52;60m[48;2;251;229;192m▄[38;2;118;78;93m[48;2;251;227;188m▄[38;2;159;119;133m[48;2;232;211;171m▄[38;2;112;87;106m[48;2;170;160;139m▄[38;2;76;77;91m[48;2;109;83;70m▄[38;2;66;79;92m[48;2;73;43;28m▄[38;2;60;58;55m[48;2;103;66;42m▄[38;2;116;90;81m[48;2;125;84;58m▄[38;2;121;96;91m[48;2;171;144;106m▄[38;2;61;68;73m[48;2;214;199;142m▄[38;2;69;76;78m[48;2;195;176;121m▄[38;2;90;89;90m[48;2;223;199;147m▄[38;2;115;113;110m[48;2;253;231;180m▄[38;2;117;116;109m[48;2;255;246;199m▄[38;2;121;121;115m[48;2;255;245;198m▄[38;2;130;130;126m[48;2;255;243;196m▄[38;2;134;134;131m[48;2;255;244;198m▄[38;2;138;139;137m[48;2;255;244;199m▄[38;2;138;139;139m[48;2;255;245;201m▄[38;2;155;153;150m[48;2;255;243;201m▄[38;2;210;190;156m[48;2;251;239;197m▄[38;2;213;182;136m[48;2;253;242;195m▄[38;2;178;147;106m[48;2;223;184;146m▄[38;2;177;159;128m[48;2;169;112;91m▄[38;2;155;142;132m[48;2;160;108;89m▄[38;2;154;146;147m[48;2;160;121;102m▄[38;2;125;128;131m[48;2;150;125;104m▄[38;2;121;119;104m[48;2;184;156;124m▄[38;2;142;130;99m[48;2;249;226;179m▄[38;2;231;210;151m[48;2;254;237;185m▄[38;2;177;153;99m[48;2;212;191;140m▄[38;2;125;103;85m[48;2;190;151;103m▄[38;2;111;93;74m[48;2;151;125;75m▄[38;2;126;111;73m[48;2;135;123;73m▄[38;2;117;108;60m[48;2;132;120;86m▄[38;2;80;77;65m[48;2;188;162;140m▄[38;2;55;59;58m[48;2;221;202;174m▄[38;2;15;28;47m[48;2;122;108;90m▄[38;2;8;27;49m[48;2;69;59;57m▄[38;2;51;49;51m[48;2;180;162;144m▄[38;2;214;186;150m[48;2;224;206;176m▄[38;2;217;192;160m[48;2;214;195;165m▄[38;2;214;189;158m[48;2;211;190;161m▄[38;2;218;192;159m[48;2;208;184;154m▄[38;2;216;191;162m[48;2;225;198;163m▄[0m
[38;2;43;52;54m[48;2;52;63;63m▄[38;2;55;59;61m[48;2;73;74;75m▄[38;2;88;85;59m[48;2;147;128;111m▄[38;2;70;72;52m[48;2;192;173;124m▄[38;2;78;63;52m[48;2;164;150;118m▄[38;2;114;78;47m[48;2;153;140;118m▄[38;2;75;69;60m[48;2;153;139;119m▄[38;2;39;51;64m[48;2;153;139;119m▄[38;2;90;81;62m[48;2;184;164;130m▄[38;2;180;161;102m[48;2;153;133;81m▄[38;2;140;124;80m[48;2;178;149;98m▄[38;2;35;17;20m[48;2;115;58;74m▄[38;2;28;16;18m[48;2;22;3;17m▄[38;2;50;30;41m[48;2;79;22;47m▄[38;2;41;14;20m[48;2;64;12;32m▄[38;2;17;38;59m[48;2;15;16;32m▄[38;2;4;33;62m[48;2;15;50;83m▄[38;2;0;10;32m[48;2;0;24;55m▄[38;2;2;6;15m[48;2;19;4;17m▄[38;2;37;5;5m[48;2;41;4;13m▄[38;2;21;6;18m[48;2;18;13;33m▄[38;2;8;22;35m[48;2;9;28;39m▄[38;2;13;24;26m[48;2;0;12;21m▄[38;2;56;55;46m[48;2;9;0;12m▄[38;2;206;186;133m[48;2;50;41;40m▄[38;2;196;178;124m[48;2;60;62;57m▄[38;2;185;168;115m[48;2;57;59;54m▄[38;2;181;164;108m[48;2;56;57;50m▄[38;2;181;161;104m[48;2;60;61;53m▄[38;2;182;164;108m[48;2;70;71;64m▄[38;2;191;170;114m[48;2;86;86;76m▄[38;2;205;183;124m[48;2;102;101;86m▄[38;2;204;184;126m[48;2;115;112;95m▄[38;2;204;186;130m[48;2;123;119;101m▄[38;2;201;185;128m[48;2;147;140;117m▄[38;2;162;142;108m[48;2;190;176;142m▄[38;2;74;65;90m[48;2;86;72;72m▄[38;2;50;57;102m[48;2;41;37;53m▄[38;2;46;50;94m[48;2;44;50;75m▄[38;2;49;53;79m[48;2;43;55;75m▄[38;2;35;43;42m[48;2;19;27;30m▄[38;2;29;30;27m[48;2;40;33;23m▄[38;2;30;37;35m[48;2;4;13;17m▄[38;2;166;151;98m[48;2;11;20;19m▄[38;2;192;170;108m[48;2;188;171;121m▄[38;2;180;161;104m[48;2;201;180;116m▄[38;2;183;163;103m[48;2;96;86;53m▄[38;2;177;159;98m[48;2;114;103;76m▄[38;2;169;153;91m[48;2;89;78;48m▄[38;2;172;152;104m[48;2;65;62;33m▄[38;2;153;129;97m[48;2;57;56;43m▄[38;2;85;77;45m[48;2;28;37;47m▄[38;2;36;38;35m[48;2;31;39;49m▄[38;2;112;95;81m[48;2;15;28;41m▄[38;2;85;70;54m[48;2;47;46;43m▄[38;2;59;50;30m[48;2;171;149;103m▄[38;2;49;53;41m[48;2;143;129;108m▄[38;2;34;45;49m[48;2;138;125;105m▄[38;2;44;54;57m[48;2;143;127;107m▄[38;2;38;47;49m[48;2;128;116;106m▄[0m
[38;2;134;112;72m[48;2;101;92;78m▄[38;2;128;112;66m[48;2;114;104;73m▄[38;2;46;50;43m[48;2;103;93;63m▄[38;2;35;40;39m[48;2;107;88;61m▄[38;2;37;38;34m[48;2;108;88;62m▄[38;2;33;31;28m[48;2;99;87;70m▄[38;2;101;89;53m[48;2;58;58;49m▄[38;2;127;112;64m[48;2;41;47;50m▄[38;2;159;139;89m[48;2;13;23;34m▄[38;2;173;155;105m[48;2;132;117;93m▄[38;2;116;79;58m[48;2;123;95;68m▄[38;2;16;0;0m[48;2;7;8;13m▄[38;2;8;0;0m[48;2;13;11;10m▄[38;2;6;0;0m[48;2;3;10;9m▄[38;2;7;1;7m[48;2;17;10;12m▄[38;2;9;39;68m[48;2;17;39;63m▄[38;2;1;25;55m[48;2;3;26;55m▄[38;2;0;4;17m[48;2;1;10;30m▄[38;2;2;5;12m[48;2;4;6;8m▄[38;2;0;12;34m[48;2;5;9;17m▄[38;2;2;16;41m[48;2;1;11;34m▄[38;2;12;22;28m[48;2;5;15;28m▄[38;2;7;15;18m[48;2;6;16;18m▄[38;2;22;21;15m[48;2;79;71;49m▄[38;2;189;165;110m[48;2;242;220;159m▄[38;2;201;177;116m[48;2;219;197;138m▄[38;2;197;173;113m[48;2;199;177;119m▄[38;2;191;167;105m[48;2;176;156;98m▄[38;2;184;161;101m[48;2;161;143;90m▄[38;2;183;161;103m[48;2;157;142;90m▄[38;2;184;161;104m[48;2;160;144;93m▄[38;2;183;159;106m[48;2;180;159;106m▄[38;2;185;161;108m[48;2;204;182;128m▄[38;2;192;170;117m[48;2;227;206;150m▄[38;2;190;169;118m[48;2;196;175;133m▄[38;2;175;155;99m[48;2;192;154;123m▄[38;2;108;96;63m[48;2;173;131;104m▄[38;2;16;10;13m[48;2;117;87;80m▄[38;2;5;4;10m[48;2;118;86;80m▄[38;2;0;0;5m[48;2;122;102;103m▄[38;2;0;0;0m[48;2;81;84;86m▄[38;2;29;35;28m[48;2;38;41;31m▄[38;2;164;147;99m[48;2;175;160;117m▄[38;2;205;182;126m[48;2;246;222;160m▄[38;2;200;180;123m[48;2;233;212;156m▄[38;2;196;176;120m[48;2;233;211;155m▄[38;2;196;175;119m[48;2;232;210;152m▄[38;2;190;169;110m[48;2;231;209;149m▄[38;2;192;171;113m[48;2;233;211;150m▄[38;2;181;159;103m[48;2;224;199;136m▄[38;2;175;153;98m[48;2;152;129;87m▄[38;2;184;159;101m[48;2;112;90;47m▄[38;2;208;179;117m[48;2;152;126;94m▄[38;2;146;125;72m[48;2;147;123;96m▄[38;2;43;41;32m[48;2;89;69;49m▄[38;2;76;71;62m[48;2;70;47;31m▄[38;2;96;85;67m[48;2;85;71;44m▄[38;2;123;107;67m[48;2;79;77;61m▄[38;2;94;87;73m[48;2;76;76;74m▄[38;2;54;55;50m[48;2;46;52;48m▄[0m
[38;2;182;178;160m[48;2;167;165;140m▄[38;2;221;218;198m[48;2;156;158;145m▄[38;2;213;208;189m[48;2;124;126;118m▄[38;2;190;180;157m[48;2;113;115;108m▄[38;2;174;163;144m[48;2;110;110;105m▄[38;2;174;163;146m[48;2;106;104;98m▄[38;2;160;152;137m[48;2;140;130;104m▄[38;2;138;136;129m[48;2;157;144;112m▄[38;2;139;136;131m[48;2;193;174;141m▄[38;2;143;138;132m[48;2;211;198;164m▄[38;2;162;161;152m[48;2;206;195;165m▄[38;2;220;223;211m[48;2;157;147;133m▄[38;2;192;196;183m[48;2;144;133;125m▄[38;2;102;102;94m[48;2;135;123;114m▄[38;2;37;36;33m[48;2;101;93;88m▄[38;2;1;0;0m[48;2;37;47;56m▄[38;2;0;0;0m[48;2;26;31;39m▄[38;2;0;1;0m[48;2;44;43;43m▄[38;2;0;0;0m[48;2;20;21;24m▄[38;2;0;0;0m[48;2;23;25;30m▄[38;2;0;0;0m[48;2;25;27;29m▄[38;2;0;0;0m[48;2;44;45;42m▄[38;2;22;21;18m[48;2;84;86;80m▄[38;2;104;101;85m[48;2;103;103;94m▄[38;2;154;162;145m[48;2;180;170;138m▄[38;2;137;148;133m[48;2;192;182;145m▄[38;2;128;144;131m[48;2;188;178;142m▄[38;2;116;143;132m[48;2;189;179;142m▄[38;2;106;146;136m[48;2;189;178;140m▄[38;2;95;154;149m[48;2;183;176;139m▄[38;2;74;167;156m[48;2;171;173;136m▄[38;2;65;163;153m[48;2;170;173;138m▄[38;2;94;168;156m[48;2;169;175;142m▄[38;2;181;180;158m[48;2;192;188;154m▄[38;2;183;172;144m[48;2;209;195;155m▄[38;2;180;169;141m[48;2;189;175;129m▄[38;2;146;126;97m[48;2;141;125;90m▄[38;2;131;116;86m[48;2;88;76;51m▄[38;2;163;147;117m[48;2;106;96;75m▄[38;2;160;143;111m[48;2;89;86;67m▄[38;2;137;119;87m[48;2;69;67;53m▄[38;2;159;140;111m[48;2;74;71;62m▄[38;2;140;121;95m[48;2;106;97;80m▄[38;2;93;80;57m[48;2;166;150;112m▄[38;2;95;82;61m[48;2;174;155;119m▄[38;2;117;100;83m[48;2;186;166;131m▄[38;2;136;121;98m[48;2;193;175;136m▄[38;2;168;155;133m[48;2;209;192;155m▄[38;2;150;135;111m[48;2;193;177;139m▄[38;2;188;176;157m[48;2;216;201;166m▄[38;2;198;190;175m[48;2;185;173;142m▄[38;2;134;137;135m[48;2;135;135;118m▄[38;2;49;70;93m[48;2;138;141;124m▄[38;2;37;65;94m[48;2;122;122;100m▄[38;2;52;75;98m[48;2;45;59;66m▄[38;2;55;77;94m[48;2;61;76;80m▄[38;2;73;124;115m[48;2;94;102;93m▄[38;2;72;135;120m[48;2;107;108;87m▄[38;2;69;129;117m[48;2;102;108;90m▄[38;2;77;142;128m[48;2;104;112;105m▄[0m
[38;2;129;125;103m[48;2;136;127;98m▄[38;2;132;136;111m[48;2;147;143;115m▄[38;2;118;124;105m[48;2;149;144;120m▄[38;2;130;133;123m[48;2;142;140;110m▄[38;2;190;180;152m[48;2;177;168;135m▄[38;2;156;147;122m[48;2;166;158;125m▄[38;2;156;162;135m[48;2;178;175;138m▄[38;2;200;192;152m[48;2;111;108;96m▄[38;2;117;121;115m[48;2;66;71;85m▄[38;2;89;107;119m[48;2;81;82;94m▄[38;2;94;111;119m[48;2;90;88;95m▄[38;2;89;102;113m[48;2;102;103;102m▄[38;2;21;29;26m[48;2;17;23;15m▄[38;2;0;0;0m[48;2;0;0;0m▄[38;2;0;0;0m[48;2;0;0;0m▄[38;2;71;45;36m[48;2;10;7;6m▄[38;2;123;83;65m[48;2;25;17;14m▄[38;2;110;75;63m[48;2;32;22;19m▄[38;2;103;69;60m[48;2;38;27;25m▄[38;2;108;73;56m[48;2;39;29;24m▄[38;2;115;72;47m[48;2;51;35;28m▄[38;2;155;112;86m[48;2;86;70;61m▄[38;2;123;91;73m[48;2;26;22;20m▄[38;2;34;32;23m[48;2;19;16;7m▄[38;2;101;104;83m[48;2;112;111;84m▄[38;2;129;125;92m[48;2;129;125;91m▄[38;2;107;150;135m[48;2;102;140;124m▄[38;2;102;164;156m[48;2;93;156;148m▄[38;2;105;167;156m[48;2;98;162;151m▄[38;2;116;178;176m[48;2;111;174;173m▄[38;2;150;212;204m[48;2;146;214;206m▄[38;2;160;209;198m[48;2;148;212;201m▄[38;2;199;184;160m[48;2;183;192;173m▄[38;2;151;126;92m[48;2;184;161;128m▄[38;2;169;154;126m[48;2;179;166;136m▄[38;2;154;137;111m[48;2;169;153;127m▄[38;2;134;117;90m[48;2;127;110;83m▄[38;2;137;117;89m[48;2;134;117;89m▄[38;2;141;124;97m[48;2;139;124;97m▄[38;2;137;121;91m[48;2;141;125;96m▄[38;2;133;111;84m[48;2;134;116;89m▄[38;2;146;126;99m[48;2;147;130;103m▄[38;2;100;80;54m[48;2;107;87;60m▄[38;2;82;67;42m[48;2;96;80;54m▄[38;2;96;81;57m[48;2;90;76;52m▄[38;2;72;56;34m[48;2;95;80;58m▄[38;2;89;74;51m[48;2;112;97;74m▄[38;2;95;75;52m[48;2;113;97;71m▄[38;2;98;80;53m[48;2;125;105;77m▄[38;2;125;107;77m[48;2;152;134;105m▄[38;2;138;121;89m[48;2;183;170;143m▄[38;2;196;180;150m[48;2;213;200;177m▄[38;2;185;170;147m[48;2;160;154;144m▄[38;2;80;92;102m[48;2;61;81;96m▄[38;2;51;75;94m[48;2;49;74;96m▄[38;2;53;75;92m[48;2;49;67;87m▄[38;2;49;66;83m[48;2;44;96;105m▄[38;2;86;133;134m[48;2;100;187;178m▄[38;2;124;207;194m[48;2;105;192;182m▄[38;2;126;217;204m[48;2;110;204;194m▄[0m
[38;2;134;122;94m[48;2;151;136;105m▄[38;2;122;113;96m[48;2;141;132;110m▄[38;2;110;103;88m[48;2;111;108;94m▄[38;2;127;117;100m[48;2;117;116;98m▄[38;2;173;159;125m[48;2;181;171;137m▄[38;2;152;139;103m[48;2;162;150;122m▄[38;2;188;175;142m[48;2;142;139;120m▄[38;2;197;183;154m[48;2;176;176;146m▄[38;2;212;190;148m[48;2;186;178;145m▄[38;2;160;146;126m[48;2;93;95;100m▄[38;2;92;99;111m[48;2;94;96;111m▄[38;2;92;92;106m[48;2;107;106;122m▄[38;2;106;104;121m[48;2;96;99;119m▄[38;2;102;95;108m[48;2;44;42;44m▄[38;2;106;75;65m[48;2;29;13;4m▄[38;2;127;104;82m[48;2;71;46;34m▄[38;2;108;80;62m[48;2;112;71;54m▄[38;2;93;57;39m[48;2;81;51;40m▄[38;2;91;57;41m[48;2;65;39;27m▄[38;2;95;56;41m[48;2;99;60;41m▄[38;2;102;59;39m[48;2;125;80;53m▄[38;2;111;62;35m[48;2;93;52;26m▄[38;2;156;100;64m[48;2;152;105;75m▄[38;2;136;121;97m[48;2;149;130;107m▄[38;2;97;99;83m[48;2;126;125;108m▄[38;2;128;124;95m[48;2;141;135;107m▄[38;2;103;146;130m[48;2;108;149;134m▄[38;2;96;157;150m[48;2;99;160;154m▄[38;2;103;164;156m[48;2;105;166;157m▄[38;2;103;172;166m[48;2;114;178;174m▄[38;2;133;192;182m[48;2;133;202;192m▄[38;2;189;188;168m[48;2;166;197;181m▄[38;2;162;132;100m[48;2;187;169;139m▄[38;2;99;77;48m[48;2;130;108;78m▄[38;2;159;144;116m[48;2;171;157;129m▄[38;2;160;144;115m[48;2;144;125;96m▄[38;2;111;96;66m[48;2;114;97;68m▄[38;2;111;92;65m[48;2;130;110;81m▄[38;2;137;118;92m[48;2;141;124;96m▄[38;2;132;117;90m[48;2;133;118;89m▄[38;2;100;84;59m[48;2;122;101;74m▄[38;2;126;107;80m[48;2;139;120;91m▄[38;2;113;92;64m[48;2;97;80;54m▄[38;2;84;68;46m[48;2;83;69;47m▄[38;2;95;81;60m[48;2;87;73;49m▄[38;2;98;84;59m[48;2;88;71;48m▄[38;2;69;54;32m[48;2;76;61;40m▄[38;2;99;84;62m[48;2;99;80;59m▄[38;2;117;103;79m[48;2;101;87;60m▄[38;2;151;134;108m[48;2;131;111;82m▄[38;2;109;85;57m[48;2;113;92;61m▄[38;2;143;117;83m[48;2;167;146;113m▄[38;2;151;127;112m[48;2;163;144;122m▄[38;2;75;89;103m[48;2;71;87;102m▄[38;2;56;78;96m[48;2;56;79;98m▄[38;2;59;80;97m[48;2;60;80;98m▄[38;2;59;81;97m[48;2;57;76;94m▄[38;2;55;73;90m[48;2;52;69;86m▄[38;2;60;82;94m[48;2;101;152;151m▄[38;2;92;129;139m[48;2;140;220;208m▄[0m
[38;2;122;100;87m[48;2;122;107;87m▄[38;2;125;107;82m[48;2;121;112;92m▄[38;2;83;84;85m[48;2;100;97;81m▄[38;2;82;85;71m[48;2;85;86;70m▄[38;2;79;78;62m[48;2;139;129;103m▄[38;2;122;112;91m[48;2;144;130;96m▄[38;2;188;168;127m[48;2;200;180;142m▄[38;2;204;182;140m[48;2;210;191;158m▄[38;2;195;169;125m[48;2;201;175;132m▄[38;2;140;129;91m[48;2;191;175;133m▄[38;2;169;158;116m[48;2;146;140;134m▄[38;2;113;106;93m[48;2;81;83;96m▄[38;2;78;82;86m[48;2;91;92;103m▄[38;2;91;87;91m[48;2;84;84;96m▄[38;2;88;79;84m[48;2;87;93;103m▄[38;2;83;94;102m[48;2;142;147;125m▄[38;2;132;141;141m[48;2;153;140;110m▄[38;2;164;153;145m[48;2;83;54;35m▄[38;2;138;124;114m[48;2;72;40;23m▄[38;2;52;38;30m[48;2;80;48;32m▄[38;2;38;22;13m[48;2;71;35;16m▄[38;2;170;160;142m[48;2;96;54;30m▄[38;2;66;63;67m[48;2;145;111;80m▄[38;2;96;42;49m[48;2;121;109;93m▄[38;2;130;64;72m[48;2;111;99;87m▄[38;2;138;69;74m[48;2;129;112;90m▄[38;2;79;53;60m[48;2;105;138;124m▄[38;2;17;48;64m[48;2;89;147;142m▄[38;2;32;57;74m[48;2;100;157;151m▄[38;2;46;75;93m[48;2;105;171;165m▄[38;2;69;108;121m[48;2;121;194;183m▄[38;2;71;127;133m[48;2;136;193;178m▄[38;2;97;144;140m[48;2;161;153;123m▄[38;2;151;135;108m[48;2;112;80;49m▄[38;2;148;119;88m[48;2;165;146;120m▄[38;2;127;109;84m[48;2;166;151;119m▄[38;2;129;113;92m[48;2;132;114;83m▄[38;2;125;110;89m[48;2;107;88;60m▄[38;2;134;120;98m[48;2;128;108;83m▄[38;2;140;124;101m[48;2;131;116;87m▄[38;2;105;92;73m[48;2;70;56;30m▄[38;2;102;92;76m[48;2;89;72;48m▄[38;2;101;89;74m[48;2;121;98;70m▄[38;2;90;79;62m[48;2;82;65;39m▄[38;2;96;86;66m[48;2;110;92;66m▄[38;2;127;113;90m[48;2;107;91;63m▄[38;2;110;96;74m[48;2;73;57;32m▄[38;2;115;102;79m[48;2;90;73;47m▄[38;2;132;117;94m[48;2;124;106;79m▄[38;2;117;102;78m[48;2;145;129;100m▄[38;2;115;98;74m[48;2;123;102;72m▄[38;2;121;105;90m[48;2;122;96;67m▄[38;2;71;82;93m[48;2;104;96;97m▄[38;2;53;74;90m[48;2;59;80;98m▄[38;2;53;72;87m[48;2;57;78;95m▄[38;2;49;69;83m[48;2;57;79;94m▄[38;2;56;74;88m[48;2;54;76;91m▄[38;2;79;93;102m[48;2;49;72;87m▄[38;2;111;118;123m[48;2;45;66;80m▄[38;2;148;150;149m[48;2;64;78;92m▄[0m
[38;2;30;33;30m[48;2;74;81;80m▄[38;2;38;45;42m[48;2;104;106;99m▄[38;2;52;55;53m[48;2;121;121;108m▄[38;2;45;48;44m[48;2;124;123;98m▄[38;2;52;55;52m[48;2;129;122;100m▄[38;2;61;65;56m[48;2;136;129;109m▄[38;2;108;98;74m[48;2;171;157;122m▄[38;2;114;104;88m[48;2;173;159;127m▄[38;2;100;91;77m[48;2;165;149;120m▄[38;2;87;56;60m[48;2;129;109;89m▄[38;2;36;39;66m[48;2;116;86;77m▄[38;2;23;22;41m[48;2;138;94;91m▄[38;2;65;31;38m[48;2;132;78;84m▄[38;2;63;32;36m[48;2;120;65;71m▄[38;2;83;26;33m[48;2;100;52;59m▄[38;2;59;19;27m[48;2;30;33;49m▄[38;2;0;7;21m[48;2;11;26;40m▄[38;2;4;16;17m[48;2;103;110;109m▄[38;2;42;49;47m[48;2;158;161;161m▄[38;2;118;124;123m[48;2;120;126;128m▄[38;2;41;47;56m[48;2;25;31;43m▄[38;2;11;18;27m[48;2;82;84;89m▄[38;2;8;21;33m[48;2;15;22;34m▄[38;2;47;15;27m[48;2;53;15;26m▄[38;2;59;16;23m[48;2;82;31;41m▄[38;2;55;15;23m[48;2;87;35;45m▄[38;2;51;16;22m[48;2;50;18;25m▄[38;2;7;9;15m[48;2;0;10;23m▄[38;2;4;11;18m[48;2;2;19;35m▄[38;2;25;40;50m[48;2;0;20;39m▄[38;2;25;45;57m[48;2;0;22;43m▄[38;2;22;42;55m[48;2;4;27;51m▄[38;2;16;36;48m[48;2;17;43;64m▄[38;2;5;27;40m[48;2;62;75;81m▄[38;2;2;23;37m[48;2;49;60;67m▄[38;2;15;35;45m[48;2;29;45;57m▄[38;2;51;75;83m[48;2;31;47;60m▄[38;2;104;129;137m[48;2;38;65;81m▄[38;2;139;154;159m[48;2;123;142;149m▄[38;2;128;140;142m[48;2;167;169;169m▄[38;2;113;125;127m[48;2;143;148;151m▄[38;2;102;114;116m[48;2;118;126;127m▄[38;2;92;105;105m[48;2;97;105;106m▄[38;2;94;105;105m[48;2;98;106;104m▄[38;2;109;119;117m[48;2;118;123;115m▄[38;2;131;138;128m[48;2;160;158;142m▄[38;2;160;163;149m[48;2;169;166;148m▄[38;2;178;180;162m[48;2;97;100;88m▄[38;2;168;163;145m[48;2;68;70;65m▄[38;2;125;113;95m[48;2;45;42;39m▄[38;2;78;64;47m[48;2;19;26;28m▄[38;2;71;59;42m[48;2;49;65;75m▄[38;2;86;70;56m[48;2;61;78;92m▄[38;2;94;78;69m[48;2;61;81;93m▄[38;2;125;111;101m[48;2;79;94;105m▄[38;2;159;146;134m[48;2;103;112;119m▄[38;2;166;156;140m[48;2;130;132;136m▄[38;2;165;156;139m[48;2;150;148;150m▄[38;2;167;158;140m[48;2;153;150;150m▄[38;2;180;170;151m[48;2;162;159;158m▄[0m
