[38;2;25;13;10m[48;2;17;10;7m▄[38;2;25;12;9m[48;2;28;19;15m▄[38;2;26;14;12m[48;2;28;17;15m▄[38;2;30;19;15m[48;2;27;17;13m▄[38;2;32;20;18m[48;2;28;17;15m▄[38;2;33;22;19m[48;2;25;15;13m▄[38;2;39;28;23m[48;2;25;13;11m▄[38;2;41;29;25m[48;2;27;15;13m▄[38;2;37;25;22m[48;2;34;23;21m▄[38;2;40;28;26m[48;2;42;32;28m▄[38;2;41;30;27m[48;2;32;21;19m▄[38;2;31;20;18m[48;2;17;7;5m▄[38;2;24;15;16m[48;2;27;13;9m▄[38;2;26;23;27m[48;2;59;38;36m▄[38;2;32;32;39m[48;2;38;34;34m▄[38;2;58;59;66m[48;2;77;73;73m▄[38;2;84;83;88m[48;2;92;88;90m▄[38;2;100;96;95m[48;2;88;81;83m▄[38;2;107;101;98m[48;2;57;48;54m▄[38;2;71;66;73m[48;2;57;42;52m▄[38;2;57;48;61m[48;2;83;56;63m▄[38;2;94;80;82m[48;2;67;50;57m▄[38;2;97;85;83m[48;2;57;52;59m▄[38;2;69;62;68m[48;2;56;57;61m▄[38;2;76;70;69m[48;2;48;48;56m▄[38;2;106;77;69m[48;2;75;44;52m▄[38;2;124;89;77m[48;2;83;56;59m▄[38;2;128;104;88m[48;2;102;92;84m▄[38;2;189;156;125m[48;2;123;110;88m▄[38;2;152;124;98m[48;2;90;84;69m▄[38;2;105;78;64m[48;2;73;59;50m▄[38;2;122;66;49m[48;2;77;42;32m▄[38;2;92;49;34m[48;2;108;65;42m▄[38;2;93;59;38m[48;2;166;112;61m▄[38;2;123;79;45m[48;2;187;127;63m▄[38;2;132;88;49m[48;2;189;135;61m▄[38;2;87;70;33m[48;2;185;142;44m▄[38;2;78;69;34m[48;2;129;113;32m▄[38;2;96;82;31m[48;2;79;81;27m▄[38;2;221;172;90m[48;2;197;160;90m▄[38;2;213;163;86m[48;2;185;144;83m▄[38;2;84;68;21m[48;2;63;57;21m▄[38;2;151;122;53m[48;2;135;123;54m▄[38;2;249;190;102m[48;2;218;169;92m▄[38;2;219;166;89m[48;2;193;146;77m▄[38;2;69;49;19m[48;2;48;38;23m▄[38;2;60;40;17m[48;2;28;27;19m▄[38;2;67;47;24m[48;2;23;23;15m▄[38;2;71;47;23m[48;2;25;17;13m▄[38;2;172;103;60m[48;2;141;83;56m▄[38;2;140;93;55m[48;2;57;36;23m▄[38;2;252;223;184m[48;2;202;187;156m▄[38;2;255;255;254m[48;2;254;254;235m▄[38;2;239;217;174m[48;2;229;212;183m▄[38;2;231;181;95m[48;2;175;106;67m▄[38;2;254;216;116m[48;2;181;115;77m▄[38;2;255;255;219m[48;2;245;231;200m▄[38;2;255;255;246m[48;2;254;253;226m▄[38;2;255;255;237m[48;2;254;249;224m▄[38;2;255;255;251m[48;2;254;254;243m▄[0m
[38;2;27;18;16m[48;2;86;66;51m▄[38;2;50;38;33m[48;2;75;56;44m▄[38;2;38;28;24m[48;2;31;20;17m▄[38;2;25;15;14m[48;2;24;13;12m▄[38;2;25;15;14m[48;2;24;14;12m▄[38;2;24;13;12m[48;2;27;17;15m▄[38;2;23;13;11m[48;2;29;18;16m▄[38;2;22;11;9m[48;2;31;20;17m▄[38;2;26;15;13m[48;2;31;21;18m▄[38;2;33;22;20m[48;2;33;22;21m▄[38;2;31;21;19m[48;2;29;20;17m▄[38;2;27;21;20m[48;2;29;21;19m▄[38;2;25;23;30m[48;2;26;21;25m▄[38;2;25;26;38m[48;2;24;23;32m▄[38;2;21;31;48m[48;2;26;30;43m▄[38;2;47;41;56m[48;2;32;38;50m▄[38;2;113;57;68m[48;2;40;49;59m▄[38;2;179;72;84m[48;2;61;63;71m▄[38;2;210;82;91m[48;2;92;82;85m▄[38;2;231;92;93m[48;2;98;84;86m▄[38;2;235;95;91m[48;2;68;58;66m▄[38;2;213;84;81m[48;2;67;62;69m▄[38;2;202;90;78m[48;2;68;62;62m▄[38;2;235;144;101m[48;2;163;129;94m▄[38;2;142;91;61m[48;2;219;170;111m▄[38;2;86;60;49m[48;2;228;185;122m▄[38;2;104;79;67m[48;2;221;175;124m▄[38;2;150;136;113m[48;2;185;163;131m▄[38;2;97;86;70m[48;2;141;114;91m▄[38;2;117;103;79m[48;2;181;151;118m▄[38;2;102;91;68m[48;2;116;94;75m▄[38;2;116;89;64m[48;2;121;75;57m▄[38;2;122;86;58m[48;2;66;32;22m▄[38;2;128;87;56m[48;2;64;42;36m▄[38;2;116;88;50m[48;2;65;51;33m▄[38;2;161;135;90m[48;2;107;83;53m▄[38;2;159;130;85m[48;2;210;182;121m▄[38;2;167;134;86m[48;2;226;198;132m▄[38;2;168;134;85m[48;2;228;199;100m▄[38;2;161;131;82m[48;2;246;218;64m▄[38;2;161;131;80m[48;2;246;215;59m▄[38;2;168;137;65m[48;2;238;206;35m▄[38;2;153;129;53m[48;2;246;213;37m▄[38;2;135;112;39m[48;2;255;220;45m▄[38;2;153;127;53m[48;2;253;214;41m▄[38;2;163;141;81m[48;2;241;194;85m▄[38;2;162;148;99m[48;2;249;203;122m▄[38;2;154;130;85m[48;2;244;180;90m▄[38;2;109;87;54m[48;2;240;167;82m▄[38;2;117;73;52m[48;2;236;148;84m▄[38;2;155;58;36m[48;2;255;187;121m▄[38;2;230;191;167m[48;2;255;220;182m▄[38;2;253;245;220m[48;2;255;251;226m▄[38;2;235;209;182m[48;2;216;194;162m▄[38;2;237;209;181m[48;2;184;157;122m▄[38;2;230;178;166m[48;2;206;176;153m▄[38;2;229;166;162m[48;2;243;217;204m▄[38;2;230;174;167m[48;2;244;222;209m▄[38;2;226;197;178m[48;2;235;219;200m▄[38;2;255;243;222m[48;2;251;245;224m▄[0m
[38;2;27;20;16m[48;2;25;20;16m▄[38;2;29;22;19m[48;2;26;19;16m▄[38;2;27;21;19m[48;2;26;19;16m▄[38;2;29;21;19m[48;2;28;20;17m▄[38;2;29;21;19m[48;2;27;19;16m▄[38;2;28;21;17m[48;2;27;18;15m▄[38;2;28;19;17m[48;2;26;16;14m▄[38;2;29;18;16m[48;2;24;14;13m▄[38;2;32;21;19m[48;2;28;17;15m▄[38;2;33;23;21m[48;2;33;21;20m▄[38;2;32;24;26m[48;2;31;23;21m▄[38;2;29;25;32m[48;2;28;24;27m▄[38;2;22;24;33m[48;2;25;25;33m▄[38;2;39;26;39m[48;2;21;25;38m▄[38;2;155;54;65m[48;2;68;37;56m▄[38;2;155;49;62m[48;2;142;53;69m▄[38;2;114;42;60m[48;2;167;57;70m▄[38;2;120;45;62m[48;2;189;60;75m▄[38;2;168;56;70m[48;2;201;65;77m▄[38;2;174;56;68m[48;2;214;67;77m▄[38;2;178;54;64m[48;2;233;70;75m▄[38;2;179;52;59m[48;2;243;75;72m▄[38;2;177;50;55m[48;2;239;71;65m▄[38;2;177;49;51m[48;2;225;61;59m▄[38;2;171;48;48m[48;2;160;50;52m▄[38;2;108;44;45m[48;2;53;34;38m▄[38;2;45;42;41m[48;2;58;51;52m▄[38;2;84;73;62m[48;2;71;63;56m▄[38;2;134;121;94m[48;2;78;72;56m▄[38;2;136;124;95m[48;2;83;76;58m▄[38;2;120;107;82m[48;2;70;64;46m▄[38;2;84;71;55m[48;2;88;78;54m▄[38;2;43;37;27m[48;2;110;100;69m▄[38;2;39;35;28m[48;2;84;75;48m▄[38;2;15;15;13m[48;2;60;49;33m▄[38;2;25;21;17m[48;2;56;47;34m▄[38;2;34;28;20m[48;2;61;51;36m▄[38;2;49;40;29m[48;2;104;87;62m▄[38;2;62;48;34m[48;2;116;96;68m▄[38;2;69;51;34m[48;2;116;96;65m▄[38;2;87;64;41m[48;2;130;111;77m▄[38;2;109;80;51m[48;2;133;116;83m▄[38;2;117;84;54m[48;2;127;112;82m▄[38;2;120;86;56m[48;2;120;103;76m▄[38;2;122;89;56m[48;2;115;96;72m▄[38;2;122;89;56m[48;2;115;96;69m▄[38;2;123;90;57m[48;2;101;82;59m▄[38;2;111;80;50m[48;2;50;40;28m▄[38;2;114;85;57m[48;2;54;46;36m▄[38;2;97;76;52m[48;2;60;56;42m▄[38;2;51;42;30m[48;2;33;35;24m▄[38;2;227;216;196m[48;2;209;198;178m▄[38;2;255;239;215m[48;2;248;223;196m▄[38;2;249;232;206m[48;2;233;207;180m▄[38;2;248;225;192m[48;2;248;207;166m▄[38;2;253;219;181m[48;2;247;169;108m▄[38;2;252;216;179m[48;2;247;168;108m▄[38;2;253;221;186m[48;2;244;168;113m▄[38;2;248;224;201m[48;2;236;203;176m▄[38;2;247;230;207m[48;2;235;212;189m▄[0m
[38;2;24;20;18m[48;2;25;20;16m▄[38;2;29;22;22m[48;2;29;22;21m▄[38;2;30;22;19m[48;2;28;21;22m▄[38;2;30;23;19m[48;2;30;22;22m▄[38;2;31;23;20m[48;2;31;23;20m▄[38;2;31;23;20m[48;2;30;22;19m▄[38;2;31;23;21m[48;2;30;22;19m▄[38;2;34;26;24m[48;2;32;23;21m▄[38;2;37;30;28m[48;2;35;26;24m▄[38;2;38;31;32m[48;2;36;26;25m▄[38;2;35;31;35m[48;2;36;28;30m▄[38;2;31;31;38m[48;2;30;27;33m▄[38;2;20;26;34m[48;2;17;22;31m▄[38;2;46;23;36m[48;2;56;27;42m▄[38;2;147;45;60m[48;2;160;49;63m▄[38;2;152;46;61m[48;2;165;50;63m▄[38;2;163;60;71m[48;2;122;55;67m▄[38;2;137;78;85m[48;2;91;67;76m▄[38;2;92;61;73m[48;2;86;47;63m▄[38;2;105;48;58m[48;2;122;46;61m▄[38;2;127;39;51m[48;2;137;46;57m▄[38;2;105;35;46m[48;2;135;42;52m▄[38;2;78;36;41m[48;2;128;38;47m▄[38;2;69;34;38m[48;2;117;34;41m▄[38;2;61;34;40m[48;2;112;34;39m▄[38;2;34;35;45m[48;2;67;33;37m▄[38;2;28;34;47m[48;2;38;31;36m▄[38;2;31;37;48m[48;2;62;45;49m▄[38;2;40;42;48m[48;2;88;83;77m▄[38;2;59;59;58m[48;2;101;91;80m▄[38;2;66;64;58m[48;2;97;84;71m▄[38;2;68;62;57m[48;2;97;83;70m▄[38;2;47;40;34m[48;2;49;41;35m▄[38;2;34;29;22m[48;2;42;36;30m▄[38;2;59;37;25m[48;2;75;48;33m▄[38;2;123;83;56m[48;2;43;29;19m▄[38;2;197;140;102m[48;2;48;36;24m▄[38;2;207;149;109m[48;2;66;49;35m▄[38;2;207;149;109m[48;2;83;59;43m▄[38;2;192;134;98m[48;2;102;72;49m▄[38;2;161;108;77m[48;2;121;83;57m▄[38;2;140;93;66m[48;2;139;95;62m▄[38;2;104;72;52m[48;2;124;86;56m▄[38;2;66;48;35m[48;2;103;73;48m▄[38;2;65;48;34m[48;2;102;73;50m▄[38;2;63;45;32m[48;2;103;73;50m▄[38;2;60;43;29m[48;2;102;72;49m▄[38;2;59;42;26m[48;2;102;73;49m▄[38;2;62;43;26m[48;2;106;75;50m▄[38;2;69;47;28m[48;2;101;68;42m▄[38;2;78;51;30m[48;2;102;67;39m▄[38;2;110;61;29m[48;2;223;181;142m▄[38;2;173;93;44m[48;2;238;198;159m▄[38;2;182;99;48m[48;2;236;197;157m▄[38;2;178;94;46m[48;2;239;203;166m▄[38;2;177;92;45m[48;2;239;204;171m▄[38;2;181;98;50m[48;2;240;206;174m▄[38;2;181;99;53m[48;2;241;208;177m▄[38;2;178;97;53m[48;2;241;205;172m▄[38;2;191;107;59m[48;2;247;219;184m▄[0m
[38;2;29;20;18m[48;2;25;20;20m▄[38;2;26;21;19m[48;2;29;22;22m▄[38;2;16;17;16m[48;2;30;22;19m▄[38;2;30;19;18m[48;2;28;22;19m▄[38;2;56;26;22m[48;2;23;20;18m▄[38;2;73;30;25m[48;2;21;20;19m▄[38;2;82;33;28m[48;2;21;21;20m▄[38;2;101;40;34m[48;2;22;25;24m▄[38;2;122;48;43m[48;2;24;27;30m▄[38;2;136;50;46m[48;2;24;28;33m▄[38;2;150;53;52m[48;2;23;30;38m▄[38;2;150;50;53m[48;2;22;27;37m▄[38;2;147;46;51m[48;2;24;25;34m▄[38;2;137;41;47m[48;2;77;31;42m▄[38;2;107;32;41m[48;2;134;42;55m▄[38;2;119;35;46m[48;2;133;41;56m▄[38;2;127;38;49m[48;2;132;39;54m▄[38;2;123;35;45m[48;2;129;38;54m▄[38;2;113;31;44m[48;2;130;40;55m▄[38;2;99;26;39m[48;2;132;39;51m▄[38;2;89;25;38m[48;2;117;33;44m▄[38;2;103;38;49m[48;2;86;30;39m▄[38;2;86;48;59m[48;2;100;47;54m▄[38;2;28;36;45m[48;2;92;52;58m▄[38;2;18;32;41m[48;2;46;47;57m▄[38;2;21;32;43m[48;2;37;43;56m▄[38;2;21;32;43m[48;2;30;36;46m▄[38;2;34;37;42m[48;2;28;32;38m▄[38;2;104;69;58m[48;2;58;44;40m▄[38;2;39;35;32m[48;2;32;31;28m▄[38;2;35;33;29m[48;2;46;45;40m▄[38;2;43;38;34m[48;2;55;50;46m▄[38;2;39;34;29m[48;2;44;36;31m▄[38;2;27;22;13m[48;2;24;19;13m▄[38;2;91;66;52m[48;2;70;49;36m▄[38;2;133;97;77m[48;2;176;124;91m▄[38;2;199;143;110m[48;2;203;146;110m▄[38;2;153;104;78m[48;2;204;147;112m▄[38;2;133;94;76m[48;2;208;150;113m▄[38;2;146;106;87m[48;2;218;158;123m▄[38;2;191;133;101m[48;2;210;149;114m▄[38;2;218;153;110m[48;2;183;124;90m▄[38;2;216;149;104m[48;2;157;104;73m▄[38;2;205;135;93m[48;2;117;77;54m▄[38;2;128;82;55m[48;2;69;48;32m▄[38;2;61;42;28m[48;2;41;31;21m▄[38;2;43;33;23m[48;2;35;27;18m▄[38;2;35;26;19m[48;2;36;26;17m▄[38;2;29;21;13m[48;2;39;27;15m▄[38;2;32;23;15m[48;2;45;31;18m▄[38;2;37;25;16m[48;2;56;39;22m▄[38;2;50;33;19m[48;2;70;45;26m▄[38;2;90;56;32m[48;2;129;73;40m▄[38;2;147;82;46m[48;2;181;101;54m▄[38;2;177;97;53m[48;2;175;95;50m▄[38;2;179;99;53m[48;2;174;95;50m▄[38;2;181;102;55m[48;2;180;99;54m▄[38;2;178;100;55m[48;2;178;98;54m▄[38;2;176;97;54m[48;2;174;95;53m▄[38;2;188;107;61m[48;2;187;105;60m▄[0m
[38;2;77;27;27m[48;2;16;16;14m▄[38;2;159;42;37m[48;2;46;21;20m▄[38;2;196;45;36m[48;2;119;34;27m▄[38;2;209;49;36m[48;2;189;51;36m▄[38;2;223;53;39m[48;2;231;66;45m▄[38;2;222;55;42m[48;2;243;69;49m▄[38;2;214;56;45m[48;2;242;67;48m▄[38;2;203;52;48m[48;2;242;69;53m▄[38;2;190;49;50m[48;2;236;67;57m▄[38;2;179;47;51m[48;2;220;61;56m▄[38;2;170;46;51m[48;2;205;55;54m▄[38;2;158;44;48m[48;2;188;51;52m▄[38;2;143;41;43m[48;2;162;44;47m▄[38;2;125;36;41m[48;2;127;36;43m▄[38;2;102;30;38m[48;2;102;29;39m▄[38;2;88;27;35m[48;2;79;23;34m▄[38;2;72;22;30m[48;2;82;25;35m▄[38;2;74;21;29m[48;2;90;26;35m▄[38;2;94;25;31m[48;2;90;24;34m▄[38;2;122;33;34m[48;2;99;25;35m▄[38;2;161;40;37m[48;2;133;38;42m▄[38;2;186;45;37m[48;2;178;57;53m▄[38;2;200;47;37m[48;2;173;63;54m▄[38;2;213;52;40m[48;2;132;47;40m▄[38;2;223;56;39m[48;2;103;39;33m▄[38;2;239;63;42m[48;2;73;34;28m▄[38;2;236;68;45m[48;2;50;29;27m▄[38;2;193;58;39m[48;2;28;22;23m▄[38;2;168;69;44m[48;2;114;68;51m▄[38;2;70;38;25m[48;2;50;35;30m▄[38;2;14;16;13m[48;2;25;24;21m▄[38;2;24;20;16m[48;2;30;28;23m▄[38;2;25;20;17m[48;2;27;25;22m▄[38;2;51;36;26m[48;2;50;37;28m▄[38;2;150;95;75m[48;2;188;130;93m▄[38;2;162;97;82m[48;2;222;156;118m▄[38;2;184;117;93m[48;2;226;155;113m▄[38;2;206;142;107m[48;2;225;158;118m▄[38;2;212;148;111m[48;2;214;153;118m▄[38;2;201;137;100m[48;2;210;151;116m▄[38;2;188;125;88m[48;2;215;153;115m▄[38;2;178;114;77m[48;2;213;146;104m▄[38;2;167;104;67m[48;2;205;134;91m▄[38;2;156;95;62m[48;2;191;121;80m▄[38;2;134;79;53m[48;2;117;71;47m▄[38;2;130;82;60m[48;2;79;49;32m▄[38;2;90;56;37m[48;2;71;46;30m▄[38;2;75;47;29m[48;2;80;52;35m▄[38;2;62;41;23m[48;2;70;44;30m▄[38;2;60;41;24m[48;2;43;32;22m▄[38;2;65;45;25m[48;2;47;35;23m▄[38;2;78;53;29m[48;2;53;37;22m▄[38;2;72;45;23m[48;2;65;42;21m▄[38;2;89;50;26m[48;2;97;54;29m▄[38;2;126;70;38m[48;2;162;89;49m▄[38;2;167;95;51m[48;2;187;105;58m▄[38;2;182;103;56m[48;2;187;106;57m▄[38;2;180;99;55m[48;2;181;101;54m▄[38;2;174;97;58m[48;2;176;98;55m▄[38;2;121;72;50m[48;2;195;111;66m▄[0m
[38;2;138;42;40m[48;2;147;44;40m▄[38;2;147;45;42m[48;2;166;44;40m▄[38;2;108;36;34m[48;2;166;40;36m▄[38;2;62;30;28m[48;2;172;41;36m▄[38;2;28;24;23m[48;2;150;40;36m▄[38;2;33;22;25m[48;2;144;37;35m▄[38;2;61;22;28m[48;2;150;36;38m▄[38;2;113;32;40m[48;2;140;35;39m▄[38;2;134;37;41m[48;2;142;37;41m▄[38;2;136;37;40m[48;2;151;41;45m▄[38;2;137;37;39m[48;2;153;41;45m▄[38;2;143;39;41m[48;2;150;41;44m▄[38;2;143;38;40m[48;2;149;41;44m▄[38;2;142;38;39m[48;2;134;37;40m▄[38;2;137;35;37m[48;2;124;34;38m▄[38;2;127;33;37m[48;2;118;32;36m▄[38;2;129;35;40m[48;2;118;32;37m▄[38;2;130;34;37m[48;2;118;31;35m▄[38;2;133;35;36m[48;2;125;33;35m▄[38;2;131;34;33m[48;2;134;34;33m▄[38;2;128;32;31m[48;2;144;34;34m▄[38;2;126;32;31m[48;2;150;35;34m▄[38;2;124;32;29m[48;2;151;33;31m▄[38;2;120;31;27m[48;2;148;30;28m▄[38;2;97;26;24m[48;2;154;30;26m▄[38;2;39;21;19m[48;2;167;40;30m▄[38;2;39;24;22m[48;2;198;51;34m▄[38;2;73;32;27m[48;2;233;59;38m▄[38;2;110;41;32m[48;2;248;66;43m▄[38;2;155;52;37m[48;2;195;61;39m▄[38;2;94;36;25m[48;2;40;19;13m▄[38;2;20;16;12m[48;2;20;16;14m▄[38;2;50;34;24m[48;2;41;30;22m▄[38;2;59;40;25m[48;2;48;31;18m▄[38;2;59;41;28m[48;2;96;60;47m▄[38;2;94;68;54m[48;2;174;112;96m▄[38;2;115;83;65m[48;2;186;122;102m▄[38;2;112;78;58m[48;2;186;128;100m▄[38;2;95;65;45m[48;2;189;132;99m▄[38;2;82;54;34m[48;2;179;121;88m▄[38;2;79;51;32m[48;2;168;109;77m▄[38;2;71;46;27m[48;2;148;94;64m▄[38;2;55;36;20m[48;2;129;81;54m▄[38;2;45;30;16m[48;2;106;65;42m▄[38;2;47;34;21m[48;2;81;52;33m▄[38;2;47;33;19m[48;2;74;53;35m▄[38;2;49;33;18m[48;2;55;36;20m▄[38;2;58;39;20m[48;2;50;33;17m▄[38;2;54;35;15m[48;2;52;34;17m▄[38;2;51;33;14m[48;2;60;41;21m▄[38;2;54;36;17m[48;2;63;44;23m▄[38;2;42;25;9m[48;2;60;40;20m▄[38;2;32;18;6m[48;2;60;37;18m▄[38;2;52;31;15m[48;2;86;51;26m▄[38;2;95;56;30m[48;2;107;62;31m▄[38;2;118;67;35m[48;2;136;76;40m▄[38;2;144;81;41m[48;2;168;95;53m▄[38;2;157;88;47m[48;2;172;97;56m▄[38;2;167;94;53m[48;2;173;98;58m▄[38;2;165;92;54m[48;2;138;79;49m▄[0m
[38;2;31;29;27m[48;2;55;33;31m▄[38;2;37;32;31m[48;2;49;33;31m▄[38;2;42;34;31m[48;2;30;28;25m▄[38;2;46;38;36m[48;2;30;30;27m▄[38;2;39;32;32m[48;2;30;27;28m▄[38;2;28;25;26m[48;2;20;21;25m▄[38;2;22;20;22m[48;2;13;16;21m▄[38;2;17;18;20m[48;2;67;25;32m▄[38;2;58;23;28m[48;2;120;34;40m▄[38;2;113;33;37m[48;2;121;33;37m▄[38;2;114;32;35m[48;2;129;35;39m▄[38;2;112;32;34m[48;2;128;34;38m▄[38;2;109;36;40m[48;2;121;34;37m▄[38;2;88;38;43m[48;2;128;38;40m▄[38;2;41;23;29m[48;2;127;36;39m▄[38;2;91;35;39m[48;2;122;34;38m▄[38;2;113;36;39m[48;2;120;35;39m▄[38;2;117;33;34m[48;2;121;33;35m▄[38;2;125;34;33m[48;2;130;35;34m▄[38;2;133;36;37m[48;2;129;35;34m▄[38;2;101;30;32m[48;2;125;34;33m▄[38;2;49;22;23m[48;2;122;35;34m▄[38;2;15;11;14m[48;2;97;31;31m▄[38;2;19;20;17m[48;2;53;21;20m▄[38;2;29;25;19m[48;2;19;14;12m▄[38;2;15;15;11m[48;2;16;14;12m▄[38;2;16;16;13m[48;2;16;16;14m▄[38;2;20;20;16m[48;2;17;21;19m▄[38;2;36;31;28m[48;2;22;27;24m▄[38;2;50;42;36m[48;2;28;31;26m▄[38;2;55;43;34m[48;2;40;31;24m▄[38;2;63;44;30m[48;2;44;29;20m▄[38;2;61;40;25m[48;2;52;33;20m▄[38;2;49;32;19m[48;2;59;39;25m▄[38;2;48;31;23m[48;2;48;33;23m▄[38;2;45;32;23m[48;2;30;21;14m▄[38;2;45;34;23m[48;2;21;16;9m▄[38;2;59;45;32m[48;2;23;17;10m▄[38;2;70;53;38m[48;2;47;33;22m▄[38;2;74;55;39m[48;2;65;48;30m▄[38;2;75;54;36m[48;2;74;53;32m▄[38;2;81;56;33m[48;2;83;57;35m▄[38;2;81;53;28m[48;2;74;48;27m▄[38;2;78;51;25m[48;2;72;46;25m▄[38;2;67;45;23m[48;2;72;46;25m▄[38;2;48;33;17m[48;2;62;40;20m▄[38;2;41;29;15m[48;2;47;29;13m▄[38;2;42;30;16m[48;2;41;24;8m▄[38;2;48;32;18m[48;2;40;22;6m▄[38;2;45;30;14m[48;2;42;25;9m▄[38;2;63;43;21m[48;2;58;36;16m▄[38;2;90;60;33m[48;2;57;35;16m▄[38;2;84;54;30m[48;2;43;27;13m▄[38;2;52;33;13m[48;2;26;16;6m▄[38;2;50;32;14m[48;2;27;15;4m▄[38;2;78;47;24m[48;2;57;32;14m▄[38;2;96;54;27m[48;2;90;49;23m▄[38;2;127;74;42m[48;2;131;73;39m▄[38;2;163;110;78m[48;2;158;88;47m▄[38;2;84;63;53m[48;2;99;54;31m▄[0m
[38;2;38;29;31m[48;2;35;29;29m▄[38;2;39;32;34m[48;2;40;32;32m▄[38;2;38;32;33m[48;2;43;33;34m▄[38;2;40;32;32m[48;2;45;36;36m▄[38;2;36;28;26m[48;2;39;31;30m▄[38;2;31;23;22m[48;2;31;23;23m▄[38;2;28;22;22m[48;2;25;21;21m▄[38;2;28;21;22m[48;2;22;20;21m▄[38;2;71;28;29m[48;2;32;18;20m▄[38;2;91;28;30m[48;2;84;27;30m▄[38;2;92;27;29m[48;2;87;26;30m▄[38;2;102;29;30m[48;2;90;27;30m▄[38;2;106;29;31m[48;2;94;29;34m▄[38;2;109;29;31m[48;2;72;25;31m▄[38;2;114;31;32m[48;2;52;18;24m▄[38;2;107;29;32m[48;2;90;30;32m▄[38;2;94;26;30m[48;2;104;30;34m▄[38;2;92;26;33m[48;2;103;28;33m▄[38;2;53;20;26m[48;2;113;30;36m▄[38;2;15;16;18m[48;2;73;25;29m▄[38;2;10;14;18m[48;2;19;16;19m▄[38;2;37;33;27m[48;2;7;11;15m▄[38;2;112;92;59m[48;2;42;35;26m▄[38;2;124;101;64m[48;2;96;78;48m▄[38;2;78;64;42m[48;2;69;57;37m▄[38;2;16;12;11m[48;2;13;12;11m▄[38;2;22;18;15m[48;2;19;18;16m▄[38;2;30;24;17m[48;2;17;16;14m▄[38;2;43;29;19m[48;2;19;18;15m▄[38;2;19;16;13m[48;2;32;29;25m▄[38;2;24;21;18m[48;2;43;37;31m▄[38;2;36;30;24m[48;2;56;43;32m▄[38;2;58;41;29m[48;2;63;45;31m▄[38;2;88;54;36m[48;2;54;38;24m▄[38;2;91;57;37m[48;2;47;34;21m▄[38;2;47;35;27m[48;2;51;37;27m▄[38;2;36;31;27m[48;2;50;40;31m▄[38;2;35;32;29m[48;2;50;41;34m▄[38;2;38;34;30m[48;2;49;40;33m▄[38;2;38;34;29m[48;2;47;38;31m▄[38;2;37;31;25m[48;2;43;35;28m▄[38;2;41;34;27m[48;2;48;38;28m▄[38;2;46;38;28m[48;2;66;49;32m▄[38;2;34;29;22m[48;2;51;37;23m▄[38;2;30;25;22m[48;2;41;32;22m▄[38;2;30;26;22m[48;2;40;32;23m▄[38;2;33;28;23m[48;2;38;31;20m▄[38;2;36;30;23m[48;2;37;30;20m▄[38;2;38;31;23m[48;2;44;35;23m▄[38;2;38;30;22m[48;2;48;36;22m▄[38;2;39;31;22m[48;2;57;40;25m▄[38;2;41;31;21m[48;2;63;43;24m▄[38;2;62;42;25m[48;2;100;66;40m▄[38;2;99;66;41m[48;2;104;68;39m▄[38;2;102;68;44m[48;2;80;50;24m▄[38;2;86;55;32m[48;2;98;61;34m▄[38;2;82;51;28m[48;2;104;62;33m▄[38;2;90;57;32m[48;2;115;72;40m▄[38;2;120;83;55m[48;2;160;118;86m▄[38;2;192;152;119m[48;2;174;135;104m▄[0m
[38;2;103;42;42m[48;2;48;33;33m▄[38;2;111;52;50m[48;2;72;44;43m▄[38;2;78;48;46m[48;2;66;41;40m▄[38;2;56;45;43m[48;2;41;31;32m▄[38;2;52;41;40m[48;2;33;25;25m▄[38;2;45;36;34m[48;2;31;23;23m▄[38;2;38;31;30m[48;2;31;23;23m▄[38;2;47;28;29m[48;2;34;23;22m▄[38;2;106;38;39m[48;2;102;34;35m▄[38;2;123;41;39m[48;2;115;35;34m▄[38;2;142;44;43m[48;2;119;35;33m▄[38;2;145;44;42m[48;2;122;34;32m▄[38;2;139;38;36m[48;2;123;34;31m▄[38;2;142;39;38m[48;2;126;34;32m▄[38;2;134;38;37m[48;2;128;34;34m▄[38;2;122;36;34m[48;2;115;31;32m▄[38;2;109;34;36m[48;2;109;31;34m▄[38;2;28;19;23m[48;2;77;26;31m▄[38;2;16;19;22m[48;2;15;16;19m▄[38;2;18;19;22m[48;2;14;17;20m▄[38;2;49;40;38m[48;2;15;17;19m▄[38;2;70;53;43m[48;2;67;54;39m▄[38;2;59;44;33m[48;2;84;66;43m▄[38;2;49;37;27m[48;2;84;66;43m▄[38;2;36;28;21m[48;2;46;36;26m▄[38;2;24;21;15m[48;2;20;14;12m▄[38;2;21;18;14m[48;2;21;16;14m▄[38;2;42;27;19m[48;2;43;29;21m▄[38;2;94;49;28m[48;2;102;53;32m▄[38;2;85;50;32m[48;2;77;40;26m▄[38;2;63;48;37m[48;2;28;19;14m▄[38;2;64;53;44m[48;2;36;28;22m▄[38;2;63;52;41m[48;2;66;47;36m▄[38;2;49;40;32m[48;2;99;65;47m▄[38;2;27;24;19m[48;2;79;51;37m▄[38;2;22;22;18m[48;2;26;22;18m▄[38;2;24;23;21m[48;2;26;23;21m▄[38;2;24;23;21m[48;2;25;24;22m▄[38;2;23;22;19m[48;2;26;24;22m▄[38;2;22;21;17m[48;2;27;25;21m▄[38;2;25;24;18m[48;2;43;36;30m▄[38;2;30;28;23m[48;2;47;38;30m▄[38;2;30;27;23m[48;2;34;28;22m▄[38;2;24;24;19m[48;2;29;28;22m▄[38;2;24;23;20m[48;2;26;25;21m▄[38;2;24;23;21m[48;2;25;25;21m▄[38;2;25;24;22m[48;2;26;25;22m▄[38;2;26;25;22m[48;2;25;25;21m▄[38;2;26;25;22m[48;2;27;25;21m▄[38;2;26;26;23m[48;2;30;27;23m▄[38;2;27;26;21m[48;2;32;29;25m▄[38;2;32;28;23m[48;2;36;31;25m▄[38;2;39;32;25m[48;2;34;27;18m▄[38;2;52;38;25m[48;2;67;46;30m▄[38;2;73;50;32m[48;2;103;69;47m▄[38;2;81;53;32m[48;2;92;60;37m▄[38;2;98;62;35m[48;2;98;62;37m▄[38;2;114;71;39m[48;2;106;67;39m▄[38;2;122;77;44m[48;2;123;81;51m▄[38;2;127;90;54m[48;2;167;137;111m▄[0m
[38;2;40;31;31m[48;2;35;29;29m▄[38;2;40;31;32m[48;2;32;29;30m▄[38;2;33;24;27m[48;2;33;29;29m▄[38;2;32;24;25m[48;2;42;34;34m▄[38;2;31;25;24m[48;2;47;39;38m▄[38;2;32;25;25m[48;2;49;41;39m▄[38;2;33;26;26m[48;2;49;40;39m▄[38;2;35;27;27m[48;2;52;38;39m▄[38;2;34;27;27m[48;2;55;38;37m▄[38;2;32;27;27m[48;2;60;35;33m▄[38;2;31;28;27m[48;2;60;28;28m▄[38;2;44;32;32m[48;2;83;40;39m▄[38;2;119;54;50m[48;2;96;45;42m▄[38;2;119;50;47m[48;2;106;39;38m▄[38;2;120;45;43m[48;2;108;35;34m▄[38;2;103;38;37m[48;2;96;31;32m▄[38;2;80;32;32m[48;2;43;21;22m▄[38;2;73;34;33m[48;2;14;16;19m▄[38;2;46;27;27m[48;2;23;19;23m▄[38;2;23;20;21m[48;2;32;22;24m▄[38;2;24;23;23m[48;2;51;38;37m▄[38;2;42;38;36m[48;2;83;67;58m▄[38;2;71;49;44m[48;2;86;72;61m▄[38;2;61;43;36m[48;2;69;57;44m▄[38;2;53;45;36m[48;2;61;51;37m▄[38;2;52;45;38m[48;2;44;38;28m▄[38;2;62;51;42m[48;2;42;37;28m▄[38;2;64;49;40m[48;2;56;44;34m▄[38;2;75;57;41m[48;2;77;57;43m▄[38;2;100;79;54m[48;2;69;57;44m▄[38;2;120;104;74m[48;2;57;45;35m▄[38;2;127;111;76m[48;2;40;31;23m▄[38;2;153;132;93m[48;2;34;26;17m▄[38;2;132;108;79m[48;2;36;28;20m▄[38;2;24;18;15m[48;2;27;22;19m▄[38;2;23;21;18m[48;2;23;22;18m▄[38;2;23;22;18m[48;2;23;22;18m▄[38;2;22;20;16m[48;2;23;22;18m▄[38;2;22;21;16m[48;2;22;21;17m▄[38;2;22;21;16m[48;2;23;22;17m▄[38;2;21;21;15m[48;2;21;21;16m▄[38;2;21;22;17m[48;2;20;20;16m▄[38;2;22;21;17m[48;2;24;24;20m▄[38;2;23;22;18m[48;2;29;28;24m▄[38;2;22;20;16m[48;2;23;21;17m▄[38;2;19;18;14m[48;2;21;20;17m▄[38;2;21;20;16m[48;2;22;21;18m▄[38;2;23;22;18m[48;2;23;22;20m▄[38;2;23;22;18m[48;2;24;23;22m▄[38;2;23;22;19m[48;2;25;24;22m▄[38;2;23;22;19m[48;2;24;23;20m▄[38;2;23;22;18m[48;2;25;24;20m▄[38;2;22;22;18m[48;2;27;24;20m▄[38;2;21;19;15m[48;2;33;27;21m▄[38;2;44;32;23m[48;2;82;58;40m▄[38;2;66;43;28m[48;2;87;57;36m▄[38;2;72;46;27m[48;2;90;57;33m▄[38;2;83;53;32m[48;2;99;62;35m▄[38;2;85;55;33m[48;2;102;65;39m▄[38;2;114;74;43m[48;2;104;69;40m▄[0m
[38;2;40;31;33m[48;2;44;36;36m▄[38;2;42;34;34m[48;2;43;34;35m▄[38;2;37;31;31m[48;2;33;25;26m▄[38;2;36;30;30m[48;2;33;24;25m▄[38;2;36;30;30m[48;2;33;25;26m▄[38;2;38;31;32m[48;2;33;26;26m▄[38;2;39;31;32m[48;2;34;28;27m▄[38;2;38;30;31m[48;2;37;30;29m▄[38;2;40;31;32m[48;2;41;33;32m▄[38;2;42;33;34m[48;2;43;35;36m▄[38;2;44;35;36m[48;2;47;39;39m▄[38;2;45;36;36m[48;2;48;40;38m▄[38;2;44;36;37m[48;2;52;38;36m▄[38;2;41;36;35m[48;2;55;37;36m▄[38;2;40;34;33m[48;2;53;35;35m▄[38;2;39;32;32m[48;2;57;34;33m▄[38;2;38;32;33m[48;2;57;30;30m▄[38;2;39;33;34m[48;2;58;32;32m▄[38;2;40;34;33m[48;2;44;29;29m▄[38;2;46;36;35m[48;2;28;27;26m▄[38;2;109;46;43m[48;2;31;28;26m▄[38;2;171;54;49m[48;2;83;36;35m▄[38;2;103;38;34m[48;2;97;41;39m▄[38;2;79;36;34m[48;2;47;37;36m▄[38;2;48;25;23m[48;2;48;43;41m▄[38;2;43;24;20m[48;2;46;42;36m▄[38;2;23;16;14m[48;2;42;33;28m▄[38;2;34;19;13m[48;2;35;25;19m▄[38;2;80;43;25m[48;2;71;46;29m▄[38;2;74;38;22m[48;2;83;54;33m▄[38;2;57;28;14m[48;2;92;66;46m▄[38;2;57;29;13m[48;2;95;69;46m▄[38;2;69;36;16m[48;2;87;58;34m▄[38;2;61;36;23m[48;2;65;42;28m▄[38;2;25;22;18m[48;2;27;21;18m▄[38;2;23;22;17m[48;2;26;21;18m▄[38;2;23;22;17m[48;2;25;21;17m▄[38;2;23;22;17m[48;2;22;21;17m▄[38;2;21;20;15m[48;2;21;21;16m▄[38;2;20;19;15m[48;2;20;19;15m▄[38;2;20;18;14m[48;2;21;19;15m▄[38;2;22;18;15m[48;2;22;19;16m▄[38;2;19;17;13m[48;2;21;19;15m▄[38;2;16;15;11m[48;2;18;17;13m▄[38;2;17;16;11m[48;2;17;16;12m▄[38;2;19;18;14m[48;2;18;17;13m▄[38;2;21;21;17m[48;2;21;20;16m▄[38;2;21;22;17m[48;2;22;21;17m▄[38;2;21;22;17m[48;2;23;22;17m▄[38;2;21;22;17m[48;2;23;22;18m▄[38;2;22;22;17m[48;2;23;22;18m▄[38;2;21;22;17m[48;2;23;22;18m▄[38;2;21;21;17m[48;2;23;22;18m▄[38;2;21;20;15m[48;2;21;21;16m▄[38;2;20;20;14m[48;2;26;23;16m▄[38;2;38;31;22m[48;2;54;42;28m▄[38;2;65;49;33m[48;2;59;43;26m▄[38;2;67;50;34m[48;2;70;48;29m▄[38;2;72;48;29m[48;2;67;44;23m▄[38;2;72;96;86m[48;2;98;79;54m▄[0m
[38;2;49;42;40m[48;2;40;35;35m▄[38;2;56;47;46m[48;2;45;39;39m▄[38;2;51;43;43m[48;2;43;37;38m▄[38;2;50;41;41m[48;2;43;37;37m▄[38;2;47;38;39m[48;2;43;36;36m▄[38;2;41;33;34m[48;2;44;35;36m▄[38;2;38;31;31m[48;2;43;34;35m▄[38;2;35;29;29m[48;2;41;32;33m▄[38;2;33;27;27m[48;2;38;30;31m▄[38;2;32;26;26m[48;2;37;30;30m▄[38;2;32;26;25m[48;2;37;30;30m▄[38;2;33;25;26m[48;2;37;29;30m▄[38;2;33;25;27m[48;2;38;30;31m▄[38;2;33;26;28m[48;2;38;31;31m▄[38;2;32;26;27m[48;2;38;30;31m▄[38;2;32;26;26m[48;2;37;30;30m▄[38;2;34;26;26m[48;2;38;31;31m▄[38;2;34;27;27m[48;2;38;31;32m▄[38;2;33;27;27m[48;2;38;32;30m▄[38;2;49;30;30m[48;2;54;35;34m▄[38;2;52;30;28m[48;2;113;43;42m▄[38;2;62;34;32m[48;2;92;37;33m▄[38;2;88;36;35m[48;2;116;42;38m▄[38;2;64;26;26m[48;2;122;38;35m▄[38;2;58;26;23m[48;2;108;34;31m▄[38;2;60;26;23m[48;2;85;28;24m▄[38;2;49;23;19m[48;2;85;32;26m▄[38;2;56;34;20m[48;2;68;39;22m▄[38;2;78;41;24m[48;2;80;43;24m▄[38;2;73;37;18m[48;2;84;42;24m▄[38;2;66;31;13m[48;2;84;43;24m▄[38;2;72;34;16m[48;2;83;43;24m▄[38;2;54;32;20m[48;2;78;42;24m▄[38;2;23;20;17m[48;2;37;25;20m▄[38;2;25;22;17m[48;2;23;21;18m▄[38;2;23;21;18m[48;2;23;22;18m▄[38;2;23;21;18m[48;2;23;22;18m▄[38;2;22;19;16m[48;2;22;21;17m▄[38;2;22;18;16m[48;2;20;20;16m▄[38;2;22;17;17m[48;2;20;19;16m▄[38;2;22;17;16m[48;2;19;18;15m▄[38;2;19;16;13m[48;2;19;18;15m▄[38;2;16;14;9m[48;2;17;16;12m▄[38;2;14;14;8m[48;2;16;15;9m▄[38;2;15;15;10m[48;2;16;15;10m▄[38;2;17;16;14m[48;2;18;17;15m▄[38;2;19;17;16m[48;2;20;19;17m▄[38;2;20;19;16m[48;2;19;20;16m▄[38;2;21;21;17m[48;2;21;22;17m▄[38;2;20;19;16m[48;2;21;22;17m▄[38;2;19;18;16m[48;2;21;20;17m▄[38;2;19;18;16m[48;2;20;19;16m▄[38;2;19;18;16m[48;2;20;19;16m▄[38;2;19;18;16m[48;2;20;19;15m▄[38;2;19;18;17m[48;2;20;19;16m▄[38;2;18;18;17m[48;2;19;19;15m▄[38;2;16;17;15m[48;2;49;38;28m▄[38;2;11;8;7m[48;2;35;26;17m▄[38;2;28;61;61m[48;2;41;40;32m▄[38;2;48;120;121m[48;2;62;121;117m▄[0m
[38;2;60;49;48m[48;2;59;51;49m▄[38;2;62;51;49m[48;2;64;55;53m▄[38;2;51;42;39m[48;2;56;47;45m▄[38;2;46;38;35m[48;2;51;43;40m▄[38;2;40;32;32m[48;2;43;34;35m▄[38;2;36;30;30m[48;2;36;29;30m▄[38;2;36;30;30m[48;2;34;29;29m▄[38;2;35;30;30m[48;2;34;28;28m▄[38;2;31;27;27m[48;2;34;28;28m▄[38;2;31;24;25m[48;2;33;26;27m▄[38;2;32;24;25m[48;2;32;24;25m▄[38;2;32;24;24m[48;2;32;24;25m▄[38;2;31;23;24m[48;2;32;23;24m▄[38;2;30;23;24m[48;2;32;23;24m▄[38;2;31;23;24m[48;2;33;24;26m▄[38;2;30;23;24m[48;2;33;25;26m▄[38;2;30;24;24m[48;2;32;25;26m▄[38;2;30;23;24m[48;2;32;25;25m▄[38;2;30;23;24m[48;2;32;24;25m▄[38;2;31;22;23m[48;2;31;24;24m▄[38;2;31;22;23m[48;2;29;25;22m▄[38;2;28;23;20m[48;2;40;27;26m▄[38;2;31;24;22m[48;2;38;27;25m▄[38;2;36;28;26m[48;2;37;26;24m▄[38;2;37;29;27m[48;2;34;26;23m▄[38;2;33;25;23m[48;2;30;23;20m▄[38;2;30;22;19m[48;2;23;17;15m▄[38;2;17;12;11m[48;2;24;17;14m▄[38;2;56;36;24m[48;2;49;25;15m▄[38;2;169;107;73m[48;2;109;61;34m▄[38;2;159;99;64m[48;2;164;105;62m▄[38;2;109;68;42m[48;2;147;97;59m▄[38;2;23;16;13m[48;2;24;17;13m▄[38;2;25;18;16m[48;2;24;20;17m▄[38;2;23;18;15m[48;2;25;20;16m▄[38;2;23;18;15m[48;2;24;19;16m▄[38;2;22;18;15m[48;2;23;19;16m▄[38;2;22;17;15m[48;2;22;18;16m▄[38;2;21;16;13m[48;2;23;17;15m▄[38;2;20;15;11m[48;2;23;17;15m▄[38;2;16;11;8m[48;2;21;16;14m▄[38;2;15;10;7m[48;2;18;12;9m▄[38;2;15;10;7m[48;2;15;11;8m▄[38;2;17;11;9m[48;2;15;13;9m▄[38;2;18;14;12m[48;2;16;15;11m▄[38;2;18;16;14m[48;2;17;16;14m▄[38;2;18;17;15m[48;2;18;17;15m▄[38;2;17;16;13m[48;2;19;18;17m▄[38;2;16;15;12m[48;2;19;17;15m▄[38;2;17;16;13m[48;2;17;16;13m▄[38;2;18;17;14m[48;2;18;17;15m▄[38;2;18;17;14m[48;2;18;18;16m▄[38;2;17;16;14m[48;2;17;17;15m▄[38;2;17;16;14m[48;2;17;17;15m▄[38;2;16;16;14m[48;2;17;17;15m▄[38;2;16;16;14m[48;2;18;17;15m▄[38;2;16;15;11m[48;2;18;17;15m▄[38;2;13;14;11m[48;2;14;13;11m▄[38;2;36;98;101m[48;2;35;85;86m▄[38;2;37;115;119m[48;2;39;112;114m▄[0m
[38;2;51;42;42m[48;2;60;51;49m▄[38;2;57;47;47m[48;2;60;51;49m▄[38;2;47;37;38m[48;2;48;39;39m▄[38;2;43;33;34m[48;2;41;32;33m▄[38;2;41;31;32m[48;2;38;30;31m▄[38;2;40;32;31m[48;2;37;30;30m▄[38;2;52;36;32m[48;2;36;30;30m▄[38;2;85;50;39m[48;2;40;30;28m▄[38;2;117;66;47m[48;2;56;37;28m▄[38;2;116;64;43m[48;2;73;43;31m▄[38;2;115;62;41m[48;2;76;42;32m▄[38;2;116;62;41m[48;2;77;43;31m▄[38;2;125;69;47m[48;2;77;42;31m▄[38;2;127;74;53m[48;2;76;41;30m▄[38;2;105;56;38m[48;2;71;41;30m▄[38;2;88;48;32m[48;2;60;37;27m▄[38;2;66;39;29m[48;2;49;32;26m▄[38;2;54;35;28m[48;2;40;27;23m▄[38;2;49;35;29m[48;2;33;23;21m▄[38;2;45;35;28m[48;2;29;21;20m▄[38;2;47;38;31m[48;2;27;20;19m▄[38;2;36;28;23m[48;2;27;22;18m▄[38;2;30;23;20m[48;2;28;23;20m▄[38;2;32;23;23m[48;2;32;23;24m▄[38;2;34;26;23m[48;2;33;23;25m▄[38;2;40;32;28m[48;2;33;24;23m▄[38;2;41;32;28m[48;2;32;24;21m▄[38;2;30;23;20m[48;2;19;14;13m▄[38;2;83;49;32m[48;2;80;48;32m▄[38;2;178;108;65m[48;2;132;79;53m▄[38;2;165;103;62m[48;2;111;63;36m▄[38;2;31;20;11m[48;2;50;27;15m▄[38;2;20;14;10m[48;2;25;17;14m▄[38;2;21;15;11m[48;2;21;16;12m▄[38;2;21;16;12m[48;2;21;16;12m▄[38;2;21;16;11m[48;2;22;15;12m▄[38;2;21;16;11m[48;2;20;15;12m▄[38;2;21;16;11m[48;2;20;16;11m▄[38;2;20;16;11m[48;2;20;15;11m▄[38;2;18;14;9m[48;2;18;14;9m▄[38;2;19;13;9m[48;2;17;12;8m▄[38;2;19;15;10m[48;2;16;12;8m▄[38;2;20;15;11m[48;2;16;13;9m▄[38;2;18;16;11m[48;2;15;14;11m▄[38;2;17;16;12m[48;2;17;16;13m▄[38;2;17;14;10m[48;2;17;16;13m▄[38;2;17;11;9m[48;2;16;14;11m▄[38;2;16;13;9m[48;2;14;13;8m▄[38;2;16;16;11m[48;2;15;14;10m▄[38;2;17;16;12m[48;2;17;16;14m▄[38;2;17;15;11m[48;2;17;16;14m▄[38;2;15;14;9m[48;2;16;15;12m▄[38;2;15;14;10m[48;2;15;14;10m▄[38;2;16;15;11m[48;2;16;15;12m▄[38;2;16;17;12m[48;2;15;15;13m▄[38;2;18;16;14m[48;2;15;15;13m▄[38;2;13;8;6m[48;2;13;10;5m▄[38;2;34;78;77m[48;2;17;37;34m▄[38;2;44;125;129m[48;2;42;114;118m▄[38;2;36;128;137m[48;2;35;117;124m▄[0m
