[38;2;182;206;232m[48;2;234;254;254m▄[38;2;208;228;255m[48;2;255;255;255m▄[38;2;187;225;253m[48;2;221;255;255m▄[38;2;186;226;254m[48;2;213;255;255m▄[38;2;186;223;253m[48;2;208;255;255m▄[38;2;184;215;248m[48;2;228;255;255m▄[38;2;213;230;254m[48;2;253;255;255m▄[38;2;205;226;251m[48;2;225;241;245m▄[38;2;181;219;248m[48;2;208;236;240m▄[38;2;175;224;255m[48;2;206;255;255m▄[38;2;172;223;255m[48;2;195;251;255m▄[38;2;169;219;255m[48;2;200;255;255m▄[38;2;170;215;255m[48;2;204;255;255m▄[38;2;160;205;254m[48;2;206;255;255m▄[38;2;168;211;254m[48;2;204;255;255m▄[38;2;195;221;254m[48;2;200;236;243m▄[38;2;160;186;236m[48;2;163;187;225m▄[38;2;226;255;255m[48;2;200;232;245m▄[38;2;234;255;255m[48;2;210;247;255m▄[38;2;199;250;255m[48;2;191;234;253m▄[38;2;183;242;255m[48;2;172;225;249m▄[38;2;188;247;255m[48;2;170;226;251m▄[38;2;194;247;255m[48;2;174;226;251m▄[38;2;194;249;255m[48;2;176;228;251m▄[38;2;191;255;255m[48;2;172;225;253m▄[38;2;168;214;230m[48;2;172;228;255m▄[38;2;107;76;49m[48;2;125;151;157m▄[38;2;135;167;184m[48;2;136;178;198m▄[38;2;173;226;255m[48;2;159;208;232m▄[38;2;161;214;245m[48;2;150;195;217m▄[38;2;153;207;237m[48;2;144;191;225m▄[38;2;123;118;110m[48;2;140;193;232m▄[38;2;118;145;163m[48;2;136;189;226m▄[38;2;144;202;244m[48;2;133;183;219m▄[38;2;139;192;230m[48;2;131;180;215m▄[38;2;137;200;244m[48;2;127;185;226m▄[38;2;168;150;164m[48;2;153;135;151m▄[38;2;202;45;7m[48;2;191;43;9m▄[38;2;197;52;19m[48;2;185;50;18m▄[38;2;193;50;19m[48;2;181;48;16m▄[38;2;191;48;16m[48;2;178;43;11m▄[38;2;191;47;15m[48;2;180;43;11m▄[38;2;189;48;18m[48;2;176;43;15m▄[38;2;188;47;17m[48;2;176;45;15m▄[38;2;188;46;16m[48;2;174;43;16m▄[38;2;187;46;15m[48;2;176;43;15m▄[38;2;186;45;12m[48;2;176;41;13m▄[38;2;187;45;13m[48;2;176;43;15m▄[38;2;186;45;13m[48;2;176;45;16m▄[38;2;186;44;12m[48;2;174;43;13m▄[38;2;186;43;12m[48;2;170;41;9m▄[38;2;186;44;12m[48;2;170;41;11m▄[38;2;186;44;13m[48;2;172;41;11m▄[38;2;186;45;13m[48;2;172;41;11m▄[38;2;187;45;15m[48;2;172;43;11m▄[38;2;195;47;17m[48;2;172;41;11m▄[38;2;220;59;25m[48;2;180;41;15m▄[38;2;240;67;35m[48;2;195;46;18m▄[38;2;230;61;30m[48;2;196;46;18m▄[38;2;251;66;29m[48;2;196;46;18m▄[0m
[38;2;241;255;255m[48;2;219;234;243m▄[38;2;255;255;255m[48;2;231;236;248m▄[38;2;255;255;255m[48;2;226;238;247m▄[38;2;247;255;255m[48;2;230;232;243m▄[38;2;234;237;236m[48;2;242;243;253m▄[38;2;176;145;156m[48;2;165;196;239m▄[38;2;169;114;114m[48;2;191;228;247m▄[38;2;185;127;116m[48;2;187;243;255m▄[38;2;192;130;117m[48;2;174;243;255m▄[38;2;186;144;135m[48;2;180;249;255m▄[38;2;176;183;182m[48;2;184;247;255m▄[38;2;187;233;239m[48;2;177;228;250m▄[38;2;232;255;255m[48;2;168;213;242m▄[38;2;242;255;255m[48;2;173;208;238m▄[38;2;238;255;255m[48;2;197;219;241m▄[38;2;232;255;255m[48;2;194;221;242m▄[38;2;224;255;255m[48;2;198;231;244m▄[38;2;221;254;254m[48;2;218;252;254m▄[38;2;207;246;255m[48;2;219;250;254m▄[38;2;176;215;236m[48;2;191;236;255m▄[38;2;173;205;223m[48;2;178;232;255m▄[38;2;183;232;255m[48;2;181;230;252m▄[38;2;191;238;255m[48;2;186;233;253m▄[38;2;173;226;247m[48;2;184;238;255m▄[38;2;201;119;105m[48;2;171;216;229m▄[38;2;255;96;58m[48;2;191;115;96m▄[38;2;194;109;99m[48;2;146;86;70m▄[38;2;112;174;210m[48;2;143;196;226m▄[38;2;118;181;218m[48;2;150;202;235m▄[38;2;176;114;108m[48;2;141;192;223m▄[38;2;245;86;51m[48;2;139;128;131m▄[38;2;163;115;117m[48;2;105;61;33m▄[38;2;126;193;236m[48;2;113;138;157m▄[38;2;127;182;222m[48;2;131;183;223m▄[38;2;137;185;220m[48;2;128;175;211m▄[38;2;139;190;228m[48;2;131;187;230m▄[38;2;152;133;144m[48;2;153;135;150m▄[38;2;182;37;4m[48;2;184;39;4m▄[38;2;177;46;18m[48;2;180;46;17m▄[38;2;176;47;18m[48;2;177;46;18m▄[38;2;173;45;16m[48;2;177;46;18m▄[38;2;170;44;14m[48;2;174;45;16m▄[38;2;166;43;14m[48;2;171;44;15m▄[38;2;166;41;13m[48;2;169;42;13m▄[38;2;168;41;12m[48;2;169;42;13m▄[38;2;168;42;12m[48;2;170;42;14m▄[38;2;169;41;11m[48;2;170;42;11m▄[38;2;172;40;11m[48;2;172;41;11m▄[38;2;182;43;15m[48;2;173;41;11m▄[38;2;213;57;25m[48;2;181;42;15m▄[38;2;215;68;38m[48;2;199;48;19m▄[38;2;182;62;37m[48;2;210;54;24m▄[38;2;219;66;35m[48;2;197;50;21m▄[38;2;234;66;32m[48;2;185;45;18m▄[38;2;224;59;28m[48;2;189;45;19m▄[38;2;247;65;32m[48;2;212;54;23m▄[38;2;181;71;44m[48;2;234;69;34m▄[38;2;142;118;72m[48;2;155;75;50m▄[38;2;179;139;81m[48;2;130;81;53m▄[38;2;158;115;65m[48;2;190;68;40m▄[0m
[38;2;226;255;255m[48;2;245;255;255m▄[38;2;240;255;255m[48;2;255;255;255m▄[38;2;184;155;147m[48;2;230;255;255m▄[38;2;227;110;80m[48;2;196;166;162m▄[38;2;255;185;151m[48;2;206;104;81m▄[38;2;255;202;171m[48;2;240;128;92m▄[38;2;255;198;168m[48;2;253;154;119m▄[38;2;255;196;167m[48;2;255;162;127m▄[38;2;252;188;158m[48;2;255;162;126m▄[38;2;249;114;84m[48;2;249;99;64m▄[38;2;255;80;45m[48;2;238;66;33m▄[38;2;255;82;42m[48;2;206;87;61m▄[38;2;216;65;36m[48;2;195;176;172m▄[38;2;195;195;194m[48;2;240;255;255m▄[38;2;239;255;255m[48;2;234;254;254m▄[38;2;226;253;254m[48;2;228;254;255m▄[38;2;225;255;255m[48;2;225;254;255m▄[38;2;208;249;254m[48;2;221;255;255m▄[38;2;175;207;222m[48;2;181;216;228m▄[38;2;175;131;73m[48;2;217;206;142m▄[38;2;168;98;35m[48;2;197;141;75m▄[38;2;121;124;122m[48;2;142;147;147m▄[38;2;160;225;255m[48;2;178;242;255m▄[38;2;206;118;100m[48;2;175;165;171m▄[38;2;255;101;67m[48;2;251;93;60m▄[38;2;253;107;80m[48;2;255;112;81m▄[38;2;105;42;30m[48;2;162;72;52m▄[38;2;67;13;3m[48;2;52;29;26m▄[38;2;225;84;58m[48;2;122;79;76m▄[38;2;255;106;75m[48;2;254;100;68m▄[38;2;238;100;78m[48;2;255;98;64m▄[38;2;114;124;143m[48;2;160;125;132m▄[38;2;202;170;96m[48;2;123;154;167m▄[38;2;227;150;63m[48;2;147;141;130m▄[38;2;120;97;90m[48;2;130;162;183m▄[38;2;131;192;226m[48;2;136;190;223m▄[38;2;146;131;143m[48;2;150;133;138m▄[38;2;177;38;5m[48;2;178;38;5m▄[38;2;175;45;15m[48;2;176;47;18m▄[38;2;172;43;14m[48;2;175;45;16m▄[38;2;167;44;13m[48;2;171;43;14m▄[38;2;167;44;14m[48;2;167;45;14m▄[38;2;170;41;13m[48;2;165;42;11m▄[38;2;174;42;13m[48;2;167;39;12m▄[38;2;177;40;13m[48;2;169;40;12m▄[38;2;176;40;13m[48;2;167;41;9m▄[38;2;177;41;14m[48;2;169;41;10m▄[38;2;188;42;15m[48;2;176;39;11m▄[38;2;215;58;25m[48;2;197;50;20m▄[38;2;215;64;36m[48;2;229;67;34m▄[38;2;117;84;55m[48;2;142;81;54m▄[38;2;184;152;96m[48;2;139;125;82m▄[38;2;132;105;66m[48;2;110;68;45m▄[38;2;131;109;63m[48;2;170;61;36m▄[38;2;134;99;65m[48;2;219;66;38m▄[38;2;131;99;64m[48;2;200;64;41m▄[38;2;165;130;80m[48;2;131;95;60m▄[38;2;168;128;74m[48;2;172;135;79m▄[38;2;169;129;70m[48;2;170;128;70m▄[38;2;184;140;78m[48;2;192;143;77m▄[0m
[38;2;204;253;255m[48;2;223;255;255m▄[38;2;215;136;119m[48;2;206;216;213m▄[38;2;252;144;108m[48;2;219;112;81m▄[38;2;250;165;133m[48;2;255;201;167m▄[38;2;247;90;58m[48;2;251;177;145m▄[38;2;249;78;47m[48;2;249;143;113m▄[38;2;251;78;47m[48;2;249;136;106m▄[38;2;249;78;43m[48;2;249;122;92m▄[38;2;249;83;47m[48;2;249;95;64m▄[38;2;255;82;45m[48;2;250;82;48m▄[38;2;255;82;45m[48;2;251;86;50m▄[38;2;253;84;51m[48;2;253;86;51m▄[38;2;255;84;50m[48;2;255;76;39m▄[38;2;235;70;37m[48;2;191;108;91m▄[38;2;185;167;163m[48;2;221;255;255m▄[38;2;232;255;255m[48;2;228;255;255m▄[38;2;221;250;253m[48;2;222;253;254m▄[38;2;192;235;252m[48;2;192;234;250m▄[38;2;183;221;239m[48;2;194;241;255m▄[38;2;194;147;89m[48;2;158;136;119m▄[38;2;164;126;85m[48;2;125;84;54m▄[38;2;119;150;178m[48;2;165;220;255m▄[38;2;104;52;45m[48;2;136;158;178m▄[38;2;225;94;69m[48;2;236;91;62m▄[38;2;216;153;119m[48;2;255;101;73m▄[38;2;131;103;79m[48;2;193;82;62m▄[38;2;64;30;15m[48;2;70;23;15m▄[38;2;217;122;94m[48;2;175;66;50m▄[38;2;255;101;71m[48;2;255;106;77m▄[38;2;225;88;59m[48;2;255;101;68m▄[38;2;70;69;78m[48;2;178;122;122m▄[38;2;131;194;237m[48;2;127;181;213m▄[38;2;141;136;132m[48;2;152;118;82m▄[38;2;140;101;66m[48;2;129;70;28m▄[38;2;118;169;207m[48;2;122;138;149m▄[38;2;130;190;223m[48;2;129;192;230m▄[38;2;146;133;143m[48;2;146;133;148m▄[38;2;171;33;0m[48;2;175;35;2m▄[38;2;166;41;13m[48;2;170;41;12m▄[38;2;165;41;13m[48;2;169;42;13m▄[38;2;172;41;15m[48;2;168;43;14m▄[38;2;196;47;20m[48;2;176;43;15m▄[38;2;229;66;34m[48;2;191;48;21m▄[38;2;186;69;44m[48;2;212;54;26m▄[38;2;133;76;48m[48;2;212;52;26m▄[38;2;149;83;53m[48;2;212;50;23m▄[38;2;178;80;51m[48;2;218;50;21m▄[38;2;184;62;38m[48;2;223;54;24m▄[38;2;206;68;39m[48;2;242;68;33m▄[38;2;142;64;43m[48;2;209;65;40m▄[38;2;153;128;81m[48;2;131;102;68m▄[38;2;181;147;94m[48;2;184;150;95m▄[38;2;138;104;65m[48;2;137;103;65m▄[38;2;159;119;67m[48;2;161;125;71m▄[38;2;177;140;87m[48;2;182;149;91m▄[38;2;175;134;82m[48;2;180;142;85m▄[38;2;167;128;78m[48;2;171;130;80m▄[38;2;167;124;72m[48;2;169;125;74m▄[38;2;175;126;67m[48;2;173;127;68m▄[38;2;185;140;76m[48;2;184;141;77m▄[0m
[38;2;196;174;168m[48;2;189;210;211m▄[38;2;253;102;71m[48;2;240;107;81m▄[38;2;251;87;54m[48;2;252;92;59m▄[38;2;251;88;56m[48;2;248;86;55m▄[38;2;254;86;57m[48;2;253;83;54m▄[38;2;253;86;57m[48;2;252;87;58m▄[38;2;252;86;56m[48;2;251;86;56m▄[38;2;249;85;52m[48;2;248;85;50m▄[38;2;255;74;39m[48;2;250;83;47m▄[38;2;184;128;117m[48;2;224;96;72m▄[38;2;197;223;224m[48;2;226;88;61m▄[38;2;199;100;82m[48;2;255;78;42m▄[38;2;232;73;44m[48;2;255;86;53m▄[38;2;242;82;50m[48;2;255;83;45m▄[38;2;208;64;36m[48;2;221;75;46m▄[38;2;167;180;187m[48;2;191;208;210m▄[38;2;202;245;255m[48;2;205;245;255m▄[38;2;194;237;255m[48;2;196;237;255m▄[38;2;190;200;183m[48;2;187;213;221m▄[38;2;228;177;89m[48;2;214;169;96m▄[38;2;131;68;34m[48;2;139;80;42m▄[38;2;125;27;8m[48;2;109;12;0m▄[38;2;148;75;55m[48;2;138;90;64m▄[38;2;202;101;75m[48;2;85;96;84m▄[38;2;170;76;59m[48;2;90;112;89m▄[38;2;81;31;18m[48;2;120;85;59m▄[38;2;143;73;59m[48;2;85;77;58m▄[38;2;104;62;52m[48;2;124;133;112m▄[38;2;153;152;123m[48;2;227;109;82m▄[38;2;52;13;9m[48;2;141;59;43m▄[38;2;31;1;0m[48;2;23;6;1m▄[38;2;11;0;0m[48;2;68;84;106m▄[38;2;182;150;85m[48;2;174;152;114m▄[38;2;180;130;72m[48;2;184;138;82m▄[38;2;109;146;180m[48;2;111;154;189m▄[38;2;119;182;225m[48;2;126;186;222m▄[38;2;134;125;139m[48;2;141;130;139m▄[38;2;171;35;1m[48;2;170;34;2m▄[38;2;165;41;13m[48;2;166;41;13m▄[38;2;163;39;11m[48;2;164;40;13m▄[38;2;176;41;16m[48;2;175;41;16m▄[38;2;210;49;21m[48;2;211;53;24m▄[38;2;232;66;35m[48;2;220;65;36m▄[38;2;113;62;43m[48;2;109;77;51m▄[38;2;152;124;75m[48;2;166;139;85m▄[38;2;172;132;83m[48;2;167;136;86m▄[38;2;176;139;91m[48;2;163;141;94m▄[38;2;182;153;102m[48;2;154;137;97m▄[38;2;146;117;73m[48;2;120;99;65m▄[38;2;169;134;84m[48;2;152;129;83m▄[38;2;170;140;87m[48;2;181;148;92m▄[38;2;178;149;95m[48;2;178;147;96m▄[38;2;147;117;72m[48;2;142;111;67m▄[38;2;151;118;68m[48;2;155;120;68m▄[38;2;179;144;90m[48;2;177;141;88m▄[38;2;171;136;84m[48;2;171;131;80m▄[38;2;162;127;78m[48;2;163;125;76m▄[38;2;158;123;73m[48;2;163;123;71m▄[38;2;169;127;71m[48;2;172;126;69m▄[38;2;184;139;76m[48;2;185;137;74m▄[0m
[38;2;195;251;253m[48;2;195;204;204m▄[38;2;220;139;123m[48;2;246;107;81m▄[38;2;255;79;44m[48;2;253;88;56m▄[38;2;248;89;57m[48;2;249;89;55m▄[38;2;251;87;56m[48;2;252;87;57m▄[38;2;252;87;57m[48;2;254;87;57m▄[38;2;253;86;57m[48;2;253;85;55m▄[38;2;255;85;54m[48;2;254;85;50m▄[38;2;224;74;46m[48;2;226;76;49m▄[38;2;163;188;192m[48;2;170;170;170m▄[38;2;190;249;252m[48;2;213;255;255m▄[38;2;190;154;150m[48;2;184;147;142m▄[38;2;255;74;36m[48;2;216;63;35m▄[38;2;255;85;52m[48;2;218;74;48m▄[38;2;241;76;46m[48;2;221;66;41m▄[38;2;148;149;156m[48;2;159;129;129m▄[38;2;170;229;252m[48;2;179;234;253m▄[38;2;164;214;247m[48;2;176;226;254m▄[38;2;203;198;154m[48;2;171;168;139m▄[38;2;208;152;74m[48;2;210;149;66m▄[38;2;113;57;29m[48;2;124;61;33m▄[38;2;87;17;1m[48;2;97;30;15m▄[38;2;151;55;35m[48;2;157;57;40m▄[38;2;255;116;86m[48;2;255;117;85m▄[38;2;126;51;36m[48;2;192;80;59m▄[38;2;111;38;24m[48;2;83;26;15m▄[38;2;255;113;82m[48;2;255;101;74m▄[38;2;202;85;64m[48;2;255;114;85m▄[38;2;43;4;2m[48;2;101;50;41m▄[38;2;44;4;0m[48;2;33;0;0m▄[38;2;40;9;6m[48;2;36;5;3m▄[38;2;71;42;22m[48;2;38;12;9m▄[38;2;232;183;101m[48;2;213;175;105m▄[38;2;146;90;60m[48;2;163;106;58m▄[38;2;80;106;131m[48;2;101;132;164m▄[38;2;72;117;149m[48;2;104;168;212m▄[38;2;120;104;117m[48;2;131;124;139m▄[38;2;178;38;5m[48;2;175;36;1m▄[38;2;169;41;11m[48;2;165;42;13m▄[38;2;167;41;12m[48;2;162;40;12m▄[38;2;169;41;11m[48;2;171;41;15m▄[38;2;189;44;19m[48;2;201;46;21m▄[38;2;218;51;22m[48;2;233;59;26m▄[38;2;245;64;32m[48;2;213;65;38m▄[38;2;207;64;39m[48;2;116;75;50m▄[38;2;113;79;52m[48;2;165;133;84m▄[38;2;168;132;81m[48;2;173;134;84m▄[38;2;182;147;95m[48;2;177;148;96m▄[38;2;142;114;71m[48;2;141;114;70m▄[38;2;158;125;76m[48;2;163;128;79m▄[38;2;171;139;83m[48;2;171;139;86m▄[38;2;186;153;96m[48;2;178;150;93m▄[38;2;151;123;81m[48;2;150;123;79m▄[38;2;152;117;68m[48;2;151;115;67m▄[38;2;173;136;83m[48;2;174;140;87m▄[38;2;171;140;87m[48;2;168;136;83m▄[38;2;164;129;79m[48;2;163;127;77m▄[38;2;161;122;74m[48;2;158;121;73m▄[38;2;166;124;73m[48;2;168;127;72m▄[38;2;186;142;78m[48;2;185;142;76m▄[0m
[38;2;202;253;255m[48;2;206;255;255m▄[38;2;222;255;255m[48;2;208;224;223m▄[38;2;189;192;190m[48;2;223;77;49m▄[38;2;213;89;66m[48;2;255;83;49m▄[38;2;246;75;41m[48;2;250;90;57m▄[38;2;254;79;40m[48;2;251;88;56m▄[38;2;252;76;41m[48;2;252;87;56m▄[38;2;253;84;53m[48;2;254;87;57m▄[38;2;255;87;55m[48;2;237;85;55m▄[38;2;255;79;46m[48;2;194;94;77m▄[38;2;255;83;52m[48;2;189;97;83m▄[38;2;251;118;85m[48;2;215;84;65m▄[38;2;251;180;143m[48;2;250;89;56m▄[38;2;251;100;63m[48;2;255;86;52m▄[38;2;166;134;138m[48;2;187;102;91m▄[38;2;179;237;255m[48;2;161;224;248m▄[38;2;186;229;253m[48;2;184;228;250m▄[38;2;159;199;225m[48;2;163;206;232m▄[38;2;211;187;121m[48;2;222;210;143m▄[38;2;188;136;68m[48;2;201;151;75m▄[38;2;103;37;17m[48;2;106;47;25m▄[38;2;96;21;0m[48;2;95;26;10m▄[38;2;130;46;25m[48;2;141;49;30m▄[38;2;246;105;79m[48;2;255;112;84m▄[38;2;78;23;12m[48;2;90;33;22m▄[38;2;168;62;42m[48;2;142;51;36m▄[38;2;241;102;75m[48;2;255;118;87m▄[38;2;59;14;7m[48;2;117;45;33m▄[38;2;47;5;0m[48;2;38;0;0m▄[38;2;41;4;0m[48;2;46;6;1m▄[38;2;34;9;6m[48;2;31;2;1m▄[38;2;120;89;53m[48;2;86;53;27m▄[38;2;237;176;99m[48;2;238;180;93m▄[38;2;142;88;55m[48;2;143;86;58m▄[38;2;79;107;134m[48;2;76;101;124m▄[38;2;78;122;156m[48;2;71;112;139m▄[38;2;129;115;132m[48;2;118;97;109m▄[38;2;176;36;1m[48;2;178;39;6m▄[38;2;173;41;11m[48;2;172;41;10m▄[38;2;172;41;11m[48;2;171;41;10m▄[38;2;174;40;12m[48;2;170;40;10m▄[38;2;191;44;18m[48;2;185;43;15m▄[38;2;212;49;23m[48;2;211;48;22m▄[38;2;221;55;27m[48;2;225;56;28m▄[38;2;224;63;31m[48;2;246;72;36m▄[38;2;248;72;36m[48;2;192;65;39m▄[38;2;145;57;37m[48;2;119;87;56m▄[38;2;157;134;84m[48;2;190;154;99m▄[38;2;175;145;92m[48;2;151;122;79m▄[38;2;132;106;70m[48;2;167;132;80m▄[38;2;60;57;53m[48;2;155;126;79m▄[38;2;58;55;50m[48;2;162;134;88m▄[38;2;145;116;74m[48;2;160;129;81m▄[38;2;161;123;72m[48;2;155;117;68m▄[38;2;167;127;73m[48;2;169;128;76m▄[38;2;172;139;86m[48;2;172;141;88m▄[38;2;162;134;83m[48;2;161;127;78m▄[38;2;151;118;69m[48;2;159;121;73m▄[38;2;157;122;70m[48;2;162;122;71m▄[38;2;182;140;75m[48;2;185;141;79m▄[0m
[38;2;202;251;255m[48;2;202;253;255m▄[38;2;217;255;255m[48;2;218;255;255m▄[38;2;195;241;254m[48;2;203;255;255m▄[38;2;194;242;255m[48;2;188;227;235m▄[38;2;177;235;255m[48;2;185;163;166m▄[38;2;156;216;255m[48;2;182;125;127m▄[38;2;169;243;255m[48;2;190;141;134m▄[38;2;209;101;83m[48;2;220;95;73m▄[38;2;166;126;124m[48;2;225;80;53m▄[38;2;155;179;187m[48;2;234;70;41m▄[38;2;180;129;124m[48;2;250;91;56m▄[38;2;178;121;117m[48;2;253;151;113m▄[38;2;164;144;148m[48;2;248;113;76m▄[38;2;152;206;229m[48;2;187;90;74m▄[38;2;184;239;255m[48;2;167;212;226m▄[38;2;184;228;251m[48;2;185;232;253m▄[38;2;171;225;255m[48;2;181;228;254m▄[38;2;145;191;220m[48;2;154;196;223m▄[38;2;183;147;87m[48;2;200;168;107m▄[38;2;170;117;57m[48;2;185;132;67m▄[38;2;82;24;11m[48;2;81;29;17m▄[38;2;72;20;10m[48;2;89;24;8m▄[38;2;69;21;13m[48;2;114;36;18m▄[38;2;184;72;53m[48;2;223;96;73m▄[38;2;165;58;37m[48;2;53;13;4m▄[38;2;198;83;62m[48;2;189;73;50m▄[38;2;114;44;35m[48;2;175;72;53m▄[38;2;33;0;0m[48;2;40;2;0m▄[38;2;47;6;1m[48;2;47;6;1m▄[38;2;37;2;1m[48;2;40;3;1m▄[38;2;26;5;5m[48;2;16;0;0m▄[38;2;125;87;51m[48;2;125;89;53m▄[38;2;216;147;74m[48;2;226;155;84m▄[38;2;106;76;54m[48;2;119;80;56m▄[38;2;70;102;127m[48;2;70;102;130m▄[38;2;74;120;155m[48;2;77;122;156m▄[38;2;127;107;130m[48;2;129;113;132m▄[38;2;192;35;5m[48;2;177;35;1m▄[38;2;192;43;16m[48;2;175;41;11m▄[38;2;204;45;19m[48;2;179;41;13m▄[38;2;214;47;21m[48;2;189;43;17m▄[38;2;222;51;21m[48;2;207;49;24m▄[38;2;227;56;26m[48;2;220;54;27m▄[38;2;232;62;32m[48;2;227;59;28m▄[38;2;242;69;34m[48;2;228;65;31m▄[38;2;240;75;43m[48;2;246;71;34m▄[38;2;119;68;51m[48;2;178;61;38m▄[38;2;85;79;63m[48;2;151;126;81m▄[38;2;36;38;41m[48;2;134;117;86m▄[38;2;31;31;33m[48;2;38;39;40m▄[38;2;39;39;39m[48;2;31;33;35m▄[38;2;30;31;32m[48;2;20;23;26m▄[38;2;18;23;31m[48;2;64;56;45m▄[38;2;120;97;65m[48;2;159;125;76m▄[38;2;168;125;72m[48;2;166;126;74m▄[38;2;181;145;93m[48;2;175;142;90m▄[38;2;178;147;95m[48;2;171;144;91m▄[38;2;156;126;79m[48;2;153;124;76m▄[38;2;152;118;67m[48;2;156;122;69m▄[38;2;181;137;68m[48;2;182;139;73m▄[0m
[38;2;200;241;251m[48;2;200;243;253m▄[38;2;213;255;255m[48;2;213;255;255m▄[38;2;190;233;252m[48;2;192;235;252m▄[38;2;181;230;248m[48;2;188;235;253m▄[38;2;159;205;241m[48;2;172;218;247m▄[38;2;143;190;232m[48;2;150;198;237m▄[38;2;165;225;240m[48;2;159;222;242m▄[38;2;199;87;65m[48;2;202;89;66m▄[38;2;162;157;163m[48;2;164;146;150m▄[38;2;166;234;255m[48;2;163;245;255m▄[38;2;168;225;252m[48;2;162;235;255m▄[38;2;167;223;250m[48;2;161;233;255m▄[38;2;164;224;250m[48;2;163;236;255m▄[38;2;165;225;251m[48;2;162;228;255m▄[38;2;167;224;251m[48;2;172;226;250m▄[38;2;169;221;249m[48;2;177;226;252m▄[38;2;167;217;255m[48;2;167;220;255m▄[38;2;151;201;229m[48;2;148;195;227m▄[38;2;124;104;69m[48;2;140;109;63m▄[38;2;115;64;36m[48;2;124;72;32m▄[38;2;147;48;35m[48;2;94;30;18m▄[38;2;151;56;46m[48;2;130;43;28m▄[38;2;131;44;34m[48;2;139;52;38m▄[38;2;121;39;31m[48;2;155;51;34m▄[38;2;114;37;29m[48;2;205;71;47m▄[38;2;120;39;30m[48;2;208;75;51m▄[38;2;207;70;45m[48;2;223;82;54m▄[38;2;248;86;57m[48;2;113;35;24m▄[38;2;56;12;9m[48;2;37;1;0m▄[38;2;30;0;0m[48;2;37;3;1m▄[38;2;34;11;8m[48;2;23;5;3m▄[38;2;72;33;18m[48;2;98;60;36m▄[38;2;143;85;39m[48;2;194;128;56m▄[38;2;73;84;96m[48;2;87;75;68m▄[38;2;76;108;132m[48;2;74;107;133m▄[38;2;67;114;151m[48;2;70;116;153m▄[38;2;141;105;132m[48;2;133;103;131m▄[38;2;253;53;15m[48;2;222;40;6m▄[38;2;243;56;26m[48;2;219;45;17m▄[38;2;243;58;27m[48;2;224;47;19m▄[38;2;243;60;29m[48;2;227;50;21m▄[38;2;235;62;35m[48;2;228;54;22m▄[38;2;217;66;40m[48;2;238;62;32m▄[38;2;152;62;42m[48;2;252;70;37m▄[38;2;66;53;51m[48;2;226;72;41m▄[38;2;38;48;51m[48;2;108;56;46m▄[38;2;39;40;40m[48;2;43;51;52m▄[38;2;35;35;35m[48;2;35;37;39m▄[38;2;35;35;35m[48;2;36;36;36m▄[38;2;34;36;39m[48;2;45;45;45m▄[38;2;50;49;47m[48;2;40;42;44m▄[38;2;136;111;71m[48;2;34;36;38m▄[38;2;168;125;70m[48;2;99;84;60m▄[38;2;164;123;67m[48;2;156;119;68m▄[38;2;165;124;69m[48;2;164;121;69m▄[38;2;180;148;96m[48;2;184;148;97m▄[38;2;186;159;107m[48;2;183;153;102m▄[38;2;167;137;88m[48;2;162;132;84m▄[38;2;154;121;63m[48;2;147;115;65m▄[38;2;197;145;63m[48;2;187;140;64m▄[0m
[38;2;187;232;255m[48;2;198;240;253m▄[38;2;197;249;255m[48;2;205;252;255m▄[38;2;180;228;250m[48;2;178;227;249m▄[38;2;182;233;253m[48;2;176;231;249m▄[38;2;161;205;243m[48;2;159;205;243m▄[38;2;153;199;237m[48;2;141;183;230m▄[38;2;170;227;249m[48;2;161;215;238m▄[38;2;197;97;80m[48;2;198;92;71m▄[38;2;155;167;178m[48;2;162;163;173m▄[38;2;166;248;255m[48;2;168;235;255m▄[38;2;170;233;255m[48;2;168;225;252m▄[38;2;173;230;255m[48;2;167;224;251m▄[38;2;176;230;255m[48;2;166;223;250m▄[38;2;172;231;255m[48;2;167;225;252m▄[38;2;171;228;255m[48;2;168;224;251m▄[38;2;169;224;253m[48;2;170;222;251m▄[38;2;172;234;255m[48;2;167;220;255m▄[38;2;158;176;190m[48;2;147;208;238m▄[38;2;191;70;50m[48;2;118;86;63m▄[38;2;137;52;42m[48;2;186;75;50m▄[38;2;123;83;82m[48;2;132;40;32m▄[38;2;168;150;149m[48;2;108;24;17m▄[38;2;177;159;155m[48;2;119;38;28m▄[38;2;165;140;137m[48;2;120;39;31m▄[38;2;163;146;143m[48;2;120;29;21m▄[38;2;165;92;80m[48;2;123;32;22m▄[38;2;168;63;45m[48;2;106;32;24m▄[38;2;165;55;37m[48;2;228;76;49m▄[38;2;234;81;51m[48;2;166;57;39m▄[38;2;63;18;15m[48;2;12;0;0m▄[38;2;29;16;10m[48;2;25;5;4m▄[38;2;84;45;24m[48;2;71;33;18m▄[38;2;163;101;47m[48;2;143;86;51m▄[38;2;76;81;87m[48;2;73;84;97m▄[38;2;76;106;132m[48;2;76;106;130m▄[38;2;77;111;150m[48;2;72;113;150m▄[38;2;109;133;153m[48;2;118;112;139m▄[38;2;144;122;73m[48;2;188;70;41m▄[38;2;148;121;76m[48;2;188;75;49m▄[38;2;163;137;88m[48;2;182;82;52m▄[38;2;173;145;85m[48;2;165;84;52m▄[38;2;152;123;72m[48;2;144;84;51m▄[38;2;69;68;64m[48;2;102;76;49m▄[38;2;42;44;46m[48;2;62;68;61m▄[38;2;37;37;37m[48;2;45;50;52m▄[38;2;39;39;39m[48;2;39;39;39m▄[38;2;37;37;37m[48;2;35;35;35m▄[38;2;40;44;47m[48;2;35;34;34m▄[38;2;50;48;47m[48;2;31;35;36m▄[38;2;126;60;37m[48;2;54;59;52m▄[38;2;161;54;29m[48;2;123;106;69m▄[38;2;155;60;36m[48;2;157;132;79m▄[38;2;147;88;57m[48;2;162;128;76m▄[38;2;135;105;61m[48;2;168;126;69m▄[38;2;163;133;78m[48;2;167;126;70m▄[38;2;189;154;99m[48;2;181;150;97m▄[38;2;203;173;119m[48;2;190;163;111m▄[38;2;170;146;93m[48;2;173;143;90m▄[38;2;127;103;73m[48;2;152;121;61m▄[38;2;160;109;84m[48;2;172;127;53m▄[0m
[38;2;185;232;253m[48;2;185;234;253m▄[38;2;195;247;255m[48;2;197;249;255m▄[38;2;180;227;253m[48;2;180;228;251m▄[38;2;186;234;254m[48;2;184;233;254m▄[38;2;143;185;234m[48;2;148;191;236m▄[38;2;167;217;245m[48;2;166;217;246m▄[38;2;177;233;253m[48;2;174;240;255m▄[38;2;166;211;228m[48;2;190;118;107m▄[38;2;178;145;144m[48;2;194;86;66m▄[38;2;186;107;95m[48;2;170;154;156m▄[38;2;188;91;72m[48;2;169;189;203m▄[38;2;182;81;60m[48;2;166;212;232m▄[38;2;137;109;110m[48;2;148;193;213m▄[38;2;144;203;234m[48;2;154;197;214m▄[38;2;146;193;218m[48;2;166;210;229m▄[38;2;144;187;205m[48;2;176;227;245m▄[38;2;127;169;186m[48;2;148;191;207m▄[38;2;147;141;147m[48;2;206;79;55m▄[38;2;205;95;74m[48;2;235;70;42m▄[38;2;236;71;41m[48;2;164;77;66m▄[38;2;249;75;42m[48;2;199;158;148m▄[38;2;252;74;42m[48;2;226;148;134m▄[38;2;255;82;49m[48;2;233;96;73m▄[38;2;255;83;49m[48;2;238;84;58m▄[38;2;252;71;38m[48;2;207;135;122m▄[38;2;213;106;89m[48;2;214;232;233m▄[38;2;197;129;117m[48;2;218;161;143m▄[38;2;191;69;42m[48;2;208;99;73m▄[38;2;232;66;34m[48;2;255;82;49m▄[38;2;177;88;71m[48;2;164;53;35m▄[38;2;52;56;59m[48;2;0;0;0m▄[38;2;169;135;82m[48;2;150;97;39m▄[38;2;183;122;62m[48;2;211;138;65m▄[38;2;90;83;78m[48;2;92;84;85m▄[38;2;72;107;130m[48;2;75;104;129m▄[38;2;79;123;174m[48;2;78;116;158m▄[38;2;112;135;157m[48;2;109;132;154m▄[38;2;165;129;70m[48;2;156;122;66m▄[38;2;165;136;84m[48;2;166;130;80m▄[38;2;171;135;80m[48;2;173;136;85m▄[38;2;182;143;78m[48;2;182;143;81m▄[38;2;171;131;68m[48;2;167;124;66m▄[38;2;112;87;53m[48;2;65;58;51m▄[38;2;51;53;51m[48;2;39;41;43m▄[38;2;36;39;43m[48;2;39;39;39m▄[38;2;48;48;49m[48;2;38;39;40m▄[38;2;127;105;72m[48;2;45;47;51m▄[38;2;129;100;56m[48;2;81;79;65m▄[38;2;189;75;48m[48;2;146;57;37m▄[38;2;255;87;51m[48;2;255;67;33m▄[38;2;244;71;35m[48;2;255;71;35m▄[38;2;246;70;35m[48;2;255;71;35m▄[38;2;251;73;35m[48;2;244;67;35m▄[38;2;255;75;35m[48;2;190;60;36m▄[38;2;251;70;35m[48;2;136;69;45m▄[38;2;202;62;36m[48;2;138;111;74m▄[38;2;169;71;48m[48;2;169;158;111m▄[38;2;237;102;77m[48;2;137;105;77m▄[38;2;255;109;77m[48;2;221;136;116m▄[38;2;255;90;56m[48;2;255;138;108m▄[0m
[38;2;191;241;255m[48;2;180;226;253m▄[38;2;203;255;255m[48;2;193;244;255m▄[38;2;188;238;255m[48;2;183;229;253m▄[38;2;190;237;255m[48;2;186;232;253m▄[38;2;143;181;236m[48;2;142;182;235m▄[38;2;166;213;246m[48;2;166;219;248m▄[38;2;174;226;251m[48;2;171;226;252m▄[38;2;176;228;252m[48;2;170;230;255m▄[38;2;171;225;250m[48;2;165;237;255m▄[38;2;173;226;252m[48;2;164;234;255m▄[38;2;178;232;255m[48;2;172;226;246m▄[38;2;182;238;255m[48;2;164;186;197m▄[38;2;176;226;244m[48;2;133;156;168m▄[38;2;156;198;209m[48;2;147;204;231m▄[38;2;132;176;193m[48;2;149;204;232m▄[38;2;141;194;221m[48;2;145;200;229m▄[38;2;155;210;241m[48;2;155;214;244m▄[38;2;150;206;231m[48;2;134;195;220m▄[38;2;131;183;205m[48;2;136;189;211m▄[38;2;135;185;208m[48;2;168;111;101m▄[38;2;205;176;169m[48;2;235;74;40m▄[38;2;163;135;132m[48;2;246;77;42m▄[38;2;136;156;169m[48;2;234;80;50m▄[38;2;157;188;208m[48;2;234;80;51m▄[38;2;141;174;195m[48;2;235;85;57m▄[38;2;128;169;190m[48;2;221;82;56m▄[38;2;132;189;212m[48;2;166;71;55m▄[38;2;145;219;252m[48;2;148;92;88m▄[38;2;154;230;255m[48;2;159;157;169m▄[38;2;152;210;243m[48;2;149;197;226m▄[38;2;139;187;215m[48;2;162;217;247m▄[38;2;143;205;235m[48;2;152;208;238m▄[38;2;146;174;193m[48;2;151;184;201m▄[38;2;174;77;60m[48;2;111;110;117m▄[38;2;166;76;61m[48;2;66;98;121m▄[38;2;133;92;113m[48;2;66;131;197m▄[38;2;109;125;145m[48;2;112;137;163m▄[38;2;167;135;75m[48;2;166;129;68m▄[38;2;170;139;85m[48;2;168;138;86m▄[38;2;166;125;64m[48;2;167;129;72m▄[38;2;175;133;73m[48;2;178;139;74m▄[38;2;170;131;73m[48;2;169;130;71m▄[38;2;134;105;55m[48;2;139;108;58m▄[38;2;151;122;65m[48;2;96;84;57m▄[38;2;169;134;80m[48;2;68;63;58m▄[38;2;174;131;73m[48;2;146;112;68m▄[38;2;171;130;71m[48;2;182;138;73m▄[38;2;148;114;64m[48;2;127;100;58m▄[38;2;117;72;54m[48;2;170;90;67m▄[38;2;255;129;98m[48;2;255;116;79m▄[38;2;251;95;63m[48;2;247;80;45m▄[38;2;244;72;38m[48;2;244;68;33m▄[38;2;243;66;31m[48;2;244;67;31m▄[38;2;242;64;29m[48;2;244;66;30m▄[38;2;240;63;30m[48;2;244;66;31m▄[38;2;241;65;31m[48;2;254;69;33m▄[38;2;242;65;31m[48;2;255;75;39m▄[38;2;243;65;30m[48;2;253;79;43m▄[38;2;238;63;27m[48;2;247;75;38m▄[38;2;248;63;26m[48;2;255;72;35m▄[0m
[38;2;48;33;22m[48;2;140;172;187m▄[38;2;45;28;19m[48;2;156;190;197m▄[38;2;30;18;11m[48;2;157;191;206m▄[38;2;21;20;25m[48;2;168;207;225m▄[38;2;56;74;100m[48;2;157;197;241m▄[38;2;92;117;140m[48;2;171;215;244m▄[38;2;92;118;141m[48;2;185;233;255m▄[38;2;100;126;148m[48;2;195;245;255m▄[38;2;114;142;162m[48;2;192;243;255m▄[38;2;124;152;171m[48;2;191;243;255m▄[38;2;129;162;180m[48;2;190;244;255m▄[38;2;125;170;192m[48;2;178;239;255m▄[38;2;90;126;141m[48;2;170;226;250m▄[38;2;32;27;50m[48;2;108;120;155m▄[38;2;85;89;126m[48;2;143;192;221m▄[38;2;116;155;179m[48;2;167;230;255m▄[38;2;147;197;224m[48;2;158;214;245m▄[38;2;148;200;227m[48;2;157;214;244m▄[38;2;151;204;230m[48;2;158;216;248m▄[38;2;157;212;237m[48;2;153;206;235m▄[38;2;155;213;240m[48;2;153;185;200m▄[38;2;161;220;248m[48;2;154;218;246m▄[38;2;162;219;248m[48;2;137;193;219m▄[38;2;164;221;249m[48;2;135;189;214m▄[38;2;167;232;255m[48;2;139;195;221m▄[38;2;165;196;218m[48;2;151;217;248m▄[38;2;199;120;107m[48;2;150;218;252m▄[38;2;241;136;104m[48;2;148;180;203m▄[38;2;251;154;121m[48;2;151;168;185m▄[38;2;234;148;121m[48;2;147;181;206m▄[38;2;194;143;133m[48;2;143;209;241m▄[38;2;149;160;173m[48;2;136;177;190m▄[38;2;95;89;103m[48;2;132;103;68m▄[38;2;114;66;56m[48;2;72;80;76m▄[38;2;210;78;54m[48;2;122;83;84m▄[38;2;106;105;144m[48;2;212;73;55m▄[38;2;100;132;160m[48;2;106;117;133m▄[38;2;172;135;74m[48;2;169;142;82m▄[38;2;154;126;79m[48;2;163;131;78m▄[38;2;168;135;82m[48;2;174;132;70m▄[38;2;162;131;87m[48;2;181;138;76m▄[38;2;162;132;83m[48;2;177;139;76m▄[38;2;137;114;70m[48;2;137;109;53m▄[38;2;144;113;67m[48;2;156;118;58m▄[38;2;165;131;82m[48;2;175;137;79m▄[38;2;161;127;79m[48;2;173;131;75m▄[38;2;154;123;80m[48;2;174;130;72m▄[38;2;160;123;76m[48;2;174;128;68m▄[38;2;127;100;63m[48;2;95;66;36m▄[38;2;119;62;47m[48;2;207;98;77m▄[38;2;207;114;93m[48;2;255;108;74m▄[38;2;206;79;51m[48;2;249;77;42m▄[38;2;211;69;38m[48;2;243;62;26m▄[38;2;210;67;36m[48;2;241;60;25m▄[38;2;197;70;43m[48;2;242;60;24m▄[38;2;184;81;59m[48;2;244;60;23m▄[38;2;211;68;38m[48;2;243;63;26m▄[38;2;220;59;24m[48;2;237;63;27m▄[38;2;214;53;19m[48;2;227;58;23m▄[38;2;222;54;20m[48;2;232;58;19m▄[0m
[38;2;37;56;88m[48;2;28;15;13m▄[38;2;47;74;111m[48;2;23;18;22m▄[38;2;51;80;121m[48;2;24;33;53m▄[38;2;53;80;123m[48;2;37;55;87m▄[38;2;48;78;117m[48;2;40;67;106m▄[38;2;46;78;118m[48;2;44;74;130m▄[38;2;51;84;134m[48;2;46;77;135m▄[38;2;56;89;144m[48;2;44;73;130m▄[38;2;56;90;144m[48;2;41;70;124m▄[38;2;52;86;139m[48;2;40;68;119m▄[38;2;51;84;135m[48;2;41;69;119m▄[38;2;49;83;132m[48;2;43;69;117m▄[38;2;51;84;137m[48;2;41;65;109m▄[38;2;72;97;137m[48;2;34;62;103m▄[38;2;82;102;133m[48;2;33;57;102m▄[38;2;58;91;143m[48;2;37;57;97m▄[38;2;62;91;134m[48;2;47;73;111m▄[38;2;60;90;136m[48;2;51;78;117m▄[38;2;59;89;141m[48;2;57;85;123m▄[38;2;55;84;136m[48;2;65;94;129m▄[38;2;64;87;126m[48;2;65;93;123m▄[38;2;53;81;128m[48;2;66;93;119m▄[38;2;52;76;126m[48;2;72;98;124m▄[38;2;56;76;116m[48;2;86;115;143m▄[38;2;45;70;119m[48;2;97;134;161m▄[38;2;41;74;127m[48;2;116;68;68m▄[38;2;38;77;131m[48;2;174;83;63m▄[38;2;38;72;124m[48;2;199;153;130m▄[38;2;36;47;68m[48;2;211;156;134m▄[38;2;44;30;22m[48;2;224;163;136m▄[38;2;56;38;27m[48;2;234;156;124m▄[38;2;78;43;31m[48;2;214;81;54m▄[38;2;95;45;28m[48;2;177;79;81m▄[38;2;79;31;17m[48;2;239;80;50m▄[38;2;39;37;41m[48;2;117;90;96m▄[38;2;56;99;153m[48;2;66;136;208m▄[38;2;102;119;142m[48;2;112;133;160m▄[38;2;154;117;61m[48;2;165;125;64m▄[38;2;167;132;77m[48;2;156;129;83m▄[38;2;165;133;86m[48;2;143;128;104m▄[38;2;156;128;83m[48;2;121;117;113m▄[38;2;154;130;87m[48;2;146;127;93m▄[38;2;127;102;64m[48;2;128;117;97m▄[38;2;145;112;59m[48;2;118;114;109m▄[38;2;165;127;76m[48;2;140;125;101m▄[38;2;160;131;89m[48;2;138;125;106m▄[38;2;153;124;76m[48;2;120;114;104m▄[38;2;137;104;65m[48;2;123;116;111m▄[38;2;146;108;71m[48;2;121;115;107m▄[38;2;139;109;72m[48;2;88;83;80m▄[38;2;90;45;31m[48;2;117;75;66m▄[38;2;192;58;28m[48;2;199;81;50m▄[38;2;191;60;28m[48;2;140;106;100m▄[38;2;199;53;18m[48;2;147;93;80m▄[38;2;183;60;31m[48;2;167;86;67m▄[38;2;178;51;21m[48;2;124;104;101m▄[38;2;172;52;23m[48;2;126;112;110m▄[38;2;180;47;16m[48;2;185;59;31m▄[38;2;177;52;25m[48;2;210;45;15m▄[38;2;194;56;26m[48;2;216;51;21m▄[0m
[38;2;50;83;123m[48;2;52;86;129m▄[38;2;57;94;143m[48;2;54;91;136m▄[38;2;54;85;128m[48;2;50;79;118m▄[38;2;52;86;127m[48;2;50;78;118m▄[38;2;52;87;135m[48;2;49;81;123m▄[38;2;53;90;143m[48;2;48;81;125m▄[38;2;55;91;143m[48;2;47;81;124m▄[38;2;54;92;142m[48;2;50;83;131m▄[38;2;53;91;142m[48;2;50;83;132m▄[38;2;53;88;133m[48;2;49;80;124m▄[38;2;55;86;129m[48;2;49;80;122m▄[38;2;53;88;130m[48;2;47;80;121m▄[38;2;52;87;133m[48;2;47;79;124m▄[38;2;58;91;135m[48;2;87;99;122m▄[38;2;55;87;132m[48;2;110;111;117m▄[38;2;58;88;126m[48;2;77;92;115m▄[38;2;58;91;134m[48;2;82;101;126m▄[38;2;61;95;143m[48;2;113;119;128m▄[38;2;61;95;143m[48;2;106;114;127m▄[38;2;59;93;143m[48;2;93;106;126m▄[38;2;52;86;135m[48;2;93;102;117m▄[38;2;56;90;135m[48;2;104;111;122m▄[38;2;58;91;137m[48;2;106;113;126m▄[38;2;54;88;133m[48;2;91;100;114m▄[38;2;52;80;124m[48;2;55;91;145m▄[38;2;50;62;81m[48;2;57;95;156m▄[38;2;59;52;45m[48;2;51;82;128m▄[38;2;71;55;40m[48;2;50;57;71m▄[38;2;69;56;42m[48;2;54;43;32m▄[38;2;59;47;34m[48;2;57;48;32m▄[38;2;34;26;22m[48;2;60;50;37m▄[38;2;21;25;38m[48;2;42;35;25m▄[38;2;36;56;87m[48;2;14;15;13m▄[38;2;52;84;129m[48;2;9;23;36m▄[38;2;55;92;142m[48;2;30;51;81m▄[38;2;44;86;145m[48;2;34;65;118m▄[38;2;94;104;119m[48;2;84;91;103m▄[38;2;171;139;88m[48;2;140;125;97m▄[38;2;179;151;103m[48;2;126;118;110m▄[38;2;176;147;101m[48;2;136;123;105m▄[38;2;175;145;97m[48;2;123;115;102m▄[38;2;178;150;102m[48;2;129;121;110m▄[38;2;157;130;85m[48;2;118;110;98m▄[38;2;164;131;81m[48;2;135;116;81m▄[38;2;168;136;92m[48;2;123;114;104m▄[38;2;169;140;95m[48;2;134;121;106m▄[38;2;158;133;94m[48;2;124;118;108m▄[38;2;161;122;79m[48;2;113;107;101m▄[38;2;159;118;76m[48;2;117;112;107m▄[38;2;155;119;84m[48;2;122;114;106m▄[38;2;168;129;87m[48;2;107;101;97m▄[38;2;124;99;70m[48;2;96;72;71m▄[38;2;102;58;47m[48;2;150;114;109m▄[38;2;167;81;61m[48;2;134;103;97m▄[38;2;175;77;54m[48;2;134;111;107m▄[38;2;174;73;49m[48;2;142;102;94m▄[38;2;167;77;51m[48;2;130;98;92m▄[38;2;163;73;49m[48;2;126;104;97m▄[38;2;168;68;43m[48;2;123;104;101m▄[38;2;182;64;36m[48;2;164;75;54m▄[0m
