[38;2;254;254;254m[48;2;254;254;254m▄[38;2;255;255;255m[48;2;254;254;254m▄[38;2;255;255;255m[48;2;254;254;254m▄[38;2;255;255;255m[48;2;254;254;254m▄[38;2;255;255;255m[48;2;254;254;254m▄[38;2;255;255;255m[48;2;254;254;254m▄[38;2;255;255;255m[48;2;254;254;254m▄[38;2;255;255;255m[48;2;254;254;254m▄[38;2;255;255;255m[48;2;254;254;254m▄[38;2;255;255;255m[48;2;254;254;254m▄[38;2;255;255;255m[48;2;254;254;254m▄[38;2;255;255;255m[48;2;254;254;254m▄[38;2;255;255;255m[48;2;254;254;254m▄[38;2;255;255;255m[48;2;254;254;254m▄[38;2;255;255;255m[48;2;254;254;254m▄[38;2;255;255;255m[48;2;254;254;254m▄[38;2;255;255;255m[48;2;254;254;254m▄[38;2;255;255;255m[48;2;254;254;254m▄[38;2;255;255;255m[48;2;254;254;254m▄[38;2;255;255;255m[48;2;254;254;254m▄[38;2;255;255;255m[48;2;254;254;254m▄[38;2;255;255;255m[48;2;254;254;254m▄[38;2;255;255;255m[48;2;254;254;254m▄[38;2;255;255;255m[48;2;254;254;254m▄[38;2;255;255;255m[48;2;254;254;254m▄[38;2;255;255;255m[48;2;254;254;254m▄[38;2;255;255;255m[48;2;254;254;254m▄[38;2;255;255;255m[48;2;254;254;254m▄[38;2;255;255;255m[48;2;254;254;254m▄[38;2;255;255;255m[48;2;254;254;254m▄[38;2;255;255;255m[48;2;254;254;254m▄[38;2;255;255;255m[48;2;245;243;245m▄[38;2;175;192;169m[48;2;162;177;154m▄[38;2;177;205;169m[48;2;164;189;152m▄[38;2;178;203;170m[48;2;164;189;154m▄[38;2;178;200;169m[48;2;164;189;156m▄[38;2;178;199;164m[48;2;166;187;156m▄[38;2;175;202;152m[48;2;166;189;150m▄[38;2;133;159;184m[48;2;154;171;160m▄[38;2;104;131;224m[48;2;142;160;169m▄[38;2;90;120;210m[48;2;144;168;171m▄[38;2;103;132;221m[48;2;135;158;162m▄[38;2;104;132;223m[48;2;137;156;160m▄[38;2;102;130;225m[48;2;139;158;162m▄[38;2;101;128;230m[48;2;137;154;160m▄[38;2;101;125;231m[48;2;135;150;160m▄[38;2;97;126;229m[48;2;129;148;158m▄[38;2;91;123;224m[48;2;127;146;158m▄[38;2;94;126;224m[48;2;131;152;162m▄[38;2;95;129;226m[48;2;133;154;164m▄[38;2;93;126;228m[48;2;121;142;160m▄[38;2;92;125;231m[48;2;115;139;166m▄[38;2;92;123;234m[48;2;119;144;181m▄[38;2;85;119;231m[48;2;108;135;179m▄[38;2;85;118;228m[48;2;112;135;179m▄[38;2;82;114;224m[48;2;117;139;185m▄[38;2;82;112;225m[48;2;119;142;185m▄[38;2;71;100;206m[48;2;121;144;181m▄[38;2;146;181;194m[48;2;160;195;187m▄[38;2;201;240;213m[48;2;185;222;198m▄[0m
[38;2;254;254;254m[48;2;254;254;254m▄[38;2;255;255;255m[48;2;255;255;255m▄[38;2;255;255;255m[48;2;255;255;255m▄[38;2;255;255;255m[48;2;255;255;255m▄[38;2;255;255;255m[48;2;255;255;255m▄[38;2;255;255;255m[48;2;255;255;255m▄[38;2;255;255;255m[48;2;255;255;255m▄[38;2;255;255;255m[48;2;255;255;255m▄[38;2;255;255;255m[48;2;255;255;255m▄[38;2;255;255;255m[48;2;255;255;255m▄[38;2;255;255;255m[48;2;255;255;255m▄[38;2;255;255;255m[48;2;255;255;255m▄[38;2;255;255;255m[48;2;255;255;255m▄[38;2;255;255;255m[48;2;255;255;255m▄[38;2;255;255;255m[48;2;255;255;255m▄[38;2;255;255;255m[48;2;255;255;255m▄[38;2;255;255;255m[48;2;255;255;255m▄[38;2;255;255;255m[48;2;255;255;255m▄[38;2;255;255;255m[48;2;255;255;255m▄[38;2;255;255;255m[48;2;255;255;255m▄[38;2;255;255;255m[48;2;255;255;255m▄[38;2;255;255;255m[48;2;255;255;255m▄[38;2;255;255;255m[48;2;255;255;255m▄[38;2;255;255;255m[48;2;255;255;255m▄[38;2;255;255;255m[48;2;255;255;255m▄[38;2;255;255;255m[48;2;255;255;255m▄[38;2;255;255;255m[48;2;255;255;255m▄[38;2;255;255;255m[48;2;255;255;255m▄[38;2;255;255;255m[48;2;255;255;255m▄[38;2;255;255;255m[48;2;255;255;255m▄[38;2;255;255;255m[48;2;255;255;255m▄[38;2;245;243;244m[48;2;244;243;243m▄[38;2;164;178;155m[48;2;163;180;159m▄[38;2;167;192;151m[48;2;166;193;159m▄[38;2;166;191;149m[48;2;167;190;157m▄[38;2;164;189;143m[48;2;166;185;149m▄[38;2;159;183;133m[48;2;160;182;140m▄[38;2;158;182;129m[48;2;155;181;130m▄[38;2;117;136;171m[48;2;117;137;169m▄[38;2;81;105;209m[48;2;84;107;215m▄[38;2;61;90;197m[48;2;58;86;194m▄[38;2;86;124;218m[48;2;97;131;229m▄[38;2;65;118;172m[48;2;84;127;209m▄[38;2;91;159;191m[48;2;91;140;217m▄[38;2;85;156;182m[48;2;86;136;214m▄[38;2;71;136;177m[48;2;85;136;219m▄[38;2;84;128;219m[48;2;92;135;234m▄[38;2;82;123;223m[48;2;81;123;224m▄[38;2;91;129;231m[48;2;92;132;234m▄[38;2;57;104;186m[48;2;83;125;223m▄[38;2;77;139;187m[48;2;83;128;215m▄[38;2;81;147;191m[48;2;87;135;218m▄[38;2;77;147;188m[48;2;81;131;211m▄[38;2;71;133;188m[48;2;88;135;221m▄[38;2;89;132;229m[48;2;96;138;237m▄[38;2;83;123;223m[48;2;84;124;225m▄[38;2;74;107;208m[48;2;72;102;207m▄[38;2;67;96;198m[48;2;62;89;191m▄[38;2;101;135;154m[48;2;111;141;156m▄[38;2;173;207;186m[48;2;172;205;181m▄[0m
[38;2;254;254;254m[48;2;254;254;254m▄[38;2;255;255;255m[48;2;255;255;255m▄[38;2;255;255;255m[48;2;255;255;255m▄[38;2;255;255;255m[48;2;255;255;255m▄[38;2;255;255;255m[48;2;255;255;255m▄[38;2;255;255;255m[48;2;255;255;255m▄[38;2;255;255;255m[48;2;255;255;255m▄[38;2;255;255;255m[48;2;255;255;255m▄[38;2;255;255;255m[48;2;255;255;255m▄[38;2;255;255;255m[48;2;255;255;255m▄[38;2;255;255;255m[48;2;255;255;255m▄[38;2;255;255;255m[48;2;255;255;255m▄[38;2;255;255;255m[48;2;255;255;255m▄[38;2;255;255;255m[48;2;255;255;255m▄[38;2;255;255;255m[48;2;255;255;255m▄[38;2;255;255;255m[48;2;255;255;255m▄[38;2;255;255;255m[48;2;255;255;255m▄[38;2;255;255;255m[48;2;255;255;255m▄[38;2;255;255;255m[48;2;255;255;255m▄[38;2;255;255;255m[48;2;255;255;255m▄[38;2;255;255;255m[48;2;255;255;255m▄[38;2;255;255;255m[48;2;255;255;255m▄[38;2;255;255;255m[48;2;255;255;255m▄[38;2;255;255;255m[48;2;255;255;255m▄[38;2;255;255;255m[48;2;255;255;255m▄[38;2;255;255;255m[48;2;255;255;255m▄[38;2;255;255;255m[48;2;255;255;255m▄[38;2;255;255;255m[48;2;255;255;255m▄[38;2;255;255;255m[48;2;255;255;255m▄[38;2;255;255;255m[48;2;255;255;255m▄[38;2;255;255;255m[48;2;255;255;255m▄[38;2;244;243;244m[48;2;244;243;244m▄[38;2;160;179;151m[48;2;162;178;151m▄[38;2;165;193;148m[48;2;166;194;148m▄[38;2;167;190;148m[48;2;167;192;149m▄[38;2;165;188;147m[48;2;166;191;148m▄[38;2;162;186;143m[48;2;161;186;138m▄[38;2;158;183;134m[48;2;158;183;128m▄[38;2;111;128;167m[48;2;117;137;167m▄[38;2;71;94;205m[48;2;77;102;206m▄[38;2;53;84;188m[48;2;55;83;188m▄[38;2;101;138;233m[48;2;97;133;228m▄[38;2;101;138;238m[48;2;77;120;205m▄[38;2;97;134;237m[48;2;87;132;210m▄[38;2;97;134;239m[48;2;83;128;205m▄[38;2;99;136;240m[48;2;79;124;204m▄[38;2;98;136;236m[48;2;93;133;226m▄[38;2;83;122;221m[48;2;82;123;220m▄[38;2;92;129;231m[48;2;91;129;232m▄[38;2;99;138;239m[48;2;78;120;213m▄[38;2;98;136;238m[48;2;79;126;205m▄[38;2;96;133;237m[48;2;84;135;213m▄[38;2;99;135;239m[48;2;75;128;203m▄[38;2;98;135;237m[48;2;78;126;207m▄[38;2;97;137;236m[48;2;95;136;233m▄[38;2;83;124;224m[48;2;83;125;223m▄[38;2;76;111;213m[48;2;78;113;214m▄[38;2;63;94;199m[48;2;65;96;199m▄[38;2;100;134;156m[48;2;97;130;153m▄[38;2;174;210;187m[48;2;173;208;186m▄[0m
[38;2;254;254;254m[48;2;254;254;254m▄[38;2;255;255;255m[48;2;255;255;255m▄[38;2;255;255;255m[48;2;255;255;255m▄[38;2;255;255;255m[48;2;255;255;255m▄[38;2;255;255;255m[48;2;255;255;255m▄[38;2;255;255;255m[48;2;255;255;255m▄[38;2;255;255;255m[48;2;255;255;255m▄[38;2;255;255;255m[48;2;255;255;255m▄[38;2;255;255;255m[48;2;255;255;255m▄[38;2;255;255;255m[48;2;255;255;255m▄[38;2;255;255;255m[48;2;255;255;255m▄[38;2;255;255;255m[48;2;255;255;255m▄[38;2;255;255;255m[48;2;255;255;255m▄[38;2;255;255;255m[48;2;255;255;255m▄[38;2;255;255;255m[48;2;255;255;255m▄[38;2;255;255;255m[48;2;255;255;255m▄[38;2;255;255;255m[48;2;255;255;255m▄[38;2;255;255;255m[48;2;255;255;255m▄[38;2;255;255;255m[48;2;255;255;255m▄[38;2;255;255;255m[48;2;255;255;255m▄[38;2;255;255;255m[48;2;255;255;255m▄[38;2;255;255;255m[48;2;255;255;255m▄[38;2;255;255;255m[48;2;255;255;255m▄[38;2;255;255;255m[48;2;255;255;255m▄[38;2;255;255;255m[48;2;255;255;255m▄[38;2;255;255;255m[48;2;255;255;255m▄[38;2;255;255;255m[48;2;255;255;255m▄[38;2;255;255;255m[48;2;255;255;255m▄[38;2;255;255;255m[48;2;255;255;255m▄[38;2;255;255;255m[48;2;255;255;255m▄[38;2;255;255;255m[48;2;255;255;255m▄[38;2;244;243;244m[48;2;244;243;244m▄[38;2;156;171;138m[48;2;161;176;147m▄[38;2;156;183;129m[48;2;164;188;142m▄[38;2;156;182;130m[48;2;161;184;141m▄[38;2;160;185;134m[48;2;162;185;142m▄[38;2;163;185;137m[48;2;162;186;143m▄[38;2;162;183;137m[48;2;160;184;142m▄[38;2;105;124;171m[48;2;105;123;173m▄[38;2;64;85;200m[48;2;67;90;206m▄[38;2;52;81;186m[48;2;53;83;186m▄[38;2;101;139;235m[48;2;101;137;233m▄[38;2;95;137;229m[48;2;97;136;233m▄[38;2;96;136;228m[48;2;97;135;235m▄[38;2;97;135;230m[48;2;96;134;234m▄[38;2;97;135;233m[48;2;96;134;235m▄[38;2;98;136;236m[48;2;98;136;238m▄[38;2;81;122;222m[48;2;80;121;221m▄[38;2;91;130;231m[48;2;91;130;231m▄[38;2;98;135;235m[48;2;98;136;236m▄[38;2;96;135;233m[48;2;97;134;234m▄[38;2;97;136;235m[48;2;96;134;235m▄[38;2;98;136;236m[48;2;96;134;234m▄[38;2;98;136;236m[48;2;97;135;234m▄[38;2;98;136;237m[48;2;98;136;236m▄[38;2;90;130;229m[48;2;86;126;226m▄[38;2;72;107;204m[48;2;72;106;208m▄[38;2;62;87;194m[48;2;62;88;197m▄[38;2;90;123;157m[48;2;94;127;157m▄[38;2;165;205;179m[48;2;172;211;188m▄[0m
[38;2;249;249;249m[48;2;254;254;254m▄[38;2;249;249;249m[48;2;255;255;255m▄[38;2;249;249;249m[48;2;255;255;255m▄[38;2;249;249;249m[48;2;255;255;255m▄[38;2;249;249;249m[48;2;255;255;255m▄[38;2;249;249;249m[48;2;255;255;255m▄[38;2;249;249;249m[48;2;255;255;255m▄[38;2;249;249;249m[48;2;255;255;255m▄[38;2;249;249;249m[48;2;255;255;255m▄[38;2;249;249;249m[48;2;255;255;255m▄[38;2;249;249;249m[48;2;255;255;255m▄[38;2;249;249;249m[48;2;255;255;255m▄[38;2;249;249;249m[48;2;255;255;255m▄[38;2;249;249;249m[48;2;255;255;255m▄[38;2;249;249;249m[48;2;255;255;255m▄[38;2;249;249;249m[48;2;255;255;255m▄[38;2;249;249;249m[48;2;255;255;255m▄[38;2;249;249;249m[48;2;255;255;255m▄[38;2;249;249;249m[48;2;255;255;255m▄[38;2;249;249;249m[48;2;255;255;255m▄[38;2;249;249;249m[48;2;255;255;255m▄[38;2;249;249;249m[48;2;255;255;255m▄[38;2;249;249;249m[48;2;255;255;255m▄[38;2;249;249;249m[48;2;255;255;255m▄[38;2;249;249;249m[48;2;255;255;255m▄[38;2;249;249;249m[48;2;255;255;255m▄[38;2;249;249;249m[48;2;255;255;255m▄[38;2;249;249;249m[48;2;255;255;255m▄[38;2;249;249;249m[48;2;255;255;255m▄[38;2;249;249;249m[48;2;255;255;255m▄[38;2;249;249;249m[48;2;255;255;255m▄[38;2;238;237;239m[48;2;245;244;246m▄[38;2;151;160;121m[48;2;154;171;138m▄[38;2;161;178;120m[48;2;153;182;128m▄[38;2;164;184;133m[48;2;155;183;130m▄[38;2;157;180;129m[48;2;159;187;133m▄[38;2;156;180;128m[48;2;160;187;134m▄[38;2;163;186;139m[48;2;165;190;140m▄[38;2;104;123;165m[48;2;105;123;170m▄[38;2;59;80;186m[48;2;61;83;201m▄[38;2;52;81;174m[48;2;51;80;187m▄[38;2;102;134;222m[48;2;100;138;234m▄[38;2;97;132;221m[48;2;94;135;229m▄[38;2;96;132;220m[48;2;95;135;229m▄[38;2;96;134;220m[48;2;96;136;232m▄[38;2;97;135;221m[48;2;97;136;233m▄[38;2;98;136;223m[48;2;97;136;236m▄[38;2;84;122;208m[48;2;82;122;223m▄[38;2;91;129;217m[48;2;90;129;232m▄[38;2;96;134;222m[48;2;96;134;236m▄[38;2;95;133;222m[48;2;95;134;236m▄[38;2;95;132;224m[48;2;97;135;237m▄[38;2;95;135;224m[48;2;97;135;237m▄[38;2;96;134;222m[48;2;96;134;237m▄[38;2;97;136;223m[48;2;98;135;237m▄[38;2;94;133;220m[48;2;95;132;232m▄[38;2;68;103;188m[48;2;68;103;199m▄[38;2;54;87;182m[48;2;55;85;191m▄[38;2;91;121;153m[48;2;91;123;160m▄[38;2;161;199;168m[48;2;165;207;177m▄[0m
[38;2;254;254;254m[48;2;242;242;242m▄[38;2;255;255;255m[48;2;243;243;243m▄[38;2;255;255;255m[48;2;242;242;242m▄[38;2;255;255;255m[48;2;242;242;242m▄[38;2;255;255;255m[48;2;242;242;242m▄[38;2;255;255;255m[48;2;242;242;242m▄[38;2;255;255;255m[48;2;242;242;242m▄[38;2;255;255;255m[48;2;242;242;242m▄[38;2;255;255;255m[48;2;242;242;242m▄[38;2;255;255;255m[48;2;242;242;242m▄[38;2;255;255;255m[48;2;242;242;242m▄[38;2;255;255;255m[48;2;242;242;242m▄[38;2;255;255;255m[48;2;242;242;242m▄[38;2;255;255;255m[48;2;242;242;242m▄[38;2;255;255;255m[48;2;242;242;242m▄[38;2;255;255;255m[48;2;242;242;242m▄[38;2;255;255;255m[48;2;242;242;242m▄[38;2;255;255;255m[48;2;242;242;242m▄[38;2;255;255;255m[48;2;242;242;242m▄[38;2;255;255;255m[48;2;242;242;242m▄[38;2;255;255;255m[48;2;242;242;242m▄[38;2;255;255;255m[48;2;242;242;242m▄[38;2;255;255;255m[48;2;242;242;242m▄[38;2;255;255;255m[48;2;242;242;242m▄[38;2;255;255;255m[48;2;242;242;242m▄[38;2;255;255;255m[48;2;242;242;242m▄[38;2;255;255;255m[48;2;242;242;242m▄[38;2;255;255;255m[48;2;242;242;242m▄[38;2;255;255;255m[48;2;242;242;242m▄[38;2;255;255;255m[48;2;242;241;242m▄[38;2;255;255;255m[48;2;242;242;242m▄[38;2;246;245;246m[48;2;231;230;231m▄[38;2;163;178;157m[48;2;155;165;139m▄[38;2;164;190;158m[48;2;165;182;143m▄[38;2;164;186;158m[48;2;166;185;150m▄[38;2;164;185;156m[48;2;163;183;148m▄[38;2;163;185;150m[48;2;161;178;142m▄[38;2;163;185;139m[48;2;159;177;141m▄[38;2;124;146;169m[48;2;138;158;150m▄[38;2;95;121;212m[48;2;124;143;158m▄[38;2;79;108;197m[48;2;124;146;157m▄[38;2;92;122;211m[48;2;128;149;165m▄[38;2;91;121;213m[48;2;128;149;167m▄[38;2;89;118;214m[48;2;128;149;166m▄[38;2;89;116;219m[48;2;126;147;164m▄[38;2;87;115;219m[48;2;124;145;164m▄[38;2;85;115;216m[48;2;121;144;162m▄[38;2;79;111;213m[48;2;117;141;157m▄[38;2;83;115;212m[48;2;122;145;160m▄[38;2;85;117;215m[48;2;124;146;164m▄[38;2;83;114;217m[48;2;114;136;156m▄[38;2;81;114;219m[48;2;108;135;163m▄[38;2;81;112;222m[48;2;114;140;176m▄[38;2;77;108;218m[48;2;108;134;174m▄[38;2;77;108;213m[48;2;110;135;173m▄[38;2;73;102;210m[48;2;114;138;177m▄[38;2;74;99;213m[48;2;112;135;176m▄[38;2;62;88;192m[48;2;107;133;171m▄[38;2;137;167;178m[48;2;140;172;172m▄[38;2;188;224;199m[48;2;171;205;183m▄[0m
[38;2;254;254;254m[48;2;254;254;254m▄[38;2;255;255;255m[48;2;255;255;255m▄[38;2;255;255;255m[48;2;255;255;255m▄[38;2;255;255;255m[48;2;255;255;255m▄[38;2;255;255;255m[48;2;255;255;255m▄[38;2;255;255;255m[48;2;255;255;255m▄[38;2;255;255;255m[48;2;255;255;255m▄[38;2;255;255;255m[48;2;255;255;255m▄[38;2;255;255;255m[48;2;255;255;255m▄[38;2;255;255;255m[48;2;255;255;255m▄[38;2;255;255;255m[48;2;255;255;255m▄[38;2;255;255;255m[48;2;255;255;255m▄[38;2;255;255;255m[48;2;255;255;255m▄[38;2;255;255;255m[48;2;255;255;255m▄[38;2;255;255;255m[48;2;255;255;255m▄[38;2;255;255;255m[48;2;255;255;255m▄[38;2;255;255;255m[48;2;255;255;255m▄[38;2;255;255;255m[48;2;255;255;255m▄[38;2;255;255;255m[48;2;255;255;255m▄[38;2;255;255;255m[48;2;255;255;255m▄[38;2;255;255;255m[48;2;255;255;255m▄[38;2;255;255;255m[48;2;255;255;255m▄[38;2;255;255;255m[48;2;255;255;255m▄[38;2;255;255;255m[48;2;255;255;255m▄[38;2;255;255;255m[48;2;255;255;255m▄[38;2;255;255;255m[48;2;255;255;255m▄[38;2;255;255;255m[48;2;255;255;255m▄[38;2;255;255;255m[48;2;255;255;255m▄[38;2;255;255;255m[48;2;255;255;255m▄[38;2;255;255;255m[48;2;255;255;255m▄[38;2;255;255;255m[48;2;255;255;255m▄[38;2;245;243;244m[48;2;244;243;243m▄[38;2;164;178;154m[48;2;164;180;158m▄[38;2;166;192;150m[48;2;167;192;160m▄[38;2;168;191;149m[48;2;167;189;157m▄[38;2;165;189;145m[48;2;163;185;148m▄[38;2;157;183;136m[48;2;158;182;141m▄[38;2;157;182;130m[48;2;156;181;131m▄[38;2;116;136;170m[48;2;117;138;171m▄[38;2;81;105;211m[48;2;84;108;215m▄[38;2;58;92;196m[48;2;57;87;193m▄[38;2;86;124;218m[48;2;95;131;229m▄[38;2;64;117;172m[48;2;83;128;205m▄[38;2;92;159;187m[48;2;91;142;214m▄[38;2;85;155;181m[48;2;85;139;210m▄[38;2;70;134;176m[48;2;83;137;215m▄[38;2;84;128;218m[48;2;92;134;232m▄[38;2;85;124;224m[48;2;81;123;222m▄[38;2;91;131;234m[48;2;92;132;234m▄[38;2;58;104;185m[48;2;82;124;218m▄[38;2;79;138;188m[48;2;83;130;214m▄[38;2;80;148;189m[48;2;86;136;215m▄[38;2;78;149;186m[48;2;82;133;209m▄[38;2;70;132;187m[48;2;85;137;220m▄[38;2;88;132;230m[48;2;95;139;238m▄[38;2;82;124;223m[48;2;84;125;225m▄[38;2;75;107;208m[48;2;71;100;207m▄[38;2;66;96;199m[48;2;63;90;192m▄[38;2;100;135;152m[48;2;110;141;154m▄[38;2;174;208;185m[48;2;170;205;181m▄[0m
[38;2;254;254;254m[48;2;254;254;254m▄[38;2;255;255;255m[48;2;255;255;255m▄[38;2;255;255;255m[48;2;255;255;255m▄[38;2;255;255;255m[48;2;255;255;255m▄[38;2;255;255;255m[48;2;255;255;255m▄[38;2;255;255;255m[48;2;255;255;255m▄[38;2;255;255;255m[48;2;255;255;255m▄[38;2;255;255;255m[48;2;255;255;255m▄[38;2;255;255;255m[48;2;255;255;255m▄[38;2;255;255;255m[48;2;255;255;255m▄[38;2;255;255;255m[48;2;255;255;255m▄[38;2;255;255;255m[48;2;255;255;255m▄[38;2;255;255;255m[48;2;255;255;255m▄[38;2;255;255;255m[48;2;255;255;255m▄[38;2;255;255;255m[48;2;255;255;255m▄[38;2;255;255;255m[48;2;255;255;255m▄[38;2;255;255;255m[48;2;255;255;255m▄[38;2;255;255;255m[48;2;255;255;255m▄[38;2;255;255;255m[48;2;255;255;255m▄[38;2;255;255;255m[48;2;255;255;255m▄[38;2;255;255;255m[48;2;255;255;255m▄[38;2;255;255;255m[48;2;255;255;255m▄[38;2;255;255;255m[48;2;255;255;255m▄[38;2;255;255;255m[48;2;255;255;255m▄[38;2;255;255;255m[48;2;255;255;255m▄[38;2;255;255;255m[48;2;255;255;255m▄[38;2;255;255;255m[48;2;255;255;255m▄[38;2;255;255;255m[48;2;255;255;255m▄[38;2;255;255;255m[48;2;255;255;255m▄[38;2;255;255;255m[48;2;255;255;255m▄[38;2;255;255;255m[48;2;255;255;255m▄[38;2;245;243;244m[48;2;245;243;244m▄[38;2;161;179;150m[48;2;161;179;150m▄[38;2;164;193;148m[48;2;165;194;148m▄[38;2;166;190;149m[48;2;167;192;150m▄[38;2;165;188;149m[48;2;166;191;148m▄[38;2;162;186;143m[48;2;160;186;138m▄[38;2;160;183;136m[48;2;158;183;129m▄[38;2;108;128;167m[48;2;117;137;167m▄[38;2;72;93;203m[48;2;76;102;205m▄[38;2;56;83;188m[48;2;55;84;189m▄[38;2;100;138;233m[48;2;97;134;230m▄[38;2;99;138;237m[48;2;80;120;208m▄[38;2;97;133;238m[48;2;88;132;213m▄[38;2;97;134;237m[48;2;83;128;209m▄[38;2;100;136;238m[48;2;80;126;208m▄[38;2;97;136;235m[48;2;92;133;228m▄[38;2;82;121;221m[48;2;84;122;223m▄[38;2;92;129;231m[48;2;92;130;233m▄[38;2;100;137;240m[48;2;81;121;216m▄[38;2;98;136;240m[48;2;81;125;210m▄[38;2;98;135;237m[48;2;87;134;216m▄[38;2;99;137;240m[48;2;80;128;206m▄[38;2;99;136;238m[48;2;81;127;210m▄[38;2;98;138;237m[48;2;94;137;235m▄[38;2;83;125;224m[48;2;84;125;224m▄[38;2;73;112;211m[48;2;77;114;213m▄[38;2;63;94;198m[48;2;64;96;198m▄[38;2;101;134;160m[48;2;97;132;153m▄[38;2;177;210;188m[48;2;175;209;187m▄[0m
[38;2;254;254;254m[48;2;254;254;254m▄[38;2;255;255;255m[48;2;255;255;255m▄[38;2;255;255;255m[48;2;255;255;255m▄[38;2;255;255;255m[48;2;255;255;255m▄[38;2;255;255;255m[48;2;255;255;255m▄[38;2;255;255;255m[48;2;255;255;255m▄[38;2;255;255;255m[48;2;255;255;255m▄[38;2;255;255;255m[48;2;255;255;255m▄[38;2;255;255;255m[48;2;255;255;255m▄[38;2;255;255;255m[48;2;255;255;255m▄[38;2;255;255;255m[48;2;255;255;255m▄[38;2;255;255;255m[48;2;255;255;255m▄[38;2;255;255;255m[48;2;255;255;255m▄[38;2;255;255;255m[48;2;255;255;255m▄[38;2;255;255;255m[48;2;255;255;255m▄[38;2;255;255;255m[48;2;255;255;255m▄[38;2;255;255;255m[48;2;255;255;255m▄[38;2;255;255;255m[48;2;255;255;255m▄[38;2;255;255;255m[48;2;255;255;255m▄[38;2;255;255;255m[48;2;255;255;255m▄[38;2;255;255;255m[48;2;255;255;255m▄[38;2;255;255;255m[48;2;255;255;255m▄[38;2;255;255;255m[48;2;255;255;255m▄[38;2;255;255;255m[48;2;255;255;255m▄[38;2;255;255;255m[48;2;255;255;255m▄[38;2;255;255;255m[48;2;255;255;255m▄[38;2;255;255;255m[48;2;255;255;255m▄[38;2;255;255;255m[48;2;255;255;255m▄[38;2;255;255;255m[48;2;255;255;255m▄[38;2;255;255;255m[48;2;255;255;255m▄[38;2;255;255;255m[48;2;255;255;255m▄[38;2;245;243;245m[48;2;245;243;244m▄[38;2;156;171;137m[48;2;161;175;147m▄[38;2;155;183;128m[48;2;162;189;143m▄[38;2;157;184;131m[48;2;161;185;142m▄[38;2;160;186;133m[48;2;163;185;143m▄[38;2;162;185;136m[48;2;165;184;143m▄[38;2;162;183;138m[48;2;165;182;142m▄[38;2;105;125;171m[48;2;104;123;172m▄[38;2;63;84;202m[48;2;68;88;209m▄[38;2;51;80;186m[48;2;53;81;188m▄[38;2;101;139;234m[48;2;98;138;236m▄[38;2;96;136;229m[48;2;97;136;234m▄[38;2;97;135;229m[48;2;97;135;236m▄[38;2;96;135;230m[48;2;96;134;234m▄[38;2;97;135;233m[48;2;97;135;235m▄[38;2;98;136;236m[48;2;98;136;237m▄[38;2;83;122;222m[48;2;83;122;223m▄[38;2;92;130;232m[48;2;93;131;232m▄[38;2;97;135;236m[48;2;98;135;236m▄[38;2;96;135;233m[48;2;97;135;235m▄[38;2;97;135;235m[48;2;98;135;234m▄[38;2;97;135;235m[48;2;96;134;235m▄[38;2;99;136;236m[48;2;98;135;235m▄[38;2;98;136;236m[48;2;99;137;237m▄[38;2;90;130;229m[48;2;87;127;227m▄[38;2;74;108;204m[48;2;72;106;207m▄[38;2;59;87;195m[48;2;59;87;195m▄[38;2;89;122;158m[48;2;93;126;158m▄[38;2;164;204;180m[48;2;173;210;188m▄[0m
[38;2;249;249;249m[48;2;254;254;254m▄[38;2;249;249;249m[48;2;255;255;255m▄[38;2;249;249;249m[48;2;255;255;255m▄[38;2;249;249;249m[48;2;255;255;255m▄[38;2;249;249;249m[48;2;255;255;255m▄[38;2;249;249;249m[48;2;255;255;255m▄[38;2;249;249;249m[48;2;255;255;255m▄[38;2;249;249;249m[48;2;255;255;255m▄[38;2;249;249;249m[48;2;255;255;255m▄[38;2;249;249;249m[48;2;255;255;255m▄[38;2;249;249;249m[48;2;255;255;255m▄[38;2;249;249;249m[48;2;255;255;255m▄[38;2;249;249;249m[48;2;255;255;255m▄[38;2;249;249;249m[48;2;255;255;255m▄[38;2;249;249;249m[48;2;255;255;255m▄[38;2;249;249;249m[48;2;255;255;255m▄[38;2;249;249;249m[48;2;255;255;255m▄[38;2;249;249;249m[48;2;255;255;255m▄[38;2;249;249;249m[48;2;255;255;255m▄[38;2;249;249;249m[48;2;255;255;255m▄[38;2;249;249;249m[48;2;255;255;255m▄[38;2;249;249;249m[48;2;255;255;255m▄[38;2;249;249;249m[48;2;255;255;255m▄[38;2;249;249;249m[48;2;255;255;255m▄[38;2;249;249;249m[48;2;255;255;255m▄[38;2;249;249;249m[48;2;255;255;255m▄[38;2;249;249;249m[48;2;255;255;255m▄[38;2;249;249;249m[48;2;255;255;255m▄[38;2;249;249;249m[48;2;255;255;255m▄[38;2;249;249;249m[48;2;255;255;255m▄[38;2;249;249;249m[48;2;255;255;255m▄[38;2;238;237;239m[48;2;246;244;246m▄[38;2;152;160;120m[48;2;155;170;137m▄[38;2;163;178;123m[48;2;153;180;127m▄[38;2;170;187;139m[48;2;156;180;130m▄[38;2;164;179;133m[48;2;160;185;135m▄[38;2;160;179;133m[48;2;164;190;140m▄[38;2;164;186;139m[48;2;165;191;142m▄[38;2;103;122;166m[48;2;102;125;171m▄[38;2;56;78;188m[48;2;62;83;198m▄[38;2;51;81;175m[48;2;52;80;187m▄[38;2;100;130;224m[48;2;99;139;236m▄[38;2;97;130;220m[48;2;95;136;229m▄[38;2;97;131;220m[48;2;95;135;229m▄[38;2;96;132;221m[48;2;95;135;230m▄[38;2;95;133;221m[48;2;97;136;234m▄[38;2;95;134;224m[48;2;98;137;236m▄[38;2;82;122;210m[48;2;82;123;222m▄[38;2;89;129;216m[48;2;91;130;231m▄[38;2;93;132;221m[48;2;96;134;234m▄[38;2;93;131;224m[48;2;95;134;235m▄[38;2;94;132;226m[48;2;96;134;238m▄[38;2;93;132;225m[48;2;98;135;238m▄[38;2;92;131;223m[48;2;97;135;237m▄[38;2;95;134;222m[48;2;97;135;237m▄[38;2;93;131;220m[48;2;94;133;231m▄[38;2;68;101;192m[48;2;69;104;201m▄[38;2;54;83;184m[48;2;57;85;193m▄[38;2;92;123;154m[48;2;92;123;161m▄[38;2;163;202;170m[48;2;165;206;178m▄[0m
[38;2;254;254;254m[48;2;242;242;242m▄[38;2;255;255;255m[48;2;243;243;243m▄[38;2;255;255;255m[48;2;243;243;243m▄[38;2;255;255;255m[48;2;243;243;243m▄[38;2;255;255;255m[48;2;243;243;243m▄[38;2;255;255;255m[48;2;243;243;243m▄[38;2;255;255;255m[48;2;243;243;243m▄[38;2;255;255;255m[48;2;243;243;243m▄[38;2;255;255;255m[48;2;243;243;243m▄[38;2;255;255;255m[48;2;243;243;243m▄[38;2;255;255;255m[48;2;243;243;243m▄[38;2;255;255;255m[48;2;243;243;243m▄[38;2;255;255;255m[48;2;243;243;243m▄[38;2;255;255;255m[48;2;243;243;243m▄[38;2;255;255;255m[48;2;243;243;243m▄[38;2;255;255;255m[48;2;243;243;243m▄[38;2;255;255;255m[48;2;243;243;243m▄[38;2;255;255;255m[48;2;243;243;243m▄[38;2;255;255;255m[48;2;243;243;243m▄[38;2;255;255;255m[48;2;243;243;243m▄[38;2;255;255;255m[48;2;243;243;243m▄[38;2;255;255;255m[48;2;243;243;243m▄[38;2;255;255;255m[48;2;243;243;243m▄[38;2;255;255;255m[48;2;243;243;243m▄[38;2;255;255;255m[48;2;243;243;243m▄[38;2;255;255;255m[48;2;243;243;243m▄[38;2;255;255;255m[48;2;243;243;243m▄[38;2;255;255;255m[48;2;243;243;243m▄[38;2;255;255;255m[48;2;243;243;243m▄[38;2;255;255;255m[48;2;243;243;243m▄[38;2;255;255;255m[48;2;243;243;243m▄[38;2;247;246;246m[48;2;233;232;233m▄[38;2;155;169;153m[48;2;149;158;135m▄[38;2;139;164;149m[48;2;157;171;135m▄[38;2;117;138;157m[48;2;165;176;143m▄[38;2;119;137;171m[48;2;164;175;141m▄[38;2;123;144;174m[48;2;159;174;141m▄[38;2;126;149;172m[48;2;155;171;138m▄[38;2;133;155;161m[48;2;144;159;137m▄[38;2;126;147;157m[48;2;135;150;141m▄[38;2;107;126;172m[48;2;134;150;143m▄[38;2;101;122;175m[48;2;139;154;154m▄[38;2;101;126;176m[48;2;141;156;159m▄[38;2;102;125;179m[48;2;142;158;162m▄[38;2;102;125;181m[48;2;140;158;160m▄[38;2;98;123;179m[48;2;141;158;159m▄[38;2;96;120;176m[48;2;141;158;158m▄[38;2;94;116;177m[48;2;136;153;151m▄[38;2;93;114;179m[48;2;135;151;150m▄[38;2;93;116;178m[48;2;135;156;149m▄[38;2;92;116;172m[48;2;135;155;147m▄[38;2;87;113;174m[48;2;125;145;148m▄[38;2;86;115;179m[48;2;116;140;151m▄[38;2;88;112;186m[48;2;126;150;163m▄[38;2;86;107;191m[48;2;125;147;167m▄[38;2;85;106;190m[48;2;126;148;168m▄[38;2;85;111;185m[48;2;125;146;165m▄[38;2;83;109;179m[48;2;121;143;160m▄[38;2;90;117;190m[48;2;128;151;157m▄[38;2;106;139;216m[48;2;153;176;171m▄[0m
[38;2;254;254;254m[48;2;254;254;254m▄[38;2;255;255;255m[48;2;255;255;255m▄[38;2;255;255;255m[48;2;255;255;255m▄[38;2;255;255;255m[48;2;255;255;255m▄[38;2;255;255;255m[48;2;255;255;255m▄[38;2;255;255;255m[48;2;255;255;255m▄[38;2;255;255;255m[48;2;255;255;255m▄[38;2;255;255;255m[48;2;255;255;255m▄[38;2;255;255;255m[48;2;255;255;255m▄[38;2;255;255;255m[48;2;255;255;255m▄[38;2;255;255;255m[48;2;255;255;255m▄[38;2;255;255;255m[48;2;255;255;255m▄[38;2;255;255;255m[48;2;255;255;255m▄[38;2;255;255;255m[48;2;255;255;255m▄[38;2;255;255;255m[48;2;255;255;255m▄[38;2;255;255;255m[48;2;255;255;255m▄[38;2;255;255;255m[48;2;255;255;255m▄[38;2;255;255;255m[48;2;255;255;255m▄[38;2;255;255;255m[48;2;255;255;255m▄[38;2;255;255;255m[48;2;255;255;255m▄[38;2;255;255;255m[48;2;255;255;255m▄[38;2;255;255;255m[48;2;255;255;255m▄[38;2;255;255;255m[48;2;255;255;255m▄[38;2;255;255;255m[48;2;255;255;255m▄[38;2;255;255;255m[48;2;255;255;255m▄[38;2;255;255;255m[48;2;255;255;255m▄[38;2;255;255;255m[48;2;255;255;255m▄[38;2;255;255;255m[48;2;255;255;255m▄[38;2;255;255;255m[48;2;255;255;255m▄[38;2;255;255;255m[48;2;255;255;255m▄[38;2;255;255;255m[48;2;255;255;255m▄[38;2;246;244;243m[48;2;245;244;243m▄[38;2;157;170;149m[48;2;158;172;156m▄[38;2;142;166;159m[48;2;138;160;164m▄[38;2;92;115;176m[48;2;86;104;177m▄[38;2;78;102;200m[48;2;75;100;204m▄[38;2;93;114;176m[48;2;86;112;205m▄[38;2;115;131;131m[48;2;85;112;191m▄[38;2;122;135;119m[48;2;86;114;187m▄[38;2;77;96;134m[48;2;83;110;194m▄[38;2;72;97;193m[48;2;81;109;207m▄[38;2;84;124;201m[48;2;72;113;193m▄[38;2;96;167;190m[48;2;91;155;194m▄[38;2;97;175;189m[48;2;89;159;191m▄[38;2;91;163;175m[48;2;83;159;192m▄[38;2;113;147;150m[48;2;77;159;198m▄[38;2;132;133;133m[48;2;72;154;201m▄[38;2;106;139;148m[48;2;76;154;201m▄[38;2;83;160;186m[48;2;80;154;197m▄[38;2;88;170;199m[48;2;80;150;199m▄[38;2;86;167;195m[48;2;77;150;199m▄[38;2;82;161;190m[48;2;77;152;199m▄[38;2;82;159;189m[48;2;77;150;198m▄[38;2;82;160;190m[48;2;78;146;196m▄[38;2;81;161;189m[48;2;77;146;194m▄[38;2;80;157;187m[48;2;75;144;192m▄[38;2;77;140;193m[48;2;74;130;191m▄[38;2;79;120;201m[48;2;75;116;205m▄[38;2;72;99;176m[48;2;78;112;216m▄[38;2;93;118;157m[48;2;80;115;220m▄[0m
[38;2;254;254;254m[48;2;254;254;254m▄[38;2;255;255;255m[48;2;255;255;255m▄[38;2;255;255;255m[48;2;255;255;255m▄[38;2;255;255;255m[48;2;255;255;255m▄[38;2;255;255;255m[48;2;255;255;255m▄[38;2;255;255;255m[48;2;255;255;255m▄[38;2;255;255;255m[48;2;255;255;255m▄[38;2;255;255;255m[48;2;255;255;255m▄[38;2;255;255;255m[48;2;255;255;255m▄[38;2;255;255;255m[48;2;255;255;255m▄[38;2;255;255;255m[48;2;255;255;255m▄[38;2;255;255;255m[48;2;255;255;255m▄[38;2;255;255;255m[48;2;255;255;255m▄[38;2;255;255;255m[48;2;255;255;255m▄[38;2;255;255;255m[48;2;255;255;255m▄[38;2;255;255;255m[48;2;255;255;255m▄[38;2;255;255;255m[48;2;255;255;255m▄[38;2;255;255;255m[48;2;255;255;255m▄[38;2;255;255;255m[48;2;255;255;255m▄[38;2;255;255;255m[48;2;255;255;255m▄[38;2;255;255;255m[48;2;255;255;255m▄[38;2;255;255;255m[48;2;255;255;255m▄[38;2;255;255;255m[48;2;255;255;255m▄[38;2;255;255;255m[48;2;255;255;255m▄[38;2;255;255;255m[48;2;255;255;255m▄[38;2;255;255;255m[48;2;255;255;255m▄[38;2;255;255;255m[48;2;255;255;255m▄[38;2;255;255;255m[48;2;255;255;255m▄[38;2;255;255;255m[48;2;255;255;255m▄[38;2;255;255;255m[48;2;255;255;255m▄[38;2;255;255;255m[48;2;255;255;255m▄[38;2;246;244;243m[48;2;246;244;244m▄[38;2;158;169;146m[48;2;159;169;147m▄[38;2;138;160;154m[48;2;141;164;152m▄[38;2;90;111;172m[48;2;93;115;168m▄[38;2;77;105;200m[48;2;79;104;200m▄[38;2;90;119;219m[48;2;83;113;199m▄[38;2;90;117;218m[48;2;86;112;177m▄[38;2;88;115;215m[48;2;95;117;174m▄[38;2;90;117;218m[48;2;78;103;176m▄[38;2;87;115;215m[48;2;82;106;204m▄[38;2;75;121;198m[48;2;83;119;199m▄[38;2;87;161;196m[48;2;91;161;187m▄[38;2;82;142;172m[48;2;96;162;180m▄[38;2;95;86;106m[48;2;130;137;145m▄[38;2;97;50;63m[48;2;154;102;90m▄[38;2;101;48;65m[48;2;183;124;106m▄[38;2;109;43;54m[48;2;159;108;94m▄[38;2;119;77;86m[48;2;100;114;136m▄[38;2;102;126;165m[48;2;83;152;187m▄[38;2;69;133;173m[48;2;83;159;191m▄[38;2;76;148;182m[48;2;87;159;193m▄[38;2;80;151;186m[48;2;85;159;196m▄[38;2;80;149;183m[48;2;82;156;194m▄[38;2;82;145;178m[48;2;78;153;190m▄[38;2;85;142;172m[48;2;74;153;189m▄[38;2;90;128;169m[48;2;74;142;200m▄[38;2;93;115;179m[48;2;76;123;210m▄[38;2;92;115;206m[48;2;77;110;200m▄[38;2;91;132;239m[48;2;97;130;201m▄[0m
[38;2;254;254;254m[48;2;254;254;254m▄[38;2;255;255;255m[48;2;255;255;255m▄[38;2;255;255;255m[48;2;255;255;255m▄[38;2;255;255;255m[48;2;255;255;255m▄[38;2;255;255;255m[48;2;255;255;255m▄[38;2;255;255;255m[48;2;255;255;255m▄[38;2;255;255;255m[48;2;255;255;255m▄[38;2;255;255;255m[48;2;255;255;255m▄[38;2;255;255;255m[48;2;255;255;255m▄[38;2;255;255;255m[48;2;255;255;255m▄[38;2;255;255;255m[48;2;255;255;255m▄[38;2;255;255;255m[48;2;255;255;255m▄[38;2;255;255;255m[48;2;255;255;255m▄[38;2;255;255;255m[48;2;255;255;255m▄[38;2;255;255;255m[48;2;255;255;255m▄[38;2;255;255;255m[48;2;255;255;255m▄[38;2;255;255;255m[48;2;255;255;255m▄[38;2;255;255;255m[48;2;255;255;255m▄[38;2;255;255;255m[48;2;255;255;255m▄[38;2;255;255;255m[48;2;255;255;255m▄[38;2;255;255;255m[48;2;255;255;255m▄[38;2;255;255;255m[48;2;255;255;255m▄[38;2;255;255;255m[48;2;255;255;255m▄[38;2;255;255;255m[48;2;255;255;255m▄[38;2;255;255;255m[48;2;255;255;255m▄[38;2;255;255;255m[48;2;255;255;255m▄[38;2;255;255;255m[48;2;255;255;255m▄[38;2;255;255;255m[48;2;255;255;255m▄[38;2;255;255;255m[48;2;255;255;255m▄[38;2;255;255;255m[48;2;255;255;255m▄[38;2;255;255;255m[48;2;255;255;255m▄[38;2;246;245;244m[48;2;246;245;244m▄[38;2;153;162;136m[48;2;155;166;142m▄[38;2;128;144;139m[48;2;132;154;152m▄[38;2;96;115;165m[48;2;79;100;174m▄[38;2;90;112;184m[48;2;77;102;205m▄[38;2;102;128;197m[48;2;87;118;220m▄[38;2;100;127;192m[48;2;87;105;186m▄[38;2;95;120;188m[48;2;106;87;134m▄[38;2;93;110;184m[48;2;125;88;127m▄[38;2;123;127;173m[48;2;129;88;118m▄[38;2;125;111;126m[48;2;115;90;110m▄[38;2;151;146;117m[48;2;109;136;147m▄[38;2;174;185;157m[48;2;124;165;176m▄[38;2;164;164;145m[48;2;102;85;97m▄[38;2;181;144;119m[48;2;129;67;75m▄[38;2;180;142;118m[48;2;138;68;74m▄[38;2;160;169;151m[48;2;130;83;86m▄[38;2;169;193;172m[48;2;133;119;110m▄[38;2;181;216;186m[48;2;149;169;160m▄[38;2;182;218;189m[48;2;146;186;181m▄[38;2;173;195;176m[48;2;153;194;184m▄[38;2;128;137;129m[48;2;134;133;127m▄[38;2;125;124;127m[48;2;136;96;89m▄[38;2;123;133;140m[48;2;146;100;93m▄[38;2;116;137;152m[48;2;147;98;90m▄[38;2;106;125;157m[48;2;147;93;89m▄[38;2;100;117;170m[48;2;144;91;94m▄[38;2;102;120;180m[48;2;121;87;110m▄[38;2;92;121;212m[48;2;106;101;157m▄[0m
[38;2;254;254;254m[48;2;254;254;254m▄[38;2;255;255;255m[48;2;255;255;255m▄[38;2;255;255;255m[48;2;255;255;255m▄[38;2;255;255;255m[48;2;255;255;255m▄[38;2;255;255;255m[48;2;255;255;255m▄[38;2;255;255;255m[48;2;255;255;255m▄[38;2;255;255;255m[48;2;255;255;255m▄[38;2;255;255;255m[48;2;255;255;255m▄[38;2;255;255;255m[48;2;255;255;255m▄[38;2;255;255;255m[48;2;255;255;255m▄[38;2;255;255;255m[48;2;255;255;255m▄[38;2;255;255;255m[48;2;255;255;255m▄[38;2;255;255;255m[48;2;255;255;255m▄[38;2;255;255;255m[48;2;255;255;255m▄[38;2;255;255;255m[48;2;255;255;255m▄[38;2;255;255;255m[48;2;255;255;255m▄[38;2;255;255;255m[48;2;255;255;255m▄[38;2;255;255;255m[48;2;255;255;255m▄[38;2;255;255;255m[48;2;255;255;255m▄[38;2;255;255;255m[48;2;255;255;255m▄[38;2;255;255;255m[48;2;255;255;255m▄[38;2;255;255;255m[48;2;255;255;255m▄[38;2;255;255;255m[48;2;255;255;255m▄[38;2;255;255;255m[48;2;255;255;255m▄[38;2;255;255;255m[48;2;255;255;255m▄[38;2;255;255;255m[48;2;255;255;255m▄[38;2;255;255;255m[48;2;255;255;255m▄[38;2;255;255;255m[48;2;255;255;255m▄[38;2;255;255;255m[48;2;255;255;255m▄[38;2;255;255;255m[48;2;255;255;255m▄[38;2;255;255;255m[48;2;255;255;255m▄[38;2;255;255;255m[48;2;246;245;245m▄[38;2;163;169;133m[48;2;151;161;133m▄[38;2;147;160;134m[48;2;123;140;131m▄[38;2;94;115;166m[48;2;115;128;158m▄[38;2;76;107;210m[48;2;98;118;170m▄[38;2;92;125;228m[48;2;117;139;183m▄[38;2;81;119;217m[48;2;114;133;177m▄[38;2;93;124;192m[48;2;118;143;177m▄[38;2;113;137;183m[48;2;83;114;159m▄[38;2;108;130;183m[48;2;136;154;176m▄[38;2;128;136;156m[48;2;136;146;159m▄[38;2;151;139;96m[48;2;142;136;110m▄[38;2;159;147;89m[48;2;122;110;70m▄[38;2;176;172;140m[48;2;162;172;161m▄[38;2;145;132;109m[48;2;151;150;138m▄[38;2;159;131;111m[48;2;153;143;132m▄[38;2;189;175;158m[48;2;159;171;165m▄[38;2;180;185;167m[48;2;166;178;169m▄[38;2;179;177;160m[48;2;172;193;179m▄[38;2;185;174;155m[48;2;156;188;169m▄[38;2;159;139;114m[48;2;182;197;186m▄[38;2;150;120;90m[48;2;171;177;164m▄[38;2;148;124;81m[48;2;154;151;123m▄[38;2;165;151;91m[48;2;149;141;97m▄[38;2;166;136;44m[48;2;156;143;89m▄[38;2;155;134;80m[48;2;152;145;118m▄[38;2;114;123;173m[48;2;128;134;151m▄[38;2;88;121;226m[48;2;117;136;185m▄[38;2;96;140;247m[48;2;87;129;222m▄[0m
