[38;2;29;25;8m[48;2;35;35;28m▄[38;2;38;30;6m[48;2;28;28;15m▄[38;2;33;26;10m[48;2;21;15;3m▄[38;2;16;15;5m[48;2;11;11;0m▄[38;2;14;13;4m[48;2;13;13;5m▄[38;2;43;37;20m[48;2;34;30;17m▄[38;2;46;45;33m[48;2;34;28;9m▄[38;2;49;44;26m[48;2;40;36;19m▄[38;2;47;34;6m[48;2;42;34;15m▄[38;2;52;39;13m[48;2;42;30;7m▄[38;2;49;36;10m[48;2;40;30;9m▄[38;2;60;43;17m[48;2;54;42;25m▄[38;2;185;151;101m[48;2;168;139;94m▄[38;2;222;188;126m[48;2;189;164;113m▄[38;2;210;174;120m[48;2;183;154;110m▄[38;2;152;113;71m[48;2;160;125;79m▄[38;2;122;90;55m[48;2;133;104;63m▄[38;2;58;43;22m[48;2;54;40;19m▄[38;2;51;41;21m[48;2;44;42;28m▄[38;2;51;47;32m[48;2;42;36;17m▄[38;2;48;41;28m[48;2;40;34;19m▄[38;2;46;41;28m[48;2;17;17;9m▄[38;2;72;86;90m[48;2;9;1;0m▄[38;2;118;144;164m[48;2;34;32;25m▄[38;2;162;180;199m[48;2;110;139;154m▄[38;2;171;180;192m[48;2;141;173;200m▄[38;2;176;187;192m[48;2;146;160;175m▄[38;2;175;188;195m[48;2;162;169;177m▄[38;2;170;186;198m[48;2;169;179;183m▄[38;2;172;193;217m[48;2;169;181;185m▄[38;2;110;114;108m[48;2;141;152;150m▄[38;2;68;56;26m[48;2;84;86;65m▄[38;2;85;79;56m[48;2;57;46;13m▄[38;2;79;69;39m[48;2;52;40;3m▄[38;2;60;45;12m[48;2;57;48;13m▄[38;2;55;43;12m[48;2;57;46;13m▄[38;2;52;42;16m[48;2;56;44;17m▄[38;2;72;84;96m[48;2;86;110;146m▄[38;2;76;92;113m[48;2;98;135;200m▄[38;2;45;64;99m[48;2;65;100;175m▄[38;2;66;69;73m[48;2;92;102;121m▄[38;2;82;75;55m[48;2;137;141;131m▄[38;2;79;77;61m[48;2;79;67;42m▄[38;2;75;70;49m[48;2;50;32;0m▄[38;2;58;46;19m[48;2;57;44;11m▄[38;2;52;45;22m[48;2;57;44;13m▄[38;2;53;44;21m[48;2;56;44;13m▄[38;2;52;43;19m[48;2;56;42;13m▄[38;2;51;40;17m[48;2;57;44;13m▄[38;2;66;56;33m[48;2;50;36;3m▄[38;2;76;76;66m[48;2;83;75;57m▄[38;2;82;84;75m[48;2;119;123;115m▄[38;2;80;80;68m[48;2;79;77;56m▄[38;2;80;76;54m[48;2;44;30;0m▄[38;2;64;52;26m[48;2;52;38;7m▄[38;2;56;52;29m[48;2;56;42;7m▄[38;2;58;54;30m[48;2;56;42;7m▄[38;2;59;54;31m[48;2;56;42;7m▄[38;2;58;52;29m[48;2;57;42;9m▄[38;2;73;65;34m[48;2;59;44;5m▄[0m
[38;2;29;24;7m[48;2;7;5;1m▄[38;2;39;30;7m[48;2;20;20;17m▄[38;2;40;35;23m[48;2;19;18;11m▄[38;2;57;78;104m[48;2;28;25;6m▄[38;2;36;55;83m[48;2;8;6;0m▄[38;2;34;22;5m[48;2;11;10;4m▄[38;2;37;22;0m[48;2;13;13;8m▄[38;2;37;23;0m[48;2;27;30;29m▄[38;2;47;35;15m[48;2;20;19;13m▄[38;2;51;37;16m[48;2;18;18;11m▄[38;2;49;41;26m[48;2;24;27;25m▄[38;2;58;50;34m[48;2;27;20;9m▄[38;2;68;48;22m[48;2;166;128;82m▄[38;2;43;27;6m[48;2;162;127;81m▄[38;2;41;28;7m[48;2;95;70;43m▄[38;2;43;34;17m[48;2;44;32;20m▄[38;2;45;38;24m[48;2;28;27;24m▄[38;2;50;47;35m[48;2;28;29;25m▄[38;2;76;88;90m[48;2;14;9;0m▄[38;2;115;144;163m[48;2;21;22;17m▄[38;2;139;172;182m[48;2;64;78;87m▄[38;2;133;165;166m[48;2;112;139;162m▄[38;2;98;126;127m[48;2;118;152;181m▄[38;2;128;147;134m[48;2;172;175;189m▄[38;2;144;169;164m[48;2;204;200;200m▄[38;2;137;164;182m[48;2;152;157;166m▄[38;2;141;160;187m[48;2;142;159;179m▄[38;2;148;168;192m[48;2;145;164;187m▄[38;2;125;152;186m[48;2;126;152;185m▄[38;2;114;144;189m[48;2;113;143;191m▄[38;2;109;174;214m[48;2;82;128;163m▄[38;2;84;184;229m[48;2;60;126;150m▄[38;2;86;181;224m[48;2;74;139;167m▄[38;2;77;175;218m[48;2;94;162;191m▄[38;2;85;179;223m[48;2;91;140;161m▄[38;2;117;182;206m[48;2;81;133;154m▄[38;2;137;181;191m[48;2;80;141;166m▄[38;2;81;84;69m[48;2;65;69;51m▄[38;2;57;52;26m[48;2;49;34;2m▄[38;2;43;59;52m[48;2;14;1;0m▄[38;2;81;153;163m[48;2;65;93;100m▄[38;2;88;169;182m[48;2;93;157;177m▄[38;2;123;148;156m[48;2;73;136;158m▄[38;2;130;151;157m[48;2;84;155;182m▄[38;2;115;163;172m[48;2;94;144;162m▄[38;2;124;170;178m[48;2;106;146;161m▄[38;2;128;174;179m[48;2;117;168;186m▄[38;2;129;170;183m[48;2;112;166;185m▄[38;2;107;177;209m[48;2;108;155;174m▄[38;2;85;174;218m[48;2;106;167;192m▄[38;2;77;170;218m[48;2;91;163;196m▄[38;2;76;168;217m[48;2;77;147;182m▄[38;2;77;168;216m[48;2;73;148;189m▄[38;2;76;168;217m[48;2;85;162;203m▄[38;2;80;174;222m[48;2;93;151;182m▄[38;2;101;176;211m[48;2;89;148;177m▄[38;2;119;174;196m[48;2;81;155;194m▄[38;2;116;171;191m[48;2;84;157;195m▄[38;2;106;183;213m[48;2;94;155;183m▄[38;2;119;214;250m[48;2;104;176;202m▄[0m
[38;2;101;177;197m[48;2;79;107;105m▄[38;2;92;188;226m[48;2;79;111;108m▄[38;2;63;134;164m[48;2;60;85;87m▄[38;2;54;42;14m[48;2;48;54;53m▄[38;2;31;36;24m[48;2;24;36;44m▄[38;2;67;138;157m[48;2;57;89;105m▄[38;2;84;165;174m[48;2;74;92;92m▄[38;2;83;150;156m[48;2;79;102;101m▄[38;2;118;143;148m[48;2;72;106;112m▄[38;2;64;115;127m[48;2;67;106;114m▄[38;2;100;171;188m[48;2;68;107;111m▄[38;2;111;180;199m[48;2;80;118;121m▄[38;2;104;181;205m[48;2;88;127;134m▄[38;2;99;168;198m[48;2;90;114;111m▄[38;2;91;158;192m[48;2;86;116;118m▄[38;2;91;171;208m[48;2;71;109;119m▄[38;2;91;169;210m[48;2;62;92;104m▄[38;2;143;187;209m[48;2;119;147;167m▄[38;2;154;191;208m[48;2;153;191;213m▄[38;2;137;173;206m[48;2;156;193;208m▄[38;2;134;164;180m[48;2;140;165;158m▄[38;2;146;158;141m[48;2;142;162;130m▄[38;2;145;142;126m[48;2;155;176;140m▄[38;2;144;170;164m[48;2;150;176;151m▄[38;2;140;176;189m[48;2;169;202;183m▄[38;2;135;168;191m[48;2;141;164;162m▄[38;2;140;165;188m[48;2;140;158;183m▄[38;2;144;171;193m[48;2;149;167;190m▄[38;2;132;164;190m[48;2;130;154;183m▄[38;2;103;135;182m[48;2;116;145;189m▄[38;2;97;156;196m[48;2;108;171;208m▄[38;2;86;172;206m[48;2;73;171;216m▄[38;2;105;179;204m[48;2;79;171;214m▄[38;2;114;190;211m[48;2;95;174;206m▄[38;2;113;196;217m[48;2;117;184;205m▄[38;2;115;199;222m[48;2;124;193;213m▄[38;2;104;175;189m[48;2;117;192;210m▄[38;2;107;171;181m[48;2;104;147;144m▄[38;2;70;136;200m[48;2;88;137;169m▄[38;2;82;163;196m[48;2;90;178;198m▄[38;2;87;176;179m[48;2;93;189;195m▄[38;2;93;185;192m[48;2;90;185;191m▄[38;2;86;181;188m[48;2;109;192;198m▄[38;2;97;136;146m[48;2;124;184;190m▄[38;2;122;118;127m[48;2;103;136;142m▄[38;2;104;135;142m[48;2;92;117;124m▄[38;2;110;163;178m[48;2;103;146;164m▄[38;2;82;149;183m[48;2;105;163;189m▄[38;2;91;153;175m[48;2;95;157;189m▄[38;2;95;151;173m[48;2;94;162;202m▄[38;2;90;159;196m[48;2;89;164;204m▄[38;2;111;167;191m[48;2;78;165;211m▄[38;2;112;165;188m[48;2;77;167;216m▄[38;2;103;171;199m[48;2;91;170;210m▄[38;2;97;180;213m[48;2;103;170;199m▄[38;2;106;188;220m[48;2;104;174;203m▄[38;2;125;198;220m[48;2;96;179;214m▄[38;2;138;206;221m[48;2;109;189;218m▄[38;2;140;209;223m[48;2;136;197;214m▄[38;2;138;217;237m[48;2;159;217;229m▄[0m
[38;2;72;153;188m[48;2;60;142;177m▄[38;2;75;167;211m[48;2;66;158;201m▄[38;2;56;118;146m[48;2;68;116;136m▄[38;2;55;77;65m[48;2;69;82;58m▄[38;2;54;114;175m[48;2;67;117;138m▄[38;2;59;125;164m[48;2;68;152;161m▄[38;2;69;144;146m[48;2;69;158;156m▄[38;2;70;156;157m[48;2;71;161;160m▄[38;2;71;163;163m[48;2;83;148;147m▄[38;2;69;157;162m[48;2;89;148;148m▄[38;2;60;143;169m[48;2;99;157;156m▄[38;2;59;146;187m[48;2;91;141;152m▄[38;2;103;156;190m[48;2;73;132;181m▄[38;2;142;159;172m[48;2;83;131;183m▄[38;2;88;118;139m[48;2;89;142;185m▄[38;2;52;81;107m[48;2;68;112;152m▄[38;2;22;45;63m[48;2;74;126;151m▄[38;2;74;97;111m[48;2;153;191;206m▄[38;2;98;121;130m[48;2;126;156;173m▄[38;2;113;138;146m[48;2;103;123;145m▄[38;2;96;117;141m[48;2;117;135;160m▄[38;2;86;94;104m[48;2;113;146;183m▄[38;2;106;79;32m[48;2;112;125;121m▄[38;2;120;120;111m[48;2;110;115;107m▄[38;2;152;185;203m[48;2;139;172;194m▄[38;2;158;194;207m[48;2;147;185;206m▄[38;2;155;194;208m[48;2;150;188;206m▄[38;2;152;194;210m[48;2;149;185;205m▄[38;2;153;195;213m[48;2;150;189;209m▄[38;2;158;199;217m[48;2;148;189;212m▄[38;2;131;188;207m[48;2;133;175;191m▄[38;2;116;183;200m[48;2;117;176;190m▄[38;2;136;181;187m[48;2;112;194;217m▄[38;2;129;174;184m[48;2;114;203;226m▄[38;2;102;165;189m[48;2;112;200;223m▄[38;2;96;175;209m[48;2;101;190;220m▄[38;2;109;179;198m[48;2;100;167;180m▄[38;2;85;143;176m[48;2;90;149;178m▄[38;2;59;120;200m[48;2;58;120;205m▄[38;2;102;158;176m[48;2;76;147;193m▄[38;2;87;149;170m[48;2;92;174;181m▄[38;2;82;171;198m[48;2;90;181;188m▄[38;2;91;187;192m[48;2;88;171;178m▄[38;2;87;180;185m[48;2;89;167;175m▄[38;2;73;142;157m[48;2;88;178;181m▄[38;2;89;150;178m[48;2;84;165;173m▄[38;2;88;163;196m[48;2;84;156;171m▄[38;2;105;172;196m[48;2;86;157;181m▄[38;2;119;177;194m[48;2;114;181;190m▄[38;2;101;174;201m[48;2;127;175;175m▄[38;2;102;185;218m[48;2;89;144;170m▄[38;2;115;199;228m[48;2;99;172;203m▄[38;2;130;207;229m[48;2;106;176;200m▄[38;2;141;210;228m[48;2;117;181;201m▄[38;2;144;207;222m[48;2;129;188;207m▄[38;2;137;199;213m[48;2;139;200;213m▄[38;2;124;194;215m[48;2;140;206;220m▄[38;2;99;187;222m[48;2;129;202;217m▄[38;2;92;180;222m[48;2;109;191;217m▄[38;2;111;192;231m[48;2;103;197;234m▄[0m
[38;2;36;49;20m[48;2;68;83;96m▄[38;2;48;46;12m[48;2;64;100;117m▄[38;2;36;48;39m[48;2;51;83;87m▄[38;2;42;63;75m[48;2;42;37;13m▄[38;2;46;52;60m[48;2;45;77;120m▄[38;2;91;98;81m[48;2;67;129;158m▄[38;2;115;149;126m[48;2;80;150;149m▄[38;2;114;71;50m[48;2;61;158;175m▄[38;2;120;63;34m[48;2;69;165;163m▄[38;2;53;52;23m[48;2;53;88;93m▄[38;2;36;65;34m[48;2;54;92;108m▄[38;2;38;63;30m[48;2;48;91;107m▄[38;2;38;67;36m[48;2;77;101;106m▄[38;2;118;145;128m[48;2;181;184;177m▄[38;2;151;165;168m[48;2;120;135;142m▄[38;2;157;170;174m[48;2;152;169;173m▄[38;2;206;217;211m[48;2;149;161;162m▄[38;2;205;215;209m[48;2;133;143;143m▄[38;2;202;209;204m[48;2;134;148;160m▄[38;2;200;207;202m[48;2;161;178;193m▄[38;2;202;210;202m[48;2;158;177;197m▄[38;2;203;210;204m[48;2;134;147;150m▄[38;2;192;203;202m[48;2;150;160;143m▄[38;2;184;197;190m[48;2;148;176;174m▄[38;2;193;202;199m[48;2;161;188;193m▄[38;2;196;208;206m[48;2;171;201;209m▄[38;2;198;211;208m[48;2;169;201;210m▄[38;2;202;215;211m[48;2;166;201;210m▄[38;2;202;217;213m[48;2;165;200;210m▄[38;2;213;228;226m[48;2;171;212;224m▄[38;2;109;126;132m[48;2;130;135;143m▄[38;2;29;44;49m[48;2;101;79;82m▄[38;2;63;64;31m[48;2;120;110;112m▄[38;2;59;63;34m[48;2;111;95;93m▄[38;2;85;91;62m[48;2;102;93;96m▄[38;2;91;85;54m[48;2;109;111;110m▄[38;2;64;49;24m[48;2;125;146;143m▄[38;2;52;29;6m[48;2;95;88;85m▄[38;2;95;110;90m[48;2;96;124;136m▄[38;2;138;202;200m[48;2;134;212;206m▄[38;2;140;137;120m[48;2;103;168;186m▄[38;2;158;61;22m[48;2;80;144;173m▄[38;2;165;60;23m[48;2;96;168;168m▄[38;2;175;57;18m[48;2;102;152;148m▄[38;2;103;35;6m[48;2;93;100;104m▄[38;2;41;36;7m[48;2;83;136;157m▄[38;2;52;41;10m[48;2;112;148;157m▄[38;2;50;39;8m[48;2;108;147;157m▄[38;2;49;37;8m[48;2;92;146;163m▄[38;2;46;34;5m[48;2;98;153;167m▄[38;2;45;34;3m[48;2;114;162;166m▄[38;2;45;35;4m[48;2;122;164;165m▄[38;2;44;36;6m[48;2;125;166;165m▄[38;2;43;37;6m[48;2;123;165;165m▄[38;2;41;35;4m[48;2;111;159;161m▄[38;2;41;35;3m[48;2;95;149;159m▄[38;2;41;37;4m[48;2;87;139;150m▄[38;2;41;37;4m[48;2;100;135;139m▄[38;2;42;39;3m[48;2;104;132;131m▄[38;2;48;44;3m[48;2;89;140;151m▄[0m
[38;2;66;51;25m[48;2;79;112;97m▄[38;2;79;64;38m[48;2;68;97;74m▄[38;2;81;72;50m[48;2;46;64;44m▄[38;2;76;62;31m[48;2;50;67;53m▄[38;2;56;38;5m[48;2;51;68;53m▄[38;2;48;37;8m[48;2;65;52;26m▄[38;2;42;37;12m[48;2;92;46;16m▄[38;2;60;79;96m[48;2;121;75;75m▄[38;2;64;88;111m[48;2;119;86;102m▄[38;2;40;57;94m[48;2;60;90;117m▄[38;2;61;61;66m[48;2;69;104;99m▄[38;2;77;67;49m[48;2;95;121;104m▄[38;2;75;66;51m[48;2;64;82;56m▄[38;2;72;63;43m[48;2;43;54;25m▄[38;2;46;34;9m[48;2;97;97;77m▄[38;2;39;30;6m[48;2;100;97;82m▄[38;2;36;27;3m[48;2;127;125;105m▄[38;2;37;26;3m[48;2;128;125;105m▄[38;2;35;23;0m[48;2;131;127;108m▄[38;2;49;39;19m[48;2;126;121;100m▄[38;2;60;60;48m[48;2;140;139;125m▄[38;2;66;68;56m[48;2;156;161;154m▄[38;2;65;65;54m[48;2;134;137;124m▄[38;2;64;59;37m[48;2;120;115;94m▄[38;2;47;35;10m[48;2;120;116;97m▄[38;2;41;35;14m[48;2;114;111;93m▄[38;2;43;37;15m[48;2;115;111;91m▄[38;2;42;36;14m[48;2;123;121;100m▄[38;2;42;35;12m[48;2;125;124;104m▄[38;2;50;39;8m[48;2;125;124;102m▄[38;2;74;74;77m[48;2;81;85;87m▄[38;2;89;100;129m[48;2;48;55;75m▄[38;2;93;110;139m[48;2;54;46;41m▄[38;2;97;119;146m[48;2;47;38;35m▄[38;2;115;146;172m[48;2;71;65;62m▄[38;2;127;159;183m[48;2;98;85;78m▄[38;2;135;162;181m[48;2;96;86;86m▄[38;2;147;172;188m[48;2;91;105;107m▄[38;2;156;174;187m[48;2;95;117;115m▄[38;2;160;175;186m[48;2;110;111;113m▄[38;2;159;179;189m[48;2;148;104;94m▄[38;2;155;176;186m[48;2;163;113;98m▄[38;2;153;175;186m[48;2;164;115;100m▄[38;2;154;175;189m[48;2;162;115;103m▄[38;2;165;178;191m[48;2;116;109;107m▄[38;2;169;179;190m[48;2;100;117;114m▄[38;2;167;179;190m[48;2;103;118;115m▄[38;2;167;179;190m[48;2;105;119;115m▄[38;2;174;185;197m[48;2;105;118;115m▄[38;2;169;179;194m[48;2;106;121;116m▄[38;2;172;169;184m[48;2;104;122;116m▄[38;2;209;209;220m[48;2;102;118;111m▄[38;2;189;186;192m[48;2;106;122;113m▄[38;2;153;159;182m[48;2;105;126;118m▄[38;2;161;175;202m[48;2;108;128;122m▄[38;2;158;171;202m[48;2;106;129;123m▄[38;2;153;170;206m[48;2;102;128;125m▄[38;2;147;166;207m[48;2;100;128;126m▄[38;2;143;164;209m[48;2;97;129;128m▄[38;2;149;173;226m[48;2;104;140;141m▄[0m
[38;2;88;181;223m[48;2;64;121;145m▄[38;2;93;198;246m[48;2;68;137;165m▄[38;2;85;181;225m[48;2;75;140;168m▄[38;2;77;175;220m[48;2;95;162;192m▄[38;2;85;179;224m[48;2;90;141;160m▄[38;2;117;182;206m[48;2;81;133;155m▄[38;2;137;181;191m[48;2;80;141;167m▄[38;2;82;84;70m[48;2;64;69;52m▄[38;2;55;46;19m[48;2;50;35;3m▄[38;2;40;51;42m[48;2;15;3;0m▄[38;2;78;144;153m[48;2;65;94;100m▄[38;2;96;191;206m[48;2;93;155;178m▄[38;2;97;175;184m[48;2;81;148;171m▄[38;2;113;139;145m[48;2;88;158;184m▄[38;2;94;134;142m[48;2;96;147;165m▄[38;2;115;159;168m[48;2;109;157;174m▄[38;2;124;150;157m[48;2;115;170;188m▄[38;2;122;174;192m[48;2;111;164;182m▄[38;2;106;180;212m[48;2;107;154;173m▄[38;2;86;174;218m[48;2;104;166;195m▄[38;2;77;169;217m[48;2;91;162;194m▄[38;2;77;167;216m[48;2;77;147;181m▄[38;2;77;167;216m[48;2;74;149;189m▄[38;2;75;168;217m[48;2;85;162;203m▄[38;2;79;173;222m[48;2;92;151;181m▄[38;2;101;176;211m[48;2;89;149;179m▄[38;2;119;173;195m[48;2;82;155;196m▄[38;2;115;170;191m[48;2;85;158;195m▄[38;2;106;183;214m[48;2;95;156;182m▄[38;2;107;198;233m[48;2;94;163;188m▄[38;2;138;194;211m[48;2;117;170;195m▄[38;2;155;191;200m[48;2;135;176;192m▄[38;2;155;195;205m[48;2;138;184;201m▄[38;2;156;195;204m[48;2;143;188;207m▄[38;2;157;196;204m[48;2;152;194;209m▄[38;2;148;181;192m[48;2;147;179;191m▄[38;2;149;169;179m[48;2;151;164;172m▄[38;2;152;173;182m[48;2;163;173;179m▄[38;2;152;175;186m[48;2;166;175;180m▄[38;2;148;174;187m[48;2;164;172;178m▄[38;2;135;158;183m[48;2;158;168;176m▄[38;2;139;156;187m[48;2;155;168;176m▄[38;2;143;158;189m[48;2;155;169;178m▄[38;2;144;159;192m[48;2;153;166;178m▄[38;2;146;161;196m[48;2;154;167;181m▄[38;2;144;159;186m[48;2;154;166;185m▄[38;2;149;171;181m[48;2;151;163;187m▄[38;2;141;165;168m[48;2;141;154;180m▄[38;2;107;134;136m[48;2;95;119;150m▄[38;2;117;145;142m[48;2;119;127;150m▄[38;2;119;142;131m[48;2;178;175;179m▄[38;2;136;156;160m[48;2;184;189;199m▄[38;2;146;164;189m[48;2;156;160;188m▄[38;2;138;156;196m[48;2;143;160;199m▄[38;2;96;134;191m[48;2;110;139;190m▄[38;2;89;126;181m[48;2;102;134;187m▄[38;2;105;138;181m[48;2;87;122;179m▄[38;2;114;147;186m[48;2;77;115;179m▄[38;2;95;148;156m[48;2;75;115;179m▄[38;2;95;158;150m[48;2;80;124;190m▄[0m
[38;2;86;169;206m[48;2;83;169;212m▄[38;2;95;184;221m[48;2;84;185;233m▄[38;2;105;179;205m[48;2;79;172;214m▄[38;2;113;190;210m[48;2;94;174;205m▄[38;2;113;196;216m[48;2;117;184;204m▄[38;2;116;199;222m[48;2;122;193;211m▄[38;2;105;180;200m[48;2;118;194;215m▄[38;2;103;167;174m[48;2;87;122;116m▄[38;2;74;142;197m[48;2;86;128;151m▄[38;2;80;160;190m[48;2;84;162;184m▄[38;2;91;183;186m[48;2;91;185;191m▄[38;2;89;180;187m[48;2;82;165;169m▄[38;2;100;169;178m[48;2;109;154;160m▄[38;2;147;174;185m[48;2;150;160;165m▄[38;2;175;191;198m[48;2;128;157;163m▄[38;2;172;188;195m[48;2;114;164;170m▄[38;2;161;179;188m[48;2;107;157;168m▄[38;2;119;154;175m[48;2;107;163;184m▄[38;2;71;153;198m[48;2;106;159;187m▄[38;2;77;160;204m[48;2;92;160;194m▄[38;2;103;168;197m[48;2;87;162;202m▄[38;2;117;169;188m[48;2;76;163;212m▄[38;2;110;163;187m[48;2;77;168;216m▄[38;2;104;171;201m[48;2;92;170;209m▄[38;2;97;180;212m[48;2;103;170;199m▄[38;2;105;189;220m[48;2;105;174;202m▄[38;2;125;198;220m[48;2;97;179;214m▄[38;2;139;205;222m[48;2;109;188;218m▄[38;2;140;208;224m[48;2;136;196;213m▄[38;2;129;205;221m[48;2;148;202;213m▄[38;2;114;163;197m[48;2;141;184;200m▄[38;2;113;140;176m[48;2;130;168;198m▄[38;2;127;155;184m[48;2;130;171;201m▄[38;2;128;163;203m[48;2;126;167;196m▄[38;2;100;134;191m[48;2;132;171;191m▄[38;2;108;141;184m[48;2;145;181;199m▄[38;2;153;188;208m[48;2;144;177;200m▄[38;2;154;189;210m[48;2;146;179;200m▄[38;2;153;189;209m[48;2;147;184;202m▄[38;2;145;181;200m[48;2;145;185;200m▄[38;2;135;162;193m[48;2;129;158;190m▄[38;2;142;156;191m[48;2;143;157;193m▄[38;2;143;158;192m[48;2;145;159;194m▄[38;2;144;158;192m[48;2;146;160;195m▄[38;2;144;159;196m[48;2;142;156;192m▄[38;2;137;154;190m[48;2;137;158;167m▄[38;2;138;146;147m[48;2;148;175;154m▄[38;2;152;161;136m[48;2;141;170;144m▄[38;2;166;160;134m[48;2;146;177;149m▄[38;2;159;169;148m[48;2;143;179;154m▄[38;2;134;152;154m[48;2;170;203;186m▄[38;2;148;167;185m[48;2;166;202;180m▄[38;2;149;165;192m[48;2;143;167;163m▄[38;2;137;155;194m[48;2;128;145;184m▄[38;2;91;128;187m[48;2;95;131;188m▄[38;2;119;155;200m[48;2;114;150;199m▄[38;2;169;201;224m[48;2;162;192;218m▄[38;2;166;196;222m[48;2;159;188;211m▄[38;2;111;168;161m[48;2;109;162;155m▄[38;2;110;183;162m[48;2;87;146;127m▄[0m
[38;2;109;182;201m[48;2;123;169;177m▄[38;2;129;200;218m[48;2;129;192;206m▄[38;2;135;181;186m[48;2;112;194;216m▄[38;2;129;175;182m[48;2;114;202;226m▄[38;2;102;166;189m[48;2;113;199;223m▄[38;2;95;175;208m[48;2;102;191;223m▄[38;2;107;175;193m[48;2;98;167;182m▄[38;2;93;150;174m[48;2;92;148;172m▄[38;2;54;121;216m[48;2;57;117;204m▄[38;2;75;130;181m[48;2;74;145;196m▄[38;2;88;146;156m[48;2;85;167;175m▄[38;2;83;170;191m[48;2;93;186;194m▄[38;2;91;184;190m[48;2;90;186;193m▄[38;2;87;177;183m[48;2;88;176;184m▄[38;2;73;142;155m[48;2;94;167;175m▄[38;2;86;147;169m[48;2;93;162;178m▄[38;2;88;163;191m[48;2;85;155;186m▄[38;2;100;169;189m[48;2;72;149;194m▄[38;2;126;193;199m[48;2;91;161;189m▄[38;2;116;185;203m[48;2;132;190;195m▄[38;2;104;180;211m[48;2;128;185;190m▄[38;2;115;197;225m[48;2;104;168;185m▄[38;2;130;208;229m[48;2;106;174;199m▄[38;2;141;211;227m[48;2;116;181;202m▄[38;2;145;207;222m[48;2;128;188;204m▄[38;2;137;199;214m[48;2;140;200;214m▄[38;2;124;194;215m[48;2;141;206;220m▄[38;2;100;187;222m[48;2;129;201;218m▄[38;2;93;181;222m[48;2;109;191;218m▄[38;2;100;180;216m[48;2;91;185;220m▄[38;2;117;163;190m[48;2;115;161;184m▄[38;2;126;147;167m[48;2;128;140;152m▄[38;2;136;158;178m[48;2;133;151;164m▄[38;2;143;167;192m[48;2;145;170;191m▄[38;2;114;145;181m[48;2;134;170;215m▄[38;2;64;96;136m[48;2;77;111;164m▄[38;2;48;77;107m[48;2;96;127;156m▄[38;2;64;91;117m[48;2;108;140;160m▄[38;2;74;99;120m[48;2;117;149;167m▄[38;2;116;147;167m[48;2;154;190;209m▄[38;2;126;157;184m[48;2;133;161;192m▄[38;2;138;164;195m[48;2;139;152;188m▄[38;2;134;156;187m[48;2;144;157;192m▄[38;2;123;145;171m[48;2;148;162;197m▄[38;2;127;149;177m[48;2;156;170;205m▄[38;2;129;146;175m[48;2;146;161;190m▄[38;2;128;142;169m[48;2;147;173;177m▄[38;2;139;163;202m[48;2;139;159;164m▄[38;2;137;162;195m[48;2;134;138;149m▄[38;2;96;100;95m[48;2;135;130;135m▄[38;2;128;141;158m[48;2;133;132;151m▄[38;2;150;177;207m[48;2;146;161;196m▄[38;2;147;173;199m[48;2;153;167;201m▄[38;2;134;161;194m[48;2;135;154;194m▄[38;2;92;128;182m[48;2;93;131;190m▄[38;2;98;134;183m[48;2;113;149;196m▄[38;2;119;153;191m[48;2;174;203;223m▄[38;2;112;147;188m[48;2;164;196;217m▄[38;2;96;139;174m[48;2;106;165;158m▄[38;2;104;156;189m[48;2;112;183;161m▄[0m
[38;2;35;53;68m[48;2;97;79;83m▄[38;2;44;61;70m[48;2;114;93;98m▄[38;2;64;65;37m[48;2;122;113;113m▄[38;2;59;63;39m[48;2;113;97;95m▄[38;2;85;93;68m[48;2;103;92;95m▄[38;2;96;89;62m[48;2;110;109;109m▄[38;2;70;57;37m[48;2;124;147;143m▄[38;2;56;43;19m[48;2;97;97;91m▄[38;2;112;44;4m[48;2;92;98;124m▄[38;2;137;154;138m[48;2;107;165;176m▄[38;2;146;184;175m[48;2;125;201;202m▄[38;2;152;87;58m[48;2;85;153;176m▄[38;2;177;68;34m[48;2;95;167;171m▄[38;2;186;71;37m[48;2;99;160;156m▄[38;2;109;45;19m[48;2;90;106;111m▄[38;2;49;46;20m[48;2;84;135;156m▄[38;2;59;51;23m[48;2;121;148;146m▄[38;2;58;50;22m[48;2;116;149;150m▄[38;2;57;48;22m[48;2;91;145;159m▄[38;2;56;45;18m[48;2;97;149;163m▄[38;2;53;43;14m[48;2;114;162;167m▄[38;2;49;39;10m[48;2;122;165;166m▄[38;2;52;43;15m[48;2;125;166;165m▄[38;2;53;47;20m[48;2;123;164;165m▄[38;2;51;46;18m[48;2;111;159;162m▄[38;2;50;45;16m[48;2;95;149;159m▄[38;2;49;46;18m[48;2;87;138;150m▄[38;2;49;47;17m[48;2;98;133;140m▄[38;2;50;48;17m[48;2;104;130;132m▄[38;2;46;42;7m[48;2;80;127;139m▄[38;2;85;101;87m[48;2;97;135;145m▄[38;2;134;163;170m[48;2;111;141;151m▄[38;2;173;197;205m[48;2;140;171;200m▄[38;2;153;181;196m[48;2;123;155;190m▄[38;2;85;114;137m[48;2;28;58;90m▄[38;2;62;93;120m[48;2;39;71;105m▄[38;2;49;81;111m[48;2;45;77;112m▄[38;2;46;77;109m[48;2;51;83;119m▄[38;2;29;53;76m[48;2;32;58;83m▄[38;2;7;29;44m[48;2;7;29;44m▄[38;2;20;40;56m[48;2;68;90;109m▄[38;2;63;85;104m[48;2;156;185;212m▄[38;2;88;111;132m[48;2;145;172;200m▄[38;2;140;165;187m[48;2;104;132;150m▄[38;2;127;153;169m[48;2;96;127;139m▄[38;2;136;162;169m[48;2;103;126;128m▄[38;2;141;166;168m[48;2;114;132;125m▄[38;2;137;161;160m[48;2;140;170;181m▄[38;2;127;146;135m[48;2;121;134;136m▄[38;2;128;137;112m[48;2;97;74;33m▄[38;2;110;106;80m[48;2;99;90;70m▄[38;2;139;166;186m[48;2;143;177;201m▄[38;2;151;184;207m[48;2;149;182;207m▄[38;2;147;180;202m[48;2;149;183;206m▄[38;2;148;180;202m[48;2;144;177;202m▄[38;2;150;182;204m[48;2;140;174;200m▄[38;2;150;181;205m[48;2;138;173;202m▄[38;2;151;183;206m[48;2;137;172;201m▄[38;2;153;185;208m[48;2;140;172;204m▄[38;2;167;199;225m[48;2;152;186;225m▄[0m
[38;2;62;53;25m[48;2;81;94;97m▄[38;2;78;66;35m[48;2;71;77;72m▄[38;2;79;75;55m[48;2;51;40;7m▄[38;2;73;65;40m[48;2;47;37;8m▄[38;2;52;38;9m[48;2;70;62;32m▄[38;2;46;35;9m[48;2;77;65;32m▄[38;2;46;37;15m[48;2;59;48;26m▄[38;2;68;78;92m[48;2;73;82;93m▄[38;2;69;86;109m[48;2;77;95;115m▄[38;2;34;56;91m[48;2;81;81;109m▄[38;2;52;63;69m[48;2;127;85;74m▄[38;2;66;74;57m[48;2;157;100;74m▄[38;2;62;71;61m[48;2;128;67;37m▄[38;2;60;63;45m[48;2;111;48;16m▄[38;2;52;43;23m[48;2;67;48;24m▄[38;2;49;40;21m[48;2;52;55;29m▄[38;2;48;39;20m[48;2;53;55;28m▄[38;2;48;38;19m[48;2;54;54;29m▄[38;2;46;36;13m[48;2;53;53;29m▄[38;2;60;50;31m[48;2;49;51;26m▄[38;2;69;71;60m[48;2;64;74;54m▄[38;2;76;80;68m[48;2;82;98;83m▄[38;2;74;75;63m[48;2;63;74;55m▄[38;2;75;69;49m[48;2;44;53;27m▄[38;2;58;47;24m[48;2;48;59;34m▄[38;2;52;46;26m[48;2;50;61;36m▄[38;2;55;48;27m[48;2;49;63;37m▄[38;2;53;46;26m[48;2;49;64;38m▄[38;2;53;46;25m[48;2;49;65;39m▄[38;2;63;50;23m[48;2;44;62;31m▄[38;2;73;73;80m[48;2;82;97;93m▄[38;2;75;86;119m[48;2;102;115;134m▄[38;2;73;86;114m[48;2;124;131;141m▄[38;2;80;98;123m[48;2;119;120;126m▄[38;2;101;131;159m[48;2;121;125;135m▄[38;2;115;144;169m[48;2;133;130;141m▄[38;2;125;151;172m[48;2;126;133;145m▄[38;2;138;163;181m[48;2;110;139;159m▄[38;2;149;169;187m[48;2;92;123;146m▄[38;2;159;175;190m[48;2;77;104;124m▄[38;2;161;175;187m[48;2;75;96;111m▄[38;2;159;173;184m[48;2;74;90;102m▄[38;2;158;171;185m[48;2;86;101;112m▄[38;2;150;164;178m[48;2;135;152;166m▄[38;2;151;164;178m[48;2;139;158;176m▄[38;2;152;166;177m[48;2;137;155;174m▄[38;2;151;164;176m[48;2;138;155;175m▄[38;2;150;163;175m[48;2;144;162;180m▄[38;2;159;170;185m[48;2;134;151;158m▄[38;2;152;165;185m[48;2;151;171;169m▄[38;2;145;159;180m[48;2;140;159;166m▄[38;2;150;158;176m[48;2;147;166;180m▄[38;2;175;181;191m[48;2;145;164;179m▄[38;2;143;150;166m[48;2;147;166;179m▄[38;2;139;155;184m[48;2;142;162;174m▄[38;2;136;154;188m[48;2;141;161;176m▄[38;2;130;151;189m[48;2;138;159;176m▄[38;2;124;148;190m[48;2;139;159;178m▄[38;2;120;145;191m[48;2;145;168;188m▄[38;2;124;152;207m[48;2;156;182;208m▄[0m
[38;2;86;179;214m[48;2;60;120;140m▄[38;2;91;194;241m[48;2;67;134;161m▄[38;2;84;178;218m[48;2;72;138;165m▄[38;2;76;172;215m[48;2;91;160;187m▄[38;2;82;176;218m[48;2;89;139;158m▄[38;2;113;179;201m[48;2;80;131;153m▄[38;2;133;178;186m[48;2;78;140;166m▄[38;2;83;91;77m[48;2;62;66;49m▄[38;2;56;59;40m[48;2;46;32;0m▄[38;2;66;120;120m[48;2;14;5;0m▄[38;2;81;161;168m[48;2;61;92;96m▄[38;2;131;172;177m[48;2;85;128;141m▄[38;2;132;148;148m[48;2;73;119;135m▄[38;2;99;168;174m[48;2;88;151;172m▄[38;2;103;162;167m[48;2;96;133;149m▄[38;2;125;166;175m[48;2;104;143;158m▄[38;2;131;167;175m[48;2;109;166;184m▄[38;2;131;169;182m[48;2;108;162;181m▄[38;2;105;175;204m[48;2;106;153;171m▄[38;2;84;172;211m[48;2;103;164;189m▄[38;2;76;167;212m[48;2;89;161;191m▄[38;2;74;166;213m[48;2;75;146;177m▄[38;2;75;165;212m[48;2;71;147;184m▄[38;2;73;166;213m[48;2;82;159;200m▄[38;2;77;171;216m[48;2;92;149;178m▄[38;2;98;172;204m[48;2;87;145;171m▄[38;2;117;170;189m[48;2;79;153;189m▄[38;2;112;168;187m[48;2;81;155;190m▄[38;2;102;180;208m[48;2;93;153;178m▄[38;2;103;195;229m[48;2;93;161;183m▄[38;2;131;189;214m[48;2;113;165;191m▄[38;2;145;185;202m[48;2;125;167;191m▄[38;2;146;189;205m[48;2;128;175;202m▄[38;2;147;187;205m[48;2;134;181;206m▄[38;2;148;189;206m[48;2;143;186;209m▄[38;2;139;171;190m[48;2;136;167;186m▄[38;2;144;163;178m[48;2;147;159;171m▄[38;2;145;167;183m[48;2;156;168;179m▄[38;2;142;168;183m[48;2;156;169;180m▄[38;2;138;167;185m[48;2;153;167;179m▄[38;2;128;153;182m[48;2;150;164;176m▄[38;2;133;151;185m[48;2;149;164;177m▄[38;2;133;150;187m[48;2;149;163;177m▄[38;2;133;149;187m[48;2;144;161;176m▄[38;2;134;150;189m[48;2;144;161;177m▄[38;2;129;145;179m[48;2;144;159;180m▄[38;2;128;150;171m[48;2;140;154;182m▄[38;2;118;142;154m[48;2;135;149;179m▄[38;2;78;106;115m[48;2;100;120;153m▄[38;2;89;115;119m[48;2;108;122;156m▄[38;2;110;131;121m[48;2;143;144;167m▄[38;2;123;139;141m[48;2;184;194;210m▄[38;2;132;140;175m[48;2;173;179;190m▄[38;2;118;142;193m[48;2;122;133;171m▄[38;2;87;127;185m[48;2;98;132;188m▄[38;2;89;124;175m[48;2;89;124;179m▄[38;2;109;140;180m[48;2;77;114;173m▄[38;2;110;146;176m[48;2;70;109;171m▄[38;2;88;144;141m[48;2;70;111;170m▄[38;2;92;152;141m[48;2;73;120;180m▄[0m
[38;2;83;166;195m[48;2;83;168;203m▄[38;2;91;180;215m[48;2;81;181;227m▄[38;2;103;174;199m[48;2;77;168;206m▄[38;2;110;185;205m[48;2;92;170;200m▄[38;2;109;193;212m[48;2;114;181;199m▄[38;2;112;196;219m[48;2;119;192;209m▄[38;2;103;170;176m[48;2;108;179;195m▄[38;2;104;164;170m[48;2;112;162;162m▄[38;2;70;139;198m[48;2;88;152;171m▄[38;2;82;163;180m[48;2;94;193;198m▄[38;2;92;184;186m[48;2;94;191;197m▄[38;2;87;170;177m[48;2;91;185;192m▄[38;2;87;169;175m[48;2;97;181;186m▄[38;2;99;172;179m[48;2;101;171;178m▄[38;2;116;175;183m[48;2;114;156;168m▄[38;2;118;157;166m[48;2;86;89;100m▄[38;2;123;154;167m[48;2;80;76;81m▄[38;2;98;160;189m[48;2;108;146;163m▄[38;2;66;155;200m[48;2;86;158;192m▄[38;2;73;159;204m[48;2;93;160;190m▄[38;2;86;161;197m[48;2;87;161;196m▄[38;2;109;163;185m[48;2;76;163;207m▄[38;2;110;163;181m[48;2;75;165;210m▄[38;2;102;169;196m[48;2;88;167;203m▄[38;2;94;177;208m[48;2;101;167;194m▄[38;2;103;187;215m[48;2;101;171;197m▄[38;2;122;196;218m[48;2;94;177;209m▄[38;2;137;205;219m[48;2;106;186;215m▄[38;2;136;207;219m[48;2;131;193;207m▄[38;2;125;201;215m[48;2;145;200;207m▄[38;2;110;160;195m[48;2;136;183;203m▄[38;2;108;136;180m[48;2;126;167;200m▄[38;2;120;152;189m[48;2;124;167;201m▄[38;2;117;154;202m[48;2;121;164;197m▄[38;2;92;128;186m[48;2;129;171;194m▄[38;2;110;144;185m[48;2;138;175;197m▄[38;2;147;182;207m[48;2;136;170;198m▄[38;2;146;181;207m[48;2;139;174;200m▄[38;2;146;181;206m[48;2;141;178;201m▄[38;2;137;172;197m[48;2;136;176;199m▄[38;2;127;153;188m[48;2;122;149;187m▄[38;2;132;148;188m[48;2;135;148;191m▄[38;2;134;148;188m[48;2;135;149;190m▄[38;2;134;148;191m[48;2;135;149;189m▄[38;2;136;150;194m[48;2;133;146;191m▄[38;2;122;133;169m[48;2;117;136;156m▄[38;2;140;147;136m[48;2;158;170;145m▄[38;2;149;157;133m[48;2;162;170;143m▄[38;2;171;170;142m[48;2;184;187;157m▄[38;2;151;171;154m[48;2;160;183;164m▄[38;2;111;132;129m[48;2;155;197;185m▄[38;2;127;147;166m[48;2;150;191;173m▄[38;2;134;149;183m[48;2;127;148;151m▄[38;2;117;139;186m[48;2;112;132;181m▄[38;2;86;125;185m[48;2;86;126;185m▄[38;2;125;160;199m[48;2;122;157;200m▄[38;2;165;197;219m[48;2;159;190;214m▄[38;2;145;183;204m[48;2;140;177;193m▄[38;2;98;160;148m[48;2;93;149;137m▄[38;2;107;176;159m[48;2;81;135;121m▄[0m
[38;2;109;177;192m[48;2;121;166;173m▄[38;2;124;197;212m[48;2;125;188;199m▄[38;2;133;178;183m[48;2;109;191;210m▄[38;2;128;173;183m[48;2;109;199;220m▄[38;2;100;163;186m[48;2;110;196;218m▄[38;2;92;171;202m[48;2;99;188;217m▄[38;2;104;180;202m[48;2;94;166;177m▄[38;2;91;144;153m[48;2;88;141;161m▄[38;2;60;127;206m[48;2;63;129;206m▄[38;2;89;143;170m[48;2;79;152;188m▄[38;2;93;151;157m[48;2;86;161;166m▄[38;2;85;176;194m[48;2;92;184;193m▄[38;2;89;187;193m[48;2;94;191;196m▄[38;2;87;183;189m[48;2;90;186;193m▄[38;2;77;142;141m[48;2;81;167;171m▄[38;2;77;140;170m[48;2;74;158;177m▄[38;2;69;163;212m[48;2;70;154;191m▄[38;2;78;164;206m[48;2;64;154;199m▄[38;2;96;167;201m[48;2;68;157;202m▄[38;2;100;171;201m[48;2;81;159;197m▄[38;2;101;184;215m[48;2;94;164;196m▄[38;2;111;196;225m[48;2;97;167;196m▄[38;2;125;204;225m[48;2;104;173;197m▄[38;2;137;208;224m[48;2;114;178;197m▄[38;2;142;206;217m[48;2;124;187;200m▄[38;2;134;197;209m[48;2;135;198;209m▄[38;2;121;192;211m[48;2;138;205;217m▄[38;2;97;183;218m[48;2;127;200;215m▄[38;2;89;178;216m[48;2;106;187;214m▄[38;2;98;177;209m[48;2;88;181;213m▄[38;2;114;157;186m[48;2;112;158;186m▄[38;2;123;144;167m[48;2;123;136;154m▄[38;2;132;153;177m[48;2;130;149;169m▄[38;2;137;164;192m[48;2;138;164;188m▄[38;2;113;145;186m[48;2;122;158;209m▄[38;2;64;92;136m[48;2;74;108;160m▄[38;2;50;76;105m[48;2;100;132;160m▄[38;2;63;89;115m[48;2;107;138;162m▄[38;2;76;102;125m[48;2;117;149;172m▄[38;2;117;150;172m[48;2;145;182;207m▄[38;2;124;155;185m[48;2;125;154;187m▄[38;2;129;153;185m[48;2;132;146;186m▄[38;2;118;139;174m[48;2;134;148;191m▄[38;2;120;142;176m[48;2;134;147;190m▄[38;2;123;144;178m[48;2;136;150;193m▄[38;2;134;156;192m[48;2;126;137;173m▄[38;2;134;157;197m[48;2;131;158;165m▄[38;2;131;156;198m[48;2;126;147;161m▄[38;2;122;145;173m[48;2;126;144;154m▄[38;2;94;100;99m[48;2;121;141;149m▄[38;2;132;153;184m[48;2;115;126;157m▄[38;2;141;169;202m[48;2;130;141;186m▄[38;2;142;168;198m[48;2;140;152;195m▄[38;2;123;152;190m[48;2;120;141;189m▄[38;2;88;125;180m[48;2;87;127;187m▄[38;2;98;133;184m[48;2;119;155;197m▄[38;2;113;146;189m[48;2;168;199;220m▄[38;2;102;138;180m[48;2;144;180;199m▄[38;2;91;135;170m[48;2;97;157;148m▄[38;2;99;148;186m[48;2;106;175;156m▄[0m
[38;2;41;58;70m[48;2;99;79;83m▄[38;2;50;68;72m[48;2;109;92;92m▄[38;2;65;69;40m[48;2;116;108;106m▄[38;2;61;67;41m[48;2;110;95;92m▄[38;2;87;95;68m[48;2;99;93;95m▄[38;2;96;92;64m[48;2;105;108;107m▄[38;2;74;61;37m[48;2;123;148;143m▄[38;2;63;55;34m[48;2;98;99;91m▄[38;2;101;49;17m[48;2;92;90;100m▄[38;2;134;118;98m[48;2;116;171;168m▄[38;2;151;195;182m[48;2;132;206;198m▄[38;2;154;106;78m[48;2;91;157;172m▄[38;2;174;67;30m[48;2;94;165;165m▄[38;2;183;67;29m[48;2;100;159;156m▄[38;2;120;63;43m[48;2;108;124;116m▄[38;2;63;77;59m[48;2;109;143;142m▄[38;2;60;51;24m[48;2;109;139;145m▄[38;2;61;53;26m[48;2;110;146;152m▄[38;2;59;51;24m[48;2;92;147;159m▄[38;2;57;49;20m[48;2;96;151;162m▄[38;2;57;48;20m[48;2;111;161;164m▄[38;2;56;49;20m[48;2;119;164;162m▄[38;2;56;50;21m[48;2;122;165;164m▄[38;2;55;51;22m[48;2;120;164;163m▄[38;2;54;50;21m[48;2;109;159;160m▄[38;2;53;49;19m[48;2;94;149;157m▄[38;2;52;51;20m[48;2;87;138;149m▄[38;2;53;50;18m[48;2;98;132;135m▄[38;2;53;51;18m[48;2;100;127;126m▄[38;2;50;45;8m[48;2;78;125;134m▄[38;2;90;106;100m[48;2;94;135;149m▄[38;2;134;168;182m[48;2;109;140;157m▄[38;2;166;197;209m[48;2;135;169;202m▄[38;2;150;181;205m[48;2;117;152;188m▄[38;2;83;114;144m[48;2;33;62;96m▄[38;2;66;98;131m[48;2;43;73;109m▄[38;2;58;90;127m[48;2;48;78;114m▄[38;2;56;90;129m[48;2;53;84;121m▄[38;2;37;65;92m[48;2;33;56;81m▄[38;2;17;39;54m[48;2;10;30;43m▄[38;2;34;55;69m[48;2;76;100;120m▄[38;2;79;104;125m[48;2;143;168;194m▄[38;2;96;119;134m[48;2;103;115;115m▄[38;2;143;171;179m[48;2;103;128;128m▄[38;2;135;165;180m[48;2;96;125;137m▄[38;2;130;164;183m[48;2;99;127;144m▄[38;2;119;146;161m[48;2;112;138;151m▄[38;2;132;157;176m[48;2;135;165;183m▄[38;2;129;148;141m[48;2;114;125;122m▄[38;2;127;129;97m[48;2;91;65;22m▄[38;2;114;112;88m[48;2;104;102;85m▄[38;2;150;182;207m[48;2;139;175;202m▄[38;2;157;192;219m[48;2;142;178;204m▄[38;2;153;187;214m[48;2;143;177;203m▄[38;2;152;188;213m[48;2;139;173;201m▄[38;2;152;188;215m[48;2;137;171;201m▄[38;2;150;185;213m[48;2;134;169;199m▄[38;2;152;185;214m[48;2;133;168;198m▄[38;2;153;185;215m[48;2;136;168;200m▄[38;2;166;202;233m[48;2;147;181;219m▄[0m
