[38;2;16;62;112m[48;2;27;99;175m▄[38;2;14;27;64m[48;2;25;81;137m▄[38;2;26;28;132m[48;2;7;23;79m▄[38;2;26;34;155m[48;2;9;15;113m▄[38;2;26;34;160m[48;2;11;19;150m▄[38;2;27;36;146m[48;2;7;19;142m▄[38;2;49;54;117m[48;2;21;52;123m▄[38;2;55;87;140m[48;2;40;90;156m▄[38;2;56;107;168m[48;2;71;104;148m▄[38;2;29;67;113m[48;2;28;50;77m▄[38;2;73;73;79m[48;2;83;81;84m▄[38;2;130;136;137m[48;2;121;123;127m▄[38;2;122;129;130m[48;2;108;113;115m▄[38;2;123;130;131m[48;2;106;113;115m▄[38;2;124;132;132m[48;2;110;119;119m▄[38;2;137;144;145m[48;2;127;135;135m▄[38;2;93;96;102m[48;2;84;90;94m▄[38;2;9;19;47m[48;2;3;17;46m▄[38;2;19;30;58m[48;2;9;21;54m▄[38;2;12;26;56m[48;2;9;28;67m▄[38;2;29;38;67m[48;2;13;28;65m▄[38;2;39;49;81m[48;2;13;28;59m▄[38;2;10;28;69m[48;2;15;36;75m▄[38;2;12;36;82m[48;2;9;21;52m▄[38;2;30;49;89m[48;2;5;30;83m▄[38;2;35;48;80m[48;2;7;38;96m▄[38;2;14;21;41m[48;2;5;21;48m▄[38;2;19;28;52m[48;2;11;11;21m▄[38;2;48;57;82m[48;2;32;34;50m▄[38;2;27;40;75m[48;2;25;34;67m▄[38;2;13;30;64m[48;2;7;21;52m▄[38;2;24;37;64m[48;2;11;28;52m▄[38;2;11;20;41m[48;2;44;54;65m▄[38;2;21;31;51m[48;2;38;42;54m▄[38;2;40;44;60m[48;2;48;46;57m▄[38;2;18;29;56m[48;2;28;36;61m▄[38;2;12;29;66m[48;2;9;19;44m▄[38;2;37;51;77m[48;2;15;28;54m▄[38;2;43;51;69m[48;2;28;38;63m▄[38;2;17;31;57m[48;2;19;36;73m▄[38;2;30;40;62m[48;2;15;36;71m▄[38;2;39;41;54m[48;2;7;17;40m▄[38;2;9;16;28m[48;2;9;17;36m▄[38;2;9;12;24m[48;2;9;15;30m▄[38;2;13;25;49m[48;2;11;25;50m▄[38;2;9;28;58m[48;2;11;23;50m▄[38;2;7;23;50m[48;2;13;21;48m▄[38;2;9;25;56m[48;2;13;32;69m▄[38;2;11;29;61m[48;2;11;34;75m▄[38;2;12;24;48m[48;2;7;15;30m▄[38;2;10;26;51m[48;2;9;11;15m▄[38;2;13;30;62m[48;2;9;23;40m▄[38;2;14;39;78m[48;2;11;40;77m▄[38;2;11;28;57m[48;2;9;21;38m▄[38;2;10;24;49m[48;2;7;23;46m▄[38;2;9;22;49m[48;2;7;15;27m▄[38;2;9;21;48m[48;2;5;9;11m▄[38;2;9;19;34m[48;2;5;9;11m▄[38;2;8;11;17m[48;2;7;9;11m▄[38;2;10;24;49m[48;2;7;21;42m▄[0m
[38;2;102;104;111m[48;2;8;39;95m▄[38;2;93;103;120m[48;2;4;29;79m▄[38;2;63;79;106m[48;2;4;21;59m▄[38;2;55;70;100m[48;2;15;30;61m▄[38;2;61;71;92m[48;2;22;29;48m▄[38;2;68;80;101m[48;2;29;37;62m▄[38;2;70;81;94m[48;2;57;68;100m▄[38;2;74;79;83m[48;2;42;68;115m▄[38;2;97;99;97m[48;2;6;48;97m▄[38;2;130;132;130m[48;2;47;57;71m▄[38;2;130;133;134m[48;2;109;109;110m▄[38;2;122;126;125m[48;2;124;130;131m▄[38;2;118;123;120m[48;2;120;126;124m▄[38;2;122;126;123m[48;2;129;133;131m▄[38;2;124;128;124m[48;2;116;120;118m▄[38;2;133;136;131m[48;2;128;130;128m▄[38;2;103;103;101m[48;2;103;104;106m▄[38;2;27;30;46m[48;2;15;16;26m▄[38;2;18;26;49m[48;2;39;40;47m▄[38;2;28;37;58m[48;2;23;28;43m▄[38;2;32;36;54m[48;2;17;23;43m▄[38;2;28;31;41m[48;2;26;27;37m▄[38;2;49;48;60m[48;2;14;19;40m▄[38;2;50;52;70m[48;2;19;29;58m▄[38;2;13;19;36m[48;2;34;40;58m▄[38;2;3;10;27m[48;2;26;30;43m▄[38;2;7;18;38m[48;2;31;37;54m▄[38;2;7;11;20m[48;2;7;12;28m▄[38;2;9;13;25m[48;2;6;20;48m▄[38;2;9;16;33m[48;2;10;31;66m▄[38;2;6;12;26m[48;2;15;33;70m▄[38;2;18;24;39m[48;2;36;48;80m▄[38;2;22;27;41m[48;2;21;28;51m▄[38;2;22;30;45m[48;2;12;15;24m▄[38;2;8;18;36m[48;2;15;24;39m▄[38;2;34;41;61m[48;2;36;40;54m▄[38;2;15;24;42m[48;2;27;35;58m▄[38;2;4;8;18m[48;2;18;31;55m▄[38;2;6;10;24m[48;2;20;25;35m▄[38;2;11;22;46m[48;2;15;24;43m▄[38;2;17;28;48m[48;2;30;32;41m▄[38;2;16;29;55m[48;2;39;43;51m▄[38;2;10;30;65m[48;2;20;24;34m▄[38;2;14;27;52m[48;2;32;34;47m▄[38;2;20;26;35m[48;2;11;23;42m▄[38;2;26;27;36m[48;2;22;29;42m▄[38;2;56;66;87m[48;2;15;18;29m▄[38;2;37;51;75m[48;2;16;21;33m▄[38;2;14;26;48m[48;2;14;16;26m▄[38;2;7;21;46m[48;2;7;12;23m▄[38;2;11;34;67m[48;2;9;19;39m▄[38;2;10;24;46m[48;2;12;23;54m▄[38;2;8;13;25m[48;2;8;17;40m▄[38;2;9;18;36m[48;2;9;21;42m▄[38;2;8;14;28m[48;2;9;17;33m▄[38;2;7;10;18m[48;2;10;17;36m▄[38;2;11;18;31m[48;2;10;20;42m▄[38;2;7;12;21m[48;2;9;22;47m▄[38;2;6;11;24m[48;2;10;21;43m▄[38;2;8;17;36m[48;2;12;29;62m▄[0m
[38;2;107;111;113m[48;2;114;120;118m▄[38;2;121;126;127m[48;2;137;140;138m▄[38;2;117;121;122m[48;2;124;126;124m▄[38;2;121;125;126m[48;2;127;129;127m▄[38;2;122;126;127m[48;2;128;130;129m▄[38;2;122;126;126m[48;2;132;134;131m▄[38;2;125;128;125m[48;2;126;129;125m▄[38;2;106;107;104m[48;2;113;113;110m▄[38;2;102;104;99m[48;2;112;114;110m▄[38;2;128;132;126m[48;2;112;118;114m▄[38;2;126;129;124m[48;2;109;114;110m▄[38;2;128;131;126m[48;2;114;117;114m▄[38;2;124;129;124m[48;2;118;122;118m▄[38;2;120;125;121m[48;2;113;115;111m▄[38;2;121;126;122m[48;2;113;116;112m▄[38;2;135;138;132m[48;2;125;125;119m▄[38;2;98;98;91m[48;2;91;90;87m▄[38;2;0;6;23m[48;2;19;26;50m▄[38;2;6;10;26m[48;2;8;15;36m▄[38;2;5;8;16m[48;2;18;26;47m▄[38;2;4;6;17m[48;2;25;34;59m▄[38;2;12;15;28m[48;2;26;35;56m▄[38;2;21;29;48m[48;2;44;55;83m▄[38;2;11;23;48m[48;2;32;48;90m▄[38;2;8;16;42m[48;2;13;26;56m▄[38;2;0;4;36m[48;2;9;20;46m▄[38;2;0;5;35m[48;2;9;20;42m▄[38;2;0;8;42m[48;2;12;27;54m▄[38;2;0;12;47m[48;2;13;26;55m▄[38;2;4;30;79m[48;2;10;23;50m▄[38;2;0;23;68m[48;2;8;20;40m▄[38;2;2;19;58m[48;2;9;20;39m▄[38;2;6;30;77m[48;2;8;22;46m▄[38;2;9;37;84m[48;2;8;29;61m▄[38;2;8;31;66m[48;2;12;28;59m▄[38;2;12;30;57m[48;2;13;37;77m▄[38;2;9;15;27m[48;2;10;29;61m▄[38;2;14;29;55m[48;2;11;26;55m▄[38;2;12;25;49m[48;2;11;27;57m▄[38;2;11;30;58m[48;2;13;33;70m▄[38;2;7;20;43m[48;2;32;47;75m▄[38;2;7;12;23m[48;2;34;42;58m▄[38;2;9;16;27m[48;2;17;30;55m▄[38;2;8;9;14m[48;2;26;37;56m▄[38;2;24;25;32m[48;2;10;14;21m▄[38;2;40;43;52m[48;2;14;18;27m▄[38;2;27;39;57m[48;2;24;34;52m▄[38;2;23;26;30m[48;2;29;48;76m▄[38;2;16;28;42m[48;2;22;37;66m▄[38;2;23;37;59m[48;2;30;47;80m▄[38;2;13;27;48m[48;2;15;42;80m▄[38;2;10;26;48m[48;2;11;36;72m▄[38;2;10;15;27m[48;2;11;33;66m▄[38;2;13;26;52m[48;2;12;28;54m▄[38;2;17;45;88m[48;2;12;24;43m▄[38;2;16;43;85m[48;2;9;21;36m▄[38;2;16;39;78m[48;2;8;21;40m▄[38;2;18;45;90m[48;2;10;19;36m▄[38;2;18;48;96m[48;2;11;27;49m▄[38;2;16;43;89m[48;2;14;38;72m▄[0m
[38;2;86;91;93m[48;2;102;104;107m▄[38;2;102;108;111m[48;2;116;119;121m▄[38;2;105;111;112m[48;2;113;116;118m▄[38;2;108;114;113m[48;2;119;121;120m▄[38;2;107;114;113m[48;2;121;123;121m▄[38;2;104;111;110m[48;2;124;125;122m▄[38;2;100;106;104m[48;2;122;123;120m▄[38;2;97;104;103m[48;2;106;106;101m▄[38;2;107;113;112m[48;2;105;104;99m▄[38;2;119;126;125m[48;2;133;134;128m▄[38;2;113;121;118m[48;2;130;130;124m▄[38;2;109;118;114m[48;2;129;131;124m▄[38;2;110;117;114m[48;2;128;132;126m▄[38;2;113;120;117m[48;2;126;130;124m▄[38;2;115;122;120m[48;2;127;131;126m▄[38;2;122;129;128m[48;2;137;140;134m▄[38;2;91;92;91m[48;2;97;96;90m▄[38;2;6;13;31m[48;2;2;8;25m▄[38;2;9;24;51m[48;2;10;30;69m▄[38;2;11;30;68m[48;2;8;24;56m▄[38;2;8;29;68m[48;2;8;18;40m▄[38;2;8;29;67m[48;2;7;26;56m▄[38;2;67;83;32m[48;2;0;15;55m▄[38;2;123;138;17m[48;2;7;13;26m▄[38;2;143;156;11m[48;2;39;49;26m▄[38;2;162;165;14m[48;2;74;73;16m▄[38;2;182;178;8m[48;2;72;75;25m▄[38;2;198;186;41m[48;2;78;82;20m▄[38;2;233;231;185m[48;2;61;60;12m▄[38;2;237;237;221m[48;2;54;57;39m▄[38;2;180;173;99m[48;2;54;59;22m▄[38;2;185;165;25m[48;2;57;62;27m▄[38;2;211;201;102m[48;2;44;63;49m▄[38;2;189;189;152m[48;2;33;52;50m▄[38;2;139;139;81m[48;2;26;49;63m▄[38;2;26;42;38m[48;2;13;39;71m▄[38;2;6;34;79m[48;2;12;38;71m▄[38;2;14;44;85m[48;2;12;35;64m▄[38;2;14;34;62m[48;2;14;37;70m▄[38;2;14;31;60m[48;2;16;43;82m▄[38;2;15;40;75m[48;2;15;39;71m▄[38;2;17;40;73m[48;2;11;20;37m▄[38;2;11;20;35m[48;2;10;16;27m▄[38;2;9;18;34m[48;2;11;22;42m▄[38;2;11;32;62m[48;2;22;39;70m▄[38;2;13;33;64m[48;2;27;44;69m▄[38;2;30;47;71m[48;2;28;50;78m▄[38;2;33;64;102m[48;2;17;38;68m▄[38;2;18;37;67m[48;2;21;41;73m▄[38;2;36;48;67m[48;2;40;50;69m▄[38;2;18;42;69m[48;2;22;39;64m▄[38;2;9;32;59m[48;2;8;31;56m▄[38;2;12;38;72m[48;2;11;27;45m▄[38;2;9;15;30m[48;2;12;31;56m▄[38;2;7;15;26m[48;2;12;39;70m▄[38;2;13;34;60m[48;2;14;35;65m▄[38;2;11;36;65m[48;2;13;35;65m▄[38;2;9;23;40m[48;2;14;36;68m▄[38;2;10;31;52m[48;2;12;22;39m▄[38;2;9;21;37m[48;2;10;19;37m▄[0m
[38;2;35;37;28m[48;2;104;125;136m▄[38;2;42;42;32m[48;2;116;138;150m▄[38;2;40;39;30m[48;2;108;130;139m▄[38;2;40;38;29m[48;2;110;132;141m▄[38;2;41;39;28m[48;2;110;133;141m▄[38;2;43;41;29m[48;2;110;133;141m▄[38;2;44;42;31m[48;2;110;136;144m▄[38;2;45;44;31m[48;2;112;139;147m▄[38;2;46;44;29m[48;2;113;138;147m▄[38;2;46;43;29m[48;2;111;135;144m▄[38;2;48;44;32m[48;2;111;134;142m▄[38;2;47;44;30m[48;2;108;129;138m▄[38;2;46;42;30m[48;2;107;127;136m▄[38;2;42;38;25m[48;2;105;124;133m▄[38;2;39;36;23m[48;2;102;122;130m▄[38;2;42;40;24m[48;2;110;133;140m▄[38;2;40;35;18m[48;2;77;92;96m▄[38;2;28;24;14m[48;2;4;17;45m▄[38;2;24;22;15m[48;2;7;16;37m▄[38;2;28;24;9m[48;2;9;22;51m▄[38;2;32;29;11m[48;2;7;27;63m▄[38;2;36;34;17m[48;2;4;23;66m▄[38;2;27;24;14m[48;2;68;79;18m▄[38;2;80;79;7m[48;2;128;137;6m▄[38;2;128;136;5m[48;2;130;139;14m▄[38;2;140;150;105m[48;2;131;143;6m▄[38;2;185;184;125m[48;2;181;163;0m▄[38;2;170;146;40m[48;2;191;168;81m▄[38;2;149;106;33m[48;2;238;237;235m▄[38;2;152;109;35m[48;2;151;152;146m▄[38;2;181;158;50m[48;2;122;111;51m▄[38;2;170;149;42m[48;2;173;159;89m▄[38;2;175;149;18m[48;2;200;198;173m▄[38;2;205;184;5m[48;2;128;123;86m▄[38;2;139;130;20m[48;2;139;124;36m▄[38;2;30;27;12m[48;2;35;47;41m▄[38;2;31;25;5m[48;2;5;18;43m▄[38;2;33;25;8m[48;2;14;39;69m▄[38;2;33;29;10m[48;2;12;27;50m▄[38;2;33;32;9m[48;2;10;27;52m▄[38;2;32;30;7m[48;2;9;23;44m▄[38;2;25;26;13m[48;2;10;26;52m▄[38;2;35;35;12m[48;2;4;12;29m▄[38;2;35;35;13m[48;2;3;7;19m▄[38;2;29;31;15m[48;2;5;14;29m▄[38;2;30;32;22m[48;2;2;12;30m▄[38;2;26;29;21m[48;2;1;14;36m▄[38;2;23;27;23m[48;2;1;16;34m▄[38;2;25;34;39m[48;2;10;24;41m▄[38;2;38;42;46m[48;2;31;43;62m▄[38;2;16;21;28m[48;2;4;21;49m▄[38;2;15;25;29m[48;2;7;22;45m▄[38;2;13;21;29m[48;2;6;20;39m▄[38;2;8;27;47m[48;2;10;23;42m▄[38;2;5;11;23m[48;2;12;29;59m▄[38;2;8;23;47m[48;2;16;48;89m▄[38;2;6;34;70m[48;2;14;38;75m▄[38;2;4;28;58m[48;2;13;38;73m▄[38;2;5;28;59m[48;2;14;44;82m▄[38;2;10;36;71m[48;2;16;46;82m▄[0m
[38;2;39;32;1m[48;2;37;28;1m▄[38;2;43;35;3m[48;2;40;30;1m▄[38;2;41;33;4m[48;2;35;25;0m▄[38;2;42;33;4m[48;2;32;23;0m▄[38;2;42;33;4m[48;2;32;22;0m▄[38;2;43;34;4m[48;2;31;21;0m▄[38;2;45;35;4m[48;2;30;18;0m▄[38;2;45;34;5m[48;2;32;19;0m▄[38;2;41;32;6m[48;2;34;22;0m▄[38;2;40;31;6m[48;2;35;22;0m▄[38;2;42;34;7m[48;2;35;23;0m▄[38;2;48;41;8m[48;2;36;23;0m▄[38;2;51;44;9m[48;2;35;25;1m▄[38;2;55;50;9m[48;2;39;29;4m▄[38;2;56;50;8m[48;2;49;40;5m▄[38;2;50;43;8m[48;2;49;40;2m▄[38;2;50;43;8m[48;2;47;38;3m▄[38;2;51;45;8m[48;2;56;47;7m▄[38;2;50;42;8m[48;2;57;49;5m▄[38;2;44;36;7m[48;2;48;39;4m▄[38;2;46;36;7m[48;2;46;37;3m▄[38;2;42;33;8m[48;2;47;39;2m▄[38;2;26;21;8m[48;2;44;35;4m▄[38;2;17;11;6m[48;2;42;32;15m▄[38;2;29;17;22m[48;2;97;97;42m▄[38;2;62;41;41m[48;2;121;123;70m▄[38;2;90;58;39m[48;2;161;155;114m▄[38;2;77;48;31m[48;2;167;152;65m▄[38;2;60;41;28m[48;2;166;143;56m▄[38;2;67;47;44m[48;2;156;128;47m▄[38;2;79;36;37m[48;2;162;123;29m▄[38;2;85;55;36m[48;2;170;141;36m▄[38;2;66;46;21m[48;2;185;158;29m▄[38;2;50;41;15m[48;2;158;142;22m▄[38;2;64;60;10m[48;2;87;81;37m▄[38;2;67;61;12m[48;2;71;64;27m▄[38;2;128;116;19m[48;2;103;92;20m▄[38;2;153;134;21m[48;2;114;100;12m▄[38;2;127;92;21m[48;2;96;76;18m▄[38;2;148;107;21m[48;2;88;70;28m▄[38;2;157;117;34m[48;2;73;61;37m▄[38;2;153;116;36m[48;2;69;60;33m▄[38;2;155;115;41m[48;2;78;69;26m▄[38;2;152;112;38m[48;2;58;53;14m▄[38;2;120;90;33m[48;2;51;45;10m▄[38;2;48;42;14m[48;2;50;46;4m▄[38;2;53;49;6m[48;2;61;55;4m▄[38;2;52;49;7m[48;2;53;45;4m▄[38;2;49;46;7m[48;2;46;36;2m▄[38;2;49;46;7m[48;2;47;39;2m▄[38;2;49;46;8m[48;2;47;41;4m▄[38;2;49;46;7m[48;2;49;45;5m▄[38;2;50;47;7m[48;2;51;46;6m▄[38;2;52;48;7m[48;2;46;42;7m▄[38;2;52;46;8m[48;2;31;27;8m▄[38;2;48;42;8m[48;2;31;27;7m▄[38;2;47;40;5m[48;2;35;41;29m▄[38;2;53;47;5m[48;2;27;32;23m▄[38;2;53;48;5m[48;2;19;25;20m▄[38;2;57;52;8m[48;2;15;21;23m▄[0m
[38;2;57;50;7m[48;2;52;48;5m▄[38;2;60;51;7m[48;2;60;55;8m▄[38;2;53;47;7m[48;2;57;51;8m▄[38;2;57;51;7m[48;2;53;48;9m▄[38;2;59;53;9m[48;2;50;43;9m▄[38;2;57;50;8m[48;2;48;40;7m▄[38;2;52;46;7m[48;2;48;41;8m▄[38;2;56;50;8m[48;2;44;37;10m▄[38;2;60;55;5m[48;2;45;39;8m▄[38;2;60;53;6m[48;2;52;46;8m▄[38;2;52;46;5m[48;2;55;51;8m▄[38;2;49;42;6m[48;2;55;50;7m▄[38;2;53;45;7m[48;2;48;42;6m▄[38;2;57;50;6m[48;2;47;41;6m▄[38;2;59;52;5m[48;2;49;43;6m▄[38;2;54;46;6m[48;2;48;41;5m▄[38;2;55;48;5m[48;2;43;35;6m▄[38;2;63;56;4m[48;2;40;34;5m▄[38;2;61;53;6m[48;2;41;34;5m▄[38;2;55;47;8m[48;2;40;33;6m▄[38;2;64;56;6m[48;2;40;32;6m▄[38;2;64;56;5m[48;2;42;33;7m▄[38;2;57;48;6m[48;2;43;34;7m▄[38;2;57;49;10m[48;2;37;29;9m▄[38;2;74;68;13m[48;2;46;38;16m▄[38;2;72;68;9m[48;2;73;67;26m▄[38;2;69;65;7m[48;2;74;68;32m▄[38;2;69;65;11m[48;2;62;56;17m▄[38;2;68;63;10m[48;2;57;54;7m▄[38;2;65;59;9m[48;2;68;63;19m▄[38;2;61;55;6m[48;2;71;65;33m▄[38;2;59;52;5m[48;2;70;64;23m▄[38;2;59;51;8m[48;2;60;57;8m▄[38;2;57;50;7m[48;2;59;55;9m▄[38;2;56;49;6m[48;2;59;55;8m▄[38;2;55;48;7m[48;2;60;56;8m▄[38;2;55;48;6m[48;2;47;44;9m▄[38;2;56;49;5m[48;2;37;33;11m▄[38;2;54;48;5m[48;2;47;44;10m▄[38;2;53;46;4m[48;2;48;44;8m▄[38;2;52;46;4m[48;2;54;44;6m▄[38;2;51;46;6m[48;2;58;46;5m▄[38;2;24;22;5m[48;2;82;60;13m▄[38;2;38;41;4m[48;2;113;87;21m▄[38;2;53;56;2m[48;2;65;51;15m▄[38;2;58;60;6m[48;2;43;39;9m▄[38;2;56;61;4m[48;2;44;42;6m▄[38;2;51;56;4m[48;2;45;44;6m▄[38;2;52;55;6m[48;2;47;47;7m▄[38;2;51;55;6m[48;2;48;47;7m▄[38;2;51;54;6m[48;2;49;48;9m▄[38;2;52;54;7m[48;2;53;52;10m▄[38;2;55;57;6m[48;2;53;54;10m▄[38;2;57;57;5m[48;2;52;52;10m▄[38;2;56;57;6m[48;2;53;54;10m▄[38;2;51;52;5m[48;2;49;48;9m▄[38;2;47;45;5m[48;2;47;45;10m▄[38;2;54;54;6m[48;2;37;35;8m▄[38;2;53;56;7m[48;2;37;36;7m▄[38;2;41;43;7m[48;2;41;38;7m▄[0m
[38;2;14;16;32m[48;2;41;32;1m▄[38;2;17;22;42m[48;2;48;38;1m▄[38;2;21;31;73m[48;2;51;41;3m▄[38;2;15;20;52m[48;2;52;43;6m▄[38;2;15;16;31m[48;2;53;45;4m▄[38;2;15;16;26m[48;2;56;49;5m▄[38;2;17;23;49m[48;2;60;53;6m▄[38;2;21;27;59m[48;2;65;57;2m▄[38;2;19;27;65m[48;2;59;50;5m▄[38;2;16;19;40m[48;2;49;41;6m▄[38;2;23;31;58m[48;2;52;43;4m▄[38;2;18;22;47m[48;2;64;56;8m▄[38;2;13;17;39m[48;2;66;59;4m▄[38;2;24;33;69m[48;2;65;57;0m▄[38;2;32;43;87m[48;2;60;51;3m▄[38;2;23;31;56m[48;2;59;51;9m▄[38;2;26;36;69m[48;2;66;60;5m▄[38;2;22;33;70m[48;2;69;64;7m▄[38;2;16;26;50m[48;2;58;52;9m▄[38;2;21;13;7m[48;2;61;57;8m▄[38;2;21;12;9m[48;2;64;58;7m▄[38;2;10;7;7m[48;2;52;45;8m▄[38;2;16;13;7m[48;2;53;47;9m▄[38;2;21;13;8m[48;2;63;58;7m▄[38;2;25;14;10m[48;2;60;56;7m▄[38;2;26;19;13m[48;2;57;53;7m▄[38;2;29;21;15m[48;2;56;52;7m▄[38;2;9;6;7m[48;2;59;54;8m▄[38;2;17;11;3m[48;2;57;53;7m▄[38;2;24;16;6m[48;2;55;51;7m▄[38;2;37;26;14m[48;2;54;49;7m▄[38;2;22;14;9m[48;2;56;51;7m▄[38;2;20;14;8m[48;2;56;51;7m▄[38;2;12;10;5m[48;2;56;49;6m▄[38;2;13;10;3m[48;2;54;47;6m▄[38;2;21;13;6m[48;2;52;46;6m▄[38;2;22;13;8m[48;2;52;47;6m▄[38;2;34;27;16m[48;2;52;47;5m▄[38;2;27;22;14m[48;2;55;50;6m▄[38;2;12;9;5m[48;2;58;52;6m▄[38;2;17;11;3m[48;2;56;50;5m▄[38;2;30;20;9m[48;2;55;50;5m▄[38;2;41;27;15m[48;2;49;44;7m▄[38;2;10;5;8m[48;2;42;37;7m▄[38;2;14;12;9m[48;2;67;66;9m▄[38;2;19;15;11m[48;2;65;63;11m▄[38;2;28;21;16m[48;2;66;67;8m▄[38;2;28;24;23m[48;2;65;65;8m▄[38;2;32;32;29m[48;2;62;61;11m▄[38;2;22;21;20m[48;2;68;66;10m▄[38;2;12;12;11m[48;2;69;68;10m▄[38;2;17;14;7m[48;2;66;65;9m▄[38;2;28;20;11m[48;2;57;54;9m▄[38;2;26;17;11m[48;2;59;58;7m▄[38;2;29;29;10m[48;2;68;66;10m▄[38;2;79;78;18m[48;2;67;65;9m▄[38;2;73;70;17m[48;2;66;64;10m▄[38;2;81;80;17m[48;2;63;60;12m▄[38;2;74;72;19m[48;2;68;68;10m▄[38;2;82;84;22m[48;2;72;75;13m▄[0m
[38;2;19;30;96m[48;2;17;30;87m▄[38;2;20;33;100m[48;2;15;26;84m▄[38;2;15;28;81m[48;2;16;29;93m▄[38;2;17;28;79m[48;2;12;21;79m▄[38;2;16;23;65m[48;2;11;21;71m▄[38;2;21;32;87m[48;2;12;21;68m▄[38;2;17;28;74m[48;2;14;26;80m▄[38;2;16;29;66m[48;2;19;35;97m▄[38;2;16;28;78m[48;2;20;34;89m▄[38;2;28;40;67m[48;2;6;10;42m▄[38;2;59;87;105m[48;2;3;13;59m▄[38;2;87;121;124m[48;2;6;13;64m▄[38;2;98;132;123m[48;2;9;18;75m▄[38;2;102;144;130m[48;2;14;25;85m▄[38;2;105;145;129m[48;2;14;22;76m▄[38;2;102;143;137m[48;2;6;16;57m▄[38;2;96;127;116m[48;2;6;14;60m▄[38;2;81;107;99m[48;2;4;20;80m▄[38;2;68;84;75m[48;2;0;4;38m▄[38;2;83;76;50m[48;2;39;10;0m▄[38;2;81;61;28m[48;2;60;28;4m▄[38;2;58;39;16m[48;2;45;31;8m▄[38;2;72;54;24m[48;2;49;38;12m▄[38;2;72;50;21m[48;2;61;40;14m▄[38;2;85;49;13m[48;2;66;37;14m▄[38;2;128;71;13m[48;2;93;55;17m▄[38;2;172;119;19m[48;2;129;83;25m▄[38;2;148;128;74m[48;2;112;87;39m▄[38;2;138;138;108m[48;2;123;103;62m▄[38;2;136;136;106m[48;2;115;93;42m▄[38;2;141;122;74m[48;2;122;91;34m▄[38;2;170;110;13m[48;2;98;63;21m▄[38;2;108;65;16m[48;2;72;39;10m▄[38;2;74;60;47m[48;2;65;43;21m▄[38;2;87;68;45m[48;2;69;52;30m▄[38;2;88;60;34m[48;2;74;48;21m▄[38;2;110;63;17m[48;2;72;43;16m▄[38;2;145;88;17m[48;2;108;67;20m▄[38;2;179;135;33m[48;2;128;88;29m▄[38;2;147;144;121m[48;2;117;95;55m▄[38;2;141;149;136m[48;2;128;109;78m▄[38;2;142;150;137m[48;2;132;103;58m▄[38;2;149;124;66m[48;2;139;98;42m▄[38;2;171;114;13m[48;2;93;62;22m▄[38;2;93;70;44m[48;2;67;46;21m▄[38;2;86;71;51m[48;2;68;52;32m▄[38;2;92;65;33m[48;2;75;48;23m▄[38;2;110;62;16m[48;2;68;39;17m▄[38;2;149;93;16m[48;2;104;66;23m▄[38;2;179;137;34m[48;2;121;85;32m▄[38;2;144;143;120m[48;2;112;91;49m▄[38;2;143;152;141m[48;2;121;105;73m▄[38;2;141;150;138m[48;2;127;101;54m▄[38;2;152;121;64m[48;2;121;88;39m▄[38;2;108;76;7m[48;2;58;46;16m▄[38;2;74;77;18m[48;2;87;85;30m▄[38;2;75;73;15m[48;2;78;77;20m▄[38;2;84;92;18m[48;2;88;90;17m▄[38;2;73;74;19m[48;2;77;74;19m▄[38;2;83;86;24m[48;2;88;90;22m▄[0m
[38;2;8;16;44m[48;2;14;25;79m▄[38;2;16;25;69m[48;2;19;37;98m▄[38;2;20;28;75m[48;2;19;31;79m▄[38;2;14;25;69m[48;2;16;24;64m▄[38;2;13;22;62m[48;2;18;32;86m▄[38;2;12;18;56m[48;2;14;23;64m▄[38;2;17;26;71m[48;2;13;21;57m▄[38;2;18;32;89m[48;2;8;14;49m▄[38;2;25;35;60m[48;2;43;60;72m▄[38;2;82;110;94m[48;2;150;198;161m▄[38;2;115;158;125m[48;2;156;208;160m▄[38;2;133;181;144m[48;2;150;206;157m▄[38;2;140;191;149m[48;2;148;204;158m▄[38;2;118;156;118m[48;2;150;206;159m▄[38;2;118;142;108m[48;2;134;185;143m▄[38;2;106;125;92m[48;2;118;158;120m▄[38;2;99;124;91m[48;2;121;159;122m▄[38;2;92;118;87m[48;2;137;180;140m▄[38;2;116;146;108m[48;2;135;176;141m▄[38;2;103;135;102m[48;2;129;170;139m▄[38;2;136;178;141m[48;2;142;192;154m▄[38;2;106;130;106m[48;2;117;146;111m▄[38;2;32;19;16m[48;2;53;33;17m▄[38;2;34;15;12m[48;2;50;23;8m▄[38;2;18;1;5m[48;2;63;26;8m▄[38;2;28;10;4m[48;2;72;31;9m▄[38;2;29;9;7m[48;2;104;54;15m▄[38;2;47;18;12m[48;2;106;68;18m▄[38;2;30;5;4m[48;2;99;71;30m▄[38;2;17;0;0m[48;2;103;73;38m▄[38;2;28;10;6m[48;2;112;71;25m▄[38;2;28;11;7m[48;2;79;37;9m▄[38;2;35;11;8m[48;2;58;23;9m▄[38;2;29;11;9m[48;2;60;30;11m▄[38;2;37;21;15m[48;2;54;29;12m▄[38;2;15;4;5m[48;2;57;30;13m▄[38;2;22;8;4m[48;2;66;30;10m▄[38;2;28;12;7m[48;2;83;43;13m▄[38;2;50;24;16m[48;2;112;69;18m▄[38;2;29;7;6m[48;2;110;78;30m▄[38;2;19;3;0m[48;2;104;78;45m▄[38;2;21;6;0m[48;2;101;76;43m▄[38;2;39;19;8m[48;2;115;72;20m▄[38;2;37;15;10m[48;2;82;40;8m▄[38;2;37;17;12m[48;2;56;30;10m▄[38;2;44;21;15m[48;2;51;29;11m▄[38;2;23;4;7m[48;2;56;30;12m▄[38;2;42;16;5m[48;2;65;30;9m▄[38;2;59;26;10m[48;2;86;42;11m▄[38;2;61;27;16m[48;2;115;70;19m▄[38;2;27;5;4m[48;2;111;82;34m▄[38;2;26;8;0m[48;2;105;82;48m▄[38;2;33;10;2m[48;2;102;81;46m▄[38;2;27;10;13m[48;2;106;69;23m▄[38;2;33;26;12m[48;2;64;46;12m▄[38;2;84;79;19m[48;2;79;76;19m▄[38;2;73;72;17m[48;2;75;75;14m▄[38;2;87;89;23m[48;2;83;91;16m▄[38;2;84;82;25m[48;2;75;76;19m▄[38;2;78;80;21m[48;2;77;83;20m▄[0m
[38;2;8;17;59m[48;2;10;23;71m▄[38;2;10;18;67m[48;2;11;16;58m▄[38;2;11;18;69m[48;2;10;12;47m▄[38;2;10;16;54m[48;2;7;11;35m▄[38;2;8;15;44m[48;2;7;11;45m▄[38;2;5;12;29m[48;2;10;13;49m▄[38;2;7;10;32m[48;2;9;12;40m▄[38;2;9;17;46m[48;2;8;11;35m▄[38;2;7;10;41m[48;2;6;14;62m▄[38;2;32;41;63m[48;2;37;53;88m▄[38;2;84;112;115m[48;2;82;101;96m▄[38;2;98;131;112m[48;2;72;95;87m▄[38;2;125;166;131m[48;2;125;168;131m▄[38;2;138;185;144m[48;2;117;155;117m▄[38;2;123;169;124m[48;2;140;165;124m▄[38;2;119;167;122m[48;2;116;113;85m▄[38;2;141;194;147m[48;2;115;125;101m▄[38;2;147;197;149m[48;2;140;158;126m▄[38;2;76;97;79m[48;2;91;78;60m▄[38;2;87;82;69m[48;2;73;60;46m▄[38;2;83;55;35m[48;2;80;58;31m▄[38;2;99;54;20m[48;2;64;31;6m▄[38;2;131;73;12m[48;2;92;52;13m▄[38;2;173;121;26m[48;2;133;88;29m▄[38;2;146;134;95m[48;2;119;91;47m▄[38;2;131;141;128m[48;2;130;113;76m▄[38;2;134;133;121m[48;2;124;103;62m▄[38;2;136;124;93m[48;2;142;102;49m▄[38;2;170;115;13m[48;2;112;75;26m▄[38;2;110;77;30m[48;2;70;44;13m▄[38;2;77;67;59m[48;2;68;48;26m▄[38;2;91;68;42m[48;2;69;51;28m▄[38;2;95;58;25m[48;2;72;44;16m▄[38;2;125;69;12m[48;2;83;48;15m▄[38;2;172;119;22m[48;2;126;81;29m▄[38;2;158;138;83m[48;2;111;81;35m▄[38;2;139;149;144m[48;2;123;103;65m▄[38;2;140;146;129m[48;2;120;100;59m▄[38;2;136;138;117m[48;2;137;99;45m▄[38;2;169;118;22m[48;2;113;76;29m▄[38;2;127;88;30m[48;2;72;52;18m▄[38;2;73;62;50m[48;2;72;58;36m▄[38;2;89;63;37m[48;2;75;55;31m▄[38;2;97;56;23m[48;2;74;46;17m▄[38;2;127;71;11m[48;2;101;60;16m▄[38;2;172;122;23m[48;2;138;92;31m▄[38;2;153;139;90m[48;2;126;98;46m▄[38;2;133;145;141m[48;2;143;124;82m▄[38;2;132;144;132m[48;2;144;119;68m▄[38;2;137;132;103m[48;2;139;105;49m▄[38;2;166;111;13m[48;2;121;87;27m▄[38;2;120;85;32m[48;2;79;60;26m▄[38;2;67;58;51m[48;2;71;51;26m▄[38;2;82;44;14m[48;2;57;36;13m▄[38;2;70;43;9m[48;2;43;33;10m▄[38;2;80;80;19m[48;2;83;81;22m▄[38;2;73;70;15m[48;2;74;70;18m▄[38;2;81;86;17m[48;2;85;86;21m▄[38;2;82;83;17m[48;2;85;84;20m▄[38;2;77;79;17m[48;2;77;78;20m▄[0m
[38;2;28;48;100m[48;2;14;21;62m▄[38;2;30;50;107m[48;2;9;15;46m▄[38;2;22;36;91m[48;2;15;23;59m▄[38;2;28;50;123m[48;2;29;48;111m▄[38;2;27;46;111m[48;2;24;42;95m▄[38;2;34;55;106m[48;2;13;25;59m▄[38;2;51;49;80m[48;2;3;7;26m▄[38;2;78;75;125m[48;2;5;22;57m▄[38;2;87;83;138m[48;2;3;15;42m▄[38;2;111;100;156m[48;2;4;23;67m▄[38;2;114;100;132m[48;2;0;3;45m▄[38;2;106;113;114m[48;2;27;45;71m▄[38;2;113;97;138m[48;2;82;105;87m▄[38;2;70;66;120m[48;2;32;49;56m▄[38;2;47;59;122m[48;2;51;75;92m▄[38;2;22;40;100m[48;2;114;158;143m▄[38;2;5;17;62m[48;2;114;158;130m▄[38;2;20;35;99m[48;2;68;100;109m▄[38;2;12;17;48m[48;2;21;26;43m▄[38;2;0;0;0m[48;2;46;26;8m▄[38;2;5;0;0m[48;2;49;28;11m▄[38;2;8;0;0m[48;2;57;26;9m▄[38;2;21;6;3m[48;2;75;33;9m▄[38;2;51;38;46m[48;2;106;52;7m▄[38;2;84;70;119m[48;2;110;67;19m▄[38;2;119;122;163m[48;2;103;89;96m▄[38;2;96;121;111m[48;2;119;125;118m▄[38;2;18;10;7m[48;2;111;75;25m▄[38;2;22;10;9m[48;2;90;43;8m▄[38;2;15;8;7m[48;2;63;36;9m▄[38;2;13;7;5m[48;2;59;38;13m▄[38;2;14;8;5m[48;2;60;37;14m▄[38;2;17;9;5m[48;2;66;32;11m▄[38;2;24;13;9m[48;2;75;33;10m▄[38;2;20;11;11m[48;2;106;59;16m▄[38;2;19;9;8m[48;2;124;83;28m▄[38;2;14;3;0m[48;2;111;83;43m▄[38;2;9;1;0m[48;2;102;82;53m▄[38;2;11;4;1m[48;2;111;79;35m▄[38;2;30;17;15m[48;2;106;57;14m▄[38;2;12;8;10m[48;2;59;28;7m▄[38;2;7;6;7m[48;2;47;29;9m▄[38;2;6;6;7m[48;2;46;27;11m▄[38;2;7;7;9m[48;2;52;25;9m▄[38;2;20;12;14m[48;2;68;32;10m▄[38;2;23;13;16m[48;2;103;53;15m▄[38;2;12;8;15m[48;2;113;72;18m▄[38;2;8;4;9m[48;2;100;73;33m▄[38;2;7;2;8m[48;2;103;76;42m▄[38;2;6;0;6m[48;2;108;68;22m▄[38;2;19;9;12m[48;2;95;53;12m▄[38;2;14;6;9m[48;2;54;30;11m▄[38;2;13;7;9m[48;2;53;29;11m▄[38;2;13;5;12m[48;2;44;19;10m▄[38;2;46;43;13m[48;2;32;29;9m▄[38;2;88;93;15m[48;2;86;89;18m▄[38;2;73;72;16m[48;2;72;71;16m▄[38;2;81;81;19m[48;2;80;82;17m▄[38;2;80;79;18m[48;2;82;82;16m▄[38;2;78;82;19m[48;2;77;80;18m▄[0m
[38;2;3;16;73m[48;2;21;39;102m▄[38;2;52;76;96m[48;2;34;53;117m▄[38;2;134;184;146m[48;2;54;81;123m▄[38;2;123;166;137m[48;2;62;93;121m▄[38;2;66;89;102m[48;2;62;89;111m▄[38;2;30;47;91m[48;2;60;81;99m▄[38;2;29;37;88m[48;2;76;77;116m▄[38;2;151;122;187m[48;2;124;101;157m▄[38;2;206;161;235m[48;2;184;146;208m▄[38;2;206;164;233m[48;2;207;164;231m▄[38;2;158;114;173m[48;2;199;155;219m▄[38;2;185;142;204m[48;2;158;116;171m▄[38;2;60;51;91m[48;2;141;112;172m▄[38;2;5;14;44m[48;2;148;126;188m▄[38;2;23;30;62m[48;2;141;119;162m▄[38;2;49;70;108m[48;2;86;96;104m▄[38;2;59;86;101m[48;2;62;91;116m▄[38;2;81;120;132m[48;2;48;69;96m▄[38;2;89;117;103m[48;2;24;29;33m▄[38;2;113;136;105m[48;2;40;34;23m▄[38;2;129;153;118m[48;2;56;55;42m▄[38;2;126;144;109m[48;2;74;92;75m▄[38;2;117;111;71m[48;2;115;154;126m▄[38;2;127;91;32m[48;2;137;176;151m▄[38;2;157;114;23m[48;2;132;149;124m▄[38;2;132;120;96m[48;2;118;116;70m▄[38;2;144;145;132m[48;2;81;65;34m▄[38;2;142;142;120m[48;2;86;64;30m▄[38;2;144;123;75m[48;2;99;65;26m▄[38;2;166;109;17m[48;2;61;32;16m▄[38;2;97;66;24m[48;2;43;24;7m▄[38;2;78;67;58m[48;2;51;32;16m▄[38;2;91;69;46m[48;2;50;33;17m▄[38;2;89;59;28m[48;2;54;32;12m▄[38;2;114;64;15m[48;2;58;32;13m▄[38;2;162;108;22m[48;2;90;59;23m▄[38;2;162;133;60m[48;2;66;48;17m▄[38;2;144;153;141m[48;2;86;64;29m▄[38;2;150;152;127m[48;2;84;69;35m▄[38;2;140;142;118m[48;2;109;76;28m▄[38;2;159;120;37m[48;2;87;54;22m▄[38;2;140;96;21m[48;2;43;26;12m▄[38;2;75;66;51m[48;2;44;31;13m▄[38;2;91;74;44m[48;2;45;32;17m▄[38;2;90;60;29m[48;2;54;31;14m▄[38;2;110;62;11m[48;2;46;26;13m▄[38;2;156;105;21m[48;2;87;57;26m▄[38;2;166;132;54m[48;2;74;51;24m▄[38;2;147;152;136m[48;2;74;57;29m▄[38;2;151;152;126m[48;2;74;61;37m▄[38;2;141;144;120m[48;2;99;69;30m▄[38;2;160;127;49m[48;2;77;54;28m▄[38;2;123;87;21m[48;2;1;5;12m▄[38;2;2;0;4m[48;2;0;0;8m▄[38;2;56;58;15m[48;2;55;56;19m▄[38;2;92;92;25m[48;2;95;95;28m▄[38;2;75;73;20m[48;2;77;77;20m▄[38;2;85;88;22m[48;2;82;86;18m▄[38;2;83;83;24m[48;2;74;77;17m▄[38;2;80;83;22m[48;2;82;86;23m▄[0m
[38;2;8;12;59m[48;2;14;25;79m▄[38;2;18;20;84m[48;2;11;14;59m▄[38;2;10;9;57m[48;2;22;29;79m▄[38;2;3;2;56m[48;2;49;64;90m▄[38;2;0;0;31m[48;2;67;90;106m▄[38;2;88;103;103m[48;2;88;110;113m▄[38;2;117;124;129m[48;2;129;141;143m▄[38;2;100;119;122m[48;2;146;166;159m▄[38;2;123;171;131m[48;2;146;160;160m▄[38;2;109;117;112m[48;2;144;112;162m▄[38;2;167;164;176m[48;2;159;106;176m▄[38;2;129;124;142m[48;2;193;149;214m▄[38;2;13;13;33m[48;2;32;29;60m▄[38;2;8;13;35m[48;2;7;18;48m▄[38;2;13;23;51m[48;2;18;33;74m▄[38;2;10;15;35m[48;2;22;36;87m▄[38;2;11;19;45m[48;2;15;29;78m▄[38;2;7;13;31m[48;2;9;23;61m▄[38;2;8;10;19m[48;2;11;8;12m▄[38;2;20;10;9m[48;2;60;37;13m▄[38;2;23;11;7m[48;2;59;35;14m▄[38;2;19;7;6m[48;2;60;29;10m▄[38;2;24;9;6m[48;2;77;29;2m▄[38;2;33;13;9m[48;2;103;49;7m▄[38;2;38;13;9m[48;2;140;92;22m▄[38;2;33;11;0m[48;2;125;102;57m▄[38;2;36;16;2m[48;2;117;103;71m▄[38;2;28;11;0m[48;2;119;109;83m▄[38;2;47;26;8m[48;2;127;91;41m▄[38;2;30;11;11m[48;2;113;59;5m▄[38;2;25;9;8m[48;2;76;44;14m▄[38;2;26;10;6m[48;2;64;45;21m▄[38;2;21;8;5m[48;2;69;42;18m▄[38;2;15;4;5m[48;2;72;37;16m▄[38;2;28;11;8m[48;2;91;43;11m▄[38;2;38;13;11m[48;2;123;72;15m▄[38;2;36;10;6m[48;2;144;105;37m▄[38;2;38;14;0m[48;2;123;108;69m▄[38;2;36;16;2m[48;2;117;107;79m▄[38;2;35;16;1m[48;2;123;109;75m▄[38;2;50;29;15m[48;2;129;81;17m▄[38;2;24;11;10m[48;2;100;57;10m▄[38;2;26;12;7m[48;2;65;47;24m▄[38;2;23;11;8m[48;2;69;47;20m▄[38;2;22;10;7m[48;2;71;41;18m▄[38;2;32;19;11m[48;2;91;43;8m▄[38;2;43;22;14m[48;2;125;73;15m▄[38;2;43;22;10m[48;2;145;107;37m▄[38;2;45;27;6m[48;2;124;111;75m▄[38;2;44;26;7m[48;2;119;111;82m▄[38;2;44;24;3m[48;2;126;115;83m▄[38;2;49;31;18m[48;2;125;86;22m▄[38;2;14;9;13m[48;2;68;42;12m▄[38;2;18;11;13m[48;2;0;0;7m▄[38;2;41;38;13m[48;2;44;43;11m▄[38;2;88;89;18m[48;2;89;87;18m▄[38;2;71;72;14m[48;2;72;70;16m▄[38;2;80;90;15m[48;2;87;89;25m▄[38;2;79;86;16m[48;2;88;90;28m▄[38;2;74;77;17m[48;2;78;78;22m▄[0m
[38;2;14;23;81m[48;2;12;21;73m▄[38;2;15;20;74m[48;2;19;28;98m▄[38;2;22;32;99m[48;2;17;22;79m▄[38;2;29;43;122m[48;2;12;15;60m▄[38;2;18;29;85m[48;2;2;3;26m▄[38;2;0;0;21m[48;2;33;46;34m▄[38;2;94;120;100m[48;2;115;160;125m▄[38;2;131;176;140m[48;2;121;161;131m▄[38;2;122;160;128m[48;2;123;166;132m▄[38;2;134;170;139m[48;2;135;184;146m▄[38;2;38;48;79m[48;2;83;119;101m▄[38;2;15;23;84m[48;2;17;33;49m▄[38;2;29;45;99m[48;2;24;41;97m▄[38;2;28;46;98m[48;2;27;43;95m▄[38;2;29;50;104m[48;2;23;33;72m▄[38;2;30;49;101m[48;2;18;28;60m▄[38;2;41;67;135m[48;2;21;34;74m▄[38;2;36;66;136m[48;2;25;45;99m▄[38;2;30;38;58m[48;2;17;24;46m▄[38;2;87;61;31m[48;2;42;24;11m▄[38;2;94;57;21m[48;2;40;21;9m▄[38;2;129;77;15m[48;2;59;37;18m▄[38;2;166;116;26m[48;2;66;41;20m▄[38;2;152;138;92m[48;2;46;32;8m▄[38;2;157;154;127m[48;2;54;40;17m▄[38;2;152;142;109m[48;2;71;47;20m▄[38;2;149;129;77m[48;2;77;46;16m▄[38;2;152;109;20m[48;2;43;22;13m▄[38;2;103;70;20m[48;2;26;14;5m▄[38;2;83;71;52m[48;2;36;22;6m▄[38;2;94;76;50m[48;2;37;25;11m▄[38;2;93;62;28m[48;2;52;27;12m▄[38;2;111;64;14m[48;2;44;23;12m▄[38;2;158;105;23m[48;2;72;48;26m▄[38;2;167;132;58m[48;2;46;31;16m▄[38;2;158;154;126m[48;2;52;37;14m▄[38;2;160;153;116m[48;2;54;41;20m▄[38;2;153;147;108m[48;2;85;54;20m▄[38;2;164;125;47m[48;2;65;37;20m▄[38;2;141;96;23m[48;2;25;13;10m▄[38;2;85;70;49m[48;2;31;21;6m▄[38;2;92;76;52m[48;2;37;25;11m▄[38;2;92;63;31m[48;2;50;29;13m▄[38;2;107;64;15m[48;2;42;23;13m▄[38;2;159;104;24m[48;2;73;50;26m▄[38;2;172;132;54m[48;2;50;35;18m▄[38;2;157;155;125m[48;2;54;39;16m▄[38;2;161;155;120m[48;2;57;44;23m▄[38;2;154;145;106m[48;2;87;58;23m▄[38;2;159;125;45m[48;2;56;38;21m▄[38;2;134;98;23m[48;2;17;16;14m▄[38;2;64;67;47m[48;2;31;24;12m▄[38;2;66;69;33m[48;2;31;23;12m▄[38;2;53;55;15m[48;2;2;1;9m▄[38;2;44;46;12m[48;2;36;35;11m▄[38;2;97;100;20m[48;2;93;93;20m▄[38;2;76;78;19m[48;2;71;71;17m▄[38;2;81;92;18m[48;2;76;87;18m▄[38;2;78;83;18m[48;2;78;87;17m▄[38;2;86;94;22m[48;2;75;80;18m▄[0m
