[38;2;76;168;150m[48;2;75;165;136m▄[38;2;92;198;180m[48;2;77;177;139m▄[38;2;81;182;159m[48;2;77;168;141m▄[38;2;82;185;155m[48;2;92;177;164m▄[38;2;85;187;159m[48;2;86;175;158m▄[38;2;74;179;140m[48;2;79;171;142m▄[38;2;86;186;159m[48;2;83;175;144m▄[38;2;90;195;176m[48;2;86;175;148m▄[38;2;80;191;173m[48;2;88;177;154m▄[38;2;97;165;146m[48;2;84;183;169m▄[38;2;110;147;125m[48;2;83;191;177m▄[38;2;96;165;140m[48;2;77;183;156m▄[38;2;83;188;176m[48;2;81;173;142m▄[38;2;87;186;186m[48;2;98;179;169m▄[38;2;89;185;184m[48;2;98;179;169m▄[38;2;88;187;185m[48;2;100;179;169m▄[38;2;91;188;183m[48;2;100;181;169m▄[38;2;91;187;184m[48;2;100;181;169m▄[38;2;91;189;185m[48;2;102;181;169m▄[38;2;94;192;186m[48;2;102;183;169m▄[38;2;95;194;187m[48;2;104;185;171m▄[38;2;96;195;187m[48;2;106;185;171m▄[38;2;98;195;186m[48;2;106;187;171m▄[38;2;98;197;187m[48;2;108;189;171m▄[38;2;98;197;187m[48;2;108;189;171m▄[38;2;98;200;189m[48;2;108;191;173m▄[38;2;97;202;190m[48;2;106;191;173m▄[38;2;101;203;186m[48;2;106;193;173m▄[38;2;103;202;184m[48;2;106;195;173m▄[38;2;108;213;193m[48;2;113;206;183m▄[38;2;66;120;119m[48;2;67;112;110m▄[38;2;28;54;69m[48;2;25;48;59m▄[38;2;95;118;118m[48;2;21;52;63m▄[38;2;122;143;135m[48;2;27;54;67m▄[38;2;130;151;141m[48;2;32;57;69m▄[38;2;137;159;143m[48;2;28;54;65m▄[38;2;149;166;150m[48;2;50;71;81m▄[38;2;154;170;152m[48;2;67;90;94m▄[38;2;127;149;148m[48;2;90;108;102m▄[38;2;118;142;150m[48;2;98;112;102m▄[38;2;130;153;150m[48;2;102;119;108m▄[38;2;166;184;162m[48;2;104;125;113m▄[38;2;166;185;166m[48;2;106;127;119m▄[38;2;170;187;168m[48;2;110;129;117m▄[38;2;155;184;160m[48;2;117;129;123m▄[38;2;90;149;101m[48;2;119;137;131m▄[38;2;82;141;86m[48;2;119;142;131m▄[38;2;127;165;127m[48;2;129;146;137m▄[38;2;167;184;163m[48;2;110;129;119m▄[38;2;165;182;162m[48;2;100;119;112m▄[38;2;166;184;165m[48;2;100;119;113m▄[38;2;167;190;172m[48;2;102;125;121m▄[38;2;163;187;169m[48;2;75;98;102m▄[38;2;161;179;163m[48;2;56;79;84m▄[38;2;157;176;160m[48;2;52;75;84m▄[38;2;150;174;159m[48;2;40;67;79m▄[38;2;143;165;156m[48;2;30;57;71m▄[38;2;119;142;136m[48;2;17;46;61m▄[38;2;96;123;120m[48;2;15;44;59m▄[38;2;50;82;92m[48;2;36;65;79m▄[0m
[38;2;71;168;140m[48;2;71;166;140m▄[38;2;76;181;150m[48;2;76;178;151m▄[38;2;74;158;158m[48;2;74;168;144m▄[38;2;38;86;151m[48;2;60;139;137m▄[38;2;56;103;167m[48;2;52;116;141m▄[38;2;54;103;159m[48;2;46;106;145m▄[38;2;20;66;125m[48;2;38;95;132m▄[38;2;37;38;76m[48;2;56;101;117m▄[38;2;198;41;36m[48;2;167;91;82m▄[38;2;229;123;115m[48;2;211;78;70m▄[38;2;219;111;106m[48;2;219;109;105m▄[38;2;216;102;73m[48;2;210;86;84m▄[38;2;212;177;82m[48;2;144;119;102m▄[38;2;210;198;92m[48;2;115;172;138m▄[38;2;212;197;92m[48;2;122;168;132m▄[38;2;212;197;93m[48;2;122;169;135m▄[38;2;210;196;95m[48;2;117;167;139m▄[38;2;211;196;96m[48;2;117;170;144m▄[38;2;211;197;97m[48;2;119;172;146m▄[38;2;210;196;96m[48;2;118;169;142m▄[38;2;210;196;95m[48;2;120;169;140m▄[38;2;209;195;95m[48;2;115;170;144m▄[38;2;206;194;93m[48;2;110;171;144m▄[38;2;206;195;94m[48;2;111;174;146m▄[38;2;207;195;94m[48;2;111;174;146m▄[38;2;208;195;96m[48;2;109;172;144m▄[38;2;202;179;81m[48;2;103;170;145m▄[38;2;108;136;107m[48;2;89;172;157m▄[38;2;72;169;179m[48;2;84;178;169m▄[38;2;78;178;186m[48;2;89;187;176m▄[38;2;48;95;104m[48;2;46;98;102m▄[38;2;119;129;98m[48;2;71;86;84m▄[38;2;166;182;139m[48;2;167;181;149m▄[38;2;152;167;135m[48;2;163;178;152m▄[38;2;152;167;140m[48;2;154;172;152m▄[38;2;156;172;141m[48;2;155;172;150m▄[38;2;141;154;119m[48;2;165;183;154m▄[38;2;45;57;65m[48;2;125;138;123m▄[38;2;32;46;77m[48;2;29;45;73m▄[38;2;44;65;96m[48;2;38;66;108m▄[38;2;40;63;99m[48;2;44;72;106m▄[38;2;89;105;111m[48;2;139;155;141m▄[38;2;161;180;158m[48;2;162;178;157m▄[38;2;150;170;153m[48;2;163;180;163m▄[38;2;116;78;40m[48;2;119;142;114m▄[38;2;144;70;24m[48;2;57;71;13m▄[38;2;170;116;21m[48;2;71;90;10m▄[38;2;169;114;31m[48;2;99;118;65m▄[38;2;150;160;145m[48;2;147;164;153m▄[38;2;165;186;172m[48;2;158;178;161m▄[38;2;167;183;159m[48;2;157;178;161m▄[38;2;164;184;165m[48;2;155;178;160m▄[38;2;170;190;172m[48;2;166;185;170m▄[38;2;177;193;176m[48;2;182;198;183m▄[38;2;179;198;180m[48;2;187;200;184m▄[38;2;176;195;177m[48;2;180;195;178m▄[38;2;171;192;172m[48;2;171;188;169m▄[38;2;169;191;172m[48;2;170;189;168m▄[38;2;175;194;171m[48;2;180;196;175m▄[38;2;106;131;125m[48;2;83;107;109m▄[0m
[38;2;60;150;170m[48;2;61;157;135m▄[38;2;66;157;189m[48;2;76;176;171m▄[38;2;51;94;143m[48;2;56;121;151m▄[38;2;42;59;118m[48;2;36;77;145m▄[38;2;47;82;127m[48;2;61;102;144m▄[38;2;47;73;116m[48;2;60;97;141m▄[38;2;44;61;116m[48;2;32;66;113m▄[38;2;21;41;71m[48;2;11;38;69m▄[38;2;18;60;93m[48;2;40;71;109m▄[38;2;46;104;133m[48;2;112;97;99m▄[38;2;116;139;109m[48;2;208;144;59m▄[38;2;126;126;78m[48;2;218;194;90m▄[38;2;130;140;106m[48;2;213;205;96m▄[38;2;136;145;107m[48;2;215;202;94m▄[38;2;127;139;108m[48;2;215;201;92m▄[38;2;123;137;115m[48;2;215;201;92m▄[38;2;119;132;114m[48;2;215;199;91m▄[38;2;128;138;109m[48;2;216;202;92m▄[38;2;133;141;108m[48;2;216;203;93m▄[38;2;130;141;111m[48;2;217;203;92m▄[38;2;131;144;113m[48;2;217;203;92m▄[38;2;136;146;112m[48;2;217;204;93m▄[38;2;137;140;102m[48;2;217;204;94m▄[38;2;142;143;96m[48;2;217;204;95m▄[38;2;143;148;102m[48;2;216;205;95m▄[38;2;146;139;76m[48;2;218;211;102m▄[38;2;137;127;76m[48;2;207;182;76m▄[38;2;70;122;147m[48;2;93;127;116m▄[38;2;54;143;196m[48;2;62;157;192m▄[38;2;69;134;174m[48;2;77;150;172m▄[38;2;59;90;102m[48;2;62;93;99m▄[38;2;32;42;28m[48;2;126;141;99m▄[38;2;23;8;0m[48;2;112;120;84m▄[38;2;57;26;10m[48;2;108;112;83m▄[38;2;80;52;32m[48;2;148;161;129m▄[38;2;144;151;134m[48;2;167;185;151m▄[38;2;164;180;164m[48;2;126;141;118m▄[38;2;76;91;96m[48;2;21;36;55m▄[38;2;39;54;76m[48;2;31;47;83m▄[38;2;105;92;56m[48;2;48;56;75m▄[38;2;68;69;60m[48;2;33;51;85m▄[38;2;112;131;124m[48;2;85;103;115m▄[38;2;170;187;149m[48;2;169;186;168m▄[38;2;167;182;144m[48;2;155;172;156m▄[38;2;160;160;116m[48;2;116;68;27m▄[38;2;152;145;113m[48;2;140;69;21m▄[38;2;82;100;109m[48;2;111;115;112m▄[38;2;84;91;75m[48;2;162;114;45m▄[38;2;162;178;155m[48;2;182;184;154m▄[38;2;182;202;185m[48;2;176;198;179m▄[38;2;171;187;168m[48;2;175;187;164m▄[38;2;165;175;149m[48;2;180;194;171m▄[38;2;169;182;161m[48;2;171;187;167m▄[38;2;173;190;171m[48;2;168;191;168m▄[38;2;179;195;177m[48;2;166;188;167m▄[38;2;192;206;189m[48;2;169;192;169m▄[38;2;186;196;170m[48;2;170;187;161m▄[38;2;183;195;176m[48;2;176;191;167m▄[38;2;198;210;193m[48;2;187;200;177m▄[38;2;169;184;175m[48;2;140;157;143m▄[0m
[38;2;61;146;163m[48;2;63;153;176m▄[38;2;51;110;159m[48;2;58;132;171m▄[38;2;38;83;153m[48;2;41;81;149m▄[38;2;64;108;159m[48;2;51;85;144m▄[38;2;64;116;171m[48;2;67;118;173m▄[38;2;41;77;122m[48;2;47;80;117m▄[38;2;24;52;80m[48;2;29;53;87m▄[38;2;21;52;86m[48;2;18;44;73m▄[38;2;15;36;52m[48;2;20;44;64m▄[38;2;28;62;89m[48;2;28;62;94m▄[38;2;58;96;104m[48;2;52;107;133m▄[38;2;77;106;95m[48;2;63;101;102m▄[38;2;66;140;167m[48;2;55;136;181m▄[38;2;64;140;168m[48;2;55;134;178m▄[38;2;61;126;163m[48;2;55;134;182m▄[38;2;134;152;91m[48;2;48;125;184m▄[38;2;162;167;73m[48;2;46;124;175m▄[38;2;171;173;77m[48;2;43;121;176m▄[38;2;169;173;79m[48;2;48;123;170m▄[38;2;167;179;88m[48;2;44;121;183m▄[38;2;172;183;86m[48;2;42;120;187m▄[38;2;124;157;114m[48;2;43;122;188m▄[38;2;59;126;165m[48;2;50;127;182m▄[38;2;56;132;176m[48;2;52;126;178m▄[38;2;64;136;171m[48;2;51;128;180m▄[38;2;70;101;93m[48;2;57;89;91m▄[38;2;58;127;163m[48;2;52;117;161m▄[38;2;61;137;180m[48;2;56;136;188m▄[38;2;60;136;179m[48;2;55;134;185m▄[38;2;54;138;183m[48;2;52;139;193m▄[38;2;71;114;130m[48;2;68;110;127m▄[38;2;173;185;166m[48;2;107;112;93m▄[38;2;179;194;176m[48;2;88;93;79m▄[38;2;116;137;131m[48;2;50;54;43m▄[38;2;50;75;69m[48;2;56;55;43m▄[38;2;77;101;88m[48;2;132;143;130m▄[38;2;148;167;146m[48;2;171;189;170m▄[38;2;169;180;148m[48;2;169;185;160m▄[38;2;164;177;141m[48;2;159;174;133m▄[38;2;172;190;156m[48;2;160;171;118m▄[38;2;167;182;155m[48;2;134;144;105m▄[38;2;139;152;136m[48;2;151;163;118m▄[38;2;144;157;144m[48;2;168;182;135m▄[38;2;152;165;145m[48;2;172;185;140m▄[38;2;121;129;112m[48;2;166;185;151m▄[38;2;111;119;117m[48;2;165;186;165m▄[38;2;143;147;143m[48;2;169;183;163m▄[38;2;159;176;164m[48;2;98;115;103m▄[38;2;109;126;114m[48;2;64;84;74m▄[38;2;54;73;56m[48;2;124;139;123m▄[38;2;93;92;71m[48;2;172;187;167m▄[38;2;110;117;102m[48;2;176;191;171m▄[38;2;106;125;109m[48;2;168;181;162m▄[38;2;117;132;111m[48;2;171;188;164m▄[38;2;102;119;102m[48;2;186;202;183m▄[38;2;77;99;84m[48;2;189;202;187m▄[38;2;60;81;69m[48;2;174;189;170m▄[38;2;48;68;56m[48;2;162;179;158m▄[38;2;38;60;48m[48;2;157;170;152m▄[38;2;40;65;58m[48;2;128;146;135m▄[0m
[38;2;52;136;185m[48;2;54;131;174m▄[38;2;49;116;175m[48;2;40;91;145m▄[38;2;36;79;155m[48;2;42;84;153m▄[38;2;39;54;92m[48;2;46;89;149m▄[38;2;133;93;36m[48;2;30;46;69m▄[38;2;129;95;46m[48;2;31;42;60m▄[38;2;31;58;95m[48;2;22;50;83m▄[38;2;14;38;62m[48;2;22;48;79m▄[38;2;21;45;76m[48;2;21;43;67m▄[38;2;37;82;125m[48;2;32;67;91m▄[38;2;72;127;134m[48;2;66;108;104m▄[38;2;68;102;103m[48;2;78;115;99m▄[38;2;57;134;178m[48;2;66;145;160m▄[38;2;57;131;176m[48;2;67;146;155m▄[38;2;64;133;157m[48;2;67;133;141m▄[38;2;185;181;71m[48;2;171;166;65m▄[38;2;224;207;100m[48;2;211;205;164m▄[38;2;222;209;114m[48;2;201;197;164m▄[38;2;226;213;125m[48;2;218;220;206m▄[38;2;223;197;75m[48;2;229;210;131m▄[38;2;205;196;60m[48;2;230;206;40m▄[38;2;163;190;102m[48;2;182;192;68m▄[38;2;66;129;164m[48;2;108;149;123m▄[38;2;49;127;192m[48;2;38;106;175m▄[38;2;60;126;161m[48;2;61;125;161m▄[38;2;69;95;83m[48;2;69;99;88m▄[38;2;55;130;177m[48;2;60;131;164m▄[38;2;56;135;186m[48;2;62;137;174m▄[38;2;54;134;181m[48;2;62;138;173m▄[38;2;52;138;187m[48;2;56;141;178m▄[38;2;59;98;118m[48;2;63;105;119m▄[38;2;150;161;144m[48;2;159;171;150m▄[38;2;150;166;147m[48;2;171;183;165m▄[38;2;142;159;140m[48;2;177;189;174m▄[38;2;123;142;126m[48;2;115;134;122m▄[38;2;70;91;82m[48;2;54;79;66m▄[38;2;56;76;66m[48;2;66;89;75m▄[38;2;60;62;53m[48;2;94;108;91m▄[38;2;91;93;72m[48;2;114;115;95m▄[38;2;91;84;57m[48;2;118;110;90m▄[38;2;71;81;61m[48;2;113;130;125m▄[38;2;57;72;58m[48;2;142;156;143m▄[38;2;69;77;67m[48;2;102;119;114m▄[38;2;72;70;51m[48;2;99;111;103m▄[38;2;81;81;69m[48;2;106;117;105m▄[38;2;91;80;62m[48;2;86;87;71m▄[38;2;103;88;56m[48;2;87;84;67m▄[38;2;89;89;72m[48;2;87;97;78m▄[38;2;77;81;87m[48;2;99;89;56m▄[38;2;94;78;65m[48;2;75;79;72m▄[38;2;101;88;57m[48;2;67;62;56m▄[38;2;86;85;69m[48;2;92;79;61m▄[38;2;90;89;75m[48;2;81;71;53m▄[38;2;94;92;91m[48;2;82;82;67m▄[38;2;86;84;76m[48;2;55;68;68m▄[38;2;169;182;168m[48;2;80;101;89m▄[38;2;189;209;194m[48;2;86;107;95m▄[38;2;187;205;188m[48;2;98;117;107m▄[38;2;200;216;201m[48;2;120;139;128m▄[38;2;176;196;187m[48;2;131;155;149m▄[0m
[38;2;101;133;133m[48;2;50;125;172m▄[38;2;103;130;137m[48;2;46;101;164m▄[38;2;90;112;122m[48;2;32;73;147m▄[38;2;108;123;115m[48;2;80;65;57m▄[38;2;127;137;115m[48;2;162;119;48m▄[38;2;125;123;101m[48;2;155;115;48m▄[38;2;106;119;112m[48;2;56;62;70m▄[38;2;95;122;127m[48;2;8;36;71m▄[38;2;98;126;124m[48;2;17;41;70m▄[38;2;79;102;86m[48;2;33;66;85m▄[38;2;31;59;37m[48;2;55;92;92m▄[38;2;31;60;38m[48;2;52;75;73m▄[38;2;30;52;26m[48;2;44;94;115m▄[38;2;32;56;27m[48;2;44;94;118m▄[38;2;35;60;31m[48;2;47;87;113m▄[38;2;28;57;37m[48;2;123;131;55m▄[38;2;27;57;39m[48;2;149;137;38m▄[38;2;31;62;42m[48;2;151;134;45m▄[38;2;29;59;39m[48;2;161;145;36m▄[38;2;31;61;41m[48;2;162;155;39m▄[38;2;31;63;42m[48;2;136;139;59m▄[38;2;30;58;34m[48;2;83;113;89m▄[38;2;31;57;28m[48;2;40;101;136m▄[38;2;30;57;27m[48;2;47;110;142m▄[38;2;30;55;31m[48;2;56;107;126m▄[38;2;26;50;34m[48;2;60;88;81m▄[38;2;21;46;33m[48;2;43;112;157m▄[38;2;55;94;96m[48;2;44;117;167m▄[38;2;83;144;166m[48;2;47;130;188m▄[38;2;79;139;163m[48;2;50;136;199m▄[38;2;42;73;87m[48;2;41;82;111m▄[38;2;63;85;78m[48;2;67;86;75m▄[38;2;87;110;102m[48;2;61;85;73m▄[38;2;102;124;116m[48;2;54;76;66m▄[38;2;122;144;133m[48;2;52;74;64m▄[38;2;141;161;149m[48;2;61;84;74m▄[38;2;157;176;162m[48;2;64;86;77m▄[38;2;169;189;175m[48;2;65;78;73m▄[38;2;163;170;158m[48;2;81;80;66m▄[38;2;133;148;143m[48;2;77;74;57m▄[38;2;109;118;105m[48;2;87;84;57m▄[38;2;114;103;83m[48;2;90;87;63m▄[38;2;87;89;76m[48;2;77;71;49m▄[38;2;113;112;96m[48;2;81;86;75m▄[38;2;142;129;105m[48;2;98;86;72m▄[38;2;133;134;108m[48;2;90;86;85m▄[38;2;137;147;130m[48;2;84;84;77m▄[38;2;152;163;149m[48;2;93;92;77m▄[38;2;171;178;147m[48;2;67;78;68m▄[38;2;160;160;141m[48;2;73;62;48m▄[38;2;158;167;155m[48;2;82;74;61m▄[38;2;145;150;130m[48;2;64;65;42m▄[38;2;141;152;141m[48;2;62;64;53m▄[38;2;181;190;179m[48;2;77;76;81m▄[38;2;192;206;192m[48;2;116;111;93m▄[38;2;198;213;201m[48;2;174;188;167m▄[38;2;190;204;192m[48;2;193;209;195m▄[38;2;180;196;182m[48;2;187;204;191m▄[38;2;192;207;191m[48;2;198;213;198m▄[38;2;153;174;163m[48;2;173;189;178m▄[0m
[38;2;176;195;174m[48;2;148;174;153m▄[38;2;188;209;186m[48;2;159;187;164m▄[38;2;177;197;177m[48;2;146;173;150m▄[38;2;180;199;180m[48;2;144;172;152m▄[38;2;180;198;181m[48;2;121;139;133m▄[38;2;181;200;180m[48;2;96;97;112m▄[38;2;180;197;176m[48;2;105;102;107m▄[38;2;180;199;180m[48;2;130;139;138m▄[38;2;180;199;185m[48;2;151;178;161m▄[38;2;142;153;140m[48;2;109;132;113m▄[38;2;92;108;89m[48;2;29;62;36m▄[38;2;97;123;100m[48;2;39;82;51m▄[38;2;83;110;87m[48;2;39;80;51m▄[38;2;81;109;86m[48;2;39;79;50m▄[38;2;71;99;68m[48;2;41;81;52m▄[38;2;85;111;79m[48;2;39;81;50m▄[38;2;81;110;76m[48;2;40;81;50m▄[38;2;68;96;62m[48;2;41;81;49m▄[38;2;79;105;73m[48;2;38;76;45m▄[38;2;78;107;76m[48;2;36;73;44m▄[38;2;66;94;64m[48;2;37;73;43m▄[38;2;67;98;67m[48;2;37;73;41m▄[38;2;58;92;60m[48;2;37;71;39m▄[38;2;54;89;57m[48;2;39;73;40m▄[38;2;47;84;47m[48;2;35;73;36m▄[38;2;37;67;43m[48;2;30;61;38m▄[38;2;49;77;59m[48;2;25;62;39m▄[38;2;108;106;93m[48;2;79;85;69m▄[38;2;140;141;129m[48;2;112;98;83m▄[38;2;172;200;182m[48;2;124;132;113m▄[38;2;88;112;110m[48;2;80;100;96m▄[38;2;150;163;155m[48;2;161;176;169m▄[38;2;208;214;197m[48;2;195;209;195m▄[38;2;202;207;195m[48;2;195;208;192m▄[38;2;197;209;193m[48;2;196;211;198m▄[38;2;192;203;185m[48;2;197;212;198m▄[38;2;192;199;187m[48;2;201;211;199m▄[38;2;195;205;195m[48;2;199;209;197m▄[38;2;197;209;196m[48;2;192;210;196m▄[38;2;201;209;198m[48;2;196;213;198m▄[38;2;208;213;200m[48;2;200;213;198m▄[38;2;207;213;201m[48;2;203;213;201m▄[38;2;206;215;202m[48;2;192;199;181m▄[38;2;201;213;197m[48;2;193;201;184m▄[38;2;200;208;188m[48;2;202;213;197m▄[38;2;205;208;190m[48;2;204;216;203m▄[38;2;205;209;192m[48;2;205;218;206m▄[38;2;201;208;187m[48;2;208;212;199m▄[38;2;197;206;185m[48;2;215;219;205m▄[38;2;199;204;182m[48;2;213;220;207m▄[38;2;197;196;177m[48;2;209;219;202m▄[38;2;198;199;181m[48;2;208;218;205m▄[38;2;200;205;190m[48;2;205;214;198m▄[38;2;199;204;190m[48;2;196;206;191m▄[38;2;197;204;185m[48;2;184;198;178m▄[38;2;188;197;162m[48;2;186;199;169m▄[38;2;183;190;147m[48;2;182;191;139m▄[38;2;189;203;179m[48;2;178;189;150m▄[38;2;204;217;202m[48;2;191;204;186m▄[38;2;85;111;111m[48;2;125;147;141m▄[0m
[38;2;157;165;155m[48;2;174;183;174m▄[38;2;172;180;169m[48;2;191;201;188m▄[38;2;157;166;155m[48;2;180;189;178m▄[38;2;156;162;152m[48;2;177;186;176m▄[38;2;157;164;153m[48;2;175;183;174m▄[38;2;158;166;157m[48;2;180;188;178m▄[38;2;161;167;159m[48;2;180;191;180m▄[38;2;164;169;162m[48;2;182;190;180m▄[38;2;165;173;163m[48;2;182;194;184m▄[38;2;168;174;164m[48;2;185;197;190m▄[38;2;170;176;166m[48;2;194;205;200m▄[38;2;170;174;164m[48;2;188;194;186m▄[38;2;182;190;179m[48;2;181;188;180m▄[38;2;190;202;187m[48;2;195;206;195m▄[38;2;193;204;192m[48;2;191;196;169m▄[38;2;194;202;188m[48;2;195;201;171m▄[38;2;191;202;185m[48;2;194;203;172m▄[38;2;192;201;187m[48;2;186;193;165m▄[38;2;189;200;187m[48;2;187;198;173m▄[38;2;189;198;187m[48;2;188;198;174m▄[38;2;190;200;187m[48;2;178;189;166m▄[38;2;189;201;187m[48;2;179;193;170m▄[38;2;189;199;182m[48;2;172;189;169m▄[38;2;190;203;189m[48;2;166;187;173m▄[38;2;194;207;197m[48;2;159;182;174m▄[38;2;196;208;198m[48;2;155;177;168m▄[38;2;193;207;195m[48;2;166;185;177m▄[38;2;190;203;193m[48;2;178;204;197m▄[38;2;175;184;174m[48;2;180;209;201m▄[38;2;141;147;134m[48;2;156;173;161m▄[38;2;90;102;98m[48;2;51;71;74m▄[38;2;70;85;94m[48;2;82;105;110m▄[38;2;98;103;106m[48;2;193;201;188m▄[38;2;115;124;116m[48;2;195;205;191m▄[38;2;143;152;144m[48;2;203;211;193m▄[38;2;152;162;145m[48;2;206;212;198m▄[38;2;149;159;140m[48;2;210;216;203m▄[38;2;144;147;137m[48;2;206;212;197m▄[38;2;140;143;134m[48;2;202;212;195m▄[38;2;141;145;129m[48;2;202;212;190m▄[38;2;137;151;114m[48;2;198;204;184m▄[38;2;132;142;118m[48;2;191;198;175m▄[38;2;141;145;132m[48;2;190;199;181m▄[38;2;142;151;139m[48;2;189;202;184m▄[38;2;142;150;143m[48;2;191;204;187m▄[38;2;142;147;141m[48;2;195;205;192m▄[38;2;142;145;133m[48;2;202;210;200m▄[38;2;137;144;134m[48;2;197;206;192m▄[38;2;136;143;130m[48;2;194;199;185m▄[38;2;143;154;141m[48;2;203;204;183m▄[38;2;147;157;152m[48;2;209;209;189m▄[38;2;149;155;149m[48;2;208;213;198m▄[38;2;147;155;154m[48;2;209;216;197m▄[38;2;149;149;145m[48;2;205;211;192m▄[38;2;143;152;136m[48;2;201;207;191m▄[38;2;149;155;139m[48;2;202;210;195m▄[38;2;122;135;124m[48;2;184;193;180m▄[38;2;100;114;103m[48;2;170;185;167m▄[38;2;76;96;83m[48;2;153;167;157m▄[38;2;84;98;83m[48;2;45;75;87m▄[0m
[38;2;223;234;210m[48;2;226;238;219m▄[38;2;241;249;220m[48;2;245;255;234m▄[38;2;227;231;200m[48;2;229;238;209m▄[38;2;225;231;203m[48;2;232;240;211m▄[38;2;225;232;209m[48;2;232;240;216m▄[38;2;224;231;212m[48;2;230;236;217m▄[38;2;223;233;216m[48;2;229;234;216m▄[38;2;222;230;214m[48;2;233;239;218m▄[38;2;219;226;207m[48;2;228;237;217m▄[38;2;219;232;211m[48;2;225;235;218m▄[38;2;221;231;212m[48;2;224;236;218m▄[38;2;221;231;209m[48;2;224;235;215m▄[38;2;224;232;208m[48;2;222;233;211m▄[38;2;218;226;210m[48;2;223;233;211m▄[38;2;182;170;81m[48;2;213;221;195m▄[38;2;181;169;65m[48;2;215;226;207m▄[38;2;205;195;98m[48;2;219;233;224m▄[38;2;213;201;108m[48;2;220;233;224m▄[38;2;212;203;121m[48;2;221;234;225m▄[38;2;209;200;115m[48;2;222;235;226m▄[38;2;209;213;166m[48;2;225;237;225m▄[38;2;206;207;153m[48;2;223;235;224m▄[38;2;202;200;135m[48;2;224;236;222m▄[38;2;211;217;185m[48;2;225;236;215m▄[38;2;221;227;200m[48;2;227;235;217m▄[38;2;216;216;170m[48;2;233;238;228m▄[38;2;222;225;194m[48;2;227;234;217m▄[38;2;222;222;184m[48;2;224;232;213m▄[38;2;213;216;186m[48;2;231;237;217m▄[38;2;235;242;227m[48;2;240;248;230m▄[38;2;166;164;141m[48;2;167;164;146m▄[38;2;120;116;83m[48;2;126;119;98m▄[38;2;112;124;123m[48;2;134;126;115m▄[38;2;115;128;110m[48;2;128;126;91m▄[38;2;130;134;110m[48;2;114;122;103m▄[38;2;115;134;118m[48;2;112;132;102m▄[38;2;119;126;125m[48;2;119;124;102m▄[38;2;127;128;101m[48;2;119;124;119m▄[38;2;122;128;123m[48;2;111;119;134m▄[38;2;127;129;117m[48;2;126;127;120m▄[38;2;121;129;106m[48;2;118;129;101m▄[38;2;124;132;122m[48;2;111;124;116m▄[38;2;135;133;125m[48;2;116;123;116m▄[38;2;123;134;109m[48;2;125;126;104m▄[38;2;114;133;111m[48;2;114;125;109m▄[38;2;120;133;117m[48;2;120;123;118m▄[38;2;132;127;108m[48;2;122;124;94m▄[38;2;123;131;101m[48;2;123;126;105m▄[38;2;121;124;111m[48;2;115;121;104m▄[38;2;121;126;115m[48;2;110;126;120m▄[38;2;121;127;114m[48;2;117;127;111m▄[38;2;126;135;114m[48;2;112;123;106m▄[38;2;123;132;110m[48;2;115;123;127m▄[38;2;124;132;113m[48;2;123;126;123m▄[38;2;129;128;109m[48;2;120;128;107m▄[38;2;124;126;114m[48;2;121;110;103m▄[38;2;118;129;114m[48;2;124;125;115m▄[38;2;111;133;105m[48;2;123;135;117m▄[38;2;121;138;95m[48;2;121;141;102m▄[38;2;139;148;109m[48;2;131;147;111m▄[0m
[38;2;217;228;208m[48;2;219;228;196m▄[38;2;237;247;225m[48;2;242;250;223m▄[38;2;212;226;207m[48;2;223;232;208m▄[38;2;214;227;210m[48;2;222;232;208m▄[38;2;220;228;208m[48;2;224;232;210m▄[38;2;222;227;207m[48;2;221;231;212m▄[38;2;223;226;207m[48;2;222;232;214m▄[38;2;220;226;205m[48;2;222;232;210m▄[38;2;222;225;204m[48;2;224;231;210m▄[38;2;223;226;206m[48;2;223;231;210m▄[38;2;217;227;207m[48;2;222;230;206m▄[38;2;216;223;207m[48;2;221;225;203m▄[38;2;205;213;192m[48;2;228;236;226m▄[38;2;194;178;65m[48;2;193;194;153m▄[38;2;215;187;40m[48;2;200;177;38m▄[38;2;216;201;150m[48;2;187;169;30m▄[38;2;205;203;204m[48;2;215;184;45m▄[38;2;150;154;160m[48;2;219;188;50m▄[38;2;183;169;124m[48;2;219;187;30m▄[38;2;176;166;110m[48;2;231;199;28m▄[38;2;197;191;175m[48;2;213;183;35m▄[38;2;210;200;178m[48;2;212;181;28m▄[38;2;203;183;94m[48;2;224;196;25m▄[38;2;235;202;42m[48;2;223;197;51m▄[38;2;233;202;45m[48;2;217;196;60m▄[38;2;233;205;47m[48;2;203;183;41m▄[38;2;206;184;39m[48;2;225;199;58m▄[38;2;160;171;77m[48;2;193;178;52m▄[38;2;108;125;46m[48;2;175;179;106m▄[38;2;181;190;139m[48;2;229;241;222m▄[38;2;159;165;161m[48;2;162;165;161m▄[38;2;103;117;111m[48;2;113;120;97m▄[38;2;127;133;98m[48;2;120;132;105m▄[38;2;124;135;106m[48;2;109;134;118m▄[38;2;114;133;102m[48;2;113;131;108m▄[38;2;117;125;114m[48;2;115;129;98m▄[38;2;111;136;123m[48;2;120;138;113m▄[38;2;131;129;109m[48;2;118;124;110m▄[38;2;128;130;109m[48;2;126;122;114m▄[38;2;113;130;130m[48;2;122;125;110m▄[38;2;119;128;112m[48;2;119;134;105m▄[38;2;109;126;114m[48;2;124;142;113m▄[38;2;122;130;107m[48;2;125;130;108m▄[38;2;117;131;103m[48;2;119;128;115m▄[38;2;112;136;123m[48;2;114;133;114m▄[38;2;125;139;118m[48;2;130;133;108m▄[38;2;121;126;108m[48;2;123;130;111m▄[38;2;118;130;121m[48;2;116;130;115m▄[38;2;123;127;115m[48;2;126;129;119m▄[38;2;119;130;114m[48;2;121;128;122m▄[38;2;117;130;110m[48;2;119;132;115m▄[38;2;121;132;110m[48;2;117;127;106m▄[38;2;110;133;114m[48;2;121;125;105m▄[38;2;115;134;118m[48;2;127;136;105m▄[38;2;126;127;122m[48;2;124;129;112m▄[38;2;125;131;123m[48;2;123;126;121m▄[38;2;119;141;133m[48;2;124;126;116m▄[38;2;124;130;115m[48;2;116;136;108m▄[38;2;115;123;118m[48;2;123;134;118m▄[38;2;123;145;120m[48;2;134;137;128m▄[0m
[38;2;210;221;202m[48;2;213;226;211m▄[38;2;225;238;219m[48;2;228;242;227m▄[38;2;210;220;203m[48;2;211;222;207m▄[38;2;212;221;204m[48;2;216;225;205m▄[38;2;217;221;206m[48;2;220;223;205m▄[38;2;216;219;202m[48;2;219;223;206m▄[38;2;215;220;202m[48;2;219;223;203m▄[38;2;216;222;205m[48;2;219;223;205m▄[38;2;217;221;204m[48;2;219;222;205m▄[38;2;215;221;203m[48;2;219;225;209m▄[38;2;215;222;207m[48;2;218;224;208m▄[38;2;210;218;210m[48;2;221;232;222m▄[38;2;185;173;88m[48;2;191;191;143m▄[38;2;229;197;43m[48;2;213;185;31m▄[38;2;219;189;52m[48;2;190;164;60m▄[38;2;204;176;52m[48;2;208;201;184m▄[38;2;200;178;84m[48;2;216;220;232m▄[38;2;217;196;113m[48;2;168;177;198m▄[38;2;204;184;92m[48;2;191;187;208m▄[38;2;223;214;193m[48;2;147;164;197m▄[38;2;226;226;226m[48;2;194;202;223m▄[38;2;205;182;147m[48;2;242;244;255m▄[38;2;197;158;68m[48;2;206;196;200m▄[38;2;221;191;49m[48;2;212;186;48m▄[38;2;230;203;48m[48;2;239;210;47m▄[38;2;187;181;69m[48;2;213;189;47m▄[38;2;181;199;105m[48;2;178;185;86m▄[38;2;187;203;103m[48;2;176;192;97m▄[38;2;178;192;96m[48;2;127;144;56m▄[38;2;195;205;167m[48;2;169;182;105m▄[38;2;153;160;148m[48;2;153;156;136m▄[38;2;113;120;96m[48;2;116;125;103m▄[38;2;116;129;114m[48;2;122;136;125m▄[38;2;112;125;108m[48;2;124;129;113m▄[38;2;124;138;122m[48;2;123;136;121m▄[38;2;123;129;113m[48;2;125;131;118m▄[38;2;129;134;107m[48;2;125;135;132m▄[38;2;119;134;117m[48;2;125;142;125m▄[38;2;117;128;108m[48;2;111;139;115m▄[38;2;125;139;120m[48;2;114;131;119m▄[38;2;156;166;148m[48;2;126;140;119m▄[38;2;175;170;157m[48;2;140;161;151m▄[38;2;127;147;168m[48;2;84;111;124m▄[38;2;158;164;161m[48;2;121;133;124m▄[38;2;157;147;101m[48;2;127;129;77m▄[38;2;118;128;110m[48;2;126;141;112m▄[38;2;117;128;124m[48;2;124;131;120m▄[38;2;117;135;111m[48;2;121;138;122m▄[38;2;121;127;111m[48;2;119;131;108m▄[38;2;121;132;122m[48;2;123;136;122m▄[38;2;116;126;109m[48;2;126;134;114m▄[38;2;120;131;105m[48;2;122;131;112m▄[38;2;114;129;118m[48;2;112;132;110m▄[38;2;122;130;110m[48;2;121;137;120m▄[38;2;123;129;112m[48;2;118;136;126m▄[38;2;116;126;119m[48;2;124;143;128m▄[38;2;121;135;99m[48;2;121;134;121m▄[38;2;119;124;105m[48;2;116;132;110m▄[38;2;118;129;121m[48;2;124;137;113m▄[38;2;131;143;112m[48;2;134;142;121m▄[0m
[38;2;213;223;208m[48;2;213;219;198m▄[38;2;234;243;224m[48;2;226;240;217m▄[38;2;221;227;206m[48;2;209;220;199m▄[38;2;215;225;206m[48;2;211;219;200m▄[38;2;208;222;204m[48;2;211;220;204m▄[38;2;208;220;205m[48;2;214;220;207m▄[38;2;205;218;205m[48;2;212;221;205m▄[38;2;204;217;202m[48;2;212;218;201m▄[38;2;206;219;202m[48;2;212;220;200m▄[38;2;204;218;200m[48;2;211;222;202m▄[38;2;209;221;207m[48;2;210;220;204m▄[38;2;196;207;184m[48;2;206;217;207m▄[38;2;204;183;58m[48;2;184;172;80m▄[38;2;189;174;46m[48;2;235;201;42m▄[38;2;217;192;49m[48;2;241;207;50m▄[38;2;235;201;49m[48;2;218;190;50m▄[38;2;213;176;84m[48;2;195;175;83m▄[38;2;208;174;73m[48;2;213;189;55m▄[38;2;200;172;107m[48;2;223;198;58m▄[38;2;215;186;62m[48;2;214;186;52m▄[38;2;234;201;45m[48;2;207;183;62m▄[38;2;197;181;46m[48;2;201;172;50m▄[38;2;168;162;43m[48;2;218;190;43m▄[38;2;203;184;51m[48;2;241;209;46m▄[38;2;179;188;90m[48;2;195;179;53m▄[38;2;125;141;60m[48;2;143;160;78m▄[38;2;161;177;81m[48;2;172;190;92m▄[38;2;183;195;146m[48;2;169;182;88m▄[38;2;206;218;205m[48;2;189;197;164m▄[38;2;214;226;210m[48;2;217;227;209m▄[38;2;150;158;144m[48;2;155;167;150m▄[38;2;111;121;100m[48;2;120;130;117m▄[38;2;122;129;120m[48;2;120;128;117m▄[38;2;126;137;120m[48;2;115;136;117m▄[38;2;122;136;110m[48;2;118;134;101m▄[38;2;130;132;101m[48;2;126;131;112m▄[38;2;120;133;107m[48;2;126;138;113m▄[38;2;119;131;117m[48;2;122;126;107m▄[38;2;127;138;117m[48;2;124;124;113m▄[38;2;129;134;118m[48;2;120;130;116m▄[38;2;123;127;116m[48;2;134;140;123m▄[38;2;116;129;108m[48;2;140;142;130m▄[38;2;120;126;97m[48;2;147;152;135m▄[38;2;125;132;106m[48;2;134;147;130m▄[38;2;123;130;118m[48;2;118;133;123m▄[38;2;123;137;118m[48;2;118;135;116m▄[38;2;128;131;118m[48;2;129;141;128m▄[38;2;123;129;116m[48;2;125;140;125m▄[38;2;125;133;115m[48;2;119;132;133m▄[38;2;128;133;118m[48;2;117;132;123m▄[38;2;121;140;120m[48;2;115;141;122m▄[38;2;128;135;114m[48;2;130;138;108m▄[38;2;122;126;94m[48;2;127;135;114m▄[38;2;122;135;113m[48;2;120;129;112m▄[38;2;123;140;112m[48;2;122;129;120m▄[38;2;124;136;115m[48;2;122;132;122m▄[38;2;132;137;117m[48;2;127;143;114m▄[38;2;118;128;111m[48;2;121;134;123m▄[38;2;113;133;114m[48;2;120;133;119m▄[38;2;138;145;126m[48;2;132;139;120m▄[0m
[38;2;106;123;112m[48;2;211;223;208m▄[38;2;99;114;103m[48;2;216;223;208m▄[38;2;112;114;65m[48;2;177;190;179m▄[38;2;134;131;66m[48;2;189;204;194m▄[38;2;128;130;76m[48;2;190;207;200m▄[38;2;100;115;86m[48;2;196;211;203m▄[38;2;126;146;134m[48;2;215;228;215m▄[38;2;157;171;152m[48;2;213;226;214m▄[38;2;183;188;158m[48;2;209;224;213m▄[38;2;196;196;146m[48;2;211;226;217m▄[38;2;171;167;110m[48;2;206;219;211m▄[38;2;149;141;101m[48;2;181;182;142m▄[38;2;174;157;122m[48;2;211;185;44m▄[38;2;213;195;143m[48;2;179;166;38m▄[38;2;209;187;102m[48;2;226;197;39m▄[38;2;204;182;98m[48;2;243;206;41m▄[38;2;206;169;51m[48;2;242;203;43m▄[38;2;215;189;70m[48;2;237;198;44m▄[38;2;219;197;79m[48;2;233;193;37m▄[38;2;224;196;50m[48;2;237;203;46m▄[38;2;225;196;41m[48;2;236;204;48m▄[38;2;221;195;45m[48;2;204;185;45m▄[38;2;203;180;47m[48;2;211;188;45m▄[38;2;173;182;115m[48;2;177;173;57m▄[38;2;194;205;138m[48;2;182;203;101m▄[38;2;163;172;103m[48;2;179;195;88m▄[38;2;190;200;180m[48;2;168;179;122m▄[38;2;210;223;210m[48;2;205;217;211m▄[38;2;205;218;197m[48;2;206;218;202m▄[38;2;212;225;202m[48;2;215;226;210m▄[38;2;146;158;142m[48;2;149;156;140m▄[38;2;111;122;110m[48;2;107;117;109m▄[38;2;119;127;113m[48;2;122;133;125m▄[38;2;120;132;111m[48;2;116;132;111m▄[38;2;124;135;114m[48;2;120;128;115m▄[38;2;122;135;121m[48;2;120;126;109m▄[38;2;119;133;111m[48;2;108;134;107m▄[38;2;122;128;111m[48;2;124;134;118m▄[38;2;125;135;124m[48;2;126;129;116m▄[38;2;123;136;122m[48;2;115;129;105m▄[38;2;129;134;118m[48;2;121;132;106m▄[38;2;117;134;120m[48;2;111;125;113m▄[38;2;118;129;112m[48;2;122;126;105m▄[38;2;130;121;113m[48;2;137;132;113m▄[38;2;118;129;117m[48;2;117;129;123m▄[38;2;121;132;120m[48;2;121;128;111m▄[38;2;124;129;126m[48;2;113;128;106m▄[38;2;118;134;121m[48;2;105;130;119m▄[38;2;121;129;110m[48;2;122;134;126m▄[38;2;122;131;114m[48;2;127;132;116m▄[38;2;121;126;110m[48;2;114;126;115m▄[38;2;119;136;115m[48;2;113;127;113m▄[38;2;118;137;119m[48;2;123;136;118m▄[38;2;121;135;111m[48;2;117;141;117m▄[38;2;124;126;104m[48;2;128;133;109m▄[38;2;124;135;116m[48;2;121;127;112m▄[38;2;119;133;119m[48;2;123;132;108m▄[38;2;130;133;120m[48;2;119;123;112m▄[38;2;125;133;118m[48;2;111;125;126m▄[38;2;132;147;125m[48;2;136;138;130m▄[0m
[38;2;80;105;88m[48;2;46;71;63m▄[38;2;90;116;98m[48;2;64;87;75m▄[38;2;83;105;91m[48;2;80;95;72m▄[38;2;146;155;158m[48;2;133;127;83m▄[38;2;196;200;213m[48;2;198;178;103m▄[38;2;213;215;225m[48;2;159;155;121m▄[38;2;222;222;228m[48;2;114;123;119m▄[38;2;217;218;225m[48;2;142;137;94m▄[38;2;207;211;222m[48;2;133;127;80m▄[38;2;193;198;205m[48;2;97;106;73m▄[38;2;183;189;191m[48;2;88;106;86m▄[38;2;162;169;166m[48;2;93;112;101m▄[38;2;146;158;153m[48;2;83;98;88m▄[38;2;127;144;138m[48;2;101;113;102m▄[38;2;122;127;91m[48;2;110;116;112m▄[38;2;163;147;58m[48;2;120;118;116m▄[38;2;161;143;65m[48;2;117;57;47m▄[38;2;149;130;53m[48;2;148;124;116m▄[38;2;123;124;77m[48;2;168;167;171m▄[38;2;147;135;75m[48;2;182;176;160m▄[38;2;150;142;91m[48;2;207;196;156m▄[38;2;129;130;91m[48;2;210;194;136m▄[38;2;135;131;112m[48;2;173;156;84m▄[38;2;91;88;79m[48;2;166;162;153m▄[38;2;60;42;31m[48;2;176;181;198m▄[38;2;129;110;93m[48;2;154;159;156m▄[38;2;225;237;222m[48;2;217;228;209m▄[38;2;215;229;216m[48;2;209;221;204m▄[38;2;226;237;222m[48;2;213;225;204m▄[38;2;232;243;227m[48;2;220;232;211m▄[38;2;154;164;150m[48;2;152;158;139m▄[38;2;113;116;101m[48;2;116;127;94m▄[38;2;129;128;118m[48;2;127;132;126m▄[38;2;128;131;109m[48;2;125;136;124m▄[38;2;122;133;110m[48;2;124;136;113m▄[38;2;121;137;115m[48;2;122;125;110m▄[38;2;131;138;123m[48;2;127;133;116m▄[38;2;127;130;117m[48;2;128;136;118m▄[38;2;118;125;127m[48;2;121;129;117m▄[38;2;126;130;119m[48;2;136;139;125m▄[38;2;120;124;110m[48;2;133;145;127m▄[38;2;122;134;113m[48;2;122;131;111m▄[38;2;131;135;118m[48;2;122;129;114m▄[38;2;124;132;112m[48;2;132;128;113m▄[38;2;115;135;123m[48;2;128;135;129m▄[38;2;117;138;127m[48;2;134;136;127m▄[38;2;122;130;108m[48;2;136;132;120m▄[38;2;119;129;108m[48;2;120;127;108m▄[38;2;129;131;114m[48;2;127;136;109m▄[38;2;127;134;114m[48;2;126;135;122m▄[38;2;124;129;110m[48;2;126;132;121m▄[38;2;130;139;116m[48;2;128;138;118m▄[38;2;117;139;115m[48;2;129;136;123m▄[38;2;123;130;114m[48;2;124;129;114m▄[38;2;127;134;118m[48;2;127;136;112m▄[38;2;124;128;122m[48;2;122;127;114m▄[38;2;124;129;114m[48;2;130;136;117m▄[38;2;128;130;123m[48;2;129;143;125m▄[38;2;120;133;119m[48;2;127;141;117m▄[38;2;130;137;123m[48;2;135;139;114m▄[0m
[38;2;8;19;6m[48;2;61;84;63m▄[38;2;13;27;10m[48;2;73;95;74m▄[38;2;18;33;15m[48;2;77;98;80m▄[38;2;24;44;21m[48;2;77;101;82m▄[38;2;34;59;32m[48;2;90;110;95m▄[38;2;44;71;43m[48;2;110;126;116m▄[38;2;58;85;56m[48;2;123;137;128m▄[38;2;67;95;68m[48;2;134;146;138m▄[38;2;72;99;75m[48;2;154;164;159m▄[38;2;84;107;86m[48;2;179;185;185m▄[38;2;90;113;95m[48;2;191;195;198m▄[38;2;99;121;103m[48;2;204;207;212m▄[38;2;122;139;126m[48;2;220;221;227m▄[38;2;137;150;140m[48;2;222;222;231m▄[38;2;160;170;165m[48;2;219;217;221m▄[38;2;123;138;134m[48;2;194;185;177m▄[38;2;95;113;100m[48;2;161;148;116m▄[38;2;84;107;91m[48;2;153;137;54m▄[38;2;82;107;96m[48;2;116;119;66m▄[38;2;85;111;97m[48;2;99;114;84m▄[38;2;89;115;100m[48;2;80;100;83m▄[38;2;91;115;100m[48;2;70;93;79m▄[38;2;88;111;95m[48;2;75;97;78m▄[38;2;91;114;96m[48;2;81;102;79m▄[38;2;92;115;96m[48;2;84;102;80m▄[38;2;88;114;93m[48;2;95;112;91m▄[38;2;82;107;87m[48;2;121;140;121m▄[38;2;84;108;88m[48;2;136;153;134m▄[38;2;84;111;90m[48;2;165;182;161m▄[38;2;88;116;92m[48;2;193;206;188m▄[38;2;100;115;106m[48;2;138;147;137m▄[38;2;132;141;126m[48;2;110;120;100m▄[38;2;140;145;127m[48;2;123;127;114m▄[38;2;124;143;124m[48;2;110;118;102m▄[38;2;125;138;116m[48;2;118;124;108m▄[38;2;125;140;131m[48;2;124;128;101m▄[38;2;135;152;126m[48;2;126;134;113m▄[38;2;131;136;119m[48;2;115;122;107m▄[38;2;124;141;127m[48;2;120;129;117m▄[38;2;135;151;128m[48;2;118;127;108m▄[38;2;132;138;122m[48;2;111;120;111m▄[38;2;122;134;130m[48;2;118;136;117m▄[38;2;135;141;130m[48;2;133;135;117m▄[38;2;129;145;126m[48;2;120;125;107m▄[38;2;119;145;125m[48;2;118;126;112m▄[38;2;138;145;126m[48;2;118;130;113m▄[38;2;140;141;127m[48;2;115;126;112m▄[38;2;126;142;128m[48;2;115;132;117m▄[38;2;128;140;123m[48;2;123;132;108m▄[38;2;135;149;132m[48;2;127;130;116m▄[38;2;126;140;125m[48;2;112;125;113m▄[38;2;128;137;122m[48;2;119;131;114m▄[38;2;129;146;125m[48;2;112;124;105m▄[38;2;127;149;123m[48;2;116;126;109m▄[38;2;133;139;121m[48;2;119;126;104m▄[38;2;124;145;137m[48;2;125;133;122m▄[38;2;129;153;138m[48;2;120;130;109m▄[38;2;131;139;124m[48;2;117;128;114m▄[38;2;126;142;123m[48;2;116;131;113m▄[38;2;147;154;139m[48;2;131;135;119m▄[0m
