[38;2;53;171;169m[48;2;52;171;174m▄[38;2;49;178;186m[48;2;44;162;169m▄[38;2;42;167;176m[48;2;44;154;160m▄[38;2;44;163;169m[48;2;36;150;158m▄[38;2;55;122;114m[48;2;34;164;177m▄[38;2;89;97;74m[48;2;25;164;177m▄[38;2;130;126;80m[48;2;30;166;179m▄[38;2;140;114;63m[48;2;7;131;150m▄[38;2;154;121;64m[48;2;27;162;177m▄[38;2;145;106;52m[48;2;11;137;154m▄[38;2;148;116;53m[48;2;28;160;177m▄[38;2;138;107;51m[48;2;5;127;148m▄[38;2;139;122;69m[48;2;30;169;181m▄[38;2;130;115;61m[48;2;3;129;150m▄[38;2;122;122;70m[48;2;23;166;183m▄[38;2;151;126;93m[48;2;21;141;158m▄[38;2;222;155;146m[48;2;65;154;154m▄[38;2;181;152;141m[48;2;21;137;144m▄[38;2;65;157;158m[48;2;30;150;158m▄[38;2;36;155;161m[48;2;40;144;152m▄[38;2;43;150;157m[48;2;42;150;154m▄[38;2;48;158;161m[48;2;38;144;150m▄[38;2;64;124;78m[48;2;38;142;152m▄[38;2;52;113;51m[48;2;56;162;169m▄[38;2;68;122;57m[48;2;36;133;141m▄[38;2;89;112;55m[48;2;40;156;158m▄[38;2;51;105;43m[48;2;38;141;152m▄[38;2;70;122;52m[48;2;48;154;166m▄[38;2;38;101;86m[48;2;30;135;139m▄[38;2;54;170;172m[48;2;52;162;158m▄[38;2;44;142;151m[48;2;46;133;139m▄[38;2;48;153;161m[48;2;36;164;185m▄[38;2;87;144;120m[48;2;28;166;189m▄[38;2;104;138;102m[48;2;25;156;177m▄[38;2;111;139;101m[48;2;27;156;177m▄[38;2;106;140;106m[48;2;27;160;183m▄[38;2;87;138;114m[48;2;27;162;187m▄[38;2;57;146;149m[48;2;34;168;191m▄[38;2;38;175;199m[48;2;46;171;187m▄[38;2;30;169;200m[48;2;42;160;175m▄[38;2;31;171;198m[48;2;42;160;173m▄[38;2;29;164;195m[48;2;40;156;173m▄[38;2;32;170;200m[48;2;42;156;175m▄[38;2;32;175;200m[48;2;40;162;177m▄[38;2;30;171;200m[48;2;42;162;177m▄[38;2;34;174;200m[48;2;44;164;179m▄[38;2;41;175;191m[48;2;40;158;175m▄[38;2;61;183;185m[48;2;38;158;177m▄[38;2;55;185;185m[48;2;40;164;181m▄[38;2;66;175;178m[48;2;34;162;177m▄[38;2;72;171;181m[48;2;32;166;183m▄[38;2;73;167;197m[48;2;34;171;179m▄[38;2;87;160;192m[48;2;34;171;181m▄[38;2;97;162;191m[48;2;36;175;183m▄[38;2;77;150;187m[48;2;42;177;183m▄[38;2;51;171;186m[48;2;48;173;187m▄[38;2;50;184;193m[48;2;46;171;185m▄[38;2;46;177;189m[48;2;40;162;173m▄[38;2;44;176;189m[48;2;36;156;168m▄[38;2;51;192;206m[48;2;44;173;185m▄[0m
[38;2;49;162;165m[48;2;52;163;165m▄[38;2;45;182;189m[48;2;48;179;185m▄[38;2;57;111;100m[48;2;48;128;124m▄[38;2;122;42;0m[48;2;87;63;27m▄[38;2;195;83;6m[48;2;141;55;0m▄[38;2;232;151;42m[48;2;215;122;25m▄[38;2;152;55;3m[48;2;206;98;9m▄[38;2;172;56;0m[48;2;172;72;3m▄[38;2;211;102;61m[48;2;164;59;0m▄[38;2;221;135;124m[48;2;166;67;7m▄[38;2;223;124;103m[48;2;182;87;32m▄[38;2;220;100;56m[48;2;173;73;11m▄[38;2;218;84;12m[48;2;161;59;0m▄[38;2;197;65;0m[48;2;162;68;0m▄[38;2;166;120;106m[48;2;147;57;0m▄[38;2;173;165;182m[48;2;192;101;70m▄[38;2;177;159;168m[48;2;221;134;125m▄[38;2;190;165;174m[48;2;230;131;120m▄[38;2;234;134;120m[48;2;194;131;119m▄[38;2;150;150;138m[48;2;54;151;151m▄[38;2;14;133;139m[48;2;20;119;131m▄[38;2;39;142;146m[48;2;40;134;139m▄[38;2;46;143;141m[48;2;66;100;43m▄[38;2;46;137;136m[48;2;36;91;8m▄[38;2;32;119;120m[48;2;96;127;45m▄[38;2;43;141;137m[48;2;122;102;34m▄[38;2;35;124;125m[48;2;60;97;9m▄[38;2;46;137;138m[48;2;61;92;4m▄[38;2;40;138;139m[48;2;35;86;73m▄[38;2;40;151;159m[48;2;46;159;167m▄[38;2;67;108;89m[48;2;45;115;116m▄[38;2;163;141;65m[48;2;122;115;59m▄[38;2;119;114;74m[48;2;128;114;70m▄[38;2;91;123;122m[48;2;102;137;136m▄[38;2;80;133;137m[48;2;81;142;145m▄[38;2;79;116;117m[48;2;86;124;124m▄[38;2;127;132;85m[48;2;134;124;84m▄[38;2;164;184;78m[48;2;141;122;49m▄[38;2;187;193;48m[48;2;106;147;86m▄[38;2;233;217;18m[48;2;103;179;125m▄[38;2;243;231;135m[48;2;115;183;134m▄[38;2;196;198;135m[48;2;114;174;117m▄[38;2;207;202;123m[48;2;123;181;118m▄[38;2;196;194;129m[48;2;128;187;132m▄[38;2;231;216;72m[48;2;143;191;113m▄[38;2;223;214;44m[48;2;104;175;134m▄[38;2;107;176;174m[48;2;82;176;167m▄[38;2;69;142;155m[48;2;56;157;152m▄[38;2;93;125;136m[48;2;78;143;170m▄[38;2;108;143;129m[48;2;102;128;153m▄[38;2;85;140;126m[48;2;106;132;151m▄[38;2;87;148;92m[48;2;98;129;159m▄[38;2;63;153;118m[48;2;93;136;159m▄[38;2;68;177;146m[48;2;85;146;148m▄[38;2;81;179;137m[48;2;70;153;142m▄[38;2;83;175;134m[48;2;61;164;147m▄[38;2;76;170;138m[48;2;54;169;163m▄[38;2;52;167;170m[48;2;55;161;156m▄[38;2;43;165;179m[48;2;43;165;179m▄[38;2;50;186;198m[48;2;50;184;197m▄[0m
[38;2;54;171;171m[48;2;54;173;173m▄[38;2;45;166;173m[48;2;41;167;175m▄[38;2;42;149;156m[48;2;44;128;130m▄[38;2;82;66;31m[48;2;102;52;7m▄[38;2;159;60;0m[48;2;181;69;0m▄[38;2;231;127;18m[48;2;226;125;21m▄[38;2;174;71;2m[48;2;158;62;3m▄[38;2;206;107;79m[48;2;179;78;28m▄[38;2;229;143;134m[48;2;224;134;113m▄[38;2;226;142;133m[48;2;226;148;140m▄[38;2;217;131;114m[48;2;215;112;79m▄[38;2;212;175;158m[48;2;209;79;18m▄[38;2;225;215;205m[48;2;207;76;0m▄[38;2;217;216;216m[48;2;201;86;30m▄[38;2;218;196;191m[48;2;218;134;115m▄[38;2;220;179;171m[48;2;215;143;129m▄[38;2;212;162;153m[48;2;217;143;129m▄[38;2;209;148;139m[48;2;219;145;131m▄[38;2;221;139;125m[48;2;223;138;124m▄[38;2;211;141;130m[48;2;229;138;121m▄[38;2;193;175;171m[48;2;73;126;125m▄[38;2;121;170;167m[48;2;34;153;156m▄[38;2;31;120;123m[48;2;36;143;147m▄[38;2;59;154;154m[48;2;47;156;156m▄[38;2;22;111;121m[48;2;17;105;117m▄[38;2;36;135;135m[48;2;44;142;146m▄[38;2;54;108;104m[48;2;40;146;153m▄[38;2;68;102;99m[48;2;49;161;166m▄[38;2;67;97;96m[48;2;27;129;137m▄[38;2;86;119;114m[48;2;39;154;158m▄[38;2;61;93;82m[48;2;58;106;87m▄[38;2;93;101;60m[48;2;115;108;56m▄[38;2;110;113;67m[48;2;112;107;57m▄[38;2;112;116;69m[48;2;117;109;57m▄[38;2;107;111;66m[48;2;112;101;52m▄[38;2;105;111;65m[48;2;116;108;55m▄[38;2;104;109;64m[48;2;111;105;55m▄[38;2;95;99;57m[48;2;111;117;60m▄[38;2;102;106;66m[48;2;144;170;83m▄[38;2;129;126;107m[48;2;194;205;89m▄[38;2;159;135;88m[48;2;222;217;51m▄[38;2;160;144;82m[48;2;230;224;46m▄[38;2;161;135;63m[48;2;224;219;53m▄[38;2;161;126;41m[48;2;226;221;46m▄[38;2;165;161;65m[48;2;239;228;23m▄[38;2;104;123;93m[48;2;154;165;57m▄[38;2;114;144;136m[48;2;140;171;163m▄[38;2;152;182;163m[48;2;210;224;196m▄[38;2;136;164;143m[48;2;192;214;175m▄[38;2;146;165;142m[48;2;207;222;188m▄[38;2;126;153;133m[48;2;183;203;161m▄[38;2;142;169;149m[48;2;172;190;148m▄[38;2;138;179;156m[48;2;125;143;118m▄[38;2;64;148;145m[48;2;66;139;131m▄[38;2;43;150;160m[48;2;58;173;158m▄[38;2;47;155;164m[48;2;51;166;164m▄[38;2;51;161;163m[48;2;42;164;175m▄[38;2;45;147;152m[48;2;40;161;176m▄[38;2;52;158;160m[48;2;41;161;173m▄[38;2;55;167;172m[48;2;45;178;190m▄[0m
[38;2;49;158;162m[48;2;52;171;169m▄[38;2;49;166;172m[48;2;47;170;176m▄[38;2;39;152;161m[48;2;36;154;164m▄[38;2;57;134;130m[48;2;69;98;78m▄[38;2;99;58;18m[48;2;134;45;0m▄[38;2;128;65;16m[48;2;216;93;1m▄[38;2;138;71;17m[48;2;186;79;5m▄[38;2;133;71;17m[48;2;187;74;5m▄[38;2;132;74;14m[48;2;206;87;18m▄[38;2;136;71;11m[48;2;206;92;29m▄[38;2;135;63;10m[48;2;192;96;46m▄[38;2;154;61;7m[48;2;203;170;145m▄[38;2;165;65;12m[48;2;228;219;207m▄[38;2;180;86;30m[48;2;239;234;222m▄[38;2;190;167;134m[48;2;242;249;249m▄[38;2;220;229;227m[48;2;245;251;248m▄[38;2;122;152;167m[48;2;206;218;220m▄[38;2;7;67;113m[48;2;77;115;143m▄[38;2;199;212;208m[48;2;245;232;224m▄[38;2;167;188;193m[48;2;144;162;176m▄[38;2;96;131;144m[48;2;132;159;180m▄[38;2;208;227;205m[48;2;248;234;231m▄[38;2;169;174;133m[48;2;193;150;143m▄[38;2;131;58;15m[48;2;199;126;108m▄[38;2;141;71;25m[48;2;192;126;112m▄[38;2;147;84;31m[48;2;149;133;120m▄[38;2;51;71;51m[48;2;65;82;59m▄[38;2;19;70;68m[48;2;68;40;12m▄[38;2;35;66;30m[48;2;75;41;19m▄[38;2;45;60;10m[48;2;74;37;25m▄[38;2;125;135;101m[48;2;118;114;92m▄[38;2;216;228;207m[48;2;204;219;176m▄[38;2;207;218;194m[48;2;200;209;166m▄[38;2;209;221;198m[48;2;200;210;168m▄[38;2;206;219;196m[48;2;198;210;170m▄[38;2;205;218;198m[48;2;200;210;172m▄[38;2;206;219;200m[48;2;201;212;175m▄[38;2;207;220;202m[48;2;198;211;175m▄[38;2;211;224;207m[48;2;192;207;176m▄[38;2;186;198;184m[48;2;151;154;126m▄[38;2;155;167;156m[48;2;138;130;103m▄[38;2;186;202;185m[48;2;177;186;161m▄[38;2;199;213;197m[48;2;168;176;152m▄[38;2;164;178;165m[48;2;113;113;92m▄[38;2;146;163;142m[48;2;90;115;109m▄[38;2;150;174;154m[48;2;117;150;136m▄[38;2;141;166;151m[48;2;130;156;139m▄[38;2;130;158;147m[48;2;84;115;105m▄[38;2;132;157;145m[48;2;42;77;70m▄[38;2;171;189;175m[48;2;38;69;61m▄[38;2;207;220;202m[48;2;90;117;103m▄[38;2;206;218;198m[48;2;150;173;146m▄[38;2;203;213;193m[48;2;170;196;162m▄[38;2;204;214;196m[48;2;175;201;169m▄[38;2;202;212;193m[48;2;180;199;168m▄[38;2;205;215;196m[48;2;182;203;170m▄[38;2;206;216;197m[48;2;185;204;170m▄[38;2;206;215;198m[48;2;187;205;170m▄[38;2;205;214;195m[48;2;185;204;170m▄[38;2;221;231;209m[48;2;203;221;184m▄[0m
[38;2;43;165;183m[48;2;43;160;176m▄[38;2;50;188;203m[48;2;51;183;198m▄[38;2;45;172;185m[48;2;47;168;181m▄[38;2;42;167;186m[48;2;45;167;183m▄[38;2;54;178;181m[48;2;49;170;184m▄[38;2;54;176;177m[48;2;41;160;177m▄[38;2;43;166;180m[48;2;37;152;168m▄[38;2;57;174;170m[48;2;42;153;164m▄[38;2;44;178;189m[48;2;42;158;172m▄[38;2;45;176;183m[48;2;42;158;172m▄[38;2;43;155;152m[48;2;39;143;153m▄[38;2;19;116;118m[48;2;24;105;113m▄[38;2;21;126;132m[48;2;30;116;120m▄[38;2;20;119;128m[48;2;33;111;113m▄[38;2;32;126;123m[48;2;27;114;114m▄[38;2;33;125;121m[48;2;26;119;125m▄[38;2;36;132;128m[48;2;24;120;130m▄[38;2;22;124;134m[48;2;27;122;130m▄[38;2;23;129;138m[48;2;28;125;134m▄[38;2;25;137;147m[48;2;36;137;145m▄[38;2;27;137;147m[48;2;42;142;145m▄[38;2;27;139;154m[48;2;28;135;134m▄[38;2;20;140;163m[48;2;30;138;136m▄[38;2;21;147;167m[48;2;32;136;144m▄[38;2;17;142;161m[48;2;31;137;143m▄[38;2;62;133;162m[48;2;39;135;141m▄[38;2;73;105;135m[48;2;54;134;150m▄[38;2;43;73;86m[48;2;53;127;146m▄[38;2;36;66;77m[48;2;50;121;137m▄[38;2;51;79;101m[48;2;46;127;136m▄[38;2;79;134;160m[48;2;70;140;152m▄[38;2;109;201;226m[48;2;105;186;212m▄[38;2;106;195;221m[48;2;106;183;209m▄[38;2;101;189;216m[48;2;109;182;207m▄[38;2;87;178;211m[48;2;102;180;205m▄[38;2;86;179;211m[48;2;104;182;204m▄[38;2;113;193;217m[48;2;113;185;205m▄[38;2;112;189;216m[48;2;119;187;208m▄[38;2;116;197;225m[48;2;123;189;210m▄[38;2;127;202;229m[48;2;124;192;212m▄[38;2;135;205;230m[48;2;109;186;208m▄[38;2;118;196;225m[48;2;87;169;198m▄[38;2;90;168;201m[48;2;95;175;203m▄[38;2;85;143;159m[48;2;110;185;210m▄[38;2;102;151;156m[48;2;102;170;197m▄[38;2;110;150;162m[48;2;102;167;192m▄[38;2;151;193;195m[48;2;112;178;201m▄[38;2;140;180;182m[48;2;87;133;148m▄[38;2;106;136;164m[48;2;90;140;154m▄[38;2;93;116;154m[48;2;110;179;199m▄[38;2;134;167;191m[48;2;102;172;196m▄[38;2;165;207;200m[48;2;93;162;191m▄[38;2;160;192;172m[48;2;92;164;196m▄[38;2;114;186;210m[48;2;92;163;191m▄[38;2;107;186;210m[48;2;92;161;192m▄[38;2;99;177;205m[48;2;87;156;187m▄[38;2;77;149;186m[48;2;81;145;181m▄[38;2;71;148;178m[48;2;79;148;181m▄[38;2;70;147;177m[48;2;78;147;179m▄[38;2;83;167;198m[48;2;88;161;196m▄[0m
[38;2;50;174;191m[48;2;47;169;185m▄[38;2;53;194;210m[48;2;50;183;199m▄[38;2;50;163;173m[48;2;46;173;189m▄[38;2;77;145;145m[48;2;42;178;198m▄[38;2;123;175;167m[48;2;47;177;183m▄[38;2;103;176;175m[48;2;57;178;170m▄[38;2;80;149;142m[48;2;50;172;170m▄[38;2;68;96;89m[48;2;48;146;138m▄[38;2;61;57;59m[48;2;72;148;144m▄[38;2;84;87;90m[48;2;138;180;167m▄[38;2;126;137;138m[48;2;118;174;168m▄[38;2;144;155;152m[48;2;86;149;143m▄[38;2;95;139;136m[48;2;33;125;131m▄[38;2;50;138;139m[48;2;23;131;140m▄[38;2;61;131;123m[48;2;35;133;127m▄[38;2;50;132;122m[48;2;56;146;117m▄[38;2;36;135;131m[48;2;50;142;124m▄[38;2;53;142;117m[48;2;43;140;132m▄[38;2;65;146;120m[48;2;26;137;153m▄[38;2;45;145;138m[48;2;29;141;153m▄[38;2;34;136;142m[48;2;29;139;153m▄[38;2;97;154;112m[48;2;33;137;141m▄[38;2;227;215;50m[48;2;71;152;128m▄[38;2;204;202;112m[48;2;74;156;129m▄[38;2;205;204;125m[48;2;69;151;117m▄[38;2;206;206;109m[48;2;64;141;116m▄[38;2;193;199;38m[48;2;74;135;118m▄[38;2;151;181;99m[48;2;60;121;119m▄[38;2;60;151;136m[48;2;48;116;126m▄[38;2;20;141;151m[48;2;40;117;129m▄[38;2;65;147;159m[48;2;60;135;150m▄[38;2;105;193;218m[48;2;102;194;219m▄[38;2;98;186;214m[48;2;107;194;215m▄[38;2;112;195;219m[48;2;120;201;221m▄[38;2;112;195;218m[48;2;121;202;224m▄[38;2;108;193;220m[48;2;108;193;218m▄[38;2;110;190;209m[48;2;105;191;214m▄[38;2;191;200;59m[48;2;107;180;191m▄[38;2;208;208;100m[48;2;106;184;186m▄[38;2;184;191;105m[48;2;112;187;186m▄[38;2;193;201;129m[48;2;139;202;192m▄[38;2;219;218;96m[48;2;130;201;195m▄[38;2;175;184;59m[48;2;95;151;164m▄[38;2;119;160;162m[48;2;91;131;152m▄[38;2;62;148;199m[48;2;95;153;178m▄[38;2;26;121;164m[48;2;92;143;168m▄[38;2;158;185;183m[48;2;140;177;181m▄[38;2;188;198;180m[48;2;135;178;186m▄[38;2;170;189;170m[48;2;99;132;166m▄[38;2;154;182;173m[48;2;83;102;143m▄[38;2;71;124;154m[48;2;114;144;173m▄[38;2;59;111;141m[48;2;174;204;199m▄[38;2;123;171;148m[48;2;179;199;182m▄[38;2;103;179;195m[48;2;114;182;206m▄[38;2;102;177;191m[48;2;106;183;208m▄[38;2;107;181;202m[48;2;107;178;192m▄[38;2;100;174;190m[48;2;102;167;176m▄[38;2;105;170;155m[48;2;94;166;185m▄[38;2;87;158;178m[48;2;77;151;177m▄[38;2;85;165;202m[48;2;79;158;190m▄[0m
[38;2;122;173;149m[48;2;41;173;189m▄[38;2;129;182;155m[48;2;44;189;207m▄[38;2;106;131;105m[48;2;40;118;121m▄[38;2;107;99;79m[48;2;74;54;40m▄[38;2;107;92;69m[48;2;86;44;22m▄[38;2;138;115;84m[48;2;114;70;42m▄[38;2;140;126;90m[48;2;144;102;73m▄[38;2;151;146;116m[48;2;161;117;86m▄[38;2;172;173;144m[48;2;127;97;73m▄[38;2;161;170;140m[48;2;93;103;101m▄[38;2;140;145;117m[48;2;134;151;145m▄[38;2;139;145;117m[48;2;153;165;148m▄[38;2;127;120;91m[48;2;153;157;135m▄[38;2;115;97;66m[48;2;129;105;78m▄[38;2;109;98;75m[48;2;124;74;42m▄[38;2;138;126;101m[48;2;137;97;66m▄[38;2;146;125;92m[48;2;127;102;76m▄[38;2;155;131;97m[48;2;95;110;88m▄[38;2;148;142;111m[48;2;68;130;114m▄[38;2;146;161;128m[48;2;39;133;132m▄[38;2;146;176;141m[48;2;30;130;136m▄[38;2;142;173;140m[48;2;63;139;118m▄[38;2;141;158;132m[48;2;183;178;56m▄[38;2;116;112;85m[48;2;191;174;54m▄[38;2;147;145;113m[48;2;186;170;62m▄[38;2;150;148;119m[48;2;204;191;60m▄[38;2;121;114;90m[48;2;175;173;59m▄[38;2;163;173;125m[48;2;136;156;82m▄[38;2;161;185;146m[48;2;44;137;132m▄[38;2;153;178;145m[48;2;26;130;135m▄[38;2;113;153;142m[48;2;68;144;156m▄[38;2;122;189;194m[48;2;113;201;229m▄[38;2;130;191;192m[48;2;100;191;220m▄[38;2;133;191;190m[48;2;91;188;218m▄[38;2;134;191;190m[48;2;93;189;221m▄[38;2;138;193;188m[48;2;96;192;224m▄[38;2;137;193;188m[48;2;104;192;221m▄[38;2;135;163;151m[48;2;175;182;92m▄[38;2;130;125;88m[48;2;210;198;47m▄[38;2;140;141;108m[48;2;200;184;47m▄[38;2;155;165;107m[48;2;213;203;51m▄[38;2;147;153;92m[48;2;215;209;54m▄[38;2;117;139;106m[48;2;149;153;63m▄[38;2;136;104;79m[48;2;104;124;127m▄[38;2;114;129;146m[48;2;89;154;183m▄[38;2;83;145;163m[48;2;73;117;125m▄[38;2;192;208;194m[48;2;186;209;203m▄[38;2;227;227;199m[48;2;236;233;197m▄[38;2;216;220;188m[48;2;228;227;194m▄[38;2;217;220;190m[48;2;230;230;198m▄[38;2;226;228;200m[48;2;212;221;201m▄[38;2;230;229;198m[48;2;149;174;171m▄[38;2;203;212;190m[48;2;108;154;166m▄[38;2;172;193;172m[48;2;90;163;164m▄[38;2;178;196;163m[48;2;96;165;158m▄[38;2;181;199;154m[48;2;97;168;155m▄[38;2;164;186;151m[48;2;83;157;172m▄[38;2;147;175;146m[48;2;84;153;162m▄[38;2;142;171;137m[48;2;81;150;161m▄[38;2;152;184;148m[48;2;81;159;182m▄[0m
[38;2;118;176;176m[48;2;227;225;187m▄[38;2;123;182;192m[48;2;246;245;196m▄[38;2;107;159;187m[48;2;216;224;178m▄[38;2;101;150;190m[48;2;201;211;168m▄[38;2;99;143;175m[48;2;209;219;181m▄[38;2;104;146;157m[48;2;221;231;194m▄[38;2;114;151;146m[48;2;221;234;197m▄[38;2;126;156;130m[48;2;216;229;198m▄[38;2;146;175;122m[48;2;218;228;202m▄[38;2;165;195;121m[48;2;217;224;201m▄[38;2;165;193;110m[48;2;213;220;196m▄[38;2;163;187;100m[48;2;211;219;195m▄[38;2;163;188;106m[48;2;220;230;205m▄[38;2;158;194;129m[48;2;213;226;200m▄[38;2;138;188;156m[48;2;216;224;198m▄[38;2;114;176;179m[48;2;226;231;202m▄[38;2;116;183;188m[48;2;228;233;202m▄[38;2;114;177;184m[48;2;231;237;204m▄[38;2;118;181;187m[48;2;229;233;199m▄[38;2;119;184;189m[48;2;231;230;197m▄[38;2;124;186;189m[48;2;232;229;197m▄[38;2;121;181;191m[48;2;235;232;201m▄[38;2;124;186;193m[48;2;224;225;196m▄[38;2;128;189;194m[48;2;200;202;177m▄[38;2;123;181;185m[48;2;230;232;204m▄[38;2;126;180;181m[48;2;216;217;191m▄[38;2;129;184;181m[48;2;200;202;176m▄[38;2;124;178;174m[48;2;235;237;207m▄[38;2;124;179;176m[48;2;237;233;204m▄[38;2;125;178;176m[48;2;237;233;202m▄[38;2;93;138;134m[48;2;178;184;154m▄[38;2;107;171;164m[48;2;202;213;174m▄[38;2;112;173;166m[48;2;210;217;178m▄[38;2;115;179;171m[48;2;213;217;179m▄[38;2;115;177;169m[48;2;219;221;181m▄[38;2;116;175;166m[48;2;226;224;182m▄[38;2;114;170;162m[48;2;226;225;181m▄[38;2;119;178;172m[48;2;210;213;177m▄[38;2;123;186;180m[48;2;183;187;157m▄[38;2;112;177;174m[48;2;221;226;188m▄[38;2;126;182;180m[48;2;219;225;193m▄[38;2;156;195;190m[48;2;178;185;162m▄[38;2;176;199;189m[48;2;200;214;180m▄[38;2;185;204;197m[48;2;211;208;170m▄[38;2;193;204;191m[48;2;198;203;179m▄[38;2;189;202;186m[48;2;195;212;180m▄[38;2;171;194;182m[48;2;213;219;182m▄[38;2;146;187;176m[48;2;218;222;183m▄[38;2;120;177;170m[48;2;225;225;188m▄[38;2;106;176;168m[48;2;224;223;183m▄[38;2;102;172;163m[48;2;222;221;178m▄[38;2;102;170;160m[48;2;226;224;185m▄[38;2;109;173;161m[48;2;232;228;190m▄[38;2;112;172;161m[48;2;235;229;190m▄[38;2;116;177;166m[48;2;237;230;198m▄[38;2;117;180;170m[48;2;234;230;197m▄[38;2;111;170;160m[48;2;234;230;193m▄[38;2;113;171;163m[48;2;229;227;189m▄[38;2;117;178;170m[48;2;215;218;179m▄[38;2;131;196;187m[48;2;229;233;191m▄[0m
[38;2;50;114;87m[48;2;0;87;165m▄[38;2;65;135;87m[48;2;0;96;164m▄[38;2;86;136;62m[48;2;13;100;126m▄[38;2;84;140;87m[48;2;34;113;104m▄[38;2;51;141;125m[48;2;53;130;92m▄[38;2;96;182;91m[48;2;59;137;84m▄[38;2;77;170;108m[48;2;63;145;82m▄[38;2;72;163;134m[48;2;68;156;87m▄[38;2;44;160;168m[48;2;74;164;93m▄[38;2;32;153;182m[48;2;73;162;93m▄[38;2;39;160;181m[48;2;67;159;98m▄[38;2;32;157;185m[48;2;64;160;102m▄[38;2;35;148;169m[48;2;72;147;73m▄[38;2;49;133;120m[48;2;65;101;19m▄[38;2;48;118;107m[48;2;53;76;7m▄[38;2;55;135;131m[48;2;75;118;77m▄[38;2;71;147;120m[48;2;68;123;97m▄[38;2;56;152;146m[48;2;73;136;98m▄[38;2;59;148;138m[48;2;80;140;107m▄[38;2;73;155;131m[48;2;59;113;100m▄[38;2;49;152;154m[48;2;32;131;131m▄[38;2;69;155;128m[48;2;41;149;136m▄[38;2;54;144;136m[48;2;34;142;136m▄[38;2;51;145;140m[48;2;29;135;135m▄[38;2;71;169;147m[48;2;29;155;164m▄[38;2;55;168;163m[48;2;28;157;172m▄[38;2;56;165;160m[48;2;27;151;166m▄[38;2;40;158;174m[48;2;27;149;161m▄[38;2;43;161;172m[48;2;28;153;166m▄[38;2;45;161;171m[48;2;31;156;170m▄[38;2;37;125;135m[48;2;20;110;124m▄[38;2;36;143;157m[48;2;29;151;165m▄[38;2;36;147;161m[48;2;22;142;159m▄[38;2;39;156;168m[48;2;22;142;158m▄[38;2;33;140;154m[48;2;29;154;169m▄[38;2;40;154;167m[48;2;26;152;169m▄[38;2;41;161;173m[48;2;23;146;164m▄[38;2;37;154;166m[48;2;23;153;172m▄[38;2;168;201;204m[48;2;24;154;171m▄[38;2;197;195;176m[48;2;85;166;176m▄[38;2;152;161;124m[48;2;172;203;190m▄[38;2;93;92;59m[48;2;114;117;94m▄[38;2;98;97;57m[48;2;139;145;113m▄[38;2;131;145;101m[48;2;190;207;173m▄[38;2;107;130;91m[48;2;120;151;133m▄[38;2;132;149;110m[48;2;185;206;174m▄[38;2;112;111;62m[48;2;159;172;123m▄[38;2;144;153;97m[48;2;169;197;166m▄[38;2;168;179;115m[48;2;158;195;171m▄[38;2;151;157;97m[48;2;105;173;146m▄[38;2;130;135;95m[48;2;109;182;171m▄[38;2;156;165;147m[48;2;92;174;177m▄[38;2;162;198;205m[48;2;41;148;167m▄[38;2;42;155;169m[48;2;22;148;169m▄[38;2;38;154;168m[48;2;28;153;169m▄[38;2;44;161;172m[48;2;36;164;177m▄[38;2;40;153;167m[48;2;25;148;164m▄[38;2;41;157;171m[48;2;29;153;169m▄[38;2;44;160;174m[48;2;33;161;180m▄[38;2;48;175;188m[48;2;38;178;197m▄[0m
[38;2;41;171;180m[48;2;74;147;94m▄[38;2;31;163;185m[48;2;69;153;105m▄[38;2;58;160;156m[48;2;89;147;86m▄[38;2;154;174;80m[48;2;135;162;67m▄[38;2;205;197;60m[48;2;126;170;67m▄[38;2;204;194;103m[48;2;127;181;100m▄[38;2;210;192;79m[48;2;116;179;119m▄[38;2;187;194;59m[48;2;119;166;98m▄[38;2;35;152;161m[48;2;46;146;149m▄[38;2;82;177;180m[48;2;31;151;170m▄[38;2;97;174;153m[48;2;53;156;142m▄[38;2;84;164;142m[48;2;59;160;139m▄[38;2;74;160;146m[48;2;50;160;157m▄[38;2;146;185;157m[48;2;119;189;180m▄[38;2;178;198;159m[48;2;149;203;180m▄[38;2;172;196;157m[48;2;142;193;173m▄[38;2;174;200;160m[48;2;150;198;176m▄[38;2;172;197;158m[48;2;151;197;179m▄[38;2;177;202;163m[48;2;152;201;177m▄[38;2;175;201;161m[48;2;151;198;175m▄[38;2;173;197;157m[48;2;155;199;170m▄[38;2;172;195;156m[48;2;151;195;168m▄[38;2;175;199;160m[48;2;147;192;165m▄[38;2;156;181;135m[48;2;156;198;168m▄[38;2;121;150;96m[48;2;135;176;140m▄[38;2;100;139;93m[48;2;88;143;109m▄[38;2;32;107;104m[48;2;35;123;125m▄[38;2;17;101;108m[48;2;31;132;141m▄[38;2;31;134;144m[48;2;42;156;167m▄[38;2;41;159;173m[48;2;45;157;168m▄[38;2;38;131;143m[48;2;39;132;143m▄[38;2;36;147;160m[48;2;31;136;152m▄[38;2;31;133;147m[48;2;32;140;153m▄[38;2;38;152;164m[48;2;42;163;175m▄[38;2;45;164;175m[48;2;41;156;168m▄[38;2;39;153;165m[48;2;34;139;152m▄[38;2;29;141;154m[48;2;32;148;162m▄[38;2;141;185;189m[48;2;52;156;167m▄[38;2;233;231;222m[48;2;203;215;213m▄[38;2;161;178;149m[48;2;170;185;164m▄[38;2;161;181;150m[48;2;191;213;189m▄[38;2;111;118;83m[48;2;122;128;98m▄[38;2;96;90;55m[48;2;106;104;74m▄[38;2;158;180;148m[48;2;179;202;178m▄[38;2;151;171;132m[48;2;135;163;142m▄[38;2;176;191;153m[48;2;178;199;150m▄[38;2;169;188;158m[48;2;174;186;132m▄[38;2;184;189;75m[48;2;190;197;147m▄[38;2;195;198;125m[48;2;162;153;102m▄[38;2;172;181;133m[48;2;138;115;56m▄[38;2;200;206;162m[48;2;156;161;113m▄[38;2;220;218;86m[48;2;178;184;159m▄[38;2;158;182;62m[48;2;158;197;195m▄[38;2;87;172;142m[48;2;35;152;169m▄[38;2;35;150;172m[48;2;37;148;164m▄[38;2;52;176;187m[48;2;50;169;181m▄[38;2;45;163;179m[48;2;40;153;169m▄[38;2;44;158;172m[48;2;38;149;163m▄[38;2;42;155;169m[48;2;40;153;165m▄[38;2;54;185;197m[48;2;52;180;194m▄[0m
[38;2;196;209;173m[48;2;74;160;152m▄[38;2;216;229;188m[48;2;73;166;162m▄[38;2;202;213;177m[48;2;63;155;155m▄[38;2;190;206;178m[48;2;84;129;108m▄[38;2;168;184;161m[48;2;115;116;71m▄[38;2;188;209;182m[48;2;121;130;82m▄[38;2;171;188;168m[48;2;117;110;60m▄[38;2;194;211;181m[48;2;100;147;115m▄[38;2;202;212;175m[48;2;67;160;154m▄[38;2;186;204;167m[48;2;133;178;153m▄[38;2;172;194;157m[48;2;139;166;121m▄[38;2;168;192;154m[48;2;128;159;113m▄[38;2;163;189;149m[48;2;132;162;118m▄[38;2;161;186;146m[48;2;137;168;125m▄[38;2;159;184;144m[48;2;152;182;143m▄[38;2;154;181;141m[48;2;155;186;148m▄[38;2;152;180;139m[48;2;153;184;146m▄[38;2;155;182;141m[48;2;148;182;142m▄[38;2;153;178;137m[48;2;150;181;142m▄[38;2;157;183;142m[48;2;147;179;138m▄[38;2;160;183;142m[48;2;153;185;142m▄[38;2;148;173;130m[48;2;162;193;152m▄[38;2;147;173;133m[48;2;133;168;126m▄[38;2;154;181;144m[48;2;96;135;86m▄[38;2;163;187;153m[48;2;90;133;81m▄[38;2;172;194;162m[48;2;99;142;95m▄[38;2;176;196;163m[48;2;62;122;101m▄[38;2;180;199;165m[48;2;35;107;102m▄[38;2;179;199;164m[48;2;42;118;112m▄[38;2;186;200;160m[48;2;52;143;142m▄[38;2;86;138;127m[48;2;44;131;135m▄[38;2;35;144;154m[48;2;29;143;159m▄[38;2;48;148;152m[48;2;30;137;153m▄[38;2;57;162;162m[48;2;39;159;172m▄[38;2;61;162;161m[48;2;37;154;167m▄[38;2;57;157;157m[48;2;37;159;171m▄[38;2;54;151;154m[48;2;35;157;169m▄[38;2;42;142;143m[48;2;105;173;182m▄[38;2;165;188;182m[48;2;177;194;195m▄[38;2;211;226;219m[48;2;198;197;177m▄[38;2;183;209;201m[48;2;189;195;170m▄[38;2;228;228;223m[48;2;140;148;117m▄[38;2;190;202;197m[48;2;91;83;52m▄[38;2;164;202;194m[48;2;164;169;140m▄[38;2;199;211;192m[48;2;180;188;159m▄[38;2;215;214;163m[48;2;169;179;147m▄[38;2;206;211;188m[48;2;160;170;150m▄[38;2;202;211;194m[48;2;183;185;110m▄[38;2;153;164;131m[48;2;204;196;54m▄[38;2;109;111;68m[48;2;206;197;51m▄[38;2;114;146;107m[48;2;206;194;42m▄[38;2;116;123;94m[48;2;194;186;55m▄[38;2;109;110;91m[48;2;163;170;86m▄[38;2;94;156;141m[48;2;73;158;138m▄[38;2;87;168;155m[48;2;27;154;177m▄[38;2;88;167;152m[48;2;40;162;176m▄[38;2;87;164;152m[48;2;37;156;173m▄[38;2;88;167;154m[48;2;36;159;175m▄[38;2;89;169;158m[48;2;39;162;178m▄[38;2;94;183;173m[48;2;45;179;197m▄[0m
[38;2;40;50;80m[48;2;202;209;189m▄[38;2;47;54;88m[48;2;221;228;205m▄[38;2;44;60;87m[48;2;204;212;190m▄[38;2;46;78;95m[48;2;206;215;192m▄[38;2;43;51;84m[48;2;208;217;193m▄[38;2;43;52;85m[48;2;206;212;191m▄[38;2;45;68;92m[48;2;210;218;197m▄[38;2;43;53;87m[48;2;206;214;194m▄[38;2;41;48;83m[48;2;204;211;192m▄[38;2;42;48;83m[48;2;204;210;188m▄[38;2;42;48;84m[48;2;204;212;191m▄[38;2;42;46;83m[48;2;201;211;190m▄[38;2;43;47;84m[48;2;198;211;188m▄[38;2;44;48;86m[48;2;198;212;191m▄[38;2;46;58;91m[48;2;199;213;191m▄[38;2;49;67;92m[48;2;198;209;186m▄[38;2;44;47;85m[48;2;199;210;186m▄[38;2;43;49;87m[48;2;200;212;185m▄[38;2;42;63;91m[48;2;201;213;182m▄[38;2;41;75;94m[48;2;203;213;182m▄[38;2;41;81;93m[48;2;202;212;182m▄[38;2;41;84;90m[48;2;201;212;182m▄[38;2;41;83;83m[48;2;204;214;186m▄[38;2;42;76;75m[48;2;206;216;189m▄[38;2;43;66;67m[48;2;206;216;191m▄[38;2;43;66;67m[48;2;206;216;191m▄[38;2;44;65;68m[48;2;204;213;185m▄[38;2;45;55;61m[48;2;201;211;183m▄[38;2;43;64;68m[48;2;202;214;186m▄[38;2;42;65;69m[48;2;205;215;188m▄[38;2;38;54;69m[48;2;142;158;137m▄[38;2;46;63;96m[48;2;147;173;146m▄[38;2;43;51;93m[48;2;153;178;149m▄[38;2;43;50;94m[48;2;156;180;149m▄[38;2;60;83;108m[48;2;156;175;148m▄[38;2;76;109;122m[48;2;159;180;151m▄[38;2;80;103;108m[48;2;161;184;152m▄[38;2;82;93;101m[48;2;165;184;152m▄[38;2;81;101;112m[48;2;171;186;152m▄[38;2;104;133;144m[48;2;164;186;156m▄[38;2;134;165;179m[48;2;164;188;162m▄[38;2;131;164;176m[48;2;197;207;187m▄[38;2;130;162;172m[48;2;178;201;180m▄[38;2;110;135;155m[48;2;152;183;160m▄[38;2;64;81;123m[48;2;173;187;168m▄[38;2;35;46;100m[48;2;189;199;182m▄[38;2;41;53;105m[48;2;184;196;171m▄[38;2;45;59;107m[48;2;184;197;169m▄[38;2;47;70;109m[48;2;170;187;164m▄[38;2;52;74;114m[48;2;151;164;149m▄[38;2;49;62;110m[48;2;181;198;177m▄[38;2;51;66;112m[48;2;163;176;156m▄[38;2;49;64;112m[48;2;159;174;150m▄[38;2;51;58;107m[48;2;194;205;169m▄[38;2;60;59;106m[48;2;197;201;165m▄[38;2;58;56;107m[48;2;194;200;167m▄[38;2;49;55;108m[48;2;191;200;167m▄[38;2;45;55;110m[48;2;189;200;167m▄[38;2;46;57;110m[48;2;188;198;167m▄[38;2;50;65;120m[48;2;201;213;180m▄[0m
[38;2;36;43;76m[48;2;30;49;92m▄[38;2;39;50;83m[48;2;34;54;101m▄[38;2;35;46;77m[48;2;31;54;93m▄[38;2;35;41;77m[48;2;32;58;96m▄[38;2;36;42;76m[48;2;29;38;93m▄[38;2;35;42;75m[48;2;30;46;94m▄[38;2;36;48;78m[48;2;33;64;97m▄[38;2;37;47;73m[48;2;30;43;95m▄[38;2;41;64;94m[48;2;29;35;89m▄[38;2;48;89;128m[48;2;28;33;88m▄[38;2;50;92;130m[48;2;30;39;95m▄[38;2;53;93;127m[48;2;32;45;102m▄[38;2;52;98;133m[48;2;31;43;99m▄[38;2;54;104;143m[48;2;30;38;90m▄[38;2;35;72;107m[48;2;31;47;90m▄[38;2;28;80;123m[48;2;32;55;97m▄[38;2;38;80;119m[48;2;29;53;103m▄[38;2;40;68;100m[48;2;28;62;102m▄[38;2;54;66;91m[48;2;27;62;90m▄[38;2;69;66;86m[48;2;25;58;77m▄[38;2;36;50;75m[48;2;33;56;68m▄[38;2;38;46;59m[48;2;34;54;64m▄[38;2;38;53;70m[48;2;34;56;70m▄[38;2;36;60;90m[48;2;33;57;73m▄[38;2;35;70;107m[48;2;34;54;79m▄[38;2;41;82;115m[48;2;33;51;84m▄[38;2;42;85;115m[48;2;33;56;91m▄[38;2;42;90;117m[48;2;32;52;90m▄[38;2;40;89;116m[48;2;33;58;95m▄[38;2;38;86;112m[48;2;33;59;93m▄[38;2;34;54;80m[48;2;26;44;76m▄[38;2;62;88;111m[48;2;28;47;92m▄[38;2;76;116;121m[48;2;41;60;98m▄[38;2;67;92;103m[48;2;53;82;106m▄[38;2;61;80;97m[48;2;67;105;114m▄[38;2;82;96;78m[48;2;72;94;92m▄[38;2;89;101;74m[48;2;73;81;78m▄[38;2;83;105;84m[48;2;78;94;81m▄[38;2;88;116;102m[48;2;93;125;121m▄[38;2;99;134;123m[48;2;115;153;152m▄[38;2;121;158;140m[48;2;141;177;166m▄[38;2;113;150;146m[48;2;132;171;177m▄[38;2;118;159;150m[48;2;137;175;187m▄[38;2;135;174;178m[48;2;128;166;176m▄[38;2;134;168;157m[48;2;121;156;153m▄[38;2;138;173;153m[48;2;89;112;108m▄[38;2;128;161;155m[48;2;47;60;94m▄[38;2;82;105;126m[48;2;25;38;83m▄[38;2;43;50;79m[48;2;29;43;83m▄[38;2;29;32;64m[48;2;32;50;87m▄[38;2;34;37;67m[48;2;33;52;87m▄[38;2;39;47;78m[48;2;33;43;81m▄[38;2;43;62;84m[48;2;31;44;78m▄[38;2;46;74;75m[48;2;29;52;83m▄[38;2;37;76;77m[48;2;29;55;82m▄[38;2;37;84;87m[48;2;30;69;90m▄[38;2;37;84;88m[48;2;31;52;84m▄[38;2;36;66;79m[48;2;32;46;80m▄[38;2;36;49;73m[48;2;32;40;79m▄[38;2;40;55;76m[48;2;36;45;87m▄[0m
[38;2;41;81;111m[48;2;36;41;63m▄[38;2;46;89;120m[48;2;39;45;69m▄[38;2;42;83;113m[48;2;36;44;66m▄[38;2;42;85;115m[48;2;36;44;66m▄[38;2;42;85;116m[48;2;37;45;66m▄[38;2;42;85;116m[48;2;37;44;65m▄[38;2;41;82;112m[48;2;35;37;57m▄[38;2;46;100;137m[48;2;44;67;96m▄[38;2;55;112;149m[48;2;56;113;155m▄[38;2;65;107;128m[48;2;51;94;128m▄[38;2;61;109;138m[48;2;53;85;110m▄[38;2;58;112;143m[48;2;53;85;109m▄[38;2;54;92;116m[48;2;54;105;141m▄[38;2;47;86;126m[48;2;51;114;162m▄[38;2;110;139;133m[48;2;60;105;131m▄[38;2;212;208;49m[48;2;107;136;102m▄[38;2;225;216;30m[48;2;145;148;75m▄[38;2;210;204;35m[48;2;149;144;58m▄[38;2;212;171;92m[48;2;163;140;80m▄[38;2;224;162;155m[48;2;221;154;148m▄[38;2;125;122;144m[48;2;113;115;146m▄[38;2;40;86;152m[48;2;35;70;123m▄[38;2;38;60;97m[48;2;37;57;81m▄[38;2;41;73;92m[48;2;37;71;101m▄[38;2;40;71;90m[48;2;39;76;102m▄[38;2;43;77;96m[48;2;40;70;91m▄[38;2;44;87;109m[48;2;40;72;95m▄[38;2;37;82;106m[48;2;46;92;114m▄[38;2;39;95;120m[48;2;50;111;133m▄[38;2;42;113;139m[48;2;42;106;134m▄[38;2;51;85;97m[48;2;52;90;98m▄[38;2;69;78;85m[48;2;81;109;104m▄[38;2;68;76;83m[48;2;71;91;93m▄[38;2;101;102;102m[48;2;70;82;92m▄[38;2;111;120;121m[48;2;70;76;82m▄[38;2;107;120;130m[48;2;75;85;86m▄[38;2;112;129;144m[48;2;76;95;98m▄[38;2;101;121;134m[48;2;70;93;106m▄[38;2;62;104;111m[48;2;88;93;97m▄[38;2;52;101;105m[48;2;127;121;120m▄[38;2;44;82;77m[48;2;141;137;135m▄[38;2;84;105;98m[48;2;120;95;72m▄[38;2;106;120;105m[48;2;112;122;103m▄[38;2;126;125;83m[48;2;134;180;193m▄[38;2;140;141;98m[48;2;138;180;201m▄[38;2;133;139;105m[48;2;136;182;203m▄[38;2;105;113;96m[48;2;139;184;199m▄[38;2;96;117;118m[48;2;128;172;183m▄[38;2;119;164;174m[48;2;115;148;160m▄[38;2;105;149;157m[48;2;76;106;123m▄[38;2;89;133;146m[48;2;55;94;118m▄[38;2;59;106;123m[48;2;41;91;119m▄[38;2;47;52;66m[48;2;62;90;91m▄[38;2;35;59;75m[48;2;92;94;93m▄[38;2;43;81;105m[48;2;38;83;115m▄[38;2;44;110;149m[48;2;40;110;134m▄[38;2;44;116;161m[48;2;44;117;138m▄[38;2;45;100;133m[48;2;42;93;115m▄[38;2;47;116;140m[48;2;40;81;104m▄[38;2;43;156;184m[48;2;46;96;126m▄[0m
[38;2;98;149;162m[48;2;32;116;140m▄[38;2;93;165;183m[48;2;37;128;156m▄[38;2;58;144;163m[48;2;38;120;145m▄[38;2;46;140;163m[48;2;41;120;143m▄[38;2;44;139;159m[48;2;41;122;144m▄[38;2;43;141;162m[48;2;41;122;146m▄[38;2;44;143;163m[48;2;41;121;147m▄[38;2;44;142;161m[48;2;38;117;145m▄[38;2;43;141;161m[48;2;57;121;126m▄[38;2;39;139;166m[48;2;82;137;121m▄[38;2;37;101;124m[48;2;47;112;128m▄[38;2;39;52;60m[48;2;40;68;73m▄[38;2;38;45;46m[48;2;39;46;43m▄[38;2;37;39;32m[48;2;37;51;70m▄[38;2;37;43;47m[48;2;51;89;124m▄[38;2;33;55;83m[48;2;111;130;115m▄[38;2;36;57;91m[48;2;166;151;103m▄[38;2;34;51;87m[48;2;157;146;95m▄[38;2;34;54;77m[48;2;164;121;121m▄[38;2;34;60;85m[48;2;92;94;131m▄[38;2;42;66;95m[48;2;42;84;139m▄[38;2;43;71;93m[48;2;39;68;106m▄[38;2;44;81;105m[48;2;41;69;89m▄[38;2;47;89;115m[48;2;42;74;97m▄[38;2;44;94;120m[48;2;40;71;90m▄[38;2;41;97;124m[48;2;44;93;112m▄[38;2;42;101;131m[48;2;47;113;137m▄[38;2;43;108;140m[48;2;38;98;125m▄[38;2;46;118;147m[48;2;40;108;135m▄[38;2;48;128;155m[48;2;39;109;134m▄[38;2;45;112;127m[48;2;40;105;123m▄[38;2;51;136;148m[48;2;48;129;146m▄[38;2;51;135;148m[48;2;55;125;140m▄[38;2;47;133;146m[48;2;83;123;122m▄[38;2;48;135;147m[48;2;104;130;121m▄[38;2;48;137;148m[48;2;109;130;120m▄[38;2;49;135;147m[48;2;112;128;116m▄[38;2;50;132;143m[48;2;109;119;105m▄[38;2;51;136;146m[48;2;99;119;104m▄[38;2;56;136;148m[48;2;94;119;104m▄[38;2;52;136;149m[48;2;89;106;92m▄[38;2;46;134;148m[48;2;76;119;118m▄[38;2;46;134;148m[48;2;50;124;135m▄[38;2;48;133;148m[48;2;57;119;116m▄[38;2;45;130;149m[48;2;66;128;118m▄[38;2;46;127;145m[48;2;63;111;108m▄[38;2;50;131;146m[48;2;49;105;113m▄[38;2;52;134;147m[48;2;39;118;139m▄[38;2;51;128;142m[48;2;43;145;168m▄[38;2;50;126;140m[48;2;41;148;173m▄[38;2;50;126;138m[48;2;44;140;163m▄[38;2;49;127;140m[48;2;52;134;158m▄[38;2;47;131;144m[48;2;60;131;154m▄[38;2;48;127;140m[48;2;53;125;139m▄[38;2;48;126;138m[48;2;66;123;144m▄[38;2;50;128;137m[48;2;56;134;168m▄[38;2;52;125;132m[48;2;48;111;143m▄[38;2;48;110;114m[48;2;52;98;117m▄[38;2;46;104;106m[48;2;61;124;141m▄[38;2;59;121;127m[48;2;53;155;178m▄[0m
