[38;2;30;25;10m[48;2;38;35;24m▄[38;2;33;33;15m[48;2;36;38;28m▄[38;2;38;40;25m[48;2;21;25;15m▄[38;2;52;55;41m[48;2;40;46;34m▄[38;2;34;38;26m[48;2;46;50;36m▄[38;2;31;32;19m[48;2;21;23;9m▄[38;2;33;34;21m[48;2;27;27;13m▄[38;2;31;33;22m[48;2;28;28;15m▄[38;2;19;21;18m[48;2;28;28;15m▄[38;2;20;23;20m[48;2;28;30;17m▄[38;2;40;45;36m[48;2;36;42;30m▄[38;2;33;40;33m[48;2;59;69;56m▄[38;2;21;28;22m[48;2;50;59;44m▄[38;2;28;34;27m[48;2;36;38;23m▄[38;2;33;36;25m[48;2;34;32;17m▄[38;2;30;30;22m[48;2;34;28;13m▄[38;2;26;28;25m[48;2;32;27;11m▄[38;2;30;33;28m[48;2;30;25;9m▄[38;2;37;41;37m[48;2;28;23;9m▄[38;2;37;43;40m[48;2;40;40;27m▄[38;2;27;30;26m[48;2;52;56;42m▄[38;2;21;20;17m[48;2;38;38;27m▄[38;2;28;27;19m[48;2;50;50;40m▄[38;2;31;32;19m[48;2;50;50;38m▄[38;2;49;55;24m[48;2;36;32;28m▄[38;2;55;62;31m[48;2;34;27;21m▄[38;2;49;62;39m[48;2;36;27;19m▄[38;2;75;89;35m[48;2;40;34;34m▄[38;2;64;80;21m[48;2;46;36;36m▄[38;2;56;67;15m[48;2;27;13;9m▄[38;2;52;60;14m[48;2;30;17;9m▄[38;2;86;97;19m[48;2;25;11;9m▄[38;2;65;78;15m[48;2;23;13;13m▄[38;2;60;80;17m[48;2;36;27;28m▄[38;2;84;110;21m[48;2;30;27;34m▄[38;2;84;112;27m[48;2;32;28;38m▄[38;2;105;138;36m[48;2;36;30;38m▄[38;2;90;119;31m[48;2;36;34;36m▄[38;2;71;85;20m[48;2;30;27;25m▄[38;2;75;91;16m[48;2;21;7;9m▄[38;2;84;102;15m[48;2;23;7;11m▄[38;2;89;109;20m[48;2;32;15;11m▄[38;2;43;52;11m[48;2;34;17;9m▄[38;2;55;63;13m[48;2;28;13;9m▄[38;2;71;82;15m[48;2;21;9;9m▄[38;2;84;102;19m[48;2;32;23;30m▄[38;2;90;112;31m[48;2;38;34;44m▄[38;2;68;90;33m[48;2;36;36;42m▄[38;2;52;67;39m[48;2;48;48;48m▄[38;2;55;67;29m[48;2;40;32;34m▄[38;2;67;79;14m[48;2;19;7;11m▄[38;2;83;101;14m[48;2;17;3;9m▄[38;2;74;100;13m[48;2;21;7;9m▄[38;2;87;117;15m[48;2;21;5;7m▄[38;2;97;127;15m[48;2;15;1;5m▄[38;2;82;111;14m[48;2;27;19;25m▄[38;2;71;100;37m[48;2;50;44;54m▄[38;2;49;71;42m[48;2;42;36;38m▄[38;2;50;68;41m[48;2;42;36;30m▄[38;2;50;62;31m[48;2;48;44;36m▄[0m
[38;2;57;158;171m[48;2;46;94;94m▄[38;2;68;187;206m[48;2;33;88;87m▄[38;2;67;175;195m[48;2;57;95;94m▄[38;2;49;157;181m[48;2;34;64;65m▄[38;2;62;162;185m[48;2;28;49;44m▄[38;2;52;144;143m[48;2;31;48;43m▄[38;2;97;155;50m[48;2;19;36;40m▄[38;2;113;155;13m[48;2;22;35;24m▄[38;2;156;199;14m[48;2;67;92;21m▄[38;2;157;202;13m[48;2;112;145;23m▄[38;2;162;203;11m[48;2;96;128;21m▄[38;2;169;210;15m[48;2;68;92;11m▄[38;2;166;208;15m[48;2;64;87;10m▄[38;2;157;197;16m[48;2;56;76;12m▄[38;2;141;184;16m[48;2;47;66;14m▄[38;2;160;202;16m[48;2;66;91;13m▄[38;2;174;212;14m[48;2;102;133;17m▄[38;2;168;207;11m[48;2;125;160;21m▄[38;2;164;203;11m[48;2;123;159;24m▄[38;2;157;196;11m[48;2;95;131;23m▄[38;2;150;192;14m[48;2;80;116;21m▄[38;2;149;192;13m[48;2;102;136;16m▄[38;2;158;198;11m[48;2;129;162;13m▄[38;2;158;196;13m[48;2;117;152;12m▄[38;2;167;204;14m[48;2;125;165;18m▄[38;2;167;204;13m[48;2;142;184;21m▄[38;2;160;197;14m[48;2;140;181;18m▄[38;2;152;192;14m[48;2;150;185;16m▄[38;2;149;189;14m[48;2;150;191;17m▄[38;2;133;177;17m[48;2;151;198;13m▄[38;2;142;185;21m[48;2;143;185;18m▄[38;2;143;187;20m[48;2;152;193;19m▄[38;2;136;179;17m[48;2;159;200;14m▄[38;2;138;179;15m[48;2;158;200;16m▄[38;2;146;188;16m[48;2;157;199;18m▄[38;2;145;187;13m[48;2;168;209;13m▄[38;2;147;188;14m[48;2;163;207;9m▄[38;2;154;193;15m[48;2;140;176;17m▄[38;2;155;197;14m[48;2;145;169;18m▄[38;2;129;175;16m[48;2;126;171;19m▄[38;2;154;194;18m[48;2;146;193;18m▄[38;2;166;205;17m[48;2;151;197;15m▄[38;2;155;195;14m[48;2;126;172;14m▄[38;2;151;191;12m[48;2;141;184;16m▄[38;2;146;188;13m[48;2;169;211;14m▄[38;2;137;181;15m[48;2;171;212;13m▄[38;2;123;169;18m[48;2;164;206;10m▄[38;2;123;164;20m[48;2;157;199;9m▄[38;2;147;189;18m[48;2;149;190;14m▄[38;2;140;182;18m[48;2;149;189;19m▄[38;2;131;178;16m[48;2;160;200;14m▄[38;2;108;161;15m[48;2;159;202;14m▄[38;2;136;179;17m[48;2;140;189;16m▄[38;2;168;204;16m[48;2;150;199;18m▄[38;2;158;194;12m[48;2;157;202;16m▄[38;2;156;194;11m[48;2;157;202;14m▄[38;2;138;182;14m[48;2;151;195;15m▄[38;2;157;198;13m[48;2;129;175;13m▄[38;2;145;187;13m[48;2;115;163;16m▄[38;2;171;213;12m[48;2;161;206;16m▄[0m
[38;2;42;157;175m[48;2;49;149;160m▄[38;2;53;180;201m[48;2;56;173;186m▄[38;2;58;173;192m[48;2;57;163;179m▄[38;2;56;168;187m[48;2;46;150;172m▄[38;2;57;163;182m[48;2;52;161;195m▄[38;2;51;156;160m[48;2;68;150;70m▄[38;2;99;164;62m[48;2;171;204;0m▄[38;2;147;185;5m[48;2;148;189;15m▄[38;2;151;190;11m[48;2;166;204;13m▄[38;2;151;191;12m[48;2;131;174;12m▄[38;2;147;188;15m[48;2;147;186;12m▄[38;2;141;185;16m[48;2;160;197;13m▄[38;2;139;182;10m[48;2;159;197;13m▄[38;2;145;188;6m[48;2;160;198;15m▄[38;2;148;192;5m[48;2;160;200;15m▄[38;2;93;159;37m[48;2;123;163;11m▄[38;2;100;156;21m[48;2;155;194;13m▄[38;2;136;180;7m[48;2;159;197;14m▄[38;2;115;168;26m[48;2;147;184;10m▄[38;2;108;165;46m[48;2;171;204;4m▄[38;2;143;188;19m[48;2;150;186;11m▄[38;2;146;188;11m[48;2;162;199;10m▄[38;2;155;194;6m[48;2;154;192;14m▄[38;2;132;170;5m[48;2;163;200;13m▄[38;2;109;126;14m[48;2;153;199;11m▄[38;2;117;134;16m[48;2;139;184;13m▄[38;2;137;187;15m[48;2;142;183;16m▄[38;2;138;157;16m[48;2;131;180;16m▄[38;2;140;109;13m[48;2;136;194;15m▄[38;2;135;108;12m[48;2;140;195;15m▄[38;2;131;160;14m[48;2;152;195;16m▄[38;2;165;205;12m[48;2;154;195;15m▄[38;2;141;181;14m[48;2;143;185;16m▄[38;2;153;191;13m[48;2;125;170;21m▄[38;2;124;171;16m[48;2;109;158;22m▄[38;2;138;187;16m[48;2;133;180;18m▄[38;2;155;194;15m[48;2;143;187;17m▄[38;2;156;194;14m[48;2;142;184;14m▄[38;2;150;190;14m[48;2;137;181;13m▄[38;2;156;194;17m[48;2;143;185;17m▄[38;2;158;196;15m[48;2;150;190;13m▄[38;2;137;178;16m[48;2;150;186;14m▄[38;2;143;186;17m[48;2;144;181;20m▄[38;2;152;195;18m[48;2;132;171;20m▄[38;2;142;186;17m[48;2;134;177;18m▄[38;2;127;172;15m[48;2;124;172;17m▄[38;2;122;172;16m[48;2;116;162;24m▄[38;2;152;195;16m[48;2;132;175;24m▄[38;2;149;191;15m[48;2;120;171;20m▄[38;2;140;183;15m[48;2;120;175;19m▄[38;2;148;189;17m[48;2;141;187;21m▄[38;2;150;189;17m[48;2;139;184;17m▄[38;2;139;178;16m[48;2;127;173;17m▄[38;2;137;182;16m[48;2;131;173;18m▄[38;2;127;168;18m[48;2;134;179;15m▄[38;2;135;175;19m[48;2;131;174;18m▄[38;2;141;166;26m[48;2;139;175;22m▄[38;2;152;182;9m[48;2;162;200;15m▄[38;2;171;204;2m[48;2;151;188;14m▄[38;2;179;214;1m[48;2;165;206;13m▄[0m
[38;2;64;44;36m[48;2;25;79;86m▄[38;2;94;48;21m[48;2;38;93;104m▄[38;2;88;50;22m[48;2;40;103;116m▄[38;2;49;30;19m[48;2;39;121;142m▄[38;2;41;61;40m[48;2;47;145;177m▄[38;2;128;188;41m[48;2;43;156;192m▄[38;2;141;190;7m[48;2;56;144;103m▄[38;2;143;187;14m[48;2;136;177;8m▄[38;2;146;186;9m[48;2;151;190;10m▄[38;2;136;176;0m[48;2;145;185;14m▄[38;2;176;208;0m[48;2;162;201;17m▄[38;2;82;159;65m[48;2;155;195;7m▄[38;2;35;126;172m[48;2;129;182;25m▄[38;2;5;62;180m[48;2;118;179;49m▄[38;2;11;74;186m[48;2;99;153;51m▄[38;2;29;103;185m[48;2;79;138;59m▄[38;2;39;112;165m[48;2;105;157;31m▄[38;2;19;79;146m[48;2;95;136;42m▄[38;2;16;68;167m[48;2;69;143;102m▄[38;2;31;106;163m[48;2;39;148;166m▄[38;2;59;166;186m[48;2;53;159;169m▄[38;2;50;152;175m[48;2;52;146;141m▄[38;2;42;132;155m[48;2;53;148;112m▄[38;2;42;127;131m[48;2;102;130;56m▄[38;2;107;146;52m[48;2;216;72;0m▄[38;2;122;160;44m[48;2;190;69;2m▄[38;2;112;170;46m[48;2;121;128;8m▄[38;2;131;186;37m[48;2;163;122;10m▄[38;2;119;164;18m[48;2;193;73;9m▄[38;2;119;161;33m[48;2;195;69;6m▄[38;2;85;138;43m[48;2;142;136;17m▄[38;2;33;90;27m[48;2;138;190;28m▄[38;2;78;132;14m[48;2;138;187;15m▄[38;2;140;195;9m[48;2;121;166;21m▄[38;2;132;180;18m[48;2;132;181;19m▄[38;2;121;166;19m[48;2;131;178;18m▄[38;2;131;175;17m[48;2;139;182;17m▄[38;2;133;181;21m[48;2;158;197;15m▄[38;2;134;181;20m[48;2;148;189;15m▄[38;2;128;170;21m[48;2;140;185;15m▄[38;2;131;170;19m[48;2;129;173;18m▄[38;2;144;186;15m[48;2;118;167;19m▄[38;2;147;188;15m[48;2;129;180;17m▄[38;2;131;174;14m[48;2;119;171;17m▄[38;2;141;185;14m[48;2;123;173;17m▄[38;2;149;190;16m[48;2;126;173;18m▄[38;2;148;187;17m[48;2;147;192;17m▄[38;2;149;189;17m[48;2;145;184;19m▄[38;2;143;187;15m[48;2;146;184;16m▄[38;2;107;158;17m[48;2;157;197;17m▄[38;2;132;180;15m[48;2;146;186;20m▄[38;2;138;181;17m[48;2;142;179;18m▄[38;2;143;185;18m[48;2;150;188;14m▄[38;2;142;183;16m[48;2;156;195;14m▄[38;2;122;164;19m[48;2;119;162;16m▄[38;2;153;192;0m[48;2;145;187;14m▄[38;2;70;145;74m[48;2;125;169;21m▄[38;2;41;154;196m[48;2;105;159;46m▄[38;2;36;143;177m[48;2;125;180;40m▄[38;2;44;161;198m[48;2;124;190;56m▄[0m
[38;2;77;49;38m[48;2;73;66;70m▄[38;2;91;59;53m[48;2;99;48;39m▄[38;2;83;84;136m[48;2;90;88;115m▄[38;2;84;121;53m[48;2;97;120;32m▄[38;2;158;208;3m[48;2;154;192;4m▄[38;2;92;136;12m[48;2;106;139;6m▄[38;2;31;75;21m[48;2;77;125;11m▄[38;2;142;184;1m[48;2;154;201;5m▄[38;2;109;169;34m[48;2;88;156;47m▄[38;2;34;148;181m[48;2;69;153;98m▄[38;2;35;144;181m[48;2;125;176;24m▄[38;2;56;160;163m[48;2;95;165;49m▄[38;2;67;168;149m[48;2;99;159;61m▄[38;2;66;152;132m[48;2;65;109;82m▄[38;2;38;111;137m[48;2;29;92;144m▄[38;2;36;101;152m[48;2;48;126;170m▄[38;2;32;95;151m[48;2;46;122;172m▄[38;2;28;101;160m[48;2;31;91;151m▄[38;2;57;135;168m[48;2;12;57;155m▄[38;2;77;159;170m[48;2;24;93;166m▄[38;2;55;165;178m[48;2;59;163;177m▄[38;2;55;164;182m[48;2;51;162;179m▄[38;2;56;160;178m[48;2;62;167;183m▄[38;2;60;163;184m[48;2;60;155;171m▄[38;2;61;169;195m[48;2;48;148;160m▄[38;2;78;164;181m[48;2;53;142;133m▄[38;2;56;103;104m[48;2;58;147;131m▄[38;2;50;54;36m[48;2;81;169;137m▄[38;2;72;74;46m[48;2;67;151;117m▄[38;2;63;101;70m[48;2;57;138;97m▄[38;2;63;110;35m[48;2;38;93;16m▄[38;2;178;132;111m[48;2;150;101;101m▄[38;2;211;141;161m[48;2;202;137;146m▄[38;2;141;133;104m[48;2;129;158;49m▄[38;2;95;151;25m[48;2;104;159;8m▄[38;2;105;165;14m[48;2;143;191;14m▄[38;2;138;185;9m[48;2;121;172;20m▄[38;2;145;187;4m[48;2;111;161;24m▄[38;2;148;188;11m[48;2;122;169;21m▄[38;2;150;191;19m[48;2;125;170;21m▄[38;2;125;171;19m[48;2;142;186;17m▄[38;2;133;181;19m[48;2;146;190;14m▄[38;2;143;187;15m[48;2;153;194;12m▄[38;2;144;182;13m[48;2;152;193;11m▄[38;2;148;186;12m[48;2;155;193;12m▄[38;2;151;191;12m[48;2;159;196;12m▄[38;2;152;190;12m[48;2;156;194;13m▄[38;2;144;184;13m[48;2;153;192;14m▄[38;2;140;182;18m[48;2;133;175;17m▄[38;2;141;184;18m[48;2;120;170;17m▄[38;2;137;179;18m[48;2;144;189;17m▄[38;2;148;190;17m[48;2;140;186;19m▄[38;2;136;180;17m[48;2;140;186;14m▄[38;2;157;195;4m[48;2;148;189;15m▄[38;2;149;190;0m[48;2;170;208;6m▄[38;2;49;139;111m[48;2;126;174;5m▄[38;2;44;153;191m[48;2;46;149;151m▄[38;2;66;170;182m[48;2;65;172;198m▄[38;2;57;161;178m[48;2;48;153;178m▄[38;2;71;180;200m[48;2;65;173;199m▄[0m
[38;2;70;51;18m[48;2;77;48;38m▄[38;2;99;69;24m[48;2;100;62;50m▄[38;2;95;59;14m[48;2;86;67;56m▄[38;2;87;59;29m[48;2;67;53;29m▄[38;2;102;60;28m[48;2;98;86;18m▄[38;2;57;35;23m[48;2;133;143;15m▄[38;2;6;31;48m[48;2;38;77;43m▄[38;2;38;134;175m[48;2;38;126;122m▄[38;2;47;156;188m[48;2;133;176;53m▄[38;2;58;158;155m[48;2;62;139;82m▄[38;2;61;161;171m[48;2;45;156;189m▄[38;2;56;162;179m[48;2;52;160;183m▄[38;2;55;162;184m[48;2;55;164;191m▄[38;2;59;164;187m[48;2;61;168;199m▄[38;2;50;158;181m[48;2;58;164;188m▄[38;2;49;153;176m[48;2;66;167;184m▄[38;2;52;160;191m[48;2;56;156;169m▄[38;2;90;170;132m[48;2;46;158;183m▄[38;2;132;177;80m[48;2;58;168;196m▄[38;2;145;168;72m[48;2;135;189;202m▄[38;2;127;134;46m[48;2;76;140;161m▄[38;2;117;158;66m[48;2;48;159;186m▄[38;2;98;157;110m[48;2;51;162;182m▄[38;2;88;166;130m[48;2;59;159;180m▄[38;2;126;135;27m[48;2;47;85;95m▄[38;2;144;147;47m[48;2;132;168;179m▄[38;2;134;148;60m[48;2;104;105;111m▄[38;2;115;139;47m[48;2;23;14;16m▄[38;2;93;114;45m[48;2;19;6;0m▄[38;2;58;58;25m[48;2;53;67;27m▄[38;2;68;72;28m[48;2;121;163;75m▄[38;2;78;122;74m[48;2;128;160;73m▄[38;2;70;157;134m[48;2;119;152;56m▄[38;2;55;162;152m[48;2;123;166;60m▄[38;2;54;157;174m[48;2;103;178;71m▄[38;2;60;165;191m[48;2;49;152;135m▄[38;2;56;168;200m[48;2;61;152;127m▄[38;2;45;162;196m[48;2;91;164;67m▄[38;2;30;150;181m[48;2;125;181;34m▄[38;2;75;153;69m[48;2;143;184;8m▄[38;2;148;186;4m[48;2;139;180;17m▄[38;2;147;189;13m[48;2;136;180;21m▄[38;2;130;171;17m[48;2;146;187;19m▄[38;2;149;189;15m[48;2;149;187;17m▄[38;2;160;197;12m[48;2;148;184;16m▄[38;2;157;194;15m[48;2;147;185;14m▄[38;2;137;177;15m[48;2;151;190;12m▄[38;2;141;181;15m[48;2;150;191;11m▄[38;2;145;186;14m[48;2;138;181;14m▄[38;2;148;189;12m[48;2;130;177;18m▄[38;2;173;209;3m[48;2;137;180;21m▄[38;2;123;170;20m[48;2;141;183;13m▄[38;2;41;101;101m[48;2;159;198;0m▄[38;2;47;125;166m[48;2;127;176;31m▄[38;2;60;166;194m[48;2;59;146;127m▄[38;2;58;160;182m[48;2;53;161;193m▄[38;2;61;162;184m[48;2;59;160;185m▄[38;2;53;155;179m[48;2;56;155;174m▄[38;2;46;149;173m[48;2;46;149;171m▄[38;2;54;164;189m[48;2;73;180;198m▄[0m
[38;2;109;107;83m[48;2;70;44;14m▄[38;2;121;117;89m[48;2;91;57;16m▄[38;2;112;108;86m[48;2;80;47;11m▄[38;2;109;110;88m[48;2;79;51;17m▄[38;2;115;116;89m[48;2;95;57;13m▄[38;2;96;106;91m[48;2;42;24;14m▄[38;2;77;108;113m[48;2;0;23;60m▄[38;2;94;150;151m[48;2;41;145;174m▄[38;2;97;150;148m[48;2;53;161;186m▄[38;2;95;145;143m[48;2;48;156;180m▄[38;2;98;149;150m[48;2;51;155;178m▄[38;2;101;151;152m[48;2;53;159;182m▄[38;2;105;153;152m[48;2;54;161;183m▄[38;2;106;153;150m[48;2;47;153;177m▄[38;2;111;156;151m[48;2;50;158;179m▄[38;2;109;156;151m[48;2;52;158;182m▄[38;2;112;158;154m[48;2;42;153;190m▄[38;2;102;137;124m[48;2;87;159;100m▄[38;2;85;84;29m[48;2;222;214;0m▄[38;2;97;87;32m[48;2;215;210;11m▄[38;2;113;103;39m[48;2;227;221;8m▄[38;2;81;74;25m[48;2;192;196;15m▄[38;2;86;97;83m[48;2;102;134;80m▄[38;2;112;143;132m[48;2;74;148;123m▄[38;2;84;87;38m[48;2;207;212;10m▄[38;2;88;78;24m[48;2;221;218;14m▄[38;2;110;99;40m[48;2;219;215;10m▄[38;2;90;84;29m[48;2;211;216;17m▄[38;2;67;63;45m[48;2;137;159;69m▄[38;2;85;69;36m[48;2;106;91;29m▄[38;2;84;68;44m[48;2;74;39;6m▄[38;2;65;63;52m[48;2;35;53;49m▄[38;2;75;94;82m[48;2;39;129;151m▄[38;2;104;143;136m[48;2;49;153;186m▄[38;2;113;153;146m[48;2;56;153;180m▄[38;2;121;166;157m[48;2;56;164;177m▄[38;2;121;166;155m[48;2;53;163;181m▄[38;2;120;167;153m[48;2;50;161;181m▄[38;2;114;162;147m[48;2;41;155;187m▄[38;2;104;155;55m[48;2;34;132;117m▄[38;2;142;186;14m[48;2;127;170;3m▄[38;2;133;176;21m[48;2;151;190;12m▄[38;2;139;184;17m[48;2;131;174;17m▄[38;2;150;191;12m[48;2;154;194;11m▄[38;2;155;196;9m[48;2;150;190;8m▄[38;2;139;184;12m[48;2;157;197;8m▄[38;2;145;187;12m[48;2;143;185;11m▄[38;2;158;198;10m[48;2;145;185;13m▄[38;2;155;195;9m[48;2;161;198;9m▄[38;2;124;166;68m[48;2;161;199;0m▄[38;2;109;154;149m[48;2;114;162;28m▄[38;2;109;150;162m[48;2;29;96;142m▄[38;2;106;144;149m[48;2;13;75;185m▄[38;2;115;155;150m[48;2;44;127;175m▄[38;2;117;161;149m[48;2;62;167;183m▄[38;2;109;157;147m[48;2;51;158;175m▄[38;2;112;158;151m[48;2;54;162;182m▄[38;2;103;154;149m[48;2;51;161;184m▄[38;2;104;155;152m[48;2;42;152;178m▄[38;2;117;171;167m[48;2;49;166;193m▄[0m
[38;2;173;188;164m[48;2;153;181;160m▄[38;2;191;205;180m[48;2;166;194;174m▄[38;2;180;195;171m[48;2;156;182;163m▄[38;2;180;194;171m[48;2;156;182;162m▄[38;2;181;194;172m[48;2;155;181;163m▄[38;2;182;195;173m[48;2;157;184;162m▄[38;2;181;195;173m[48;2;160;183;160m▄[38;2;181;195;173m[48;2;156;174;152m▄[38;2;180;194;172m[48;2;155;173;151m▄[38;2;179;194;170m[48;2;156;176;152m▄[38;2;176;191;167m[48;2;155;175;151m▄[38;2;173;189;164m[48;2;154;173;150m▄[38;2;172;187;162m[48;2;154;172;149m▄[38;2;172;187;162m[48;2;155;171;149m▄[38;2;175;189;165m[48;2;155;173;150m▄[38;2;180;194;169m[48;2;156;174;149m▄[38;2;181;196;169m[48;2;160;176;152m▄[38;2;182;195;168m[48;2;164;182;158m▄[38;2;187;200;173m[48;2;125;143;131m▄[38;2;186;199;172m[48;2;120;135;124m▄[38;2;181;194;168m[48;2;144;162;148m▄[38;2;188;203;174m[48;2;108;122;112m▄[38;2;184;197;168m[48;2;156;175;152m▄[38;2;182;194;163m[48;2;168;185;160m▄[38;2;185;197;163m[48;2;137;153;141m▄[38;2;191;203;168m[48;2;105;115;109m▄[38;2;186;198;163m[48;2;148;160;148m▄[38;2;190;202;166m[48;2;110;119;112m▄[38;2;183;196;160m[48;2;137;149;130m▄[38;2;181;191;156m[48;2;158;175;155m▄[38;2;182;192;155m[48;2;156;175;155m▄[38;2;183;192;154m[48;2;167;188;165m▄[38;2;185;191;154m[48;2;168;188;163m▄[38;2;185;191;154m[48;2;167;182;155m▄[38;2;184;191;152m[48;2;168;184;158m▄[38;2;183;192;153m[48;2;170;186;158m▄[38;2;179;190;156m[48;2;171;188;158m▄[38;2;178;190;160m[48;2;169;188;157m▄[38;2;178;190;165m[48;2;167;188;154m▄[38;2;178;191;167m[48;2;168;191;148m▄[38;2;177;191;166m[48;2;164;191;150m▄[38;2;178;193;168m[48;2;160;188;149m▄[38;2;178;192;169m[48;2;163;190;143m▄[38;2;179;192;170m[48;2;165;191;139m▄[38;2;179;191;171m[48;2;167;192;140m▄[38;2;180;193;172m[48;2;166;191;139m▄[38;2;180;193;173m[48;2;168;194;137m▄[38;2;180;191;172m[48;2;167;192;140m▄[38;2;178;190;170m[48;2;165;188;146m▄[38;2;178;190;166m[48;2;161;184;164m▄[38;2;178;191;165m[48;2;169;190;163m▄[38;2;178;190;165m[48;2;172;192;156m▄[38;2;179;191;165m[48;2;172;191;157m▄[38;2;178;191;165m[48;2;169;187;158m▄[38;2;176;189;163m[48;2;165;182;155m▄[38;2;174;187;162m[48;2;162;179;152m▄[38;2;175;188;162m[48;2;159;175;151m▄[38;2;176;190;162m[48;2;161;176;152m▄[38;2;177;191;162m[48;2;162;177;153m▄[38;2;192;205;173m[48;2;175;191;166m▄[0m
[38;2;177;182;140m[48;2;192;199;160m▄[38;2;194;199;153m[48;2;210;217;176m▄[38;2;180;184;144m[48;2;194;201;165m▄[38;2;180;185;146m[48;2;195;202;167m▄[38;2;182;188;149m[48;2;197;203;169m▄[38;2;182;188;148m[48;2;197;203;170m▄[38;2;182;188;147m[48;2;195;203;169m▄[38;2;182;185;145m[48;2;196;203;169m▄[38;2;182;186;149m[48;2;194;203;167m▄[38;2;187;196;160m[48;2;190;198;161m▄[38;2;199;205;173m[48;2;188;196;160m▄[38;2;196;204;177m[48;2;192;200;164m▄[38;2;186;197;175m[48;2;193;201;166m▄[38;2;169;184;166m[48;2;196;205;174m▄[38;2;196;205;183m[48;2;193;203;177m▄[38;2;191;194;167m[48;2;200;211;185m▄[38;2;174;188;159m[48;2;202;212;187m▄[38;2;182;196;168m[48;2;203;213;188m▄[38;2;184;196;166m[48;2;202;211;187m▄[38;2;189;202;169m[48;2;201;209;185m▄[38;2;192;202;169m[48;2;201;209;185m▄[38;2;190;196;162m[48;2;198;207;183m▄[38;2;188;193;159m[48;2;195;204;178m▄[38;2;186;195;160m[48;2;194;202;174m▄[38;2;179;189;155m[48;2;195;203;172m▄[38;2;181;190;154m[48;2;195;202;167m▄[38;2;179;190;150m[48;2;196;202;166m▄[38;2;179;190;149m[48;2;194;200;164m▄[38;2;181;192;152m[48;2;190;200;162m▄[38;2;179;191;154m[48;2;188;199;160m▄[38;2;178;190;156m[48;2;188;198;159m▄[38;2;179;191;160m[48;2;188;199;159m▄[38;2;170;183;156m[48;2;189;199;163m▄[38;2;168;181;154m[48;2;189;198;167m▄[38;2;168;182;150m[48;2;188;197;166m▄[38;2;164;179;146m[48;2;186;196;165m▄[38;2;162;176;141m[48;2;183;193;168m▄[38;2;169;181;139m[48;2;183;194;172m▄[38;2;159;170;134m[48;2;188;198;176m▄[38;2;162;175;124m[48;2;189;199;174m▄[38;2;148;159;120m[48;2;189;200;170m▄[38;2;159;172;125m[48;2;186;197;167m▄[38;2;150;161;122m[48;2;187;198;168m▄[38;2;170;182;126m[48;2;185;195;168m▄[38;2;180;194;138m[48;2;185;194;170m▄[38;2;171;182;136m[48;2;185;195;168m▄[38;2;157;166;129m[48;2;187;197;168m▄[38;2;165;174;133m[48;2;185;195;167m▄[38;2;163;171;141m[48;2;187;196;169m▄[38;2;157;164;137m[48;2;187;196;169m▄[38;2;166;176;123m[48;2;184;194;172m▄[38;2;182;194;119m[48;2;182;192;173m▄[38;2;178;188;134m[48;2;181;192;169m▄[38;2;170;181;136m[48;2;180;191;166m▄[38;2;180;190;137m[48;2;175;186;164m▄[38;2;169;182;153m[48;2;178;188;161m▄[38;2;173;185;155m[48;2;181;191;159m▄[38;2;177;188;155m[48;2;183;192;159m▄[38;2;175;186;152m[48;2;186;194;159m▄[38;2;190;206;166m[48;2;203;210;172m▄[0m
[38;2;133;160;144m[48;2;120;144;129m▄[38;2;139;161;147m[48;2;135;160;147m▄[38;2;130;151;139m[48;2;125;149;137m▄[38;2;135;159;144m[48;2;124;149;136m▄[38;2;135;159;143m[48;2;127;153;140m▄[38;2;135;160;144m[48;2;124;150;136m▄[38;2;135;163;146m[48;2;130;155;141m▄[38;2;131;161;144m[48;2;125;145;131m▄[38;2;133;155;137m[48;2;139;133;128m▄[38;2;143;150;133m[48;2;156;171;168m▄[38;2;140;153;142m[48;2;183;201;198m▄[38;2;147;168;160m[48;2;211;222;221m▄[38;2;183;199;196m[48;2;218;229;230m▄[38;2;224;230;232m[48;2;160;185;198m▄[38;2;207;216;222m[48;2;149;170;183m▄[38;2;215;223;223m[48;2;189;181;178m▄[38;2;250;246;238m[48;2;174;156;141m▄[38;2;231;218;204m[48;2;139;146;122m▄[38;2;64;70;66m[48;2;138;153;127m▄[38;2;3;44;61m[48;2;95;111;91m▄[38;2;50;142;177m[48;2;80;100;86m▄[38;2;52;159;197m[48;2;85;113;104m▄[38;2;52;170;214m[48;2;92;123;114m▄[38;2;28;109;143m[48;2;108;131;114m▄[38;2;110;118;112m[48;2;137;153;128m▄[38;2;159;173;158m[48;2;150;165;139m▄[38;2;148;161;140m[48;2;146;161;136m▄[38;2;147;158;131m[48;2;151;165;141m▄[38;2;144;155;126m[48;2;153;167;143m▄[38;2;149;161;117m[48;2;156;169;146m▄[38;2;155;170;93m[48;2;156;169;155m▄[38;2;135;154;43m[48;2;133;147;114m▄[38;2;140;161;20m[48;2;144;148;25m▄[38;2;186;189;8m[48;2;209;208;14m▄[38;2;222;212;6m[48;2;166;168;15m▄[38;2;207;202;9m[48;2;172;179;12m▄[38;2;229;229;6m[48;2;199;206;11m▄[38;2;190;187;16m[48;2;216;221;8m▄[38;2;197;196;173m[48;2;119;121;15m▄[38;2;237;236;249m[48;2;125;132;75m▄[38;2;246;246;251m[48;2;152;154;119m▄[38;2;243;243;250m[48;2;170;170;139m▄[38;2;250;248;253m[48;2;149;151;122m▄[38;2;184;196;220m[48;2;192;195;91m▄[38;2;132;146;160m[48;2;200;202;29m▄[38;2;165;163;164m[48;2;161;161;42m▄[38;2;176;189;207m[48;2;165;162;144m▄[38;2;132;147;166m[48;2;222;219;197m▄[38;2;207;210;213m[48;2;212;210;204m▄[38;2;252;252;252m[48;2;194;194;189m▄[38;2;249;248;255m[48;2;192;192;155m▄[38;2;241;241;255m[48;2;193;194;75m▄[38;2;181;185;130m[48;2;168;176;1m▄[38;2;177;186;4m[48;2;130;143;8m▄[38;2;172;181;3m[48;2;161;168;14m▄[38;2;134;148;66m[48;2;144;162;124m▄[38;2;155;167;141m[48;2;161;177;159m▄[38;2;160;168;126m[48;2;163;175;155m▄[38;2;159;179;140m[48;2;159;173;154m▄[38;2;163;208;160m[48;2;157;207;159m▄[0m
[38;2;120;147;129m[48;2;136;162;142m▄[38;2;138;166;147m[48;2;146;171;151m▄[38;2;129;154;137m[48;2;137;160;144m▄[38;2;140;165;147m[48;2;137;161;144m▄[38;2;140;163;145m[48;2;138;162;145m▄[38;2;139;161;142m[48;2;136;162;143m▄[38;2;141;164;144m[48;2;136;163;143m▄[38;2;143;165;146m[48;2;140;166;146m▄[38;2;146;168;150m[48;2;134;161;140m▄[38;2;152;172;155m[48;2;138;165;143m▄[38;2;150;167;149m[48;2;148;165;144m▄[38;2;144;155;127m[48;2;147;149;135m▄[38;2;154;156;125m[48;2;142;139;130m▄[38;2;152;152;111m[48;2;160;169;165m▄[38;2;151;161;94m[48;2;198;205;211m▄[38;2;143;145;61m[48;2;208;211;223m▄[38;2;105;100;8m[48;2;134;136;148m▄[38;2;131;129;11m[48;2;80;82;92m▄[38;2;180;182;26m[48;2;25;34;34m▄[38;2;200;201;27m[48;2;43;85;80m▄[38;2;198;197;20m[48;2;81;166;168m▄[38;2;203;198;13m[48;2;80;160;146m▄[38;2;216;205;6m[48;2;102;168;116m▄[38;2;231;223;13m[48;2;128;160;68m▄[38;2;221;218;13m[48;2;167;167;48m▄[38;2;201;198;13m[48;2;185;186;48m▄[38;2;202;197;17m[48;2;191;192;30m▄[38;2;203;196;20m[48;2;197;195;24m▄[38;2;210;203;19m[48;2;199;201;19m▄[38;2;199;193;21m[48;2;172;175;19m▄[38;2;156;158;29m[48;2;158;165;20m▄[38;2;185;193;17m[48;2;195;206;13m▄[38;2;205;212;16m[48;2;121;133;31m▄[38;2;150;159;37m[48;2;136;144;34m▄[38;2;152;156;37m[48;2;215;209;9m▄[38;2;223;214;12m[48;2;235;228;7m▄[38;2;235;230;9m[48;2;231;227;2m▄[38;2;190;190;4m[48;2;167;168;32m▄[38;2;131;130;100m[48;2;222;224;241m▄[38;2;208;207;219m[48;2;248;248;250m▄[38;2;237;240;246m[48;2;234;235;234m▄[38;2;242;245;250m[48;2;235;236;236m▄[38;2;245;248;252m[48;2;245;240;240m▄[38;2;228;233;240m[48;2;76;119;151m▄[38;2;179;193;195m[48;2;0;36;80m▄[38;2;156;158;105m[48;2;118;130;161m▄[38;2;192;193;166m[48;2;85;108;137m▄[38;2;198;208;200m[48;2;6;44;83m▄[38;2;188;195;142m[48;2;130;148;173m▄[38;2;179;190;42m[48;2;233;231;243m▄[38;2;196;218;5m[48;2;201;205;181m▄[38;2;139;152;27m[48;2;220;224;205m▄[38;2;117;113;51m[48;2;184;184;192m▄[38;2;171;168;21m[48;2;138;140;19m▄[38;2;233;231;5m[48;2;223;220;0m▄[38;2;157;163;21m[48;2;125;133;38m▄[38;2;113;139;120m[48;2;137;155;131m▄[38;2;146;168;142m[48;2;163;175;140m▄[38;2;147;171;142m[48;2;164;180;144m▄[38;2;157;190;153m[48;2;169;205;151m▄[0m
[38;2;184;195;168m[48;2;144;164;147m▄[38;2;200;211;180m[48;2;154;177;159m▄[38;2;180;192;164m[48;2;142;164;146m▄[38;2;179;192;166m[48;2;148;169;150m▄[38;2;179;191;165m[48;2;150;171;151m▄[38;2;177;189;162m[48;2;152;171;150m▄[38;2;178;188;159m[48;2;153;170;150m▄[38;2;153;167;128m[48;2;159;177;155m▄[38;2;133;154;74m[48;2;153;171;147m▄[38;2;151;174;64m[48;2;135;153;110m▄[38;2;142;169;57m[48;2;123;140;59m▄[38;2;145;171;63m[48;2;151;161;33m▄[38;2;145;167;48m[48;2;187;194;18m▄[38;2;175;180;15m[48;2;194;199;18m▄[38;2;195;194;24m[48;2;151;154;18m▄[38;2;172;176;28m[48;2;167;169;17m▄[38;2;174;177;22m[48;2;231;229;25m▄[38;2;130;131;22m[48;2;215;213;24m▄[38;2;196;197;33m[48;2;194;191;20m▄[38;2;192;193;46m[48;2;203;199;12m▄[38;2;147;159;55m[48;2;212;205;14m▄[38;2;111;125;55m[48;2;211;205;20m▄[38;2;112;135;88m[48;2;198;196;12m▄[38;2;172;183;141m[48;2;172;169;10m▄[38;2;187;193;167m[48;2;130;126;10m▄[38;2;129;129;122m[48;2;169;169;19m▄[38;2;211;213;220m[48;2;196;196;28m▄[38;2;166;176;196m[48;2;173;174;34m▄[38;2;119;134;108m[48;2;151;152;47m▄[38;2;153;162;38m[48;2;141;145;52m▄[38;2;200;202;26m[48;2;146;144;50m▄[38;2;145;146;36m[48;2;130;129;73m▄[38;2;185;189;28m[48;2;170;177;22m▄[38;2;212;215;19m[48;2;176;185;16m▄[38;2;130;141;35m[48;2;149;156;55m▄[38;2;138;148;40m[48;2;195;187;30m▄[38;2;195;191;14m[48;2;237;222;8m▄[38;2;235;228;9m[48;2;221;206;11m▄[38;2;235;232;9m[48;2;166;157;8m▄[38;2;189;185;11m[48;2;124;120;40m▄[38;2;125;46;5m[48;2;136;134;82m▄[38;2;121;6;0m[48;2;153;148;101m▄[38;2;123;22;0m[48;2;162;152;107m▄[38;2;118;16;0m[48;2;184;174;88m▄[38;2;165;138;109m[48;2;207;200;38m▄[38;2;211;209;174m[48;2;218;220;0m▄[38;2;130;82;34m[48;2;187;193;17m▄[38;2;116;56;12m[48;2;188;191;29m▄[38;2;186;170;137m[48;2;192;195;9m▄[38;2;164;136;129m[48;2;177;171;20m▄[38;2;115;5;3m[48;2;130;69;17m▄[38;2;141;18;2m[48;2;119;34;12m▄[38;2;112;2;1m[48;2;130;74;11m▄[38;2;143;102;24m[48;2;190;186;20m▄[38;2;245;241;28m[48;2;236;232;6m▄[38;2;204;199;2m[48;2;185;184;3m▄[38;2;123;140;80m[48;2;108;132;106m▄[38;2;154;170;151m[48;2;145;164;138m▄[38;2;158;171;145m[48;2;152;165;136m▄[38;2;175;189;161m[48;2;168;189;159m▄[0m
[38;2;181;195;171m[48;2;166;179;153m▄[38;2;194;208;182m[48;2;181;193;164m▄[38;2;182;196;171m[48;2;163;175;150m▄[38;2;184;197;173m[48;2;163;176;151m▄[38;2;180;193;169m[48;2;158;171;145m▄[38;2;181;195;171m[48;2;164;177;152m▄[38;2;177;191;165m[48;2;145;161;124m▄[38;2;165;181;143m[48;2;117;139;51m▄[38;2;134;152;77m[48;2;168;191;70m▄[38;2;137;161;49m[48;2;136;161;59m▄[38;2;142;169;58m[48;2;56;83;7m▄[38;2;150;179;69m[48;2;75;105;20m▄[38;2;148;178;66m[48;2;163;192;85m▄[38;2;171;197;85m[48;2;149;170;58m▄[38;2;147;168;70m[48;2;165;172;20m▄[38;2;167;173;16m[48;2;189;192;21m▄[38;2;232;231;22m[48;2;186;188;15m▄[38;2;216;218;23m[48;2;138;139;51m▄[38;2;194;197;36m[48;2;187;186;173m▄[38;2;192;195;66m[48;2;200;205;224m▄[38;2;201;203;89m[48;2;180;195;231m▄[38;2;207;205;96m[48;2;177;193;232m▄[38;2;204;201;83m[48;2;195;206;239m▄[38;2;194;195;48m[48;2;215;220;240m▄[38;2;203;204;17m[48;2;184;191;174m▄[38;2;222;223;16m[48;2;156;161;66m▄[38;2;202;202;7m[48;2;165;168;102m▄[38;2;206;206;16m[48;2;171;179;61m▄[38;2;208;207;24m[48;2;191;196;20m▄[38;2;213;212;22m[48;2;200;200;19m▄[38;2;221;220;20m[48;2;187;187;21m▄[38;2;213;212;19m[48;2;207;207;19m▄[38;2;201;200;17m[48;2;223;221;20m▄[38;2;224;225;12m[48;2;224;222;22m▄[38;2;157;164;18m[48;2;127;136;20m▄[38;2;138;160;56m[48;2;104;123;29m▄[38;2;183;199;53m[48;2;175;176;32m▄[38;2;168;166;21m[48;2;222;215;12m▄[38;2;129;136;13m[48;2;210;210;7m▄[38;2;184;184;14m[48;2;211;207;6m▄[38;2;143;62;19m[48;2;112;11;15m▄[38;2;127;7;6m[48;2;139;10;7m▄[38;2;136;24;3m[48;2;132;26;2m▄[38;2;192;68;48m[48;2;124;13;0m▄[38;2;228;92;75m[48;2;128;24;16m▄[38;2;235;89;73m[48;2;134;35;34m▄[38;2;246;103;89m[48;2;130;20;12m▄[38;2;240;101;86m[48;2;124;15;3m▄[38;2;153;33;12m[48;2;123;26;11m▄[38;2;126;12;0m[48;2;128;28;6m▄[38;2;133;17;0m[48;2;132;29;6m▄[38;2;133;13;0m[48;2;133;26;4m▄[38;2;136;14;5m[48;2;134;20;5m▄[38;2;114;0;4m[48;2;109;21;11m▄[38;2;162;125;27m[48;2;198;184;41m▄[38;2;226;226;10m[48;2;194;197;4m▄[38;2;128;136;53m[48;2;145;155;69m▄[38;2;155;167;140m[48;2;156;170;148m▄[38;2;169;180;146m[48;2;159;173;146m▄[38;2;178;194;162m[48;2;172;188;161m▄[0m
[38;2;181;192;168m[48;2;188;201;175m▄[38;2;196;206;179m[48;2;198;210;184m▄[38;2;180;189;164m[48;2;181;194;170m▄[38;2;181;191;165m[48;2;185;197;172m▄[38;2;181;190;165m[48;2;185;196;172m▄[38;2;179;188;164m[48;2;183;195;171m▄[38;2;178;188;164m[48;2;178;191;167m▄[38;2;175;186;161m[48;2;179;192;170m▄[38;2;174;186;162m[48;2;173;185;158m▄[38;2;180;191;171m[48;2;148;164;109m▄[38;2;146;164;117m[48;2;138;164;61m▄[38;2;131;158;61m[48;2;163;192;72m▄[38;2;171;201;79m[48;2;112;142;38m▄[38;2;102;133;37m[48;2;150;178;68m▄[38;2;53;84;5m[48;2;153;181;73m▄[38;2;131;156;61m[48;2;142;162;55m▄[38;2;139;152;45m[48;2;170;175;19m▄[38;2;205;204;16m[48;2;223;221;19m▄[38;2;171;172;22m[48;2;219;220;16m▄[38;2;178;178;17m[48;2;217;217;9m▄[38;2;161;163;23m[48;2;203;202;8m▄[38;2;205;207;27m[48;2;196;194;8m▄[38;2;214;212;26m[48;2;196;194;8m▄[38;2;210;208;26m[48;2;197;197;13m▄[38;2;197;194;23m[48;2;190;188;17m▄[38;2;195;192;21m[48;2;187;186;18m▄[38;2;192;190;25m[48;2;196;195;19m▄[38;2;179;178;25m[48;2;195;194;18m▄[38;2;203;201;24m[48;2;211;210;18m▄[38;2;221;219;19m[48;2;219;218;19m▄[38;2;220;219;17m[48;2;215;213;12m▄[38;2;193;194;19m[48;2;165;162;26m▄[38;2;200;203;17m[48;2;159;157;29m▄[38;2;229;232;3m[48;2;215;219;5m▄[38;2;154;157;14m[48;2;162;169;14m▄[38;2;186;197;201m[48;2;183;195;185m▄[38;2;218;218;224m[48;2;194;204;155m▄[38;2;149;150;101m[48;2;152;159;37m▄[38;2;167;164;16m[48;2;189;187;14m▄[38;2;188;185;10m[48;2;210;209;7m▄[38;2;220;215;3m[48;2;186;141;20m▄[38;2;133;45;3m[48;2;113;0;0m▄[38;2;196;38;37m[48;2;190;62;45m▄[38;2;234;106;84m[48;2;255;137;120m▄[38;2;177;137;115m[48;2;209;75;59m▄[38;2;174;167;126m[48;2;163;47;37m▄[38;2;185;188;115m[48;2;190;88;84m▄[38;2;178;184;86m[48;2;174;85;86m▄[38;2;201;218;110m[48;2;146;71;70m▄[38;2;190;198;101m[48;2;134;58;57m▄[38;2;177;179;111m[48;2;137;53;50m▄[38;2;191;193;157m[48;2;139;46;37m▄[38;2;136;61;39m[48;2;134;20;11m▄[38;2;121;19;0m[48;2;122;0;4m▄[38;2;149;115;29m[48;2;135;83;22m▄[38;2;177;182;7m[48;2;146;155;5m▄[38;2;148;148;42m[48;2;149;149;60m▄[38;2;134;141;116m[48;2;152;154;138m▄[38;2;166;173;126m[48;2;179;180;135m▄[38;2;186;195;153m[48;2;190;196;152m▄[0m
[38;2;162;179;155m[48;2;184;197;171m▄[38;2;191;208;181m[48;2;201;213;186m▄[38;2;176;193;165m[48;2;184;196;170m▄[38;2;180;197;168m[48;2;180;193;168m▄[38;2;183;199;171m[48;2;180;193;168m▄[38;2;185;199;173m[48;2;183;195;171m▄[38;2;184;199;173m[48;2;184;195;170m▄[38;2;184;199;172m[48;2;173;183;159m▄[38;2;183;198;171m[48;2;180;190;166m▄[38;2;182;197;170m[48;2;176;187;162m▄[38;2;183;196;170m[48;2;183;192;166m▄[38;2;193;205;181m[48;2;162;175;136m▄[38;2;171;187;151m[48;2;129;157;59m▄[38;2;151;177;76m[48;2;148;178;64m▄[38;2;131;155;70m[48;2;127;157;54m▄[38;2;155;178;150m[48;2;147;174;61m▄[38;2;174;189;136m[48;2;162;182;70m▄[38;2;142;152;43m[48;2;149;154;26m▄[38;2;218;221;18m[48;2;214;211;22m▄[38;2;243;244;22m[48;2;183;183;19m▄[38;2;227;229;20m[48;2;177;177;20m▄[38;2;167;164;29m[48;2;214;209;22m▄[38;2;172;172;25m[48;2;203;197;18m▄[38;2;222;224;13m[48;2;219;212;13m▄[38;2;215;217;21m[48;2;227;221;15m▄[38;2;203;204;38m[48;2;227;223;13m▄[38;2;185;181;31m[48;2;229;226;18m▄[38;2;169;150;11m[48;2;233;232;21m▄[38;2;158;153;44m[48;2;228;226;12m▄[38;2;150;140;68m[48;2;218;216;12m▄[38;2;132;119;67m[48;2;214;215;15m▄[38;2;123;112;70m[48;2;199;202;28m▄[38;2;108;94;64m[48;2;194;199;39m▄[38;2;90;69;58m[48;2;193;196;46m▄[38;2;140;132;113m[48;2;136;136;57m▄[38;2;215;213;172m[48;2;133;131;113m▄[38;2;123;116;82m[48;2;126;122;69m▄[38;2;152;156;90m[48;2;160;170;80m▄[38;2;97;135;133m[48;2;169;186;71m▄[38;2;93;93;84m[48;2;199;204;37m▄[38;2;183;148;131m[48;2;213;217;68m▄[38;2;152;135;124m[48;2;190;182;105m▄[38;2;135;121;101m[48;2;184;121;71m▄[38;2;123;106;84m[48;2;192;132;78m▄[38;2;162;116;88m[48;2;169;158;102m▄[38;2;150;99;78m[48;2;171;173;102m▄[38;2;109;87;84m[48;2;195;194;94m▄[38;2;117;74;76m[48;2;204;191;82m▄[38;2;238;0;4m[48;2;177;108;0m▄[38;2;188;34;38m[48;2;164;155;57m▄[38;2;90;63;52m[48;2;187;189;120m▄[38;2;141;82;53m[48;2;154;153;108m▄[38;2;177;104;68m[48;2;151;147;100m▄[38;2;126;73;49m[48;2;170;163;114m▄[38;2;120;67;42m[48;2;177;172;139m▄[38;2;113;58;40m[48;2;187;181;136m▄[38;2;138;104;45m[48;2;112;104;52m▄[38;2;133;146;93m[48;2;127;145;104m▄[38;2;154;177;135m[48;2;156;177;141m▄[38;2;181;195;160m[48;2;175;194;165m▄[0m
