[38;2;0;0;0m[48;2;0;0;0m▄[38;2;0;0;0m[48;2;0;0;0m▄[38;2;0;0;0m[48;2;0;0;0m▄[38;2;0;0;0m[48;2;0;0;0m▄[38;2;0;0;0m[48;2;0;0;0m▄[38;2;0;0;0m[48;2;0;0;0m▄[38;2;0;0;0m[48;2;0;0;0m▄[38;2;0;0;0m[48;2;0;0;0m▄[38;2;0;0;0m[48;2;0;0;0m▄[38;2;0;0;0m[48;2;0;0;0m▄[38;2;0;0;0m[48;2;0;0;0m▄[38;2;0;0;0m[48;2;0;0;0m▄[38;2;0;0;0m[48;2;0;0;0m▄[38;2;0;0;0m[48;2;0;0;0m▄[38;2;0;0;0m[48;2;0;0;0m▄[38;2;0;0;0m[48;2;0;0;0m▄[38;2;0;0;0m[48;2;0;0;0m▄[38;2;0;0;0m[48;2;0;0;0m▄[38;2;0;0;0m[48;2;0;0;0m▄[38;2;0;0;0m[48;2;0;0;0m▄[38;2;0;0;0m[48;2;0;0;0m▄[38;2;0;0;0m[48;2;0;0;0m▄[38;2;0;0;0m[48;2;0;0;0m▄[38;2;0;0;0m[48;2;0;0;0m▄[38;2;0;0;0m[48;2;0;0;0m▄[38;2;0;0;0m[48;2;0;0;0m▄[38;2;0;0;0m[48;2;0;0;0m▄[38;2;0;0;0m[48;2;0;0;0m▄[38;2;0;0;0m[48;2;0;0;0m▄[38;2;0;0;0m[48;2;0;0;0m▄[38;2;0;0;0m[48;2;0;0;0m▄[38;2;0;0;0m[48;2;0;0;0m▄[38;2;0;0;0m[48;2;0;0;0m▄[38;2;0;0;0m[48;2;0;0;0m▄[38;2;0;0;0m[48;2;0;0;0m▄[38;2;0;0;0m[48;2;0;0;0m▄[38;2;0;0;0m[48;2;0;0;0m▄[38;2;0;0;0m[48;2;0;0;0m▄[38;2;0;0;0m[48;2;0;0;0m▄[38;2;0;0;0m[48;2;0;0;0m▄[38;2;0;0;0m[48;2;0;0;0m▄[38;2;0;0;0m[48;2;0;0;0m▄[38;2;0;0;0m[48;2;0;0;0m▄[38;2;0;0;0m[48;2;0;0;0m▄[38;2;0;0;0m[48;2;0;0;0m▄[38;2;0;0;0m[48;2;0;0;0m▄[38;2;0;0;0m[48;2;0;0;0m▄[38;2;0;0;0m[48;2;0;0;0m▄[38;2;0;0;0m[48;2;0;0;0m▄[38;2;0;0;0m[48;2;0;0;0m▄[38;2;0;0;0m[48;2;0;0;0m▄[38;2;0;0;0m[48;2;0;0;0m▄[38;2;0;0;0m[48;2;0;0;0m▄[38;2;0;0;0m[48;2;0;0;0m▄[38;2;0;0;0m[48;2;0;0;0m▄[38;2;0;0;0m[48;2;0;0;0m▄[38;2;0;0;0m[48;2;0;0;0m▄[38;2;0;0;0m[48;2;0;0;0m▄[38;2;0;0;0m[48;2;0;0;0m▄[38;2;0;0;0m[48;2;0;0;0m▄[0m
[38;2;0;0;0m[48;2;0;0;0m▄[38;2;1;1;1m[48;2;0;0;0m▄[38;2;0;0;0m[48;2;0;0;0m▄[38;2;0;0;0m[48;2;0;0;0m▄[38;2;0;0;0m[48;2;0;0;0m▄[38;2;0;0;0m[48;2;0;0;0m▄[38;2;0;0;0m[48;2;0;0;0m▄[38;2;0;0;0m[48;2;0;0;0m▄[38;2;0;0;0m[48;2;0;0;0m▄[38;2;0;0;0m[48;2;0;0;0m▄[38;2;0;0;0m[48;2;0;0;0m▄[38;2;0;0;0m[48;2;0;0;0m▄[38;2;0;0;0m[48;2;0;0;0m▄[38;2;0;0;0m[48;2;0;0;0m▄[38;2;0;0;0m[48;2;0;0;0m▄[38;2;0;0;0m[48;2;0;0;0m▄[38;2;0;0;0m[48;2;0;0;0m▄[38;2;0;0;0m[48;2;0;0;0m▄[38;2;0;0;0m[48;2;0;0;0m▄[38;2;0;0;0m[48;2;0;0;0m▄[38;2;0;0;0m[48;2;0;0;0m▄[38;2;0;0;0m[48;2;0;0;0m▄[38;2;0;0;0m[48;2;0;0;0m▄[38;2;0;0;0m[48;2;0;0;0m▄[38;2;0;0;0m[48;2;0;0;0m▄[38;2;0;0;0m[48;2;0;0;0m▄[38;2;0;0;0m[48;2;0;0;0m▄[38;2;0;0;0m[48;2;0;0;0m▄[38;2;0;0;0m[48;2;0;0;0m▄[38;2;0;0;0m[48;2;0;0;0m▄[38;2;0;0;0m[48;2;0;0;0m▄[38;2;0;0;0m[48;2;0;0;0m▄[38;2;0;0;0m[48;2;0;0;0m▄[38;2;0;0;0m[48;2;0;0;0m▄[38;2;0;0;0m[48;2;0;0;0m▄[38;2;0;0;0m[48;2;0;0;0m▄[38;2;0;0;0m[48;2;0;0;0m▄[38;2;0;0;0m[48;2;0;0;0m▄[38;2;0;0;0m[48;2;0;0;0m▄[38;2;0;0;0m[48;2;0;0;0m▄[38;2;0;0;0m[48;2;0;0;0m▄[38;2;0;0;0m[48;2;0;0;0m▄[38;2;0;0;0m[48;2;0;0;0m▄[38;2;0;0;0m[48;2;0;0;0m▄[38;2;0;0;0m[48;2;0;0;0m▄[38;2;0;0;0m[48;2;0;0;0m▄[38;2;0;0;0m[48;2;0;0;0m▄[38;2;0;0;0m[48;2;0;0;0m▄[38;2;0;0;0m[48;2;0;0;0m▄[38;2;0;0;0m[48;2;0;0;0m▄[38;2;0;0;0m[48;2;0;0;0m▄[38;2;0;0;0m[48;2;0;0;0m▄[38;2;0;0;0m[48;2;0;0;0m▄[38;2;0;0;0m[48;2;0;0;0m▄[38;2;0;0;0m[48;2;0;0;0m▄[38;2;0;0;0m[48;2;0;0;0m▄[38;2;0;0;0m[48;2;0;0;0m▄[38;2;0;0;0m[48;2;0;0;0m▄[38;2;0;0;0m[48;2;0;0;0m▄[38;2;0;0;0m[48;2;0;0;0m▄[0m
[38;2;0;0;0m[48;2;0;0;0m▄[38;2;0;0;0m[48;2;0;0;0m▄[38;2;3;4;3m[48;2;0;0;0m▄[38;2;8;9;8m[48;2;0;0;0m▄[38;2;12;11;12m[48;2;0;0;0m▄[38;2;19;18;19m[48;2;0;0;0m▄[38;2;27;28;27m[48;2;0;0;0m▄[38;2;34;33;34m[48;2;1;2;2m▄[38;2;27;27;28m[48;2;5;5;6m▄[38;2;31;32;32m[48;2;3;4;4m▄[38;2;85;85;85m[48;2;0;0;0m▄[38;2;123;123;123m[48;2;0;0;0m▄[38;2;136;136;136m[48;2;0;0;0m▄[38;2;128;128;128m[48;2;0;0;0m▄[38;2;107;106;107m[48;2;0;0;0m▄[38;2;69;68;68m[48;2;0;0;0m▄[38;2;16;16;16m[48;2;3;3;4m▄[38;2;12;13;12m[48;2;4;5;4m▄[38;2;21;22;21m[48;2;2;2;2m▄[38;2;15;15;14m[48;2;1;1;1m▄[38;2;10;8;8m[48;2;0;0;0m▄[38;2;8;8;7m[48;2;0;0;0m▄[38;2;4;5;5m[48;2;0;0;0m▄[38;2;1;2;2m[48;2;0;0;0m▄[38;2;0;0;0m[48;2;0;0;0m▄[38;2;0;0;0m[48;2;0;0;0m▄[38;2;0;0;0m[48;2;0;0;0m▄[38;2;0;0;0m[48;2;0;0;0m▄[38;2;0;0;0m[48;2;0;0;0m▄[38;2;0;0;0m[48;2;0;0;0m▄[38;2;0;0;0m[48;2;0;0;0m▄[38;2;0;0;0m[48;2;0;0;0m▄[38;2;0;0;0m[48;2;0;0;0m▄[38;2;0;0;0m[48;2;0;0;0m▄[38;2;0;0;0m[48;2;0;0;0m▄[38;2;0;0;0m[48;2;0;0;0m▄[38;2;0;0;0m[48;2;0;0;0m▄[38;2;0;0;0m[48;2;0;0;0m▄[38;2;0;0;0m[48;2;0;0;0m▄[38;2;1;1;1m[48;2;0;0;0m▄[38;2;3;3;3m[48;2;0;0;0m▄[38;2;4;4;5m[48;2;0;0;0m▄[38;2;7;7;7m[48;2;0;0;0m▄[38;2;11;11;11m[48;2;0;0;0m▄[38;2;7;8;2m[48;2;8;8;5m▄[38;2;57;56;45m[48;2;18;17;9m▄[38;2;81;81;80m[48;2;0;0;0m▄[38;2;120;120;120m[48;2;0;0;0m▄[38;2;138;138;138m[48;2;0;0;0m▄[38;2;133;134;134m[48;2;0;0;0m▄[38;2;107;107;106m[48;2;0;0;0m▄[38;2;56;56;56m[48;2;0;0;0m▄[38;2;16;15;15m[48;2;6;6;7m▄[38;2;30;32;34m[48;2;4;4;5m▄[38;2;27;29;29m[48;2;2;2;2m▄[38;2;20;21;21m[48;2;0;0;0m▄[38;2;13;14;14m[48;2;0;0;0m▄[38;2;12;13;12m[48;2;0;0;0m▄[38;2;7;7;7m[48;2;0;0;0m▄[38;2;1;1;1m[48;2;0;0;0m▄[0m
[38;2;42;42;42m[48;2;24;24;24m▄[38;2;50;51;51m[48;2;31;30;30m▄[38;2;52;58;59m[48;2;34;33;33m▄[38;2;47;65;71m[48;2;37;35;35m▄[38;2;54;91;106m[48;2;51;60;60m▄[38;2;59;99;122m[48;2;54;59;58m▄[38;2;43;67;92m[48;2;50;49;46m▄[38;2;64;80;90m[48;2;45;44;44m▄[38;2;107;114;115m[48;2;60;59;59m▄[38;2;237;231;225m[48;2;223;223;223m▄[38;2;255;252;251m[48;2;255;255;255m▄[38;2;255;255;255m[48;2;255;255;255m▄[38;2;254;254;254m[48;2;255;255;255m▄[38;2;255;255;255m[48;2;255;255;255m▄[38;2;255;255;255m[48;2;255;255;255m▄[38;2;255;255;255m[48;2;255;255;255m▄[38;2;255;255;255m[48;2;204;204;204m▄[38;2;191;191;188m[48;2;55;55;55m▄[38;2;14;14;15m[48;2;22;21;20m▄[38;2;42;54;61m[48;2;31;32;32m▄[38;2;63;78;82m[48;2;34;40;42m▄[38;2;33;44;46m[48;2;18;21;21m▄[38;2;24;29;30m[48;2;15;15;14m▄[38;2;19;20;19m[48;2;11;10;10m▄[38;2;14;14;13m[48;2;5;5;5m▄[38;2;7;7;7m[48;2;1;1;1m▄[38;2;1;2;1m[48;2;0;0;0m▄[38;2;0;0;0m[48;2;0;0;0m▄[38;2;0;0;0m[48;2;0;0;0m▄[38;2;0;0;0m[48;2;0;0;0m▄[38;2;0;0;0m[48;2;0;0;0m▄[38;2;0;0;0m[48;2;0;0;0m▄[38;2;0;0;0m[48;2;0;0;0m▄[38;2;0;0;0m[48;2;0;0;0m▄[38;2;1;1;1m[48;2;0;0;0m▄[38;2;6;6;6m[48;2;0;0;0m▄[38;2;9;9;9m[48;2;1;1;1m▄[38;2;8;9;9m[48;2;4;4;4m▄[38;2;36;37;26m[48;2;1;2;3m▄[38;2;48;49;33m[48;2;4;4;7m▄[38;2;37;38;30m[48;2;12;13;13m▄[38;2;54;49;37m[48;2;17;20;21m▄[38;2;64;49;35m[48;2;25;28;30m▄[38;2;46;48;45m[48;2;18;19;19m▄[38;2;255;255;255m[48;2;114;115;115m▄[38;2;255;255;255m[48;2;227;228;229m▄[38;2;255;255;255m[48;2;255;255;255m▄[38;2;255;255;255m[48;2;255;255;255m▄[38;2;255;255;255m[48;2;255;255;255m▄[38;2;255;255;255m[48;2;255;255;255m▄[38;2;255;255;255m[48;2;255;255;255m▄[38;2;231;236;232m[48;2;255;255;255m▄[38;2;191;198;184m[48;2;140;143;146m▄[38;2;103;63;40m[48;2;40;28;27m▄[38;2;83;59;44m[48;2;56;54;55m▄[38;2;96;80;58m[48;2;74;80;68m▄[38;2;125;89;54m[48;2;82;90;72m▄[38;2;83;60;42m[48;2;37;43;42m▄[38;2;55;59;58m[48;2;40;40;39m▄[38;2;61;61;59m[48;2;31;33;33m▄[0m
[38;2;42;40;40m[48;2;57;55;55m▄[38;2;17;28;38m[48;2;60;63;62m▄[38;2;6;27;57m[48;2;44;54;61m▄[38;2;31;76;116m[48;2;44;88;115m▄[38;2;37;142;223m[48;2;36;118;184m▄[38;2;38;150;244m[48;2;59;133;191m▄[38;2;61;153;222m[48;2;75;104;146m▄[38;2;89;137;176m[48;2;67;122;170m▄[38;2;69;109;155m[48;2;53;145;194m▄[38;2;21;130;202m[48;2;62;136;177m▄[38;2;82;149;172m[48;2;123;147;156m▄[38;2;66;96;98m[48;2;195;192;190m▄[38;2;78;105;119m[48;2;219;213;210m▄[38;2;88;116;134m[48;2;250;244;241m▄[38;2;84;120;145m[48;2;241;233;231m▄[38;2;67;113;138m[48;2;225;217;215m▄[38;2;57;109;139m[48;2;184;175;173m▄[38;2;37;99;150m[48;2;98;88;102m▄[38;2;43;110;166m[48;2;42;76;117m▄[38;2;64;176;222m[48;2;31;161;220m▄[38;2;43;176;238m[48;2;44;100;139m▄[38;2;40;119;171m[48;2;46;59;75m▄[38;2;45;73;87m[48;2;39;67;71m▄[38;2;46;70;74m[48;2;29;44;47m▄[38;2;37;45;47m[48;2;23;27;28m▄[38;2;32;33;33m[48;2;18;18;18m▄[38;2;26;25;24m[48;2;11;11;11m▄[38;2;16;16;16m[48;2;3;4;4m▄[38;2;7;8;7m[48;2;0;0;0m▄[38;2;1;1;1m[48;2;0;0;0m▄[38;2;0;0;0m[48;2;0;0;0m▄[38;2;0;0;0m[48;2;0;0;0m▄[38;2;4;4;4m[48;2;0;0;0m▄[38;2;14;16;15m[48;2;3;4;4m▄[38;2;21;22;22m[48;2;10;11;10m▄[38;2;30;30;30m[48;2;15;15;15m▄[38;2;40;40;40m[48;2;19;19;19m▄[38;2;54;54;50m[48;2;25;26;25m▄[38;2;72;75;61m[48;2;63;64;44m▄[38;2;99;55;31m[48;2;82;79;50m▄[38;2;219;99;28m[48;2;94;90;41m▄[38;2;251;107;30m[48;2;185;93;36m▄[38;2;183;82;31m[48;2;175;77;31m▄[38;2;99;64;36m[48;2;93;69;38m▄[38;2;152;77;26m[48;2;138;135;133m▄[38;2;167;99;53m[48;2;199;211;212m▄[38;2;179;120;73m[48;2;225;236;239m▄[38;2;173;125;86m[48;2;227;236;240m▄[38;2;174;129;99m[48;2;227;236;240m▄[38;2;145;111;94m[48;2;243;250;254m▄[38;2;108;79;45m[48;2;180;186;165m▄[38;2;207;83;25m[48;2;163;122;56m▄[38;2;179;89;26m[48;2;208;100;33m▄[38;2;172;122;38m[48;2;199;109;38m▄[38;2;220;118;32m[48;2;154;117;39m▄[38;2;250;114;25m[48;2;166;107;36m▄[38;2;244;128;31m[48;2;199;109;30m▄[38;2;129;76;29m[48;2;105;50;19m▄[38;2;34;17;10m[48;2;58;58;50m▄[38;2;32;26;20m[48;2;89;88;74m▄[0m
[38;2;35;33;33m[48;2;35;33;33m▄[38;2;15;30;44m[48;2;32;60;81m▄[38;2;24;51;81m[48;2;26;73;113m▄[38;2;58;151;219m[48;2;82;192;206m▄[38;2;41;131;232m[48;2;58;166;202m▄[38;2;30;132;253m[48;2;28;143;244m▄[38;2;35;135;255m[48;2;25;157;255m▄[38;2;51;125;195m[48;2;40;138;217m▄[38;2;79;147;161m[48;2;91;132;156m▄[38;2;71;133;159m[48;2;77;108;120m▄[38;2;20;120;208m[48;2;41;117;169m▄[38;2;25;173;255m[48;2;37;167;232m▄[38;2;28;170;255m[48;2;24;160;229m▄[38;2;30;165;230m[48;2;19;159;227m▄[38;2;36;181;211m[48;2;30;159;212m▄[38;2;61;183;205m[48;2;41;167;223m▄[38;2;42;155;219m[48;2;24;182;250m▄[38;2;34;173;244m[48;2;26;185;255m▄[38;2;49;104;161m[48;2;38;111;179m▄[38;2;37;65;140m[48;2;50;90;147m▄[38;2;44;96;176m[48;2;47;126;183m▄[38;2;29;53;100m[48;2;41;120;164m▄[38;2;70;67;68m[48;2;53;67;82m▄[38;2;95;93;92m[48;2;79;99;104m▄[38;2;81;80;78m[48;2;58;64;66m▄[38;2;72;73;71m[48;2;51;52;53m▄[38;2;71;77;77m[48;2;45;44;43m▄[38;2;61;66;68m[48;2;35;35;34m▄[38;2;48;48;48m[48;2;25;26;26m▄[38;2;42;43;42m[48;2;18;19;18m▄[38;2;38;39;38m[48;2;15;16;15m▄[38;2;39;39;39m[48;2;15;15;15m▄[38;2;48;49;48m[48;2;21;21;21m▄[38;2;56;57;56m[48;2;31;31;30m▄[38;2;65;65;66m[48;2;40;40;40m▄[38;2;74;75;75m[48;2;52;52;52m▄[38;2;86;87;85m[48;2;62;64;64m▄[38;2;101;104;98m[48;2;76;77;77m▄[38;2;114;117;118m[48;2;86;88;89m▄[38;2;58;61;62m[48;2;94;66;43m▄[38;2;108;72;50m[48;2;152;93;36m▄[38;2;127;79;63m[48;2;119;86;43m▄[38;2;106;77;46m[48;2;93;70;42m▄[38;2;249;81;32m[48;2;177;96;39m▄[38;2;247;80;24m[48;2;202;121;38m▄[38;2;234;94;26m[48;2;200;111;27m▄[38;2;236;88;27m[48;2;199;108;20m▄[38;2;240;89;23m[48;2;193;104;17m▄[38;2;248;95;20m[48;2;187;100;20m▄[38;2;240;90;25m[48;2;181;111;25m▄[38;2;242;74;19m[48;2;166;94;32m▄[38;2;155;101;40m[48;2;138;96;34m▄[38;2;152;126;43m[48;2;183;142;54m▄[38;2;197;101;40m[48;2;236;82;30m▄[38;2;229;87;34m[48;2;252;83;25m▄[38;2;247;86;31m[48;2;255;89;22m▄[38;2;246;91;27m[48;2;197;106;33m▄[38;2;213;101;39m[48;2;203;188;76m▄[38;2;51;30;20m[48;2;59;38;28m▄[38;2;37;26;17m[48;2;38;25;16m▄[0m
[38;2;25;25;25m[48;2;27;27;29m▄[38;2;15;28;39m[48;2;17;30;42m▄[38;2;17;28;43m[48;2;13;21;35m▄[38;2;25;28;33m[48;2;37;69;125m▄[38;2;57;83;107m[48;2;64;121;184m▄[38;2;55;84;113m[48;2;57;120;170m▄[38;2;52;80;118m[48;2;59;128;163m▄[38;2;46;76;128m[48;2;52;120;149m▄[38;2;40;67;127m[48;2;44;96;131m▄[38;2;8;12;60m[48;2;26;60;100m▄[38;2;39;86;117m[48;2;47;151;204m▄[38;2;66;160;172m[48;2;37;165;230m▄[38;2;44;145;188m[48;2;30;164;235m▄[38;2;35;132;209m[48;2;25;164;252m▄[38;2;35;144;210m[48;2;27;164;242m▄[38;2;31;135;204m[48;2;27;169;238m▄[38;2;38;133;202m[48;2;30;162;245m▄[38;2;44;129;197m[48;2;64;150;196m▄[38;2;66;107;144m[48;2;85;125;145m▄[38;2;26;44;101m[48;2;37;65;124m▄[38;2;53;91;139m[48;2;50;105;181m▄[38;2;78;144;182m[48;2;39;79;141m▄[38;2;43;160;232m[48;2;47;62;85m▄[38;2;38;173;237m[48;2;88;102;108m▄[38;2;47;164;219m[48;2;84;92;95m▄[38;2;74;127;158m[48;2;77;86;87m▄[38;2;88;91;103m[48;2;88;106;110m▄[38;2;112;114;118m[48;2;82;93;97m▄[38;2;84;84;84m[48;2;70;72;71m▄[38;2;96;96;96m[48;2;65;65;65m▄[38;2;92;92;92m[48;2;60;61;61m▄[38;2;92;92;92m[48;2;62;62;62m▄[38;2;102;102;102m[48;2;75;75;75m▄[38;2;97;98;94m[48;2;88;88;86m▄[38;2;119;122;119m[48;2;93;93;89m▄[38;2;103;73;60m[48;2;100;104;98m▄[38;2;171;76;38m[48;2;100;110;97m▄[38;2;191;77;31m[48;2;118;122;100m▄[38;2;211;83;25m[48;2;99;99;86m▄[38;2;217;87;29m[48;2;73;54;37m▄[38;2;160;67;29m[48;2;133;85;56m▄[38;2;125;65;40m[48;2;156;95;62m▄[38;2;105;50;37m[48;2;105;70;41m▄[38;2;177;77;29m[48;2;214;83;30m▄[38;2;200;72;23m[48;2;191;105;31m▄[38;2;236;76;19m[48;2;184;128;33m▄[38;2;211;69;18m[48;2;189;126;29m▄[38;2;142;81;25m[48;2;193;124;33m▄[38;2;186;88;31m[48;2;241;84;27m▄[38;2;185;85;29m[48;2;255;72;18m▄[38;2;132;100;50m[48;2;230;101;45m▄[38;2;19;23;17m[48;2;80;74;50m▄[38;2;93;58;39m[48;2;53;36;28m▄[38;2;137;84;58m[48;2;121;100;50m▄[38;2;132;88;59m[48;2;119;96;42m▄[38;2;132;91;62m[48;2;141;102;44m▄[38;2;127;96;70m[48;2;171;98;41m▄[38;2;50;42;35m[48;2;106;49;25m▄[38;2;56;44;30m[48;2;31;17;13m▄[38;2;45;32;23m[48;2;38;25;18m▄[0m
[38;2;22;24;22m[48;2;27;25;27m▄[38;2;21;27;37m[48;2;19;26;35m▄[38;2;23;29;43m[48;2;20;29;42m▄[38;2;11;15;21m[48;2;18;23;32m▄[38;2;29;37;52m[48;2;56;83;120m▄[38;2;71;101;108m[48;2;63;95;142m▄[38;2;65;137;210m[48;2;60;96;132m▄[38;2;54;135;254m[48;2;56;103;132m▄[38;2;66;150;250m[48;2;75;136;149m▄[38;2;49;146;253m[48;2;66;138;165m▄[38;2;42;154;255m[48;2;27;91;163m▄[38;2;43;155;255m[48;2;41;107;161m▄[38;2;61;157;205m[48;2;45;113;174m▄[38;2;114;141;152m[48;2;25;104;184m▄[38;2;133;139;159m[48;2;25;109;194m▄[38;2;86;115;156m[48;2;35;129;210m▄[38;2;33;76;134m[48;2;44;138;220m▄[38;2;27;69;133m[48;2;56;136;205m▄[38;2;33;78;149m[48;2;63;121;176m▄[38;2;30;83;161m[48;2;14;34;109m▄[38;2;23;84;166m[48;2;32;76;135m▄[38;2;39;99;172m[48;2;25;105;179m▄[38;2;35;90;160m[48;2;21;111;191m▄[38;2;27;62;116m[48;2;21;113;194m▄[38;2;23;27;61m[48;2;25;117;194m▄[38;2;18;19;45m[48;2;49;91;122m▄[38;2;19;24;34m[48;2;151;150;156m▄[38;2;7;11;20m[48;2;150;149;148m▄[38;2;17;23;32m[48;2;21;22;25m▄[38;2;14;17;23m[48;2;42;43;45m▄[38;2;94;94;93m[48;2;99;100;99m▄[38;2;94;94;93m[48;2;97;97;97m▄[38;2;24;17;11m[48;2;39;36;34m▄[38;2;39;24;13m[48;2;25;23;23m▄[38;2;18;6;2m[48;2;156;158;159m▄[38;2;36;24;21m[48;2;118;105;102m▄[38;2;51;31;25m[48;2;119;45;12m▄[38;2;67;31;21m[48;2;152;68;24m▄[38;2;118;33;20m[48;2;158;66;25m▄[38;2;152;44;22m[48;2;153;65;25m▄[38;2;174;51;20m[48;2;147;65;23m▄[38;2;181;64;24m[48;2;85;30;16m▄[38;2;187;89;24m[48;2;122;39;25m▄[38;2;152;70;25m[48;2;187;69;29m▄[38;2;148;44;19m[48;2;204;85;26m▄[38;2;140;51;21m[48;2;210;86;23m▄[38;2;160;125;107m[48;2;195;70;9m▄[38;2;137;112;99m[48;2;162;54;10m▄[38;2;185;65;24m[48;2;151;60;22m▄[38;2;253;89;22m[48;2;149;70;27m▄[38;2;255;93;20m[48;2;162;74;22m▄[38;2;255;93;19m[48;2;183;86;21m▄[38;2;246;91;24m[48;2;202;95;23m▄[38;2;244;91;24m[48;2;180;76;27m▄[38;2;214;78;24m[48;2;135;66;35m▄[38;2;94;46;28m[48;2;146;93;57m▄[38;2;80;58;42m[48;2;161;107;72m▄[38;2;28;20;15m[48;2;49;33;26m▄[38;2;42;28;19m[48;2;50;39;27m▄[38;2;33;23;18m[48;2;42;30;21m▄[0m
[38;2;18;18;18m[48;2;18;18;18m▄[38;2;19;28;34m[48;2;19;27;35m▄[38;2;23;33;42m[48;2;24;33;46m▄[38;2;18;29;40m[48;2;17;25;33m▄[38;2;33;56;69m[48;2;7;11;15m▄[38;2;37;58;72m[48;2;25;40;45m▄[38;2;8;18;23m[48;2;24;49;94m▄[38;2;16;20;23m[48;2;24;60;128m▄[38;2;16;19;24m[48;2;23;68;143m▄[38;2;16;19;24m[48;2;22;67;140m▄[38;2;15;17;21m[48;2;24;77;148m▄[38;2;12;15;22m[48;2;30;68;114m▄[38;2;14;17;29m[48;2;71;90;90m▄[38;2;12;19;29m[48;2;185;183;180m▄[38;2;0;1;9m[48;2;183;181;179m▄[38;2;3;11;21m[48;2;86;84;84m▄[38;2;20;28;41m[48;2;6;10;20m▄[38;2;26;38;50m[48;2;19;24;44m▄[38;2;24;35;45m[48;2;22;26;54m▄[38;2;71;97;130m[48;2;57;72;106m▄[38;2;63;89;126m[48;2;42;68;113m▄[38;2;56;84;122m[48;2;56;90;131m▄[38;2;38;52;84m[48;2;64;103;142m▄[38;2;50;70;103m[48;2;69;108;143m▄[38;2;66;101;131m[48;2;69;98;131m▄[38;2;62;110;132m[48;2;69;98;134m▄[38;2;75;129;148m[48;2;63;90;117m▄[38;2;86;123;134m[48;2;34;46;60m▄[38;2;16;43;58m[48;2;18;33;46m▄[38;2;14;34;48m[48;2;17;23;29m▄[38;2;84;85;86m[48;2;91;91;89m▄[38;2;95;96;94m[48;2;95;96;94m▄[38;2;41;30;18m[48;2;41;33;23m▄[38;2;68;32;15m[48;2;64;44;22m▄[38;2;172;81;26m[48;2;62;46;23m▄[38;2;166;105;28m[48;2;136;87;53m▄[38;2;150;100;36m[48;2;153;89;56m▄[38;2;169;98;52m[48;2;132;78;40m▄[38;2;111;55;35m[48;2;156;73;30m▄[38;2;123;77;37m[48;2;187;67;25m▄[38;2;129;79;41m[48;2;214;71;23m▄[38;2;136;79;50m[48;2;204;70;25m▄[38;2;82;51;36m[48;2;135;48;23m▄[38;2;28;16;10m[48;2;50;28;16m▄[38;2;42;26;15m[48;2;36;18;11m▄[38;2;39;24;13m[48;2;26;13;11m▄[38;2;11;1;0m[48;2;126;128;128m▄[38;2;24;12;6m[48;2;198;205;205m▄[38;2;32;23;16m[48;2;106;98;97m▄[38;2;18;15;11m[48;2;98;46;13m▄[38;2;20;17;15m[48;2;113;62;25m▄[38;2;23;17;15m[48;2;102;60;24m▄[38;2;23;17;15m[48;2;93;62;23m▄[38;2;27;19;17m[48;2;77;53;23m▄[38;2;31;20;18m[48;2;69;51;24m▄[38;2;40;27;19m[48;2;36;26;18m▄[38;2;41;29;20m[48;2;8;7;7m▄[38;2;40;29;26m[48;2;28;21;18m▄[38;2;42;32;27m[48;2;45;32;25m▄[38;2;29;23;19m[48;2;28;22;18m▄[0m
[38;2;16;14;12m[48;2;18;16;16m▄[38;2;20;27;33m[48;2;21;27;34m▄[38;2;25;33;42m[48;2;24;34;41m▄[38;2;23;32;42m[48;2;21;32;40m▄[38;2;23;33;41m[48;2;22;34;44m▄[38;2;22;32;41m[48;2;22;34;45m▄[38;2;20;28;37m[48;2;18;28;39m▄[38;2;23;31;40m[48;2;24;30;43m▄[38;2;23;31;42m[48;2;23;30;44m▄[38;2;22;32;42m[48;2;23;31;44m▄[38;2;22;31;42m[48;2;23;31;45m▄[38;2;22;31;42m[48;2;23;31;45m▄[38;2;22;32;42m[48;2;23;30;44m▄[38;2;24;32;43m[48;2;22;30;46m▄[38;2;16;20;28m[48;2;12;18;26m▄[38;2;18;25;34m[48;2;18;25;36m▄[38;2;23;32;42m[48;2;24;31;45m▄[38;2;22;31;42m[48;2;21;26;39m▄[38;2;22;35;51m[48;2;22;30;42m▄[38;2;56;133;200m[48;2;65;106;125m▄[38;2;48;142;237m[48;2;61;116;144m▄[38;2;44;138;225m[48;2;69;138;158m▄[38;2;46;151;233m[48;2;75;122;141m▄[38;2;52;128;161m[48;2;28;55;81m▄[38;2;33;106;179m[48;2;59;135;166m▄[38;2;52;149;255m[48;2;57;154;217m▄[38;2;57;142;241m[48;2;46;140;222m▄[38;2;45;134;237m[48;2;52;156;231m▄[38;2;69;147;224m[48;2;51;116;139m▄[38;2;18;33;42m[48;2;4;25;36m▄[38;2;67;67;57m[48;2;79;82;80m▄[38;2;91;96;79m[48;2;96;96;88m▄[38;2;60;20;12m[48;2;28;22;11m▄[38;2;195;49;27m[48;2;126;38;18m▄[38;2;202;51;25m[48;2;228;62;24m▄[38;2;208;58;24m[48;2;213;65;22m▄[38;2;216;59;24m[48;2;186;86;19m▄[38;2;152;47;17m[48;2;143;79;21m▄[38;2;197;60;19m[48;2;142;47;21m▄[38;2;219;63;20m[48;2;195;85;24m▄[38;2;217;58;19m[48;2;175;102;23m▄[38;2;208;74;21m[48;2;152;109;32m▄[38;2;96;45;17m[48;2;85;51;26m▄[38;2;51;30;14m[48;2;48;25;12m▄[38;2;53;32;15m[48;2;48;28;15m▄[38;2;46;28;17m[48;2;49;29;18m▄[38;2;24;16;13m[48;2;27;17;13m▄[38;2;42;26;19m[48;2;42;24;15m▄[38;2;49;29;19m[48;2;54;35;18m▄[38;2;53;35;23m[48;2;80;62;40m▄[38;2;41;28;19m[48;2;42;29;18m▄[38;2;45;29;19m[48;2;49;30;18m▄[38;2;47;29;21m[48;2;48;30;20m▄[38;2;45;29;21m[48;2;47;30;21m▄[38;2;43;30;21m[48;2;45;31;21m▄[38;2;42;31;22m[48;2;44;30;21m▄[38;2;38;28;26m[48;2;39;29;23m▄[38;2;38;28;23m[48;2;39;28;23m▄[38;2;40;30;24m[48;2;41;31;25m▄[38;2;28;22;20m[48;2;27;22;18m▄[0m
[38;2;9;9;7m[48;2;12;11;11m▄[38;2;25;26;30m[48;2;21;24;29m▄[38;2;28;31;36m[48;2;27;32;40m▄[38;2;26;29;35m[48;2;27;32;41m▄[38;2;26;30;36m[48;2;24;31;39m▄[38;2;28;31;37m[48;2;23;30;37m▄[38;2;28;31;38m[48;2;25;29;37m▄[38;2;25;29;36m[48;2;22;29;37m▄[38;2;24;30;36m[48;2;22;32;41m▄[38;2;27;32;38m[48;2;23;33;42m▄[38;2;26;31;38m[48;2;23;33;41m▄[38;2;26;31;38m[48;2;23;33;41m▄[38;2;26;30;38m[48;2;23;33;42m▄[38;2;27;31;38m[48;2;24;33;42m▄[38;2;18;22;26m[48;2;17;21;27m▄[38;2;21;25;30m[48;2;19;25;33m▄[38;2;30;33;39m[48;2;25;32;40m▄[38;2;26;35;42m[48;2;24;36;44m▄[38;2;18;27;34m[48;2;15;30;49m▄[38;2;50;89;184m[48;2;43;111;218m▄[38;2;62;127;254m[48;2;46;135;247m▄[38;2;65;126;250m[48;2;47;137;244m▄[38;2;65;130;246m[48;2;44;136;247m▄[38;2;69;138;246m[48;2;57;151;233m▄[38;2;50;85;126m[48;2;43;82;121m▄[38;2;55;75;125m[48;2;56;118;229m▄[38;2;75;104;137m[48;2;64;125;231m▄[38;2;61;77;117m[48;2;71;120;203m▄[38;2;64;77;142m[48;2;78;125;197m▄[38;2;60;73;134m[48;2;36;52;77m▄[38;2;46;51;58m[48;2;66;62;48m▄[38;2;59;43;38m[48;2;83;84;70m▄[38;2;125;37;26m[48;2;113;58;20m▄[38;2;136;47;28m[48;2;173;79;29m▄[38;2;109;58;18m[48;2;176;73;29m▄[38;2;145;93;24m[48;2;195;57;28m▄[38;2;96;43;24m[48;2;184;44;26m▄[38;2;134;49;24m[48;2;139;30;19m▄[38;2;187;60;30m[48;2;212;51;26m▄[38;2;187;43;31m[48;2;205;47;25m▄[38;2;198;34;31m[48;2;198;43;26m▄[38;2;211;36;31m[48;2;212;41;28m▄[38;2;116;23;21m[48;2;120;24;19m▄[38;2;22;22;16m[48;2;27;25;15m▄[38;2;46;29;20m[48;2;50;31;18m▄[38;2;48;30;20m[48;2;50;29;20m▄[38;2;23;16;12m[48;2;24;17;13m▄[38;2;42;27;18m[48;2;42;26;19m▄[38;2;48;29;20m[48;2;48;29;19m▄[38;2;46;30;21m[48;2;47;28;19m▄[38;2;42;28;20m[48;2;43;28;20m▄[38;2;39;27;18m[48;2;42;29;20m▄[38;2;41;30;21m[48;2;45;30;21m▄[38;2;41;30;22m[48;2;44;30;21m▄[38;2;41;29;24m[48;2;42;30;22m▄[38;2;37;28;24m[48;2;38;28;23m▄[38;2;40;30;23m[48;2;38;28;24m▄[38;2;41;32;24m[48;2;40;30;25m▄[38;2;44;36;29m[48;2;41;33;27m▄[38;2;26;22;18m[48;2;26;21;18m▄[0m
[38;2;11;11;9m[48;2;9;9;9m▄[38;2;11;11;11m[48;2;19;18;21m▄[38;2;12;11;12m[48;2;22;23;27m▄[38;2;13;13;13m[48;2;24;25;30m▄[38;2;15;15;16m[48;2;27;28;33m▄[38;2;17;18;19m[48;2;28;29;35m▄[38;2;20;20;22m[48;2;30;31;36m▄[38;2;21;22;23m[48;2;30;31;37m▄[38;2;20;21;23m[48;2;26;28;34m▄[38;2;19;21;23m[48;2;27;29;34m▄[38;2;19;20;23m[48;2;27;30;35m▄[38;2;18;18;21m[48;2;27;31;35m▄[38;2;15;16;19m[48;2;27;31;37m▄[38;2;13;15;17m[48;2;28;31;36m▄[38;2;8;9;12m[48;2;19;21;24m▄[38;2;9;9;9m[48;2;22;22;26m▄[38;2;10;10;11m[48;2;29;28;35m▄[38;2;9;9;12m[48;2;27;29;35m▄[38;2;6;6;7m[48;2;20;21;22m▄[38;2;23;26;27m[48;2;57;74;146m▄[38;2;31;42;43m[48;2;79;117;224m▄[38;2;20;29;26m[48;2;76;115;191m▄[38;2;14;15;36m[48;2;71;100;151m▄[38;2;22;20;59m[48;2;68;90;148m▄[38;2;27;25;68m[48;2;69;83;158m▄[38;2;15;16;31m[48;2;38;41;57m▄[38;2;22;21;19m[48;2;56;55;47m▄[38;2;24;24;22m[48;2;59;58;71m▄[38;2;22;22;20m[48;2;61;62;72m▄[38;2;21;21;21m[48;2;64;64;68m▄[38;2;19;19;20m[48;2;65;64;66m▄[38;2;19;19;20m[48;2;64;62;62m▄[38;2;19;20;21m[48;2;61;57;58m▄[38;2;18;21;22m[48;2;61;49;50m▄[38;2;21;23;23m[48;2;53;45;50m▄[38;2;13;16;16m[48;2;50;54;49m▄[38;2;24;6;8m[48;2;61;31;24m▄[38;2;38;6;11m[48;2;133;47;24m▄[38;2;32;4;11m[48;2;126;59;23m▄[38;2;16;10;8m[48;2;130;71;21m▄[38;2;43;31;8m[48;2;153;62;26m▄[38;2;34;23;12m[48;2;174;42;31m▄[38;2;15;11;8m[48;2;97;23;21m▄[38;2;10;8;6m[48;2;25;23;16m▄[38;2;12;8;4m[48;2;42;27;18m▄[38;2;13;9;5m[48;2;45;30;21m▄[38;2;8;7;4m[48;2;22;17;13m▄[38;2;13;10;5m[48;2;40;27;19m▄[38;2;18;12;9m[48;2;46;29;21m▄[38;2;20;15;12m[48;2;40;29;20m▄[38;2;24;19;15m[48;2;41;29;22m▄[38;2;25;20;16m[48;2;43;30;21m▄[38;2;23;19;16m[48;2;39;30;22m▄[38;2;21;18;16m[48;2;42;32;25m▄[38;2;20;17;16m[48;2;42;32;25m▄[38;2;13;12;12m[48;2;36;28;24m▄[38;2;10;9;10m[48;2;36;29;24m▄[38;2;6;7;7m[48;2;36;29;24m▄[38;2;3;3;3m[48;2;34;27;24m▄[38;2;3;3;3m[48;2;17;14;13m▄[0m
[38;2;5;5;5m[48;2;7;5;5m▄[38;2;6;6;6m[48;2;8;8;8m▄[38;2;7;6;5m[48;2;9;10;9m▄[38;2;9;8;7m[48;2;11;10;10m▄[38;2;10;10;9m[48;2;13;13;13m▄[38;2;12;12;12m[48;2;16;16;16m▄[38;2;15;14;15m[48;2;19;18;19m▄[38;2;17;17;18m[48;2;21;21;20m▄[38;2;19;18;19m[48;2;23;22;21m▄[38;2;19;19;20m[48;2;21;21;20m▄[38;2;18;18;19m[48;2;17;18;17m▄[38;2;17;18;18m[48;2;14;14;14m▄[38;2;16;15;15m[48;2;11;10;11m▄[38;2;13;13;13m[48;2;6;6;6m▄[38;2;9;10;9m[48;2;2;2;2m▄[38;2;5;5;4m[48;2;0;0;0m▄[38;2;1;1;1m[48;2;0;0;0m▄[38;2;0;0;0m[48;2;0;0;0m▄[38;2;0;0;0m[48;2;0;0;0m▄[38;2;0;0;0m[48;2;0;0;0m▄[38;2;0;0;0m[48;2;0;0;0m▄[38;2;0;0;0m[48;2;0;0;0m▄[38;2;0;0;0m[48;2;0;0;0m▄[38;2;0;0;0m[48;2;0;0;0m▄[38;2;0;0;0m[48;2;0;0;0m▄[38;2;0;0;0m[48;2;0;0;0m▄[38;2;0;0;0m[48;2;0;0;0m▄[38;2;0;0;0m[48;2;0;0;0m▄[38;2;0;0;0m[48;2;0;0;0m▄[38;2;2;1;2m[48;2;0;0;0m▄[38;2;0;0;0m[48;2;0;0;0m▄[38;2;0;0;0m[48;2;0;0;0m▄[38;2;2;2;2m[48;2;0;0;0m▄[38;2;0;0;0m[48;2;0;0;0m▄[38;2;0;0;0m[48;2;0;0;0m▄[38;2;0;0;0m[48;2;0;0;0m▄[38;2;0;0;0m[48;2;0;0;0m▄[38;2;0;0;0m[48;2;0;0;0m▄[38;2;0;0;0m[48;2;0;0;0m▄[38;2;0;0;0m[48;2;0;0;0m▄[38;2;0;0;0m[48;2;0;0;0m▄[38;2;0;0;0m[48;2;0;0;0m▄[38;2;0;0;0m[48;2;0;0;0m▄[38;2;0;0;0m[48;2;0;0;0m▄[38;2;0;0;0m[48;2;0;0;0m▄[38;2;1;1;0m[48;2;0;0;0m▄[38;2;3;3;2m[48;2;0;0;0m▄[38;2;7;7;7m[48;2;0;0;0m▄[38;2;10;11;10m[48;2;1;1;2m▄[38;2;14;14;13m[48;2;6;6;5m▄[38;2;15;15;15m[48;2;9;9;9m▄[38;2;15;15;15m[48;2;10;11;11m▄[38;2;14;14;13m[48;2;11;11;11m▄[38;2;13;13;13m[48;2;10;10;11m▄[38;2;11;11;10m[48;2;10;10;9m▄[38;2;10;11;10m[48;2;10;9;8m▄[38;2;9;10;9m[48;2;9;9;8m▄[38;2;8;8;7m[48;2;8;8;7m▄[38;2;6;6;6m[48;2;6;6;6m▄[38;2;4;4;4m[48;2;5;5;5m▄[0m
[38;2;1;1;1m[48;2;3;3;3m▄[38;2;1;2;1m[48;2;4;4;4m▄[38;2;1;2;1m[48;2;4;4;4m▄[38;2;1;2;2m[48;2;5;6;5m▄[38;2;3;4;3m[48;2;8;7;8m▄[38;2;6;5;5m[48;2;11;10;11m▄[38;2;9;7;7m[48;2;15;13;14m▄[38;2;12;11;10m[48;2;17;18;17m▄[38;2;15;15;16m[48;2;21;21;21m▄[38;2;20;20;21m[48;2;26;26;25m▄[38;2;26;27;27m[48;2;30;30;28m▄[38;2;33;34;34m[48;2;34;35;33m▄[38;2;41;42;41m[48;2;40;39;38m▄[38;2;50;51;50m[48;2;44;44;44m▄[38;2;57;58;58m[48;2;50;50;50m▄[38;2;66;66;67m[48;2;55;55;54m▄[38;2;76;76;76m[48;2;58;58;58m▄[38;2;85;85;85m[48;2;59;59;59m▄[38;2;93;93;92m[48;2;59;59;59m▄[38;2;100;100;100m[48;2;60;60;60m▄[38;2;104;105;105m[48;2;62;62;61m▄[38;2;106;106;106m[48;2;63;63;63m▄[38;2;106;106;106m[48;2;65;65;64m▄[38;2;105;105;105m[48;2;63;63;63m▄[38;2;103;103;103m[48;2;60;61;62m▄[38;2;103;103;103m[48;2;62;62;62m▄[38;2;104;104;103m[48;2;65;65;65m▄[38;2;106;106;106m[48;2;68;68;68m▄[38;2;87;88;87m[48;2;68;67;68m▄[38;2;131;131;132m[48;2;51;51;51m▄[38;2;209;209;209m[48;2;58;58;58m▄[38;2;186;186;186m[48;2;56;56;56m▄[38;2;136;136;135m[48;2;43;44;43m▄[38;2;90;90;90m[48;2;70;70;70m▄[38;2;98;98;99m[48;2;68;68;69m▄[38;2;102;102;102m[48;2;62;64;63m▄[38;2;100;100;100m[48;2;61;62;61m▄[38;2;99;99;99m[48;2;60;60;60m▄[38;2;95;96;96m[48;2;60;60;60m▄[38;2;90;92;92m[48;2;61;61;61m▄[38;2;89;89;89m[48;2;59;59;59m▄[38;2;84;84;84m[48;2;57;57;57m▄[38;2;79;80;81m[48;2;54;55;54m▄[38;2;77;78;79m[48;2;52;51;52m▄[38;2;72;73;73m[48;2;50;49;49m▄[38;2;65;67;68m[48;2;48;48;47m▄[38;2;56;57;58m[48;2;45;46;45m▄[38;2;46;46;46m[48;2;41;42;41m▄[38;2;37;37;37m[48;2;35;36;35m▄[38;2;28;29;29m[48;2;28;29;28m▄[38;2;21;22;21m[48;2;23;23;23m▄[38;2;15;16;15m[48;2;19;18;19m▄[38;2;12;12;11m[48;2;15;15;15m▄[38;2;9;9;8m[48;2;13;13;13m▄[38;2;6;6;6m[48;2;11;11;9m▄[38;2;4;4;4m[48;2;8;8;8m▄[38;2;3;3;2m[48;2;6;6;6m▄[38;2;2;2;2m[48;2;4;5;4m▄[38;2;1;2;0m[48;2;3;3;3m▄[38;2;1;2;0m[48;2;2;2;2m▄[0m
[38;2;0;1;3m[48;2;1;1;1m▄[38;2;1;2;5m[48;2;1;1;1m▄[38;2;1;2;5m[48;2;1;1;1m▄[38;2;0;1;4m[48;2;1;1;1m▄[38;2;1;2;4m[48;2;2;1;1m▄[38;2;2;3;5m[48;2;2;2;2m▄[38;2;3;4;5m[48;2;3;4;3m▄[38;2;3;4;6m[48;2;6;6;4m▄[38;2;5;6;6m[48;2;10;10;7m▄[38;2;8;8;8m[48;2;14;13;12m▄[38;2;11;11;10m[48;2;18;18;17m▄[38;2;15;15;15m[48;2;24;24;23m▄[38;2;19;19;19m[48;2;29;30;29m▄[38;2;23;24;24m[48;2;36;36;35m▄[38;2;29;30;30m[48;2;43;44;43m▄[38;2;36;36;35m[48;2;51;52;51m▄[38;2;43;43;43m[48;2;59;59;59m▄[38;2;50;50;50m[48;2;64;65;66m▄[38;2;60;60;60m[48;2;74;74;74m▄[38;2;70;70;70m[48;2;84;84;83m▄[38;2;82;82;82m[48;2;92;92;92m▄[38;2;93;94;94m[48;2;101;101;102m▄[38;2;105;105;105m[48;2;108;108;108m▄[38;2;114;114;114m[48;2;109;110;109m▄[38;2;121;121;120m[48;2;111;111;110m▄[38;2;125;125;125m[48;2;110;111;111m▄[38;2;127;128;128m[48;2;108;109;108m▄[38;2;126;126;126m[48;2;108;109;108m▄[38;2;118;119;119m[48;2;99;99;99m▄[38;2;125;126;126m[48;2;142;142;142m▄[38;2;93;93;94m[48;2;248;248;248m▄[38;2;120;121;121m[48;2;200;201;201m▄[38;2;99;99;99m[48;2;115;116;115m▄[38;2;117;116;115m[48;2;76;72;69m▄[38;2;128;128;127m[48;2;98;95;95m▄[38;2;124;124;125m[48;2;108;108;108m▄[38;2;119;119;119m[48;2;104;105;104m▄[38;2;114;115;115m[48;2;105;104;105m▄[38;2;109;110;110m[48;2;105;105;105m▄[38;2;102;102;102m[48;2;101;102;102m▄[38;2;91;93;92m[48;2;97;97;97m▄[38;2;79;81;80m[48;2;91;90;90m▄[38;2;66;67;67m[48;2;82;82;83m▄[38;2;52;53;54m[48;2;73;74;73m▄[38;2;43;43;42m[48;2;63;63;63m▄[38;2;33;33;32m[48;2;52;53;52m▄[38;2;26;26;26m[48;2;40;41;40m▄[38;2;20;20;21m[48;2;32;32;31m▄[38;2;15;15;16m[48;2;24;24;24m▄[38;2;12;11;10m[48;2;18;18;17m▄[38;2;8;8;8m[48;2;14;14;14m▄[38;2;6;5;5m[48;2;10;10;10m▄[38;2;4;4;4m[48;2;6;7;6m▄[38;2;3;3;3m[48;2;4;4;4m▄[38;2;3;3;4m[48;2;3;3;3m▄[38;2;2;2;3m[48;2;2;2;2m▄[38;2;1;1;2m[48;2;2;1;1m▄[38;2;1;1;1m[48;2;1;1;1m▄[38;2;1;1;1m[48;2;1;1;1m▄[38;2;1;1;1m[48;2;1;1;1m▄[0m
