[38;2;0;0;0m[48;2;0;0;0m▄[38;2;0;0;0m[48;2;0;0;0m▄[38;2;0;13;34m[48;2;0;0;0m▄[38;2;33;45;65m[48;2;0;0;0m▄[38;2;77;77;86m[48;2;0;0;0m▄[38;2;110;111;120m[48;2;0;0;0m▄[38;2;131;132;141m[48;2;0;0;0m▄[38;2;142;143;151m[48;2;0;0;0m▄[38;2;155;156;164m[48;2;0;0;0m▄[38;2;159;160;168m[48;2;0;0;0m▄[38;2;158;159;168m[48;2;0;0;0m▄[38;2;161;161;170m[48;2;0;0;0m▄[38;2;157;158;167m[48;2;0;0;0m▄[38;2;156;157;167m[48;2;0;0;0m▄[38;2;162;163;171m[48;2;0;0;0m▄[38;2;158;158;167m[48;2;0;0;0m▄[38;2;152;153;163m[48;2;0;0;0m▄[38;2;147;148;156m[48;2;0;0;0m▄[38;2;145;146;154m[48;2;0;0;0m▄[38;2;144;145;153m[48;2;0;0;0m▄[38;2;143;144;152m[48;2;0;0;0m▄[38;2;144;145;153m[48;2;0;0;0m▄[38;2;142;143;152m[48;2;0;0;0m▄[38;2;140;141;149m[48;2;0;0;0m▄[38;2;124;125;135m[48;2;0;0;0m▄[38;2;106;107;117m[48;2;0;0;0m▄[38;2;77;77;87m[48;2;0;0;0m▄[38;2;41;42;54m[48;2;0;0;0m▄[38;2;6;42;64m[48;2;0;0;0m▄[38;2;0;79;106m[48;2;0;0;0m▄[38;2;5;89;114m[48;2;0;0;0m▄[38;2;4;87;111m[48;2;0;0;0m▄[38;2;1;89;115m[48;2;0;0;0m▄[38;2;1;91;118m[48;2;0;0;0m▄[38;2;4;94;121m[48;2;0;0;0m▄[38;2;4;96;124m[48;2;0;0;0m▄[38;2;5;97;126m[48;2;0;0;0m▄[38;2;5;100;128m[48;2;0;0;0m▄[38;2;4;104;132m[48;2;0;0;0m▄[38;2;5;107;137m[48;2;0;0;0m▄[38;2;6;112;144m[48;2;0;0;0m▄[38;2;6;116;150m[48;2;0;0;0m▄[38;2;5;123;157m[48;2;0;0;0m▄[38;2;13;93;119m[48;2;0;0;0m▄[38;2;7;122;156m[48;2;0;0;0m▄[38;2;4;127;163m[48;2;0;0;0m▄[38;2;0;126;163m[48;2;0;0;0m▄[38;2;4;126;162m[48;2;0;0;0m▄[38;2;4;126;162m[48;2;0;0;0m▄[38;2;6;127;162m[48;2;0;0;0m▄[38;2;5;126;162m[48;2;0;0;0m▄[38;2;5;125;163m[48;2;0;0;0m▄[38;2;6;125;163m[48;2;0;0;0m▄[38;2;5;123;163m[48;2;0;0;0m▄[38;2;23;126;159m[48;2;0;0;0m▄[38;2;8;122;160m[48;2;0;0;0m▄[38;2;3;120;159m[48;2;0;0;0m▄[38;2;5;127;170m[48;2;0;0;0m▄[38;2;7;67;91m[48;2;0;0;0m▄[38;2;0;0;0m[48;2;0;0;0m▄[0m
[38;2;0;0;0m[48;2;0;0;0m▄[38;2;90;94;115m[48;2;6;6;15m▄[38;2;255;255;255m[48;2;152;158;176m▄[38;2;255;255;255m[48;2;246;248;253m▄[38;2;255;255;255m[48;2;255;255;255m▄[38;2;181;190;195m[48;2;255;255;255m▄[38;2;123;115;128m[48;2;245;247;249m▄[38;2;152;156;167m[48;2;253;255;255m▄[38;2;113;121;139m[48;2;240;242;245m▄[38;2;118;127;141m[48;2;248;251;252m▄[38;2;175;182;189m[48;2;255;255;255m▄[38;2;152;160;170m[48;2;244;245;247m▄[38;2;246;255;255m[48;2;255;255;255m▄[38;2;238;243;244m[48;2;255;255;255m▄[38;2;128;137;149m[48;2;248;249;250m▄[38;2;136;145;155m[48;2;253;254;255m▄[38;2;137;143;154m[48;2;254;255;255m▄[38;2;132;131;145m[48;2;254;255;255m▄[38;2;123;138;151m[48;2;254;255;255m▄[38;2;157;170;178m[48;2;255;255;255m▄[38;2;148;143;152m[48;2;255;255;255m▄[38;2;135;138;150m[48;2;253;255;255m▄[38;2;123;124;139m[48;2;242;245;248m▄[38;2;108;97;110m[48;2;232;238;241m▄[38;2;213;204;207m[48;2;255;255;255m▄[38;2;255;255;255m[48;2;255;255;255m▄[38;2;255;255;255m[48;2;255;255;255m▄[38;2;255;255;255m[48;2;252;251;254m▄[38;2;255;255;255m[48;2;202;210;221m▄[38;2;172;158;166m[48;2;55;131;174m▄[38;2;0;118;183m[48;2;2;194;255m▄[38;2;4;186;255m[48;2;6;205;255m▄[38;2;16;171;233m[48;2;15;208;255m▄[38;2;6;161;224m[48;2;13;208;255m▄[38;2;0;156;225m[48;2;10;208;255m▄[38;2;0;155;222m[48;2;17;210;255m▄[38;2;0;154;220m[48;2;18;211;255m▄[38;2;0;154;219m[48;2;2;209;255m▄[38;2;0;153;218m[48;2;3;210;255m▄[38;2;0;152;216m[48;2;9;211;255m▄[38;2;0;151;214m[48;2;9;212;255m▄[38;2;0;151;214m[48;2;3;210;255m▄[38;2;0;146;205m[48;2;4;211;255m▄[38;2;3;108;153m[48;2;17;155;204m▄[38;2;0;153;214m[48;2;1;207;255m▄[38;2;1;150;208m[48;2;9;211;255m▄[38;2;13;152;205m[48;2;29;214;255m▄[38;2;0;149;208m[48;2;2;208;255m▄[38;2;0;149;209m[48;2;3;207;255m▄[38;2;0;148;209m[48;2;5;205;255m▄[38;2;0;147;207m[48;2;6;204;255m▄[38;2;0;144;204m[48;2;6;202;255m▄[38;2;0;142;199m[48;2;8;202;255m▄[38;2;0;141;198m[48;2;4;198;255m▄[38;2;9;142;194m[48;2;24;202;255m▄[38;2;28;152;201m[48;2;43;204;255m▄[38;2;5;166;231m[48;2;22;192;250m▄[38;2;3;174;246m[48;2;0;197;255m▄[38;2;6;104;147m[48;2;6;112;153m▄[38;2;0;0;0m[48;2;0;0;0m▄[0m
[38;2;0;0;0m[48;2;0;0;0m▄[38;2;164;167;180m[48;2;144;147;162m▄[38;2;255;255;255m[48;2;255;255;255m▄[38;2;250;191;189m[48;2;251;226;226m▄[38;2;248;46;45m[48;2;250;95;95m▄[38;2;250;14;13m[48;2;249;71;70m▄[38;2;250;54;53m[48;2;242;118;118m▄[38;2;249;185;184m[48;2;249;154;153m▄[38;2;253;168;167m[48;2;255;53;52m▄[38;2;255;0;0m[48;2;253;50;50m▄[38;2;251;88;87m[48;2;249;34;34m▄[38;2;247;180;179m[48;2;252;97;95m▄[38;2;252;0;0m[48;2;248;62;63m▄[38;2;253;75;75m[48;2;246;188;188m▄[38;2;253;41;40m[48;2;245;141;141m▄[38;2;249;57;57m[48;2;247;80;79m▄[38;2;251;81;81m[48;2;248;122;121m▄[38;2;249;0;0m[48;2;253;57;56m▄[38;2;252;39;38m[48;2;248;71;70m▄[38;2;249;152;152m[48;2;245;177;176m▄[38;2;253;17;17m[48;2;248;63;63m▄[38;2;250;35;36m[48;2;252;86;86m▄[38;2;252;66;66m[48;2;255;120;118m▄[38;2;251;71;69m[48;2;254;46;45m▄[38;2;250;150;148m[48;2;247;60;60m▄[38;2;252;0;0m[48;2;248;80;80m▄[38;2;251;157;156m[48;2;251;214;214m▄[38;2;255;255;255m[48;2;255;255;255m▄[38;2;255;255;255m[48;2;255;255;255m▄[38;2;135;140;157m[48;2;172;166;176m▄[38;2;0;117;202m[48;2;0;109;185m▄[38;2;0;117;194m[48;2;2;144;220m▄[38;2;162;158;156m[48;2;100;133;151m▄[38;2;255;255;255m[48;2;164;189;203m▄[38;2;255;255;255m[48;2;169;190;200m▄[38;2;255;255;255m[48;2;170;189;199m▄[38;2;255;255;255m[48;2;173;189;198m▄[38;2;255;255;255m[48;2;176;190;198m▄[38;2;255;255;255m[48;2;178;190;198m▄[38;2;255;255;255m[48;2;181;192;199m▄[38;2;255;255;255m[48;2;184;193;198m▄[38;2;255;255;255m[48;2;188;195;200m▄[38;2;255;255;255m[48;2;171;176;180m▄[38;2;255;255;255m[48;2;161;165;167m▄[38;2;255;255;255m[48;2;196;200;204m▄[38;2;255;255;255m[48;2;195;199;203m▄[38;2;255;255;255m[48;2;192;198;203m▄[38;2;255;255;255m[48;2;193;198;201m▄[38;2;255;255;255m[48;2;189;195;199m▄[38;2;255;255;255m[48;2;188;194;198m▄[38;2;255;255;255m[48;2;191;196;200m▄[38;2;255;255;255m[48;2;201;202;204m▄[38;2;255;255;255m[48;2;207;206;207m▄[38;2;255;255;255m[48;2;208;207;208m▄[38;2;255;255;255m[48;2;207;206;207m▄[38;2;116;124;131m[48;2;86;102;113m▄[38;2;0;114;189m[48;2;1;128;200m▄[38;2;3;153;238m[48;2;1;162;244m▄[38;2;6;98;152m[48;2;5;98;147m▄[38;2;1;0;0m[48;2;1;0;0m▄[0m
[38;2;0;0;0m[48;2;0;0;0m▄[38;2;165;168;182m[48;2;170;172;186m▄[38;2;255;255;255m[48;2;254;254;254m▄[38;2;159;169;177m[48;2;243;187;186m▄[38;2;154;170;181m[48;2;248;125;123m▄[38;2;158;177;184m[48;2;241;102;101m▄[38;2;152;174;182m[48;2;242;117;117m▄[38;2;165;171;178m[48;2;246;227;227m▄[38;2;174;178;183m[48;2;244;227;227m▄[38;2;181;200;204m[48;2;237;76;77m▄[38;2;255;255;255m[48;2;249;195;195m▄[38;2;250;250;250m[48;2;253;255;255m▄[38;2;167;184;190m[48;2;225;146;147m▄[38;2;143;164;173m[48;2;232;65;65m▄[38;2;159;180;187m[48;2;244;99;99m▄[38;2;180;188;192m[48;2;245;222;222m▄[38;2;248;253;253m[48;2;249;123;123m▄[38;2;242;252;252m[48;2;245;56;56m▄[38;2;146;152;160m[48;2;230;225;227m▄[38;2;151;154;163m[48;2;247;255;255m▄[38;2;149;163;171m[48;2;240;66;66m▄[38;2;254;255;255m[48;2;248;137;138m▄[38;2;200;205;207m[48;2;236;116;116m▄[38;2;147;148;155m[48;2;235;40;40m▄[38;2;156;165;172m[48;2;241;64;64m▄[38;2;151;171;180m[48;2;231;104;105m▄[38;2;181;185;189m[48;2;236;230;231m▄[38;2;249;249;247m[48;2;255;255;255m▄[38;2;255;249;242m[48;2;255;255;255m▄[38;2;43;82;127m[48;2;96;112;139m▄[38;2;0;137;229m[48;2;0;127;216m▄[38;2;0;92;158m[48;2;0;103;174m▄[38;2;161;158;156m[48;2;139;139;139m▄[38;2;255;255;255m[48;2;255;255;255m▄[38;2;255;255;255m[48;2;255;255;255m▄[38;2;255;255;255m[48;2;255;255;255m▄[38;2;255;255;255m[48;2;255;255;255m▄[38;2;255;255;255m[48;2;255;255;255m▄[38;2;255;255;255m[48;2;255;255;255m▄[38;2;255;255;255m[48;2;255;255;255m▄[38;2;255;255;255m[48;2;255;255;255m▄[38;2;255;255;255m[48;2;255;255;255m▄[38;2;255;255;255m[48;2;255;255;255m▄[38;2;255;255;255m[48;2;255;255;255m▄[38;2;255;255;255m[48;2;255;255;255m▄[38;2;255;255;255m[48;2;255;255;255m▄[38;2;255;255;255m[48;2;255;255;255m▄[38;2;255;255;255m[48;2;255;255;255m▄[38;2;255;255;255m[48;2;255;255;255m▄[38;2;255;255;255m[48;2;255;255;255m▄[38;2;255;255;255m[48;2;255;255;255m▄[38;2;255;255;255m[48;2;255;255;255m▄[38;2;255;255;255m[48;2;255;255;255m▄[38;2;255;255;255m[48;2;255;255;255m▄[38;2;255;255;255m[48;2;255;255;255m▄[38;2;93;108;119m[48;2;102;115;124m▄[38;2;0;109;185m[48;2;0;114;189m▄[38;2;9;140;222m[48;2;6;146;230m▄[38;2;9;96;151m[48;2;6;97;151m▄[38;2;1;0;0m[48;2;1;0;0m▄[0m
[38;2;0;0;0m[48;2;0;0;0m▄[38;2;0;0;7m[48;2;80;83;99m▄[38;2;17;72;128m[48;2;233;229;232m▄[38;2;35;89;144m[48;2;243;237;236m▄[38;2;41;93;146m[48;2;244;238;237m▄[38;2;44;96;149m[48;2;253;247;244m▄[38;2;48;98;152m[48;2;255;248;245m▄[38;2;49;100;154m[48;2;255;248;245m▄[38;2;52;104;160m[48;2;255;249;245m▄[38;2;53;106;162m[48;2;255;255;253m▄[38;2;55;105;161m[48;2;255;255;251m▄[38;2;56;106;162m[48;2;255;255;252m▄[38;2;54;110;170m[48;2;255;255;254m▄[38;2;70;97;139m[48;2;255;255;255m▄[38;2;140;150;169m[48;2;255;255;255m▄[38;2;74;120;168m[48;2;255;255;250m▄[38;2;68;123;174m[48;2;255;255;252m▄[38;2;68;120;172m[48;2;255;255;254m▄[38;2;71;121;170m[48;2;255;255;253m▄[38;2;69;120;171m[48;2;255;251;246m▄[38;2;67;118;170m[48;2;255;255;249m▄[38;2;62;115;167m[48;2;255;255;251m▄[38;2;59;115;168m[48;2;255;255;253m▄[38;2;56;114;168m[48;2;255;255;251m▄[38;2;51;111;166m[48;2;255;251;247m▄[38;2;42;106;163m[48;2;255;249;245m▄[38;2;33;102;161m[48;2;243;237;235m▄[38;2;7;91;160m[48;2;204;202;207m▄[38;2;0;97;180m[48;2;97;118;149m▄[38;2;6;118;197m[48;2;0;99;175m▄[38;2;4;116;197m[48;2;5;136;222m▄[38;2;0;74;138m[48;2;0;88;155m▄[38;2;183;179;175m[48;2;169;168;166m▄[38;2;255;255;255m[48;2;255;255;255m▄[38;2;255;255;255m[48;2;255;255;255m▄[38;2;255;255;255m[48;2;255;255;255m▄[38;2;255;255;255m[48;2;255;255;255m▄[38;2;255;255;255m[48;2;255;255;255m▄[38;2;255;255;255m[48;2;255;255;255m▄[38;2;255;255;255m[48;2;255;255;255m▄[38;2;255;255;255m[48;2;255;255;255m▄[38;2;255;255;255m[48;2;255;255;255m▄[38;2;255;255;255m[48;2;255;255;255m▄[38;2;255;255;255m[48;2;255;255;255m▄[38;2;255;255;255m[48;2;255;255;255m▄[38;2;255;255;255m[48;2;255;255;255m▄[38;2;255;255;255m[48;2;255;255;255m▄[38;2;255;255;255m[48;2;255;255;255m▄[38;2;255;255;255m[48;2;255;255;255m▄[38;2;255;255;255m[48;2;255;255;255m▄[38;2;255;255;255m[48;2;255;255;255m▄[38;2;255;255;255m[48;2;255;255;255m▄[38;2;255;255;255m[48;2;255;255;255m▄[38;2;255;255;255m[48;2;255;255;255m▄[38;2;255;255;255m[48;2;255;255;255m▄[38;2;107;115;121m[48;2;101;112;121m▄[38;2;0;82;153m[48;2;0;94;168m▄[38;2;17;120;192m[48;2;2;126;206m▄[38;2;4;83;141m[48;2;8;91;148m▄[38;2;1;0;0m[48;2;1;0;0m▄[0m
[38;2;0;0;0m[48;2;0;0;0m▄[38;2;1;9;16m[48;2;0;8;15m▄[38;2;2;67;127m[48;2;0;69;136m▄[38;2;8;75;138m[48;2;0;74;145m▄[38;2;7;76;141m[48;2;0;74;145m▄[38;2;0;60;126m[48;2;0;76;150m▄[38;2;6;52;97m[48;2;0;76;157m▄[38;2;14;109;129m[48;2;0;64;145m▄[38;2;20;180;184m[48;2;0;58;130m▄[38;2;22;216;213m[48;2;0;65;128m▄[38;2;25;219;213m[48;2;0;77;132m▄[38;2;26;210;204m[48;2;0;87;137m▄[38;2;19;92;90m[48;2;0;86;136m▄[38;2;1;40;91m[48;2;0;57;117m▄[38;2;1;81;149m[48;2;0;76;157m▄[38;2;1;79;149m[48;2;0;87;171m▄[38;2;1;82;155m[48;2;0;88;172m▄[38;2;1;83;156m[48;2;0;89;173m▄[38;2;0;83;156m[48;2;0;92;174m▄[38;2;0;82;154m[48;2;0;91;176m▄[38;2;1;82;152m[48;2;0;90;175m▄[38;2;4;83;153m[48;2;0;95;177m▄[38;2;3;83;153m[48;2;26;114;181m▄[38;2;1;82;153m[48;2;0;96;176m▄[38;2;1;83;154m[48;2;0;93;176m▄[38;2;1;83;156m[48;2;0;95;177m▄[38;2;0;83;156m[48;2;3;102;179m▄[38;2;1;84;156m[48;2;4;103;180m▄[38;2;2;85;158m[48;2;1;99;176m▄[38;2;2;85;158m[48;2;2;98;174m▄[38;2;1;85;158m[48;2;1;102;181m▄[38;2;2;87;160m[48;2;1;73;136m▄[38;2;0;77;147m[48;2;146;151;156m▄[38;2;0;73;139m[48;2;205;209;212m▄[38;2;0;72;138m[48;2;204;207;210m▄[38;2;0;72;137m[48;2;204;207;210m▄[38;2;0;72;137m[48;2;203;206;209m▄[38;2;0;71;136m[48;2;203;205;208m▄[38;2;0;72;136m[48;2;203;205;208m▄[38;2;0;72;137m[48;2;205;206;208m▄[38;2;0;73;135m[48;2;205;207;208m▄[38;2;0;73;145m[48;2;206;208;208m▄[38;2;0;57;115m[48;2;190;194;199m▄[38;2;16;57;85m[48;2;188;194;202m▄[38;2;0;70;138m[48;2;201;203;205m▄[38;2;0;69;135m[48;2;194;197;201m▄[38;2;0;69;135m[48;2;189;194;199m▄[38;2;0;69;136m[48;2;186;192;197m▄[38;2;0;68;137m[48;2;184;189;196m▄[38;2;0;68;137m[48;2;184;189;196m▄[38;2;0;68;136m[48;2;184;190;195m▄[38;2;0;67;134m[48;2;185;190;195m▄[38;2;0;67;133m[48;2;187;192;197m▄[38;2;0;68;134m[48;2;191;196;201m▄[38;2;0;67;132m[48;2;190;195;200m▄[38;2;0;76;144m[48;2;72;91;108m▄[38;2;1;83;154m[48;2;1;83;155m▄[38;2;0;81;154m[48;2;32;113;179m▄[38;2;3;66;121m[48;2;6;78;135m▄[38;2;1;0;0m[48;2;1;0;0m▄[0m
[38;2;0;0;0m[48;2;0;0;0m▄[38;2;0;12;24m[48;2;2;9;18m▄[38;2;0;29;71m[48;2;4;62;117m▄[38;2;21;126;129m[48;2;9;60;112m▄[38;2;26;208;209m[48;2;10;48;99m▄[38;2;27;253;248m[48;2;12;68;88m▄[38;2;25;255;255m[48;2;25;207;202m▄[38;2;28;222;219m[48;2;24;244;239m▄[38;2;37;186;185m[48;2;28;215;213m▄[38;2;36;203;201m[48;2;26;221;221m▄[38;2;34;216;215m[48;2;21;255;255m▄[38;2;31;173;176m[48;2;33;255;255m▄[38;2;21;117;132m[48;2;31;194;194m▄[38;2;11;45;71m[48;2;26;138;144m▄[38;2;6;64;109m[48;2;10;35;57m▄[38;2;7;98;147m[48;2;2;53;112m▄[38;2;11;114;163m[48;2;2;62;124m▄[38;2;13;134;186m[48;2;2;59;117m▄[38;2;15;71;100m[48;2;1;65;124m▄[38;2;4;41;79m[48;2;2;72;136m▄[38;2;1;73;139m[48;2;1;72;138m▄[38;2;0;71;135m[48;2;1;72;138m▄[38;2;2;54;108m[48;2;0;74;141m▄[38;2;6;60;103m[48;2;0;73;141m▄[38;2;9;79;121m[48;2;0;67;134m▄[38;2;13;91;132m[48;2;0;63;129m▄[38;2;11;54;82m[48;2;0;71;138m▄[38;2;2;58;111m[48;2;1;75;143m▄[38;2;1;72;137m[48;2;1;74;141m▄[38;2;1;71;134m[48;2;1;75;142m▄[38;2;0;70;133m[48;2;1;75;143m▄[38;2;3;72;135m[48;2;1;75;143m▄[38;2;2;71;134m[48;2;0;76;146m▄[38;2;0;71;134m[48;2;0;77;147m▄[38;2;1;71;134m[48;2;0;78;148m▄[38;2;1;71;134m[48;2;0;78;148m▄[38;2;1;71;133m[48;2;0;78;149m▄[38;2;1;70;133m[48;2;0;78;150m▄[38;2;1;70;133m[48;2;0;78;150m▄[38;2;1;69;132m[48;2;0;78;150m▄[38;2;0;67;138m[48;2;0;78;152m▄[38;2;109;110;56m[48;2;18;75;136m▄[38;2;255;224;0m[48;2;135;127;44m▄[38;2;126;134;54m[48;2;121;96;32m▄[38;2;75;123;90m[48;2;0;58;155m▄[38;2;59;103;94m[48;2;0;75;155m▄[38;2;3;73;128m[48;2;0;78;148m▄[38;2;0;67;130m[48;2;0;78;148m▄[38;2;0;65;127m[48;2;0;78;147m▄[38;2;23;82;136m[48;2;0;75;145m▄[38;2;30;87;140m[48;2;0;73;144m▄[38;2;3;66;126m[48;2;0;77;146m▄[38;2;1;65;125m[48;2;0;76;145m▄[38;2;1;65;124m[48;2;0;75;144m▄[38;2;0;62;122m[48;2;0;75;142m▄[38;2;11;71;128m[48;2;0;72;139m▄[38;2;22;80;133m[48;2;0;69;134m▄[38;2;6;70;131m[48;2;0;73;140m▄[38;2;2;44;86m[48;2;2;55;104m▄[38;2;1;0;0m[48;2;1;0;0m▄[0m
[38;2;0;0;0m[48;2;0;0;0m▄[38;2;9;16;24m[48;2;7;16;25m▄[38;2;37;83;129m[48;2;31;66;112m▄[38;2;15;57;102m[48;2;19;92;105m▄[38;2;18;50;89m[48;2;28;199;198m▄[38;2;6;46;97m[48;2;15;116;133m▄[38;2;0;43;99m[48;2;14;102;128m▄[38;2;17;58;110m[48;2;24;114;138m▄[38;2;14;60;115m[48;2;21;103;128m▄[38;2;1;45;98m[48;2;10;74;108m▄[38;2;6;49;85m[48;2;6;50;92m▄[38;2;10;101;146m[48;2;0;25;72m▄[38;2;12;141;196m[48;2;3;25;62m▄[38;2;7;187;249m[48;2;9;132;185m▄[38;2;14;117;162m[48;2;9;166;224m▄[38;2;15;125;174m[48;2;12;177;245m▄[38;2;8;121;163m[48;2;11;202;255m▄[38;2;7;53;89m[48;2;12;182;243m▄[38;2;1;48;99m[48;2;11;58;86m▄[38;2;0;62;121m[48;2;1;49;100m▄[38;2;6;46;86m[48;2;0;65;128m▄[38;2;14;95;127m[48;2;6;40;76m▄[38;2;15;199;255m[48;2;14;98;132m▄[38;2;21;129;171m[48;2;18;153;200m▄[38;2;18;142;190m[48;2;19;167;219m▄[38;2;12;121;163m[48;2;20;188;248m▄[38;2;5;46;83m[48;2;17;75;98m▄[38;2;0;60;121m[48;2;1;44;89m▄[38;2;7;66;122m[48;2;1;66;127m▄[38;2;33;85;135m[48;2;0;61;120m▄[38;2;3;60;120m[48;2;17;75;129m▄[38;2;15;71;126m[48;2;13;72;127m▄[38;2;46;95;141m[48;2;12;72;127m▄[38;2;5;66;121m[48;2;2;65;123m▄[38;2;0;61;119m[48;2;1;64;122m▄[38;2;1;62;121m[48;2;3;64;123m▄[38;2;1;62;121m[48;2;3;64;122m▄[38;2;0;62;120m[48;2;1;64;121m▄[38;2;0;62;120m[48;2;1;64;121m▄[38;2;0;62;120m[48;2;1;63;121m▄[38;2;0;62;120m[48;2;0;64;122m▄[38;2;0;60;123m[48;2;18;79;108m▄[38;2;0;55;128m[48;2;116;139;59m▄[38;2;0;58;124m[48;2;173;177;34m▄[38;2;0;60;123m[48;2;155;158;37m▄[38;2;0;59;124m[48;2;75;108;74m▄[38;2;0;61;120m[48;2;1;65;117m▄[38;2;0;62;119m[48;2;0;60;119m▄[38;2;0;63;120m[48;2;0;59;117m▄[38;2;0;60;118m[48;2;20;74;126m▄[38;2;0;59;118m[48;2;23;76;127m▄[38;2;0;61;119m[48;2;1;60;117m▄[38;2;0;58;117m[48;2;0;60;117m▄[38;2;19;73;125m[48;2;0;60;116m▄[38;2;49;96;140m[48;2;5;61;116m▄[38;2;29;81;129m[48;2;20;73;123m▄[38;2;6;62;117m[48;2;28;78;127m▄[38;2;0;63;123m[48;2;6;66;123m▄[38;2;3;35;67m[48;2;2;36;71m▄[38;2;0;0;0m[48;2;0;0;0m▄[0m
[38;2;0;0;0m[48;2;0;0;0m▄[38;2;1;1;2m[48;2;0;10;19m▄[38;2;2;8;15m[48;2;0;43;91m▄[38;2;0;7;16m[48;2;33;71;112m▄[38;2;0;10;19m[48;2;43;81;119m▄[38;2;1;10;20m[48;2;21;66;107m▄[38;2;2;11;20m[48;2;1;49;94m▄[38;2;2;11;19m[48;2;0;50;95m▄[38;2;2;11;19m[48;2;0;51;97m▄[38;2;0;10;19m[48;2;3;50;94m▄[38;2;1;9;19m[48;2;6;42;74m▄[38;2;2;0;0m[48;2;13;104;145m▄[38;2;2;0;0m[48;2;13;139;190m▄[38;2;1;4;11m[48;2;7;41;72m▄[38;2;0;7;17m[48;2;4;55;97m▄[38;2;0;8;16m[48;2;4;46;85m▄[38;2;2;8;14m[48;2;4;37;79m▄[38;2;2;6;11m[48;2;3;49;99m▄[38;2;2;5;10m[48;2;2;54;105m▄[38;2;2;5;9m[48;2;2;49;96m▄[38;2;1;4;10m[48;2;8;42;74m▄[38;2;0;0;0m[48;2;12;95;131m▄[38;2;0;0;0m[48;2;15;120;158m▄[38;2;0;0;0m[48;2;9;58;88m▄[38;2;1;0;4m[48;2;5;49;87m▄[38;2;1;2;5m[48;2;3;36;77m▄[38;2;0;1;3m[48;2;1;50;100m▄[38;2;2;2;4m[48;2;1;52;101m▄[38;2;1;2;4m[48;2;3;53;102m▄[38;2;2;15;27m[48;2;10;55;99m▄[38;2;3;25;43m[48;2;1;46;91m▄[38;2;3;23;39m[48;2;0;45;91m▄[38;2;0;20;36m[48;2;0;43;90m▄[38;2;1;20;34m[48;2;1;46;92m▄[38;2;0;18;32m[48;2;1;46;92m▄[38;2;2;19;32m[48;2;1;46;92m▄[38;2;4;19;31m[48;2;1;46;92m▄[38;2;3;18;30m[48;2;1;45;91m▄[38;2;2;19;30m[48;2;1;45;89m▄[38;2;2;21;33m[48;2;1;44;88m▄[38;2;2;21;35m[48;2;1;44;87m▄[38;2;3;22;36m[48;2;2;43;86m▄[38;2;3;23;38m[48;2;1;42;85m▄[38;2;3;26;42m[48;2;0;40;83m▄[38;2;3;28;44m[48;2;0;39;81m▄[38;2;3;28;44m[48;2;2;39;81m▄[38;2;2;27;44m[48;2;2;39;79m▄[38;2;3;27;43m[48;2;2;39;78m▄[38;2;2;26;42m[48;2;2;39;78m▄[38;2;2;25;40m[48;2;2;39;79m▄[38;2;3;24;39m[48;2;2;39;80m▄[38;2;3;25;41m[48;2;2;38;79m▄[38;2;3;27;44m[48;2;2;38;77m▄[38;2;2;25;44m[48;2;4;39;77m▄[38;2;0;24;46m[48;2;9;44;78m▄[38;2;3;20;36m[48;2;7;44;80m▄[38;2;2;26;42m[48;2;3;39;75m▄[38;2;3;27;45m[48;2;3;41;79m▄[38;2;3;14;24m[48;2;3;19;38m▄[38;2;0;0;0m[48;2;0;0;0m▄[0m
[38;2;0;0;0m[48;2;0;0;0m▄[38;2;1;0;0m[48;2;1;0;0m▄[38;2;2;88;150m[48;2;5;75;125m▄[38;2;15;131;210m[48;2;5;112;183m▄[38;2;43;142;206m[48;2;15;114;177m▄[38;2;9;129;208m[48;2;5;112;180m▄[38;2;0;126;210m[48;2;4;112;183m▄[38;2;3;130;213m[48;2;6;115;184m▄[38;2;2;133;216m[48;2;9;117;185m▄[38;2;13;141;220m[48;2;8;118;186m▄[38;2;3;139;224m[48;2;5;117;184m▄[38;2;1;141;226m[48;2;8;118;187m▄[38;2;3;143;228m[48;2;7;120;189m▄[38;2;6;145;229m[48;2;6;120;189m▄[38;2;7;147;231m[48;2;18;126;188m▄[38;2;9;149;232m[48;2;22;130;189m▄[38;2;6;148;234m[48;2;3;122;192m▄[38;2;6;150;234m[48;2;6;124;193m▄[38;2;6;149;234m[48;2;6;124;193m▄[38;2;6;149;235m[48;2;5;123;193m▄[38;2;2;150;235m[48;2;5;122;192m▄[38;2;53;143;160m[48;2;0;117;197m▄[38;2;113;115;53m[48;2;4;93;154m▄[38;2;0;122;222m[48;2;7;115;181m▄[38;2;0;141;240m[48;2;5;114;181m▄[38;2;16;145;226m[48;2;9;115;178m▄[38;2;31;158;237m[48;2;14;123;190m▄[38;2;3;82;136m[48;2;4;63;103m▄[38;2;0;0;0m[48;2;0;0;0m▄[38;2;3;65;111m[48;2;4;75;123m▄[38;2;1;119;202m[48;2;2;130;212m▄[38;2;5;114;189m[48;2;2;122;199m▄[38;2;39;135;195m[48;2;22;133;201m▄[38;2;17;124;196m[48;2;21;132;202m▄[38;2;5;118;197m[48;2;23;133;202m▄[38;2;1;118;199m[48;2;2;124;202m▄[38;2;2;118;200m[48;2;8;127;204m▄[38;2;1;119;201m[48;2;4;127;204m▄[38;2;1;120;202m[48;2;2;128;207m▄[38;2;1;120;202m[48;2;2;130;210m▄[38;2;2;120;203m[48;2;2;131;212m▄[38;2;2;120;203m[48;2;2;132;214m▄[38;2;3;120;203m[48;2;2;134;216m▄[38;2;1;119;202m[48;2;2;136;219m▄[38;2;2;120;201m[48;2;2;137;220m▄[38;2;1;126;212m[48;2;2;137;220m▄[38;2;0;112;204m[48;2;2;137;220m▄[38;2;0;88;164m[48;2;1;140;227m▄[38;2;25;95;134m[48;2;0;136;229m▄[38;2;67;117;122m[48;2;0;126;221m▄[38;2;88;128;111m[48;2;0;118;212m▄[38;2;100;136;111m[48;2;0;114;207m▄[38;2;71;108;97m[48;2;0;119;211m▄[38;2;100;140;69m[48;2;0;127;214m▄[38;2;135;168;56m[48;2;2;122;196m▄[38;2;19;109;146m[48;2;9;113;180m▄[38;2;1;110;193m[48;2;4;123;203m▄[38;2;1;115;197m[48;2;3;129;214m▄[38;2;2;54;94m[48;2;4;64;108m▄[38;2;0;0;0m[48;2;0;0;0m▄[0m
[38;2;0;0;0m[48;2;0;0;0m▄[38;2;1;4;7m[48;2;1;1;2m▄[38;2;5;84;154m[48;2;6;88;152m▄[38;2;1;100;177m[48;2;6;110;190m▄[38;2;1;100;176m[48;2;0;107;188m▄[38;2;2;103;182m[48;2;1;112;193m▄[38;2;4;105;185m[48;2;1;116;196m▄[38;2;5;108;189m[48;2;1;119;199m▄[38;2;6;110;191m[48;2;1;122;203m▄[38;2;6;112;194m[48;2;0;123;205m▄[38;2;5;114;196m[48;2;0;125;208m▄[38;2;5;116;198m[48;2;1;128;210m▄[38;2;4;117;200m[48;2;0;130;213m▄[38;2;4;118;200m[48;2;0;131;213m▄[38;2;3;119;201m[48;2;0;132;214m▄[38;2;4;118;201m[48;2;0;133;216m▄[38;2;3;118;201m[48;2;2;134;216m▄[38;2;3;117;200m[48;2;2;134;216m▄[38;2;2;116;199m[48;2;1;133;216m▄[38;2;2;115;199m[48;2;1;133;217m▄[38;2;14;125;186m[48;2;34;144;168m▄[38;2;71;150;135m[48;2;226;195;4m▄[38;2;139;179;81m[48;2;203;193;23m▄[38;2;138;171;77m[48;2;93;169;116m▄[38;2;62;136;135m[48;2;59;149;149m▄[38;2;8;112;183m[48;2;5;128;198m▄[38;2;3;111;201m[48;2;0;127;218m▄[38;2;3;69;124m[48;2;3;78;132m▄[38;2;0;0;0m[48;2;0;0;0m▄[38;2;3;44;81m[48;2;3;52;94m▄[38;2;1;94;175m[48;2;3;103;185m▄[38;2;1;89;164m[48;2;1;97;174m▄[38;2;0;90;166m[48;2;0;95;175m▄[38;2;15;100;171m[48;2;11;105;180m▄[38;2;8;96;172m[48;2;5;103;180m▄[38;2;2;94;172m[48;2;1;101;182m▄[38;2;1;95;173m[48;2;3;102;183m▄[38;2;1;95;176m[48;2;3;103;185m▄[38;2;1;95;177m[48;2;3;103;186m▄[38;2;0;96;177m[48;2;3;103;186m▄[38;2;0;96;179m[48;2;3;103;186m▄[38;2;0;95;179m[48;2;4;102;185m▄[38;2;18;111;187m[48;2;1;100;185m▄[38;2;20;114;196m[48;2;10;107;187m▄[38;2;0;75;169m[48;2;2;107;193m▄[38;2;59;69;52m[48;2;0;76;153m▄[38;2;245;248;124m[48;2;57;86;82m▄[38;2;255;255;146m[48;2;168;173;93m▄[38;2;197;212;116m[48;2;229;235;117m▄[38;2;163;176;100m[48;2;240;250;125m▄[38;2;216;231;127m[48;2;237;253;126m▄[38;2;246;255;141m[48;2;246;255;132m▄[38;2;255;255;144m[48;2;228;241;121m▄[38;2;246;251;130m[48;2;223;228;108m▄[38;2;89;95;60m[48;2;215;215;85m▄[38;2;0;55;122m[48;2;5;37;68m▄[38;2;1;91;167m[48;2;0;102;186m▄[38;2;1;91;169m[48;2;2;102;183m▄[38;2;2;46;87m[48;2;2;50;90m▄[38;2;0;0;0m[48;2;0;0;0m▄[0m
[38;2;0;0;0m[48;2;0;0;0m▄[38;2;1;3;7m[48;2;1;4;8m▄[38;2;3;65;128m[48;2;3;74;143m▄[38;2;0;77;153m[48;2;1;87;165m▄[38;2;0;77;152m[48;2;1;88;164m▄[38;2;0;75;158m[48;2;1;90;167m▄[38;2;0;60;145m[48;2;2;93;172m▄[38;2;2;65;129m[48;2;0;95;178m▄[38;2;36;89;120m[48;2;0;92;182m▄[38;2;63;105;115m[48;2;0;90;183m▄[38;2;68;108;114m[48;2;0;89;183m▄[38;2;54;92;120m[48;2;0;94;185m▄[38;2;40;84;116m[48;2;0;99;190m▄[38;2;18;80;130m[48;2;0;101;189m▄[38;2;0;84;166m[48;2;3;101;183m▄[38;2;0;88;168m[48;2;3;100;183m▄[38;2;0;88;168m[48;2;3;99;183m▄[38;2;0;88;168m[48;2;2;99;182m▄[38;2;0;89;169m[48;2;2;99;182m▄[38;2;0;88;169m[48;2;2;98;181m▄[38;2;0;88;169m[48;2;0;97;183m▄[38;2;0;87;168m[48;2;0;95;188m▄[38;2;0;86;167m[48;2;0;93;188m▄[38;2;5;89;167m[48;2;0;91;187m▄[38;2;0;85;164m[48;2;0;92;183m▄[38;2;1;84;161m[48;2;0;92;174m▄[38;2;31;107;178m[48;2;0;96;184m▄[38;2;6;56;105m[48;2;3;60;113m▄[38;2;0;0;0m[48;2;0;0;0m▄[38;2;2;34;66m[48;2;3;38;73m▄[38;2;2;78;150m[48;2;1;85;162m▄[38;2;1;73;143m[48;2;1;80;153m▄[38;2;0;73;145m[48;2;1;82;156m▄[38;2;0;75;147m[48;2;0;82;158m▄[38;2;0;75;149m[48;2;0;83;160m▄[38;2;2;78;151m[48;2;1;86;162m▄[38;2;2;78;154m[48;2;1;87;163m▄[38;2;1;78;155m[48;2;1;88;165m▄[38;2;0;79;155m[48;2;1;88;166m▄[38;2;23;94;163m[48;2;0;87;166m▄[38;2;23;96;162m[48;2;0;87;168m▄[38;2;34;104;168m[48;2;0;88;173m▄[38;2;6;68;134m[48;2;27;86;139m▄[38;2;37;65;82m[48;2;54;96;117m▄[38;2;136;142;83m[48;2;50;83;104m▄[38;2;218;224;116m[48;2;118;126;69m▄[38;2;193;205;99m[48;2;255;255;148m▄[38;2;58;84;87m[48;2;242;255;131m▄[38;2;61;105;116m[48;2;225;241;119m▄[38;2;47;90;109m[48;2;219;233;117m▄[38;2;21;72;112m[48;2;211;224;114m▄[38;2;0;57;116m[48;2;191;203;109m▄[38;2;34;86;146m[48;2;141;151;92m▄[38;2;18;86;157m[48;2;48;73;79m▄[38;2;11;83;150m[48;2;6;64;131m▄[38;2;11;79;142m[48;2;20;97;166m▄[38;2;0;70;137m[48;2;3;78;147m▄[38;2;1;75;145m[48;2;1;82;157m▄[38;2;3;39;75m[48;2;2;43;82m▄[38;2;0;0;0m[48;2;0;0;0m▄[0m
[38;2;0;0;0m[48;2;0;0;0m▄[38;2;1;6;11m[48;2;1;3;7m▄[38;2;1;47;114m[48;2;2;62;122m▄[38;2;69;84;70m[48;2;2;64;129m▄[38;2;182;189;109m[48;2;0;47;124m▄[38;2;220;230;115m[48;2;19;59;99m▄[38;2;255;255;134m[48;2;128;144;97m▄[38;2;211;221;118m[48;2;201;210;111m▄[38;2;222;235;129m[48;2;196;198;124m▄[38;2;250;255;142m[48;2;191;191;126m▄[38;2;255;255;141m[48;2;219;222;119m▄[38;2;234;251;123m[48;2;180;176;113m▄[38;2;187;197;111m[48;2;93;98;73m▄[38;2;108;122;86m[48;2;38;72;97m▄[38;2;8;49;99m[48;2;3;73;145m▄[38;2;0;77;154m[48;2;1;82;161m▄[38;2;1;76;148m[48;2;1;82;159m▄[38;2;1;76;149m[48;2;0;82;159m▄[38;2;2;74;148m[48;2;1;82;158m▄[38;2;19;87;155m[48;2;3;83;159m▄[38;2;14;84;152m[48;2;2;82;158m▄[38;2;3;74;147m[48;2;2;81;157m▄[38;2;6;76;148m[48;2;3;82;156m▄[38;2;0;73;144m[48;2;6;82;155m▄[38;2;5;75;145m[48;2;3;79;153m▄[38;2;46;102;157m[48;2;12;85;156m▄[38;2;17;87;155m[48;2;10;88;163m▄[38;2;1;45;92m[48;2;3;50;98m▄[38;2;0;0;0m[48;2;0;0;0m▄[38;2;2;29;57m[48;2;2;33;62m▄[38;2;1;63;128m[48;2;3;73;142m▄[38;2;6;64;123m[48;2;4;68;135m▄[38;2;34;85;136m[48;2;8;74;140m▄[38;2;11;67;127m[48;2;13;78;142m▄[38;2;23;80;136m[48;2;11;79;143m▄[38;2;40;92;145m[48;2;1;71;141m▄[38;2;2;66;132m[48;2;3;75;145m▄[38;2;10;71;135m[48;2;2;75;146m▄[38;2;56;107;154m[48;2;19;86;151m▄[38;2;28;87;145m[48;2;7;78;148m▄[38;2;0;65;135m[48;2;28;93;153m▄[38;2;0;66;135m[48;2;31;95;155m▄[38;2;0;68;137m[48;2;7;83;155m▄[38;2;0;66;135m[48;2;0;74;158m▄[38;2;25;86;145m[48;2;0;58;135m▄[38;2;43;100;157m[48;2;41;80;105m▄[38;2;0;69;142m[48;2;28;60;82m▄[38;2;1;67;134m[48;2;0;57;140m▄[38;2;1;66;132m[48;2;0;67;151m▄[38;2;1;65;130m[48;2;0;68;149m▄[38;2;1;64;128m[48;2;0;71;148m▄[38;2;1;63;126m[48;2;0;73;145m▄[38;2;0;61;124m[48;2;4;73;142m▄[38;2;2;60;120m[48;2;2;69;135m▄[38;2;2;60;118m[48;2;0;67;132m▄[38;2;0;58;114m[48;2;0;65;129m▄[38;2;1;56;109m[48;2;1;65;126m▄[38;2;2;60;115m[48;2;1;67;131m▄[38;2;3;24;48m[48;2;2;31;62m▄[38;2;0;0;0m[48;2;0;0;0m▄[0m
[38;2;0;0;0m[48;2;0;0;0m▄[38;2;1;7;13m[48;2;1;7;13m▄[38;2;4;58;114m[48;2;0;55;121m▄[38;2;0;55;116m[48;2;25;58;81m▄[38;2;4;45;91m[48;2;215;219;107m▄[38;2;0;43;109m[48;2;132;150;100m▄[38;2;0;57;129m[48;2;58;89;95m▄[38;2;0;53;124m[48;2;100;124;97m▄[38;2;0;47;118m[48;2;136;157;103m▄[38;2;12;63;128m[48;2;141;164;104m▄[38;2;0;45;121m[48;2;132;154;100m▄[38;2;0;34;101m[48;2;106;132;103m▄[38;2;1;55;102m[48;2;54;85;98m▄[38;2;4;54;108m[48;2;5;57;117m▄[38;2;0;49;116m[48;2;0;69;142m▄[38;2;0;64;132m[48;2;2;69;138m▄[38;2;1;65;132m[48;2;1;69;139m▄[38;2;4;49;97m[48;2;1;71;143m▄[38;2;13;70;115m[48;2;0;64;136m▄[38;2;5;60;111m[48;2;0;67;139m▄[38;2;1;47;107m[48;2;0;70;140m▄[38;2;14;71;133m[48;2;0;67;137m▄[38;2;9;68;129m[48;2;0;67;135m▄[38;2;1;58;119m[48;2;1;67;135m▄[38;2;4;50;99m[48;2;0;67;137m▄[38;2;3;50;99m[48;2;0;63;131m▄[38;2;2;51;104m[48;2;0;68;139m▄[38;2;2;36;77m[48;2;2;46;93m▄[38;2;0;0;0m[48;2;0;0;0m▄[38;2;2;24;45m[48;2;2;27;51m▄[38;2;1;58;108m[48;2;2;60;116m▄[38;2;0;51;100m[48;2;2;56;110m▄[38;2;0;52;101m[48;2;0;56;112m▄[38;2;4;55;103m[48;2;0;55;114m▄[38;2;12;60;109m[48;2;1;58;117m▄[38;2;1;55;105m[48;2;8;63;119m▄[38;2;0;49;104m[48;2;1;58;118m▄[38;2;2;39;87m[48;2;6;63;123m▄[38;2;10;53;88m[48;2;18;71;128m▄[38;2;4;45;88m[48;2;7;65;126m▄[38;2;3;59;114m[48;2;1;60;121m▄[38;2;5;55;106m[48;2;2;61;122m▄[38;2;4;44;89m[48;2;1;61;123m▄[38;2;5;47;87m[48;2;1;60;123m▄[38;2;2;53;104m[48;2;3;61;123m▄[38;2;0;53;107m[48;2;0;59;120m▄[38;2;2;43;89m[48;2;0;59;120m▄[38;2;4;39;78m[48;2;1;60;122m▄[38;2;1;53;100m[48;2;1;59;117m▄[38;2;1;54;102m[48;2;1;57;114m▄[38;2;1;53;101m[48;2;1;57;113m▄[38;2;1;53;100m[48;2;2;56;110m▄[38;2;4;54;102m[48;2;5;57;109m▄[38;2;4;54;100m[48;2;1;54;105m▄[38;2;34;74;114m[48;2;0;51;101m▄[38;2;50;88;124m[48;2;2;54;102m▄[38;2;16;61;106m[48;2;6;57;103m▄[38;2;0;53;104m[48;2;1;56;107m▄[38;2;2;22;41m[48;2;2;22;42m▄[38;2;0;0;0m[48;2;0;0;0m▄[0m
[38;2;0;0;0m[48;2;0;0;0m▄[38;2;1;4;7m[48;2;1;6;12m▄[38;2;2;37;69m[48;2;3;57;109m▄[38;2;1;39;74m[48;2;2;61;118m▄[38;2;2;38;72m[48;2;0;58;121m▄[38;2;3;37;72m[48;2;7;64;122m▄[38;2;5;39;73m[48;2;50;98;144m▄[38;2;5;39;73m[48;2;33;83;136m▄[38;2;2;36;73m[48;2;4;63;124m▄[38;2;0;36;74m[48;2;10;71;131m▄[38;2;1;26;63m[48;2;0;51;116m▄[38;2;12;67;74m[48;2;16;78;92m▄[38;2;19;181;181m[48;2;34;231;225m▄[38;2;24;140;140m[48;2;30;217;215m▄[38;2;32;162;160m[48;2;22;111;126m▄[38;2;15;60;70m[48;2;4;53;106m▄[38;2;1;15;45m[48;2;1;51;110m▄[38;2;10;69;99m[48;2;10;76;110m▄[38;2;11;127;171m[48;2;21;177;238m▄[38;2;14;82;114m[48;2;17;166;228m▄[38;2;11;115;159m[48;2;10;117;169m▄[38;2;9;83;113m[48;2;8;60;107m▄[38;2;4;24;47m[48;2;3;61;123m▄[38;2;2;31;63m[48;2;2;45;95m▄[38;2;7;35;51m[48;2;14;69;93m▄[38;2;12;116;152m[48;2;20;163;216m▄[38;2;15;100;134m[48;2;20;143;191m▄[38;2;13;66;89m[48;2;10;80;111m▄[38;2;0;1;1m[48;2;0;0;0m▄[38;2;2;9;18m[48;2;2;24;46m▄[38;2;2;24;48m[48;2;1;57;114m▄[38;2;9;29;51m[48;2;36;81;127m▄[38;2;9;31;54m[48;2;38;83;128m▄[38;2;2;27;53m[48;2;5;57;108m▄[38;2;0;28;57m[48;2;13;64;114m▄[38;2;3;18;41m[48;2;0;50;100m▄[38;2;24;102;101m[48;2;12;72;98m▄[38;2;30;144;145m[48;2;32;184;187m▄[38;2;26;162;163m[48;2;45;240;236m▄[38;2;15;71;78m[48;2;21;85;96m▄[38;2;4;19;41m[48;2;0;38;85m▄[38;2;17;99;136m[48;2;12;67;106m▄[38;2;19;111;150m[48;2;24;143;195m▄[38;2;15;97;135m[48;2;23;115;158m▄[38;2;4;12;25m[48;2;3;34;69m▄[38;2;12;69;93m[48;2;7;59;98m▄[38;2;17;112;148m[48;2;20;114;156m▄[38;2;13;80;106m[48;2;21;85;112m▄[38;2;3;21;41m[48;2;3;41;80m▄[38;2;2;32;63m[48;2;1;58;112m▄[38;2;2;31;62m[48;2;5;58;109m▄[38;2;2;32;61m[48;2;1;57;108m▄[38;2;2;32;61m[48;2;0;54;106m▄[38;2;1;31;59m[48;2;13;65;114m▄[38;2;1;29;55m[48;2;33;80;125m▄[38;2;0;26;52m[48;2;13;64;112m▄[38;2;1;25;50m[48;2;4;57;108m▄[38;2;2;27;49m[48;2;1;60;114m▄[38;2;2;12;22m[48;2;3;25;47m▄[38;2;0;0;0m[48;2;0;0;0m▄[0m
