[38;2;0;0;0m[48;2;0;0;0m▄[38;2;28;28;28m[48;2;0;0;0m▄[38;2;181;180;180m[48;2;0;0;0m▄[38;2;180;180;179m[48;2;0;0;0m▄[38;2;162;164;165m[48;2;0;0;0m▄[38;2;148;152;155m[48;2;0;0;0m▄[38;2;139;145;148m[48;2;0;0;0m▄[38;2;141;146;149m[48;2;0;0;0m▄[38;2;144;148;153m[48;2;0;0;0m▄[38;2;149;152;156m[48;2;0;0;0m▄[38;2;154;158;162m[48;2;0;0;0m▄[38;2;157;161;165m[48;2;0;0;0m▄[38;2;160;165;168m[48;2;0;0;0m▄[38;2;163;168;171m[48;2;0;0;0m▄[38;2;163;167;171m[48;2;0;0;0m▄[38;2;164;167;172m[48;2;0;0;0m▄[38;2;163;166;171m[48;2;0;0;0m▄[38;2;161;165;170m[48;2;0;0;0m▄[38;2;162;165;170m[48;2;0;0;0m▄[38;2;164;167;172m[48;2;0;0;0m▄[38;2;161;164;168m[48;2;0;0;0m▄[38;2;158;162;167m[48;2;0;0;0m▄[38;2;158;161;166m[48;2;0;0;0m▄[38;2;157;161;166m[48;2;0;0;0m▄[38;2;159;163;167m[48;2;0;0;0m▄[38;2;160;163;168m[48;2;0;0;0m▄[38;2;164;167;171m[48;2;0;0;0m▄[38;2;176;178;179m[48;2;0;0;0m▄[38;2;199;198;198m[48;2;0;0;0m▄[38;2;52;52;52m[48;2;0;0;0m▄[38;2;29;29;29m[48;2;0;0;0m▄[38;2;152;152;152m[48;2;0;0;0m▄[38;2;148;149;149m[48;2;0;0;0m▄[38;2;147;148;148m[48;2;0;0;0m▄[38;2;149;149;149m[48;2;0;0;0m▄[38;2;151;151;151m[48;2;0;0;0m▄[38;2;155;155;155m[48;2;0;0;0m▄[38;2;156;156;156m[48;2;0;0;0m▄[38;2;154;154;154m[48;2;0;0;0m▄[38;2;153;153;153m[48;2;0;0;0m▄[38;2;153;153;153m[48;2;0;0;0m▄[38;2;155;155;155m[48;2;0;0;0m▄[38;2;159;159;159m[48;2;0;0;0m▄[38;2;159;159;159m[48;2;0;0;0m▄[38;2;161;161;161m[48;2;0;0;0m▄[38;2;163;163;163m[48;2;0;0;0m▄[38;2;164;164;164m[48;2;0;0;0m▄[38;2;168;168;168m[48;2;0;0;0m▄[38;2;170;170;170m[48;2;0;0;0m▄[38;2;175;175;175m[48;2;0;0;0m▄[38;2;181;181;181m[48;2;0;0;0m▄[38;2;187;187;187m[48;2;0;0;0m▄[38;2;191;191;191m[48;2;0;0;0m▄[38;2;192;192;192m[48;2;0;0;0m▄[38;2;193;193;193m[48;2;0;0;0m▄[38;2;194;194;194m[48;2;0;0;0m▄[38;2;193;193;193m[48;2;0;0;0m▄[38;2;188;188;188m[48;2;0;0;0m▄[38;2;166;166;166m[48;2;0;0;0m▄[38;2;10;10;10m[48;2;0;0;0m▄[0m
[38;2;0;0;0m[48;2;0;0;0m▄[38;2;35;34;34m[48;2;39;39;39m▄[38;2;168;181;191m[48;2;255;255;255m▄[38;2;236;239;242m[48;2;214;224;232m▄[38;2;255;255;255m[48;2;224;232;238m▄[38;2;255;255;255m[48;2;239;244;248m▄[38;2;255;255;255m[48;2;253;255;255m▄[38;2;255;255;255m[48;2;255;255;255m▄[38;2;255;255;255m[48;2;255;255;255m▄[38;2;255;255;255m[48;2;255;255;255m▄[38;2;255;255;255m[48;2;255;255;255m▄[38;2;255;255;255m[48;2;255;255;255m▄[38;2;255;255;255m[48;2;255;255;255m▄[38;2;255;255;255m[48;2;255;255;255m▄[38;2;255;255;255m[48;2;255;255;255m▄[38;2;255;255;255m[48;2;255;255;255m▄[38;2;255;255;255m[48;2;255;255;255m▄[38;2;255;255;255m[48;2;255;255;255m▄[38;2;255;255;255m[48;2;255;255;255m▄[38;2;255;255;255m[48;2;255;255;255m▄[38;2;255;255;255m[48;2;255;255;255m▄[38;2;255;255;255m[48;2;255;255;255m▄[38;2;255;255;255m[48;2;255;255;255m▄[38;2;255;255;255m[48;2;255;255;255m▄[38;2;255;255;255m[48;2;255;255;255m▄[38;2;255;255;255m[48;2;251;253;255m▄[38;2;255;255;255m[48;2;240;243;247m▄[38;2;255;255;255m[48;2;223;230;235m▄[38;2;185;197;207m[48;2;219;229;236m▄[38;2;40;44;47m[48;2;61;62;63m▄[38;2;18;17;16m[48;2;35;35;35m▄[38;2;210;206;204m[48;2;255;255;255m▄[38;2;217;211;209m[48;2;255;255;255m▄[38;2;220;216;215m[48;2;255;255;255m▄[38;2;208;203;202m[48;2;255;255;255m▄[38;2;221;217;216m[48;2;255;255;255m▄[38;2;224;220;218m[48;2;255;255;255m▄[38;2;226;222;219m[48;2;255;255;255m▄[38;2;214;209;208m[48;2;255;255;255m▄[38;2;219;216;215m[48;2;255;255;255m▄[38;2;216;215;213m[48;2;255;255;255m▄[38;2;221;220;219m[48;2;255;255;255m▄[38;2;211;209;207m[48;2;255;255;255m▄[38;2;222;220;219m[48;2;255;255;255m▄[38;2;222;220;219m[48;2;255;255;255m▄[38;2;223;220;220m[48;2;255;255;255m▄[38;2;222;218;218m[48;2;255;255;255m▄[38;2;226;223;222m[48;2;255;255;255m▄[38;2;227;225;224m[48;2;255;255;255m▄[38;2;226;223;223m[48;2;255;255;255m▄[38;2;231;229;229m[48;2;255;255;255m▄[38;2;239;238;237m[48;2;255;255;255m▄[38;2;233;231;230m[48;2;255;255;255m▄[38;2;239;236;235m[48;2;255;255;255m▄[38;2;241;238;237m[48;2;255;255;255m▄[38;2;240;238;237m[48;2;255;255;255m▄[38;2;242;242;242m[48;2;255;255;255m▄[38;2;244;244;244m[48;2;255;255;255m▄[38;2;246;246;245m[48;2;255;255;255m▄[38;2;43;42;42m[48;2;29;29;29m▄[0m
[38;2;0;0;0m[48;2;0;0;0m▄[38;2;27;26;26m[48;2;33;32;31m▄[38;2;248;248;247m[48;2;183;193;200m▄[38;2;230;233;236m[48;2;218;223;227m▄[38;2;221;224;228m[48;2;235;237;239m▄[38;2;222;225;228m[48;2;240;241;243m▄[38;2;222;226;229m[48;2;240;242;243m▄[38;2;222;225;228m[48;2;240;241;243m▄[38;2;222;226;229m[48;2;240;242;243m▄[38;2;223;227;230m[48;2;240;242;243m▄[38;2;223;227;230m[48;2;240;242;243m▄[38;2;222;226;229m[48;2;240;242;243m▄[38;2;218;222;225m[48;2;241;243;244m▄[38;2;163;169;173m[48;2;250;252;253m▄[38;2;168;170;173m[48;2;255;255;255m▄[38;2;210;212;213m[48;2;251;252;252m▄[38;2;234;238;239m[48;2;245;247;247m▄[38;2;222;226;228m[48;2;246;247;248m▄[38;2;220;224;227m[48;2;246;247;248m▄[38;2;221;224;227m[48;2;246;247;248m▄[38;2;221;224;227m[48;2;247;248;248m▄[38;2;221;224;226m[48;2;247;248;248m▄[38;2;219;223;226m[48;2;247;248;248m▄[38;2;218;221;225m[48;2;245;246;247m▄[38;2;218;222;226m[48;2;242;243;245m▄[38;2;219;224;228m[48;2;234;237;239m▄[38;2;228;231;235m[48;2;218;223;228m▄[38;2;247;248;249m[48;2;197;205;212m▄[38;2;255;255;255m[48;2;219;225;231m▄[38;2;75;76;77m[48;2;76;76;75m▄[38;2;16;14;14m[48;2;12;12;12m▄[38;2;180;158;157m[48;2;214;207;204m▄[38;2;204;191;187m[48;2;226;220;218m▄[38;2;232;230;223m[48;2;217;212;207m▄[38;2;228;221;216m[48;2;208;204;200m▄[38;2;203;176;171m[48;2;226;227;226m▄[38;2;198;175;173m[48;2;212;209;207m▄[38;2;206;188;187m[48;2;210;207;205m▄[38;2;207;181;179m[48;2;210;209;208m▄[38;2;207;186;186m[48;2;218;217;216m▄[38;2;219;214;216m[48;2;206;202;202m▄[38;2;229;226;227m[48;2;213;210;207m▄[38;2;214;205;206m[48;2;217;215;211m▄[38;2;204;192;191m[48;2;225;221;218m▄[38;2;208;201;199m[48;2;210;203;203m▄[38;2;199;195;194m[48;2;223;220;218m▄[38;2;187;182;178m[48;2;219;214;214m▄[38;2;198;194;190m[48;2;222;216;217m▄[38;2;212;208;207m[48;2;211;203;204m▄[38;2;218;207;205m[48;2;220;217;217m▄[38;2;208;197;195m[48;2;208;204;202m▄[38;2;216;207;205m[48;2;223;220;217m▄[38;2;219;204;204m[48;2;211;204;201m▄[38;2;209;199;201m[48;2;210;201;199m▄[38;2;210;200;202m[48;2;213;203;201m▄[38;2;220;213;212m[48;2;212;204;201m▄[38;2;214;208;204m[48;2;207;202;198m▄[38;2;207;202;199m[48;2;211;207;205m▄[38;2;205;199;197m[48;2;214;211;209m▄[38;2;38;37;37m[48;2;38;37;36m▄[0m
[38;2;0;0;0m[48;2;0;0;0m▄[38;2;27;27;27m[48;2;25;26;26m▄[38;2;246;246;246m[48;2;245;245;245m▄[38;2;255;255;255m[48;2;255;255;255m▄[38;2;255;255;255m[48;2;255;255;255m▄[38;2;255;255;255m[48;2;255;255;255m▄[38;2;255;255;255m[48;2;255;255;255m▄[38;2;255;255;255m[48;2;255;255;255m▄[38;2;255;255;255m[48;2;255;255;255m▄[38;2;255;255;255m[48;2;255;255;255m▄[38;2;255;255;255m[48;2;255;255;255m▄[38;2;242;242;243m[48;2;255;255;255m▄[38;2;159;160;161m[48;2;201;201;200m▄[38;2;219;221;222m[48;2;168;167;167m▄[38;2;255;255;255m[48;2;173;172;172m▄[38;2;196;198;201m[48;2;152;152;152m▄[38;2;190;191;191m[48;2;199;199;199m▄[38;2;254;254;254m[48;2;255;255;255m▄[38;2;255;255;255m[48;2;255;255;255m▄[38;2;255;255;255m[48;2;255;255;255m▄[38;2;255;255;255m[48;2;255;255;255m▄[38;2;255;255;255m[48;2;255;255;255m▄[38;2;255;255;255m[48;2;255;255;255m▄[38;2;255;255;255m[48;2;255;255;255m▄[38;2;255;255;255m[48;2;255;255;255m▄[38;2;255;255;255m[48;2;255;255;255m▄[38;2;255;255;255m[48;2;255;255;255m▄[38;2;255;255;255m[48;2;255;255;255m▄[38;2;255;255;255m[48;2;255;255;255m▄[38;2;66;66;66m[48;2;71;72;72m▄[38;2;50;50;50m[48;2;30;29;29m▄[38;2;255;255;255m[48;2;227;217;216m▄[38;2;157;156;154m[48;2;197;183;182m▄[38;2;156;148;145m[48;2;240;233;233m▄[38;2;198;167;166m[48;2;222;197;197m▄[38;2;252;251;251m[48;2;218;194;193m▄[38;2;254;255;255m[48;2;214;196;195m▄[38;2;171;171;170m[48;2;213;195;195m▄[38;2;192;195;195m[48;2;230;211;211m▄[38;2;156;153;152m[48;2;221;203;202m▄[38;2;133;119;118m[48;2;227;202;200m▄[38;2;169;169;169m[48;2;235;235;235m▄[38;2;222;223;222m[48;2;187;177;180m▄[38;2;219;220;220m[48;2;174;168;169m▄[38;2;218;218;217m[48;2;216;213;212m▄[38;2;217;218;218m[48;2;178;171;172m▄[38;2;255;255;255m[48;2;195;190;189m▄[38;2;181;173;171m[48;2;132;129;128m▄[38;2;200;188;177m[48;2;214;205;196m▄[38;2;234;229;224m[48;2;203;179;161m▄[38;2;243;242;239m[48;2;215;202;191m▄[38;2;236;233;227m[48;2;218;204;190m▄[38;2;198;198;194m[48;2;215;193;181m▄[38;2;162;139;126m[48;2;225;215;210m▄[38;2;223;201;195m[48;2;225;214;216m▄[38;2;224;216;216m[48;2;210;184;185m▄[38;2;220;217;216m[48;2;194;173;173m▄[38;2;216;202;201m[48;2;196;178;177m▄[38;2;245;237;236m[48;2;214;201;200m▄[38;2;45;42;41m[48;2;55;53;53m▄[0m
[38;2;0;0;0m[48;2;0;0;0m▄[38;2;47;47;47m[48;2;36;36;36m▄[38;2;255;255;255m[48;2;253;253;253m▄[38;2;255;255;255m[48;2;255;255;255m▄[38;2;255;255;255m[48;2;255;255;255m▄[38;2;255;255;255m[48;2;255;255;255m▄[38;2;255;255;255m[48;2;255;255;255m▄[38;2;239;240;240m[48;2;255;255;255m▄[38;2;214;211;207m[48;2;255;255;255m▄[38;2;183;175;165m[48;2;255;255;255m▄[38;2;155;142;124m[48;2;255;255;255m▄[38;2;136;117;93m[48;2;244;246;247m▄[38;2;123;99;69m[48;2;210;210;208m▄[38;2;118;91;56m[48;2;161;156;150m▄[38;2;109;79;40m[48;2;145;135;122m▄[38;2;125;106;83m[48;2;117;101;78m▄[38;2;221;218;215m[48;2;148;138;126m▄[38;2;255;255;255m[48;2;250;251;251m▄[38;2;255;255;255m[48;2;255;255;255m▄[38;2;255;255;255m[48;2;255;255;255m▄[38;2;255;255;255m[48;2;255;255;255m▄[38;2;255;255;255m[48;2;255;255;255m▄[38;2;255;255;255m[48;2;255;255;255m▄[38;2;255;255;255m[48;2;255;255;255m▄[38;2;255;255;255m[48;2;255;255;255m▄[38;2;255;255;255m[48;2;255;255;255m▄[38;2;255;255;255m[48;2;255;255;255m▄[38;2;255;255;255m[48;2;255;255;255m▄[38;2;255;255;255m[48;2;255;255;255m▄[38;2;68;68;68m[48;2;64;64;64m▄[38;2;0;0;0m[48;2;27;27;27m▄[38;2;182;158;163m[48;2;220;217;217m▄[38;2;204;179;185m[48;2;154;117;118m▄[38;2;191;168;174m[48;2;191;165;167m▄[38;2;229;227;228m[48;2;203;172;173m▄[38;2;189;162;170m[48;2;226;214;215m▄[38;2;195;171;177m[48;2;226;213;215m▄[38;2;226;209;213m[48;2;207;200;201m▄[38;2;219;204;206m[48;2;193;196;196m▄[38;2;131;133;133m[48;2;129;124;124m▄[38;2;196;160;159m[48;2;142;131;131m▄[38;2;209;175;173m[48;2;186;163;163m▄[38;2;195;157;155m[48;2;200;168;167m▄[38;2;229;225;225m[48;2;237;220;220m▄[38;2;202;170;169m[48;2;234;217;216m▄[38;2;210;175;174m[48;2;230;209;209m▄[38;2;239;220;219m[48;2;218;202;203m▄[38;2;187;150;146m[48;2;161;155;153m▄[38;2;68;64;63m[48;2;146;148;148m▄[38;2;108;96;95m[48;2;180;183;185m▄[38;2;210;193;191m[48;2;238;232;232m▄[38;2;169;142;140m[48;2;198;179;176m▄[38;2;203;190;189m[48;2;163;148;145m▄[38;2;216;211;211m[48;2;182;159;153m▄[38;2;168;147;146m[48;2;202;179;177m▄[38;2;204;191;190m[48;2;214;203;202m▄[38;2;206;191;191m[48;2;198;196;196m▄[38;2;212;199;199m[48;2;196;196;195m▄[38;2;200;172;179m[48;2;202;189;188m▄[38;2;37;28;30m[48;2;41;33;34m▄[0m
[38;2;0;0;0m[48;2;0;0;0m▄[38;2;45;41;37m[48;2;63;64;65m▄[38;2;143;127;107m[48;2;255;255;255m▄[38;2;118;98;70m[48;2;237;237;237m▄[38;2;107;83;50m[48;2;206;204;199m▄[38;2;107;81;46m[48;2;169;161;150m▄[38;2;115;88;53m[48;2;141;127;107m▄[38;2;120;93;59m[48;2;122;101;73m▄[38;2;122;96;63m[48;2;112;87;55m▄[38;2;121;97;64m[48;2;110;83;49m▄[38;2;113;89;61m[48;2;113;86;51m▄[38;2;111;89;60m[48;2;116;89;56m▄[38;2;112;91;60m[48;2;118;93;60m▄[38;2;96;70;37m[48;2;114;88;55m▄[38;2;169;165;160m[48;2;121;105;85m▄[38;2;255;255;255m[48;2;234;235;236m▄[38;2;255;255;255m[48;2;255;255;255m▄[38;2;255;255;255m[48;2;255;255;255m▄[38;2;255;255;255m[48;2;255;255;255m▄[38;2;255;255;255m[48;2;255;255;255m▄[38;2;255;255;255m[48;2;255;255;255m▄[38;2;255;255;255m[48;2;255;255;255m▄[38;2;255;255;255m[48;2;255;255;255m▄[38;2;255;255;255m[48;2;255;255;255m▄[38;2;255;255;255m[48;2;255;255;255m▄[38;2;255;255;255m[48;2;255;255;255m▄[38;2;255;255;255m[48;2;255;255;255m▄[38;2;255;255;255m[48;2;255;255;255m▄[38;2;255;255;255m[48;2;255;255;255m▄[38;2;57;57;57m[48;2;66;67;67m▄[38;2;0;0;0m[48;2;0;0;0m▄[38;2;148;126;130m[48;2;187;173;176m▄[38;2;229;213;217m[48;2;255;255;255m▄[38;2;255;255;255m[48;2;252;253;253m▄[38;2;255;255;255m[48;2;246;246;246m▄[38;2;255;255;255m[48;2;240;239;240m▄[38;2;255;255;255m[48;2;244;245;245m▄[38;2;207;188;192m[48;2;255;255;255m▄[38;2;198;169;171m[48;2;183;155;158m▄[38;2;185;157;155m[48;2;120;108;108m▄[38;2;195;149;147m[48;2;204;172;171m▄[38;2;231;213;212m[48;2;255;255;255m▄[38;2;255;255;255m[48;2;251;255;255m▄[38;2;255;255;255m[48;2;240;239;239m▄[38;2;255;255;255m[48;2;226;220;219m▄[38;2;255;255;255m[48;2;240;237;236m▄[38;2;231;220;219m[48;2;255;255;255m▄[38;2;212;189;188m[48;2;230;204;202m▄[38;2;146;131;130m[48;2;71;48;46m▄[38;2;140;115;113m[48;2;139;120;118m▄[38;2;210;195;194m[48;2;255;255;255m▄[38;2;255;255;255m[48;2;240;241;240m▄[38;2;255;255;255m[48;2;244;242;242m▄[38;2;255;255;255m[48;2;237;235;235m▄[38;2;255;255;255m[48;2;218;215;214m▄[38;2;254;254;254m[48;2;246;246;246m▄[38;2;193;182;181m[48;2;243;241;240m▄[38;2;236;230;231m[48;2;154;122;125m▄[38;2;191;168;173m[48;2;215;203;206m▄[38;2;13;13;13m[48;2;35;39;38m▄[0m
[38;2;0;0;0m[48;2;0;0;0m▄[38;2;50;40;25m[48;2;41;32;21m▄[38;2;124;99;60m[48;2;124;95;58m▄[38;2;116;93;57m[48;2;124;97;62m▄[38;2;121;93;55m[48;2;126;99;64m▄[38;2;122;95;58m[48;2;127;100;65m▄[38;2;121;95;60m[48;2;126;99;65m▄[38;2;119;93;57m[48;2;126;99;65m▄[38;2;122;94;56m[48;2;126;99;65m▄[38;2;118;92;55m[48;2;128;101;65m▄[38;2;112;90;57m[48;2;116;92;62m▄[38;2;100;79;47m[48;2;115;91;61m▄[38;2;165;155;144m[48;2;107;81;48m▄[38;2;248;251;251m[48;2;117;100;79m▄[38;2;255;255;255m[48;2;226;225;225m▄[38;2;255;255;255m[48;2;255;255;255m▄[38;2;255;255;255m[48;2;255;255;255m▄[38;2;255;255;255m[48;2;255;255;255m▄[38;2;255;255;255m[48;2;255;255;255m▄[38;2;255;255;255m[48;2;255;255;255m▄[38;2;255;255;255m[48;2;255;255;255m▄[38;2;255;255;255m[48;2;255;255;255m▄[38;2;255;255;255m[48;2;255;255;255m▄[38;2;255;255;255m[48;2;255;255;255m▄[38;2;255;255;255m[48;2;255;255;255m▄[38;2;255;255;255m[48;2;255;255;255m▄[38;2;255;255;255m[48;2;255;255;255m▄[38;2;255;255;255m[48;2;255;255;255m▄[38;2;255;255;255m[48;2;255;255;255m▄[38;2;57;58;58m[48;2;56;56;56m▄[38;2;0;0;0m[48;2;0;0;0m▄[38;2;145;134;136m[48;2;157;148;150m▄[38;2;227;210;213m[48;2;230;218;220m▄[38;2;202;195;196m[48;2;214;209;210m▄[38;2;210;208;208m[48;2;211;210;209m▄[38;2;224;216;217m[48;2;199;189;190m▄[38;2;223;218;219m[48;2;161;155;156m▄[38;2;173;159;162m[48;2;110;103;105m▄[38;2;212;212;212m[48;2;140;140;140m▄[38;2;160;161;161m[48;2;153;148;148m▄[38;2;243;235;234m[48;2;217;194;193m▄[38;2;222;197;195m[48;2;221;202;200m▄[38;2;255;255;255m[48;2;255;255;255m▄[38;2;255;255;255m[48;2;255;255;255m▄[38;2;255;255;255m[48;2;255;255;255m▄[38;2;233;219;218m[48;2;232;222;222m▄[38;2;229;210;210m[48;2;218;203;202m▄[38;2;245;229;229m[48;2;237;230;229m▄[38;2;251;253;253m[48;2;170;165;164m▄[38;2;227;222;222m[48;2;170;154;153m▄[38;2;189;171;170m[48;2;173;153;152m▄[38;2;248;244;243m[48;2;243;242;241m▄[38;2;255;255;255m[48;2;255;255;255m▄[38;2;255;255;255m[48;2;255;255;255m▄[38;2;255;255;255m[48;2;255;255;255m▄[38;2;254;252;251m[48;2;239;239;238m▄[38;2;189;176;175m[48;2;184;173;171m▄[38;2;216;205;204m[48;2;221;211;211m▄[38;2;213;192;196m[48;2;194;180;182m▄[38;2;20;16;17m[48;2;23;24;24m▄[0m
[38;2;0;0;0m[48;2;0;0;0m▄[38;2;29;27;29m[48;2;89;71;71m▄[38;2;72;56;65m[48;2;191;130;129m▄[38;2;64;54;58m[48;2;152;110;99m▄[38;2;68;65;68m[48;2;164;135;122m▄[38;2;47;44;45m[48;2;152;123;97m▄[38;2;56;53;50m[48;2;153;119;83m▄[38;2;62;56;55m[48;2;169;125;110m▄[38;2;57;51;57m[48;2;166;121;115m▄[38;2;57;50;54m[48;2;178;142;133m▄[38;2;61;52;53m[48;2;155;114;87m▄[38;2;57;48;49m[48;2;152;124;92m▄[38;2;52;49;48m[48;2;209;186;183m▄[38;2;45;36;37m[48;2;226;198;200m▄[38;2;50;42;44m[48;2;235;207;213m▄[38;2;49;37;39m[48;2;227;195;195m▄[38;2;50;43;41m[48;2;234;217;204m▄[38;2;54;46;44m[48;2;222;193;185m▄[38;2;59;46;45m[48;2;229;191;191m▄[38;2;55;41;42m[48;2;238;206;209m▄[38;2;53;42;45m[48;2;225;200;203m▄[38;2;54;41;43m[48;2;228;209;210m▄[38;2;62;52;53m[48;2;245;223;225m▄[38;2;60;46;47m[48;2;236;206;208m▄[38;2;47;38;40m[48;2;227;205;205m▄[38;2;34;31;34m[48;2;229;214;213m▄[38;2;49;43;44m[48;2;228;201;203m▄[38;2;61;52;50m[48;2;228;194;195m▄[38;2;63;48;47m[48;2;234;200;198m▄[38;2;17;11;11m[48;2;50;42;42m▄[38;2;0;0;0m[48;2;0;0;0m▄[38;2;64;63;63m[48;2;158;154;155m▄[38;2;102;102;102m[48;2;182;168;171m▄[38;2;108;107;107m[48;2;222;222;222m▄[38;2;107;106;106m[48;2;222;222;222m▄[38;2;100;99;100m[48;2;214;215;214m▄[38;2;94;94;94m[48;2;209;210;209m▄[38;2;90;90;90m[48;2;166;150;155m▄[38;2;85;85;85m[48;2;181;179;180m▄[38;2;76;76;76m[48;2;113;115;115m▄[38;2;70;70;70m[48;2;181;174;174m▄[38;2;72;72;72m[48;2;167;154;154m▄[38;2;72;72;72m[48;2;193;194;194m▄[38;2;69;69;69m[48;2;189;189;189m▄[38;2;70;70;70m[48;2;185;185;185m▄[38;2;75;76;76m[48;2;166;159;159m▄[38;2;77;78;78m[48;2;130;103;102m▄[38;2;82;83;83m[48;2;158;148;147m▄[38;2;86;86;86m[48;2;180;180;180m▄[38;2;90;90;90m[48;2;175;175;175m▄[38;2;95;95;95m[48;2;129;121;121m▄[38;2;94;95;95m[48;2;154;150;150m▄[38;2;94;94;94m[48;2;170;170;170m▄[38;2;91;91;91m[48;2;170;169;170m▄[38;2;88;88;88m[48;2;170;169;169m▄[38;2;87;87;87m[48;2;159;157;157m▄[38;2;91;92;92m[48;2;116;107;107m▄[38;2;88;88;88m[48;2;164;164;164m▄[38;2;66;67;67m[48;2;130;119;120m▄[38;2;0;0;0m[48;2;9;5;5m▄[0m
[38;2;0;0;0m[48;2;0;0;0m▄[38;2;54;54;54m[48;2;58;59;59m▄[38;2;255;255;255m[48;2;233;236;235m▄[38;2;195;203;209m[48;2;223;226;227m▄[38;2;238;240;242m[48;2;178;185;191m▄[38;2;255;255;255m[48;2;189;195;201m▄[38;2;255;255;255m[48;2;217;220;223m▄[38;2;255;255;255m[48;2;230;231;232m▄[38;2;255;255;255m[48;2;227;228;228m▄[38;2;255;255;255m[48;2;225;227;226m▄[38;2;255;255;255m[48;2;223;225;226m▄[38;2;255;255;255m[48;2;223;225;225m▄[38;2;255;255;255m[48;2;218;219;219m▄[38;2;255;255;255m[48;2;217;219;218m▄[38;2;255;255;255m[48;2;215;217;216m▄[38;2;255;255;255m[48;2;216;218;218m▄[38;2;255;255;255m[48;2;216;217;217m▄[38;2;255;255;255m[48;2;218;219;220m▄[38;2;255;255;255m[48;2;218;221;221m▄[38;2;255;255;255m[48;2;220;222;222m▄[38;2;255;255;255m[48;2;220;222;221m▄[38;2;255;255;255m[48;2;220;222;222m▄[38;2;255;255;255m[48;2;218;220;220m▄[38;2;255;255;255m[48;2;219;222;221m▄[38;2;255;255;255m[48;2;213;215;216m▄[38;2;255;255;255m[48;2;192;196;201m▄[38;2;255;255;255m[48;2;181;188;193m▄[38;2;245;248;249m[48;2;177;186;191m▄[38;2;211;221;228m[48;2;212;218;221m▄[38;2;81;84;86m[48;2;96;96;95m▄[38;2;0;0;0m[48;2;0;0;0m▄[38;2;146;145;145m[48;2;174;174;174m▄[38;2;238;236;235m[48;2;255;255;255m▄[38;2;229;227;226m[48;2;255;255;255m▄[38;2;234;232;231m[48;2;255;255;255m▄[38;2;240;238;237m[48;2;255;255;255m▄[38;2;244;243;241m[48;2;255;255;255m▄[38;2;238;236;235m[48;2;255;255;255m▄[38;2;237;235;234m[48;2;255;255;255m▄[38;2;241;239;239m[48;2;255;255;255m▄[38;2;242;242;241m[48;2;255;255;255m▄[38;2;242;242;241m[48;2;255;255;255m▄[38;2;243;243;243m[48;2;255;255;255m▄[38;2;245;245;245m[48;2;255;255;255m▄[38;2;247;246;246m[48;2;255;255;255m▄[38;2;246;246;246m[48;2;255;255;255m▄[38;2;250;249;249m[48;2;255;255;255m▄[38;2;248;248;248m[48;2;255;255;255m▄[38;2;251;252;251m[48;2;255;255;255m▄[38;2;252;252;252m[48;2;255;255;255m▄[38;2;254;254;255m[48;2;255;255;255m▄[38;2;254;255;255m[48;2;255;255;255m▄[38;2;255;255;255m[48;2;255;255;255m▄[38;2;255;255;255m[48;2;255;255;255m▄[38;2;255;255;255m[48;2;255;255;255m▄[38;2;255;255;255m[48;2;255;255;255m▄[38;2;255;255;255m[48;2;255;255;255m▄[38;2;255;255;255m[48;2;255;255;255m▄[38;2;187;187;187m[48;2;203;203;203m▄[38;2;0;0;0m[48;2;0;0;0m▄[0m
[38;2;0;0;0m[48;2;0;0;0m▄[38;2;40;40;40m[48;2;42;42;42m▄[38;2;255;255;255m[48;2;237;239;241m▄[38;2;221;225;229m[48;2;183;192;200m▄[38;2;206;211;216m[48;2;255;255;255m▄[38;2;219;222;226m[48;2;255;255;255m▄[38;2;225;226;230m[48;2;255;255;255m▄[38;2;226;228;231m[48;2;255;255;255m▄[38;2;226;229;232m[48;2;255;255;255m▄[38;2;226;230;232m[48;2;255;255;255m▄[38;2;226;229;232m[48;2;255;255;255m▄[38;2;226;228;231m[48;2;255;255;255m▄[38;2;228;230;234m[48;2;255;255;255m▄[38;2;230;231;235m[48;2;255;255;255m▄[38;2;217;220;224m[48;2;255;255;255m▄[38;2;227;230;234m[48;2;255;255;255m▄[38;2;221;225;231m[48;2;255;255;255m▄[38;2;224;226;230m[48;2;255;255;255m▄[38;2;229;230;233m[48;2;255;255;255m▄[38;2;227;229;232m[48;2;255;255;255m▄[38;2;227;229;233m[48;2;255;255;255m▄[38;2;228;230;233m[48;2;255;255;255m▄[38;2;229;231;233m[48;2;255;255;255m▄[38;2;229;231;233m[48;2;255;255;255m▄[38;2;229;231;234m[48;2;255;255;255m▄[38;2;228;230;233m[48;2;255;255;255m▄[38;2;223;226;230m[48;2;255;255;255m▄[38;2;211;216;222m[48;2;255;255;255m▄[38;2;211;219;226m[48;2;229;236;240m▄[38;2;139;140;141m[48;2;73;81;88m▄[38;2;0;0;0m[48;2;0;0;0m▄[38;2;121;116;115m[48;2;130;125;124m▄[38;2;241;238;234m[48;2;239;236;235m▄[38;2;219;216;212m[48;2;209;205;204m▄[38;2;233;232;228m[48;2;217;214;213m▄[38;2;214;208;206m[48;2;223;220;218m▄[38;2;200;191;190m[48;2;221;219;215m▄[38;2;216;209;208m[48;2;214;211;208m▄[38;2;214;206;205m[48;2;214;211;209m▄[38;2;224;223;224m[48;2;215;213;212m▄[38;2;214;210;210m[48;2;213;212;210m▄[38;2;228;226;225m[48;2;208;206;202m▄[38;2;233;228;227m[48;2;215;213;210m▄[38;2;215;207;206m[48;2;216;213;212m▄[38;2;228;225;225m[48;2;214;210;209m▄[38;2;227;225;224m[48;2;214;207;207m▄[38;2;220;217;216m[48;2;214;210;209m▄[38;2;230;227;226m[48;2;216;213;212m▄[38;2;221;217;215m[48;2;210;207;206m▄[38;2;220;216;216m[48;2;215;213;211m▄[38;2;224;222;221m[48;2;221;219;216m▄[38;2;223;219;217m[48;2;221;220;217m▄[38;2;216;208;207m[48;2;215;210;208m▄[38;2;220;212;211m[48;2;219;212;210m▄[38;2;212;203;201m[48;2;224;218;216m▄[38;2;218;211;207m[48;2;219;215;214m▄[38;2;217;212;208m[48;2;219;216;214m▄[38;2;219;215;212m[48;2;231;229;228m▄[38;2;146;143;141m[48;2;164;163;162m▄[38;2;0;0;0m[48;2;0;0;0m▄[0m
[38;2;0;0;0m[48;2;0;0;0m▄[38;2;59;59;59m[48;2;52;52;52m▄[38;2;255;255;255m[48;2;255;255;255m▄[38;2;255;255;255m[48;2;255;255;255m▄[38;2;255;255;255m[48;2;254;254;253m▄[38;2;255;255;255m[48;2;244;245;246m▄[38;2;255;255;255m[48;2;241;242;243m▄[38;2;255;255;255m[48;2;240;242;243m▄[38;2;255;255;255m[48;2;240;242;243m▄[38;2;255;255;255m[48;2;240;242;243m▄[38;2;255;255;255m[48;2;240;242;243m▄[38;2;255;255;255m[48;2;240;242;243m▄[38;2;210;210;209m[48;2;227;228;230m▄[38;2;183;183;183m[48;2;158;159;161m▄[38;2;251;251;251m[48;2;139;140;141m▄[38;2;222;223;224m[48;2;141;142;143m▄[38;2;190;190;192m[48;2;206;209;212m▄[38;2;255;255;255m[48;2;234;236;238m▄[38;2;255;255;255m[48;2;243;243;245m▄[38;2;255;255;255m[48;2;239;241;242m▄[38;2;255;255;255m[48;2;237;239;241m▄[38;2;255;255;255m[48;2;236;238;240m▄[38;2;255;255;255m[48;2;236;238;239m▄[38;2;255;255;255m[48;2;236;237;239m▄[38;2;255;255;255m[48;2;236;237;240m▄[38;2;255;255;255m[48;2;236;238;240m▄[38;2;255;255;255m[48;2;237;238;241m▄[38;2;255;255;255m[48;2;242;244;245m▄[38;2;255;255;255m[48;2;255;255;255m▄[38;2;118;118;118m[48;2;135;135;134m▄[38;2;0;0;0m[48;2;0;0;0m▄[38;2;127;125;125m[48;2;95;84;82m▄[38;2;203;202;201m[48;2;236;229;226m▄[38;2;201;176;176m[48;2;247;241;239m▄[38;2;239;225;224m[48;2;221;196;194m▄[38;2;242;239;239m[48;2;197;169;167m▄[38;2;214;212;210m[48;2;224;208;208m▄[38;2;217;215;214m[48;2;228;210;209m▄[38;2;233;237;237m[48;2;221;197;197m▄[38;2;185;160;160m[48;2;216;194;194m▄[38;2;192;180;179m[48;2;247;244;245m▄[38;2;206;203;204m[48;2;225;222;223m▄[38;2;195;192;193m[48;2;187;177;177m▄[38;2;207;207;207m[48;2;211;206;205m▄[38;2;212;211;210m[48;2;226;223;223m▄[38;2;228;227;227m[48;2;163;159;158m▄[38;2;203;202;203m[48;2;186;182;180m▄[38;2;153;142;134m[48;2;173;173;173m▄[38;2;245;229;217m[48;2;228;219;214m▄[38;2;220;206;195m[48;2;206;193;187m▄[38;2;220;211;204m[48;2;211;202;198m▄[38;2;239;229;221m[48;2;224;210;205m▄[38;2;219;209;201m[48;2;207;192;191m▄[38;2;204;185;176m[48;2;222;219;222m▄[38;2;226;211;211m[48;2;229;224;224m▄[38;2;210;187;187m[48;2;218;210;209m▄[38;2;218;205;204m[48;2;199;191;191m▄[38;2;233;219;219m[48;2;211;206;204m▄[38;2;181;174;172m[48;2;171;169;169m▄[38;2;0;0;0m[48;2;0;0;0m▄[0m
[38;2;0;0;0m[48;2;0;0;0m▄[38;2;54;54;54m[48;2;59;59;59m▄[38;2;255;255;255m[48;2;255;255;255m▄[38;2;255;255;255m[48;2;255;255;255m▄[38;2;255;255;255m[48;2;255;255;255m▄[38;2;255;255;255m[48;2;255;255;255m▄[38;2;255;255;255m[48;2;255;255;255m▄[38;2;255;255;255m[48;2;255;255;255m▄[38;2;255;255;255m[48;2;255;255;255m▄[38;2;244;245;246m[48;2;255;255;255m▄[38;2;220;219;216m[48;2;255;255;255m▄[38;2;193;188;179m[48;2;255;255;255m▄[38;2;168;156;142m[48;2;232;234;237m▄[38;2;138;120;98m[48;2;173;175;178m▄[38;2;112;89;60m[48;2;208;209;208m▄[38;2;98;73;36m[48;2;173;170;165m▄[38;2;131;118;98m[48;2;128;122;112m▄[38;2;232;232;231m[48;2;228;227;226m▄[38;2;255;255;255m[48;2;255;255;255m▄[38;2;255;255;255m[48;2;255;255;255m▄[38;2;255;255;255m[48;2;255;255;255m▄[38;2;255;255;255m[48;2;255;255;255m▄[38;2;255;255;255m[48;2;255;255;255m▄[38;2;255;255;255m[48;2;255;255;255m▄[38;2;255;255;255m[48;2;255;255;255m▄[38;2;255;255;255m[48;2;255;255;255m▄[38;2;255;255;255m[48;2;255;255;255m▄[38;2;255;255;255m[48;2;255;255;255m▄[38;2;255;255;255m[48;2;255;255;255m▄[38;2;115;116;116m[48;2;115;115;115m▄[38;2;0;0;0m[48;2;0;0;0m▄[38;2;122;98;100m[48;2;104;93;93m▄[38;2;205;169;173m[48;2;158;147;144m▄[38;2;221;201;204m[48;2;172;143;143m▄[38;2;226;217;218m[48;2;218;189;188m▄[38;2;212;197;200m[48;2;253;253;253m▄[38;2;217;202;204m[48;2;244;245;244m▄[38;2;221;209;211m[48;2;157;160;159m▄[38;2;182;186;186m[48;2;155;155;155m▄[38;2;134;121;120m[48;2;118;110;109m▄[38;2;191;159;159m[48;2;128;129;129m▄[38;2;200;161;161m[48;2;199;195;195m▄[38;2;225;206;206m[48;2;223;216;216m▄[38;2;235;223;223m[48;2;221;215;215m▄[38;2;222;201;200m[48;2;225;220;221m▄[38;2;227;209;208m[48;2;248;247;247m▄[38;2;196;170;167m[48;2;215;218;218m▄[38;2;130;122;119m[48;2;168;161;156m▄[38;2;110;115;115m[48;2;198;198;198m▄[38;2;174;168;168m[48;2;245;246;246m▄[38;2;202;182;182m[48;2;246;244;242m▄[38;2;189;169;167m[48;2;217;213;211m▄[38;2;213;200;198m[48;2;143;134;131m▄[38;2;209;194;193m[48;2;168;134;124m▄[38;2;200;182;181m[48;2;240;233;233m▄[38;2;195;183;182m[48;2;216;212;212m▄[38;2;203;198;197m[48;2;203;199;197m▄[38;2;207;199;198m[48;2;230;227;226m▄[38;2;144;122;125m[48;2;162;158;156m▄[38;2;1;2;2m[48;2;1;1;1m▄[0m
[38;2;0;0;0m[48;2;0;0;0m▄[38;2;35;35;35m[48;2;47;47;47m▄[38;2;203;200;194m[48;2;255;255;255m▄[38;2;173;164;152m[48;2;255;255;255m▄[38;2;141;127;108m[48;2;255;255;255m▄[38;2;114;96;71m[48;2;239;239;240m▄[38;2;106;83;51m[48;2;209;206;202m▄[38;2;108;82;46m[48;2;177;169;157m▄[38;2;113;86;49m[48;2;149;134;115m▄[38;2;119;92;57m[48;2;127;107;82m▄[38;2;117;92;60m[48;2;116;92;60m▄[38;2;114;91;62m[48;2;112;85;50m▄[38;2;112;90;60m[48;2;113;85;50m▄[38;2;114;89;56m[48;2;117;90;56m▄[38;2;107;92;72m[48;2;114;87;51m▄[38;2;245;247;250m[48;2;145;133;118m▄[38;2;255;255;255m[48;2;251;252;254m▄[38;2;255;255;255m[48;2;255;255;255m▄[38;2;255;255;255m[48;2;255;255;255m▄[38;2;255;255;255m[48;2;255;255;255m▄[38;2;255;255;255m[48;2;255;255;255m▄[38;2;255;255;255m[48;2;255;255;255m▄[38;2;255;255;255m[48;2;255;255;255m▄[38;2;255;255;255m[48;2;255;255;255m▄[38;2;255;255;255m[48;2;255;255;255m▄[38;2;255;255;255m[48;2;255;255;255m▄[38;2;255;255;255m[48;2;255;255;255m▄[38;2;255;255;255m[48;2;255;255;255m▄[38;2;255;255;255m[48;2;255;255;255m▄[38;2;110;110;110m[48;2;113;113;113m▄[38;2;0;0;0m[48;2;0;0;0m▄[38;2;131;130;130m[48;2;165;164;165m▄[38;2;255;255;255m[48;2;229;219;220m▄[38;2;247;246;246m[48;2;209;203;204m▄[38;2;250;248;249m[48;2;215;205;208m▄[38;2;255;255;255m[48;2;235;227;229m▄[38;2;255;255;255m[48;2;253;252;252m▄[38;2;220;197;199m[48;2;222;202;204m▄[38;2;171;151;151m[48;2;155;151;153m▄[38;2;153;119;117m[48;2;132;109;108m▄[38;2;233;212;211m[48;2;253;238;237m▄[38;2;254;254;254m[48;2;233;219;219m▄[38;2;254;254;254m[48;2;215;196;195m▄[38;2;254;254;254m[48;2;231;221;221m▄[38;2;255;255;255m[48;2;238;225;225m▄[38;2;255;255;255m[48;2;255;255;255m▄[38;2;245;238;237m[48;2;250;240;239m▄[38;2;172;145;144m[48;2;133;100;99m▄[38;2;85;73;71m[48;2;49;41;42m▄[38;2;205;192;191m[48;2;192;174;174m▄[38;2;255;255;255m[48;2;239;234;234m▄[38;2;255;255;255m[48;2;215;211;210m▄[38;2;248;247;247m[48;2;216;214;214m▄[38;2;255;255;255m[48;2;220;216;215m▄[38;2;255;255;255m[48;2;246;244;244m▄[38;2;250;249;249m[48;2;250;247;247m▄[38;2;194;184;184m[48;2;197;181;180m▄[38;2;197;176;179m[48;2;201;177;180m▄[38;2;196;188;189m[48;2;168;156;159m▄[38;2;5;7;6m[48;2;0;0;0m▄[0m
[38;2;0;0;0m[48;2;0;0;0m▄[38;2;14;10;7m[48;2;15;12;10m▄[38;2;113;91;56m[48;2;103;79;51m▄[38;2;124;99;62m[48;2;112;83;48m▄[38;2;124;97;60m[48;2;118;88;52m▄[38;2;122;96;60m[48;2;123;96;60m▄[38;2;125;99;64m[48;2;125;98;64m▄[38;2;122;97;61m[48;2;126;98;64m▄[38;2;123;98;61m[48;2;125;98;63m▄[38;2;120;95;57m[48;2;126;100;64m▄[38;2;119;95;61m[48;2;119;94;63m▄[38;2;108;86;57m[48;2;110;89;61m▄[38;2;116;94;65m[48;2;113;89;58m▄[38;2;167;160;148m[48;2;96;70;35m▄[38;2;240;243;242m[48;2;144;135;122m▄[38;2;255;255;255m[48;2;255;255;255m▄[38;2;255;255;255m[48;2;255;255;255m▄[38;2;255;255;255m[48;2;255;255;255m▄[38;2;255;255;255m[48;2;255;255;255m▄[38;2;255;255;255m[48;2;255;255;255m▄[38;2;255;255;255m[48;2;255;255;255m▄[38;2;255;255;255m[48;2;255;255;255m▄[38;2;255;255;255m[48;2;255;255;255m▄[38;2;255;255;255m[48;2;255;255;255m▄[38;2;255;255;255m[48;2;255;255;255m▄[38;2;255;255;255m[48;2;255;255;255m▄[38;2;255;255;255m[48;2;255;255;255m▄[38;2;255;255;255m[48;2;255;255;255m▄[38;2;255;255;255m[48;2;255;255;255m▄[38;2;105;107;106m[48;2;107;108;108m▄[38;2;0;0;0m[48;2;0;0;0m▄[38;2;102;101;101m[48;2;79;68;70m▄[38;2;218;208;210m[48;2;239;231;232m▄[38;2;183;179;180m[48;2;255;255;255m▄[38;2;179;172;173m[48;2;254;254;254m▄[38;2;185;177;178m[48;2;232;230;231m▄[38;2;130;120;123m[48;2;184;178;179m▄[38;2;134;132;133m[48;2;162;145;148m▄[38;2;138;141;140m[48;2;177;162;161m▄[38;2;191;187;187m[48;2;193;169;167m▄[38;2;218;192;191m[48;2;206;171;169m▄[38;2;236;225;224m[48;2;243;237;236m▄[38;2;255;255;255m[48;2;255;255;255m▄[38;2;255;255;255m[48;2;255;255;255m▄[38;2;244;239;239m[48;2;252;250;250m▄[38;2;219;207;206m[48;2;237;231;231m▄[38;2;224;213;212m[48;2;216;201;200m▄[38;2;234;232;232m[48;2;199;194;193m▄[38;2;169;165;164m[48;2;140;129;127m▄[38;2;185;168;167m[48;2;160;139;138m▄[38;2;194;181;180m[48;2;215;208;207m▄[38;2;255;255;255m[48;2;255;255;255m▄[38;2;255;255;255m[48;2;255;255;255m▄[38;2;255;255;255m[48;2;255;255;255m▄[38;2;255;255;255m[48;2;255;255;255m▄[38;2;210;207;207m[48;2;214;209;209m▄[38;2;183;173;172m[48;2;203;195;193m▄[38;2;199;182;183m[48;2;243;239;239m▄[38;2;208;197;199m[48;2;184;170;172m▄[38;2;18;19;19m[48;2;17;19;19m▄[0m
[38;2;0;0;0m[48;2;0;0;0m▄[38;2;19;18;19m[48;2;22;20;18m▄[38;2;128;91;106m[48;2;160;119;102m▄[38;2;118;81;89m[48;2;146;108;85m▄[38;2;117;101;102m[48;2;148;115;88m▄[38;2;113;99;95m[48;2;152;122;91m▄[38;2;112;94;78m[48;2;141;108;69m▄[38;2;128;105;96m[48;2;154;117;86m▄[38;2;119;93;101m[48;2;154;112;87m▄[38;2;127;106;112m[48;2;163;128;104m▄[38;2;124;98;93m[48;2;145;110;81m▄[38;2;118;95;81m[48;2;133;103;63m▄[38;2;120;104;97m[48;2;173;154;141m▄[38;2;117;96;97m[48;2;255;250;253m▄[38;2;115;88;92m[48;2;255;255;255m▄[38;2;110;81;86m[48;2;255;245;247m▄[38;2;103;85;78m[48;2;255;254;248m▄[38;2;95;79;69m[48;2;255;245;239m▄[38;2;89;60;57m[48;2;255;235;234m▄[38;2;95;69;70m[48;2;255;251;252m▄[38;2;89;62;67m[48;2;255;251;253m▄[38;2;83;66;69m[48;2;255;253;253m▄[38;2;91;73;74m[48;2;255;255;255m▄[38;2;90;65;68m[48;2;255;255;255m▄[38;2;87;72;73m[48;2;255;249;248m▄[38;2;84;74;72m[48;2;255;255;254m▄[38;2;83;67;67m[48;2;255;255;255m▄[38;2;85;61;60m[48;2;255;243;244m▄[38;2;101;71;68m[48;2;255;254;253m▄[38;2;53;37;36m[48;2;122;115;115m▄[38;2;0;0;0m[48;2;0;0;0m▄[38;2;53;43;45m[48;2;83;64;69m▄[38;2;175;176;176m[48;2;255;245;248m▄[38;2;172;172;172m[48;2;253;252;252m▄[38;2;167;166;167m[48;2;255;255;255m▄[38;2;165;165;165m[48;2;255;255;255m▄[38;2;150;145;146m[48;2;240;229;231m▄[38;2;138;129;132m[48;2;240;224;227m▄[38;2;114;115;115m[48;2;203;206;205m▄[38;2;116;117;117m[48;2;211;214;214m▄[38;2;129;116;116m[48;2;244;220;219m▄[38;2;139;138;138m[48;2;255;252;252m▄[38;2;140;139;139m[48;2;255;255;255m▄[38;2;137;137;137m[48;2;255;255;255m▄[38;2;134;134;134m[48;2;255;255;255m▄[38;2;114;102;102m[48;2;231;210;208m▄[38;2;102;86;85m[48;2;227;201;199m▄[38;2;129;129;129m[48;2;255;255;255m▄[38;2;134;134;134m[48;2;255;255;255m▄[38;2;126;124;125m[48;2;241;236;235m▄[38;2;96;89;89m[48;2;206;191;190m▄[38;2;129;129;129m[48;2;255;255;255m▄[38;2;129;128;128m[48;2;255;255;255m▄[38;2;129;128;128m[48;2;255;255;255m▄[38;2;129;128;129m[48;2;255;255;255m▄[38;2;104;100;99m[48;2;223;214;213m▄[38;2;122;120;120m[48;2;203;193;191m▄[38;2;132;131;131m[48;2;251;243;244m▄[38;2;96;90;90m[48;2;199;180;182m▄[38;2;12;13;13m[48;2;22;24;24m▄[0m
