[38;2;104;123;138m[48;2;104;122;136m▄[38;2;122;142;160m[48;2;112;131;148m▄[38;2;113;131;149m[48;2;104;121;137m▄[38;2;113;131;149m[48;2;104;121;137m▄[38;2;114;132;149m[48;2;104;121;137m▄[38;2;114;133;150m[48;2;104;121;137m▄[38;2;115;133;150m[48;2;104;121;137m▄[38;2;115;133;151m[48;2;104;119;137m▄[38;2;114;133;150m[48;2;104;121;137m▄[38;2;114;132;150m[48;2;104;121;137m▄[38;2;113;131;149m[48;2;104;121;137m▄[38;2;113;131;149m[48;2;104;121;137m▄[38;2;113;131;149m[48;2;104;121;137m▄[38;2;114;132;150m[48;2;104;121;137m▄[38;2;114;133;150m[48;2;104;121;137m▄[38;2;115;133;150m[48;2;104;119;137m▄[38;2;115;133;150m[48;2;104;121;137m▄[38;2;115;133;150m[48;2;104;121;137m▄[38;2;113;132;149m[48;2;104;121;137m▄[38;2;113;131;148m[48;2;104;121;137m▄[38;2;113;131;148m[48;2;102;119;137m▄[38;2;112;131;148m[48;2;102;119;135m▄[38;2;108;128;147m[48;2;104;119;137m▄[38;2;114;131;148m[48;2;102;119;135m▄[38;2;134;145;154m[48;2;94;113;133m▄[38;2;156;161;162m[48;2;96;115;133m▄[38;2;127;133;148m[48;2;125;139;146m▄[38;2;123;128;148m[48;2;146;156;158m▄[38;2;119;124;145m[48;2;146;152;156m▄[38;2;117;122;144m[48;2;133;141;148m▄[38;2;122;127;145m[48;2;144;150;160m▄[38;2;140;143;157m[48;2;142;150;162m▄[38;2;144;153;170m[48;2;125;141;152m▄[38;2;175;185;195m[48;2;96;115;133m▄[38;2;157;170;183m[48;2;88;108;125m▄[38;2;116;136;154m[48;2;100;117;135m▄[38;2;107;127;146m[48;2;104;121;137m▄[38;2;112;131;148m[48;2;104;121;137m▄[38;2;112;131;148m[48;2;104;119;137m▄[38;2;112;131;148m[48;2;104;121;137m▄[38;2;113;131;148m[48;2;104;121;137m▄[38;2;113;132;149m[48;2;104;121;137m▄[38;2;114;132;150m[48;2;104;121;137m▄[38;2;114;132;149m[48;2;104;121;137m▄[38;2;113;132;149m[48;2;104;121;137m▄[38;2;113;131;149m[48;2;104;119;137m▄[38;2;115;133;150m[48;2;104;121;139m▄[38;2;116;134;152m[48;2;108;123;141m▄[38;2;116;134;152m[48;2;108;123;141m▄[38;2;115;133;150m[48;2;106;121;139m▄[38;2;80;100;117m[48;2;75;92;108m▄[38;2;82;99;117m[48;2;75;90;106m▄[38;2;89;107;128m[48;2;83;100;117m▄[38;2;79;104;130m[48;2;71;94;117m▄[38;2;144;161;178m[48;2;133;148;164m▄[38;2;135;153;171m[48;2;125;142;158m▄[38;2;132;151;168m[48;2;123;141;156m▄[38;2;132;150;168m[48;2;121;139;156m▄[38;2;132;151;168m[48;2;123;139;156m▄[38;2;143;163;182m[48;2;133;152;169m▄[0m
[38;2;106;123;140m[48;2;105;123;138m▄[38;2;115;134;151m[48;2;114;132;149m▄[38;2;107;124;140m[48;2;106;123;139m▄[38;2;107;124;140m[48;2;107;124;140m▄[38;2;107;124;140m[48;2;107;124;140m▄[38;2;107;124;140m[48;2;108;125;141m▄[38;2;108;126;140m[48;2;108;126;141m▄[38;2;108;126;140m[48;2;108;126;140m▄[38;2;108;126;140m[48;2;108;126;141m▄[38;2;108;126;140m[48;2;108;125;141m▄[38;2;107;124;140m[48;2;107;124;140m▄[38;2;107;124;140m[48;2;106;123;139m▄[38;2;108;125;140m[48;2;106;123;139m▄[38;2;108;126;140m[48;2;108;125;140m▄[38;2;108;125;141m[48;2;108;125;141m▄[38;2;107;124;140m[48;2;107;124;140m▄[38;2;107;124;140m[48;2;107;124;140m▄[38;2;107;124;140m[48;2;107;124;140m▄[38;2;106;123;139m[48;2;106;123;139m▄[38;2;106;123;140m[48;2;105;122;138m▄[38;2;106;123;139m[48;2;104;121;138m▄[38;2;135;137;138m[48;2;103;120;138m▄[38;2;156;150;142m[48;2;122;131;139m▄[38;2;156;151;145m[48;2;147;148;146m▄[38;2;147;141;136m[48;2;166;163;156m▄[38;2;94;88;81m[48;2;131;130;135m▄[38;2;41;34;28m[48;2;109;108;114m▄[38;2;11;5;1m[48;2;84;83;87m▄[38;2;12;3;0m[48;2;64;61;60m▄[38;2;50;26;15m[48;2;46;43;41m▄[38;2;80;46;33m[48;2;35;32;29m▄[38;2;80;46;32m[48;2;37;33;30m▄[38;2;60;33;20m[48;2;59;53;49m▄[38;2;40;21;11m[48;2;118;108;99m▄[38;2;59;43;33m[48;2;177;167;157m▄[38;2;108;88;72m[48;2;170;169;168m▄[38;2;127;114;103m[48;2;128;141;153m▄[38;2;116;122;129m[48;2;104;122;140m▄[38;2;107;124;140m[48;2;105;123;139m▄[38;2;106;124;140m[48;2;105;122;138m▄[38;2;107;124;140m[48;2;105;122;138m▄[38;2;107;124;140m[48;2;107;124;140m▄[38;2;107;124;140m[48;2;107;124;140m▄[38;2;107;124;140m[48;2;106;123;139m▄[38;2;107;124;140m[48;2;106;123;139m▄[38;2;107;124;140m[48;2;106;123;139m▄[38;2;107;124;140m[48;2;107;124;140m▄[38;2;107;124;140m[48;2;107;124;140m▄[38;2;107;124;139m[48;2;107;124;140m▄[38;2;106;123;139m[48;2;107;123;139m▄[38;2;73;92;109m[48;2;74;92;109m▄[38;2;79;95;111m[48;2;78;94;110m▄[38;2;84;100;119m[48;2;81;99;118m▄[38;2;74;97;121m[48;2;75;97;121m▄[38;2;132;147;163m[48;2;132;148;164m▄[38;2;124;141;157m[48;2;124;141;157m▄[38;2;122;139;155m[48;2;122;139;155m▄[38;2;121;138;154m[48;2;121;138;154m▄[38;2;121;138;154m[48;2;122;139;155m▄[38;2;132;151;168m[48;2;132;151;168m▄[0m
[38;2;108;125;142m[48;2;106;123;140m▄[38;2;117;136;153m[48;2;116;134;152m▄[38;2;108;125;141m[48;2;107;124;140m▄[38;2;108;126;141m[48;2;108;125;141m▄[38;2;108;125;141m[48;2;108;125;141m▄[38;2;109;126;141m[48;2;108;125;140m▄[38;2;110;126;141m[48;2;108;125;140m▄[38;2;110;126;141m[48;2;108;126;140m▄[38;2;110;126;141m[48;2;108;126;140m▄[38;2;110;126;141m[48;2;108;126;140m▄[38;2;109;126;141m[48;2;107;125;140m▄[38;2;109;126;141m[48;2;107;125;141m▄[38;2;109;126;141m[48;2;108;126;140m▄[38;2;108;125;141m[48;2;108;126;140m▄[38;2;107;124;140m[48;2;107;124;140m▄[38;2;107;124;140m[48;2;107;124;140m▄[38;2;107;124;140m[48;2;107;124;140m▄[38;2;107;125;138m[48;2;107;125;139m▄[38;2;107;126;138m[48;2;106;124;138m▄[38;2;107;127;141m[48;2;104;124;140m▄[38;2;111;120;128m[48;2;121;126;130m▄[38;2;116;108;103m[48;2;147;136;127m▄[38;2;115;107;100m[48;2;145;138;132m▄[38;2;55;47;41m[48;2;124;116;110m▄[38;2;18;8;1m[48;2;54;46;41m▄[38;2;22;11;4m[48;2;15;9;3m▄[38;2;24;11;5m[48;2;19;12;6m▄[38;2;35;16;4m[48;2;25;14;8m▄[38;2;85;48;30m[48;2;61;35;21m▄[38;2;120;74;53m[48;2;140;89;63m▄[38;2;139;92;69m[48;2;161;110;86m▄[38;2;166;117;91m[48;2;165;113;90m▄[38;2;167;116;92m[48;2;156;103;80m▄[38;2;127;81;63m[48;2;129;78;58m▄[38;2;77;42;30m[48;2;56;28;17m▄[38;2;31;13;6m[48;2;28;15;9m▄[38;2;37;21;11m[48;2;49;31;22m▄[38;2;51;34;23m[48;2;84;73;66m▄[38;2;102;95;91m[48;2;118;122;129m▄[38;2;116;126;136m[48;2;112;128;141m▄[38;2;112;127;141m[48;2;108;125;141m▄[38;2;111;128;144m[48;2;108;125;141m▄[38;2;112;128;144m[48;2;108;126;142m▄[38;2;112;129;145m[48;2;109;126;142m▄[38;2;111;128;144m[48;2;108;125;141m▄[38;2;109;126;142m[48;2;107;124;140m▄[38;2;109;126;142m[48;2;107;124;140m▄[38;2;109;126;142m[48;2;107;124;140m▄[38;2;108;125;142m[48;2;107;124;140m▄[38;2;108;125;141m[48;2;107;124;140m▄[38;2;76;94;110m[48;2;75;93;110m▄[38;2;83;99;114m[48;2;82;96;113m▄[38;2;86;102;120m[48;2;85;100;120m▄[38;2;71;95;120m[48;2;72;96;120m▄[38;2;130;145;161m[48;2;132;147;163m▄[38;2;123;140;156m[48;2;124;141;157m▄[38;2;122;139;155m[48;2;122;139;155m▄[38;2;121;139;153m[48;2;122;139;155m▄[38;2;120;137;152m[48;2;120;137;154m▄[38;2;130;147;164m[48;2;131;149;167m▄[0m
[38;2;110;129;144m[48;2;110;129;142m▄[38;2;120;140;155m[48;2;120;139;154m▄[38;2;112;130;144m[48;2;110;128;142m▄[38;2;112;128;144m[48;2;110;127;142m▄[38;2;111;127;143m[48;2;109;126;142m▄[38;2;111;127;143m[48;2;108;125;141m▄[38;2;111;127;143m[48;2;108;125;141m▄[38;2;109;126;142m[48;2;108;125;141m▄[38;2;109;126;142m[48;2;109;125;142m▄[38;2;110;126;141m[48;2;109;126;142m▄[38;2;110;126;141m[48;2;110;126;141m▄[38;2;112;126;139m[48;2;111;126;140m▄[38;2;112;126;139m[48;2;111;126;140m▄[38;2;112;126;140m[48;2;109;126;141m▄[38;2;112;126;140m[48;2;109;125;141m▄[38;2;112;126;141m[48;2;108;125;140m▄[38;2;112;126;139m[48;2;109;125;140m▄[38;2;111;126;138m[48;2;109;126;138m▄[38;2;111;126;139m[48;2;109;126;139m▄[38;2;111;126;139m[48;2;111;127;140m▄[38;2;111;127;140m[48;2;109;127;142m▄[38;2;114;132;149m[48;2;106;118;130m▄[38;2;79;84;90m[48;2;91;88;90m▄[38;2;38;25;15m[48;2;38;28;23m▄[38;2;44;25;12m[48;2;28;15;7m▄[38;2;33;17;5m[48;2;32;18;8m▄[38;2;36;17;8m[48;2;38;20;10m▄[38;2;83;43;24m[48;2;69;35;19m▄[38;2;126;72;53m[48;2;85;48;34m▄[38;2;141;88;70m[48;2;66;41;33m▄[38;2;140;86;69m[48;2;101;58;44m▄[38;2;114;63;47m[48;2;132;82;60m▄[38;2;138;88;67m[48;2;135;87;67m▄[38;2;136;86;65m[48;2;94;56;45m▄[38;2;155;94;72m[48;2;73;42;34m▄[38;2;132;75;53m[48;2;62;31;18m▄[38;2;50;24;10m[48;2;41;22;10m▄[38;2;74;47;29m[48;2;62;43;27m▄[38;2;73;53;36m[48;2;94;81;68m▄[38;2;99;94;90m[48;2;115;119;126m▄[38;2;119;135;151m[48;2;114;131;146m▄[38;2;118;134;149m[48;2;115;130;147m▄[38;2;118;133;148m[48;2;117;129;147m▄[38;2;118;133;149m[48;2;116;130;146m▄[38;2;116;132;145m[48;2;113;130;144m▄[38;2;115;131;143m[48;2;113;129;143m▄[38;2;115;130;144m[48;2;113;129;143m▄[38;2;114;130;143m[48;2;112;129;143m▄[38;2;111;129;141m[48;2;110;128;142m▄[38;2;110;127;141m[48;2;109;127;142m▄[38;2;76;96;113m[48;2;76;95;111m▄[38;2;86;100;116m[48;2;85;100;115m▄[38;2;88;105;122m[48;2;87;104;122m▄[38;2;72;96;120m[48;2;72;95;120m▄[38;2;129;144;159m[48;2;130;145;161m▄[38;2;123;140;155m[48;2;123;140;156m▄[38;2;123;139;152m[48;2;123;139;154m▄[38;2;123;138;150m[48;2;122;138;151m▄[38;2;123;137;149m[48;2;122;137;150m▄[38;2;132;148;163m[48;2;131;148;163m▄[0m
[38;2;114;131;146m[48;2;112;129;144m▄[38;2;123;141;158m[48;2;121;141;156m▄[38;2;115;131;146m[48;2;112;130;144m▄[38;2;115;131;146m[48;2;113;130;145m▄[38;2;114;130;146m[48;2;113;129;145m▄[38;2;115;129;147m[48;2;114;128;145m▄[38;2;116;129;147m[48;2;112;128;143m▄[38;2;114;129;146m[48;2;112;128;143m▄[38;2;113;129;145m[48;2;112;128;141m▄[38;2;112;128;143m[48;2;111;127;140m▄[38;2;112;128;141m[48;2;111;127;142m▄[38;2;111;127;142m[48;2;111;127;141m▄[38;2;111;127;142m[48;2;111;127;140m▄[38;2;111;127;141m[48;2;111;127;140m▄[38;2;111;127;140m[48;2;112;127;140m▄[38;2;111;127;140m[48;2;111;127;140m▄[38;2;111;127;140m[48;2;111;127;140m▄[38;2;111;127;140m[48;2;111;127;140m▄[38;2;111;127;140m[48;2;111;127;140m▄[38;2;111;127;140m[48;2;111;127;140m▄[38;2;114;131;146m[48;2;113;130;144m▄[38;2;99;102;109m[48;2;107;119;131m▄[38;2;64;50;42m[48;2;59;53;49m▄[38;2;40;22;9m[48;2;38;22;11m▄[38;2;46;26;12m[48;2;47;27;12m▄[38;2;51;28;14m[48;2;36;18;6m▄[38;2;37;20;10m[48;2;42;21;10m▄[38;2;55;28;16m[48;2;71;32;16m▄[38;2;86;43;29m[48;2;132;72;50m▄[38;2;126;78;54m[48;2;165;106;77m▄[38;2;131;81;59m[48;2;147;90;68m▄[38;2;141;81;64m[48;2;127;66;53m▄[38;2;146;78;64m[48;2;130;63;53m▄[38;2;134;77;60m[48;2;114;55;45m▄[38;2;101;63;46m[48;2;142;88;64m▄[38;2;44;24;16m[48;2;123;76;54m▄[38;2;37;19;7m[48;2;42;20;6m▄[38;2;63;35;16m[48;2;67;39;19m▄[38;2;83;57;37m[48;2;91;66;45m▄[38;2;119;110;102m[48;2;94;85;77m▄[38;2;116;117;118m[48;2;114;121;130m▄[38;2;128;141;155m[48;2;121;138;156m▄[38;2;128;146;160m[48;2;119;136;151m▄[38;2;124;142;156m[48;2;119;136;150m▄[38;2;121;138;153m[48;2;118;134;147m▄[38;2;116;133;146m[48;2;117;131;142m▄[38;2;113;129;142m[48;2;115;130;146m▄[38;2;112;128;141m[48;2;114;130;144m▄[38;2;110;128;141m[48;2;111;128;141m▄[38;2;110;128;141m[48;2;110;127;142m▄[38;2;78;95;112m[48;2;77;96;113m▄[38;2;87;102;119m[48;2;86;101;116m▄[38;2;88;104;122m[48;2;88;105;122m▄[38;2;71;97;119m[48;2;72;97;118m▄[38;2;129;142;159m[48;2;130;143;159m▄[38;2;125;138;155m[48;2;124;138;156m▄[38;2;123;139;153m[48;2;123;139;154m▄[38;2;123;137;150m[48;2;123;137;150m▄[38;2;121;137;151m[48;2;122;138;150m▄[38;2;130;147;164m[48;2;131;148;165m▄[0m
[38;2;112;129;146m[48;2;114;131;146m▄[38;2;122;140;157m[48;2;124;141;158m▄[38;2;115;131;145m[48;2;115;131;146m▄[38;2;114;130;145m[48;2;115;131;146m▄[38;2;114;130;143m[48;2;115;131;145m▄[38;2;114;130;143m[48;2;115;129;145m▄[38;2;114;130;143m[48;2;115;129;145m▄[38;2;114;130;143m[48;2;115;129;145m▄[38;2;114;130;143m[48;2;114;130;145m▄[38;2;113;130;144m[48;2;113;129;145m▄[38;2;112;128;142m[48;2;113;129;144m▄[38;2;112;128;142m[48;2;112;128;143m▄[38;2;111;127;142m[48;2;111;127;142m▄[38;2;111;127;142m[48;2;111;127;142m▄[38;2;112;128;142m[48;2;111;127;142m▄[38;2;113;129;143m[48;2;111;127;141m▄[38;2;114;131;145m[48;2;111;127;140m▄[38;2;116;133;146m[48;2;111;127;140m▄[38;2;110;126;141m[48;2;112;128;141m▄[38;2;106;114;128m[48;2;113;131;144m▄[38;2;128;125;132m[48;2;111;131;145m▄[38;2;125;130;134m[48;2;110;121;134m▄[38;2;98;96;98m[48;2;86;79;79m▄[38;2;68;58;54m[48;2;49;30;19m▄[38;2;55;39;29m[48;2;49;27;13m▄[38;2;49;27;13m[48;2;52;29;13m▄[38;2;51;30;16m[48;2;50;27;14m▄[38;2;54;35;22m[48;2;46;26;14m▄[38;2;76;44;33m[48;2;53;26;18m▄[38;2;88;51;40m[48;2;69;36;26m▄[38;2;85;50;40m[48;2;86;49;36m▄[38;2;89;54;42m[48;2;110;68;53m▄[38;2;91;56;42m[48;2;113;72;56m▄[38;2;100;61;44m[48;2;102;63;48m▄[38;2;83;50;37m[48;2;49;26;19m▄[38;2;44;25;15m[48;2;26;13;4m▄[38;2;65;46;36m[48;2;35;17;6m▄[38;2;104;89;78m[48;2;53;31;17m▄[38;2;135;127;116m[48;2;83;63;47m▄[38;2;165;154;141m[48;2;122;111;100m▄[38;2;135;104;102m[48;2;146;132;125m▄[38;2;28;23;42m[48;2;110;99;104m▄[38;2;64;62;84m[48;2;102;112;133m▄[38;2;88;88;112m[48;2;121;136;155m▄[38;2;87;92;118m[48;2;126;143;160m▄[38;2;91;94;117m[48;2;111;129;144m▄[38;2;96;108;128m[48;2;109;127;141m▄[38;2;102;118;131m[48;2;110;129;143m▄[38;2;88;99;109m[48;2;113;133;148m▄[38;2;102;117;132m[48;2;109;127;142m▄[38;2;78;94;111m[48;2;79;97;113m▄[38;2;81;96;112m[48;2;87;102;118m▄[38;2;79;95;113m[48;2;84;100;119m▄[38;2;68;92;114m[48;2;69;94;116m▄[38;2;129;141;158m[48;2;129;142;158m▄[38;2;122;137;152m[48;2;125;137;154m▄[38;2;123;136;153m[48;2;123;137;153m▄[38;2;121;135;152m[48;2;122;136;152m▄[38;2;119;134;150m[48;2;120;136;152m▄[38;2;129;144;162m[48;2;130;147;164m▄[0m
[38;2;114;129;142m[48;2;114;129;144m▄[38;2;122;140;157m[48;2;122;140;157m▄[38;2;114;129;146m[48;2;114;130;143m▄[38;2;115;129;146m[48;2;114;130;144m▄[38;2;114;130;146m[48;2;114;130;144m▄[38;2;115;129;146m[48;2;114;130;143m▄[38;2;113;131;145m[48;2;114;130;143m▄[38;2;112;130;144m[48;2;114;130;143m▄[38;2;114;132;146m[48;2;114;130;143m▄[38;2;112;128;142m[48;2;113;130;143m▄[38;2;107;124;139m[48;2;112;128;142m▄[38;2;107;123;139m[48;2;111;127;141m▄[38;2;107;124;139m[48;2;110;127;141m▄[38;2;108;125;139m[48;2;111;127;142m▄[38;2;113;130;144m[48;2;112;128;143m▄[38;2;80;90;108m[48;2;112;129;143m▄[38;2;59;60;80m[48;2;93;104;124m▄[38;2;68;67;86m[48;2;95;104;127m▄[38;2;68;69;87m[48;2;67;74;99m▄[38;2;32;32;52m[48;2;11;9;29m▄[38;2;0;0;10m[48;2;64;48;56m▄[38;2;27;19;34m[48;2;128;101;98m▄[38;2;109;83;85m[48;2;136;125;118m▄[38;2;153;136;129m[48;2;113;108;99m▄[38;2;146;140;130m[48;2;100;93;83m▄[38;2;148;141;132m[48;2;87;73;63m▄[38;2;131;118;110m[48;2;57;34;24m▄[38;2;96;68;58m[48;2;62;39;28m▄[38;2;98;62;52m[48;2;66;41;31m▄[38;2;96;63;53m[48;2;81;49;39m▄[38;2;101;67;57m[48;2;93;57;47m▄[38;2;101;68;56m[48;2;100;63;50m▄[38;2;112;78;64m[48;2;105;69;53m▄[38;2;124;87;73m[48;2;102;68;50m▄[38;2;120;82;67m[48;2;102;70;54m▄[38;2;133;114;100m[48;2;92;62;50m▄[38;2;170;163;153m[48;2;138;121;111m▄[38;2;175;168;158m[48;2;163;154;144m▄[38;2;155;128;123m[48;2;178;171;159m▄[38;2;61;46;59m[48;2;153;122;118m▄[38;2;0;0;13m[48;2;44;34;51m▄[38;2;0;0;18m[48;2;0;0;21m▄[38;2;55;54;74m[48;2;75;72;92m▄[38;2;67;67;86m[48;2;82;80;101m▄[38;2;68;67;86m[48;2;75;74;93m▄[38;2;69;68;85m[48;2;74;71;91m▄[38;2;70;70;90m[48;2;77;76;99m▄[38;2;64;63;82m[48;2;80;81;94m▄[38;2;42;40;47m[48;2;35;26;23m▄[38;2;84;94;113m[48;2;87;95;110m▄[38;2;54;70;90m[48;2;68;84;102m▄[38;2;63;76;95m[48;2;72;84;101m▄[38;2;70;83;103m[48;2;74;90;110m▄[38;2;75;87;105m[48;2;70;96;120m▄[38;2;121;127;139m[48;2;129;144;162m▄[38;2;119;131;148m[48;2;121;137;154m▄[38;2;120;137;157m[48;2;121;134;151m▄[38;2;120;134;152m[48;2;120;133;150m▄[38;2;119;131;149m[48;2;120;133;150m▄[38;2;127;142;159m[48;2;129;143;162m▄[0m
[38;2;110;127;142m[48;2;114;129;144m▄[38;2;120;138;156m[48;2;122;140;157m▄[38;2;110;128;143m[48;2;113;129;145m▄[38;2;110;128;143m[48;2;113;129;145m▄[38;2;110;128;143m[48;2;113;129;146m▄[38;2;109;127;142m[48;2;113;128;145m▄[38;2;116;131;142m[48;2;115;127;139m▄[38;2;101;83;81m[48;2;117;113;118m▄[38;2;117;68;53m[48;2;100;93;91m▄[38;2;193;172;150m[48;2;169;160;149m▄[38;2;243;221;191m[48;2;182;171;157m▄[38;2;239;216;187m[48;2;180;171;156m▄[38;2;238;216;186m[48;2;182;172;157m▄[38;2;239;216;187m[48;2;183;172;158m▄[38;2;238;215;186m[48;2;187;176;161m▄[38;2;240;218;188m[48;2;177;164;151m▄[38;2;240;218;189m[48;2;180;167;153m▄[38;2;238;216;187m[48;2;189;174;159m▄[38;2;241;219;189m[48;2;176;163;151m▄[38;2;241;219;190m[48;2;182;168;155m▄[38;2;243;221;192m[48;2;171;157;145m▄[38;2;243;221;192m[48;2;166;154;144m▄[38;2;241;219;190m[48;2;175;161;148m▄[38;2;237;216;188m[48;2;197;177;160m▄[38;2;236;214;186m[48;2;202;189;170m▄[38;2;236;214;187m[48;2;201;189;171m▄[38;2;236;214;186m[48;2;206;195;177m▄[38;2;238;216;189m[48;2;196;183;164m▄[38;2;238;218;190m[48;2;195;176;156m▄[38;2;238;217;190m[48;2;199;179;159m▄[38;2;238;217;190m[48;2;198;178;159m▄[38;2;238;217;190m[48;2;197;178;159m▄[38;2;238;217;190m[48;2;199;179;159m▄[38;2;237;217;189m[48;2;201;182;162m▄[38;2;238;218;190m[48;2;194;177;158m▄[38;2;236;215;187m[48;2;205;193;174m▄[38;2;236;214;186m[48;2;205;193;175m▄[38;2;235;214;186m[48;2;206;192;174m▄[38;2;237;217;188m[48;2;197;178;163m▄[38;2;243;221;192m[48;2;171;160;150m▄[38;2;245;222;193m[48;2;169;158;147m▄[38;2;245;222;193m[48;2;168;158;146m▄[38;2;241;219;190m[48;2;179;168;156m▄[38;2;242;220;190m[48;2;179;167;156m▄[38;2;242;220;190m[48;2;177;166;155m▄[38;2;240;218;188m[48;2;187;176;163m▄[38;2;240;218;189m[48;2;184;173;159m▄[38;2;242;220;190m[48;2;176;165;155m▄[38;2;242;219;190m[48;2;178;168;156m▄[38;2;240;217;188m[48;2;183;174;162m▄[38;2;242;219;189m[48;2;175;167;155m▄[38;2;242;219;189m[48;2;176;168;155m▄[38;2;249;228;199m[48;2;185;175;162m▄[38;2;178;142;120m[48;2;154;121;105m▄[38;2;117;58;40m[48;2;83;38;27m▄[38;2;126;70;47m[48;2;115;77;61m▄[38;2;121;65;40m[48;2;114;102;102m▄[38;2;97;80;79m[48;2;117;127;143m▄[38;2;115;134;150m[48;2;116;132;148m▄[38;2;121;139;153m[48;2;123;141;156m▄[0m
[38;2;108;125;123m[48;2;110;125;142m▄[38;2;105;124;129m[48;2;119;137;154m▄[38;2;92;109;117m[48;2;111;128;143m▄[38;2;96;113;120m[48;2;111;129;143m▄[38;2;96;113;120m[48;2;111;129;143m▄[38;2;98;117;124m[48;2;114;134;148m▄[38;2;87;96;99m[48;2;98;110;123m▄[38;2;80;40;29m[48;2;65;34;28m▄[38;2;142;106;88m[48;2;147;98;78m▄[38;2;207;192;167m[48;2;198;180;159m▄[38;2;235;214;186m[48;2;235;215;187m▄[38;2;232;211;184m[48;2;232;211;184m▄[38;2;232;211;184m[48;2;232;211;184m▄[38;2;232;211;184m[48;2;232;211;184m▄[38;2;232;211;184m[48;2;232;211;184m▄[38;2;232;211;184m[48;2;232;211;184m▄[38;2;232;211;184m[48;2;232;211;184m▄[38;2;232;211;184m[48;2;232;211;184m▄[38;2;232;211;184m[48;2;232;211;184m▄[38;2;232;211;184m[48;2;232;211;184m▄[38;2;232;211;184m[48;2;232;211;184m▄[38;2;232;211;184m[48;2;232;211;184m▄[38;2;232;211;184m[48;2;232;211;184m▄[38;2;232;211;184m[48;2;232;211;184m▄[38;2;232;211;184m[48;2;232;211;184m▄[38;2;232;211;184m[48;2;232;211;184m▄[38;2;232;211;184m[48;2;232;211;184m▄[38;2;232;211;184m[48;2;232;211;184m▄[38;2;232;211;184m[48;2;232;211;184m▄[38;2;232;211;184m[48;2;232;211;184m▄[38;2;232;211;184m[48;2;232;211;184m▄[38;2;232;211;184m[48;2;232;211;184m▄[38;2;232;211;184m[48;2;232;211;184m▄[38;2;232;211;184m[48;2;232;211;184m▄[38;2;232;211;184m[48;2;232;211;184m▄[38;2;232;211;184m[48;2;232;211;184m▄[38;2;232;211;184m[48;2;232;211;184m▄[38;2;232;211;184m[48;2;232;211;184m▄[38;2;232;211;184m[48;2;232;211;184m▄[38;2;232;211;184m[48;2;232;211;184m▄[38;2;232;211;184m[48;2;232;211;184m▄[38;2;232;211;184m[48;2;232;211;184m▄[38;2;232;211;184m[48;2;232;211;184m▄[38;2;232;211;184m[48;2;232;211;184m▄[38;2;232;211;184m[48;2;232;211;184m▄[38;2;232;211;184m[48;2;232;211;184m▄[38;2;232;211;184m[48;2;232;211;184m▄[38;2;232;211;184m[48;2;232;211;184m▄[38;2;232;211;184m[48;2;232;211;184m▄[38;2;232;211;184m[48;2;232;211;184m▄[38;2;232;211;184m[48;2;232;211;184m▄[38;2;232;211;184m[48;2;232;211;184m▄[38;2;234;213;185m[48;2;235;214;187m▄[38;2;215;197;173m[48;2;206;190;168m▄[38;2;118;96;85m[48;2;130;96;77m▄[38;2;102;69;59m[48;2;95;44;24m▄[38;2;110;99;103m[48;2;110;55;33m▄[38;2;113;128;144m[48;2;104;90;91m▄[38;2;113;128;142m[48;2;112;132;147m▄[38;2;119;136;151m[48;2;119;137;151m▄[0m
[38;2;110;123;108m[48;2;114;127;112m▄[38;2;119;134;120m[48;2;118;134;121m▄[38;2;105;119;106m[48;2;102;118;110m▄[38;2;90;106;94m[48;2;97;113;107m▄[38;2;98;113;102m[48;2;85;103;103m▄[38;2;102;116;103m[48;2;100;115;106m▄[38;2;107;119;107m[48;2;103;118;109m▄[38;2;105;120;110m[48;2;97;97;88m▄[38;2;144;142;125m[48;2;126;111;95m▄[38;2;210;190;163m[48;2;213;193;166m▄[38;2;235;214;187m[48;2;235;214;187m▄[38;2;232;211;184m[48;2;232;211;184m▄[38;2;232;211;184m[48;2;232;211;184m▄[38;2;232;211;184m[48;2;232;211;184m▄[38;2;232;211;184m[48;2;232;211;184m▄[38;2;232;211;184m[48;2;232;211;184m▄[38;2;232;211;184m[48;2;232;211;184m▄[38;2;232;211;184m[48;2;232;211;184m▄[38;2;232;211;184m[48;2;232;211;184m▄[38;2;232;211;184m[48;2;232;211;184m▄[38;2;232;211;184m[48;2;232;211;184m▄[38;2;232;211;184m[48;2;232;211;184m▄[38;2;232;211;184m[48;2;232;211;184m▄[38;2;232;211;184m[48;2;232;211;184m▄[38;2;232;211;184m[48;2;232;211;184m▄[38;2;232;211;184m[48;2;232;211;184m▄[38;2;232;211;184m[48;2;232;211;184m▄[38;2;232;211;184m[48;2;232;211;184m▄[38;2;232;211;184m[48;2;232;211;184m▄[38;2;232;211;184m[48;2;232;211;184m▄[38;2;232;211;184m[48;2;232;211;184m▄[38;2;232;211;184m[48;2;232;211;184m▄[38;2;232;211;184m[48;2;232;211;184m▄[38;2;232;211;184m[48;2;232;211;184m▄[38;2;232;211;184m[48;2;232;211;184m▄[38;2;232;211;184m[48;2;232;211;184m▄[38;2;232;211;184m[48;2;232;211;184m▄[38;2;232;211;184m[48;2;232;211;184m▄[38;2;232;211;184m[48;2;232;211;184m▄[38;2;232;211;184m[48;2;232;211;184m▄[38;2;232;211;184m[48;2;232;211;184m▄[38;2;232;211;184m[48;2;232;211;184m▄[38;2;232;211;184m[48;2;232;211;184m▄[38;2;232;211;184m[48;2;232;211;184m▄[38;2;232;211;184m[48;2;232;211;184m▄[38;2;232;211;184m[48;2;232;211;184m▄[38;2;232;211;184m[48;2;232;211;184m▄[38;2;232;211;184m[48;2;232;211;184m▄[38;2;232;211;184m[48;2;232;211;184m▄[38;2;232;211;184m[48;2;232;211;184m▄[38;2;232;211;184m[48;2;232;211;184m▄[38;2;232;211;184m[48;2;232;211;184m▄[38;2;235;214;186m[48;2;234;213;185m▄[38;2;210;189;164m[48;2;211;190;165m▄[38;2;137;142;146m[48;2;141;141;144m▄[38;2;106;123;138m[48;2;107;126;145m▄[38;2;110;125;138m[48;2;113;133;150m▄[38;2;111;125;137m[48;2;112;126;141m▄[38;2;110;124;137m[48;2;112;125;138m▄[38;2;118;134;150m[48;2;119;136;150m▄[0m
[38;2;90;103;112m[48;2;108;121;118m▄[38;2;95;109;121m[48;2;109;129;125m▄[38;2;83;96;108m[48;2;96;114;114m▄[38;2;83;95;107m[48;2;87;106;110m▄[38;2;85;100;113m[48;2;84;103;108m▄[38;2;84;98;112m[48;2;83;102;106m▄[38;2;83;96;109m[48;2;96;112;110m▄[38;2;76;90;104m[48;2;95;113;108m▄[38;2;127;125;120m[48;2;142;141;126m▄[38;2;212;190;162m[48;2;209;189;162m▄[38;2;235;214;187m[48;2;235;214;187m▄[38;2;232;211;184m[48;2;232;211;184m▄[38;2;232;211;184m[48;2;232;211;184m▄[38;2;232;211;184m[48;2;232;211;184m▄[38;2;232;211;184m[48;2;232;211;184m▄[38;2;232;211;184m[48;2;232;211;184m▄[38;2;232;211;184m[48;2;232;211;184m▄[38;2;232;211;184m[48;2;232;211;184m▄[38;2;232;211;184m[48;2;232;211;184m▄[38;2;232;211;184m[48;2;232;211;184m▄[38;2;232;211;184m[48;2;232;211;184m▄[38;2;232;211;184m[48;2;232;211;184m▄[38;2;232;211;184m[48;2;232;211;184m▄[38;2;232;211;184m[48;2;232;211;184m▄[38;2;232;211;184m[48;2;232;211;184m▄[38;2;232;211;184m[48;2;232;211;184m▄[38;2;232;211;184m[48;2;232;211;184m▄[38;2;232;211;184m[48;2;232;211;184m▄[38;2;232;211;184m[48;2;232;211;184m▄[38;2;232;211;184m[48;2;232;211;184m▄[38;2;232;211;184m[48;2;232;211;184m▄[38;2;232;211;184m[48;2;232;211;184m▄[38;2;232;211;184m[48;2;232;211;184m▄[38;2;232;211;184m[48;2;232;211;184m▄[38;2;232;211;184m[48;2;232;211;184m▄[38;2;232;211;184m[48;2;232;211;184m▄[38;2;232;211;184m[48;2;232;211;184m▄[38;2;232;211;184m[48;2;232;211;184m▄[38;2;232;211;184m[48;2;232;211;184m▄[38;2;232;211;184m[48;2;232;211;184m▄[38;2;232;211;184m[48;2;232;211;184m▄[38;2;232;211;184m[48;2;232;211;184m▄[38;2;232;211;184m[48;2;232;211;184m▄[38;2;232;211;184m[48;2;232;211;184m▄[38;2;232;211;184m[48;2;232;211;184m▄[38;2;232;211;184m[48;2;232;211;184m▄[38;2;232;211;184m[48;2;232;211;184m▄[38;2;232;211;184m[48;2;232;211;184m▄[38;2;232;211;184m[48;2;232;211;184m▄[38;2;232;211;184m[48;2;232;211;184m▄[38;2;232;211;184m[48;2;232;211;184m▄[38;2;232;211;184m[48;2;232;211;184m▄[38;2;235;214;186m[48;2;235;214;186m▄[38;2;206;186;160m[48;2;207;187;161m▄[38;2;132;137;141m[48;2;134;138;142m▄[38;2;104;120;137m[48;2;105;121;136m▄[38;2;107;123;137m[48;2;109;124;137m▄[38;2;108;125;138m[48;2;109;124;136m▄[38;2;111;128;142m[48;2;108;124;137m▄[38;2;119;136;153m[48;2;116;134;149m▄[0m
[38;2;24;28;33m[48;2;41;43;46m▄[38;2;34;37;45m[48;2;42;42;48m▄[38;2;45;49;56m[48;2;38;37;43m▄[38;2;47;50;58m[48;2;44;45;52m▄[38;2;47;50;57m[48;2;59;67;77m▄[38;2;42;45;52m[48;2;56;63;75m▄[38;2;39;42;49m[48;2;39;44;52m▄[38;2;28;31;40m[48;2;22;23;31m▄[38;2;100;93;86m[48;2;97;89;81m▄[38;2;217;196;168m[48;2;217;196;168m▄[38;2;235;214;187m[48;2;235;214;187m▄[38;2;232;211;184m[48;2;232;211;184m▄[38;2;232;211;184m[48;2;232;211;184m▄[38;2;232;211;184m[48;2;232;211;184m▄[38;2;232;211;184m[48;2;232;211;184m▄[38;2;232;211;184m[48;2;232;211;184m▄[38;2;232;211;184m[48;2;232;211;184m▄[38;2;232;211;184m[48;2;232;211;184m▄[38;2;232;211;184m[48;2;232;211;184m▄[38;2;232;211;184m[48;2;232;211;184m▄[38;2;232;211;184m[48;2;232;211;184m▄[38;2;232;211;184m[48;2;232;211;184m▄[38;2;232;211;184m[48;2;232;211;184m▄[38;2;232;211;184m[48;2;232;211;184m▄[38;2;232;211;184m[48;2;232;211;184m▄[38;2;232;211;184m[48;2;232;211;184m▄[38;2;232;211;184m[48;2;232;211;184m▄[38;2;232;211;184m[48;2;232;211;184m▄[38;2;232;211;184m[48;2;232;211;184m▄[38;2;232;211;184m[48;2;232;211;184m▄[38;2;232;211;184m[48;2;232;211;184m▄[38;2;232;211;184m[48;2;232;211;184m▄[38;2;232;211;184m[48;2;232;211;184m▄[38;2;232;211;184m[48;2;232;211;184m▄[38;2;232;211;184m[48;2;232;211;184m▄[38;2;232;211;184m[48;2;232;211;184m▄[38;2;232;211;184m[48;2;232;211;184m▄[38;2;232;211;184m[48;2;232;211;184m▄[38;2;232;211;184m[48;2;232;211;184m▄[38;2;232;211;184m[48;2;232;211;184m▄[38;2;232;211;184m[48;2;232;211;184m▄[38;2;232;211;184m[48;2;232;211;184m▄[38;2;232;211;184m[48;2;232;211;184m▄[38;2;232;211;184m[48;2;232;211;184m▄[38;2;232;211;184m[48;2;232;211;184m▄[38;2;232;211;184m[48;2;232;211;184m▄[38;2;232;211;184m[48;2;232;211;184m▄[38;2;232;211;184m[48;2;232;211;184m▄[38;2;232;211;184m[48;2;232;211;184m▄[38;2;232;211;184m[48;2;232;211;184m▄[38;2;232;211;184m[48;2;232;211;184m▄[38;2;232;211;184m[48;2;232;211;184m▄[38;2;235;214;186m[48;2;235;214;186m▄[38;2;204;184;158m[48;2;206;186;159m▄[38;2;125;132;138m[48;2;129;134;140m▄[38;2;102;121;139m[48;2;102;119;138m▄[38;2;80;91;109m[48;2;110;126;142m▄[38;2;31;35;57m[48;2;104;119;136m▄[38;2;8;9;44m[48;2;82;94;114m▄[38;2;0;1;43m[48;2;56;65;93m▄[0m
[38;2;45;50;58m[48;2;39;45;54m▄[38;2;50;54;61m[48;2;49;54;65m▄[38;2;46;49;56m[48;2;55;61;69m▄[38;2;49;52;59m[48;2;55;61;68m▄[38;2;47;50;57m[48;2;54;57;66m▄[38;2;43;47;53m[48;2;52;56;64m▄[38;2;45;47;54m[48;2;53;57;66m▄[38;2;38;39;49m[48;2;45;50;60m▄[38;2;103;96;89m[48;2;109;103;97m▄[38;2;217;195;167m[48;2;215;194;166m▄[38;2;235;214;187m[48;2;235;214;187m▄[38;2;232;211;184m[48;2;232;211;184m▄[38;2;232;211;184m[48;2;232;211;184m▄[38;2;232;211;184m[48;2;232;211;184m▄[38;2;232;211;184m[48;2;232;211;184m▄[38;2;232;211;184m[48;2;232;211;184m▄[38;2;232;211;184m[48;2;232;211;184m▄[38;2;232;211;184m[48;2;232;211;184m▄[38;2;232;211;184m[48;2;232;211;184m▄[38;2;232;211;184m[48;2;232;211;184m▄[38;2;232;211;184m[48;2;232;211;184m▄[38;2;232;211;184m[48;2;232;211;184m▄[38;2;232;211;184m[48;2;232;211;184m▄[38;2;232;211;184m[48;2;232;211;184m▄[38;2;232;211;184m[48;2;232;211;184m▄[38;2;232;211;184m[48;2;232;211;184m▄[38;2;232;211;184m[48;2;232;211;184m▄[38;2;232;211;184m[48;2;232;211;184m▄[38;2;232;211;184m[48;2;232;211;184m▄[38;2;232;211;184m[48;2;232;211;184m▄[38;2;232;211;184m[48;2;232;211;184m▄[38;2;232;211;184m[48;2;232;211;184m▄[38;2;232;211;184m[48;2;232;211;184m▄[38;2;232;211;184m[48;2;232;211;184m▄[38;2;232;211;184m[48;2;232;211;184m▄[38;2;232;211;184m[48;2;232;211;184m▄[38;2;232;211;184m[48;2;232;211;184m▄[38;2;232;211;184m[48;2;232;211;184m▄[38;2;232;211;184m[48;2;232;211;184m▄[38;2;232;211;184m[48;2;232;211;184m▄[38;2;232;211;184m[48;2;232;211;184m▄[38;2;232;211;184m[48;2;232;211;184m▄[38;2;232;211;184m[48;2;232;211;184m▄[38;2;232;211;184m[48;2;232;211;184m▄[38;2;232;211;184m[48;2;232;211;184m▄[38;2;232;211;184m[48;2;232;211;184m▄[38;2;232;211;184m[48;2;232;211;184m▄[38;2;232;211;184m[48;2;232;211;184m▄[38;2;232;211;184m[48;2;232;211;184m▄[38;2;232;211;184m[48;2;232;211;184m▄[38;2;232;211;184m[48;2;232;211;184m▄[38;2;232;211;184m[48;2;232;211;184m▄[38;2;235;213;185m[48;2;235;214;185m▄[38;2;207;186;160m[48;2;205;184;158m▄[38;2;106;110;118m[48;2;123;130;137m▄[38;2;16;19;40m[48;2;65;77;98m▄[38;2;1;0;16m[48;2;11;10;29m▄[38;2;5;4;26m[48;2;0;0;19m▄[38;2;4;3;39m[48;2;1;3;39m▄[38;2;4;2;44m[48;2;3;2;46m▄[0m
[38;2;52;54;61m[48;2;46;50;58m▄[38;2;48;51;58m[48;2;53;56;64m▄[38;2;42;44;52m[48;2;50;53;60m▄[38;2;42;46;53m[48;2;51;54;61m▄[38;2;40;45;50m[48;2;48;51;58m▄[38;2;41;46;52m[48;2;44;48;55m▄[38;2;46;51;56m[48;2;46;49;56m▄[38;2;35;39;49m[48;2;40;41;51m▄[38;2;99;95;87m[48;2;102;95;89m▄[38;2;218;197;169m[48;2;218;195;168m▄[38;2;234;213;186m[48;2;235;213;187m▄[38;2;232;211;184m[48;2;232;211;184m▄[38;2;232;211;184m[48;2;232;211;184m▄[38;2;232;211;184m[48;2;232;211;184m▄[38;2;232;211;184m[48;2;232;211;184m▄[38;2;232;211;184m[48;2;232;211;184m▄[38;2;232;211;184m[48;2;232;211;184m▄[38;2;232;211;184m[48;2;232;211;184m▄[38;2;232;211;184m[48;2;232;211;184m▄[38;2;232;211;184m[48;2;232;211;184m▄[38;2;232;211;184m[48;2;232;211;184m▄[38;2;232;211;184m[48;2;232;211;184m▄[38;2;232;211;184m[48;2;232;211;184m▄[38;2;232;211;184m[48;2;232;211;184m▄[38;2;232;211;184m[48;2;232;211;184m▄[38;2;232;211;184m[48;2;232;211;184m▄[38;2;232;211;184m[48;2;232;211;184m▄[38;2;232;211;184m[48;2;232;211;184m▄[38;2;232;211;184m[48;2;232;211;184m▄[38;2;232;211;184m[48;2;232;211;184m▄[38;2;232;211;184m[48;2;232;211;184m▄[38;2;232;211;184m[48;2;232;211;184m▄[38;2;232;211;184m[48;2;232;211;184m▄[38;2;232;211;184m[48;2;232;211;184m▄[38;2;232;211;184m[48;2;232;211;184m▄[38;2;232;211;184m[48;2;232;211;184m▄[38;2;232;211;184m[48;2;232;211;184m▄[38;2;232;211;184m[48;2;232;211;184m▄[38;2;232;211;184m[48;2;232;211;184m▄[38;2;232;211;184m[48;2;232;211;184m▄[38;2;232;211;184m[48;2;232;211;184m▄[38;2;232;211;184m[48;2;232;211;184m▄[38;2;232;211;184m[48;2;232;211;184m▄[38;2;232;211;184m[48;2;232;211;184m▄[38;2;232;211;184m[48;2;232;211;184m▄[38;2;232;211;184m[48;2;232;211;184m▄[38;2;232;211;184m[48;2;232;211;184m▄[38;2;232;211;184m[48;2;232;211;184m▄[38;2;232;211;184m[48;2;232;211;184m▄[38;2;232;211;184m[48;2;232;211;184m▄[38;2;232;211;184m[48;2;232;211;184m▄[38;2;232;211;184m[48;2;232;211;184m▄[38;2;238;217;189m[48;2;236;214;186m▄[38;2;188;168;145m[48;2;204;184;159m▄[38;2;36;31;45m[48;2;73;72;82m▄[38;2;0;0;15m[48;2;0;0;18m▄[38;2;3;2;20m[48;2;4;3;21m▄[38;2;3;1;19m[48;2;4;3;24m▄[38;2;2;1;27m[48;2;3;2;37m▄[38;2;1;2;40m[48;2;2;3;40m▄[0m
[38;2;53;64;74m[48;2;39;43;50m▄[38;2;184;199;219m[48;2;83;92;102m▄[38;2;116;129;143m[48;2;121;131;145m▄[38;2;55;64;78m[48;2;96;107;119m▄[38;2;87;95;112m[48;2;71;79;90m▄[38;2;85;93;109m[48;2;52;57;68m▄[38;2;67;76;91m[48;2;38;43;49m▄[38;2;22;32;47m[48;2;28;34;43m▄[38;2;98;96;90m[48;2;97;93;87m▄[38;2;239;215;185m[48;2;220;198;170m▄[38;2;254;231;202m[48;2;234;213;186m▄[38;2;251;229;199m[48;2;232;211;184m▄[38;2;251;229;199m[48;2;232;211;184m▄[38;2;251;229;199m[48;2;232;211;184m▄[38;2;251;229;199m[48;2;232;211;184m▄[38;2;251;229;199m[48;2;232;211;184m▄[38;2;251;229;199m[48;2;232;211;184m▄[38;2;251;229;199m[48;2;232;211;184m▄[38;2;251;229;199m[48;2;232;211;184m▄[38;2;251;229;199m[48;2;232;211;184m▄[38;2;251;229;199m[48;2;232;211;184m▄[38;2;251;229;199m[48;2;232;211;184m▄[38;2;251;229;199m[48;2;232;211;184m▄[38;2;251;229;199m[48;2;232;211;184m▄[38;2;251;229;199m[48;2;232;211;184m▄[38;2;251;229;199m[48;2;232;211;184m▄[38;2;251;229;199m[48;2;232;211;184m▄[38;2;251;229;199m[48;2;232;211;184m▄[38;2;251;229;199m[48;2;232;211;184m▄[38;2;251;229;199m[48;2;232;211;184m▄[38;2;251;229;199m[48;2;232;211;184m▄[38;2;251;229;199m[48;2;232;211;184m▄[38;2;251;229;199m[48;2;232;211;184m▄[38;2;251;229;199m[48;2;232;211;184m▄[38;2;251;229;199m[48;2;232;211;184m▄[38;2;251;229;199m[48;2;232;211;184m▄[38;2;251;229;199m[48;2;232;211;184m▄[38;2;251;229;199m[48;2;232;211;184m▄[38;2;251;229;199m[48;2;232;211;184m▄[38;2;251;229;199m[48;2;232;211;184m▄[38;2;251;229;199m[48;2;232;211;184m▄[38;2;251;229;199m[48;2;232;211;184m▄[38;2;251;229;199m[48;2;232;211;184m▄[38;2;251;229;199m[48;2;232;211;184m▄[38;2;251;229;199m[48;2;232;211;184m▄[38;2;251;229;199m[48;2;232;211;184m▄[38;2;251;229;199m[48;2;232;211;184m▄[38;2;251;229;199m[48;2;232;211;184m▄[38;2;251;229;199m[48;2;232;211;184m▄[38;2;251;229;199m[48;2;232;211;184m▄[38;2;251;229;199m[48;2;232;211;184m▄[38;2;252;229;199m[48;2;232;211;184m▄[38;2;255;243;212m[48;2;243;221;193m▄[38;2;108;95;94m[48;2;153;132;117m▄[38;2;0;0;11m[48;2;6;3;18m▄[38;2;3;1;25m[48;2;0;0;21m▄[38;2;2;0;24m[48;2;3;1;23m▄[38;2;2;0;23m[48;2;2;0;20m▄[38;2;0;0;21m[48;2;1;0;20m▄[38;2;1;1;31m[48;2;1;1;35m▄[0m
