[38;2;234;231;231m[48;2;237;234;234m▄[38;2;190;213;213m[48;2;177;198;198m▄[38;2;172;207;207m[48;2;160;193;191m▄[38;2;169;202;204m[48;2;158;187;187m▄[38;2;173;208;210m[48;2;156;187;185m▄[38;2;178;214;216m[48;2;158;189;191m▄[38;2;168;205;206m[48;2;160;191;191m▄[38;2;166;202;204m[48;2;162;193;193m▄[38;2;168;204;205m[48;2;162;193;195m▄[38;2;171;207;208m[48;2;162;193;195m▄[38;2;168;204;205m[48;2;162;195;195m▄[38;2;166;200;201m[48;2;164;195;195m▄[38;2;169;203;204m[48;2;162;195;193m▄[38;2;172;207;207m[48;2;162;195;195m▄[38;2;176;214;213m[48;2;164;197;197m▄[38;2;176;213;214m[48;2;164;195;195m▄[38;2;174;210;210m[48;2;158;191;189m▄[38;2;176;212;212m[48;2;156;187;187m▄[38;2;177;215;215m[48;2;152;181;183m▄[38;2;170;196;197m[48;2;156;175;175m▄[38;2;224;223;222m[48;2;208;208;208m▄[38;2;240;244;224m[48;2;144;179;195m▄[38;2;249;255;245m[48;2;142;191;214m▄[38;2;237;254;243m[48;2;137;185;210m▄[38;2;252;255;240m[48;2;146;189;208m▄[38;2;255;255;238m[48;2;160;195;206m▄[38;2;255;255;237m[48;2;187;204;202m▄[38;2;255;255;239m[48;2;162;193;202m▄[38;2;255;255;238m[48;2;164;195;202m▄[38;2;255;255;236m[48;2;177;200;200m▄[38;2;255;255;236m[48;2;198;208;197m▄[38;2;255;255;236m[48;2;222;218;193m▄[38;2;255;255;242m[48;2;214;214;195m▄[38;2;241;255;246m[48;2;216;214;195m▄[38;2;233;255;249m[48;2;210;212;197m▄[38;2;237;255;250m[48;2;166;195;200m▄[38;2;225;254;251m[48;2;175;198;200m▄[38;2;207;248;255m[48;2;154;191;204m▄[38;2;202;241;244m[48;2;127;181;206m▄[38;2;207;224;225m[48;2;156;185;200m▄[38;2;229;229;227m[48;2;208;208;208m▄[38;2;231;242;225m[48;2;129;173;191m▄[38;2;236;253;241m[48;2;133;183;208m▄[38;2;244;255;247m[48;2;133;181;206m▄[38;2;243;255;236m[48;2;154;195;208m▄[38;2;240;228;204m[48;2;179;216;216m▄[38;2;230;221;206m[48;2;150;204;222m▄[38;2;237;239;221m[48;2;152;198;216m▄[38;2;251;255;236m[48;2;148;191;204m▄[38;2;255;255;234m[48;2;179;202;198m▄[38;2;255;255;235m[48;2;169;198;200m▄[38;2;255;255;235m[48;2;171;198;198m▄[38;2;255;255;233m[48;2;220;218;191m▄[38;2;255;255;234m[48;2;222;216;189m▄[38;2;255;255;235m[48;2;220;216;189m▄[38;2;252;255;238m[48;2;162;193;197m▄[38;2;228;249;239m[48;2;121;175;202m▄[38;2;240;255;239m[48;2;127;179;200m▄[38;2;239;255;248m[48;2;154;193;210m▄[38;2;246;255;245m[48;2;181;200;210m▄[0m
[38;2;233;231;231m[48;2;233;231;231m▄[38;2;179;201;201m[48;2;181;204;204m▄[38;2;162;196;198m[48;2;168;204;204m▄[38;2;159;191;192m[48;2;165;199;199m▄[38;2;167;202;203m[48;2;164;198;199m▄[38;2;170;203;204m[48;2;161;195;195m▄[38;2;162;191;191m[48;2;155;187;188m▄[38;2;169;198;198m[48;2;150;183;184m▄[38;2;176;205;205m[48;2;160;191;192m▄[38;2;167;197;197m[48;2;161;195;195m▄[38;2;168;199;199m[48;2;159;194;193m▄[38;2;173;202;202m[48;2;159;194;193m▄[38;2;168;195;195m[48;2;158;193;192m▄[38;2;165;193;193m[48;2;162;194;195m▄[38;2;153;176;178m[48;2;161;191;192m▄[38;2;158;182;183m[48;2;164;196;196m▄[38;2;156;183;183m[48;2;163;196;196m▄[38;2;167;197;197m[48;2;160;194;194m▄[38;2;170;201;201m[48;2;160;198;197m▄[38;2;166;187;187m[48;2;153;180;181m▄[38;2;208;209;209m[48;2;207;206;206m▄[38;2;126;159;165m[48;2;199;200;182m▄[38;2;139;180;188m[48;2;224;222;199m▄[38;2;146;178;182m[48;2;222;221;198m▄[38;2;136;162;166m[48;2;223;226;202m▄[38;2;131;151;152m[48;2;221;225;204m▄[38;2;116;126;124m[48;2;215;221;201m▄[38;2;102;106;101m[48;2;209;213;194m▄[38;2;133;138;129m[48;2;211;218;199m▄[38;2;165;173;161m[48;2;211;220;202m▄[38;2;168;165;155m[48;2;217;222;202m▄[38;2;155;132;130m[48;2;226;220;197m▄[38;2;88;76;75m[48;2;222;213;190m▄[38;2;151;128;125m[48;2;194;183;164m▄[38;2;81;49;49m[48;2;137;127;115m▄[38;2;83;62;56m[48;2;195;184;161m▄[38;2;197;179;152m[48;2;192;186;162m▄[38;2;177;159;134m[48;2;166;159;139m▄[38;2;186;166;139m[48;2;168;154;136m▄[38;2;203;193;179m[48;2;174;166;159m▄[38;2;202;204;204m[48;2;218;219;217m▄[38;2;186;184;166m[48;2;251;243;210m▄[38;2;207;210;196m[48;2;255;255;231m▄[38;2;105;95;88m[48;2;218;198;173m▄[38;2;81;23;21m[48;2;132;77;68m▄[38;2;108;44;45m[48;2;140;61;58m▄[38;2;105;82;81m[48;2;137;58;53m▄[38;2;165;158;141m[48;2;92;54;51m▄[38;2;188;182;162m[48;2;197;189;167m▄[38;2;186;179;161m[48;2;255;255;230m▄[38;2;170;163;148m[48;2;248;244;214m▄[38;2;172;164;148m[48;2;249;244;214m▄[38;2;152;146;132m[48;2;251;247;218m▄[38;2;145;138;126m[48;2;246;242;213m▄[38;2;161;150;133m[48;2;234;230;204m▄[38;2;160;149;130m[48;2;239;233;204m▄[38;2;189;179;156m[48;2;255;252;219m▄[38;2;181;170;146m[48;2;248;241;210m▄[38;2;153;146;124m[48;2;237;231;200m▄[38;2;153;150;136m[48;2;216;214;193m▄[0m
[38;2;238;234;234m[48;2;238;238;238m▄[38;2;160;181;182m[48;2;163;171;171m▄[38;2;148;174;173m[48;2;139;146;146m▄[38;2;151;152;151m[48;2;154;165;165m▄[38;2;142;135;133m[48;2;165;171;170m▄[38;2;121;110;108m[48;2;175;189;186m▄[38;2;87;102;110m[48;2;148;172;173m▄[38;2;88;99;105m[48;2;137;162;165m▄[38;2;121;116;114m[48;2;157;182;182m▄[38;2;155;169;170m[48;2;169;204;203m▄[38;2;156;172;173m[48;2;175;212;211m▄[38;2;109;123;123m[48;2;183;222;221m▄[38;2;78;74;73m[48;2;174;209;209m▄[38;2;108;101;100m[48;2;157;189;189m▄[38;2;90;93;94m[48;2;166;198;200m▄[38;2;159;181;181m[48;2;161;195;196m▄[38;2;161;175;175m[48;2;162;196;197m▄[38;2;177;188;188m[48;2;161;197;198m▄[38;2;177;186;188m[48;2;163;200;200m▄[38;2;195;199;201m[48;2;157;183;183m▄[38;2;212;211;211m[48;2;210;210;210m▄[38;2;194;174;149m[48;2;158;165;154m▄[38;2;210;186;154m[48;2;172;172;156m▄[38;2;190;171;144m[48;2;147;137;124m▄[38;2;189;170;147m[48;2;139;126;111m▄[38;2;206;176;160m[48;2;185;167;141m▄[38;2;212;179;166m[48;2;201;177;151m▄[38;2;187;161;148m[48;2;212;186;158m▄[38;2;184;157;146m[48;2;214;190;159m▄[38;2;137;131;121m[48;2;228;201;165m▄[38;2;124;128;123m[48;2;204;181;153m▄[38;2;105;109;114m[48;2;134;123;119m▄[38;2;113;109;108m[48;2;146;137;134m▄[38;2;112;108;103m[48;2;164;157;156m▄[38;2;129;118;114m[48;2;117;113;115m▄[38;2;169;150;135m[48;2;165;152;136m▄[38;2;174;159;135m[48;2;218;198;166m▄[38;2;169;155;134m[48;2;165;152;135m▄[38;2;171;155;131m[48;2;125;117;107m▄[38;2;193;185;172m[48;2;160;157;154m▄[38;2;211;210;206m[48;2;211;208;205m▄[38;2;170;148;134m[48;2;136;123;112m▄[38;2;148;131;129m[48;2;159;159;160m▄[38;2;196;177;175m[48;2;153;158;160m▄[38;2;196;177;174m[48;2;132;134;134m▄[38;2;148;137;135m[48;2;135;139;140m▄[38;2;177;154;145m[48;2;150;152;152m▄[38;2;193;176;150m[48;2;187;171;146m▄[38;2;214;194;161m[48;2;216;194;161m▄[38;2;206;187;156m[48;2;197;177;147m▄[38;2;210;191;159m[48;2;192;174;145m▄[38;2;215;195;162m[48;2;204;185;153m▄[38;2;216;196;163m[48;2;201;182;151m▄[38;2;224;203;169m[48;2;211;191;160m▄[38;2;218;198;165m[48;2;221;200;166m▄[38;2;214;194;161m[48;2;221;199;165m▄[38;2;209;190;157m[48;2;194;174;144m▄[38;2;172;158;139m[48;2;186;168;141m▄[38;2;142;135;132m[48;2;206;187;162m▄[38;2;166;161;157m[48;2;205;193;178m▄[0m
[38;2;234;236;236m[48;2;229;227;227m▄[38;2;211;206;202m[48;2;202;220;219m▄[38;2;216;206;198m[48;2;196;218;218m▄[38;2;217;208;200m[48;2;200;208;208m▄[38;2;212;205;198m[48;2;198;203;203m▄[38;2;207;200;193m[48;2;192;195;192m▄[38;2;209;201;191m[48;2;194;188;180m▄[38;2;212;205;195m[48;2;185;173;164m▄[38;2;212;204;194m[48;2;161;142;135m▄[38;2;210;202;191m[48;2;161;144;137m▄[38;2;199;191;182m[48;2;122;113;108m▄[38;2;192;186;179m[48;2;94;79;73m▄[38;2;215;207;197m[48;2;151;118;107m▄[38;2;218;207;195m[48;2;160;138;128m▄[38;2;229;216;201m[48;2;156;137;126m▄[38;2;216;203;189m[48;2;211;195;183m▄[38;2;216;202;188m[48;2;206;189;176m▄[38;2;227;212;197m[48;2;191;172;156m▄[38;2;229;213;197m[48;2;199;181;166m▄[38;2;202;192;183m[48;2;213;198;186m▄[38;2;213;213;213m[48;2;209;209;208m▄[38;2;188;179;166m[48;2;193;174;149m▄[38;2;160;154;149m[48;2;185;166;139m▄[38;2;169;156;155m[48;2;189;166;145m▄[38;2;146;135;131m[48;2;179;151;137m▄[38;2;168;158;151m[48;2;195;167;148m▄[38;2;194;179;171m[48;2;192;167;147m▄[38;2;188;176;166m[48;2;192;165;146m▄[38;2;186;178;165m[48;2;166;139;128m▄[38;2;199;188;173m[48;2;140;123;118m▄[38;2;205;190;172m[48;2;98;102;103m▄[38;2;211;196;177m[48;2;98;102;98m▄[38;2;222;208;188m[48;2;124;113;96m▄[38;2;220;207;187m[48;2;149;132;109m▄[38;2;216;203;184m[48;2;185;165;136m▄[38;2;205;193;176m[48;2;189;169;146m▄[38;2;173;166;155m[48;2;152;137;122m▄[38;2;181;173;158m[48;2;148;132;111m▄[38;2;198;187;168m[48;2;209;186;151m▄[38;2;206;199;190m[48;2;211;200;182m▄[38;2;213;212;209m[48;2;212;208;203m▄[38;2;164;161;152m[48;2;121;123;115m▄[38;2;119;136;143m[48;2;72;101;117m▄[38;2;111;132;139m[48;2;91;105;115m▄[38;2;125;143;151m[48;2;102;122;133m▄[38;2;110;119;123m[48;2;69;87;96m▄[38;2;129;125;124m[48;2;148;127;122m▄[38;2;187;176;162m[48;2;199;176;150m▄[38;2;203;192;174m[48;2;196;177;148m▄[38;2;181;173;162m[48;2;166;151;131m▄[38;2;167;160;152m[48;2;165;149;129m▄[38;2;171;164;155m[48;2;163;147;125m▄[38;2;197;186;171m[48;2;204;184;152m▄[38;2;200;189;173m[48;2;213;192;158m▄[38;2;207;196;178m[48;2;217;195;160m▄[38;2;197;188;173m[48;2;188;172;145m▄[38;2;192;183;171m[48;2;137;128;115m▄[38;2;194;182;169m[48;2;141;128;111m▄[38;2;217;201;181m[48;2;146;130;108m▄[38;2;216;206;192m[48;2;192;177;155m▄[0m
[38;2;224;224;225m[48;2;234;231;231m▄[38;2;235;234;216m[48;2;184;209;217m▄[38;2;249;250;222m[48;2;167;211;226m▄[38;2;242;244;217m[48;2;165;208;222m▄[38;2;248;246;216m[48;2;173;211;222m▄[38;2;255;255;224m[48;2;205;223;217m▄[38;2;194;175;153m[48;2;230;241;224m▄[38;2;126;82;74m[48;2;205;220;211m▄[38;2;138;85;79m[48;2;203;204;191m▄[38;2;139;96;88m[48;2;219;218;201m▄[38;2;176;168;149m[48;2;235;241;225m▄[38;2;251;249;218m[48;2;235;238;220m▄[38;2;255;251;218m[48;2;234;235;214m▄[38;2;255;255;224m[48;2;227;232;214m▄[38;2;245;247;220m[48;2;224;231;216m▄[38;2;252;252;223m[48;2;213;228;220m▄[38;2;251;253;226m[48;2;179;213;222m▄[38;2;250;252;225m[48;2;183;215;222m▄[38;2;242;243;217m[48;2;189;217;221m▄[38;2;249;246;217m[48;2;190;218;221m▄[38;2;250;247;216m[48;2;200;222;221m▄[38;2;247;241;209m[48;2;222;228;214m▄[38;2;219;217;210m[48;2;225;223;218m▄[38;2;196;204;207m[48;2;205;213;215m▄[38;2;165;194;195m[48;2;188;211;215m▄[38;2;159;192;192m[48;2;172;198;200m▄[38;2;161;189;190m[48;2;161;192;194m▄[38;2;151;168;170m[48;2;166;190;194m▄[38;2;189;180;165m[48;2;159;177;179m▄[38;2;234;215;192m[48;2;181;181;175m▄[38;2;234;216;193m[48;2;205;194;180m▄[38;2;233;215;192m[48;2;217;205;190m▄[38;2;230;212;192m[48;2;219;207;192m▄[38;2;228;211;191m[48;2;216;204;190m▄[38;2;213;197;178m[48;2;223;210;196m▄[38;2;227;210;190m[48;2;217;205;191m▄[38;2;233;215;194m[48;2;197;187;174m▄[38;2;240;222;199m[48;2;195;188;175m▄[38;2;222;205;185m[48;2;187;179;168m▄[38;2;216;200;181m[48;2;211;199;185m▄[38;2;232;215;194m[48;2;193;183;169m▄[38;2;220;203;183m[48;2;234;220;203m▄[38;2;220;204;184m[48;2;239;221;202m▄[38;2;223;207;188m[48;2;240;223;204m▄[38;2;215;199;180m[48;2;234;217;199m▄[38;2;212;196;176m[48;2;180;171;158m▄[38;2;238;220;199m[48;2;159;160;147m▄[38;2;232;214;194m[48;2;188;180;168m▄[38;2;235;217;196m[48;2;221;209;194m▄[38;2;233;216;195m[48;2;212;201;186m▄[38;2;175;162;147m[48;2;212;200;186m▄[38;2;146;134;123m[48;2;182;172;161m▄[38;2;219;202;183m[48;2;217;205;191m▄[38;2;234;216;195m[48;2;231;217;202m▄[38;2;227;210;189m[48;2;223;210;196m▄[38;2;231;213;192m[48;2;221;207;193m▄[38;2;207;194;175m[48;2;174;174;161m▄[38;2;180;178;158m[48;2;150;159;147m▄[38;2;147;164;141m[48;2;171;179;164m▄[38;2;144;165;149m[48;2;196;199;187m▄[0m
[38;2;225;225;229m[48;2;225;225;229m▄[38;2;238;236;216m[48;2;238;235;216m▄[38;2;255;250;218m[48;2;255;251;217m▄[38;2;250;245;215m[48;2;252;246;215m▄[38;2;250;245;215m[48;2;251;246;215m▄[38;2;254;251;221m[48;2;255;255;228m▄[38;2;218;216;189m[48;2;142;119;108m▄[38;2;119;110;107m[48;2;40;14;17m▄[38;2;138;127;124m[48;2;101;94;94m▄[38;2;130;131;122m[48;2;132;117;118m▄[38;2;175;168;157m[48;2;145;122;119m▄[38;2;174;168;160m[48;2;164;162;159m▄[38;2;138;126;121m[48;2;153;155;152m▄[38;2;144;119;115m[48;2;166;161;147m▄[38;2;152;125;122m[48;2;170;155;143m▄[38;2;105;95;96m[48;2;112;118;115m▄[38;2;68;77;77m[48;2;109;130;132m▄[38;2;185;185;166m[48;2;168;169;153m▄[38;2;254;252;222m[48;2;255;250;219m▄[38;2;250;245;215m[48;2;251;246;215m▄[38;2;251;246;215m[48;2;252;246;215m▄[38;2;243;238;207m[48;2;244;239;208m▄[38;2;217;214;208m[48;2;219;217;211m▄[38;2;198;205;207m[48;2;196;198;200m▄[38;2;161;188;189m[48;2;157;186;186m▄[38;2;157;186;186m[48;2;155;183;183m▄[38;2;161;184;185m[48;2;160;184;185m▄[38;2;152;170;171m[48;2;150;164;162m▄[38;2;199;189;172m[48;2;214;200;182m▄[38;2;233;213;191m[48;2;228;211;190m▄[38;2;230;213;193m[48;2;230;212;190m▄[38;2;228;211;191m[48;2;233;215;193m▄[38;2;228;211;191m[48;2;233;216;194m▄[38;2;195;180;164m[48;2;210;196;178m▄[38;2;221;206;187m[48;2;190;177;161m▄[38;2;221;205;186m[48;2;223;206;186m▄[38;2;221;205;186m[48;2;224;207;186m▄[38;2;181;169;154m[48;2;222;206;186m▄[38;2;212;197;178m[48;2;185;171;157m▄[38;2;239;220;197m[48;2;229;213;191m▄[38;2;183;169;153m[48;2;213;198;178m▄[38;2;209;195;177m[48;2;182;168;153m▄[38;2;221;204;185m[48;2;228;211;192m▄[38;2;217;201;181m[48;2;225;209;190m▄[38;2;231;213;192m[48;2;224;208;189m▄[38;2;218;202;183m[48;2;235;218;197m▄[38;2;192;177;162m[48;2;210;195;177m▄[38;2;237;220;199m[48;2;207;192;175m▄[38;2;232;215;195m[48;2;237;220;199m▄[38;2;232;215;195m[48;2;226;210;190m▄[38;2;236;219;199m[48;2;234;218;197m▄[38;2;196;182;165m[48;2;236;219;199m▄[38;2;210;195;177m[48;2;207;191;174m▄[38;2;229;212;192m[48;2;226;210;190m▄[38;2;226;210;190m[48;2;220;204;185m▄[38;2;225;209;190m[48;2;223;207;187m▄[38;2;198;184;166m[48;2;215;198;179m▄[38;2;227;210;189m[48;2;240;220;197m▄[38;2;233;215;191m[48;2;244;219;195m▄[38;2;228;215;200m[48;2;228;212;198m▄[0m
[38;2;220;220;224m[48;2;224;224;227m▄[38;2;242;240;220m[48;2;237;235;215m▄[38;2;255;255;226m[48;2;255;251;219m▄[38;2;254;249;219m[48;2;251;246;215m▄[38;2;255;255;226m[48;2;251;246;216m▄[38;2;207;203;183m[48;2;252;247;216m▄[38;2;102;100;97m[48;2;224;220;194m▄[38;2;214;212;188m[48;2;200;183;170m▄[38;2;255;255;231m[48;2;233;225;199m▄[38;2;255;254;223m[48;2;255;254;222m▄[38;2;255;252;221m[48;2;255;255;226m▄[38;2;249;246;216m[48;2;228;221;194m▄[38;2;228;215;192m[48;2;219;180;169m▄[38;2;200;170;161m[48;2;174;148;142m▄[38;2;196;189;172m[48;2;208;178;168m▄[38;2;246;238;212m[48;2;214;178;167m▄[38;2;191;168;158m[48;2;206;189;171m▄[38;2;186;174;159m[48;2;251;248;218m▄[38;2;237;235;207m[48;2;255;252;220m▄[38;2;247;241;212m[48;2;252;247;217m▄[38;2;245;238;208m[48;2;255;250;218m▄[38;2;235;228;200m[48;2;246;241;210m▄[38;2;212;210;205m[48;2;218;215;209m▄[38;2;198;205;207m[48;2;196;207;209m▄[38;2;183;209;211m[48;2;164;189;190m▄[38;2;171;197;197m[48;2;156;188;187m▄[38;2;162;192;191m[48;2;160;184;183m▄[38;2;160;188;188m[48;2;173;191;192m▄[38;2;161;184;185m[48;2;156;163;157m▄[38;2;160;180;179m[48;2;211;196;178m▄[38;2;167;180;177m[48;2;228;210;190m▄[38;2;176;179;172m[48;2;231;213;192m▄[38;2;205;193;178m[48;2;231;213;192m▄[38;2;229;211;190m[48;2;216;199;181m▄[38;2;231;212;192m[48;2;236;219;198m▄[38;2;239;220;198m[48;2;235;218;197m▄[38;2;237;218;196m[48;2;227;211;191m▄[38;2;240;222;200m[48;2;206;192;175m▄[38;2;232;214;194m[48;2;239;221;198m▄[38;2;232;215;194m[48;2;206;192;173m▄[38;2;224;208;188m[48;2;197;184;166m▄[38;2;225;209;190m[48;2;229;212;192m▄[38;2;225;209;190m[48;2;222;205;185m▄[38;2;228;211;191m[48;2;227;209;188m▄[38;2;227;210;188m[48;2;229;211;189m▄[38;2;214;199;179m[48;2;175;163;149m▄[38;2;221;204;184m[48;2;217;202;184m▄[38;2;216;200;182m[48;2;231;214;194m▄[38;2;221;205;186m[48;2;231;214;194m▄[38;2;238;221;200m[48;2;234;217;197m▄[38;2;207;192;174m[48;2;210;194;177m▄[38;2;224;207;186m[48;2;199;185;167m▄[38;2;233;216;193m[48;2;229;213;190m▄[38;2;232;215;194m[48;2;217;201;182m▄[38;2;234;216;194m[48;2;221;204;184m▄[38;2;235;217;195m[48;2;227;210;188m▄[38;2;234;216;196m[48;2;230;212;190m▄[38;2;223;206;186m[48;2;227;209;188m▄[38;2;228;210;188m[48;2;229;211;189m▄[38;2;228;214;199m[48;2;231;219;203m▄[0m
[38;2;225;227;227m[48;2;233;234;234m▄[38;2;191;190;182m[48;2;177;175;166m▄[38;2;190;188;176m[48;2;140;135;124m▄[38;2;202;198;184m[48;2;146;139;126m▄[38;2;205;200;186m[48;2;194;187;169m▄[38;2;207;203;187m[48;2;150;144;136m▄[38;2;220;214;196m[48;2;125;118;114m▄[38;2;219;212;195m[48;2;167;160;147m▄[38;2;206;200;186m[48;2;200;193;173m▄[38;2;197;192;179m[48;2;198;190;169m▄[38;2;206;201;186m[48;2;202;193;172m▄[38;2;207;203;188m[48;2;161;151;138m▄[38;2;201;198;185m[48;2;140;136;124m▄[38;2;205;201;188m[48;2;170;158;142m▄[38;2;213;209;194m[48;2;169;150;136m▄[38;2;210;204;190m[48;2;192;182;160m▄[38;2;215;210;194m[48;2;173;160;143m▄[38;2;220;215;198m[48;2;176;151;140m▄[38;2;218;213;199m[48;2;136;125;115m▄[38;2;195;194;183m[48;2;137;128;120m▄[38;2;192;191;180m[48;2;132;122;113m▄[38;2;192;191;179m[48;2;145;131;115m▄[38;2;221;218;206m[48;2;195;190;187m▄[38;2;226;224;213m[48;2;207;213;217m▄[38;2;216;215;203m[48;2;197;217;220m▄[38;2;223;222;208m[48;2;196;218;221m▄[38;2;213;214;211m[48;2;188;211;212m▄[38;2;203;206;203m[48;2;175;204;205m▄[38;2;215;218;206m[48;2;161;189;192m▄[38;2;216;218;206m[48;2;152;178;181m▄[38;2;210;212;200m[48;2;151;180;183m▄[38;2;208;213;201m[48;2;149;176;180m▄[38;2;210;215;203m[48;2;152;167;170m▄[38;2;207;208;198m[48;2;163;167;164m▄[38;2;205;208;198m[48;2;173;172;166m▄[38;2;202;205;195m[48;2;180;176;168m▄[38;2;203;204;193m[48;2;186;178;169m▄[38;2;191;193;186m[48;2;200;190;177m▄[38;2;196;199;200m[48;2;205;193;177m▄[38;2;161;182;192m[48;2;218;200;181m▄[38;2;172;195;205m[48;2;226;204;184m▄[38;2;172;195;205m[48;2;228;207;187m▄[38;2;172;196;205m[48;2;231;210;190m▄[38;2;177;200;208m[48;2;232;212;190m▄[38;2;175;199;207m[48;2;234;213;192m▄[38;2;191;206;208m[48;2;236;217;196m▄[38;2;184;201;206m[48;2;226;207;186m▄[38;2;186;204;207m[48;2;226;207;186m▄[38;2;206;212;206m[48;2;232;214;195m▄[38;2;200;205;196m[48;2;210;194;178m▄[38;2;223;220;204m[48;2;219;204;187m▄[38;2;229;226;210m[48;2;224;208;191m▄[38;2;224;223;207m[48;2;223;207;190m▄[38;2;220;216;201m[48;2;224;207;191m▄[38;2;212;208;195m[48;2;218;202;186m▄[38;2;206;204;192m[48;2;205;192;179m▄[38;2;193;201;198m[48;2;207;193;178m▄[38;2;178;195;201m[48;2;197;184;169m▄[38;2;188;202;204m[48;2;181;176;165m▄[38;2;185;204;209m[48;2;177;177;171m▄[0m
[38;2;205;205;203m[48;2;202;203;203m▄[38;2;187;216;218m[48;2;229;225;198m▄[38;2;203;232;229m[48;2;247;240;204m▄[38;2;182;221;226m[48;2;238;234;200m▄[38;2;173;217;228m[48;2;234;231;199m▄[38;2;182;220;227m[48;2;239;234;200m▄[38;2;166;214;230m[48;2;237;237;206m▄[38;2;156;210;231m[48;2;200;201;180m▄[38;2;190;222;222m[48;2;212;207;182m▄[38;2;208;232;224m[48;2;216;210;184m▄[38;2;197;226;224m[48;2;247;240;206m▄[38;2;233;239;217m[48;2;255;253;219m▄[38;2;250;246;214m[48;2;253;251;218m▄[38;2;248;245;214m[48;2;253;250;218m▄[38;2;248;245;214m[48;2;252;249;217m▄[38;2;248;245;214m[48;2;252;249;217m▄[38;2;249;246;214m[48;2;253;251;218m▄[38;2;246;242;211m[48;2;241;239;209m▄[38;2;218;227;208m[48;2;219;214;185m▄[38;2;210;229;217m[48;2;245;238;204m▄[38;2;220;233;217m[48;2;252;246;211m▄[38;2;203;227;220m[48;2;251;244;210m▄[38;2;157;210;228m[48;2;240;238;206m▄[38;2;168;214;226m[48;2;244;238;205m▄[38;2;159;211;228m[48;2;241;239;208m▄[38;2;156;210;226m[48;2;225;231;206m▄[38;2;178;195;202m[48;2;195;199;197m▄[38;2;215;210;199m[48;2;209;206;196m▄[38;2;253;251;216m[48;2;252;247;210m▄[38;2;236;232;202m[48;2;255;253;216m▄[38;2;177;144;129m[48;2;255;255;225m▄[38;2;137;93;85m[48;2;252;247;212m▄[38;2;126;74;67m[48;2;254;243;208m▄[38;2;133;98;91m[48;2;255;251;215m▄[38;2;178;162;146m[48;2;255;255;223m▄[38;2;247;244;213m[48;2;254;250;215m▄[38;2;254;251;216m[48;2;255;255;217m▄[38;2;224;223;203m[48;2;226;224;202m▄[38;2;208;209;210m[48;2;209;209;212m▄[38;2;235;228;199m[48;2;183;210;209m▄[38;2;255;252;217m[48;2;196;230;231m▄[38;2;255;248;214m[48;2;202;229;225m▄[38;2;255;248;214m[48;2;207;231;225m▄[38;2;255;247;214m[48;2;219;236;221m▄[38;2;255;247;214m[48;2;209;231;223m▄[38;2;255;249;217m[48;2;236;241;219m▄[38;2;255;254;220m[48;2;236;242;218m▄[38;2;254;250;218m[48;2;238;242;219m▄[38;2;198;181;160m[48;2;255;255;227m▄[38;2;139;88;82m[48;2;255;255;225m▄[38;2;95;59;58m[48;2;221;217;190m▄[38;2;134;87;84m[48;2;217;206;180m▄[38;2;97;50;48m[48;2;246;229;199m▄[38;2;189;173;154m[48;2;251;250;219m▄[38;2;253;254;227m[48;2;220;236;223m▄[38;2;248;245;215m[48;2;222;238;223m▄[38;2;237;240;217m[48;2;177;220;231m▄[38;2;224;235;219m[48;2;151;210;236m▄[38;2;231;240;222m[48;2;160;217;238m▄[38;2;229;236;223m[48;2;162;212;232m▄[0m
[38;2;209;209;209m[48;2;205;207;205m▄[38;2;238;239;215m[48;2;163;208;225m▄[38;2;250;249;218m[48;2;160;214;236m▄[38;2;246;244;214m[48;2;161;212;230m▄[38;2;245;244;215m[48;2;159;212;231m▄[38;2;247;245;214m[48;2;161;212;230m▄[38;2;253;247;213m[48;2;198;226;223m▄[38;2;245;244;214m[48;2;212;231;221m▄[38;2;226;237;217m[48;2;201;227;223m▄[38;2;236;241;216m[48;2;192;223;224m▄[38;2;238;241;215m[48;2;203;228;223m▄[38;2;212;231;220m[48;2;241;242;215m▄[38;2;218;234;219m[48;2;255;248;213m▄[38;2;237;241;216m[48;2;250;246;214m▄[38;2;247;245;214m[48;2;248;245;214m▄[38;2;248;245;214m[48;2;250;246;214m▄[38;2;247;245;214m[48;2;235;240;216m▄[38;2;250;249;220m[48;2;217;233;219m▄[38;2;222;215;189m[48;2;190;229;233m▄[38;2;181;130;114m[48;2;197;238;238m▄[38;2;182;117;103m[48;2;198;237;236m▄[38;2;175;134;117m[48;2;200;239;239m▄[38;2;227;218;188m[48;2;196;230;230m▄[38;2;255;252;218m[48;2;198;226;222m▄[38;2;255;248;213m[48;2;211;231;221m▄[38;2;252;247;212m[48;2;235;240;215m▄[38;2;210;209;199m[48;2;213;211;200m▄[38;2;220;221;207m[48;2;212;211;202m▄[38;2;191;190;166m[48;2;247;250;216m▄[38;2;99;67;70m[48;2;132;96;86m▄[38;2;122;87;87m[48;2;132;19;20m▄[38;2;186;150;141m[48;2;131;82;80m▄[38;2;156;135;130m[48;2;135;119;116m▄[38;2;83;76;76m[48;2;119;98;97m▄[38;2;137;121;116m[48;2;105;84;79m▄[38;2;234;228;201m[48;2;248;247;215m▄[38;2;255;254;218m[48;2;254;252;216m▄[38;2;224;223;201m[48;2;225;224;203m▄[38;2;209;210;211m[48;2;210;210;211m▄[38;2;230;227;201m[48;2;230;227;200m▄[38;2;255;249;218m[48;2;255;249;218m▄[38;2;250;245;215m[48;2;250;245;215m▄[38;2;250;244;214m[48;2;250;245;215m▄[38;2;255;255;223m[48;2;250;245;215m▄[38;2;237;228;203m[48;2;255;252;220m▄[38;2;182;162;150m[48;2;244;241;212m▄[38;2;114;108;109m[48;2;220;218;201m▄[38;2;181;184;188m[48;2;168;166;158m▄[38;2;170;166;165m[48;2;87;58;58m▄[38;2;130;120;117m[48;2;119;82;81m▄[38;2;118;109;109m[48;2;125;109;109m▄[38;2;115;91;88m[48;2;82;67;67m▄[38;2;199;198;177m[48;2;69;64;63m▄[38;2;255;255;226m[48;2;217;211;186m▄[38;2;255;253;221m[48;2;254;251;222m▄[38;2;255;250;219m[48;2;250;245;215m▄[38;2;250;245;215m[48;2;253;246;214m▄[38;2;250;245;215m[48;2;255;247;214m▄[38;2;255;250;219m[48;2;255;251;217m▄[38;2;246;243;220m[48;2;251;244;220m▄[0m
[38;2;203;203;205m[48;2;209;209;209m▄[38;2;245;244;217m[48;2;244;241;215m▄[38;2;255;255;219m[48;2;255;251;217m▄[38;2;253;249;216m[48;2;249;246;214m▄[38;2;252;249;215m[48;2;251;246;214m▄[38;2;251;248;215m[48;2;246;244;214m▄[38;2;252;249;215m[48;2;221;235;218m▄[38;2;250;248;216m[48;2;189;223;224m▄[38;2;249;248;216m[48;2;159;211;229m▄[38;2;254;250;216m[48;2;179;219;225m▄[38;2;255;250;216m[48;2;183;220;225m▄[38;2;255;250;216m[48;2;162;213;229m▄[38;2;255;250;214m[48;2;203;228;222m▄[38;2;255;250;215m[48;2;218;233;219m▄[38;2;251;247;214m[48;2;244;243;215m▄[38;2;240;233;204m[48;2;252;248;216m▄[38;2;217;209;186m[48;2;255;254;221m▄[38;2;185;184;175m[48;2;255;254;222m▄[38;2;138;149;153m[48;2;136;126;115m▄[38;2;97;105;110m[48;2;75;21;22m▄[38;2;68;58;60m[48;2;99;27;26m▄[38;2;108;101;98m[48;2;66;20;24m▄[38;2;225;224;196m[48;2;167;162;144m▄[38;2;255;254;219m[48;2;255;255;227m▄[38;2;252;249;216m[48;2;248;245;214m▄[38;2;254;251;215m[48;2;249;246;213m▄[38;2;215;216;203m[48;2;215;215;205m▄[38;2;183;173;172m[48;2;191;185;180m▄[38;2;181;168;152m[48;2;172;164;154m▄[38;2;117;113;110m[48;2;139;151;156m▄[38;2;122;115;116m[48;2;193;215;222m▄[38;2;152;143;142m[48;2;201;192;190m▄[38;2;129;125;123m[48;2;180;151;146m▄[38;2;167;166;153m[48;2;164;149;146m▄[38;2;225;217;190m[48;2;131;119;119m▄[38;2;224;215;188m[48;2;190;166;155m▄[38;2;255;252;216m[48;2;246;245;211m▄[38;2;227;224;201m[48;2;225;224;202m▄[38;2;203;203;204m[48;2;208;208;209m▄[38;2;174;169;153m[48;2;241;236;210m▄[38;2;175;170;153m[48;2;255;255;228m▄[38;2;189;183;162m[48;2;255;255;224m▄[38;2;215;210;187m[48;2;255;255;227m▄[38;2;170;167;151m[48;2;215;216;192m▄[38;2;91;92;89m[48;2;95;103;104m▄[38;2;75;76;78m[48;2;75;79;85m▄[38;2;131;119;118m[48;2;124;111;110m▄[38;2;153;137;134m[48;2;138;123;121m▄[38;2;154;134;128m[48;2;118;118;113m▄[38;2;206;179;165m[48;2;152;150;136m▄[38;2;211;197;175m[48;2;211;206;183m▄[38;2;233;232;201m[48;2;219;205;186m▄[38;2;214;206;181m[48;2;213;196;179m▄[38;2;158;149;134m[48;2;216;208;185m▄[38;2;114;108;100m[48;2;214;211;187m▄[38;2;119;113;103m[48;2;227;223;196m▄[38;2;206;199;179m[48;2;255;251;220m▄[38;2;174;165;149m[48;2;255;251;221m▄[38;2;149;139;122m[48;2;253;248;218m▄[38;2;177;169;153m[48;2;248;245;223m▄[0m
[38;2;209;207;207m[48;2;214;214;214m▄[38;2;170;182;183m[48;2;225;223;209m▄[38;2;155;167;168m[48;2;230;228;209m▄[38;2;174;169;161m[48;2;221;221;204m▄[38;2;204;191;177m[48;2;226;224;206m▄[38;2;218;206;190m[48;2;228;226;208m▄[38;2;219;206;190m[48;2;226;225;207m▄[38;2;211;198;183m[48;2;226;224;205m▄[38;2;223;209;192m[48;2;228;224;205m▄[38;2;186;178;165m[48;2;223;222;204m▄[38;2;164;161;149m[48;2;220;220;202m▄[38;2;165;164;151m[48;2;219;219;200m▄[38;2;189;180;167m[48;2;226;224;206m▄[38;2;176;167;155m[48;2;234;232;213m▄[38;2;214;201;186m[48;2;230;229;211m▄[38;2;221;210;193m[48;2;191;182;174m▄[38;2;202;194;177m[48;2;155;144;144m▄[38;2;216;203;184m[48;2;163;165;168m▄[38;2;222;207;188m[48;2;166;172;176m▄[38;2;172;170;155m[48;2;166;169;171m▄[38;2;152;159;144m[48;2;168;171;165m▄[38;2;157;159;147m[48;2;167;165;159m▄[38;2;184;174;162m[48;2;177;172;165m▄[38;2;231;215;199m[48;2;226;225;207m▄[38;2;223;209;195m[48;2;223;222;204m▄[38;2;217;203;189m[48;2;222;221;202m▄[38;2;210;196;182m[48;2;201;201;195m▄[38;2;208;195;180m[48;2;186;184;183m▄[38;2;222;209;194m[48;2;147;141;139m▄[38;2;189;184;169m[48;2;161;151;149m▄[38;2;167;173;158m[48;2;122;116;117m▄[38;2;201;197;180m[48;2;163;146;143m▄[38;2;195;187;174m[48;2;186;173;168m▄[38;2;196;195;199m[48;2;211;210;195m▄[38;2;183;203;204m[48;2;237;233;208m▄[38;2;219;234;223m[48;2;233;230;206m▄[38;2;196;219;219m[48;2;234;228;204m▄[38;2;208;225;219m[48;2;218;214;197m▄[38;2;235;240;222m[48;2;210;208;207m▄[38;2;196;202;192m[48;2;164;154;146m▄[38;2;129;127;124m[48;2;163;155;149m▄[38;2;167;172;167m[48;2;165;156;147m▄[38;2;237;242;225m[48;2;178;167;157m▄[38;2;234;239;221m[48;2;185;173;162m▄[38;2;240;241;219m[48;2;199;185;170m▄[38;2;246;244;220m[48;2;202;186;173m▄[38;2;236;234;211m[48;2;194;184;174m▄[38;2;168;168;159m[48;2;188;180;170m▄[38;2;157;157;155m[48;2;179;171;161m▄[38;2;174;174;171m[48;2;190;177;166m▄[38;2;170;170;168m[48;2;182;170;161m▄[38;2;169;168;161m[48;2;182;173;164m▄[38;2;205;204;190m[48;2;184;174;163m▄[38;2;229;231;214m[48;2;192;182;170m▄[38;2;235;247;230m[48;2;186;176;164m▄[38;2;229;246;233m[48;2;192;180;166m▄[38;2;191;233;239m[48;2;189;174;160m▄[38;2;183;230;244m[48;2;195;179;163m▄[38;2;190;231;243m[48;2;203;186;168m▄[38;2;173;212;229m[48;2;202;190;177m▄[0m
[38;2;202;198;198m[48;2;198;202;200m▄[38;2;157;170;172m[48;2;174;190;189m▄[38;2;176;179;169m[48;2;155;165;163m▄[38;2;239;219;196m[48;2;214;197;175m▄[38;2;225;210;187m[48;2;229;212;187m▄[38;2;227;212;189m[48;2;231;214;190m▄[38;2;229;213;190m[48;2;223;207;184m▄[38;2;230;214;191m[48;2;228;211;187m▄[38;2;231;215;191m[48;2;234;217;193m▄[38;2;231;215;190m[48;2;230;214;190m▄[38;2;231;215;189m[48;2;231;213;189m▄[38;2;230;214;189m[48;2;235;217;192m▄[38;2;230;214;189m[48;2;233;216;192m▄[38;2;232;216;191m[48;2;218;201;179m▄[38;2;231;215;190m[48;2;227;211;187m▄[38;2;230;214;189m[48;2;234;217;193m▄[38;2;230;214;189m[48;2;239;221;197m▄[38;2;234;217;193m[48;2;217;201;179m▄[38;2;227;211;188m[48;2;214;198;177m▄[38;2;234;217;194m[48;2;182;171;152m▄[38;2;234;217;194m[48;2;215;202;179m▄[38;2;233;217;193m[48;2;241;223;198m▄[38;2;223;207;185m[48;2;221;205;183m▄[38;2;161;150;135m[48;2;123;111;102m▄[38;2;206;192;171m[48;2;185;169;151m▄[38;2;235;218;194m[48;2;242;224;200m▄[38;2;230;213;190m[48;2;236;218;197m▄[38;2;224;208;186m[48;2;228;210;190m▄[38;2;226;210;188m[48;2;228;211;190m▄[38;2;234;217;194m[48;2;194;183;165m▄[38;2;243;223;198m[48;2;147;153;135m▄[38;2;217;201;181m[48;2;113;142;121m▄[38;2;178;173;158m[48;2;111;140;121m▄[38;2;199;199;199m[48;2;192;191;191m▄[38;2;180;178;163m[48;2;126;148;156m▄[38;2;197;193;176m[48;2;152;190;201m▄[38;2;180;178;171m[48;2;168;213;227m▄[38;2;148;150;150m[48;2;168;214;225m▄[38;2;194;190;173m[48;2;210;238;230m▄[38;2;228;227;201m[48;2;182;223;230m▄[38;2;252;253;224m[48;2;121;145;153m▄[38;2;247;243;213m[48;2;143;175;181m▄[38;2;252;244;211m[48;2;213;239;231m▄[38;2;252;244;211m[48;2;203;230;224m▄[38;2;251;244;212m[48;2;224;238;221m▄[38;2;255;251;218m[48;2;253;249;217m▄[38;2;255;255;223m[48;2;238;233;204m▄[38;2;255;255;228m[48;2;201;197;175m▄[38;2;255;255;224m[48;2;223;219;195m▄[38;2;255;255;230m[48;2;224;222;197m▄[38;2;235;230;201m[48;2;205;202;182m▄[38;2;165;162;146m[48;2;157;155;139m▄[38;2;241;241;220m[48;2;232;228;199m▄[38;2;161;143;128m[48;2;248;249;222m▄[38;2;125;83;82m[48;2;196;180;169m▄[38;2;161;122;116m[48;2;168;130;129m▄[38;2;99;48;43m[48;2;131;101;108m▄[38;2;102;26;20m[48;2;106;110;119m▄[38;2;100;63;53m[48;2;151;181;186m▄[38;2;246;245;218m[48;2;197;230;233m▄[0m
[38;2;198;198;200m[48;2;205;207;207m▄[38;2;170;194;194m[48;2;178;193;194m▄[38;2;159;181;182m[48;2;149;165;164m▄[38;2;144;152;146m[48;2;198;187;171m▄[38;2;210;192;171m[48;2;228;211;189m▄[38;2;235;215;190m[48;2;226;210;188m▄[38;2;236;217;193m[48;2;231;215;192m▄[38;2;233;216;191m[48;2;228;212;188m▄[38;2;231;215;190m[48;2;230;214;191m▄[38;2;231;215;189m[48;2;229;213;189m▄[38;2;230;215;189m[48;2;230;214;189m▄[38;2;231;215;189m[48;2;230;214;189m▄[38;2;230;214;189m[48;2;230;214;189m▄[38;2;230;214;189m[48;2;230;214;189m▄[38;2;230;214;189m[48;2;230;214;189m▄[38;2;230;214;189m[48;2;230;214;189m▄[38;2;230;214;189m[48;2;230;214;189m▄[38;2;230;214;189m[48;2;230;214;189m▄[38;2;230;214;189m[48;2;231;215;190m▄[38;2;230;214;189m[48;2;231;215;190m▄[38;2;230;214;189m[48;2;230;214;190m▄[38;2;230;214;189m[48;2;229;214;188m▄[38;2;230;214;189m[48;2;232;215;190m▄[38;2;230;214;189m[48;2;242;225;199m▄[38;2;230;214;189m[48;2;234;218;192m▄[38;2;230;214;189m[48;2;229;213;188m▄[38;2;230;214;190m[48;2;230;214;189m▄[38;2;231;215;192m[48;2;231;215;190m▄[38;2;232;216;193m[48;2;231;215;190m▄[38;2;232;215;192m[48;2;231;215;192m▄[38;2;227;210;190m[48;2;232;215;194m▄[38;2;226;210;189m[48;2;238;219;198m▄[38;2;207;194;178m[48;2;216;202;184m▄[38;2;198;197;196m[48;2;202;200;200m▄[38;2;169;168;158m[48;2;184;182;168m▄[38;2;178;178;171m[48;2;184;184;173m▄[38;2;171;170;163m[48;2;190;189;177m▄[38;2;161;160;154m[48;2;171;171;164m▄[38;2;185;184;175m[48;2;143;146;149m▄[38;2;166;164;157m[48;2;144;147;151m▄[38;2;179;179;169m[48;2;170;171;168m▄[38;2;161;161;152m[48;2;176;177;170m▄[38;2;148;150;150m[48;2;190;190;179m▄[38;2;152;156;161m[48;2;189;188;177m▄[38;2;139;142;148m[48;2;171;169;161m▄[38;2;112;113;118m[48;2;189;187;175m▄[38;2;139;137;131m[48;2;202;199;183m▄[38;2;204;201;181m[48;2;180;178;164m▄[38;2;222;218;194m[48;2;197;194;176m▄[38;2;209;204;181m[48;2;193;189;172m▄[38;2;221;215;189m[48;2;209;205;185m▄[38;2;242;236;207m[48;2;249;245;215m▄[38;2;243;238;209m[48;2;255;255;228m▄[38;2;221;217;196m[48;2;198;192;171m▄[38;2;157;141;138m[48;2;96;72;70m▄[38;2;132;136;140m[48;2;101;83;80m▄[38;2;173;206;217m[48;2;166;162;161m▄[38;2;181;218;231m[48;2;139;130;132m▄[38;2;153;181;191m[48;2;80;64;63m▄[38;2;164;166;163m[48;2;216;215;195m▄[0m
[38;2;199;197;197m[48;2;200;198;198m▄[38;2;200;216;218m[48;2;164;183;183m▄[38;2;181;208;210m[48;2;163;190;189m▄[38;2;170;200;200m[48;2;160;186;187m▄[38;2;169;198;199m[48;2;164;177;172m▄[38;2;165;195;198m[48;2;184;188;177m▄[38;2;165;194;195m[48;2;200;193;179m▄[38;2;172;191;190m[48;2;219;203;184m▄[38;2;185;196;193m[48;2;227;210;188m▄[38;2;187;196;192m[48;2;226;206;186m▄[38;2;187;196;192m[48;2;234;215;192m▄[38;2;187;190;184m[48;2;233;214;190m▄[38;2;205;197;186m[48;2;235;217;191m▄[38;2;219;207;192m[48;2;235;218;192m▄[38;2;221;209;193m[48;2;235;218;192m▄[38;2;222;211;196m[48;2;235;218;192m▄[38;2;225;213;196m[48;2;234;217;192m▄[38;2;232;217;198m[48;2;232;216;191m▄[38;2;226;210;193m[48;2;233;216;192m▄[38;2;238;222;202m[48;2;232;216;191m▄[38;2;245;228;207m[48;2;231;215;191m▄[38;2;211;197;179m[48;2;232;216;193m▄[38;2;238;222;202m[48;2;233;216;194m▄[38;2;248;231;210m[48;2;232;216;192m▄[38;2;241;224;203m[48;2;232;216;190m▄[38;2;241;224;203m[48;2;232;216;191m▄[38;2;246;229;207m[48;2;232;216;193m▄[38;2;236;220;201m[48;2;231;214;193m▄[38;2;225;211;194m[48;2;233;216;195m▄[38;2;219;208;192m[48;2;226;209;188m▄[38;2;216;206;190m[48;2;222;206;186m▄[38;2;198;190;178m[48;2;230;213;192m▄[38;2;182;177;171m[48;2;211;196;181m▄[38;2;212;212;212m[48;2;197;197;197m▄[38;2;190;194;180m[48;2;152;182;179m▄[38;2;196;201;187m[48;2;161;193;190m▄[38;2;183;185;172m[48;2;154;183;181m▄[38;2;165;170;159m[48;2;159;187;184m▄[38;2;149;153;145m[48;2;166;193;189m▄[38;2;114;121;118m[48;2;171;201;196m▄[38;2;101;108;106m[48;2;172;201;196m▄[38;2;114;119;117m[48;2;172;201;196m▄[38;2;144;150;144m[48;2;167;200;196m▄[38;2;157;164;156m[48;2;154;189;189m▄[38;2;143;150;143m[48;2;153;184;185m▄[38;2;125;136;133m[48;2;145;173;175m▄[38;2;111;122;120m[48;2;143;170;172m▄[38;2;114;123;121m[48;2;163;189;186m▄[38;2;126;133;128m[48;2;168;199;197m▄[38;2;140;143;135m[48;2;139;156;151m▄[38;2;200;195;177m[48;2;119;130;125m▄[38;2;182;175;157m[48;2;147;168;165m▄[38;2;172;167;153m[48;2;146;170;171m▄[38;2;181;165;156m[48;2;131;145;148m▄[38;2;178;158;154m[48;2;187;161;154m▄[38;2;139;140;141m[48;2;155;142;140m▄[38;2;122;116;114m[48;2;164;174;178m▄[38;2;92;93;95m[48;2;158;174;178m▄[38;2;109;106;106m[48;2;181;170;166m▄[38;2;196;187;171m[48;2;151;147;145m▄[0m
