[38;2;254;254;254m[48;2;254;254;254m▄[38;2;255;255;255m[48;2;254;254;254m▄[38;2;255;255;255m[48;2;254;254;254m▄[38;2;255;255;255m[48;2;254;254;254m▄[38;2;255;255;255m[48;2;254;254;254m▄[38;2;255;255;255m[48;2;254;254;254m▄[38;2;255;255;255m[48;2;254;254;254m▄[38;2;255;255;255m[48;2;254;254;254m▄[38;2;255;255;255m[48;2;254;254;254m▄[38;2;255;255;255m[48;2;254;254;254m▄[38;2;255;255;255m[48;2;254;254;254m▄[38;2;255;255;255m[48;2;254;254;254m▄[38;2;255;255;255m[48;2;254;254;254m▄[38;2;247;247;247m[48;2;254;254;254m▄[38;2;255;255;255m[48;2;254;254;254m▄[38;2;255;255;255m[48;2;254;254;254m▄[38;2;255;255;255m[48;2;254;254;254m▄[38;2;255;255;255m[48;2;254;254;254m▄[38;2;255;255;255m[48;2;254;254;254m▄[38;2;255;255;255m[48;2;254;254;254m▄[38;2;255;255;255m[48;2;254;254;254m▄[38;2;255;255;255m[48;2;254;254;254m▄[38;2;255;255;255m[48;2;254;254;254m▄[38;2;255;255;255m[48;2;254;254;254m▄[38;2;255;255;255m[48;2;254;254;254m▄[38;2;255;255;255m[48;2;254;254;254m▄[38;2;255;255;255m[48;2;254;254;254m▄[38;2;255;255;255m[48;2;254;254;254m▄[38;2;255;255;255m[48;2;254;254;254m▄[38;2;255;255;255m[48;2;254;254;254m▄[38;2;255;255;255m[48;2;254;254;254m▄[38;2;255;255;255m[48;2;254;254;254m▄[38;2;255;255;255m[48;2;254;254;254m▄[38;2;255;255;255m[48;2;254;254;254m▄[38;2;255;255;255m[48;2;254;254;254m▄[38;2;255;255;255m[48;2;254;254;254m▄[38;2;255;255;255m[48;2;254;254;254m▄[38;2;255;255;255m[48;2;254;254;254m▄[38;2;255;255;255m[48;2;254;254;254m▄[38;2;255;255;255m[48;2;254;254;254m▄[38;2;255;255;255m[48;2;254;254;254m▄[38;2;255;255;255m[48;2;254;254;254m▄[38;2;255;255;255m[48;2;254;254;254m▄[38;2;255;255;255m[48;2;254;254;254m▄[38;2;255;255;255m[48;2;254;254;254m▄[38;2;255;255;255m[48;2;254;254;254m▄[38;2;255;255;255m[48;2;254;254;254m▄[38;2;255;255;255m[48;2;254;254;254m▄[38;2;255;255;255m[48;2;254;254;254m▄[38;2;255;255;255m[48;2;254;254;254m▄[38;2;255;255;255m[48;2;254;254;254m▄[38;2;255;255;255m[48;2;254;254;254m▄[38;2;255;255;255m[48;2;254;254;254m▄[38;2;255;255;255m[48;2;254;254;254m▄[38;2;255;255;255m[48;2;254;254;254m▄[38;2;255;255;255m[48;2;254;254;254m▄[38;2;255;255;255m[48;2;254;254;254m▄[38;2;255;255;255m[48;2;254;254;254m▄[38;2;255;255;255m[48;2;254;254;254m▄[38;2;255;255;255m[48;2;254;254;254m▄[0m
[38;2;255;255;255m[48;2;255;255;255m▄[38;2;255;255;255m[48;2;255;255;255m▄[38;2;255;255;255m[48;2;255;255;255m▄[38;2;255;255;255m[48;2;255;255;255m▄[38;2;255;255;255m[48;2;255;255;255m▄[38;2;250;250;250m[48;2;238;238;238m▄[38;2;238;238;238m[48;2;235;235;235m▄[38;2;222;223;223m[48;2;179;179;179m▄[38;2;225;225;225m[48;2;246;246;246m▄[38;2;234;234;234m[48;2;210;210;210m▄[38;2;229;230;230m[48;2;167;167;167m▄[38;2;223;225;225m[48;2;178;178;178m▄[38;2;222;224;224m[48;2;147;147;147m▄[38;2;229;229;229m[48;2;174;174;174m▄[38;2;234;234;234m[48;2;199;199;199m▄[38;2;237;237;237m[48;2;240;240;240m▄[38;2;163;163;163m[48;2;169;169;169m▄[38;2;168;168;168m[48;2;187;187;187m▄[38;2;186;186;186m[48;2;182;182;182m▄[38;2;208;208;208m[48;2;165;165;165m▄[38;2;214;214;214m[48;2;204;204;204m▄[38;2;187;187;187m[48;2;176;176;176m▄[38;2;209;209;209m[48;2;225;225;225m▄[38;2;192;192;192m[48;2;228;228;228m▄[38;2;188;188;188m[48;2;162;162;162m▄[38;2;180;180;180m[48;2;173;173;173m▄[38;2;170;170;170m[48;2;175;175;175m▄[38;2;178;178;178m[48;2;171;171;171m▄[38;2;240;240;240m[48;2;237;237;237m▄[38;2;255;255;255m[48;2;255;255;255m▄[38;2;255;255;255m[48;2;255;255;255m▄[38;2;255;255;255m[48;2;255;255;255m▄[38;2;255;255;255m[48;2;255;255;255m▄[38;2;255;255;255m[48;2;255;255;255m▄[38;2;255;255;255m[48;2;255;255;255m▄[38;2;255;255;255m[48;2;255;255;255m▄[38;2;255;255;255m[48;2;255;255;255m▄[38;2;255;255;255m[48;2;255;255;255m▄[38;2;255;255;255m[48;2;255;255;255m▄[38;2;255;255;255m[48;2;255;255;255m▄[38;2;255;255;255m[48;2;254;254;254m▄[38;2;246;246;246m[48;2;236;236;236m▄[38;2;222;222;222m[48;2;242;242;242m▄[38;2;228;228;228m[48;2;255;255;255m▄[38;2;255;255;255m[48;2;255;255;255m▄[38;2;255;255;255m[48;2;255;255;255m▄[38;2;255;255;255m[48;2;255;255;255m▄[38;2;255;255;255m[48;2;255;255;255m▄[38;2;255;255;255m[48;2;255;255;255m▄[38;2;253;253;253m[48;2;255;255;255m▄[38;2;254;254;254m[48;2;255;255;255m▄[38;2;255;255;255m[48;2;255;255;255m▄[38;2;255;255;255m[48;2;255;255;255m▄[38;2;255;255;255m[48;2;255;255;255m▄[38;2;255;255;255m[48;2;255;255;255m▄[38;2;255;255;255m[48;2;255;255;255m▄[38;2;255;255;255m[48;2;255;255;255m▄[38;2;255;255;255m[48;2;255;255;255m▄[38;2;255;255;255m[48;2;255;255;255m▄[38;2;255;255;255m[48;2;255;255;255m▄[0m
[38;2;255;255;255m[48;2;255;255;255m▄[38;2;255;255;255m[48;2;255;255;255m▄[38;2;255;255;255m[48;2;255;255;255m▄[38;2;255;255;255m[48;2;255;255;255m▄[38;2;255;255;255m[48;2;255;255;255m▄[38;2;246;248;249m[48;2;255;255;255m▄[38;2;215;163;150m[48;2;254;255;255m▄[38;2;204;160;148m[48;2;251;249;249m▄[38;2;218;208;206m[48;2;255;255;255m▄[38;2;217;163;151m[48;2;246;252;254m▄[38;2;222;149;131m[48;2;241;241;241m▄[38;2;221;141;123m[48;2;236;233;232m▄[38;2;218;140;121m[48;2;236;235;235m▄[38;2;215;183;176m[48;2;251;255;255m▄[38;2;218;226;229m[48;2;209;209;209m▄[38;2;242;248;249m[48;2;237;237;237m▄[38;2;195;196;196m[48;2;174;174;174m▄[38;2;165;165;165m[48;2;169;169;169m▄[38;2;181;181;181m[48;2;173;173;173m▄[38;2;176;176;176m[48;2;223;223;223m▄[38;2;171;171;171m[48;2;230;230;230m▄[38;2;188;188;188m[48;2;183;183;183m▄[38;2;193;193;193m[48;2;186;186;186m▄[38;2;168;168;168m[48;2;175;175;175m▄[38;2;172;172;172m[48;2;173;173;173m▄[38;2;230;230;230m[48;2;181;181;181m▄[38;2;245;245;245m[48;2;183;183;183m▄[38;2;188;188;188m[48;2;179;179;179m▄[38;2;151;151;151m[48;2;216;216;216m▄[38;2;226;226;226m[48;2;251;251;251m▄[38;2;255;255;255m[48;2;255;255;255m▄[38;2;255;255;255m[48;2;255;255;255m▄[38;2;255;255;255m[48;2;255;255;255m▄[38;2;255;255;255m[48;2;255;255;255m▄[38;2;255;255;255m[48;2;255;255;255m▄[38;2;255;255;255m[48;2;255;255;255m▄[38;2;255;255;255m[48;2;255;255;255m▄[38;2;255;255;255m[48;2;255;255;255m▄[38;2;255;255;255m[48;2;255;255;255m▄[38;2;255;255;255m[48;2;255;255;255m▄[38;2;255;255;255m[48;2;255;255;255m▄[38;2;255;255;255m[48;2;255;255;255m▄[38;2;255;255;255m[48;2;255;255;255m▄[38;2;254;254;254m[48;2;222;222;222m▄[38;2;207;207;207m[48;2;233;233;233m▄[38;2;234;234;234m[48;2;255;255;255m▄[38;2;234;234;234m[48;2;255;255;255m▄[38;2;145;145;145m[48;2;220;220;220m▄[38;2;181;183;183m[48;2;229;229;229m▄[38;2;241;243;243m[48;2;235;235;235m▄[38;2;214;215;215m[48;2;235;235;235m▄[38;2;156;156;155m[48;2;235;235;235m▄[38;2;221;219;222m[48;2;240;240;240m▄[38;2;240;240;241m[48;2;255;255;255m▄[38;2;255;255;255m[48;2;255;255;255m▄[38;2;255;255;255m[48;2;255;255;255m▄[38;2;255;255;255m[48;2;255;255;255m▄[38;2;255;255;255m[48;2;255;255;255m▄[38;2;255;255;255m[48;2;255;255;255m▄[38;2;255;255;255m[48;2;255;255;255m▄[0m
[38;2;255;255;255m[48;2;255;255;255m▄[38;2;255;255;255m[48;2;255;255;255m▄[38;2;255;255;255m[48;2;255;255;255m▄[38;2;254;255;255m[48;2;255;255;255m▄[38;2;205;165;157m[48;2;243;241;241m▄[38;2;184;106;88m[48;2;207;183;178m▄[38;2;224;134;112m[48;2;221;126;103m▄[38;2;197;117;98m[48;2;161;107;94m▄[38;2;183;116;99m[48;2;207;127;107m▄[38;2;191;128;114m[48;2;238;138;114m▄[38;2;209;135;117m[48;2;235;140;118m▄[38;2;202;129;111m[48;2;231;141;119m▄[38;2;163;106;93m[48;2;223;134;113m▄[38;2;172;110;97m[48;2;203;120;101m▄[38;2;205;123;102m[48;2;205;180;174m▄[38;2;215;115;91m[48;2;220;196;191m▄[38;2;191;171;166m[48;2;229;225;225m▄[38;2;241;243;243m[48;2;247;247;247m▄[38;2;254;254;254m[48;2;255;255;255m▄[38;2;202;202;202m[48;2;200;200;200m▄[38;2;190;190;190m[48;2;159;159;159m▄[38;2;197;197;197m[48;2;155;155;155m▄[38;2;219;219;219m[48;2;186;186;186m▄[38;2;228;228;228m[48;2;195;195;195m▄[38;2;206;206;206m[48;2;181;181;181m▄[38;2;202;202;202m[48;2;183;183;183m▄[38;2;207;207;207m[48;2;172;172;172m▄[38;2;209;209;209m[48;2;166;166;166m▄[38;2;205;205;205m[48;2;187;187;187m▄[38;2;229;229;229m[48;2;235;235;235m▄[38;2;255;255;255m[48;2;255;255;255m▄[38;2;255;255;255m[48;2;255;255;255m▄[38;2;255;255;255m[48;2;255;255;255m▄[38;2;255;255;255m[48;2;255;255;255m▄[38;2;255;255;255m[48;2;255;255;255m▄[38;2;255;255;255m[48;2;255;255;255m▄[38;2;255;255;255m[48;2;255;255;255m▄[38;2;255;255;255m[48;2;255;255;255m▄[38;2;255;255;255m[48;2;255;255;255m▄[38;2;255;255;255m[48;2;255;255;255m▄[38;2;255;255;255m[48;2;255;255;255m▄[38;2;255;255;255m[48;2;255;255;255m▄[38;2;255;255;255m[48;2;255;255;255m▄[38;2;255;255;255m[48;2;255;255;255m▄[38;2;217;217;217m[48;2;219;219;219m▄[38;2;194;194;194m[48;2;169;169;169m▄[38;2;172;170;174m[48;2;179;180;181m▄[38;2;192;188;193m[48;2;223;217;218m▄[38;2;232;222;222m[48;2;222;202;204m▄[38;2;230;217;219m[48;2;222;205;206m▄[38;2;196;187;190m[48;2;209;194;195m▄[38;2;149;147;152m[48;2;201;202;201m▄[38;2;170;169;172m[48;2;214;211;217m▄[38;2;254;254;254m[48;2;224;223;225m▄[38;2;255;255;255m[48;2;255;255;255m▄[38;2;255;255;255m[48;2;255;255;255m▄[38;2;255;255;255m[48;2;255;255;255m▄[38;2;255;255;255m[48;2;255;255;255m▄[38;2;255;255;255m[48;2;255;255;255m▄[38;2;255;255;255m[48;2;255;255;255m▄[0m
[38;2;255;255;255m[48;2;255;255;255m▄[38;2;255;255;255m[48;2;255;255;255m▄[38;2;255;255;255m[48;2;255;255;255m▄[38;2;255;255;255m[48;2;255;255;255m▄[38;2;220;222;222m[48;2;222;215;213m▄[38;2;222;228;229m[48;2;193;149;138m▄[38;2;226;230;232m[48;2;222;159;143m▄[38;2;227;233;235m[48;2;160;120;110m▄[38;2;246;246;248m[48;2;182;182;182m▄[38;2;225;224;225m[48;2;143;145;145m▄[38;2;202;205;207m[48;2;210;207;207m▄[38;2;181;183;187m[48;2;182;173;173m▄[38;2;232;233;233m[48;2;173;174;175m▄[38;2;229;230;230m[48;2;205;208;208m▄[38;2;235;237;238m[48;2;161;143;138m▄[38;2;173;179;180m[48;2;191;147;137m▄[38;2;254;255;255m[48;2;226;226;225m▄[38;2;237;237;237m[48;2;236;236;236m▄[38;2;250;250;250m[48;2;232;232;232m▄[38;2;242;242;242m[48;2;196;196;196m▄[38;2;253;253;253m[48;2;206;206;206m▄[38;2;255;255;255m[48;2;238;238;238m▄[38;2;255;255;255m[48;2;242;242;242m▄[38;2;255;255;255m[48;2;240;240;240m▄[38;2;255;255;255m[48;2;243;243;243m▄[38;2;255;255;255m[48;2;246;246;246m▄[38;2;255;255;255m[48;2;250;250;250m▄[38;2;255;255;255m[48;2;252;252;252m▄[38;2;255;255;255m[48;2;250;250;250m▄[38;2;255;255;255m[48;2;255;255;255m▄[38;2;255;255;255m[48;2;255;255;255m▄[38;2;255;255;255m[48;2;255;255;255m▄[38;2;255;255;255m[48;2;255;255;255m▄[38;2;255;255;255m[48;2;255;255;255m▄[38;2;244;244;244m[48;2;250;250;250m▄[38;2;234;234;234m[48;2;248;248;248m▄[38;2;235;235;235m[48;2;252;252;252m▄[38;2;234;234;234m[48;2;253;253;253m▄[38;2;230;230;230m[48;2;254;254;254m▄[38;2;229;229;229m[48;2;254;254;254m▄[38;2;231;231;231m[48;2;253;253;253m▄[38;2;230;230;230m[48;2;250;250;250m▄[38;2;228;228;228m[48;2;244;244;244m▄[38;2;231;231;231m[48;2;230;230;230m▄[38;2;253;253;253m[48;2;211;211;211m▄[38;2;238;238;238m[48;2;249;249;248m▄[38;2;214;212;215m[48;2;215;213;217m▄[38;2;206;204;208m[48;2;189;187;191m▄[38;2;182;182;183m[48;2;221;224;223m▄[38;2;243;244;243m[48;2;240;241;243m▄[38;2;254;254;253m[48;2;207;206;210m▄[38;2;222;222;222m[48;2;207;205;211m▄[38;2;208;206;211m[48;2;185;183;188m▄[38;2;202;199;205m[48;2;238;238;238m▄[38;2;236;236;236m[48;2;255;255;255m▄[38;2;255;255;255m[48;2;255;255;255m▄[38;2;255;255;255m[48;2;255;255;255m▄[38;2;255;255;255m[48;2;255;255;255m▄[38;2;255;255;255m[48;2;255;255;255m▄[38;2;255;255;255m[48;2;255;255;255m▄[0m
[38;2;255;255;255m[48;2;255;255;255m▄[38;2;255;255;255m[48;2;255;255;255m▄[38;2;255;255;255m[48;2;255;255;255m▄[38;2;255;255;255m[48;2;255;255;255m▄[38;2;245;245;245m[48;2;255;255;255m▄[38;2;220;220;220m[48;2;245;246;246m▄[38;2;207;208;209m[48;2;207;207;207m▄[38;2;228;229;229m[48;2;219;220;220m▄[38;2;219;201;130m[48;2;200;197;199m▄[38;2;231;211;131m[48;2;198;186;191m▄[38;2;200;190;167m[48;2;221;209;216m▄[38;2;208;204;213m[48;2;225;212;213m▄[38;2;187;184;176m[48;2;115;113;116m▄[38;2;226;213;160m[48;2;156;159;166m▄[38;2;197;189;158m[48;2;235;237;242m▄[38;2;248;248;248m[48;2;208;208;208m▄[38;2;223;223;223m[48;2;253;253;253m▄[38;2;194;194;194m[48;2;213;213;213m▄[38;2;151;151;151m[48;2;233;233;233m▄[38;2;234;234;234m[48;2;255;255;255m▄[38;2;255;255;255m[48;2;255;255;255m▄[38;2;255;255;255m[48;2;255;255;255m▄[38;2;255;255;255m[48;2;255;255;255m▄[38;2;255;255;255m[48;2;255;255;255m▄[38;2;255;255;255m[48;2;255;255;255m▄[38;2;255;255;255m[48;2;255;255;255m▄[38;2;255;255;255m[48;2;255;255;255m▄[38;2;255;255;255m[48;2;255;255;255m▄[38;2;255;255;255m[48;2;255;255;255m▄[38;2;255;255;255m[48;2;255;255;255m▄[38;2;255;255;255m[48;2;255;255;255m▄[38;2;255;255;255m[48;2;255;255;255m▄[38;2;255;255;255m[48;2;255;255;255m▄[38;2;255;255;255m[48;2;255;255;255m▄[38;2;255;255;255m[48;2;255;255;255m▄[38;2;255;255;255m[48;2;255;255;255m▄[38;2;255;255;255m[48;2;255;255;255m▄[38;2;255;255;255m[48;2;255;255;255m▄[38;2;255;255;255m[48;2;255;255;255m▄[38;2;255;255;255m[48;2;255;255;255m▄[38;2;255;255;255m[48;2;255;255;255m▄[38;2;255;255;255m[48;2;255;255;255m▄[38;2;255;255;255m[48;2;255;255;255m▄[38;2;255;255;255m[48;2;255;255;255m▄[38;2;255;255;255m[48;2;255;255;255m▄[38;2;255;255;255m[48;2;248;248;249m▄[38;2;255;255;255m[48;2;228;228;228m▄[38;2;255;255;255m[48;2;231;231;232m▄[38;2;255;255;255m[48;2;229;228;229m▄[38;2;201;201;201m[48;2;213;213;213m▄[38;2;242;240;243m[48;2;255;255;255m▄[38;2;187;186;190m[48;2;252;252;251m▄[38;2;251;251;251m[48;2;228;228;228m▄[38;2;203;202;205m[48;2;201;199;203m▄[38;2;246;246;246m[48;2;222;222;223m▄[38;2;255;255;255m[48;2;255;255;255m▄[38;2;255;255;255m[48;2;255;255;255m▄[38;2;255;255;255m[48;2;255;255;255m▄[38;2;255;255;255m[48;2;255;255;255m▄[38;2;255;255;255m[48;2;255;255;255m▄[0m
[38;2;255;255;255m[48;2;255;255;255m▄[38;2;255;255;255m[48;2;255;255;255m▄[38;2;255;255;255m[48;2;255;255;255m▄[38;2;255;255;255m[48;2;255;255;255m▄[38;2;255;255;255m[48;2;237;237;237m▄[38;2;255;255;255m[48;2;180;180;180m▄[38;2;243;242;242m[48;2;214;215;216m▄[38;2;224;225;225m[48;2;201;200;198m▄[38;2;216;218;226m[48;2;203;190;147m▄[38;2;191;193;200m[48;2;209;192;126m▄[38;2;225;203;125m[48;2;244;217;120m▄[38;2;255;227;117m[48;2;238;221;156m▄[38;2;255;226;123m[48;2;231;212;139m▄[38;2;252;220;116m[48;2;229;202;107m▄[38;2;195;186;154m[48;2;184;175;139m▄[38;2;218;220;225m[48;2;204;205;206m▄[38;2;217;217;216m[48;2;213;213;213m▄[38;2;245;245;245m[48;2;220;220;220m▄[38;2;255;255;255m[48;2;237;237;237m▄[38;2;255;255;255m[48;2;254;254;254m▄[38;2;255;255;255m[48;2;255;255;255m▄[38;2;255;255;255m[48;2;255;255;255m▄[38;2;255;255;255m[48;2;255;255;255m▄[38;2;255;255;255m[48;2;255;255;255m▄[38;2;255;255;255m[48;2;255;255;255m▄[38;2;255;255;255m[48;2;255;255;255m▄[38;2;255;255;255m[48;2;255;255;255m▄[38;2;255;255;255m[48;2;255;255;255m▄[38;2;255;255;255m[48;2;255;255;255m▄[38;2;255;255;255m[48;2;255;255;255m▄[38;2;255;255;255m[48;2;255;255;255m▄[38;2;255;255;255m[48;2;255;255;255m▄[38;2;255;255;255m[48;2;255;255;255m▄[38;2;255;255;255m[48;2;255;255;255m▄[38;2;255;255;255m[48;2;255;255;255m▄[38;2;255;255;255m[48;2;255;255;255m▄[38;2;255;255;255m[48;2;255;255;255m▄[38;2;255;255;255m[48;2;255;255;255m▄[38;2;255;255;255m[48;2;255;255;255m▄[38;2;255;255;255m[48;2;255;255;255m▄[38;2;255;255;255m[48;2;255;255;255m▄[38;2;255;255;255m[48;2;255;255;255m▄[38;2;255;255;255m[48;2;255;255;255m▄[38;2;255;255;255m[48;2;255;255;255m▄[38;2;255;255;255m[48;2;255;255;255m▄[38;2;255;255;255m[48;2;255;255;255m▄[38;2;254;254;254m[48;2;255;255;255m▄[38;2;255;255;255m[48;2;255;255;255m▄[38;2;255;255;255m[48;2;255;255;255m▄[38;2;229;229;229m[48;2;221;221;221m▄[38;2;207;207;207m[48;2;224;223;226m▄[38;2;225;223;230m[48;2;194;190;197m▄[38;2;154;154;155m[48;2;204;205;203m▄[38;2;253;252;254m[48;2;237;235;239m▄[38;2;197;195;200m[48;2;217;216;218m▄[38;2;253;253;252m[48;2;255;255;255m▄[38;2;244;244;244m[48;2;255;255;255m▄[38;2;252;252;252m[48;2;255;255;255m▄[38;2;255;255;255m[48;2;255;255;255m▄[38;2;255;255;255m[48;2;255;255;255m▄[0m
[38;2;255;255;255m[48;2;255;255;255m▄[38;2;255;255;255m[48;2;255;255;255m▄[38;2;255;255;255m[48;2;255;255;255m▄[38;2;255;255;255m[48;2;255;255;255m▄[38;2;255;255;255m[48;2;255;255;255m▄[38;2;255;255;255m[48;2;255;255;255m▄[38;2;255;255;255m[48;2;255;255;255m▄[38;2;255;255;255m[48;2;253;253;253m▄[38;2;255;255;255m[48;2;245;245;245m▄[38;2;255;255;255m[48;2;244;246;250m▄[38;2;255;255;255m[48;2;224;214;175m▄[38;2;255;255;255m[48;2;254;230;148m▄[38;2;254;255;255m[48;2;254;229;153m▄[38;2;255;255;255m[48;2;255;233;157m▄[38;2;255;255;255m[48;2;237;227;190m▄[38;2;255;255;255m[48;2;248;250;252m▄[38;2;255;255;255m[48;2;254;254;254m▄[38;2;255;255;255m[48;2;255;255;255m▄[38;2;255;255;255m[48;2;255;255;255m▄[38;2;255;255;255m[48;2;255;255;255m▄[38;2;255;255;255m[48;2;255;255;255m▄[38;2;255;255;255m[48;2;255;255;255m▄[38;2;255;255;255m[48;2;255;255;255m▄[38;2;255;255;255m[48;2;255;255;255m▄[38;2;255;255;255m[48;2;255;255;255m▄[38;2;255;255;255m[48;2;255;255;255m▄[38;2;255;255;255m[48;2;255;255;255m▄[38;2;255;255;255m[48;2;255;255;255m▄[38;2;255;255;255m[48;2;255;255;255m▄[38;2;255;255;255m[48;2;255;255;255m▄[38;2;255;255;255m[48;2;255;255;255m▄[38;2;255;255;255m[48;2;255;255;255m▄[38;2;255;255;255m[48;2;255;255;255m▄[38;2;255;255;255m[48;2;255;255;255m▄[38;2;255;255;255m[48;2;255;255;255m▄[38;2;255;255;255m[48;2;255;255;255m▄[38;2;255;255;255m[48;2;255;255;255m▄[38;2;255;255;255m[48;2;255;255;255m▄[38;2;255;255;255m[48;2;255;255;255m▄[38;2;255;255;255m[48;2;255;255;255m▄[38;2;255;255;255m[48;2;255;255;255m▄[38;2;255;255;255m[48;2;255;255;255m▄[38;2;255;255;255m[48;2;255;255;255m▄[38;2;255;255;255m[48;2;255;255;255m▄[38;2;255;255;255m[48;2;255;255;255m▄[38;2;255;255;255m[48;2;255;255;255m▄[38;2;255;255;255m[48;2;240;240;240m▄[38;2;254;254;254m[48;2;237;237;237m▄[38;2;255;255;255m[48;2;255;255;255m▄[38;2;255;255;255m[48;2;232;232;232m▄[38;2;255;255;255m[48;2;219;219;219m▄[38;2;245;245;244m[48;2;202;201;204m▄[38;2;255;255;255m[48;2;200;200;200m▄[38;2;255;255;255m[48;2;226;225;226m▄[38;2;255;255;255m[48;2;221;220;222m▄[38;2;255;255;255m[48;2;253;253;253m▄[38;2;255;255;255m[48;2;244;244;244m▄[38;2;255;255;255m[48;2;242;242;242m▄[38;2;255;255;255m[48;2;254;254;254m▄[38;2;255;255;255m[48;2;255;255;255m▄[0m
[38;2;255;255;255m[48;2;255;255;255m▄[38;2;255;255;255m[48;2;255;255;255m▄[38;2;255;255;255m[48;2;255;255;255m▄[38;2;255;255;255m[48;2;255;255;255m▄[38;2;255;255;255m[48;2;255;255;255m▄[38;2;255;255;255m[48;2;255;255;255m▄[38;2;255;255;255m[48;2;255;255;255m▄[38;2;255;255;255m[48;2;255;255;255m▄[38;2;255;255;255m[48;2;255;255;255m▄[38;2;255;255;255m[48;2;255;255;255m▄[38;2;240;238;238m[48;2;255;255;255m▄[38;2;229;214;211m[48;2;255;255;255m▄[38;2;255;255;255m[48;2;255;255;255m▄[38;2;251;255;255m[48;2;255;255;255m▄[38;2;235;227;224m[48;2;255;255;255m▄[38;2;227;198;191m[48;2;255;255;255m▄[38;2;220;186;177m[48;2;255;255;255m▄[38;2;222;193;187m[48;2;255;255;255m▄[38;2;236;230;229m[48;2;255;255;255m▄[38;2;255;255;255m[48;2;255;255;255m▄[38;2;255;255;255m[48;2;255;255;255m▄[38;2;255;255;255m[48;2;255;255;255m▄[38;2;255;255;255m[48;2;255;255;255m▄[38;2;255;255;255m[48;2;255;255;255m▄[38;2;255;255;255m[48;2;255;255;255m▄[38;2;255;255;255m[48;2;255;255;255m▄[38;2;255;255;255m[48;2;255;255;255m▄[38;2;255;255;255m[48;2;255;255;255m▄[38;2;255;255;255m[48;2;255;255;255m▄[38;2;255;255;255m[48;2;255;255;255m▄[38;2;255;255;255m[48;2;255;255;255m▄[38;2;255;255;255m[48;2;255;255;255m▄[38;2;255;255;255m[48;2;255;255;255m▄[38;2;255;255;255m[48;2;255;255;255m▄[38;2;255;255;255m[48;2;255;255;255m▄[38;2;255;255;255m[48;2;255;255;255m▄[38;2;255;255;255m[48;2;255;255;255m▄[38;2;246;247;248m[48;2;255;255;255m▄[38;2;239;231;229m[48;2;255;255;255m▄[38;2;255;255;255m[48;2;255;255;255m▄[38;2;255;255;255m[48;2;255;255;255m▄[38;2;244;246;246m[48;2;255;255;255m▄[38;2;238;230;228m[48;2;255;255;255m▄[38;2;238;224;220m[48;2;255;255;255m▄[38;2;235;225;222m[48;2;255;255;255m▄[38;2;243;245;246m[48;2;255;255;255m▄[38;2;255;255;255m[48;2;255;255;255m▄[38;2;255;255;255m[48;2;255;255;255m▄[38;2;255;255;255m[48;2;255;255;255m▄[38;2;255;255;255m[48;2;255;255;255m▄[38;2;255;255;255m[48;2;255;255;255m▄[38;2;255;255;255m[48;2;255;255;255m▄[38;2;255;255;255m[48;2;255;255;255m▄[38;2;255;255;255m[48;2;255;255;255m▄[38;2;255;255;255m[48;2;255;255;255m▄[38;2;255;255;255m[48;2;255;255;255m▄[38;2;255;255;255m[48;2;255;255;255m▄[38;2;255;255;255m[48;2;255;255;255m▄[38;2;255;255;255m[48;2;255;255;255m▄[38;2;255;255;255m[48;2;255;255;255m▄[0m
[38;2;255;255;255m[48;2;255;255;255m▄[38;2;255;255;255m[48;2;255;255;255m▄[38;2;255;255;255m[48;2;255;255;255m▄[38;2;255;255;255m[48;2;255;255;255m▄[38;2;255;255;255m[48;2;255;255;255m▄[38;2;255;255;255m[48;2;255;255;255m▄[38;2;255;255;255m[48;2;255;255;255m▄[38;2;255;255;255m[48;2;255;255;255m▄[38;2;249;247;246m[48;2;255;255;255m▄[38;2;185;169;165m[48;2;241;244;245m▄[38;2;204;124;105m[48;2;203;137;121m▄[38;2;192;125;109m[48;2;198;129;112m▄[38;2;211;127;107m[48;2;208;205;203m▄[38;2;227;125;102m[48;2;217;166;154m▄[38;2;233;138;117m[48;2;219;135;115m▄[38;2;238;146;124m[48;2;225;131;110m▄[38;2;223;135;115m[48;2;228;133;111m▄[38;2;224;136;115m[48;2;226;131;109m▄[38;2;231;134;112m[48;2;215;134;114m▄[38;2;207;126;106m[48;2;212;192;187m▄[38;2;208;180;173m[48;2;255;255;255m▄[38;2;219;193;187m[48;2;255;255;255m▄[38;2;245;244;244m[48;2;255;255;255m▄[38;2;255;255;255m[48;2;255;255;255m▄[38;2;255;255;255m[48;2;255;255;255m▄[38;2;255;255;255m[48;2;255;255;255m▄[38;2;255;255;255m[48;2;255;255;255m▄[38;2;255;255;255m[48;2;255;255;255m▄[38;2;255;255;255m[48;2;255;255;255m▄[38;2;255;255;255m[48;2;255;255;255m▄[38;2;255;255;255m[48;2;255;255;255m▄[38;2;255;255;255m[48;2;255;255;255m▄[38;2;255;255;255m[48;2;255;255;255m▄[38;2;255;255;255m[48;2;255;255;255m▄[38;2;255;255;255m[48;2;255;255;255m▄[38;2;237;229;227m[48;2;255;255;255m▄[38;2;192;159;152m[48;2;236;238;238m▄[38;2;218;126;105m[48;2;209;144;129m▄[38;2;185;120;105m[48;2;191;131;117m▄[38;2;216;133;114m[48;2;211;205;204m▄[38;2;233;133;110m[48;2;218;174;163m▄[38;2;235;142;120m[48;2;216;146;129m▄[38;2;232;142;122m[48;2;220;137;117m▄[38;2;232;143;123m[48;2;223;135;115m▄[38;2;235;144;124m[48;2;220;135;114m▄[38;2;235;140;118m[48;2;212;141;125m▄[38;2;209;126;106m[48;2;211;190;185m▄[38;2;218;210;208m[48;2;254;255;255m▄[38;2;241;243;243m[48;2;255;255;255m▄[38;2;255;255;255m[48;2;255;255;255m▄[38;2;255;255;255m[48;2;255;255;255m▄[38;2;255;255;255m[48;2;255;255;255m▄[38;2;255;255;255m[48;2;255;255;255m▄[38;2;255;255;255m[48;2;255;255;255m▄[38;2;255;255;255m[48;2;255;255;255m▄[38;2;255;255;255m[48;2;255;255;255m▄[38;2;255;255;255m[48;2;255;255;255m▄[38;2;255;255;255m[48;2;255;255;255m▄[38;2;255;255;255m[48;2;255;255;255m▄[38;2;255;255;255m[48;2;255;255;255m▄[0m
[38;2;255;255;255m[48;2;255;255;255m▄[38;2;255;255;255m[48;2;255;255;255m▄[38;2;255;255;255m[48;2;255;255;255m▄[38;2;255;255;255m[48;2;255;255;255m▄[38;2;255;255;255m[48;2;255;255;255m▄[38;2;255;255;255m[48;2;255;255;255m▄[38;2;255;255;255m[48;2;255;255;255m▄[38;2;251;251;251m[48;2;255;255;255m▄[38;2;219;220;221m[48;2;241;239;238m▄[38;2;226;219;218m[48;2;172;112;98m▄[38;2;199;164;156m[48;2;198;113;93m▄[38;2;210;204;202m[48;2;215;140;122m▄[38;2;255;255;255m[48;2;220;177;167m▄[38;2;255;255;255m[48;2;217;184;178m▄[38;2;110;115;116m[48;2;186;141;132m▄[38;2;24;27;28m[48;2;180;122;108m▄[38;2;214;216;215m[48;2;201;136;120m▄[38;2;255;255;255m[48;2;189;151;142m▄[38;2;185;190;191m[48;2;221;204;200m▄[38;2;64;73;75m[48;2;197;158;148m▄[38;2;180;133;122m[48;2;223;131;109m▄[38;2;198;132;116m[48;2;212;114;90m▄[38;2;224;221;222m[48;2;203;189;185m▄[38;2;255;255;255m[48;2;255;255;255m▄[38;2;255;255;255m[48;2;255;255;255m▄[38;2;255;255;255m[48;2;255;255;255m▄[38;2;255;255;255m[48;2;255;255;255m▄[38;2;255;255;255m[48;2;255;255;255m▄[38;2;255;255;255m[48;2;255;255;255m▄[38;2;255;255;255m[48;2;255;255;255m▄[38;2;255;255;255m[48;2;255;255;255m▄[38;2;255;255;255m[48;2;255;255;255m▄[38;2;255;255;255m[48;2;255;255;255m▄[38;2;255;255;255m[48;2;255;255;255m▄[38;2;250;250;250m[48;2;255;255;255m▄[38;2;203;200;199m[48;2;206;171;164m▄[38;2;214;177;167m[48;2;193;103;82m▄[38;2;221;167;154m[48;2;224;134;112m▄[38;2;196;154;144m[48;2;234;138;115m▄[38;2;223;208;204m[48;2;224;135;114m▄[38;2;248;250;251m[48;2;203;137;122m▄[38;2;185;166;161m[48;2;207;126;107m▄[38;2;198;174;169m[48;2;219;130;109m▄[38;2;207;160;149m[48;2;211;125;105m▄[38;2;199;169;161m[48;2;206;122;103m▄[38;2;227;214;211m[48;2;221;132;112m▄[38;2;206;166;155m[48;2;230;136;114m▄[38;2;235;135;111m[48;2;215;139;120m▄[38;2;217;121;98m[48;2;210;134;116m▄[38;2;207;183;177m[48;2;216;194;190m▄[38;2;255;255;255m[48;2;255;255;255m▄[38;2;255;255;255m[48;2;255;255;255m▄[38;2;255;255;255m[48;2;255;255;255m▄[38;2;255;255;255m[48;2;255;255;255m▄[38;2;255;255;255m[48;2;255;255;255m▄[38;2;255;255;255m[48;2;255;255;255m▄[38;2;255;255;255m[48;2;255;255;255m▄[38;2;255;255;255m[48;2;255;255;255m▄[38;2;255;255;255m[48;2;255;255;255m▄[38;2;255;255;255m[48;2;255;255;255m▄[0m
[38;2;255;255;255m[48;2;255;255;255m▄[38;2;255;255;255m[48;2;255;255;255m▄[38;2;255;255;255m[48;2;255;255;255m▄[38;2;255;255;255m[48;2;255;255;255m▄[38;2;255;255;255m[48;2;255;255;255m▄[38;2;255;255;255m[48;2;255;255;255m▄[38;2;255;255;255m[48;2;255;255;255m▄[38;2;255;255;255m[48;2;251;251;251m▄[38;2;250;250;250m[48;2;209;209;209m▄[38;2;231;231;231m[48;2;242;244;244m▄[38;2;171;171;171m[48;2;234;241;243m▄[38;2;224;224;224m[48;2;220;222;222m▄[38;2;244;244;244m[48;2;231;231;231m▄[38;2;238;238;239m[48;2;240;240;240m▄[38;2;233;233;233m[48;2;216;216;216m▄[38;2;243;243;243m[48;2;158;159;159m▄[38;2;216;215;218m[48;2;171;171;174m▄[38;2;232;232;232m[48;2;226;226;226m▄[38;2;235;235;235m[48;2;231;231;231m▄[38;2;255;255;255m[48;2;206;206;206m▄[38;2;202;203;203m[48;2;137;135;134m▄[38;2;232;233;233m[48;2;218;220;221m▄[38;2;255;255;255m[48;2;255;255;255m▄[38;2;255;255;255m[48;2;255;255;255m▄[38;2;255;255;255m[48;2;255;255;255m▄[38;2;255;255;255m[48;2;255;255;255m▄[38;2;255;255;255m[48;2;255;255;255m▄[38;2;255;255;255m[48;2;255;255;255m▄[38;2;255;255;255m[48;2;255;255;255m▄[38;2;255;255;255m[48;2;255;255;255m▄[38;2;255;255;255m[48;2;255;255;255m▄[38;2;255;255;255m[48;2;255;255;255m▄[38;2;255;255;255m[48;2;255;255;255m▄[38;2;255;255;255m[48;2;255;255;255m▄[38;2;255;255;255m[48;2;249;249;249m▄[38;2;251;251;251m[48;2;210;211;212m▄[38;2;201;201;201m[48;2;234;240;242m▄[38;2;177;177;177m[48;2;247;254;255m▄[38;2;255;255;255m[48;2;205;213;214m▄[38;2;249;249;249m[48;2;170;174;175m▄[38;2;224;224;225m[48;2;190;191;191m▄[38;2;240;240;240m[48;2;151;155;156m▄[38;2;197;195;199m[48;2;226;232;233m▄[38;2;215;213;216m[48;2;186;193;195m▄[38;2;219;219;219m[48;2;205;209;211m▄[38;2;211;211;211m[48;2;217;222;223m▄[38;2;238;239;239m[48;2;146;146;147m▄[38;2;207;214;215m[48;2;174;127;116m▄[38;2;255;255;255m[48;2;216;194;189m▄[38;2;251;251;251m[48;2;253;255;255m▄[38;2;212;212;212m[48;2;255;255;255m▄[38;2;139;139;141m[48;2;255;255;255m▄[38;2;121;122;124m[48;2;255;255;255m▄[38;2;228;228;228m[48;2;255;255;255m▄[38;2;255;255;255m[48;2;255;255;255m▄[38;2;255;255;255m[48;2;255;255;255m▄[38;2;255;255;255m[48;2;255;255;255m▄[38;2;255;255;255m[48;2;255;255;255m▄[38;2;255;255;255m[48;2;255;255;255m▄[38;2;255;255;255m[48;2;255;255;255m▄[0m
[38;2;255;255;255m[48;2;255;255;255m▄[38;2;255;255;255m[48;2;255;255;255m▄[38;2;255;255;255m[48;2;255;255;255m▄[38;2;255;255;255m[48;2;255;255;255m▄[38;2;255;255;255m[48;2;255;255;255m▄[38;2;255;255;255m[48;2;255;255;255m▄[38;2;255;255;255m[48;2;255;255;255m▄[38;2;255;255;255m[48;2;255;255;255m▄[38;2;255;255;255m[48;2;255;255;255m▄[38;2;255;255;255m[48;2;255;255;255m▄[38;2;255;255;255m[48;2;253;253;253m▄[38;2;255;255;255m[48;2;225;225;225m▄[38;2;230;230;229m[48;2;232;232;233m▄[38;2;209;194;141m[48;2;241;243;249m▄[38;2;224;208;148m[48;2;233;235;241m▄[38;2;210;211;213m[48;2;236;236;238m▄[38;2;196;196;194m[48;2;238;238;239m▄[38;2;209;193;134m[48;2;218;220;227m▄[38;2;211;204;177m[48;2;221;222;225m▄[38;2;236;237;238m[48;2;223;223;223m▄[38;2;255;255;255m[48;2;216;216;216m▄[38;2;255;255;255m[48;2;252;252;252m▄[38;2;255;255;255m[48;2;255;255;255m▄[38;2;255;255;255m[48;2;255;255;255m▄[38;2;255;255;255m[48;2;255;255;255m▄[38;2;255;255;255m[48;2;255;255;255m▄[38;2;255;255;255m[48;2;255;255;255m▄[38;2;255;255;255m[48;2;255;255;255m▄[38;2;255;255;255m[48;2;255;255;255m▄[38;2;255;255;255m[48;2;255;255;255m▄[38;2;255;255;255m[48;2;255;255;255m▄[38;2;255;255;255m[48;2;255;255;255m▄[38;2;255;255;255m[48;2;255;255;255m▄[38;2;255;255;255m[48;2;255;255;255m▄[38;2;255;255;255m[48;2;255;255;255m▄[38;2;255;255;255m[48;2;255;255;255m▄[38;2;255;255;255m[48;2;255;255;255m▄[38;2;255;255;255m[48;2;242;242;242m▄[38;2;255;255;255m[48;2;228;228;228m▄[38;2;223;220;206m[48;2;239;239;242m▄[38;2;218;199;126m[48;2;237;238;240m▄[38;2;187;181;149m[48;2;225;225;228m▄[38;2;206;206;203m[48;2;229;229;230m▄[38;2;193;184;149m[48;2;230;231;236m▄[38;2;206;198;163m[48;2;239;240;245m▄[38;2;212;212;213m[48;2;246;246;245m▄[38;2;89;91;94m[48;2;166;166;167m▄[38;2;55;59;64m[48;2;145;146;147m▄[38;2;99;101;103m[48;2;105;107;110m▄[38;2;166;167;168m[48;2;70;73;76m▄[38;2;229;229;229m[48;2;62;65;68m▄[38;2;255;255;255m[48;2;91;92;94m▄[38;2;255;255;255m[48;2;141;142;144m▄[38;2;255;255;255m[48;2;243;243;243m▄[38;2;255;255;255m[48;2;255;255;255m▄[38;2;255;255;255m[48;2;255;255;255m▄[38;2;255;255;255m[48;2;255;255;255m▄[38;2;255;255;255m[48;2;255;255;255m▄[38;2;255;255;255m[48;2;255;255;255m▄[38;2;255;255;255m[48;2;255;255;255m▄[0m
[38;2;255;255;255m[48;2;255;255;255m▄[38;2;255;255;255m[48;2;255;255;255m▄[38;2;255;255;255m[48;2;255;255;255m▄[38;2;255;255;255m[48;2;255;255;255m▄[38;2;255;255;255m[48;2;255;255;255m▄[38;2;255;255;255m[48;2;255;255;255m▄[38;2;255;255;255m[48;2;255;255;255m▄[38;2;255;255;255m[48;2;255;255;255m▄[38;2;255;255;255m[48;2;255;255;255m▄[38;2;255;255;255m[48;2;255;255;255m▄[38;2;255;255;255m[48;2;255;255;255m▄[38;2;255;255;255m[48;2;255;255;255m▄[38;2;229;229;230m[48;2;211;210;202m▄[38;2;225;229;243m[48;2;204;191;144m▄[38;2;211;200;164m[48;2;214;195;122m▄[38;2;255;228;127m[48;2;239;216;132m▄[38;2;255;230;131m[48;2;235;215;135m▄[38;2;235;210;127m[48;2;223;197;105m▄[38;2;181;181;178m[48;2;173;169;148m▄[38;2;253;253;254m[48;2;253;254;255m▄[38;2;255;255;255m[48;2;255;255;255m▄[38;2;255;255;255m[48;2;255;255;255m▄[38;2;255;255;255m[48;2;255;255;255m▄[38;2;255;255;255m[48;2;255;255;255m▄[38;2;255;255;255m[48;2;255;255;255m▄[38;2;255;255;255m[48;2;255;255;255m▄[38;2;255;255;255m[48;2;255;255;255m▄[38;2;255;255;255m[48;2;255;255;255m▄[38;2;255;255;255m[48;2;255;255;255m▄[38;2;255;255;255m[48;2;255;255;255m▄[38;2;255;255;255m[48;2;255;255;255m▄[38;2;255;255;255m[48;2;255;255;255m▄[38;2;255;255;255m[48;2;255;255;255m▄[38;2;255;255;255m[48;2;255;255;255m▄[38;2;255;255;255m[48;2;255;255;255m▄[38;2;255;255;255m[48;2;255;255;255m▄[38;2;255;255;255m[48;2;255;255;255m▄[38;2;255;255;255m[48;2;255;255;255m▄[38;2;250;252;255m[48;2;253;254;255m▄[38;2;229;213;155m[48;2;218;206;154m▄[38;2;240;212;110m[48;2;222;196;101m▄[38;2;233;210;128m[48;2;191;182;137m▄[38;2;230;218;172m[48;2;212;206;178m▄[38;2;208;202;178m[48;2;210;192;122m▄[38;2;207;208;212m[48;2;203;187;128m▄[38;2;211;211;212m[48;2;203;202;197m▄[38;2;200;200;200m[48;2;227;227;228m▄[38;2;88;92;95m[48;2;168;169;170m▄[38;2;118;120;122m[48;2;163;164;165m▄[38;2;223;223;222m[48;2;255;255;255m▄[38;2;255;255;255m[48;2;255;255;255m▄[38;2;255;255;255m[48;2;255;255;255m▄[38;2;255;255;255m[48;2;255;255;255m▄[38;2;255;255;255m[48;2;255;255;255m▄[38;2;255;255;255m[48;2;255;255;255m▄[38;2;255;255;255m[48;2;255;255;255m▄[38;2;255;255;255m[48;2;255;255;255m▄[38;2;255;255;255m[48;2;255;255;255m▄[38;2;255;255;255m[48;2;255;255;255m▄[38;2;255;255;255m[48;2;255;255;255m▄[0m
[38;2;254;254;254m[48;2;255;255;255m▄[38;2;255;255;255m[48;2;255;255;255m▄[38;2;255;255;255m[48;2;255;255;255m▄[38;2;255;255;255m[48;2;255;255;255m▄[38;2;255;255;255m[48;2;255;255;255m▄[38;2;255;255;255m[48;2;255;255;255m▄[38;2;255;255;255m[48;2;255;255;255m▄[38;2;255;255;255m[48;2;255;255;255m▄[38;2;255;255;255m[48;2;255;255;255m▄[38;2;255;255;255m[48;2;255;255;255m▄[38;2;255;255;255m[48;2;255;255;255m▄[38;2;255;255;255m[48;2;255;255;255m▄[38;2;255;255;255m[48;2;254;254;254m▄[38;2;255;255;255m[48;2;255;255;255m▄[38;2;255;255;255m[48;2;253;252;249m▄[38;2;255;255;255m[48;2;254;251;240m▄[38;2;255;255;255m[48;2;254;250;238m▄[38;2;255;255;255m[48;2;254;252;240m▄[38;2;255;255;255m[48;2;254;254;252m▄[38;2;255;255;255m[48;2;255;255;255m▄[38;2;255;255;255m[48;2;255;255;255m▄[38;2;255;255;255m[48;2;255;255;255m▄[38;2;255;255;255m[48;2;255;255;255m▄[38;2;255;255;255m[48;2;255;255;255m▄[38;2;255;255;255m[48;2;255;255;255m▄[38;2;255;255;255m[48;2;255;255;255m▄[38;2;255;255;255m[48;2;255;255;255m▄[38;2;255;255;255m[48;2;255;255;255m▄[38;2;255;255;255m[48;2;255;255;255m▄[38;2;255;255;255m[48;2;255;255;255m▄[38;2;255;255;255m[48;2;255;255;255m▄[38;2;255;255;255m[48;2;255;255;255m▄[38;2;255;255;255m[48;2;255;255;255m▄[38;2;255;255;255m[48;2;255;255;255m▄[38;2;255;255;255m[48;2;255;255;255m▄[38;2;255;255;255m[48;2;255;255;255m▄[38;2;255;255;255m[48;2;255;255;255m▄[38;2;255;255;255m[48;2;255;255;255m▄[38;2;255;255;255m[48;2;255;255;255m▄[38;2;255;255;255m[48;2;251;250;242m▄[38;2;255;255;255m[48;2;255;248;218m▄[38;2;255;255;255m[48;2;255;246;205m▄[38;2;255;255;255m[48;2;254;242;198m▄[38;2;255;255;255m[48;2;242;234;207m▄[38;2;255;255;255m[48;2;248;248;249m▄[38;2;255;255;255m[48;2;252;252;252m▄[38;2;255;255;255m[48;2;238;239;239m▄[38;2;255;255;255m[48;2;220;220;220m▄[38;2;255;255;255m[48;2;219;218;218m▄[38;2;255;255;255m[48;2;242;242;242m▄[38;2;255;255;255m[48;2;255;255;255m▄[38;2;255;255;255m[48;2;255;255;255m▄[38;2;255;255;255m[48;2;255;255;255m▄[38;2;255;255;255m[48;2;255;255;255m▄[38;2;255;255;255m[48;2;255;255;255m▄[38;2;255;255;255m[48;2;255;255;255m▄[38;2;255;255;255m[48;2;255;255;255m▄[38;2;255;255;255m[48;2;255;255;255m▄[38;2;255;255;255m[48;2;255;255;255m▄[38;2;255;255;255m[48;2;255;255;255m▄[0m
