[38;2;241;231;218m[48;2;237;223;209m▄[38;2;255;255;253m[48;2;253;247;231m▄[38;2;255;248;236m[48;2;241;229;216m▄[38;2;255;249;236m[48;2;243;231;220m▄[38;2;255;248;235m[48;2;239;229;216m▄[38;2;255;248;235m[48;2;235;226;216m▄[38;2;255;249;237m[48;2;239;227;218m▄[38;2;254;247;236m[48;2;235;229;218m▄[38;2;253;247;236m[48;2;231;226;214m▄[38;2;255;247;237m[48;2;233;226;216m▄[38;2;253;245;235m[48;2;235;227;218m▄[38;2;252;246;238m[48;2;233;227;218m▄[38;2;251;246;239m[48;2;227;222;210m▄[38;2;249;246;239m[48;2;227;220;210m▄[38;2;248;243;233m[48;2;229;222;212m▄[38;2;238;228;216m[48;2;233;226;218m▄[38;2;226;215;201m[48;2;237;231;222m▄[38;2;218;207;193m[48;2;233;226;216m▄[38;2;228;216;203m[48;2;237;227;218m▄[38;2;244;232;220m[48;2;235;224;212m▄[38;2;254;245;234m[48;2;231;220;208m▄[38;2;255;247;236m[48;2;229;220;208m▄[38;2;250;241;227m[48;2;229;220;208m▄[38;2;250;240;228m[48;2;231;220;210m▄[38;2;249;240;229m[48;2;231;218;206m▄[38;2;250;239;228m[48;2;229;218;206m▄[38;2;252;239;227m[48;2;227;218;204m▄[38;2;253;242;230m[48;2;227;216;204m▄[38;2;252;241;230m[48;2;227;216;204m▄[38;2;251;242;233m[48;2;227;214;206m▄[38;2;249;241;232m[48;2;226;212;202m▄[38;2;247;236;224m[48;2;224;210;195m▄[38;2;246;233;220m[48;2;224;206;193m▄[38;2;245;231;219m[48;2;222;204;191m▄[38;2;240;226;214m[48;2;218;202;187m▄[38;2;243;228;215m[48;2;216;198;185m▄[38;2;243;228;216m[48;2;214;198;183m▄[38;2;239;226;213m[48;2;210;197;181m▄[38;2;236;222;211m[48;2;210;193;179m▄[38;2;231;217;208m[48;2;204;191;177m▄[38;2;225;211;202m[48;2;200;187;173m▄[38;2;217;205;196m[48;2;197;183;173m▄[38;2;206;195;185m[48;2;191;175;164m▄[38;2;197;185;173m[48;2;183;169;156m▄[38;2;190;177;163m[48;2;177;166;154m▄[38;2;184;168;152m[48;2;173;158;144m▄[38;2;171;153;136m[48;2;158;142;127m▄[38;2;170;153;138m[48;2;156;139;125m▄[38;2;179;165;153m[48;2;160;146;133m▄[38;2;170;158;146m[48;2;148;135;123m▄[38;2;159;143;129m[48;2;139;123;112m▄[38;2;162;144;130m[48;2;141;125;110m▄[38;2;165;149;134m[48;2;144;127;112m▄[38;2;167;151;136m[48;2;144;127;113m▄[38;2;169;153;137m[48;2;146;131;117m▄[38;2;169;154;138m[48;2;148;133;117m▄[38;2;170;155;140m[48;2;150;133;117m▄[38;2;171;156;139m[48;2;152;135;121m▄[38;2;172;156;140m[48;2;154;137;123m▄[38;2;187;171;152m[48;2;169;150;135m▄[0m
[38;2;240;231;222m[48;2;240;233;222m▄[38;2;252;249;242m[48;2;251;248;238m▄[38;2;240;233;224m[48;2;238;231;221m▄[38;2;242;235;224m[48;2;239;232;222m▄[38;2;243;235;225m[48;2;239;233;222m▄[38;2;242;235;225m[48;2;240;232;222m▄[38;2;241;234;224m[48;2;239;233;222m▄[38;2;237;230;220m[48;2;236;230;220m▄[38;2;231;225;217m[48;2;235;228;218m▄[38;2;220;214;208m[48;2;232;225;217m▄[38;2;187;182;176m[48;2;227;220;214m▄[38;2;118;108;94m[48;2;218;211;205m▄[38;2;151;121;85m[48;2;198;188;178m▄[38;2;154;116;72m[48;2;190;170;148m▄[38;2;117;79;42m[48;2;159;129;96m▄[38;2;104;72;40m[48;2;123;93;59m▄[38;2;142;109;67m[48;2;98;72;42m▄[38;2;174;142;92m[48;2;104;78;46m▄[38;2;193;159;108m[48;2;139;111;72m▄[38;2;198;165;114m[48;2;154;127;93m▄[38;2;183;151;103m[48;2;161;141;115m▄[38;2;177;146;100m[48;2;189;176;160m▄[38;2;202;175;134m[48;2;228;221;211m▄[38;2;214;188;148m[48;2;234;228;220m▄[38;2;212;185;144m[48;2;232;226;218m▄[38;2;203;178;136m[48;2;231;224;216m▄[38;2;174;152;115m[48;2;224;217;210m▄[38;2;172;145;101m[48;2;212;204;192m▄[38;2;176;146;100m[48;2;220;209;191m▄[38;2;176;143;88m[48;2;218;202;178m▄[38;2;192;158;104m[48;2;222;204;177m▄[38;2;183;151;101m[48;2;226;211;191m▄[38;2;180;147;96m[48;2;225;211;192m▄[38;2;192;159;104m[48;2;219;203;181m▄[38;2;200;164;107m[48;2;194;175;148m▄[38;2;200;165;106m[48;2;176;158;130m▄[38;2;194;164;115m[48;2;188;170;146m▄[38;2;183;162;135m[48;2;184;166;146m▄[38;2;199;171;129m[48;2;179;160;139m▄[38;2;218;182;121m[48;2;179;156;128m▄[38;2;216;181;122m[48;2;170;147;115m▄[38;2;207;175;118m[48;2;169;144;110m▄[38;2;175;148;101m[48;2;178;152;113m▄[38;2;154;129;87m[48;2;173;143;101m▄[38;2;146;122;81m[48;2;175;140;94m▄[38;2;140;117;77m[48;2;168;133;87m▄[38;2;137;114;73m[48;2;155;120;76m▄[38;2;146;115;70m[48;2;153;118;76m▄[38;2;164;125;72m[48;2;159;126;87m▄[38;2;175;137;84m[48;2;164;136;101m▄[38;2;213;186;140m[48;2;172;154;132m▄[38;2;230;209;172m[48;2;176;164;152m▄[38;2;225;215;199m[48;2;164;152;140m▄[38;2;187;179;170m[48;2;160;148;136m▄[38;2;165;155;142m[48;2;163;152;139m▄[38;2;169;161;150m[48;2;163;152;139m▄[38;2;170;161;150m[48;2;165;153;139m▄[38;2;171;162;151m[48;2;165;153;139m▄[38;2;171;163;151m[48;2;165;153;139m▄[38;2;185;177;165m[48;2;180;167;152m▄[0m
[38;2;242;234;225m[48;2;245;236;227m▄[38;2;252;250;243m[48;2;252;250;242m▄[38;2;239;233;223m[48;2;241;234;224m▄[38;2;240;233;223m[48;2;242;235;224m▄[38;2;241;234;223m[48;2;244;236;225m▄[38;2;241;234;223m[48;2;245;236;225m▄[38;2;243;236;224m[48;2;244;237;225m▄[38;2;239;232;223m[48;2;240;234;223m▄[38;2;228;222;215m[48;2;226;220;214m▄[38;2;213;210;206m[48;2;213;209;204m▄[38;2;152;150;148m[48;2;133;127;121m▄[38;2;61;54;45m[48;2;65;53;37m▄[38;2;127;112;87m[48;2;189;158;113m▄[38;2;141;113;74m[48;2;192;158;107m▄[38;2;129;93;53m[48;2;157;122;75m▄[38;2;110;76;40m[48;2;110;82;48m▄[38;2;114;86;49m[48;2;151;123;79m▄[38;2;190;160;110m[48;2;222;186;129m▄[38;2;200;170;120m[48;2;229;192;134m▄[38;2;177;151;107m[48;2;230;193;133m▄[38;2;155;132;94m[48;2;235;197;137m▄[38;2;130;111;80m[48;2;236;201;138m▄[38;2;112;97;72m[48;2;234;199;136m▄[38;2;97;83;60m[48;2;231;196;134m▄[38;2;91;77;55m[48;2;225;192;131m▄[38;2;98;84;64m[48;2;219;187;128m▄[38;2;107;95;75m[48;2;214;183;125m▄[38;2;121;110;92m[48;2;205;176;122m▄[38;2;140;126;104m[48;2;180;152;103m▄[38;2;150;136;115m[48;2;162;135;88m▄[38;2;123;105;83m[48;2;158;138;109m▄[38;2;113;90;59m[48;2;143;125;94m▄[38;2;114;91;58m[48;2;138;117;79m▄[38;2;123;101;71m[48;2;146;124;84m▄[38;2;125;103;73m[48;2;150;127;88m▄[38;2;136;112;77m[48;2;158;133;92m▄[38;2;122;101;71m[48;2;163;138;98m▄[38;2;55;46;34m[48;2;154;134;107m▄[38;2;12;9;8m[48;2;132;115;93m▄[38;2;8;6;9m[48;2;114;99;73m▄[38;2;10;7;8m[48;2;93;81;60m▄[38;2;14;11;11m[48;2;67;57;44m▄[38;2;36;31;28m[48;2;27;22;17m▄[38;2;50;44;41m[48;2;33;25;18m▄[38;2;53;46;44m[48;2;50;38;26m▄[38;2;62;51;43m[48;2;53;37;24m▄[38;2;62;45;29m[48;2;39;27;18m▄[38;2;135;113;89m[48;2;53;46;35m▄[38;2;154;127;102m[48;2;56;46;32m▄[38;2;43;33;25m[48;2;105;88;57m▄[38;2;84;70;49m[48;2;176;146;94m▄[38;2;140;113;74m[48;2;204;170;111m▄[38;2;162;137;91m[48;2;226;189;129m▄[38;2;235;229;210m[48;2;241;229;207m▄[38;2;237;235;232m[48;2;208;204;199m▄[38;2;162;160;156m[48;2;183;177;169m▄[38;2;107;104;102m[48;2;192;186;176m▄[38;2;105;101;98m[48;2;191;184;175m▄[38;2;97;96;93m[48;2;191;184;175m▄[38;2;100;99;97m[48;2;207;201;191m▄[0m
[38;2;244;236;231m[48;2;242;234;227m▄[38;2;252;250;246m[48;2;252;251;245m▄[38;2;239;233;227m[48;2;241;234;226m▄[38;2;238;232;225m[48;2;240;233;225m▄[38;2;235;230;224m[48;2;239;232;223m▄[38;2;232;228;223m[48;2;237;230;222m▄[38;2;230;226;221m[48;2;234;228;220m▄[38;2;230;227;222m[48;2;229;224;217m▄[38;2;229;225;222m[48;2;225;221;214m▄[38;2;222;218;214m[48;2;220;216;212m▄[38;2;209;207;205m[48;2;196;194;198m▄[38;2;196;196;201m[48;2;132;130;130m▄[38;2;160;161;165m[48;2;55;48;42m▄[38;2;35;36;40m[48;2;107;93;76m▄[38;2;30;26;23m[48;2;144;108;70m▄[38;2;50;43;36m[48;2;129;84;41m▄[38;2;97;77;57m[48;2;100;62;28m▄[38;2;140;105;68m[48;2;90;65;38m▄[38;2;76;59;42m[48;2;44;38;29m▄[38;2;104;75;47m[48;2;32;28;23m▄[38;2;123;87;54m[48;2;41;35;29m▄[38;2;140;118;91m[48;2;77;65;50m▄[38;2;178;160;134m[48;2;82;64;41m▄[38;2;241;234;220m[48;2;119;104;85m▄[38;2;254;253;248m[48;2;197;190;183m▄[38;2;249;247;242m[48;2;219;214;207m▄[38;2;245;243;237m[48;2;234;227;217m▄[38;2;209;197;178m[48;2;185;168;142m▄[38;2;168;152;127m[48;2;190;177;159m▄[38;2;112;83;51m[48;2;168;149;124m▄[38;2;123;99;70m[48;2;141;117;88m▄[38;2;152;132;103m[48;2;146;120;88m▄[38;2;128;108;82m[48;2;157;135;105m▄[38;2;167;148;119m[48;2;122;97;66m▄[38;2;169;148;113m[48;2;137;111;77m▄[38;2;174;154;116m[48;2;170;145;104m▄[38;2;96;85;67m[48;2;83;67;49m▄[38;2;108;80;61m[48;2;5;3;6m▄[38;2;94;63;46m[48;2;23;20;20m▄[38;2;17;13;14m[48;2;18;14;14m▄[38;2;19;17;15m[48;2;20;15;14m▄[38;2;19;17;15m[48;2;23;19;18m▄[38;2;24;22;23m[48;2;36;31;34m▄[38;2;30;31;37m[48;2;38;34;36m▄[38;2;28;34;49m[48;2;37;34;33m▄[38;2;51;64;95m[48;2;58;56;60m▄[38;2;41;48;71m[48;2;59;50;43m▄[38;2;134;117;93m[48;2;125;99;64m▄[38;2;95;82;61m[48;2;107;85;64m▄[38;2;35;26;18m[48;2;66;50;38m▄[38;2;33;29;23m[48;2;68;59;49m▄[38;2;109;79;48m[48;2;134;115;94m▄[38;2;179;124;62m[48;2;126;88;49m▄[38;2;225;181;128m[48;2;214;187;152m▄[38;2;133;118;99m[48;2;208;202;191m▄[38;2;39;39;41m[48;2;92;89;88m▄[38;2;26;25;23m[48;2;5;4;5m▄[38;2;29;27;25m[48;2;16;13;12m▄[38;2;30;26;25m[48;2;14;12;14m▄[38;2;29;27;24m[48;2;14;12;13m▄[0m
[38;2;234;229;227m[48;2;234;231;225m▄[38;2;249;244;241m[48;2;251;248;244m▄[38;2;230;225;223m[48;2;232;228;224m▄[38;2;228;224;222m[48;2;229;226;221m▄[38;2;226;222;219m[48;2;229;225;220m▄[38;2;226;222;219m[48;2;229;224;221m▄[38;2;226;222;219m[48;2;229;224;221m▄[38;2;224;220;217m[48;2;229;225;222m▄[38;2;218;216;214m[48;2;225;223;220m▄[38;2;211;210;208m[48;2;213;212;208m▄[38;2;197;196;194m[48;2;208;207;202m▄[38;2;72;69;67m[48;2;179;178;174m▄[38;2;1;3;10m[48;2;94;94;96m▄[38;2;15;16;22m[48;2;32;33;38m▄[38;2;19;19;27m[48;2;13;15;23m▄[38;2;19;20;27m[48;2;19;21;32m▄[38;2;13;14;22m[48;2;40;39;45m▄[38;2;12;13;23m[48;2;55;49;47m▄[38;2;8;10;19m[48;2;90;79;72m▄[38;2;1;5;12m[48;2;132;115;99m▄[38;2;27;30;34m[48;2;136;123;109m▄[38;2;9;11;18m[48;2;127;120;113m▄[38;2;69;68;69m[48;2;222;213;201m▄[38;2;199;189;177m[48;2;236;229;217m▄[38;2;230;222;209m[48;2;232;228;221m▄[38;2;235;231;222m[48;2;242;237;231m▄[38;2;239;236;227m[48;2;244;241;234m▄[38;2;219;217;209m[48;2;229;229;228m▄[38;2;234;232;229m[48;2;190;185;175m▄[38;2;202;197;188m[48;2;137;107;65m▄[38;2;176;156;124m[48;2;168;134;82m▄[38;2;142;112;79m[48;2;175;147;99m▄[38;2;109;86;61m[48;2;162;131;87m▄[38;2;141;126;99m[48;2;215;197;168m▄[38;2;168;154;125m[48;2;215;204;181m▄[38;2;159;145;122m[48;2;213;204;180m▄[38;2;143;130;107m[48;2;171;162;142m▄[38;2;123;112;88m[48;2;188;169;144m▄[38;2;50;46;41m[48;2;107;87;70m▄[38;2;22;18;18m[48;2;18;15;15m▄[38;2;38;34;36m[48;2;32;30;30m▄[38;2;41;36;40m[48;2;29;26;29m▄[38;2;30;25;29m[48;2;28;24;26m▄[38;2;30;25;29m[48;2;25;22;27m▄[38;2;13;9;7m[48;2;29;34;46m▄[38;2;47;64;98m[48;2;62;85;128m▄[38;2;61;81;122m[48;2;51;53;70m▄[38;2;35;36;46m[48;2;93;81;72m▄[38;2;24;22;23m[48;2;62;46;32m▄[38;2;25;26;29m[48;2;26;19;13m▄[38;2;70;59;45m[48;2;40;28;16m▄[38;2;141;109;71m[48;2;163;108;48m▄[38;2;83;69;56m[48;2;199;140;71m▄[38;2;58;63;74m[48;2;150;113;73m▄[38;2;72;76;86m[48;2;40;36;34m▄[38;2;62;61;68m[48;2;8;11;14m▄[38;2;72;69;76m[48;2;20;21;21m▄[38;2;67;62;69m[48;2;24;23;23m▄[38;2;34;30;34m[48;2;25;23;23m▄[38;2;50;50;54m[48;2;24;23;21m▄[0m
[38;2;231;231;227m[48;2;227;224;222m▄[38;2;245;245;242m[48;2;246;243;241m▄[38;2;227;226;224m[48;2;228;224;223m▄[38;2;227;226;224m[48;2;225;224;222m▄[38;2;223;222;221m[48;2;222;221;219m▄[38;2;221;220;218m[48;2;222;221;218m▄[38;2;221;220;218m[48;2;221;220;218m▄[38;2;221;220;218m[48;2;218;217;215m▄[38;2;217;217;214m[48;2;216;214;212m▄[38;2;209;210;212m[48;2;212;212;211m▄[38;2;198;201;205m[48;2;191;191;193m▄[38;2;92;92;92m[48;2;54;53;55m▄[38;2;8;8;14m[48;2;8;9;16m▄[38;2;18;21;28m[48;2;21;22;28m▄[38;2;20;23;30m[48;2;17;18;24m▄[38;2;14;17;24m[48;2;14;17;24m▄[38;2;13;16;23m[48;2;12;15;22m▄[38;2;13;15;22m[48;2;15;17;25m▄[38;2;15;15;21m[48;2;17;17;25m▄[38;2;14;15;20m[48;2;16;17;22m▄[38;2;13;14;18m[48;2;13;14;19m▄[38;2;17;18;23m[48;2;18;18;23m▄[38;2;9;9;15m[48;2;0;0;5m▄[38;2;61;59;60m[48;2;108;105;102m▄[38;2;232;227;217m[48;2;238;230;216m▄[38;2;236;231;222m[48;2;230;224;217m▄[38;2;233;230;222m[48;2;234;230;223m▄[38;2;234;230;223m[48;2;238;235;226m▄[38;2;235;232;225m[48;2;240;236;229m▄[38;2;241;240;234m[48;2;250;248;243m▄[38;2;238;238;234m[48;2;241;241;239m▄[38;2;54;56;59m[48;2;92;89;87m▄[38;2;12;14;16m[48;2;3;4;9m▄[38;2;21;22;24m[48;2;14;15;18m▄[38;2;18;19;22m[48;2;20;18;19m▄[38;2;17;18;21m[48;2;20;18;18m▄[38;2;17;18;21m[48;2;13;12;14m▄[38;2;19;17;20m[48;2;6;5;6m▄[38;2;22;18;17m[48;2;17;14;13m▄[38;2;20;16;15m[48;2;24;20;19m▄[38;2;21;17;17m[48;2;32;27;31m▄[38;2;25;20;23m[48;2;36;31;35m▄[38;2;24;19;21m[48;2;30;26;30m▄[38;2;22;18;17m[48;2;28;26;28m▄[38;2;25;20;17m[48;2;26;22;18m▄[38;2;37;30;29m[48;2;41;38;43m▄[38;2;37;30;29m[48;2;52;58;78m▄[38;2;38;33;34m[48;2;44;41;43m▄[38;2;35;33;37m[48;2;57;57;60m▄[38;2;22;25;32m[48;2;53;57;63m▄[38;2;32;35;42m[48;2;45;48;56m▄[38;2;83;88;99m[48;2;34;40;50m▄[38;2;140;147;164m[48;2;59;65;76m▄[38;2;74;76;87m[48;2;98;100;111m▄[38;2;107;106;110m[48;2;91;93;101m▄[38;2;128;123;120m[48;2;66;66;77m▄[38;2;118;114;109m[48;2;34;33;44m▄[38;2;110;105;101m[48;2;39;38;47m▄[38;2;109;104;102m[48;2;33;33;38m▄[38;2;124;119;117m[48;2;45;46;51m▄[0m
[38;2;224;222;222m[48;2;233;231;231m▄[38;2;250;249;251m[48;2;249;248;247m▄[38;2;233;231;234m[48;2;230;229;227m▄[38;2;231;231;230m[48;2;230;228;226m▄[38;2;231;231;229m[48;2;226;225;223m▄[38;2;226;227;226m[48;2;222;221;219m▄[38;2;223;225;225m[48;2;223;222;220m▄[38;2;221;223;223m[48;2;221;220;218m▄[38;2;220;221;224m[48;2;216;217;216m▄[38;2;214;216;218m[48;2;210;211;213m▄[38;2;213;217;222m[48;2;207;211;217m▄[38;2;178;182;188m[48;2;142;142;143m▄[38;2;59;55;52m[48;2;29;28;29m▄[38;2;15;16;24m[48;2;13;17;25m▄[38;2;19;21;30m[48;2;19;22;29m▄[38;2;23;24;35m[48;2;21;22;31m▄[38;2;16;19;27m[48;2;13;16;24m▄[38;2;12;15;21m[48;2;11;14;21m▄[38;2;15;18;24m[48;2;15;16;22m▄[38;2;13;15;21m[48;2;13;14;18m▄[38;2;14;15;20m[48;2;11;13;17m▄[38;2;14;15;20m[48;2;16;17;22m▄[38;2;15;15;21m[48;2;12;11;17m▄[38;2;8;7;14m[48;2;44;42;46m▄[38;2;160;159;159m[48;2;228;228;225m▄[38;2;245;244;238m[48;2;237;236;231m▄[38;2;228;226;219m[48;2;231;230;225m▄[38;2;229;226;219m[48;2;231;230;224m▄[38;2;227;226;220m[48;2;232;230;226m▄[38;2;228;227;222m[48;2;235;234;230m▄[38;2;240;238;233m[48;2;243;241;237m▄[38;2;95;94;94m[48;2;70;69;71m▄[38;2;0;0;4m[48;2;5;7;11m▄[38;2;15;16;19m[48;2;20;21;22m▄[38;2;19;20;23m[48;2;20;21;22m▄[38;2;19;20;25m[48;2;21;21;24m▄[38;2;21;22;27m[48;2;19;20;24m▄[38;2;23;23;28m[48;2;19;17;20m▄[38;2;24;25;32m[48;2;20;17;17m▄[38;2;25;26;33m[48;2;22;19;20m▄[38;2;24;26;32m[48;2;20;17;17m▄[38;2;24;26;32m[48;2;22;20;20m▄[38;2;25;25;31m[48;2;20;17;17m▄[38;2;25;25;32m[48;2;24;20;20m▄[38;2;27;27;34m[48;2;23;19;19m▄[38;2;29;30;35m[48;2;24;19;19m▄[38;2;31;31;37m[48;2;29;27;27m▄[38;2;29;31;37m[48;2;36;35;38m▄[38;2;152;151;152m[48;2;59;57;59m▄[38;2;174;170;168m[48;2;87;81;77m▄[38;2;161;163;173m[48;2;119;118;120m▄[38;2;168;178;204m[48;2;161;171;192m▄[38;2;120;129;147m[48;2;139;149;170m▄[38;2;77;80;89m[48;2;57;59;68m▄[38;2;81;82;88m[48;2;99;97;99m▄[38;2;33;34;38m[48;2;107;99;91m▄[38;2;69;73;81m[48;2;106;99;90m▄[38;2;74;81;94m[48;2;106;97;87m▄[38;2;49;53;63m[48;2;109;101;91m▄[38;2;43;45;54m[48;2;129;120;111m▄[0m
[38;2;209;203;200m[48;2;211;207;203m▄[38;2;240;236;236m[48;2;250;246;248m▄[38;2;239;236;240m[48;2;239;236;240m▄[38;2;232;231;234m[48;2;234;233;235m▄[38;2;229;228;230m[48;2;230;229;231m▄[38;2;225;224;225m[48;2;224;225;227m▄[38;2;221;221;222m[48;2;223;224;226m▄[38;2;216;217;218m[48;2;222;223;225m▄[38;2;214;215;217m[48;2;219;220;223m▄[38;2;211;212;216m[48;2;214;216;220m▄[38;2;206;209;216m[48;2;210;214;220m▄[38;2;198;204;214m[48;2;197;203;213m▄[38;2;169;174;182m[48;2;106;106;105m▄[38;2;59;56;53m[48;2;21;19;22m▄[38;2;16;17;22m[48;2;16;18;29m▄[38;2;16;19;29m[48;2;22;23;35m▄[38;2;10;12;26m[48;2;21;22;33m▄[38;2;12;18;31m[48;2;11;14;21m▄[38;2;37;42;50m[48;2;9;12;19m▄[38;2;38;40;48m[48;2;11;13;21m▄[38;2;34;34;39m[48;2;11;12;18m▄[38;2;31;29;31m[48;2;10;12;17m▄[38;2;41;41;41m[48;2;11;13;19m▄[38;2;58;57;55m[48;2;7;8;14m▄[38;2;63;61;60m[48;2;84;83;86m▄[38;2;188;187;186m[48;2;238;237;231m▄[38;2;247;246;244m[48;2;231;230;223m▄[38;2;235;234;231m[48;2;231;229;223m▄[38;2;236;235;234m[48;2;230;229;224m▄[38;2;237;235;234m[48;2;230;230;224m▄[38;2;239;237;236m[48;2;235;234;230m▄[38;2;215;214;214m[48;2;243;242;238m▄[38;2;94;93;96m[48;2;171;170;168m▄[38;2;15;16;21m[48;2;21;22;26m▄[38;2;22;23;28m[48;2;14;15;20m▄[38;2;23;23;30m[48;2;19;20;25m▄[38;2;23;24;30m[48;2;20;21;26m▄[38;2;23;26;33m[48;2;21;22;28m▄[38;2;28;31;40m[48;2;23;25;30m▄[38;2;31;34;43m[48;2;23;26;31m▄[38;2;30;32;40m[48;2;26;28;34m▄[38;2;24;25;32m[48;2;28;30;37m▄[38;2;26;27;33m[48;2;28;29;36m▄[38;2;32;34;42m[48;2;27;27;34m▄[38;2;32;33;40m[48;2;29;29;36m▄[38;2;34;35;44m[48;2;28;29;34m▄[38;2;38;40;48m[48;2;25;24;30m▄[38;2;20;21;26m[48;2;17;20;26m▄[38;2;27;29;34m[48;2;89;89;93m▄[38;2;60;54;51m[48;2;134;129;127m▄[38;2;67;63;63m[48;2;135;138;148m▄[38;2;74;76;82m[48;2;144;154;176m▄[38;2;52;54;60m[48;2;77;81;92m▄[38;2;50;51;56m[48;2;76;77;82m▄[38;2;42;42;45m[48;2;69;71;73m▄[38;2;42;41;41m[48;2;30;30;33m▄[38;2;34;34;33m[48;2;39;40;43m▄[38;2;38;36;37m[48;2;47;48;53m▄[38;2;44;43;44m[48;2;44;44;48m▄[38;2;46;46;47m[48;2;42;43;48m▄[0m
[38;2;225;220;214m[48;2;224;220;214m▄[38;2;231;226;221m[48;2;227;223;220m▄[38;2;222;219;220m[48;2;232;230;233m▄[38;2;233;233;235m[48;2;231;231;233m▄[38;2;227;228;229m[48;2;228;228;228m▄[38;2;221;223;225m[48;2;223;223;222m▄[38;2;218;219;222m[48;2;219;218;217m▄[38;2;218;219;221m[48;2;216;216;219m▄[38;2;218;222;223m[48;2;214;215;216m▄[38;2;217;220;225m[48;2;212;213;217m▄[38;2;212;214;222m[48;2;208;211;217m▄[38;2;202;207;217m[48;2;195;201;211m▄[38;2;192;199;212m[48;2;185;193;205m▄[38;2;134;136;140m[48;2;125;127;130m▄[38;2;32;33;36m[48;2;22;21;21m▄[38;2;23;23;28m[48;2;17;18;23m▄[38;2;89;79;77m[48;2;80;66;63m▄[38;2;99;79;75m[48;2;143;112;104m▄[38;2;65;61;66m[48;2;95;85;87m▄[38;2;31;37;44m[48;2;46;49;57m▄[38;2;30;30;34m[48;2;47;47;48m▄[38;2;31;30;31m[48;2;43;40;38m▄[38;2;23;22;22m[48;2;44;41;39m▄[38;2;22;20;19m[48;2;50;48;46m▄[38;2;78;77;75m[48;2;46;44;42m▄[38;2;163;162;160m[48;2;107;106;104m▄[38;2;234;233;231m[48;2;243;242;238m▄[38;2;238;237;235m[48;2;236;235;232m▄[38;2;235;234;231m[48;2;235;234;232m▄[38;2;243;241;241m[48;2;236;235;232m▄[38;2;223;222;225m[48;2;254;252;252m▄[38;2;42;43;45m[48;2;115;115;119m▄[38;2;11;13;14m[48;2;0;0;0m▄[38;2;21;22;26m[48;2;22;23;27m▄[38;2;26;27;32m[48;2;28;28;34m▄[38;2;29;30;36m[48;2;28;28;34m▄[38;2;31;32;38m[48;2;25;28;33m▄[38;2;33;36;43m[48;2;26;29;36m▄[38;2;37;39;48m[48;2;31;34;42m▄[38;2;41;44;54m[48;2;35;38;48m▄[38;2;39;44;53m[48;2;33;36;44m▄[38;2;38;42;50m[48;2;39;43;50m▄[38;2;45;48;58m[48;2;45;49;57m▄[38;2;44;46;58m[48;2;44;48;56m▄[38;2;44;46;58m[48;2;42;45;54m▄[38;2;42;45;55m[48;2;45;48;57m▄[38;2;31;32;39m[48;2;34;37;44m▄[38;2;18;19;23m[48;2;21;21;26m▄[38;2;16;18;22m[48;2;11;13;18m▄[38;2;12;17;25m[48;2;60;56;54m▄[38;2;119;95;78m[48;2;114;90;71m▄[38;2;178;128;86m[48;2;114;95;76m▄[38;2;169;121;75m[48;2;121;103;88m▄[38;2;161;109;59m[48;2;78;59;43m▄[38;2;155;102;52m[48;2;56;40;27m▄[38;2;155;102;50m[48;2;45;34;24m▄[38;2;149;97;47m[48;2;42;32;22m▄[38;2;142;93;47m[48;2;37;28;22m▄[38;2;140;91;46m[48;2;34;26;21m▄[38;2;148;96;46m[48;2;34;26;22m▄[0m
[38;2;231;229;227m[48;2;229;227;224m▄[38;2;245;243;242m[48;2;236;234;231m▄[38;2;217;214;215m[48;2;217;214;215m▄[38;2;229;229;232m[48;2;231;230;234m▄[38;2;229;230;232m[48;2;227;229;230m▄[38;2;228;229;231m[48;2;225;226;229m▄[38;2;229;230;232m[48;2;224;225;230m▄[38;2;229;230;233m[48;2;227;228;232m▄[38;2;227;228;232m[48;2;229;230;235m▄[38;2;221;222;229m[48;2;222;224;230m▄[38;2;217;219;227m[48;2;215;218;226m▄[38;2;214;217;225m[48;2;213;216;226m▄[38;2;199;200;208m[48;2;197;200;212m▄[38;2;196;198;205m[48;2;175;177;186m▄[38;2;202;205;216m[48;2;150;154;167m▄[38;2;161;163;171m[48;2;107;111;119m▄[38;2;122;98;81m[48;2;68;62;60m▄[38;2;187;145;118m[48;2;99;86;78m▄[38;2;167;121;90m[48;2;95;83;78m▄[38;2;138;92;63m[48;2;91;72;61m▄[38;2;129;88;64m[48;2;63;47;37m▄[38;2;169;118;85m[48;2;78;55;41m▄[38;2;218;188;165m[48;2;128;106;91m▄[38;2;231;226;216m[48;2;170;164;156m▄[38;2;235;233;231m[48;2;223;220;216m▄[38;2;240;241;245m[48;2;255;255;255m▄[38;2;243;246;246m[48;2;242;242;239m▄[38;2;247;248;250m[48;2;238;236;234m▄[38;2;242;243;249m[48;2;236;235;237m▄[38;2;233;233;236m[48;2;254;254;255m▄[38;2;130;124;117m[48;2;114;116;121m▄[38;2;25;24;23m[48;2;0;0;0m▄[38;2;22;24;27m[48;2;16;17;21m▄[38;2;22;23;27m[48;2;21;22;26m▄[38;2;22;24;29m[48;2;21;23;28m▄[38;2;23;26;31m[48;2;23;25;31m▄[38;2;19;22;28m[48;2;29;31;38m▄[38;2;23;25;31m[48;2;32;35;42m▄[38;2;34;37;46m[48;2;37;40;48m▄[38;2;37;39;50m[48;2;43;46;56m▄[38;2;43;46;58m[48;2;46;50;62m▄[38;2;68;72;83m[48;2;30;32;41m▄[38;2;42;43;50m[48;2;38;40;50m▄[38;2;50;55;62m[48;2;42;44;55m▄[38;2;61;65;74m[48;2;38;40;51m▄[38;2;72;77;92m[48;2;33;36;45m▄[38;2;105;98;95m[48;2;23;25;32m▄[38;2;145;102;62m[48;2;8;12;18m▄[38;2;153;108;62m[48;2;15;17;22m▄[38;2;169;118;68m[48;2;24;24;27m▄[38;2;176;125;73m[48;2;56;49;45m▄[38;2;179;125;69m[48;2;169;122;80m▄[38;2;179;120;63m[48;2;177;122;69m▄[38;2;178;119;61m[48;2;176;121;67m▄[38;2;179;119;60m[48;2;174;117;60m▄[38;2;179;119;61m[48;2;171;114;56m▄[38;2;179;119;59m[48;2;171;115;57m▄[38;2;180;118;57m[48;2;177;119;60m▄[38;2;178;117;57m[48;2;178;119;58m▄[38;2;191;126;63m[48;2;192;128;65m▄[0m
[38;2;238;238;240m[48;2;229;229;231m▄[38;2;253;252;254m[48;2;252;250;252m▄[38;2;230;230;233m[48;2;223;220;223m▄[38;2;222;223;225m[48;2;224;225;227m▄[38;2;228;229;233m[48;2;229;230;233m▄[38;2;226;228;233m[48;2;229;230;233m▄[38;2;225;226;231m[48;2;228;229;233m▄[38;2;226;227;231m[48;2;226;227;231m▄[38;2;223;225;230m[48;2;224;224;228m▄[38;2;218;220;228m[48;2;219;220;227m▄[38;2;217;217;226m[48;2;218;218;224m▄[38;2;216;216;222m[48;2;212;213;218m▄[38;2;212;212;216m[48;2;204;204;209m▄[38;2;206;207;210m[48;2;201;202;206m▄[38;2;201;203;211m[48;2;202;205;212m▄[38;2;181;185;196m[48;2;153;151;155m▄[38;2;132;116;110m[48;2;143;111;90m▄[38;2;166;129;109m[48;2;186;143;118m▄[38;2;203;160;139m[48;2;184;137;107m▄[38;2;157;125;103m[48;2;108;75;54m▄[38;2;130;100;84m[48;2;141;103;80m▄[38;2;216;169;149m[48;2;209;160;130m▄[38;2;228;204;190m[48;2;217;188;167m▄[38;2;196;190;180m[48;2;221;217;209m▄[38;2;171;160;147m[48;2;239;239;241m▄[38;2;157;139;121m[48;2;244;248;254m▄[38;2;148;118;85m[48;2;228;229;229m▄[38;2;146;106;66m[48;2;201;193;188m▄[38;2;158;114;69m[48;2;169;149;131m▄[38;2;173;128;85m[48;2;157;124;92m▄[38;2;65;53;42m[48;2;123;94;65m▄[38;2;31;34;38m[48;2;50;48;46m▄[38;2;27;27;28m[48;2;42;43;43m▄[38;2;79;81;86m[48;2;64;65;71m▄[38;2;88;91;100m[48;2;78;81;89m▄[38;2;42;42;45m[48;2;44;45;50m▄[38;2;74;75;81m[48;2;55;56;63m▄[38;2;115;120;132m[48;2;77;83;92m▄[38;2;89;93;103m[48;2;62;66;76m▄[38;2;80;82;92m[48;2;67;69;80m▄[38;2;91;94;105m[48;2;84;87;101m▄[38;2;103;108;119m[48;2;91;95;106m▄[38;2;85;89;101m[48;2;86;92;103m▄[38;2;92;95;106m[48;2;100;108;117m▄[38;2;113;116;129m[48;2;113;120;130m▄[38;2;113;116;127m[48;2;129;134;147m▄[38;2;132;141;155m[48;2;152;150;156m▄[38;2;166;140;114m[48;2;195;142;89m▄[38;2;195;131;65m[48;2;202;137;70m▄[38;2;184;125;67m[48;2;194;133;73m▄[38;2;184;125;69m[48;2;188;128;72m▄[38;2;187;127;68m[48;2;180;122;65m▄[38;2;188;127;65m[48;2;181;122;65m▄[38;2;191;129;66m[48;2;185;126;67m▄[38;2;201;139;73m[48;2;187;127;66m▄[38;2;207;143;74m[48;2;192;130;66m▄[38;2;213;147;77m[48;2;193;129;63m▄[38;2;221;154;79m[48;2;192;130;66m▄[38;2;221;155;78m[48;2;190;127;64m▄[38;2;234;164;82m[48;2;210;141;72m▄[0m
[38;2;236;236;240m[48;2;240;238;240m▄[38;2;253;253;254m[48;2;253;252;253m▄[38;2;236;237;240m[48;2;235;236;238m▄[38;2;227;228;229m[48;2;223;224;225m▄[38;2;220;221;225m[48;2;226;227;230m▄[38;2;221;224;230m[48;2;224;227;233m▄[38;2;219;221;229m[48;2;222;225;232m▄[38;2;219;221;226m[48;2;223;225;233m▄[38;2;218;218;224m[48;2;222;224;230m▄[38;2;213;214;220m[48;2;217;218;226m▄[38;2;215;215;222m[48;2;217;217;225m▄[38;2;216;218;227m[48;2;218;219;223m▄[38;2;213;216;223m[48;2;216;217;221m▄[38;2;211;214;222m[48;2;209;210;217m▄[38;2;215;220;229m[48;2;204;205;212m▄[38;2;214;219;232m[48;2;201;206;218m▄[38;2;182;188;202m[48;2;173;179;193m▄[38;2;106;105;104m[48;2;145;130;122m▄[38;2;65;55;48m[48;2;172;136;115m▄[38;2;139;114;100m[48;2;202;155;129m▄[38;2;160;147;142m[48;2;131;106;89m▄[38;2;77;80;88m[48;2;163;135;124m▄[38;2;95;99;108m[48;2;215;193;182m▄[38;2;87;79;74m[48;2;134;105;76m▄[38;2;85;67;51m[48;2;141;98;53m▄[38;2;120;96;72m[48;2;162;115;68m▄[38;2;157;120;86m[48;2;171;126;81m▄[38;2;175;132;90m[48;2;177;134;92m▄[38;2;177;133;89m[48;2;178;136;94m▄[38;2;180;135;89m[48;2;185;142;97m▄[38;2;191;142;92m[48;2;149;115;82m▄[38;2;192;142;91m[48;2;59;50;40m▄[38;2;160;123;84m[48;2;40;39;38m▄[38;2;71;68;68m[48;2;84;87;94m▄[38;2;35;39;47m[48;2;83;87;98m▄[38;2;31;31;34m[48;2;50;50;54m▄[38;2;34;34;36m[48;2;50;49;50m▄[38;2;100;96;95m[48;2;97;102;111m▄[38;2;138;112;88m[48;2;81;91;106m▄[38;2;107;86;63m[48;2;44;50;60m▄[38;2;131;115;101m[48;2;76;83;95m▄[38;2;170;136;102m[48;2;108;118;135m▄[38;2;88;68;52m[48;2;77;84;97m▄[38;2;19;21;26m[48;2;68;70;77m▄[38;2;40;41;46m[48;2;104;106;116m▄[38;2;32;37;44m[48;2;103;107;120m▄[38;2;118;90;60m[48;2;143;132;126m▄[38;2;224;156;82m[48;2;203;148;92m▄[38;2;219;154;82m[48;2;206;142;77m▄[38;2;226;160;84m[48;2;202;140;76m▄[38;2;229;162;83m[48;2;214;150;80m▄[38;2;215;150;74m[48;2;223;157;80m▄[38;2;210;145;72m[48;2;212;147;74m▄[38;2;214;148;73m[48;2;208;143;71m▄[38;2;213;146;73m[48;2;208;143;71m▄[38;2;220;152;75m[48;2;211;143;71m▄[38;2;220;152;73m[48;2;219;150;73m▄[38;2;213;148;75m[48;2;217;149;73m▄[38;2;211;147;76m[48;2;211;146;75m▄[38;2;241;168;86m[48;2;235;164;84m▄[0m
[38;2;234;233;236m[48;2;238;240;244m▄[38;2;251;251;253m[48;2;252;252;253m▄[38;2;232;231;233m[48;2;233;233;237m▄[38;2;234;230;234m[48;2;230;229;233m▄[38;2;222;220;223m[48;2;217;218;222m▄[38;2;212;212;216m[48;2;217;218;223m▄[38;2;213;214;218m[48;2;214;215;220m▄[38;2;220;222;227m[48;2;214;215;220m▄[38;2;218;222;229m[48;2;212;213;217m▄[38;2;205;208;217m[48;2;210;213;219m▄[38;2;184;184;190m[48;2;218;221;231m▄[38;2;150;147;147m[48;2;223;226;238m▄[38;2;121;111;103m[48;2;213;216;225m▄[38;2;105;85;67m[48;2;192;191;195m▄[38;2;104;75;50m[48;2;169;163;163m▄[38;2;115;81;52m[48;2;143;130;124m▄[38;2;126;91;56m[48;2;104;88;75m▄[38;2;136;98;61m[48;2;55;40;27m▄[38;2;134;93;55m[48;2;32;21;13m▄[38;2;123;82;43m[48;2;35;30;25m▄[38;2;111;73;37m[48;2;55;55;55m▄[38;2;101;67;37m[48;2;38;39;44m▄[38;2;104;72;43m[48;2;13;15;20m▄[38;2;115;84;55m[48;2;19;24;32m▄[38;2;152;110;70m[48;2;49;44;40m▄[38;2;173;123;78m[48;2;79;62;46m▄[38;2;167;121;79m[48;2;139;105;73m▄[38;2;166;122;82m[48;2;176;130;88m▄[38;2;168;123;80m[48;2;175;129;86m▄[38;2;175;128;81m[48;2;176;130;84m▄[38;2;178;132;83m[48;2;182;135;85m▄[38;2;183;136;85m[48;2;188;138;87m▄[38;2;190;141;87m[48;2;203;149;92m▄[38;2;59;44;32m[48;2;68;50;34m▄[38;2;14;12;19m[48;2;3;5;11m▄[38;2;33;29;33m[48;2;22;21;24m▄[38;2;26;28;34m[48;2;16;20;27m▄[38;2;94;74;57m[48;2;117;90;62m▄[38;2;210;149;86m[48;2;214;152;87m▄[38;2;204;145;83m[48;2;210;149;86m▄[38;2;210;148;83m[48;2;207;145;79m▄[38;2;216;152;83m[48;2;210;144;74m▄[38;2;222;157;88m[48;2;184;127;70m▄[38;2;65;45;30m[48;2;19;13;13m▄[38;2;11;9;16m[48;2;9;10;14m▄[38;2;13;12;21m[48;2;18;18;22m▄[38;2;62;50;40m[48;2;32;31;34m▄[38;2;217;155;87m[48;2;194;139;82m▄[38;2;221;155;81m[48;2;225;158;85m▄[38;2;208;146;79m[48;2;221;155;80m▄[38;2;207;144;78m[48;2;212;148;76m▄[38;2;209;145;76m[48;2;205;141;71m▄[38;2;205;143;74m[48;2;208;143;70m▄[38;2;206;144;76m[48;2;209;144;71m▄[38;2;213;147;75m[48;2;218;149;72m▄[38;2;203;140;70m[48;2;219;150;70m▄[38;2;198;136;71m[48;2;216;149;72m▄[38;2;199;134;67m[48;2;203;139;69m▄[38;2;200;136;67m[48;2;209;143;69m▄[38;2;218;149;75m[48;2;229;157;77m▄[0m
[38;2;233;233;236m[48;2;236;233;240m▄[38;2;253;252;255m[48;2;251;250;253m▄[38;2;236;235;239m[48;2;232;231;234m▄[38;2;229;228;231m[48;2;235;230;234m▄[38;2;226;224;228m[48;2;226;224;227m▄[38;2;208;206;208m[48;2;211;212;215m▄[38;2;112;102;92m[48;2;202;203;207m▄[38;2;87;68;49m[48;2;177;175;177m▄[38;2;98;74;49m[48;2;145;139;136m▄[38;2;110;81;52m[48;2;109;99;90m▄[38;2;125;91;60m[48;2;89;73;57m▄[38;2;136;100;67m[48;2;81;61;42m▄[38;2;141;105;73m[48;2;105;77;50m▄[38;2;139;105;73m[48;2;125;91;60m▄[38;2;134;100;69m[48;2;136;100;68m▄[38;2;129;95;64m[48;2;139;105;72m▄[38;2;128;92;61m[48;2;140;104;70m▄[38;2;133;92;57m[48;2;140;100;63m▄[38;2;135;91;52m[48;2;138;95;55m▄[38;2;133;89;53m[48;2;147;101;56m▄[38;2;131;88;52m[48;2;156;106;59m▄[38;2;127;85;48m[48;2;152;103;57m▄[38;2;131;89;49m[48;2;160;110;62m▄[38;2;141;95;53m[48;2;164;113;64m▄[38;2;154;106;62m[48;2;158;110;65m▄[38;2;160;113;68m[48;2;158;113;69m▄[38;2;170;124;74m[48;2;162;119;76m▄[38;2;177;128;76m[48;2;173;127;82m▄[38;2;187;136;79m[48;2;184;135;84m▄[38;2;199;145;86m[48;2;188;138;84m▄[38;2;211;153;92m[48;2;184;135;82m▄[38;2;208;152;91m[48;2;186;135;82m▄[38;2;202;146;88m[48;2;195;144;88m▄[38;2;100;72;48m[48;2;52;39;28m▄[38;2;11;11;17m[48;2;15;13;19m▄[38;2;24;22;25m[48;2;32;27;32m▄[38;2;17;19;26m[48;2;29;28;35m▄[38;2;121;91;61m[48;2;64;52;45m▄[38;2;197;138;76m[48;2;193;137;78m▄[38;2;162;114;62m[48;2;185;129;70m▄[38;2;84;60;37m[48;2;119;87;53m▄[38;2;32;25;20m[48;2;92;71;51m▄[38;2;6;7;9m[48;2;137;101;63m▄[38;2;2;6;8m[48;2;73;52;34m▄[38;2;2;6;10m[48;2;3;5;9m▄[38;2;73;61;50m[48;2;44;35;29m▄[38;2;210;149;82m[48;2;193;138;77m▄[38;2;211;147;77m[48;2;224;157;83m▄[38;2;216;152;80m[48;2;209;146;77m▄[38;2;214;149;78m[48;2;206;143;77m▄[38;2;207;144;78m[48;2;206;145;78m▄[38;2;209;147;81m[48;2;204;144;77m▄[38;2;211;147;80m[48;2;206;145;78m▄[38;2;210;146;78m[48;2;207;145;78m▄[38;2;201;140;74m[48;2;203;142;76m▄[38;2;197;136;72m[48;2;193;134;73m▄[38;2;204;140;73m[48;2;200;139;74m▄[38;2;208;142;74m[48;2;208;143;75m▄[38;2;208;143;76m[48;2;206;142;74m▄[38;2;224;153;80m[48;2;221;153;81m▄[0m
[38;2;139;127;115m[48;2;238;238;242m▄[38;2;137;119;105m[48;2;240;238;240m▄[38;2;96;80;65m[48;2;194;190;190m▄[38;2;163;154;148m[48;2;221;219;222m▄[38;2;185;179;175m[48;2;230;229;233m▄[38;2;137;126;116m[48;2;221;221;224m▄[38;2;111;92;76m[48;2;136;121;107m▄[38;2;124;94;67m[48;2;113;81;51m▄[38;2;137;102;70m[48;2;125;92;62m▄[38;2;145;108;74m[48;2;131;96;66m▄[38;2;151;112;77m[48;2;132;99;69m▄[38;2;155;113;76m[48;2;140;104;71m▄[38;2;158;114;76m[48;2;144;107;73m▄[38;2;159;114;74m[48;2;143;105;70m▄[38;2;154;110;70m[48;2;145;106;69m▄[38;2;151;107;67m[48;2;145;103;65m▄[38;2;154;108;65m[48;2;144;102;63m▄[38;2;159;111;65m[48;2;137;95;57m▄[38;2;159;110;62m[48;2;132;89;52m▄[38;2;158;107;58m[48;2;127;85;50m▄[38;2;161;108;58m[48;2;124;83;48m▄[38;2;163;110;59m[48;2;122;81;46m▄[38;2;167;113;61m[48;2;118;79;44m▄[38;2;170;115;62m[48;2;129;86;48m▄[38;2;171;116;64m[48;2;140;94;55m▄[38;2;170;117;66m[48;2;142;99;59m▄[38;2;176;124;70m[48;2;149;106;64m▄[38;2;177;125;75m[48;2;155;111;67m▄[38;2;167;118;74m[48;2;166;120;71m▄[38;2;108;78;50m[48;2;158;115;69m▄[38;2;29;24;22m[48;2;130;96;60m▄[38;2;27;26;27m[48;2;135;100;63m▄[38;2;32;27;26m[48;2;160;116;71m▄[38;2;27;22;18m[48;2;141;101;63m▄[38;2;28;22;24m[48;2;24;18;20m▄[38;2;22;19;27m[48;2;16;16;23m▄[38;2;72;60;52m[48;2;55;45;38m▄[38;2;192;134;78m[48;2;191;136;80m▄[38;2;201;136;73m[48;2;182;126;69m▄[38;2;206;140;76m[48;2;178;122;67m▄[38;2;206;140;76m[48;2;180;124;70m▄[38;2;213;146;79m[48;2;153;104;58m▄[38;2;219;148;76m[48;2;118;78;41m▄[38;2;221;147;71m[48;2;79;52;25m▄[38;2;213;144;71m[48;2;43;31;18m▄[38;2;227;157;84m[48;2;64;55;48m▄[38;2;231;159;84m[48;2;182;131;78m▄[38;2;231;160;82m[48;2;222;154;80m▄[38;2;237;166;87m[48;2;220;156;82m▄[38;2;232;163;86m[48;2;215;151;79m▄[38;2;234;164;83m[48;2;213;149;78m▄[38;2;234;164;83m[48;2;215;151;79m▄[38;2;231;161;84m[48;2;213;148;77m▄[38;2;226;156;85m[48;2;210;147;77m▄[38;2;226;156;83m[48;2;200;138;73m▄[38;2;225;155;80m[48;2;202;138;73m▄[38;2;229;160;84m[48;2;206;141;74m▄[38;2;228;159;85m[48;2;207;142;73m▄[38;2;230;159;83m[48;2;209;144;77m▄[38;2;249;172;89m[48;2;228;157;81m▄[0m
