[38;2;168;163;159m[48;2;168;165;158m▄[38;2;197;191;186m[48;2;185;179;171m▄[38;2;183;178;173m[48;2;171;166;162m▄[38;2;183;180;175m[48;2;171;168;164m▄[38;2;184;181;176m[48;2;173;168;164m▄[38;2;185;182;177m[48;2;173;169;164m▄[38;2;186;183;179m[48;2;173;169;166m▄[38;2;186;185;180m[48;2;175;171;168m▄[38;2;185;186;181m[48;2;175;173;168m▄[38;2;185;187;182m[48;2;173;175;169m▄[38;2;186;188;183m[48;2;175;175;171m▄[38;2;184;187;183m[48;2;177;179;171m▄[38;2;179;181;178m[48;2;179;181;173m▄[38;2;179;183;181m[48;2;179;181;175m▄[38;2;176;180;177m[48;2;181;185;183m▄[38;2;130;125;120m[48;2;195;198;197m▄[38;2;89;75;67m[48;2;185;185;181m▄[38;2;78;60;51m[48;2;169;166;156m▄[38;2;95;78;67m[48;2;181;179;171m▄[38;2;114;101;89m[48;2;189;191;189m▄[38;2;123;111;102m[48;2;193;198;197m▄[38;2;176;166;155m[48;2;187;191;191m▄[38;2;227;224;216m[48;2;171;173;171m▄[38;2;216;215;210m[48;2;171;173;171m▄[38;2;190;193;190m[48;2;177;177;175m▄[38;2;187;193;189m[48;2;175;179;173m▄[38;2;189;193;191m[48;2;177;179;177m▄[38;2;190;194;192m[48;2;177;179;179m▄[38;2;191;194;193m[48;2;177;179;179m▄[38;2;191;194;194m[48;2;175;177;177m▄[38;2;192;194;194m[48;2;177;177;177m▄[38;2;193;195;194m[48;2;177;177;177m▄[38;2;192;194;193m[48;2;177;177;177m▄[38;2;192;193;192m[48;2;177;177;177m▄[38;2;193;192;191m[48;2;177;177;177m▄[38;2;191;190;190m[48;2;177;177;177m▄[38;2;188;187;188m[48;2;177;177;177m▄[38;2;184;183;184m[48;2;179;177;181m▄[38;2;177;175;177m[48;2;181;177;181m▄[38;2;170;167;169m[48;2;185;179;183m▄[38;2;163;157;158m[48;2;187;183;185m▄[38;2;152;143;144m[48;2;191;183;185m▄[38;2;141;130;129m[48;2;193;181;183m▄[38;2;130;117;116m[48;2;193;179;181m▄[38;2;118;103;103m[48;2;191;173;177m▄[38;2;103;91;92m[48;2;187;169;169m▄[38;2;89;79;78m[48;2;185;162;160m▄[38;2;76;67;68m[48;2;175;152;150m▄[38;2;61;57;58m[48;2;164;139;137m▄[38;2;49;48;49m[48;2;148;125;121m▄[38;2;39;41;40m[48;2;133;112;106m▄[38;2;31;34;33m[48;2;112;94;88m▄[38;2;26;28;28m[48;2;92;79;71m▄[38;2;21;25;25m[48;2;75;63;57m▄[38;2;28;30;31m[48;2;61;52;48m▄[38;2;38;34;34m[48;2;48;42;36m▄[38;2;52;47;45m[48;2;27;23;23m▄[38;2;86;80;75m[48;2;9;7;7m▄[38;2;88;80;74m[48;2;11;7;9m▄[38;2;62;56;52m[48;2;21;15;17m▄[0m
[38;2;50;45;43m[48;2;151;148;142m▄[38;2;57;53;51m[48;2;170;165;159m▄[38;2;63;59;58m[48;2;163;158;154m▄[38;2;70;65;64m[48;2;167;162;158m▄[38;2;105;97;92m[48;2;167;163;159m▄[38;2;149;137;130m[48;2;168;160;157m▄[38;2;161;129;119m[48;2;166;159;155m▄[38;2;185;133;122m[48;2;174;159;153m▄[38;2;195;166;156m[48;2;180;161;158m▄[38;2;186;173;164m[48;2;156;150;146m▄[38;2;159;147;139m[48;2;138;137;134m▄[38;2;138;130;127m[48;2;126;127;127m▄[38;2;138;134;130m[48;2;119;120;120m▄[38;2;74;60;54m[48;2;109;108;108m▄[38;2;40;20;13m[48;2;59;45;40m▄[38;2;45;29;21m[48;2;33;15;7m▄[38;2;38;24;19m[48;2;38;20;12m▄[38;2;34;20;18m[48;2;40;23;16m▄[38;2;36;21;19m[48;2;35;20;15m▄[38;2;48;24;22m[48;2;31;17;13m▄[38;2;56;29;26m[48;2;27;14;7m▄[38;2;24;15;15m[48;2;53;38;26m▄[38;2;25;14;10m[48;2;106;92;80m▄[38;2;57;41;33m[48;2;157;151;144m▄[38;2;76;69;65m[48;2;174;178;176m▄[38;2;59;58;57m[48;2;168;172;170m▄[38;2;54;50;49m[48;2;163;166;163m▄[38;2;39;34;34m[48;2;158;161;155m▄[38;2;29;26;27m[48;2;151;152;146m▄[38;2;22;20;24m[48;2;143;142;138m▄[38;2;17;15;18m[48;2;133;132;128m▄[38;2;9;6;10m[48;2;122;120;117m▄[38;2;10;9;14m[48;2;110;107;106m▄[38;2;15;15;21m[48;2;100;96;95m▄[38;2;18;18;24m[48;2;90;85;85m▄[38;2;26;29;34m[48;2;77;73;74m▄[38;2;36;40;44m[48;2;66;62;63m▄[38;2;67;68;70m[48;2;56;50;52m▄[38;2;114;116;114m[48;2;44;40;41m▄[38;2;105;113;114m[48;2;34;31;30m▄[38;2;88;104;112m[48;2;26;22;23m▄[38;2;101;120;131m[48;2;18;15;18m▄[38;2;95;109;119m[48;2;17;15;18m▄[38;2;39;34;39m[48;2;22;22;26m▄[38;2;138;79;86m[48;2;12;17;21m▄[38;2;156;111;122m[48;2;16;14;19m▄[38;2;164;116;129m[48;2;24;15;22m▄[38;2;173;131;143m[48;2;33;19;26m▄[38;2;203;96;107m[48;2;47;28;33m▄[38;2;227;78;87m[48;2;63;31;36m▄[38;2;214;116;120m[48;2;81;34;40m▄[38;2;161;122;135m[48;2;99;51;54m▄[38;2;195;160;169m[48;2;105;61;64m▄[38;2;222;175;145m[48;2;127;61;69m▄[38;2;107;60;52m[48;2;79;39;42m▄[38;2;39;41;38m[48;2;49;51;49m▄[38;2;200;183;149m[48;2;184;172;148m▄[38;2;208;193;157m[48;2;218;205;174m▄[38;2;201;188;155m[48;2;219;209;174m▄[38;2;219;204;169m[48;2;212;198;163m▄[0m
[38;2;45;41;37m[48;2;33;31;30m▄[38;2;48;42;38m[48;2;37;33;31m▄[38;2;44;36;34m[48;2;38;31;31m▄[38;2;53;45;41m[48;2;40;32;31m▄[38;2;65;54;50m[48;2;73;64;57m▄[38;2;64;54;50m[48;2;97;91;85m▄[38;2;49;37;34m[48;2;132;58;48m▄[38;2;62;26;26m[48;2;238;97;86m▄[38;2;68;38;37m[48;2;207;89;79m▄[38;2;53;43;38m[48;2;75;53;46m▄[38;2;68;47;42m[48;2;49;43;40m▄[38;2;101;58;45m[48;2;32;29;29m▄[38;2;142;75;54m[48;2;67;43;35m▄[38;2;151;81;57m[48;2;87;45;30m▄[38;2;143;75;49m[48;2;86;44;30m▄[38;2;135;70;46m[48;2;77;39;26m▄[38;2;129;67;46m[48;2;56;25;17m▄[38;2;131;66;48m[48;2;65;30;23m▄[38;2;109;49;34m[48;2;83;34;25m▄[38;2;98;45;33m[48;2;109;45;34m▄[38;2;97;44;32m[48;2;113;53;43m▄[38;2;114;73;63m[48;2;65;31;21m▄[38;2;148;122;124m[48;2;106;78;65m▄[38;2;189;190;155m[48;2;81;72;64m▄[38;2;190;189;210m[48;2;92;73;74m▄[38;2;133;95;131m[48;2;82;69;72m▄[38;2;51;68;80m[48;2;30;34;40m▄[38;2;142;176;188m[48;2;47;56;64m▄[38;2;124;155;162m[48;2;54;65;72m▄[38;2;134;141;107m[48;2;63;72;70m▄[38;2;126;137;135m[48;2;51;67;80m▄[38;2;185;208;210m[48;2;83;108;120m▄[38;2;187;200;191m[48;2;71;97;113m▄[38;2;35;42;48m[48;2;27;35;43m▄[38;2;111;101;108m[48;2;114;117;118m▄[38;2;199;177;185m[48;2;191;184;186m▄[38;2;210;194;188m[48;2;190;196;200m▄[38;2;208;203;202m[48;2;189;202;213m▄[38;2;196;207;215m[48;2;202;214;225m▄[38;2;195;197;207m[48;2;204;231;244m▄[38;2;202;197;190m[48;2;201;225;243m▄[38;2;217;218;194m[48;2;210;233;253m▄[38;2;147;151;130m[48;2;162;184;199m▄[38;2;39;28;37m[48;2;42;35;38m▄[38;2;183;107;116m[48;2;189;106;120m▄[38;2;185;119;134m[48;2;187;157;172m▄[38;2;190;118;136m[48;2;183;176;186m▄[38;2;189;108;125m[48;2;174;147;161m▄[38;2;187;107;126m[48;2;193;100;115m▄[38;2;177;146;146m[48;2;209;148;146m▄[38;2;187;140;119m[48;2;218;203;174m▄[38;2;172;112;103m[48;2;189;189;179m▄[38;2;168;101;103m[48;2;199;194;188m▄[38;2;170;90;104m[48;2;182;139;126m▄[38;2;52;29;35m[48;2;70;43;45m▄[38;2;25;30;35m[48;2;41;41;43m▄[38;2;107;102;100m[48;2;160;141;140m▄[38;2;143;126;115m[48;2;152;131;129m▄[38;2;191;175;148m[48;2;192;189;166m▄[38;2;212;196;165m[48;2;217;213;180m▄[0m
[38;2;48;46;45m[48;2;35;31;28m▄[38;2;64;64;66m[48;2;37;33;32m▄[38;2;75;76;77m[48;2;46;44;46m▄[38;2;56;54;53m[48;2;46;43;42m▄[38;2;58;53;47m[48;2;50;47;45m▄[38;2;111;98;86m[48;2;50;48;46m▄[38;2;142;117;99m[48;2;54;50;47m▄[38;2;166;137;115m[48;2;78;73;66m▄[38;2;168;136;114m[48;2;106;91;80m▄[38;2;157;129;107m[48;2;134;105;87m▄[38;2;154;113;91m[48;2;159;120;100m▄[38;2;164;101;78m[48;2;160;116;96m▄[38;2;164;92;68m[48;2;150;106;86m▄[38;2;164;90;65m[48;2;143;95;74m▄[38;2;161;88;61m[48;2;141;88;66m▄[38;2;158;85;60m[48;2;145;88;64m▄[38;2;157;83;59m[48;2;140;82;60m▄[38;2;136;72;50m[48;2;114;58;44m▄[38;2;68;37;27m[48;2;58;31;25m▄[38;2;39;20;15m[48;2;38;21;16m▄[38;2;82;65;64m[48;2;89;41;26m▄[38;2;127;165;200m[48;2;114;116;125m▄[38;2;119;193;230m[48;2;133;174;205m▄[38;2;152;196;207m[48;2;193;204;171m▄[38;2;161;188;227m[48;2;129;182;221m▄[38;2;74;81;113m[48;2;92;72;108m▄[38;2;63;72;77m[48;2;27;34;42m▄[38;2;137;154;161m[48;2;111;135;143m▄[38;2;149;171;178m[48;2;93;118;132m▄[38;2;151;168;172m[48;2;112;117;118m▄[38;2;148;157;159m[48;2;184;164;137m▄[38;2;149;165;170m[48;2;157;140;120m▄[38;2;149;173;181m[48;2;124;116;119m▄[38;2;37;46;52m[48;2;16;24;35m▄[38;2;144;149;156m[48;2;106;88;95m▄[38;2;197;184;191m[48;2;169;124;134m▄[38;2;180;167;176m[48;2;194;155;147m▄[38;2;182;168;176m[48;2;198;151;147m▄[38;2;184;180;184m[48;2;198;165;167m▄[38;2;189;211;220m[48;2;211;188;188m▄[38;2;190;212;204m[48;2;210;208;190m▄[38;2;200;189;158m[48;2;215;200;156m▄[38;2;115;83;89m[48;2;136;90;71m▄[38;2;46;53;66m[48;2;40;30;40m▄[38;2;189;218;235m[48;2;198;134;142m▄[38;2;180;192;197m[48;2;204;154;165m▄[38;2;197;225;233m[48;2;202;147;160m▄[38;2;190;230;246m[48;2;204;155;168m▄[38;2;199;242;255m[48;2;204;158;169m▄[38;2;185;210;219m[48;2;198;167;180m▄[38;2;164;169;170m[48;2;182;155;171m▄[38;2;187;223;234m[48;2;199;174;190m▄[38;2;189;234;251m[48;2;204;183;199m▄[38;2;179;217;239m[48;2;201;181;194m▄[38;2;26;32;43m[48;2;38;29;37m▄[38;2;80;75;66m[48;2;69;72;64m▄[38;2;206;189;146m[48;2;210;184;147m▄[38;2;195;184;147m[48;2;177;131;112m▄[38;2;206;196;153m[48;2;181;138;112m▄[38;2;215;191;148m[48;2;193;145;122m▄[0m
[38;2;73;67;65m[48;2;61;50;46m▄[38;2;62;53;51m[48;2;73;63;57m▄[38;2;100;83;71m[48;2;68;59;54m▄[38;2;148;119;97m[48;2;93;75;64m▄[38;2;153;124;103m[48;2;144;115;96m▄[38;2;145;118;96m[48;2;168;136;113m▄[38;2;150;120;99m[48;2;159;128;106m▄[38;2;147;119;97m[48;2;157;127;106m▄[38;2;143;112;91m[48;2;150;123;103m▄[38;2;147;82;58m[48;2;145;99;77m▄[38;2;157;88;61m[48;2;165;96;69m▄[38;2;153;86;60m[48;2;172;101;76m▄[38;2;154;84;62m[48;2;174;106;81m▄[38;2;158;88;68m[48;2;176;109;84m▄[38;2;154;87;69m[48;2;171;104;80m▄[38;2;153;89;70m[48;2;163;96;72m▄[38;2;150;88;67m[48;2;157;90;66m▄[38;2;143;81;60m[48;2;154;86;59m▄[38;2;133;71;48m[48;2;156;85;56m▄[38;2;135;71;48m[48;2;148;82;55m▄[38;2;141;75;50m[48;2;158;118;100m▄[38;2;157;105;84m[48;2;207;208;202m▄[38;2;181;196;200m[48;2;207;216;213m▄[38;2;185;218;227m[48;2;200;208;204m▄[38;2;190;220;229m[48;2;211;226;217m▄[38;2;71;92;103m[48;2;75;95;103m▄[38;2;130;151;160m[48;2;131;151;160m▄[38;2;208;238;237m[48;2;208;221;217m▄[38;2;195;221;222m[48;2;197;213;208m▄[38;2;196;232;239m[48;2;205;240;245m▄[38;2;194;212;209m[48;2;201;219;216m▄[38;2;184;200;194m[48;2;193;207;203m▄[38;2;187;219;227m[48;2;203;235;242m▄[38;2;47;49;59m[48;2;56;63;71m▄[38;2;145;100;97m[48;2;127;118;126m▄[38;2;198;154;158m[48;2;174;177;189m▄[38;2;186;135;141m[48;2;165;166;177m▄[38;2;179;140;137m[48;2;163;160;165m▄[38;2;176;140;151m[48;2;182;171;180m▄[38;2;166;135;136m[48;2;167;155;162m▄[38;2;166;129;133m[48;2;174;156;156m▄[38;2;176;112;123m[48;2;218;184;179m▄[38;2;66;35;45m[48;2;96;85;90m▄[38;2;64;87;102m[48;2;54;69;82m▄[38;2;190;217;233m[48;2;194;225;239m▄[38;2;176;190;194m[48;2;178;195;197m▄[38;2;193;223;236m[48;2;168;189;196m▄[38;2;186;222;241m[48;2;191;228;247m▄[38;2;195;233;254m[48;2;199;234;255m▄[38;2;178;206;225m[48;2;185;205;216m▄[38;2;175;189;196m[48;2;168;185;192m▄[38;2;190;217;227m[48;2;177;208;222m▄[38;2;189;230;246m[48;2;194;235;252m▄[38;2;163;193;212m[48;2;174;206;228m▄[38;2;14;16;24m[48;2;23;27;37m▄[38;2;66;49;60m[48;2;51;44;50m▄[38;2;120;88;100m[48;2;103;87;83m▄[38;2;104;66;79m[48;2;130;115;103m▄[38;2;121;76;84m[48;2;164;144;120m▄[38;2;176;133;123m[48;2;216;186;134m▄[0m
[38;2;41;45;52m[48;2;50;52;54m▄[38;2;93;80;73m[48;2;73;62;59m▄[38;2;132;103;82m[48;2;133;105;85m▄[38;2;131;104;84m[48;2;138;110;90m▄[38;2;118;90;72m[48;2;139;110;89m▄[38;2;129;98;80m[48;2;137;108;87m▄[38;2;124;94;77m[48;2;139;110;89m▄[38;2;119;90;70m[48;2;127;99;78m▄[38;2;117;90;69m[48;2;121;92;73m▄[38;2;116;81;61m[48;2;136;77;55m▄[38;2;121;65;46m[48;2;147;77;52m▄[38;2;122;59;43m[48;2;141;73;51m▄[38;2;114;54;38m[48;2;133;64;47m▄[38;2;95;38;25m[48;2;119;52;38m▄[38;2;120;56;40m[48;2;119;50;35m▄[38;2;139;71;51m[48;2;136;67;49m▄[38;2;137;71;50m[48;2;137;71;51m▄[38;2;133;70;49m[48;2;130;68;47m▄[38;2;126;65;45m[48;2;125;65;46m▄[38;2;116;57;40m[48;2;117;60;40m▄[38;2;107;50;35m[48;2;110;54;34m▄[38;2;107;54;37m[48;2;115;57;37m▄[38;2;171;127;106m[48;2;166;156;148m▄[38;2;200;189;189m[48;2;204;199;211m▄[38;2;202;211;209m[48;2;205;168;186m▄[38;2;74;81;85m[48;2;67;78;90m▄[38;2;140;163;174m[48;2;136;161;169m▄[38;2;191;205;200m[48;2;196;217;216m▄[38;2;181;197;191m[48;2;191;216;217m▄[38;2;190;225;233m[48;2;196;230;238m▄[38;2;205;227;223m[48;2;197;224;223m▄[38;2;201;218;207m[48;2;181;206;202m▄[38;2;177;208;215m[48;2;183;217;223m▄[38;2;22;41;55m[48;2;31;47;59m▄[38;2;121;101;120m[48;2;118;87;106m▄[38;2;199;156;158m[48;2;193;108;111m▄[38;2;186;143;147m[48;2;190;101;106m▄[38;2;61;84;119m[48;2;81;80;112m▄[38;2;146;161;164m[48;2;27;52;85m▄[38;2;206;200;191m[48;2;57;73;100m▄[38;2;108;106;121m[48;2;114;121;141m▄[38;2;68;73;99m[48;2;114;124;144m▄[38;2;4;13;34m[48;2;13;19;38m▄[38;2;97;116;133m[48;2;82;98;115m▄[38;2;191;218;229m[48;2;196;223;235m▄[38;2;178;196;202m[48;2;164;169;169m▄[38;2;192;232;249m[48;2;166;183;193m▄[38;2;184;223;242m[48;2;190;229;249m▄[38;2;194;235;255m[48;2;192;230;252m▄[38;2;174;199;215m[48;2;184;214;229m▄[38;2;183;198;203m[48;2;177;195;200m▄[38;2;195;230;246m[48;2;163;186;195m▄[38;2;199;244;255m[48;2;196;238;253m▄[38;2;147;170;184m[48;2;155;182;199m▄[38;2;9;10;20m[48;2;10;12;20m▄[38;2;125;136;147m[48;2;85;54;67m▄[38;2;178;208;210m[48;2;141;131;136m▄[38;2;197;219;211m[48;2;191;178;166m▄[38;2;199;200;179m[48;2;169;127;135m▄[38;2;213;188;176m[48;2;173;115;134m▄[0m
[38;2;39;39;39m[48;2;46;56;61m▄[38;2;95;71;59m[48;2;100;87;79m▄[38;2;123;92;72m[48;2;121;93;73m▄[38;2;114;87;70m[48;2;122;96;77m▄[38;2;102;77;62m[48;2;109;83;67m▄[38;2;103;76;62m[48;2;118;89;73m▄[38;2;106;80;63m[48;2;114;85;68m▄[38;2;99;71;56m[48;2;111;82;65m▄[38;2;90;63;49m[48;2;104;77;59m▄[38;2;82;57;44m[48;2;91;68;52m▄[38;2;86;61;49m[48;2;91;63;49m▄[38;2;83;58;46m[48;2;87;52;39m▄[38;2;65;43;31m[48;2;76;37;26m▄[38;2;96;50;38m[48;2;84;35;24m▄[38;2;144;70;57m[48;2;137;68;52m▄[38;2;136;67;54m[48;2;146;78;60m▄[38;2;130;63;48m[48;2;140;72;55m▄[38;2;130;61;47m[48;2;131;61;46m▄[38;2;130;62;46m[48;2;126;60;43m▄[38;2;135;69;51m[48;2;125;59;43m▄[38;2;136;79;62m[48;2;118;56;39m▄[38;2;179;168;158m[48;2;138;114;100m▄[38;2;172;200;206m[48;2;181;207;197m▄[38;2;186;185;184m[48;2;181;223;227m▄[38;2;177;195;198m[48;2;175;221;225m▄[38;2;54;71;82m[48;2;62;75;82m▄[38;2;152;179;187m[48;2;146;171;180m▄[38;2;191;216;209m[48;2;197;225;221m▄[38;2;186;214;211m[48;2;183;210;209m▄[38;2;195;233;241m[48;2;193;230;237m▄[38;2;197;215;208m[48;2;190;209;205m▄[38;2;174;191;180m[48;2;199;226;226m▄[38;2;138;166;171m[48;2;177;213;223m▄[38;2;26;33;42m[48;2;23;41;52m▄[38;2;23;68;114m[48;2;82;87;122m▄[38;2;74;134;170m[48;2;128;117;145m▄[38;2;162;177;191m[48;2;140;142;158m▄[38;2;206;122;123m[48;2;95;100;129m▄[38;2;224;149;113m[48;2;190;162;164m▄[38;2;212;192;174m[48;2;201;167;180m▄[38;2;207;254;255m[48;2;133;143;158m▄[38;2;210;211;229m[48;2;73;86;111m▄[38;2;41;18;32m[48;2;14;18;36m▄[38;2;119;148;164m[48;2;109;131;148m▄[38;2;217;255;255m[48;2;192;213;221m▄[38;2;207;235;241m[48;2;165;168;165m▄[38;2;199;183;192m[48;2;169;202;215m▄[38;2;182;189;212m[48;2;188;231;254m▄[38;2;189;229;248m[48;2;191;228;250m▄[38;2;175;209;224m[48;2;179;201;212m▄[38;2;174;217;238m[48;2;175;182;178m▄[38;2;182;226;242m[48;2;178;205;213m▄[38;2;193;238;247m[48;2;196;241;249m▄[38;2;121;144;155m[48;2;135;156;169m▄[38;2;13;17;29m[48;2;11;12;24m▄[38;2;130;166;178m[48;2;131;157;160m▄[38;2;152;205;223m[48;2;196;205;176m▄[38;2;161;200;193m[48;2;190;196;168m▄[38;2;167;191;141m[48;2;187;199;177m▄[38;2;179;217;211m[48;2;193;209;196m▄[0m
[38;2;11;15;16m[48;2;28;28;30m▄[38;2;63;40;32m[48;2;84;57;45m▄[38;2;117;86;67m[48;2;120;90;72m▄[38;2;117;92;74m[48;2;114;86;70m▄[38;2;106;82;67m[48;2;103;77;61m▄[38;2;86;66;52m[48;2;94;70;57m▄[38;2;86;65;52m[48;2;92;69;55m▄[38;2;80;59;46m[48;2;86;63;48m▄[38;2;79;56;44m[48;2;86;61;48m▄[38;2;72;52;39m[48;2;76;53;41m▄[38;2;66;47;33m[48;2;67;46;33m▄[38;2;62;44;31m[48;2;71;48;35m▄[38;2;48;32;24m[48;2;61;41;31m▄[38;2;62;34;25m[48;2;95;50;38m▄[38;2;117;55;42m[48;2;129;60;48m▄[38;2;109;48;35m[48;2;120;55;43m▄[38;2;114;52;39m[48;2;116;51;39m▄[38;2;118;56;43m[48;2;116;52;40m▄[38;2;116;54;41m[48;2;116;52;38m▄[38;2;114;51;38m[48;2;119;55;40m▄[38;2;132;77;60m[48;2;135;78;61m▄[38;2;134;111;102m[48;2;163;153;151m▄[38;2;72;85;93m[48;2;186;227;239m▄[38;2;74;89;98m[48;2;191;221;229m▄[38;2;84;99;107m[48;2;190;220;230m▄[38;2;35;40;47m[48;2;70;87;95m▄[38;2;89;101;107m[48;2;174;203;213m▄[38;2;108;116;113m[48;2;199;213;196m▄[38;2;113;127;127m[48;2;199;225;219m▄[38;2;111;127;134m[48;2;169;203;210m▄[38;2;102;65;56m[48;2;84;98;101m▄[38;2;105;48;29m[48;2;38;38;43m▄[38;2;93;46;33m[48;2;20;18;22m▄[38;2;68;38;31m[48;2;15;17;22m▄[38;2;7;4;9m[48;2;22;25;32m▄[38;2;21;32;49m[48;2;43;73;98m▄[38;2;89;109;125m[48;2;98;131;158m▄[38;2;58;80;97m[48;2;154;120;127m▄[38;2;28;43;73m[48;2;180;103;98m▄[38;2;53;57;87m[48;2;185;103;97m▄[38;2;65;49;66m[48;2;190;127;118m▄[38;2;47;25;25m[48;2;167;96;103m▄[38;2;51;31;29m[48;2;34;21;28m▄[38;2;37;18;17m[48;2;78;97;109m▄[38;2;5;4;10m[48;2;125;135;139m▄[38;2;5;9;18m[48;2;124;115;109m▄[38;2;19;25;32m[48;2;153;143;146m▄[38;2;90;110;121m[48;2;184;203;216m▄[38;2;203;242;255m[48;2;193;236;255m▄[38;2;204;233;244m[48;2;186;217;238m▄[38;2;194;222;235m[48;2;190;221;241m▄[38;2;195;225;241m[48;2;195;225;245m▄[38;2;213;251;255m[48;2;206;242;252m▄[38;2;106;119;131m[48;2;112;130;139m▄[38;2;25;32;44m[48;2;20;26;38m▄[38;2;150;202;217m[48;2;147;194;207m▄[38;2;164;223;242m[48;2;157;217;237m▄[38;2;199;239;246m[48;2;186;217;182m▄[38;2;198;193;184m[48;2;188;185;85m▄[38;2;213;175;154m[48;2;222;231;182m▄[0m
[38;2;16;16;15m[48;2;13;15;15m▄[38;2;20;17;16m[48;2;48;28;23m▄[38;2;76;58;46m[48;2;113;79;60m▄[38;2;119;92;76m[48;2;115;90;73m▄[38;2;112;86;72m[48;2;116;89;72m▄[38;2;116;87;71m[48;2;103;78;61m▄[38;2;108;81;64m[48;2;89;66;51m▄[38;2;94;69;56m[48;2;90;68;53m▄[38;2;101;75;60m[48;2;85;64;48m▄[38;2;104;78;63m[48;2;81;59;43m▄[38;2;107;78;62m[48;2;77;55;41m▄[38;2;105;78;60m[48;2;74;53;38m▄[38;2;101;73;60m[48;2;61;41;30m▄[38;2;78;51;39m[48;2;55;32;22m▄[38;2;104;52;40m[48;2;114;58;45m▄[38;2;123;57;44m[48;2;110;50;36m▄[38;2;110;50;37m[48;2;109;50;36m▄[38;2;104;46;33m[48;2;117;57;44m▄[38;2;104;46;34m[48;2;117;56;44m▄[38;2;114;57;41m[48;2;118;58;44m▄[38;2;132;77;56m[48;2;139;84;63m▄[38;2;145;97;75m[48;2;138;98;80m▄[38;2;141;117;106m[48;2;18;15;15m▄[38;2;78;64;62m[48;2;0;0;0m▄[38;2;56;52;52m[48;2;0;0;0m▄[38;2;51;46;45m[48;2;1;2;5m▄[38;2;39;38;39m[48;2;0;0;0m▄[38;2;37;37;38m[48;2;0;0;0m▄[38;2;31;32;33m[48;2;0;0;0m▄[38;2;23;25;25m[48;2;0;0;3m▄[38;2;73;70;66m[48;2;74;40;29m▄[38;2;138;124;116m[48;2;111;63;44m▄[38;2;148;114;99m[48;2;117;58;38m▄[38;2;170;144;125m[48;2;120;65;42m▄[38;2;204;183;168m[48;2;109;90;82m▄[38;2;191;175;162m[48;2;47;48;52m▄[38;2;112;107;104m[48;2;0;0;6m▄[38;2;30;30;35m[48;2;11;13;18m▄[38;2;12;12;14m[48;2;18;23;31m▄[38;2;3;6;8m[48;2;9;21;29m▄[38;2;24;14;15m[48;2;51;39;42m▄[38;2;98;54;43m[48;2;118;58;45m▄[38;2;117;65;44m[48;2;117;59;42m▄[38;2;109;54;33m[48;2;117;58;39m▄[38;2;114;62;41m[48;2;83;39;28m▄[38;2;40;29;29m[48;2;52;28;25m▄[38;2;6;9;16m[48;2;11;12;19m▄[38;2;22;22;27m[48;2;25;27;34m▄[38;2;13;11;15m[48;2;98;114;126m▄[38;2;10;10;15m[48;2;115;131;136m▄[38;2;11;11;16m[48;2;116;136;144m▄[38;2;11;11;17m[48;2;120;144;156m▄[38;2;10;11;17m[48;2;139;165;178m▄[38;2;17;20;27m[48;2;68;78;87m▄[38;2;23;25;34m[48;2;27;33;44m▄[38;2;19;20;27m[48;2;129;162;177m▄[38;2;22;22;28m[48;2;143;179;194m▄[38;2;23;25;32m[48;2;151;182;191m▄[38;2;26;30;36m[48;2;156;176;182m▄[38;2;31;39;45m[48;2;175;197;202m▄[0m
[38;2;118;116;106m[48;2;0;0;0m▄[38;2;108;103;93m[48;2;0;0;0m▄[38;2;98;79;67m[48;2;55;44;38m▄[38;2;121;95;75m[48;2;119;92;77m▄[38;2;113;88;69m[48;2;100;74;61m▄[38;2;109;85;69m[48;2;100;74;59m▄[38;2;93;70;55m[48;2;111;86;67m▄[38;2;98;74;58m[48;2;112;86;67m▄[38;2;106;81;66m[48;2;109;83;66m▄[38;2;107;83;65m[48;2;109;82;65m▄[38;2;104;80;62m[48;2;112;83;67m▄[38;2;101;76;60m[48;2;115;86;70m▄[38;2;95;73;57m[48;2;117;87;72m▄[38;2;82;61;46m[48;2;102;72;58m▄[38;2;72;51;39m[48;2;90;56;43m▄[38;2;58;37;27m[48;2;90;42;32m▄[38;2;55;29;22m[48;2;96;42;33m▄[38;2;74;36;29m[48;2;90;35;26m▄[38;2;96;49;38m[48;2;89;33;23m▄[38;2;121;72;55m[48;2;115;59;43m▄[38;2;120;70;51m[48;2;125;76;55m▄[38;2;123;68;52m[48;2;128;81;59m▄[38;2;131;74;58m[48;2;173;128;109m▄[38;2;120;72;58m[48;2;176;107;97m▄[38;2;83;46;36m[48;2;130;75;61m▄[38;2;104;57;38m[48;2;87;54;44m▄[38;2;133;75;50m[48;2;100;69;59m▄[38;2;90;55;42m[48;2;76;57;52m▄[38;2;91;56;42m[48;2;67;50;43m▄[38;2;41;34;31m[48;2;76;63;56m▄[38;2;27;23;23m[48;2;82;73;69m▄[38;2;9;7;7m[48;2;90;82;76m▄[38;2;77;70;63m[48;2;181;166;152m▄[38;2;179;159;144m[48;2;196;178;163m▄[38;2;164;146;133m[48;2;186;167;154m▄[38;2;161;143;130m[48;2;186;166;151m▄[38;2;176;155;140m[48;2;202;183;168m▄[38;2;156;146;138m[48;2;144;139;134m▄[38;2;129;119;113m[48;2;21;21;21m▄[38;2;143;130;120m[48;2;100;90;85m▄[38;2;66;58;54m[48;2;135;126;118m▄[38;2;72;57;47m[48;2;131;103;88m▄[38;2;33;19;15m[48;2;102;53;35m▄[38;2;104;91;82m[48;2;124;83;67m▄[38;2;188;169;150m[48;2;179;152;133m▄[38;2;192;169;149m[48;2;154;142;130m▄[38;2;199;177;156m[48;2;74;70;68m▄[38;2;168;151;134m[48;2;22;24;28m▄[38;2;93;86;80m[48;2;8;11;16m▄[38;2;19;20;24m[48;2;21;22;26m▄[38;2;6;10;17m[48;2;23;24;29m▄[38;2;17;19;25m[48;2;21;25;29m▄[38;2;22;22;27m[48;2;23;25;30m▄[38;2;23;23;28m[48;2;25;26;31m▄[38;2;22;23;28m[48;2;24;27;32m▄[38;2;23;24;28m[48;2;23;26;30m▄[38;2;24;25;29m[48;2;23;24;28m▄[38;2;23;25;28m[48;2;22;22;27m▄[38;2;24;24;27m[48;2;20;21;24m▄[38;2;27;26;29m[48;2;21;21;24m▄[0m
[38;2;185;97;90m[48;2;228;161;144m▄[38;2;151;93;82m[48;2;233;159;133m▄[38;2;94;78;65m[48;2;132;103;82m▄[38;2;104;85;72m[48;2;108;90;74m▄[38;2;115;96;82m[48;2;101;81;68m▄[38;2;117;98;84m[48;2;81;62;52m▄[38;2;118;99;85m[48;2;84;65;54m▄[38;2;114;95;81m[48;2;92;73;61m▄[38;2;105;87;73m[48;2;96;75;62m▄[38;2;99;79;67m[48;2;114;90;73m▄[38;2;93;73;63m[48;2;117;92;75m▄[38;2;85;66;56m[48;2;117;93;75m▄[38;2;80;62;51m[48;2;110;86;70m▄[38;2;78;60;50m[48;2;94;75;60m▄[38;2;82;64;53m[48;2;85;66;52m▄[38;2;78;59;49m[48;2;79;61;47m▄[38;2;81;62;51m[48;2;83;65;52m▄[38;2;92;76;62m[48;2;100;81;68m▄[38;2;106;90;75m[48;2;120;102;88m▄[38;2;142;127;114m[48;2;146;126;111m▄[38;2;134;121;110m[48;2;174;144;131m▄[38;2;86;72;65m[48;2;82;60;54m▄[38;2;82;65;57m[48;2;42;31;27m▄[38;2;89;67;60m[48;2;56;39;34m▄[38;2;58;38;34m[48;2;58;36;30m▄[38;2;78;51;41m[48;2;114;56;40m▄[38;2;75;52;42m[48;2;118;56;37m▄[38;2;74;45;35m[48;2;145;92;64m▄[38;2;87;67;55m[48;2;126;89;65m▄[38;2;66;58;49m[48;2;36;30;27m▄[38;2;20;18;16m[48;2;25;22;22m▄[38;2;20;17;16m[48;2;30;27;26m▄[38;2;20;17;17m[48;2;10;9;8m▄[38;2;14;13;12m[48;2;88;75;65m▄[38;2;88;59;45m[48;2;163;133;113m▄[38;2;130;79;57m[48;2;164;141;126m▄[38;2;147;104;84m[48;2;192;176;162m▄[38;2;124;84;68m[48;2;164;149;140m▄[38;2;112;87;75m[48;2;168;148;134m▄[38;2;157;139;126m[48;2;129;115;105m▄[38;2;74;62;55m[48;2;2;0;1m▄[38;2;149;132;117m[48;2;30;28;26m▄[38;2;191;169;152m[48;2;101;90;80m▄[38;2;179;156;140m[48;2;159;140;122m▄[38;2;164;136;120m[48;2;174;149;131m▄[38;2;151;123;107m[48;2;162;134;118m▄[38;2;98;80;70m[48;2;167;138;120m▄[38;2;82;70;63m[48;2;194;164;141m▄[38;2;121;100;87m[48;2;208;182;158m▄[38;2;130;83;65m[48;2;168;150;136m▄[38;2;153;87;61m[48;2;90;76;69m▄[38;2;141;87;61m[48;2;25;23;25m▄[38;2;81;56;44m[48;2;6;10;15m▄[38;2;22;19;19m[48;2;15;17;20m▄[38;2;10;11;13m[48;2;18;19;22m▄[38;2;13;13;15m[48;2;17;18;21m▄[38;2;14;14;16m[48;2;19;20;21m▄[38;2;14;14;16m[48;2;19;19;21m▄[38;2;16;16;18m[48;2;20;20;22m▄[38;2;18;18;19m[48;2;23;22;25m▄[0m
[38;2;230;180;150m[48;2;198;120;95m▄[38;2;159;130;110m[48;2;134;94;76m▄[38;2;66;48;42m[48;2;86;69;59m▄[38;2;71;53;45m[48;2;94;75;62m▄[38;2;53;38;31m[48;2;89;70;61m▄[38;2;87;68;60m[48;2;101;81;69m▄[38;2;82;63;54m[48;2;98;80;65m▄[38;2;76;56;48m[48;2;93;75;61m▄[38;2;72;53;45m[48;2;85;67;57m▄[38;2;69;52;44m[48;2;80;61;53m▄[38;2;70;52;45m[48;2;75;56;48m▄[38;2;70;52;45m[48;2;71;54;45m▄[38;2;69;53;43m[48;2;71;54;45m▄[38;2;71;54;45m[48;2;72;55;47m▄[38;2;73;56;48m[48;2;81;65;57m▄[38;2;84;67;58m[48;2;81;64;57m▄[38;2;68;53;45m[48;2;70;53;47m▄[38;2;53;39;34m[48;2;59;47;39m▄[38;2;81;68;58m[48;2;104;86;74m▄[38;2;135;115;101m[48;2;118;99;86m▄[38;2;140;125;111m[48;2;137;122;109m▄[38;2;160;115;100m[48;2;123;103;87m▄[38;2;154;82;66m[48;2;118;100;84m▄[38;2;130;70;57m[48;2;88;68;57m▄[38;2;106;57;48m[48;2;65;41;34m▄[38;2;83;59;48m[48;2;84;61;52m▄[38;2;44;38;32m[48;2;38;35;31m▄[38;2;37;32;30m[48;2;12;12;13m▄[38;2;41;36;33m[48;2;29;25;24m▄[38;2;42;38;35m[48;2;41;35;32m▄[38;2;59;52;49m[48;2;78;70;62m▄[38;2;65;59;54m[48;2;60;53;48m▄[38;2;52;46;43m[48;2;46;39;36m▄[38;2;42;34;34m[48;2;29;24;23m▄[38;2;47;32;29m[48;2;35;24;21m▄[38;2;70;41;33m[48;2;107;59;39m▄[38;2;50;34;29m[48;2;86;42;28m▄[38;2;2;1;3m[48;2;67;36;26m▄[38;2;117;93;82m[48;2;165;140;124m▄[38;2;149;122;107m[48;2;180;157;139m▄[38;2;129;105;91m[48;2;169;146;128m▄[38;2;123;97;84m[48;2;165;140;123m▄[38;2;114;89;77m[48;2;160;134;120m▄[38;2;110;85;73m[48;2;158;133;118m▄[38;2;115;89;79m[48;2;164;136;121m▄[38;2;63;53;50m[48;2;115;96;87m▄[38;2;24;15;14m[48;2;7;8;11m▄[38;2;63;39;33m[48;2;0;0;2m▄[38;2;77;46;36m[48;2;1;3;6m▄[38;2;85;46;35m[48;2;30;18;18m▄[38;2;82;43;32m[48;2;89;46;35m▄[38;2;59;30;22m[48;2;129;62;38m▄[38;2;35;18;14m[48;2;147;79;51m▄[38;2;28;17;14m[48;2;111;68;50m▄[38;2;11;9;9m[48;2;13;11;13m▄[38;2;8;9;9m[48;2;9;9;11m▄[38;2;9;9;10m[48;2;12;12;13m▄[38;2;10;10;10m[48;2;12;12;13m▄[38;2;12;12;12m[48;2;13;13;13m▄[38;2;14;14;14m[48;2;15;15;15m▄[0m
[38;2;50;33;24m[48;2;150;116;95m▄[38;2;79;54;43m[48;2;151;126;108m▄[38;2;61;43;34m[48;2;46;33;26m▄[38;2;39;26;22m[48;2;48;33;28m▄[38;2;26;17;15m[48;2;41;29;25m▄[38;2;44;31;26m[48;2;67;50;43m▄[38;2;79;60;50m[48;2;78;58;50m▄[38;2;74;54;47m[48;2;71;51;45m▄[38;2;69;49;42m[48;2;68;48;41m▄[38;2;64;46;38m[48;2;69;50;43m▄[38;2;64;46;38m[48;2;74;55;48m▄[38;2;67;50;42m[48;2;74;56;48m▄[38;2;71;54;46m[48;2;71;55;45m▄[38;2;72;54;47m[48;2;71;54;45m▄[38;2;71;54;45m[48;2;70;53;44m▄[38;2;71;53;45m[48;2;70;53;45m▄[38;2;76;58;49m[48;2;78;62;52m▄[38;2;84;66;57m[48;2;54;42;35m▄[38;2;82;66;55m[48;2;47;36;30m▄[38;2;104;85;71m[48;2;122;103;89m▄[38;2;114;95;81m[48;2;136;121;106m▄[38;2;161;140;127m[48;2;169;136;124m▄[38;2;154;110;96m[48;2;160;88;78m▄[38;2;130;86;75m[48;2;156;95;84m▄[38;2;76;42;36m[48;2;111;60;57m▄[38;2;69;53;43m[48;2;78;61;51m▄[38;2;36;28;24m[48;2;38;30;25m▄[38;2;28;19;16m[48;2;33;24;21m▄[38;2;50;39;31m[48;2;35;27;25m▄[38;2;46;34;23m[48;2;43;36;34m▄[38;2;49;36;22m[48;2;47;41;41m▄[38;2;39;28;23m[48;2;43;39;36m▄[38;2;91;86;81m[48;2;47;43;42m▄[38;2;127;124;118m[48;2;44;40;40m▄[38;2;155;150;141m[48;2;62;55;54m▄[38;2;180;169;159m[48;2;76;68;63m▄[38;2;199;182;169m[48;2;146;130;118m▄[38;2;214;196;180m[48;2;168;151;134m▄[38;2;193;174;159m[48;2;134;113;99m▄[38;2;178;151;137m[48;2;110;81;72m▄[38;2;184;150;134m[48;2;111;71;61m▄[38;2;188;161;150m[48;2;94;64;59m▄[38;2;173;146;135m[48;2;73;47;43m▄[38;2;138;118;106m[48;2;63;41;36m▄[38;2;103;88;78m[48;2;70;46;42m▄[38;2;93;74;64m[48;2;86;62;58m▄[38;2;94;76;68m[48;2;101;64;50m▄[38;2;75;69;67m[48;2;42;20;13m▄[38;2;51;43;40m[48;2;16;6;7m▄[38;2;28;23;24m[48;2;12;6;9m▄[38;2;31;21;18m[48;2;2;4;6m▄[38;2;39;27;24m[48;2;0;1;4m▄[38;2;24;21;21m[48;2;0;2;4m▄[38;2;6;9;10m[48;2;5;5;7m▄[38;2;0;0;2m[48;2;7;7;7m▄[38;2;0;0;1m[48;2;8;8;8m▄[38;2;0;0;0m[48;2;8;8;6m▄[38;2;0;0;0m[48;2;7;7;7m▄[38;2;2;2;2m[48;2;9;9;10m▄[38;2;6;6;6m[48;2;11;11;11m▄[0m
[38;2;7;3;1m[48;2;13;7;5m▄[38;2;46;30;22m[48;2;55;37;31m▄[38;2;108;78;64m[48;2;84;60;49m▄[38;2;54;38;30m[48;2;52;38;30m▄[38;2;37;25;22m[48;2;36;26;22m▄[38;2;30;20;17m[48;2;21;14;11m▄[38;2;32;22;19m[48;2;61;46;39m▄[38;2;68;51;44m[48;2;76;56;49m▄[38;2;68;51;42m[48;2;69;52;44m▄[38;2;65;48;41m[48;2;66;50;43m▄[38;2;67;50;42m[48;2;66;49;41m▄[38;2;68;51;43m[48;2;67;50;42m▄[38;2;69;52;44m[48;2;69;51;43m▄[38;2;72;56;48m[48;2;72;55;47m▄[38;2;77;59;51m[48;2;76;58;50m▄[38;2;82;63;53m[48;2;78;60;50m▄[38;2;82;66;53m[48;2;77;59;49m▄[38;2;82;65;52m[48;2;80;62;50m▄[38;2;79;61;50m[48;2;96;78;64m▄[38;2;85;68;56m[48;2;114;94;80m▄[38;2;114;96;83m[48;2;120;100;87m▄[38;2;163;144;128m[48;2;161;142;126m▄[38;2;208;190;166m[48;2;204;181;157m▄[38;2;210;191;165m[48;2;199;177;154m▄[38;2;212;195;168m[48;2;182;162;139m▄[38;2;216;198;173m[48;2;178;159;138m▄[38;2;218;199;174m[48;2;174;156;137m▄[38;2;217;199;175m[48;2;182;164;138m▄[38;2;215;197;174m[48;2;193;171;132m▄[38;2;214;198;176m[48;2;156;139;104m▄[38;2;210;197;178m[48;2;131;128;107m▄[38;2;211;195;174m[48;2;112;104;107m▄[38;2;214;182;162m[48;2;90;61;63m▄[38;2;215;177;154m[48;2;105;61;53m▄[38;2;216;181;160m[48;2;110;67;54m▄[38;2;210;182;166m[48;2;120;89;78m▄[38;2;198;181;162m[48;2;134;119;108m▄[38;2;194;175;157m[48;2;150;131;116m▄[38;2;199;181;161m[48;2;167;143;126m▄[38;2;194;175;153m[48;2;165;141;125m▄[38;2;118;96;81m[48;2;141;119;105m▄[38;2;111;90;79m[48;2;137;116;102m▄[38;2;137;119;108m[48;2;153;135;120m▄[38;2;162;145;132m[48;2;173;156;139m▄[38;2;183;167;155m[48;2;180;162;147m▄[38;2;196;184;172m[48;2;186;170;154m▄[38;2;207;194;179m[48;2;184;169;154m▄[38;2;207;191;175m[48;2;190;172;158m▄[38;2;208;187;171m[48;2;198;162;143m▄[38;2;195;150;135m[48;2;147;49;37m▄[38;2;179;118;105m[48;2;153;34;22m▄[38;2;157;84;73m[48;2;197;72;54m▄[38;2;154;86;74m[48;2;196;55;43m▄[38;2;175;132;110m[48;2;155;52;41m▄[38;2;190;167;144m[48;2;98;72;62m▄[38;2;175;153;133m[48;2;59;48;43m▄[38;2;187;167;149m[48;2;40;33;30m▄[38;2;201;184;163m[48;2;46;45;42m▄[38;2;179;157;137m[48;2;30;28;26m▄[38;2;141;119;101m[48;2;15;14;12m▄[0m
[38;2;5;1;0m[48;2;1;0;0m▄[38;2;56;35;25m[48;2;38;21;15m▄[38;2;120;81;62m[48;2;107;73;60m▄[38;2;118;83;68m[48;2;81;56;46m▄[38;2;61;42;32m[48;2;49;34;27m▄[38;2;55;40;30m[48;2;54;39;32m▄[38;2;51;35;27m[48;2;38;26;22m▄[38;2;47;32;24m[48;2;49;35;29m▄[38;2;65;45;38m[48;2;67;50;41m▄[38;2;76;55;47m[48;2;67;49;41m▄[38;2;78;58;50m[48;2;69;50;43m▄[38;2;78;57;50m[48;2;72;53;46m▄[38;2;79;58;51m[48;2;75;56;49m▄[38;2;81;59;52m[48;2;75;56;48m▄[38;2;81;60;51m[48;2;76;56;49m▄[38;2;80;61;50m[48;2;79;61;52m▄[38;2;82;63;51m[48;2;82;65;53m▄[38;2;85;66;53m[48;2;80;63;51m▄[38;2;88;68;55m[48;2;79;62;51m▄[38;2;96;75;62m[48;2;78;61;50m▄[38;2;103;82;67m[48;2;82;65;52m▄[38;2;114;95;80m[48;2;143;126;109m▄[38;2;111;92;73m[48;2;203;184;160m▄[38;2;148;127;101m[48;2;211;193;167m▄[38;2;187;163;136m[48;2;211;194;169m▄[38;2;203;179;152m[48;2;214;197;171m▄[38;2;215;192;164m[48;2;212;195;170m▄[38;2;224;202;174m[48;2;210;193;169m▄[38;2;229;209;180m[48;2;210;192;168m▄[38;2;232;212;186m[48;2;212;194;169m▄[38;2;234;214;188m[48;2;216;197;173m▄[38;2;235;216;190m[48;2;219;201;177m▄[38;2;236;216;191m[48;2;220;205;183m▄[38;2;240;220;195m[48;2;221;207;188m▄[38;2;243;224;199m[48;2;225;210;190m▄[38;2;245;225;203m[48;2;227;210;193m▄[38;2;245;226;204m[48;2;229;211;193m▄[38;2;249;230;208m[48;2;232;213;193m▄[38;2;251;231;206m[48;2;231;213;193m▄[38;2;250;231;206m[48;2;232;214;192m▄[38;2;253;233;209m[48;2;231;214;192m▄[38;2;255;237;213m[48;2;215;197;175m▄[38;2;255;242;217m[48;2;195;176;155m▄[38;2;255;245;219m[48;2;176;156;137m▄[38;2;255;240;212m[48;2;160;140;123m▄[38;2;249;228;200m[48;2;157;137;120m▄[38;2;233;210;181m[48;2;165;146;130m▄[38;2;214;188;160m[48;2;180;163;144m▄[38;2;197;171;145m[48;2;192;173;152m▄[38;2;188;162;135m[48;2;194;174;156m▄[38;2;179;150;124m[48;2;191;177;155m▄[38;2;169;139;114m[48;2;190;178;154m▄[38;2;160;129;104m[48;2;190;176;153m▄[38;2;157;124;101m[48;2;184;164;141m▄[38;2;155;123;100m[48;2;175;148;125m▄[38;2;158;126;103m[48;2;170;141;117m▄[38;2;166;132;109m[48;2;158;128;104m▄[38;2;179;144;119m[48;2;151;118;95m▄[38;2;125;96;79m[48;2;133;104;83m▄[38;2;0;0;0m[48;2;56;43;35m▄[0m
