[38;2;65;8;50m[48;2;71;14;61m▄[38;2;70;4;51m[48;2;73;9;57m▄[38;2;58;1;40m[48;2;59;1;46m▄[38;2;57;0;39m[48;2;56;0;40m▄[38;2;56;0;38m[48;2;54;0;36m▄[38;2;54;1;37m[48;2;56;0;38m▄[38;2;55;0;37m[48;2;57;0;44m▄[38;2;57;0;39m[48;2;57;0;44m▄[38;2;59;0;41m[48;2;56;0;40m▄[38;2;62;0;47m[48;2;57;0;44m▄[38;2;61;0;47m[48;2;59;0;46m▄[38;2;63;3;42m[48;2;50;0;38m▄[38;2;66;10;34m[48;2;38;0;30m▄[38;2;103;42;28m[48;2;59;9;19m▄[38;2;127;70;29m[48;2;106;46;19m▄[38;2;94;42;25m[48;2;75;25;19m▄[38;2;62;15;21m[48;2;34;0;17m▄[38;2;55;8;21m[48;2;38;0;21m▄[38;2;78;25;20m[48;2;73;19;21m▄[38;2;104;45;19m[48;2;110;46;21m▄[38;2;57;28;13m[48;2;79;42;19m▄[38;2;68;39;17m[48;2;42;23;11m▄[38;2;93;43;14m[48;2;42;13;9m▄[38;2;101;41;11m[48;2;44;1;13m▄[38;2;116;59;16m[48;2;67;21;13m▄[38;2;137;81;12m[48;2;100;44;9m▄[38;2;159;108;20m[48;2;115;59;9m▄[38;2;172;127;33m[48;2;127;69;9m▄[38;2;178;127;60m[48;2;139;84;9m▄[38;2;205;137;78m[48;2;158;108;21m▄[38;2;189;143;54m[48;2;119;83;9m▄[38;2;143;107;18m[48;2;46;17;11m▄[38;2;73;46;13m[48;2;65;27;17m▄[38;2;123;72;28m[48;2;131;61;34m▄[38;2;145;83;30m[48;2;98;38;32m▄[38;2;164;97;33m[48;2;102;40;32m▄[38;2;175;107;32m[48;2;108;48;32m▄[38;2;174;114;24m[48;2;123;65;32m▄[38;2;184;126;39m[48;2;144;86;21m▄[38;2;207;156;85m[48;2;148;88;5m▄[38;2;223;181;120m[48;2;150;86;3m▄[38;2;168;143;101m[48;2;84;44;0m▄[38;2;126;105;70m[48;2;69;36;0m▄[38;2;181;140;78m[48;2;104;57;5m▄[38;2;192;138;40m[48;2;173;98;15m▄[38;2;178;117;10m[48;2;177;100;19m▄[38;2;188;125;34m[48;2;133;65;5m▄[38;2;195;140;53m[48;2;119;52;0m▄[38;2;166;111;45m[48;2;71;17;7m▄[38;2;123;67;16m[48;2;52;7;19m▄[38;2;150;78;0m[48;2;112;52;19m▄[38;2;93;36;8m[48;2;73;27;19m▄[38;2;42;1;14m[48;2;46;7;21m▄[38;2;38;0;12m[48;2;44;7;23m▄[38;2;40;1;12m[48;2;44;5;21m▄[38;2;43;3;16m[48;2;46;7;25m▄[38;2;46;4;19m[48;2;50;9;28m▄[38;2;45;4;20m[48;2;48;9;27m▄[38;2;48;5;25m[48;2;56;13;34m▄[38;2;56;6;32m[48;2;67;19;46m▄[0m
[38;2;46;0;26m[48;2;54;1;39m▄[38;2;50;0;28m[48;2;56;0;37m▄[38;2;45;0;25m[48;2;47;0;28m▄[38;2;45;0;27m[48;2;48;0;28m▄[38;2;48;0;31m[48;2;49;0;30m▄[38;2;51;0;33m[48;2;47;0;29m▄[38;2;51;0;35m[48;2;46;0;27m▄[38;2;52;0;34m[48;2;48;0;30m▄[38;2;49;0;30m[48;2;52;0;34m▄[38;2;46;1;28m[48;2;51;0;35m▄[38;2;45;2;23m[48;2;58;5;35m▄[38;2;66;17;20m[48;2;114;46;33m▄[38;2;90;33;20m[48;2;137;64;26m▄[38;2;107;44;23m[48;2;99;40;27m▄[38;2;95;35;25m[48;2;68;21;28m▄[38;2;48;0;29m[48;2;80;32;29m▄[38;2;42;0;28m[48;2;98;45;28m▄[38;2;76;27;21m[48;2;97;48;26m▄[38;2;47;22;11m[48;2;76;38;20m▄[38;2;80;41;20m[48;2;51;27;16m▄[38;2;120;67;33m[48;2;81;45;18m▄[38;2;132;82;36m[48;2;116;67;23m▄[38;2;159;111;39m[48;2;130;80;23m▄[38;2;202;155;43m[48;2;145;91;17m▄[38;2;63;50;15m[48;2;74;49;15m▄[38;2;55;38;39m[48;2;161;124;75m▄[38;2;91;71;61m[48;2;194;154;96m▄[38;2;146;115;91m[48;2;205;163;114m▄[38;2;158;137;116m[48;2;190;151;116m▄[38;2;166;138;110m[48;2;160;110;76m▄[38;2;236;204;166m[48;2;214;166;124m▄[38;2;249;221;186m[48;2;209;174;104m▄[38;2;245;215;174m[48;2;145;118;53m▄[38;2;176;144;93m[48;2;114;88;26m▄[38;2;133;92;50m[48;2;107;78;26m▄[38;2;186;140;99m[48;2;145;103;28m▄[38;2;164;132;109m[48;2;114;77;10m▄[38;2;206;146;111m[48;2;158;93;38m▄[38;2;229;176;131m[48;2;220;158;117m▄[38;2;226;178;135m[48;2;244;205;164m▄[38;2;216;168;127m[48;2;255;229;189m▄[38;2;129;93;67m[48;2;255;236;194m▄[38;2;181;131;93m[48;2;238;212;176m▄[38;2;238;196;151m[48;2;219;188;155m▄[38;2;243;211;170m[48;2;172;133;102m▄[38;2;253;225;187m[48;2;88;68;49m▄[38;2;255;220;179m[48;2;166;127;97m▄[38;2;239;196;155m[48;2;226;187;147m▄[38;2;224;184;146m[48;2;248;229;189m▄[38;2;218;189;156m[48;2;232;211;162m▄[38;2;236;217;184m[48;2;179;144;72m▄[38;2;224;206;167m[48;2;160;105;23m▄[38;2;193;159;79m[48;2;114;57;0m▄[38;2;180;128;18m[48;2;88;37;4m▄[38;2;152;89;0m[48;2;65;22;8m▄[38;2;125;63;2m[48;2;34;0;9m▄[38;2;61;18;9m[48;2;32;0;10m▄[38;2;32;0;10m[48;2;38;0;12m▄[38;2;37;0;10m[48;2;37;0;12m▄[38;2;40;0;12m[48;2;42;0;17m▄[0m
[38;2;52;1;35m[48;2;45;0;22m▄[38;2;58;1;40m[48;2;50;0;27m▄[38;2;51;1;34m[48;2;45;0;24m▄[38;2;48;1;28m[48;2;44;0;22m▄[38;2;45;0;24m[48;2;46;0;26m▄[38;2;48;1;29m[48;2;51;1;34m▄[38;2;50;0;32m[48;2;54;0;39m▄[38;2;49;0;31m[48;2;48;0;30m▄[38;2;48;0;33m[48;2;43;0;22m▄[38;2;53;0;38m[48;2;41;0;19m▄[38;2;55;0;42m[48;2;43;0;25m▄[38;2;94;25;43m[48;2;45;0;34m▄[38;2;120;41;47m[48;2;80;20;34m▄[38;2;78;4;63m[48;2;97;32;34m▄[38;2;94;19;65m[48;2;71;12;37m▄[38;2;149;77;59m[48;2;76;15;37m▄[38;2;205;146;57m[48;2;119;55;36m▄[38;2;115;88;34m[48;2;108;60;29m▄[38;2;124;92;46m[48;2;65;46;17m▄[38;2;154;122;78m[48;2;127;83;25m▄[38;2;218;186;134m[48;2;169;108;43m▄[38;2;216;189;137m[48;2;178;120;48m▄[38;2;203;163;107m[48;2;204;153;50m▄[38;2;170;110;56m[48;2;221;179;63m▄[38;2;60;30;16m[48;2;77;52;27m▄[38;2;94;47;49m[48;2;121;59;60m▄[38;2;167;112;106m[48;2;149;107;102m▄[38;2;204;168;148m[48;2;93;76;69m▄[38;2;222;195;163m[48;2;198;175;149m▄[38;2;232;200;162m[48;2;240;215;176m▄[38;2;236;194;150m[48;2;249;230;191m▄[38;2;138;105;78m[48;2;255;246;209m▄[38;2;103;90;71m[48;2;197;172;142m▄[38;2;247;221;173m[48;2;208;175;138m▄[38;2;246;213;167m[48;2;233;189;148m▄[38;2;235;205;160m[48;2;232;191;148m▄[38;2;242;206;162m[48;2;255;233;188m▄[38;2;234;187;139m[48;2;252;224;182m▄[38;2;231;176;127m[48;2;242;206;162m▄[38;2;219;153;102m[48;2;234;191;145m▄[38;2;125;72;42m[48;2;212;154;109m▄[38;2;58;19;7m[48;2;143;78;41m▄[38;2;188;85;35m[48;2;215;131;73m▄[38;2;209;106;46m[48;2;228;163;110m▄[38;2;206;114;56m[48;2;236;173;120m▄[38;2;144;82;45m[48;2;218;161;112m▄[38;2;126;77;49m[48;2;130;98;72m▄[38;2;186;129;90m[48;2;157;96;59m▄[38;2;193;145;107m[48;2;170;99;57m▄[38;2;197;155;119m[48;2;158;105;71m▄[38;2;239;210;173m[48;2;220;184;143m▄[38;2;238;219;183m[48;2;245;225;188m▄[38;2;231;198;160m[48;2;220;200;172m▄[38;2;236;205;167m[48;2;175;145;103m▄[38;2;238;212;178m[48;2;195;155;75m▄[38;2;216;200;171m[48;2;204;146;35m▄[38;2;158;121;60m[48;2;134;73;6m▄[38;2;122;61;3m[48;2;37;0;10m▄[38;2;43;4;10m[48;2;36;0;11m▄[38;2;38;0;16m[48;2;40;0;11m▄[0m
[38;2;63;1;54m[48;2;63;3;52m▄[38;2;68;2;57m[48;2;67;3;52m▄[38;2;58;1;44m[48;2;54;0;38m▄[38;2;51;0;34m[48;2;52;1;33m▄[38;2;49;0;33m[48;2;49;0;30m▄[38;2;74;18;36m[48;2;49;0;36m▄[38;2;94;33;35m[48;2;47;0;35m▄[38;2;85;24;38m[48;2;49;0;36m▄[38;2;117;46;35m[48;2;86;23;37m▄[38;2;134;57;36m[48;2;102;30;48m▄[38;2;148;69;42m[48;2;91;19;50m▄[38;2;155;93;48m[48;2;120;44;42m▄[38;2;164;109;60m[48;2;144;73;48m▄[38;2;159;104;58m[48;2;147;78;66m▄[38;2;114;77;46m[48;2;170;109;64m▄[38;2;96;76;57m[48;2;154;115;46m▄[38;2;191;137;104m[48;2;93;53;21m▄[38;2;184;148;115m[48;2;117;69;45m▄[38;2;196;161;127m[48;2;179;130;99m▄[38;2;245;213;173m[48;2;244;212;173m▄[38;2;235;200;161m[48;2;255;242;205m▄[38;2;241;195;152m[48;2;255;244;208m▄[38;2;227;175;133m[48;2;255;237;202m▄[38;2;205;142;103m[48;2;233;180;142m▄[38;2;213;133;85m[48;2;91;49;31m▄[38;2;203;145;100m[48;2;1;0;0m▄[38;2;164;127;94m[48;2;0;0;0m▄[38;2;187;127;87m[48;2;37;5;0m▄[38;2;198;132;87m[48;2;50;16;6m▄[38;2;180;123;82m[48;2;140;83;49m▄[38;2;200;147;102m[48;2;232;174;123m▄[38;2;194;157;120m[48;2;184;146;110m▄[38;2;234;193;147m[48;2;201;167;128m▄[38;2;247;214;167m[48;2;253;219;171m▄[38;2;251;221;177m[48;2;247;219;174m▄[38;2;251;224;179m[48;2;245;214;171m▄[38;2;252;230;191m[48;2;248;219;178m▄[38;2;253;234;200m[48;2;245;211;167m▄[38;2;245;220;180m[48;2;243;205;160m▄[38;2;243;207;163m[48;2;242;201;155m▄[38;2;251;194;143m[48;2;240;177;124m▄[38;2;142;96;63m[48;2;88;49;29m▄[38;2;0;0;0m[48;2;83;31;9m▄[38;2;77;48;32m[48;2;87;32;10m▄[38;2;217;174;132m[48;2;102;50;26m▄[38;2;249;216;169m[48;2;208;139;93m▄[38;2;239;199;155m[48;2;241;180;131m▄[38;2;239;199;155m[48;2;235;186;140m▄[38;2;239;212;171m[48;2;244;201;156m▄[38;2;241;208;166m[48;2;246;212;167m▄[38;2;245;212;173m[48;2;249;221;183m▄[38;2;242;220;184m[48;2;254;230;193m▄[38;2;250;227;189m[48;2;248;221;181m▄[38;2;250;227;191m[48;2;248;217;175m▄[38;2;245;226;193m[48;2;239;211;171m▄[38;2;254;226;193m[48;2;198;174;149m▄[38;2;201;164;87m[48;2;160;129;63m▄[38;2;210;133;3m[48;2;208;132;7m▄[38;2;152;81;8m[48;2;130;66;9m▄[38;2;79;21;21m[48;2;59;9;26m▄[0m
[38;2;65;5;56m[48;2;60;3;50m▄[38;2;68;5;55m[48;2;65;3;52m▄[38;2;55;2;44m[48;2;55;1;38m▄[38;2;66;13;37m[48;2;48;0;31m▄[38;2;108;42;34m[48;2;64;11;30m▄[38;2;79;21;36m[48;2;113;48;29m▄[38;2;55;2;38m[48;2;97;36;35m▄[38;2;99;36;37m[48;2;58;5;38m▄[38;2;157;86;31m[48;2;75;17;29m▄[38;2;125;74;28m[48;2;154;81;36m▄[38;2;10;6;0m[48;2;145;94;40m▄[38;2;79;38;26m[48;2;134;82;51m▄[38;2;134;76;46m[48;2;204;136;96m▄[38;2;192;127;87m[48;2;169;107;71m▄[38;2;246;196;147m[48;2;215;169;127m▄[38;2;254;225;180m[48;2;255;222;175m▄[38;2;255;235;197m[48;2;255;239;197m▄[38;2;253;233;201m[48;2;255;244;205m▄[38;2;253;233;200m[48;2;255;237;200m▄[38;2;249;228;191m[48;2;243;221;181m▄[38;2;250;225;182m[48;2;205;166;132m▄[38;2;203;175;139m[48;2;118;62;40m▄[38;2;147;88;55m[48;2;128;49;22m▄[38;2;218;143;92m[48;2;185;98;58m▄[38;2;235;184;137m[48;2;219;151;103m▄[38;2;230;183;139m[48;2;243;193;146m▄[38;2;238;210;171m[48;2;255;227;180m▄[38;2;250;230;191m[48;2;255;234;191m▄[38;2;255;240;204m[48;2;255;234;191m▄[38;2;231;198;162m[48;2;242;212;172m▄[38;2;166;97;62m[48;2;115;85;64m▄[38;2;243;195;147m[48;2;202;161;121m▄[38;2;228;190;146m[48;2;249;210;163m▄[38;2;236;199;154m[48;2;244;212;167m▄[38;2;251;223;179m[48;2;250;221;177m▄[38;2;254;235;198m[48;2;249;223;179m▄[38;2;249;226;185m[48;2;253;231;192m▄[38;2;237;208;166m[48;2;238;215;179m▄[38;2;255;238;203m[48;2;247;226;188m▄[38;2;249;220;177m[48;2;248;219;177m▄[38;2;246;191;138m[48;2;240;181;129m▄[38;2;185;118;72m[48;2;174;111;68m▄[38;2;15;5;3m[48;2;45;23;14m▄[38;2;155;97;67m[48;2;247;188;138m▄[38;2;189;133;98m[48;2;255;233;187m▄[38;2;234;188;146m[48;2;227;188;147m▄[38;2;255;235;193m[48;2;238;202;159m▄[38;2;241;217;178m[48;2;244;219;179m▄[38;2;222;180;142m[48;2;239;203;160m▄[38;2;248;221;181m[48;2;240;199;154m▄[38;2;246;222;180m[48;2;239;210;169m▄[38;2;240;203;162m[48;2;240;216;177m▄[38;2;249;224;184m[48;2;247;218;178m▄[38;2;242;221;185m[48;2;252;229;190m▄[38;2;178;149;77m[48;2;246;226;190m▄[38;2;108;56;25m[48;2;180;148;103m▄[38;2;52;1;35m[48;2;134;87;35m▄[38;2;55;5;48m[48;2;116;59;9m▄[38;2;109;41;107m[48;2;92;33;39m▄[38;2;131;56;125m[48;2;96;31;69m▄[0m
[38;2;78;15;75m[48;2;71;11;63m▄[38;2;90;21;76m[48;2;77;14;67m▄[38;2;118;44;56m[48;2;75;16;58m▄[38;2;91;27;61m[48;2;91;28;52m▄[38;2;99;29;60m[48;2;122;50;44m▄[38;2;140;66;52m[48;2;109;41;46m▄[38;2;146;87;51m[48;2;134;68;49m▄[38;2;110;68;32m[48;2;188;123;48m▄[38;2;197;162;125m[48;2;183;133;59m▄[38;2;247;213;167m[48;2;148;114;81m▄[38;2;255;221;171m[48;2;112;86;68m▄[38;2;255;239;190m[48;2;152;126;99m▄[38;2;255;240;195m[48;2;162;139;112m▄[38;2;243;223;185m[48;2;208;164;127m▄[38;2;241;226;192m[48;2;208;165;127m▄[38;2;241;222;190m[48;2;219;182;143m▄[38;2;231;208;174m[48;2;236;209;170m▄[38;2;211;181;145m[48;2;249;230;194m▄[38;2;208;170;131m[48;2;253;236;201m▄[38;2;210;166;128m[48;2;252;236;199m▄[38;2;229;178;135m[48;2;236;216;175m▄[38;2;225;161;113m[48;2;251;208;159m▄[38;2;101;60;36m[48;2;189;124;80m▄[38;2;95;46;23m[48;2;192;115;67m▄[38;2;221;157;108m[48;2;239;183;134m▄[38;2;255;225;180m[48;2;247;214;170m▄[38;2;255;236;194m[48;2;241;212;170m▄[38;2;255;240;199m[48;2;237;216;176m▄[38;2;252;236;197m[48;2;247;231;193m▄[38;2;240;201;161m[48;2;223;186;150m▄[38;2;107;57;36m[48;2;141;73;42m▄[38;2;129;82;54m[48;2;233;167;116m▄[38;2;217;152;104m[48;2;241;202;156m▄[38;2;224;155;103m[48;2;245;209;163m▄[38;2;223;156;103m[48;2;245;211;165m▄[38;2;225;166;117m[48;2;244;216;175m▄[38;2;219;154;106m[48;2;234;201;160m▄[38;2;200;127;77m[48;2;250;219;177m▄[38;2;177;100;52m[48;2;246;203;158m▄[38;2;114;53;20m[48;2;243;193;144m▄[38;2;138;83;53m[48;2;199;153;114m▄[38;2;217;177;140m[48;2;99;54;29m▄[38;2;164;121;91m[48;2;14;7;4m▄[38;2;119;43;10m[48;2;92;20;0m▄[38;2;194;90;36m[48;2;143;60;29m▄[38;2;181;106;56m[48;2;218;158;116m▄[38;2;172;133;48m[48;2;210;173;138m▄[38;2;155;116;60m[48;2;212;163;124m▄[38;2;130;106;66m[48;2;248;211;169m▄[38;2;174;124;63m[48;2;244;217;181m▄[38;2;204;154;89m[48;2;236;202;166m▄[38;2;180;142;80m[48;2;250;226;188m▄[38;2;144;95;19m[48;2;229;209;169m▄[38;2;136;80;19m[48;2;157;119;56m▄[38;2;156;78;90m[48;2;169;86;85m▄[38;2;140;71;54m[48;2;187;85;153m▄[38;2;151;69;96m[48;2;149;65;117m▄[38;2;227;104;189m[48;2;223;101;200m▄[38;2;75;19;56m[48;2;153;66;138m▄[38;2;59;3;45m[48;2;45;2;28m▄[0m
[38;2;93;22;93m[48;2;91;18;93m▄[38;2;98;21;101m[48;2;98;20;100m▄[38;2;97;26;87m[48;2;122;43;72m▄[38;2;128;50;73m[48;2;134;54;61m▄[38;2;134;62;68m[48;2;152;81;60m▄[38;2;164;91;75m[48;2;166;104;65m▄[38;2;90;54;34m[48;2;73;43;28m▄[38;2;116;55;28m[48;2;127;61;32m▄[38;2;199;105;51m[48;2;127;72;42m▄[38;2;180;104;56m[48;2;183;124;80m▄[38;2;192;128;86m[48;2;232;177;127m▄[38;2;226;176;132m[48;2;249;218;172m▄[38;2;242;209;164m[48;2;248;221;177m▄[38;2;245;213;167m[48;2;216;187;151m▄[38;2;244;214;170m[48;2;249;228;191m▄[38;2;237;203;162m[48;2;254;234;198m▄[38;2;209;175;139m[48;2;255;233;193m▄[38;2;177;132;100m[48;2;249;210;163m▄[38;2;155;108;43m[48;2;148;103;75m▄[38;2;168;126;11m[48;2;129;84;35m▄[38;2;149;108;24m[48;2;195;144;56m▄[38;2;63;49;16m[48;2;64;46;22m▄[38;2;74;61;20m[48;2;0;0;0m▄[38;2;44;37;12m[48;2;0;0;0m▄[38;2;34;9;5m[48;2;79;40;25m▄[38;2;29;0;0m[48;2;134;88;61m▄[38;2;150;63;26m[48;2;194;129;89m▄[38;2;209;147;105m[48;2;214;162;125m▄[38;2;195;131;92m[48;2;214;158;122m▄[38;2;149;83;51m[48;2;218;155;114m▄[38;2;161;96;66m[48;2;132;79;55m▄[38;2;131;67;36m[48;2;0;0;0m▄[38;2;130;75;41m[48;2;41;13;3m▄[38;2;160;111;74m[48;2;135;55;18m▄[38;2;154;90;55m[48;2;165;78;34m▄[38;2;115;68;44m[48;2;194;108;58m▄[38;2;142;117;90m[48;2;224;149;95m▄[38;2;209;182;146m[48;2;216;166;122m▄[38;2;232;208;171m[48;2;194;150;114m▄[38;2;227;195;159m[48;2;148;88;54m▄[38;2;181;118;79m[48;2;205;144;103m▄[38;2;198;160;126m[48;2;246;227;189m▄[38;2;209;158;120m[48;2;218;165;124m▄[38;2;155;103;50m[48;2;166;75;30m▄[38;2;183;142;48m[48;2;187;115;56m▄[38;2;180;121;23m[48;2;185;144;46m▄[38;2;160;88;16m[48;2;204;150;31m▄[38;2;103;50;19m[48;2;102;68;13m▄[38;2;67;34;12m[48;2;118;71;12m▄[38;2;66;24;22m[48;2;98;60;11m▄[38;2;74;22;26m[48;2;148;82;10m▄[38;2;122;58;20m[48;2;139;70;7m▄[38;2;85;32;29m[48;2;129;67;14m▄[38;2;68;18;43m[48;2;185;89;121m▄[38;2;102;40;85m[48;2;188;92;128m▄[38;2;113;48;109m[48;2;152;67;108m▄[38;2;59;12;52m[48;2;122;48;92m▄[38;2;68;14;64m[48;2;85;26;64m▄[38;2;79;20;73m[48;2;65;10;56m▄[38;2;85;21;79m[48;2;76;13;65m▄[0m
[38;2;97;26;99m[48;2;93;26;97m▄[38;2;99;25;99m[48;2;100;27;100m▄[38;2;89;25;88m[48;2;87;23;87m▄[38;2;104;36;102m[48;2;86;23;85m▄[38;2;130;56;132m[48;2;107;36;105m▄[38;2;101;38;93m[48;2;114;38;92m▄[38;2;143;64;66m[48;2;131;64;51m▄[38;2;92;45;32m[48;2;11;3;0m▄[38;2;16;6;1m[48;2;94;46;24m▄[38;2;40;20;8m[48;2;213;121;60m▄[38;2;178;99;48m[48;2;212;128;70m▄[38;2;218;132;71m[48;2;213;149;100m▄[38;2;202;139;93m[48;2;217;158;112m▄[38;2;230;185;143m[48;2;235;191;146m▄[38;2;234;192;149m[48;2;223;176;133m▄[38;2;236;196;154m[48;2;223;180;138m▄[38;2;228;183;140m[48;2;230;196;158m▄[38;2;239;199;155m[48;2;219;198;164m▄[38;2;244;210;171m[48;2;192;172;125m▄[38;2;237;209;173m[48;2;152;128;67m▄[38;2;216;192;145m[48;2;57;37;17m▄[38;2;167;133;90m[48;2;56;23;22m▄[38;2;69;21;46m[48;2;93;54;40m▄[38;2;61;12;46m[48;2;153;113;50m▄[38;2;151;105;49m[48;2;132;106;42m▄[38;2;110;79;23m[48;2;41;13;5m▄[38;2;138;85;62m[48;2;177;102;68m▄[38;2;142;88;63m[48;2;216;166;128m▄[38;2;168;85;50m[48;2;168;86;48m▄[38;2;217;145;99m[48;2;181;102;65m▄[38;2;217;177;133m[48;2;233;188;146m▄[38;2;205;170;131m[48;2;199;144;102m▄[38;2;138;86;53m[48;2;168;115;78m▄[38;2;192;153;116m[48;2;253;225;182m▄[38;2;234;203;166m[48;2;247;213;173m▄[38;2;246;219;179m[48;2;232;198;157m▄[38;2;250;214;170m[48;2;146;90;59m▄[38;2;207;141;94m[48;2;144;81;42m▄[38;2;185;111;63m[48;2;237;189;141m▄[38;2;220;175;133m[48;2;244;221;183m▄[38;2;235;206;171m[48;2;212;168;131m▄[38;2;206;169;130m[48;2;205;159;125m▄[38;2;167;122;51m[48;2;198;163;122m▄[38;2;166;109;35m[48;2;177;133;41m▄[38;2;117;59;31m[48;2;172;112;29m▄[38;2;108;47;30m[48;2;143;76;17m▄[38;2;69;33;15m[48;2;122;61;19m▄[38;2;94;50;13m[48;2;81;34;19m▄[38;2;71;32;17m[48;2;61;30;13m▄[38;2;56;12;25m[48;2;88;35;22m▄[38;2;131;54;108m[48;2;88;30;35m▄[38;2;138;55;133m[48;2;153;69;117m▄[38;2;125;50;117m[48;2;118;47;112m▄[38;2;219;99;200m[48;2;145;60;138m▄[38;2;124;49;119m[48;2;146;62;144m▄[38;2;78;22;76m[48;2;90;32;90m▄[38;2;90;30;89m[48;2;88;28;87m▄[38;2;89;29;88m[48;2;84;25;82m▄[38;2;90;30;90m[48;2;84;25;83m▄[38;2;100;35;101m[48;2;95;30;95m▄[0m
[38;2;103;41;112m[48;2;99;28;99m▄[38;2;136;59;129m[48;2;103;31;103m▄[38;2;177;81;149m[48;2;157;67;142m▄[38;2;162;71;136m[48;2;136;56;129m▄[38;2;182;82;153m[48;2;213;97;187m▄[38;2;115;48;113m[48;2;113;40;104m▄[38;2;107;42;107m[48;2;87;21;86m▄[38;2;123;51;117m[48;2;107;34;91m▄[38;2;107;39;107m[48;2;116;50;70m▄[38;2;135;59;101m[48;2;87;50;35m▄[38;2;150;85;73m[48;2;70;39;14m▄[38;2;151;96;48m[48;2;199;121;71m▄[38;2;195;137;88m[48;2;240;186;138m▄[38;2;234;182;131m[48;2;218;167;124m▄[38;2;225;176;134m[48;2;216;164;120m▄[38;2;229;176;134m[48;2;229;185;142m▄[38;2;233;190;146m[48;2;230;184;140m▄[38;2;239;201;158m[48;2;232;191;149m▄[38;2;240;212;173m[48;2;237;204;166m▄[38;2;240;220;182m[48;2;244;217;177m▄[38;2;222;187;151m[48;2;247;221;181m▄[38;2;189;146;106m[48;2;204;172;138m▄[38;2;183;152;56m[48;2;155;119;57m▄[38;2;162;114;41m[48;2;146;108;38m▄[38;2;158;70;56m[48;2;157;106;42m▄[38;2;183;85;73m[48;2;121;87;31m▄[38;2;179;109;83m[48;2;33;21;17m▄[38;2;177;113;82m[48;2;82;45;29m▄[38;2;166;94;70m[48;2;193;111;65m▄[38;2;177;103;70m[48;2;209;140;90m▄[38;2;168;104;78m[48;2;220;174;127m▄[38;2;197;154;122m[48;2;231;200;156m▄[38;2;128;81;51m[48;2;124;73;44m▄[38;2;189;143;105m[48;2;198;150;111m▄[38;2;237;211;173m[48;2;248;223;185m▄[38;2;245;220;183m[48;2;247;224;187m▄[38;2;248;226;187m[48;2;250;233;194m▄[38;2;254;228;185m[48;2;243;210;168m▄[38;2;211;151;105m[48;2;201;122;74m▄[38;2;218;174;134m[48;2;187;112;64m▄[38;2;135;113;70m[48;2;183;128;78m▄[38;2;98;62;17m[48;2;182;129;44m▄[38;2;88;49;27m[48;2;152;97;29m▄[38;2;98;54;17m[48;2;105;56;27m▄[38;2;104;52;15m[48;2;93;47;24m▄[38;2;58;15;27m[48;2;74;39;13m▄[38;2;83;25;68m[48;2;96;47;24m▄[38;2;81;22;78m[48;2;83;33;42m▄[38;2;83;25;85m[48;2;61;12;45m▄[38;2;118;47;111m[48;2;120;45;103m▄[38;2;135;57;123m[48;2;171;77;145m▄[38;2;118;47;108m[48;2;148;61;125m▄[38;2;166;73;143m[48;2;143;61;128m▄[38;2;136;58;127m[48;2;136;58;125m▄[38;2;201;89;180m[48;2;84;27;85m▄[38;2;150;66;141m[48;2;128;55;122m▄[38;2;97;38;103m[48;2;125;54;117m▄[38;2;107;42;112m[48;2;88;30;89m▄[38;2;105;39;111m[48;2;94;32;96m▄[38;2;115;43;122m[48;2;106;37;109m▄[0m
[38;2;123;76;138m[48;2;105;48;118m▄[38;2;125;75;143m[48;2;140;64;136m▄[38;2;110;67;128m[48;2;150;69;138m▄[38;2;117;65;126m[48;2;118;53;121m▄[38;2;162;77;144m[48;2;114;51;115m▄[38;2;157;74;141m[48;2;145;66;135m▄[38;2;164;78;149m[48;2;186;84;163m▄[38;2;114;58;122m[48;2;123;58;121m▄[38;2;110;58;121m[48;2;105;48;115m▄[38;2;109;57;121m[48;2;103;45;117m▄[38;2;131;73;109m[48;2;132;70;98m▄[38;2;168;98;79m[48;2;184;121;64m▄[38;2;130;78;112m[48;2;140;87;66m▄[38;2;97;51;112m[48;2;150;96;88m▄[38;2;124;71;36m[48;2;190;145;103m▄[38;2;178;117;13m[48;2;215;171;126m▄[38;2;189;129;37m[48;2;230;190;149m▄[38;2;148;109;63m[48;2;236;199;161m▄[38;2;146;114;69m[48;2;240;210;172m▄[38;2;112;81;39m[48;2;233;196;158m▄[38;2;132;99;57m[48;2;193;143;111m▄[38;2;142;102;56m[48;2;199;156;91m▄[38;2;87;27;22m[48;2;84;68;25m▄[38;2;156;65;51m[48;2;86;18;25m▄[38;2;201;121;87m[48;2;151;65;54m▄[38;2;188;161;109m[48;2;84;36;31m▄[38;2;235;221;151m[48;2;121;81;62m▄[38;2;213;171;114m[48;2;126;55;43m▄[38;2;231;196;128m[48;2;197;108;83m▄[38;2;226;172;114m[48;2;221;138;105m▄[38;2;216;137;102m[48;2;187;106;81m▄[38;2;206;121;90m[48;2;169;66;53m▄[38;2;194;104;78m[48;2;139;71;51m▄[38;2;166;84;59m[48;2;174;127;86m▄[38;2;183;132;94m[48;2;242;210;166m▄[38;2;188;137;97m[48;2;251;225;186m▄[38;2;214;146;98m[48;2;246;222;183m▄[38;2;193;152;117m[48;2;220;174;129m▄[38;2;225;201;165m[48;2;183;137;99m▄[38;2;235;214;175m[48;2;255;235;197m▄[38;2;189;147;76m[48;2;161;133;91m▄[38;2;145;88;27m[48;2;140;84;23m▄[38;2;116;66;28m[48;2;144;76;37m▄[38;2;116;60;33m[48;2;123;60;16m▄[38;2;103;41;60m[48;2;72;22;22m▄[38;2;81;25;85m[48;2;66;14;64m▄[38;2;117;48;112m[48;2;85;28;88m▄[38;2;150;66;135m[48;2;96;36;97m▄[38;2;182;81;163m[48;2;102;39;104m▄[38;2;116;52;116m[48;2;116;49;111m▄[38;2;107;51;112m[48;2;88;32;94m▄[38;2;172;81;150m[48;2;137;58;122m▄[38;2;154;76;141m[48;2;156;68;135m▄[38;2;136;69;133m[48;2;150;65;132m▄[38;2;113;61;123m[48;2;200;90;166m▄[38;2;113;67;130m[48;2;109;47;112m▄[38;2;119;74;139m[48;2;106;47;117m▄[38;2;123;80;144m[48;2;114;53;124m▄[38;2;124;82;145m[48;2;111;51;121m▄[38;2;134;86;156m[48;2;119;53;129m▄[0m
[38;2;155;131;168m[48;2;142;110;157m▄[38;2;161;135;178m[48;2;150;112;165m▄[38;2;148;100;149m[48;2;136;101;151m▄[38;2;174;85;147m[48;2;134;87;139m▄[38;2;181;87;154m[48;2;142;73;130m▄[38;2;124;85;137m[48;2;117;67;126m▄[38;2;126;83;138m[48;2;106;59;119m▄[38;2;122;75;134m[48;2;112;61;123m▄[38;2;125;80;138m[48;2;115;63;126m▄[38;2;131;87;138m[48;2;115;66;127m▄[38;2;152;96;113m[48;2;134;79;115m▄[38;2;164;99;91m[48;2;156;87;97m▄[38;2;141;77;97m[48;2;151;79;102m▄[38;2;140;78;116m[48;2;149;81;107m▄[38;2;138;89;116m[48;2;153;85;78m▄[38;2;135;82;95m[48;2;150;76;34m▄[38;2;129;67;75m[48;2;147;74;33m▄[38;2;125;61;58m[48;2;93;34;22m▄[38;2;120;58;54m[48;2;97;45;16m▄[38;2;122;73;8m[48;2;145;106;20m▄[38;2;152;105;26m[48;2;149;117;34m▄[38;2;176;134;43m[48;2;90;62;36m▄[38;2;206;175;75m[48;2;125;82;53m▄[38;2;81;72;33m[48;2;176;126;79m▄[38;2;61;40;32m[48;2;173;124;84m▄[38;2;201;177;122m[48;2;212;185;116m▄[38;2;243;227;144m[48;2;250;234;149m▄[38;2;229;197;118m[48;2;244;222;144m▄[38;2;218;169;106m[48;2;236;205;128m▄[38;2;214;151;103m[48;2;226;178;113m▄[38;2;212;136;100m[48;2;217;152;105m▄[38;2;209;123;96m[48;2;211;131;100m▄[38;2;214;127;98m[48;2;201;100;81m▄[38;2;213;133;99m[48;2;203;90;78m▄[38;2;221;145;106m[48;2;166;82;65m▄[38;2;196;112;90m[48;2;149;86;53m▄[38;2;145;72;50m[48;2;142;92;56m▄[38;2;210;141;90m[48;2;193;136;90m▄[38;2;235;202;159m[48;2;248;212;167m▄[38;2;153;118;56m[48;2;207;180;132m▄[38;2;119;68;25m[48;2;106;61;9m▄[38;2;78;27;25m[48;2;40;0;17m▄[38;2;104;46;69m[48;2;43;2;29m▄[38;2;131;68;103m[48;2;100;41;77m▄[38;2;122;64;111m[48;2;129;59;84m▄[38;2;113;59;118m[48;2;105;43;100m▄[38;2;117;64;126m[48;2;154;68;133m▄[38;2;109;66;126m[48;2;144;66;131m▄[38;2;121;66;126m[48;2;134;69;133m▄[38;2;141;71;140m[48;2;101;57;116m▄[38;2;132;66;130m[48;2;109;61;122m▄[38;2;120;76;131m[48;2;106;61;122m▄[38;2;130;92;148m[48;2;107;64;126m▄[38;2;136;103;154m[48;2;111;68;129m▄[38;2;142;111;162m[48;2;121;78;141m▄[38;2;148;120;167m[48;2;126;85;148m▄[38;2;153;130;172m[48;2;126;86;146m▄[38;2;157;137;175m[48;2;129;90;150m▄[38;2;163;146;181m[48;2;131;94;151m▄[38;2;182;167;202m[48;2;149;113;170m▄[0m
[38;2;191;185;198m[48;2;176;163;187m▄[38;2;203;196;214m[48;2;183;172;200m▄[38;2;183;180;197m[48;2;171;129;166m▄[38;2;177;174;193m[48;2;173;119;163m▄[38;2;173;165;188m[48;2;155;115;159m▄[38;2;170;155;182m[48;2;146;117;160m▄[38;2;164;146;176m[48;2;145;115;159m▄[38;2;159;138;173m[48;2;141;108;155m▄[38;2;156;133;169m[48;2;140;105;153m▄[38;2;155;131;169m[48;2;138;103;150m▄[38;2;151;127;168m[48;2;139;100;144m▄[38;2;147;121;167m[48;2;141;101;143m▄[38;2;142;112;160m[48;2;142;97;133m▄[38;2;133;98;143m[48;2;140;79;122m▄[38;2;136;92;143m[48;2;159;87;137m▄[38;2;134;86;129m[48;2;138;84;120m▄[38;2;130;79;121m[48;2;131;74;91m▄[38;2;91;39;74m[48;2;117;57;60m▄[38;2;71;19;50m[48;2;130;67;64m▄[38;2;82;28;54m[48;2;131;74;48m▄[38;2;112;65;19m[48;2;132;83;13m▄[38;2;136;96;28m[48;2;139;96;25m▄[38;2;85;68;22m[48;2;104;84;32m▄[38;2;76;44;26m[48;2;85;63;29m▄[38;2;166;87;60m[48;2;164;122;87m▄[38;2;232;203;137m[48;2;254;246;174m▄[38;2;255;255;178m[48;2;251;239;170m▄[38;2;255;247;167m[48;2;249;236;159m▄[38;2;251;235;151m[48;2;242;224;136m▄[38;2;240;221;133m[48;2;234;198;122m▄[38;2;237;213;125m[48;2;225;172;113m▄[38;2;234;205;122m[48;2;220;162;108m▄[38;2;231;191;119m[48;2;218;160;107m▄[38;2;224;152;109m[48;2;213;145;103m▄[38;2;191;86;71m[48;2;204;110;88m▄[38;2;192;86;72m[48;2;187;79;66m▄[38;2;208;111;90m[48;2;187;84;69m▄[38;2;159;61;50m[48;2;169;110;82m▄[38;2;153;85;32m[48;2;172;137;65m▄[38;2;126;69;13m[48;2;143;87;20m▄[38;2;69;23;42m[48;2;81;30;24m▄[38;2;121;81;132m[48;2;88;40;69m▄[38;2;133;97;151m[48;2;130;78;122m▄[38;2;134;100;152m[48;2;129;80;127m▄[38;2;138;105;154m[48;2;120;78;139m▄[38;2;138;107;155m[48;2;122;80;140m▄[38;2;141;111;158m[48;2;121;82;139m▄[38;2;156;118;163m[48;2;142;82;139m▄[38;2;160;130;171m[48;2;158;82;145m▄[38;2;158;143;177m[48;2;173;88;159m▄[38;2;165;153;183m[48;2;145;104;156m▄[38;2;168;155;185m[48;2;146;123;166m▄[38;2;166;153;183m[48;2;154;131;174m▄[38;2;165;152;184m[48;2;156;135;175m▄[38;2;167;154;185m[48;2;159;141;179m▄[38;2;171;159;186m[48;2;164;150;183m▄[38;2;175;164;189m[48;2;168;155;187m▄[38;2;182;175;194m[48;2;169;157;187m▄[38;2;191;190;200m[48;2;171;162;190m▄[38;2;213;213;219m[48;2;186;178;208m▄[0m
[38;2;206;206;206m[48;2;195;191;200m▄[38;2;218;215;218m[48;2;208;202;214m▄[38;2;196;193;199m[48;2;188;181;197m▄[38;2;197;193;200m[48;2;185;179;195m▄[38;2;194;190;199m[48;2;185;179;195m▄[38;2;190;184;197m[48;2;186;179;195m▄[38;2;188;181;196m[48;2;182;174;194m▄[38;2;187;182;196m[48;2;178;169;190m▄[38;2;184;179;195m[48;2;175;163;188m▄[38;2;180;174;195m[48;2;175;164;190m▄[38;2;178;171;194m[48;2;172;161;187m▄[38;2;177;170;193m[48;2;171;159;186m▄[38;2;174;162;187m[48;2;161;144;178m▄[38;2;161;141;172m[48;2;148;123;164m▄[38;2;152;128;163m[48;2;141;112;157m▄[38;2;149;123;161m[48;2;143;110;151m▄[38;2;150;121;157m[48;2;142;102;133m▄[38;2;137;98;119m[48;2;92;51;75m▄[38;2;85;35;29m[48;2;35;0;11m▄[38;2;57;17;14m[48;2;43;0;16m▄[38;2;56;24;13m[48;2;68;20;21m▄[38;2;90;62;14m[48;2;155;100;22m▄[38;2;72;59;12m[48;2;139;106;22m▄[38;2;89;39;28m[48;2;82;45;29m▄[38;2;243;175;116m[48;2;171;87;64m▄[38;2;135;120;74m[48;2;135;73;49m▄[38;2;0;0;0m[48;2;169;129;87m▄[38;2;0;0;0m[48;2;201;172;116m▄[38;2;41;30;22m[48;2;233;214;144m▄[38;2;228;195;128m[48;2;251;239;152m▄[38;2;235;189;122m[48;2;234;206;123m▄[38;2;216;131;99m[48;2;229;183;117m▄[38;2;108;39;36m[48;2;223;144;104m▄[38;2;99;22;19m[48;2;192;90;72m▄[38;2;144;42;34m[48;2;171;67;55m▄[38;2;162;53;43m[48;2;200;99;82m▄[38;2;163;50;43m[48;2;185;88;69m▄[38;2;154;61;54m[48;2;195;75;65m▄[38;2;142;68;22m[48;2;179;81;58m▄[38;2;147;100;82m[48;2;131;70;11m▄[38;2;155;131;171m[48;2;138;99;111m▄[38;2;156;134;173m[48;2;149;121;165m▄[38;2;159;138;173m[48;2;146;118;161m▄[38;2;163;144;175m[48;2;148;121;162m▄[38;2;175;161;186m[48;2;154;131;169m▄[38;2;183;173;191m[48;2;160;141;174m▄[38;2;188;182;196m[48;2;168;153;183m▄[38;2;188;181;196m[48;2;172;164;190m▄[38;2;187;179;195m[48;2;173;164;190m▄[38;2;180;172;192m[48;2;173;161;190m▄[38;2;176;168;191m[48;2;171;160;187m▄[38;2;180;172;193m[48;2;171;160;187m▄[38;2;187;181;196m[48;2;171;160;187m▄[38;2;196;193;200m[48;2;175;166;190m▄[38;2;200;198;200m[48;2;182;175;192m▄[38;2;204;203;204m[48;2;186;180;195m▄[38;2;208;208;205m[48;2;193;190;199m▄[38;2;213;212;206m[48;2;204;203;204m▄[38;2;217;217;208m[48;2;210;209;206m▄[38;2;238;239;225m[48;2;231;230;222m▄[0m
[38;2;228;230;213m[48;2;228;228;211m▄[38;2;244;245;228m[48;2;243;244;227m▄[38;2;222;223;209m[48;2;213;213;205m▄[38;2;221;222;209m[48;2;210;210;204m▄[38;2;222;223;209m[48;2;209;208;205m▄[38;2;216;216;207m[48;2;199;196;200m▄[38;2;211;210;205m[48;2;193;187;198m▄[38;2;210;209;204m[48;2;193;190;199m▄[38;2;209;206;204m[48;2;195;191;199m▄[38;2;206;201;202m[48;2;193;188;199m▄[38;2;200;195;200m[48;2;188;183;197m▄[38;2;197;191;198m[48;2;183;177;194m▄[38;2;192;185;197m[48;2;182;174;194m▄[38;2;189;181;195m[48;2;180;170;190m▄[38;2;190;181;192m[48;2;176;162;182m▄[38;2;194;182;183m[48;2;171;154;174m▄[38;2;195;177;170m[48;2;166;143;166m▄[38;2;205;166;144m[48;2;174;133;139m▄[38;2;146;104;81m[48;2;162;98;59m▄[38;2;27;9;0m[48;2;88;41;7m▄[38;2;40;20;6m[48;2;62;37;10m▄[38;2;114;75;46m[48;2;59;41;13m▄[38;2;178;111;78m[48;2;93;60;22m▄[38;2;183;114;76m[48;2;188;112;80m▄[38;2;140;74;28m[48;2;219;155;108m▄[38;2;136;48;9m[48;2;123;55;38m▄[38;2;148;59;20m[48;2;94;17;15m▄[38;2;116;44;8m[48;2;113;28;24m▄[38;2;53;26;5m[48;2;29;1;5m▄[38;2;180;110;82m[48;2;174;125;82m▄[38;2;223;133;105m[48;2;239;170;118m▄[38;2;126;59;32m[48;2;175;89;75m▄[38;2;91;23;1m[48;2;10;0;0m▄[38;2;117;39;9m[48;2;78;7;5m▄[38;2;136;73;43m[48;2;137;22;11m▄[38;2;168;120;86m[48;2;141;35;17m▄[38;2;187;151;119m[48;2;137;49;26m▄[38;2;190;160;150m[48;2;121;66;23m▄[38;2;184;161;172m[48;2;165;115;77m▄[38;2;177;164;186m[48;2;168;146;173m▄[38;2;181;169;185m[48;2;164;145;175m▄[38;2;192;184;195m[48;2;168;150;175m▄[38;2;201;198;201m[48;2;178;165;185m▄[38;2;204;201;202m[48;2;188;179;194m▄[38;2;206;204;203m[48;2;197;191;200m▄[38;2;207;205;203m[48;2;201;196;201m▄[38;2;209;208;204m[48;2;199;195;200m▄[38;2;211;211;205m[48;2;199;195;201m▄[38;2;216;217;207m[48;2;200;197;201m▄[38;2;224;225;210m[48;2;201;199;200m▄[38;2;223;223;210m[48;2;202;200;203m▄[38;2;217;217;207m[48;2;200;198;202m▄[38;2;217;217;206m[48;2;204;202;203m▄[38;2;221;221;208m[48;2;211;210;205m▄[38;2;222;222;208m[48;2;213;212;205m▄[38;2;223;224;209m[48;2;215;215;205m▄[38;2;227;229;211m[48;2;219;219;207m▄[38;2;228;230;212m[48;2;223;223;210m▄[38;2;228;230;212m[48;2;224;225;211m▄[38;2;248;250;230m[48;2;243;244;229m▄[0m
[38;2;227;227;211m[48;2;223;223;210m▄[38;2;255;255;248m[48;2;240;240;226m▄[38;2;249;250;230m[48;2;225;226;210m▄[38;2;249;251;229m[48;2;225;226;211m▄[38;2;252;254;231m[48;2;224;225;211m▄[38;2;255;255;232m[48;2;226;228;211m▄[38;2;255;255;233m[48;2;228;229;212m▄[38;2;255;255;232m[48;2;226;227;210m▄[38;2;255;255;232m[48;2;225;226;210m▄[38;2;255;255;232m[48;2;225;224;210m▄[38;2;254;253;231m[48;2;218;215;206m▄[38;2;241;238;224m[48;2;208;204;202m▄[38;2;235;233;222m[48;2;204;199;200m▄[38;2;234;231;223m[48;2;201;195;199m▄[38;2;232;229;222m[48;2;200;192;196m▄[38;2;229;224;219m[48;2;197;188;191m▄[38;2;228;223;219m[48;2;198;188;192m▄[38;2;222;217;217m[48;2;195;185;195m▄[38;2;218;211;217m[48;2;171;158;177m▄[38;2;219;207;216m[48;2;121;105;123m▄[38;2;214;203;216m[48;2;132;101;108m▄[38;2;205;197;214m[48;2;173;131;131m▄[38;2;201;192;211m[48;2;158;121;131m▄[38;2;200;189;211m[48;2;129;99;118m▄[38;2;201;192;214m[48;2;147;116;126m▄[38;2;204;200;220m[48;2;167;138;135m▄[38;2;201;195;219m[48;2;175;148;140m▄[38;2;189;178;197m[48;2;190;149;104m▄[38;2;183;120;106m[48;2;166;104;46m▄[38;2;227;148;108m[48;2;212;133;98m▄[38;2;169;110;91m[48;2;196;104;80m▄[38;2;160;141;148m[48;2;107;55;16m▄[38;2;215;212;219m[48;2;105;70;68m▄[38;2;226;224;229m[48;2;153;136;147m▄[38;2;218;214;220m[48;2;179;170;188m▄[38;2;218;213;218m[48;2;187;178;196m▄[38;2;226;224;222m[48;2;196;183;184m▄[38;2;230;229;223m[48;2;196;185;189m▄[38;2;236;235;225m[48;2;191;183;194m▄[38;2;240;239;225m[48;2;195;191;199m▄[38;2;241;239;224m[48;2;201;198;202m▄[38;2;241;239;225m[48;2;204;202;203m▄[38;2;240;241;226m[48;2;209;208;204m▄[38;2;242;243;227m[48;2;211;210;205m▄[38;2;244;246;227m[48;2;214;214;206m▄[38;2;250;252;230m[48;2;216;216;207m▄[38;2;252;254;231m[48;2;221;221;209m▄[38;2;255;255;232m[48;2;226;227;211m▄[38;2;255;255;233m[48;2;226;228;211m▄[38;2;255;255;235m[48;2;226;228;212m▄[38;2;255;255;236m[48;2;227;228;211m▄[38;2;255;255;236m[48;2;229;231;212m▄[38;2;255;255;237m[48;2;230;232;213m▄[38;2;255;255;234m[48;2;230;232;212m▄[38;2;247;247;230m[48;2;225;225;210m▄[38;2;236;232;225m[48;2;222;223;209m▄[38;2;233;231;223m[48;2;228;230;211m▄[38;2;244;244;227m[48;2;233;235;213m▄[38;2;253;253;230m[48;2;234;236;214m▄[38;2;255;255;252m[48;2;255;255;233m▄[0m
