[38;2;254;254;254m[48;2;254;254;254m▄[38;2;255;255;255m[48;2;254;254;254m▄[38;2;239;239;239m[48;2;254;254;254m▄[38;2;245;246;246m[48;2;254;254;254m▄[38;2;242;242;242m[48;2;254;254;254m▄[38;2;255;255;255m[48;2;254;254;254m▄[38;2;255;255;255m[48;2;254;254;254m▄[38;2;239;239;239m[48;2;254;254;254m▄[38;2;229;229;228m[48;2;254;254;254m▄[38;2;249;249;249m[48;2;254;254;254m▄[38;2;229;229;229m[48;2;254;254;254m▄[38;2;241;242;241m[48;2;254;254;254m▄[38;2;250;250;250m[48;2;254;254;254m▄[38;2;255;255;255m[48;2;254;254;254m▄[38;2;224;225;224m[48;2;254;254;254m▄[38;2;241;242;241m[48;2;254;254;254m▄[38;2;237;237;237m[48;2;254;254;254m▄[38;2;224;224;224m[48;2;254;254;254m▄[38;2;231;232;231m[48;2;254;254;254m▄[38;2;248;249;249m[48;2;254;254;254m▄[38;2;252;252;252m[48;2;254;254;254m▄[38;2;255;255;255m[48;2;254;254;254m▄[38;2;255;255;255m[48;2;254;254;254m▄[38;2;242;243;243m[48;2;254;254;254m▄[38;2;225;226;225m[48;2;254;254;254m▄[38;2;240;240;240m[48;2;254;254;254m▄[38;2;255;255;255m[48;2;254;254;254m▄[38;2;247;247;247m[48;2;254;254;254m▄[38;2;255;255;255m[48;2;254;254;254m▄[38;2;255;255;255m[48;2;241;241;241m▄[38;2;100;100;100m[48;2;92;92;92m▄[38;2;255;255;255m[48;2;253;253;253m▄[38;2;255;255;255m[48;2;254;254;254m▄[38;2;238;238;238m[48;2;243;243;243m▄[38;2;218;217;218m[48;2;239;239;239m▄[38;2;234;234;234m[48;2;253;253;253m▄[38;2;199;199;199m[48;2;247;247;247m▄[38;2;206;206;206m[48;2;254;254;254m▄[38;2;255;255;255m[48;2;254;254;254m▄[38;2;249;249;249m[48;2;254;254;254m▄[38;2;188;188;188m[48;2;254;254;254m▄[38;2;232;232;232m[48;2;253;253;253m▄[38;2;255;255;255m[48;2;254;254;254m▄[38;2;241;241;241m[48;2;243;243;243m▄[38;2;220;220;219m[48;2;239;239;239m▄[38;2;238;238;237m[48;2;253;253;253m▄[38;2;203;203;203m[48;2;249;249;249m▄[38;2;237;237;237m[48;2;254;254;254m▄[38;2;255;255;255m[48;2;254;254;254m▄[38;2;202;203;203m[48;2;254;254;254m▄[38;2;209;210;209m[48;2;254;254;254m▄[38;2;179;179;179m[48;2;253;253;253m▄[38;2;194;194;194m[48;2;251;251;251m▄[38;2;255;255;255m[48;2;254;254;254m▄[38;2;255;255;255m[48;2;254;254;254m▄[38;2;255;255;255m[48;2;254;254;254m▄[38;2;255;255;255m[48;2;254;254;254m▄[38;2;255;255;255m[48;2;254;254;254m▄[38;2;255;255;255m[48;2;254;254;254m▄[38;2;255;255;255m[48;2;254;254;254m▄[0m
[38;2;254;254;254m[48;2;254;254;254m▄[38;2;248;249;249m[48;2;240;240;240m▄[38;2;224;224;224m[48;2;173;173;173m▄[38;2;211;211;210m[48;2;161;161;161m▄[38;2;229;229;228m[48;2;184;183;183m▄[38;2;251;251;251m[48;2;246;247;247m▄[38;2;217;217;217m[48;2;190;191;190m▄[38;2;219;220;220m[48;2;173;174;174m▄[38;2;232;232;232m[48;2;175;176;175m▄[38;2;225;225;225m[48;2;183;183;183m▄[38;2;235;234;235m[48;2;178;178;178m▄[38;2;240;240;240m[48;2;182;183;182m▄[38;2;255;255;255m[48;2;218;218;218m▄[38;2;245;245;245m[48;2;236;236;236m▄[38;2;235;235;235m[48;2;176;176;176m▄[38;2;233;233;233m[48;2;183;184;184m▄[38;2;229;229;229m[48;2;183;184;184m▄[38;2;232;232;232m[48;2;185;186;186m▄[38;2;249;249;249m[48;2;207;208;207m▄[38;2;239;239;239m[48;2;209;210;209m▄[38;2;216;216;216m[48;2;186;186;186m▄[38;2;223;222;222m[48;2;207;207;207m▄[38;2;222;223;223m[48;2;194;195;195m▄[38;2;218;219;219m[48;2;184;185;185m▄[38;2;238;238;238m[48;2;176;177;176m▄[38;2;242;242;242m[48;2;185;185;185m▄[38;2;245;245;245m[48;2;211;211;211m▄[38;2;255;255;255m[48;2;225;225;225m▄[38;2;255;255;255m[48;2;242;242;242m▄[38;2;240;240;240m[48;2;241;241;241m▄[38;2;92;92;92m[48;2;92;92;92m▄[38;2;252;252;252m[48;2;252;252;252m▄[38;2;253;253;253m[48;2;252;252;252m▄[38;2;182;182;182m[48;2;213;213;213m▄[38;2;203;203;203m[48;2;250;250;250m▄[38;2;212;212;212m[48;2;207;208;207m▄[38;2;199;200;200m[48;2;188;188;188m▄[38;2;201;201;201m[48;2;200;200;200m▄[38;2;187;187;186m[48;2;184;184;184m▄[38;2;173;173;173m[48;2;173;172;172m▄[38;2;223;223;223m[48;2;234;234;234m▄[38;2;235;235;235m[48;2;247;247;247m▄[38;2;190;190;190m[48;2;206;206;206m▄[38;2;204;204;204m[48;2;218;218;218m▄[38;2;204;204;204m[48;2;209;209;209m▄[38;2;194;194;194m[48;2;201;201;201m▄[38;2;194;194;194m[48;2;207;207;207m▄[38;2;214;214;214m[48;2;221;221;221m▄[38;2;218;218;218m[48;2;213;213;213m▄[38;2;191;191;191m[48;2;190;190;190m▄[38;2;182;182;182m[48;2;179;179;179m▄[38;2;187;187;187m[48;2;180;181;181m▄[38;2;177;177;177m[48;2;164;163;164m▄[38;2;213;213;213m[48;2;238;238;238m▄[38;2;237;237;237m[48;2;255;255;255m▄[38;2;182;182;182m[48;2;198;198;198m▄[38;2;198;198;198m[48;2;199;200;199m▄[38;2;235;235;235m[48;2;255;255;255m▄[38;2;255;255;255m[48;2;255;255;255m▄[38;2;255;255;255m[48;2;255;255;255m▄[0m
[38;2;254;254;254m[48;2;254;254;254m▄[38;2;255;255;255m[48;2;255;255;255m▄[38;2;255;255;255m[48;2;255;255;255m▄[38;2;255;255;255m[48;2;255;255;255m▄[38;2;255;255;255m[48;2;255;255;255m▄[38;2;255;255;255m[48;2;255;255;255m▄[38;2;255;255;255m[48;2;255;255;255m▄[38;2;255;255;255m[48;2;255;255;255m▄[38;2;255;255;255m[48;2;255;255;255m▄[38;2;255;255;255m[48;2;255;255;255m▄[38;2;255;255;255m[48;2;255;255;255m▄[38;2;255;255;255m[48;2;255;255;255m▄[38;2;255;255;255m[48;2;255;255;255m▄[38;2;255;255;255m[48;2;255;255;255m▄[38;2;255;255;255m[48;2;255;255;255m▄[38;2;255;255;255m[48;2;255;255;255m▄[38;2;255;255;255m[48;2;255;255;255m▄[38;2;255;255;255m[48;2;255;255;255m▄[38;2;255;255;255m[48;2;255;255;255m▄[38;2;255;255;255m[48;2;255;255;255m▄[38;2;255;255;254m[48;2;255;255;255m▄[38;2;240;239;239m[48;2;255;255;255m▄[38;2;242;242;242m[48;2;252;251;252m▄[38;2;255;255;255m[48;2;255;255;255m▄[38;2;255;255;255m[48;2;255;255;255m▄[38;2;255;255;255m[48;2;255;255;255m▄[38;2;255;255;255m[48;2;255;255;255m▄[38;2;255;255;255m[48;2;255;255;255m▄[38;2;255;255;255m[48;2;255;255;255m▄[38;2;240;240;240m[48;2;240;240;240m▄[38;2;92;92;92m[48;2;92;92;92m▄[38;2;252;252;252m[48;2;252;252;252m▄[38;2;255;255;255m[48;2;254;254;254m▄[38;2;255;255;255m[48;2;186;186;186m▄[38;2;255;255;255m[48;2;214;214;214m▄[38;2;255;255;255m[48;2;212;212;212m▄[38;2;255;255;255m[48;2;212;212;212m▄[38;2;255;255;255m[48;2;190;190;190m▄[38;2;242;245;249m[48;2;207;207;207m▄[38;2;220;222;225m[48;2;212;213;213m▄[38;2;212;212;211m[48;2;189;191;191m▄[38;2;203;199;196m[48;2;212;214;215m▄[38;2;205;200;196m[48;2;199;201;202m▄[38;2;206;203;199m[48;2;191;193;194m▄[38;2;202;201;201m[48;2;200;201;202m▄[38;2;222;224;228m[48;2;193;194;194m▄[38;2;255;255;255m[48;2;186;186;186m▄[38;2;255;255;255m[48;2;255;255;255m▄[38;2;255;255;255m[48;2;214;215;214m▄[38;2;255;255;255m[48;2;189;190;189m▄[38;2;254;254;254m[48;2;203;203;203m▄[38;2;255;255;255m[48;2;195;195;195m▄[38;2;255;255;255m[48;2;207;207;207m▄[38;2;255;255;255m[48;2;185;185;185m▄[38;2;255;255;255m[48;2;220;220;220m▄[38;2;255;255;255m[48;2;206;206;206m▄[38;2;255;255;255m[48;2;228;228;228m▄[38;2;255;255;255m[48;2;218;218;218m▄[38;2;255;255;255m[48;2;255;255;255m▄[38;2;255;255;255m[48;2;255;255;255m▄[0m
[38;2;254;254;254m[48;2;254;254;254m▄[38;2;255;255;255m[48;2;255;255;255m▄[38;2;255;255;255m[48;2;255;255;255m▄[38;2;255;255;255m[48;2;255;255;255m▄[38;2;255;255;255m[48;2;255;255;255m▄[38;2;255;255;255m[48;2;255;255;255m▄[38;2;255;255;255m[48;2;255;255;255m▄[38;2;255;255;255m[48;2;255;255;255m▄[38;2;255;255;255m[48;2;255;255;255m▄[38;2;255;255;255m[48;2;255;255;255m▄[38;2;233;236;238m[48;2;255;255;255m▄[38;2;158;151;144m[48;2;255;255;255m▄[38;2;183;159;128m[48;2;234;237;241m▄[38;2;211;175;132m[48;2;217;218;218m▄[38;2;227;183;136m[48;2;211;209;206m▄[38;2;233;185;135m[48;2;209;204;198m▄[38;2;238;191;139m[48;2;208;204;198m▄[38;2;221;180;134m[48;2;205;204;203m▄[38;2;181;152;119m[48;2;224;227;231m▄[38;2;160;155;150m[48;2;255;255;255m▄[38;2;251;252;253m[48;2;253;252;252m▄[38;2;255;255;255m[48;2;242;242;241m▄[38;2;255;255;255m[48;2;255;255;255m▄[38;2;255;255;255m[48;2;255;255;255m▄[38;2;255;255;255m[48;2;255;255;255m▄[38;2;255;255;255m[48;2;255;255;255m▄[38;2;255;255;255m[48;2;255;255;255m▄[38;2;255;255;255m[48;2;255;255;255m▄[38;2;255;255;255m[48;2;255;255;255m▄[38;2;240;240;240m[48;2;240;240;240m▄[38;2;92;92;92m[48;2;92;92;92m▄[38;2;252;251;251m[48;2;252;252;252m▄[38;2;255;255;255m[48;2;255;255;255m▄[38;2;255;255;255m[48;2;255;255;255m▄[38;2;255;255;255m[48;2;255;255;255m▄[38;2;204;206;208m[48;2;255;255;255m▄[38;2;104;90;74m[48;2;228;231;234m▄[38;2;211;170;120m[48;2;149;144;140m▄[38;2;255;212;157m[48;2;166;146;122m▄[38;2;255;213;159m[48;2;195;163;125m▄[38;2;255;210;158m[48;2;215;174;129m▄[38;2;255;209;157m[48;2;225;179;131m▄[38;2;255;208;156m[48;2;228;181;132m▄[38;2;255;209;156m[48;2;226;181;133m▄[38;2;255;213;159m[48;2;210;171;126m▄[38;2;255;220;163m[48;2;173;147;115m▄[38;2;227;182;130m[48;2;140;130;121m▄[38;2;112;102;92m[48;2;218;220;223m▄[38;2;238;239;241m[48;2;255;255;255m▄[38;2;253;253;253m[48;2;242;242;242m▄[38;2;247;245;245m[48;2;241;240;240m▄[38;2;255;255;255m[48;2;255;255;255m▄[38;2;255;255;255m[48;2;255;255;255m▄[38;2;255;255;255m[48;2;255;255;255m▄[38;2;255;255;255m[48;2;255;255;255m▄[38;2;255;255;255m[48;2;255;255;255m▄[38;2;255;255;255m[48;2;255;255;255m▄[38;2;255;255;255m[48;2;255;255;255m▄[38;2;255;255;255m[48;2;255;255;255m▄[38;2;255;255;255m[48;2;255;255;255m▄[0m
[38;2;254;254;254m[48;2;254;254;254m▄[38;2;255;255;255m[48;2;255;255;255m▄[38;2;255;255;255m[48;2;255;255;255m▄[38;2;255;255;255m[48;2;255;255;255m▄[38;2;255;255;255m[48;2;255;255;255m▄[38;2;255;255;255m[48;2;255;255;255m▄[38;2;255;255;255m[48;2;255;255;255m▄[38;2;249;249;249m[48;2;255;255;255m▄[38;2;246;246;246m[48;2;255;255;255m▄[38;2;239;241;242m[48;2;235;237;239m▄[38;2;218;211;202m[48;2;118;108;98m▄[38;2;249;213;171m[48;2;217;171;119m▄[38;2;251;198;144m[48;2;255;215;159m▄[38;2;255;201;146m[48;2;255;211;157m▄[38;2;255;202;147m[48;2;255;209;156m▄[38;2;254;205;151m[48;2;255;210;157m▄[38;2;210;170;127m[48;2;220;178;135m▄[38;2;209;170;127m[48;2;230;185;139m▄[38;2;217;181;132m[48;2;255;226;167m▄[38;2;141;114;84m[48;2;155;122;87m▄[38;2;116;119;123m[48;2;152;153;154m▄[38;2;184;185;186m[48;2;255;255;255m▄[38;2;131;131;132m[48;2;255;255;255m▄[38;2;122;124;129m[48;2;255;255;255m▄[38;2;142;144;146m[48;2;255;255;255m▄[38;2;171;171;171m[48;2;255;255;255m▄[38;2;204;204;204m[48;2;255;255;255m▄[38;2;242;242;242m[48;2;255;255;255m▄[38;2;255;255;255m[48;2;255;255;255m▄[38;2;241;241;241m[48;2;239;240;240m▄[38;2;92;92;92m[48;2;92;92;92m▄[38;2;252;252;252m[48;2;252;251;251m▄[38;2;255;255;255m[48;2;255;255;255m▄[38;2;249;249;249m[48;2;255;255;255m▄[38;2;243;243;243m[48;2;251;251;251m▄[38;2;255;255;255m[48;2;162;162;164m▄[38;2;255;255;255m[48;2;205;181;155m▄[38;2;248;245;242m[48;2;255;218;169m▄[38;2;244;226;204m[48;2;255;200;144m▄[38;2;244;214;181m[48;2;255;202;147m▄[38;2;251;211;169m[48;2;255;203;150m▄[38;2;253;206;157m[48;2;255;204;152m▄[38;2;253;202;149m[48;2;255;210;158m▄[38;2;251;200;145m[48;2;183;149;113m▄[38;2;243;195;144m[48;2;202;164;126m▄[38;2;225;186;135m[48;2;244;202;152m▄[38;2;153;124;92m[48;2;241;205;154m▄[38;2;55;55;56m[48;2;106;82;58m▄[38;2;133;135;139m[48;2;176;179;182m▄[38;2;131;121;110m[48;2;250;252;255m▄[38;2;103;91;75m[48;2;220;222;226m▄[38;2;45;42;41m[48;2;222;223;224m▄[38;2;26;29;34m[48;2;230;230;230m▄[38;2;31;33;36m[48;2;244;244;244m▄[38;2;49;50;50m[48;2;255;255;255m▄[38;2;89;89;89m[48;2;255;255;255m▄[38;2;133;133;133m[48;2;255;255;255m▄[38;2;222;221;221m[48;2;255;255;255m▄[38;2;255;255;255m[48;2;255;255;255m▄[38;2;255;255;255m[48;2;255;255;255m▄[0m
[38;2;254;254;254m[48;2;254;254;254m▄[38;2;255;255;255m[48;2;255;255;255m▄[38;2;253;253;252m[48;2;255;255;255m▄[38;2;251;251;251m[48;2;255;255;255m▄[38;2;248;248;249m[48;2;255;255;255m▄[38;2;246;246;246m[48;2;253;253;253m▄[38;2;250;250;250m[48;2;245;245;244m▄[38;2;255;255;255m[48;2;248;248;247m▄[38;2;254;254;254m[48;2;252;252;252m▄[38;2;255;255;255m[48;2;255;255;255m▄[38;2;255;255;255m[48;2;255;255;255m▄[38;2;255;255;255m[48;2;248;248;248m▄[38;2;255;255;255m[48;2;244;232;218m▄[38;2;255;255;255m[48;2;249;225;200m▄[38;2;255;255;255m[48;2;252;221;188m▄[38;2;247;250;253m[48;2;234;200;164m▄[38;2;225;228;232m[48;2;203;170;136m▄[38;2;234;238;242m[48;2;186;162;134m▄[38;2;158;165;172m[48;2;185;168;151m▄[38;2;119;96;71m[48;2;102;97;91m▄[38;2;255;230;169m[48;2;142;123;104m▄[38;2;255;208;156m[48;2;183;150;112m▄[38;2;255;211;158m[48;2;166;137;100m▄[38;2;255;217;162m[48;2;82;67;51m▄[38;2;255;211;159m[48;2;17;14;10m▄[38;2;195;166;127m[48;2;0;0;0m▄[38;2;87;75;63m[48;2;9;10;12m▄[38;2;10;11;13m[48;2;48;48;48m▄[38;2;8;8;8m[48;2;156;156;156m▄[38;2;204;204;204m[48;2;248;248;248m▄[38;2;101;101;101m[48;2;93;93;93m▄[38;2;244;244;244m[48;2;249;249;249m▄[38;2;254;255;254m[48;2;250;250;250m▄[38;2;255;255;254m[48;2;247;247;248m▄[38;2;255;255;255m[48;2;253;253;253m▄[38;2;255;255;255m[48;2;255;255;255m▄[38;2;255;255;255m[48;2;255;255;255m▄[38;2;254;254;254m[48;2;255;255;255m▄[38;2;252;252;250m[48;2;255;255;255m▄[38;2;255;255;255m[48;2;252;255;255m▄[38;2;255;255;255m[48;2;253;254;255m▄[38;2;255;255;255m[48;2;252;248;244m▄[38;2;255;255;255m[48;2;248;236;222m▄[38;2;246;250;254m[48;2;215;194;171m▄[38;2;242;246;249m[48;2;162;146;126m▄[38;2;234;237;241m[48;2;178;168;155m▄[38;2;61;61;62m[48;2;125;127;128m▄[38;2;210;165;118m[48;2;122;103;84m▄[38;2;255;230;173m[48;2;168;138;102m▄[38;2;221;179;137m[48;2;175;141;106m▄[38;2;214;174;132m[48;2;230;195;145m▄[38;2;243;197;148m[48;2;148;123;93m▄[38;2;255;231;174m[48;2;95;79;61m▄[38;2;255;223;168m[48;2;37;30;24m▄[38;2;226;192;147m[48;2;0;0;1m▄[38;2;116;99;80m[48;2;8;8;8m▄[38;2;26;28;30m[48;2;15;15;14m▄[38;2;9;10;9m[48;2;25;26;26m▄[38;2;62;62;62m[48;2;171;172;171m▄[38;2;255;254;255m[48;2;255;255;255m▄[0m
[38;2;249;249;249m[48;2;247;247;247m▄[38;2;255;255;255m[48;2;255;255;255m▄[38;2;255;255;255m[48;2;250;250;249m▄[38;2;255;255;255m[48;2;250;250;250m▄[38;2;255;255;255m[48;2;251;251;251m▄[38;2;251;251;251m[48;2;252;252;252m▄[38;2;251;251;251m[48;2;250;250;250m▄[38;2;252;252;252m[48;2;251;251;251m▄[38;2;255;255;255m[48;2;249;248;249m▄[38;2;255;255;255m[48;2;255;254;255m▄[38;2;255;255;255m[48;2;255;255;255m▄[38;2;255;255;255m[48;2;255;255;255m▄[38;2;255;255;255m[48;2;251;251;251m▄[38;2;255;255;255m[48;2;254;254;254m▄[38;2;255;255;255m[48;2;252;253;253m▄[38;2;255;255;255m[48;2;255;255;255m▄[38;2;255;255;255m[48;2;255;255;255m▄[38;2;255;255;255m[48;2;255;255;255m▄[38;2;255;255;255m[48;2;232;233;234m▄[38;2;247;249;251m[48;2;158;149;139m▄[38;2;103;99;95m[48;2;208;170;124m▄[38;2;12;9;6m[48;2;226;185;139m▄[38;2;0;0;0m[48;2;146;119;91m▄[38;2;0;0;0m[48;2;110;88;67m▄[38;2;9;13;17m[48;2;98;79;59m▄[38;2;51;53;56m[48;2;67;53;36m▄[38;2;127;127;127m[48;2;3;1;0m▄[38;2;236;239;239m[48;2;52;52;53m▄[38;2;246;255;255m[48;2;77;75;74m▄[38;2;223;230;232m[48;2;193;192;191m▄[38;2;90;89;89m[48;2;101;102;101m▄[38;2;250;250;250m[48;2;250;250;250m▄[38;2;252;252;252m[48;2;253;252;253m▄[38;2;254;254;255m[48;2;246;245;245m▄[38;2;255;255;255m[48;2;255;255;255m▄[38;2;255;255;255m[48;2;255;255;255m▄[38;2;255;255;255m[48;2;255;255;255m▄[38;2;254;254;254m[48;2;252;252;252m▄[38;2;254;254;254m[48;2;249;249;248m▄[38;2;255;255;255m[48;2;255;255;255m▄[38;2;253;252;253m[48;2;251;251;251m▄[38;2;255;255;255m[48;2;255;255;255m▄[38;2;255;255;255m[48;2;255;255;255m▄[38;2;255;255;255m[48;2;251;251;251m▄[38;2;250;249;249m[48;2;251;250;250m▄[38;2;255;255;255m[48;2;254;254;254m▄[38;2;255;255;255m[48;2;204;206;207m▄[38;2;234;236;240m[48;2;170;148;125m▄[38;2;97;86;77m[48;2;243;198;144m▄[38;2;40;31;20m[48;2;255;213;160m▄[38;2;0;0;0m[48;2;194;157;119m▄[38;2;0;0;0m[48;2;140;112;85m▄[38;2;0;0;0m[48;2;124;100;76m▄[38;2;0;0;0m[48;2;117;97;74m▄[38;2;0;0;0m[48;2;80;66;50m▄[38;2;31;31;32m[48;2;9;7;5m▄[38;2;162;161;161m[48;2;16;16;17m▄[38;2;238;231;230m[48;2;37;38;39m▄[38;2;249;250;251m[48;2;68;69;69m▄[38;2;251;252;253m[48;2;253;252;252m▄[0m
[38;2;169;169;169m[48;2;254;254;254m▄[38;2;178;177;177m[48;2;255;255;255m▄[38;2;184;184;185m[48;2;255;255;255m▄[38;2;187;187;187m[48;2;255;255;255m▄[38;2;188;188;188m[48;2;255;255;255m▄[38;2;190;190;190m[48;2;255;255;255m▄[38;2;190;190;190m[48;2;255;255;255m▄[38;2;190;190;190m[48;2;255;255;255m▄[38;2;189;189;189m[48;2;255;255;255m▄[38;2;188;188;188m[48;2;255;255;255m▄[38;2;188;188;188m[48;2;255;255;255m▄[38;2;190;190;190m[48;2;255;255;255m▄[38;2;191;191;191m[48;2;255;255;255m▄[38;2;190;189;189m[48;2;255;255;255m▄[38;2;188;188;188m[48;2;255;255;255m▄[38;2;188;187;187m[48;2;255;255;255m▄[38;2;189;189;189m[48;2;255;255;255m▄[38;2;186;186;186m[48;2;240;240;240m▄[38;2;185;186;185m[48;2;215;214;215m▄[38;2;194;194;194m[48;2;211;211;211m▄[38;2;199;199;199m[48;2;226;228;229m▄[38;2;206;206;206m[48;2;190;192;193m▄[38;2;215;215;215m[48;2;152;152;152m▄[38;2;210;210;210m[48;2;197;197;197m▄[38;2;198;199;199m[48;2;250;250;250m▄[38;2;191;192;192m[48;2;255;255;255m▄[38;2;186;186;186m[48;2;255;255;255m▄[38;2;184;183;182m[48;2;233;255;255m▄[38;2;185;182;181m[48;2;214;249;255m▄[38;2;171;170;170m[48;2;227;229;229m▄[38;2;67;67;67m[48;2;95;94;95m▄[38;2;186;187;187m[48;2;255;255;255m▄[38;2;189;190;190m[48;2;255;255;255m▄[38;2;190;190;190m[48;2;255;255;255m▄[38;2;190;190;189m[48;2;255;255;255m▄[38;2;191;191;191m[48;2;255;255;255m▄[38;2;192;192;192m[48;2;255;255;255m▄[38;2;192;192;192m[48;2;255;255;255m▄[38;2;190;190;191m[48;2;255;255;255m▄[38;2;190;190;190m[48;2;255;255;255m▄[38;2;193;193;193m[48;2;255;255;255m▄[38;2;195;195;195m[48;2;255;255;255m▄[38;2;199;198;199m[48;2;255;255;255m▄[38;2;197;197;197m[48;2;255;255;255m▄[38;2;180;180;180m[48;2;255;255;255m▄[38;2;150;149;149m[48;2;247;247;247m▄[38;2;152;151;151m[48;2;239;239;239m▄[38;2;163;162;162m[48;2;206;206;206m▄[38;2;204;204;204m[48;2;179;181;183m▄[38;2;206;206;207m[48;2;122;124;127m▄[38;2;177;178;179m[48;2;31;32;33m▄[38;2;195;196;196m[48;2;55;55;55m▄[38;2;204;204;204m[48;2;119;119;119m▄[38;2;206;206;206m[48;2;183;183;183m▄[38;2;203;203;203m[48;2;215;215;215m▄[38;2;193;193;193m[48;2;255;255;255m▄[38;2;174;178;180m[48;2;255;255;255m▄[38;2;144;172;180m[48;2;215;255;255m▄[38;2;176;177;176m[48;2;217;243;247m▄[38;2;186;185;184m[48;2;254;255;255m▄[0m
[38;2;254;254;254m[48;2;240;240;240m▄[38;2;255;255;255m[48;2;238;238;238m▄[38;2;255;255;255m[48;2;237;237;237m▄[38;2;255;255;255m[48;2;237;237;237m▄[38;2;255;255;255m[48;2;237;237;237m▄[38;2;255;255;255m[48;2;237;237;237m▄[38;2;255;255;255m[48;2;237;237;237m▄[38;2;255;255;255m[48;2;237;237;236m▄[38;2;255;255;255m[48;2;236;236;235m▄[38;2;255;255;255m[48;2;235;235;235m▄[38;2;255;255;255m[48;2;234;234;234m▄[38;2;255;255;255m[48;2;235;235;235m▄[38;2;255;255;255m[48;2;235;235;235m▄[38;2;255;255;255m[48;2;235;235;235m▄[38;2;255;255;255m[48;2;234;234;234m▄[38;2;255;255;255m[48;2;234;234;233m▄[38;2;255;255;255m[48;2;234;234;233m▄[38;2;255;255;255m[48;2;235;235;234m▄[38;2;255;255;255m[48;2;235;235;235m▄[38;2;255;255;255m[48;2;234;234;234m▄[38;2;255;255;255m[48;2;233;233;233m▄[38;2;255;255;255m[48;2;232;233;233m▄[38;2;255;255;255m[48;2;232;232;232m▄[38;2;255;255;255m[48;2;232;232;232m▄[38;2;255;255;255m[48;2;232;233;233m▄[38;2;255;255;255m[48;2;233;233;233m▄[38;2;255;255;255m[48;2;233;233;233m▄[38;2;255;255;255m[48;2;232;232;232m▄[38;2;255;255;255m[48;2;231;232;232m▄[38;2;243;243;243m[48;2;219;219;219m▄[38;2;92;93;92m[48;2;84;85;84m▄[38;2;255;255;255m[48;2;233;233;233m▄[38;2;255;255;255m[48;2;236;236;236m▄[38;2;255;255;255m[48;2;235;235;235m▄[38;2;255;255;255m[48;2;235;235;236m▄[38;2;255;255;255m[48;2;235;235;235m▄[38;2;255;255;255m[48;2;235;235;235m▄[38;2;255;255;255m[48;2;235;235;235m▄[38;2;245;245;245m[48;2;237;237;237m▄[38;2;190;190;190m[48;2;246;246;246m▄[38;2;198;198;198m[48;2;245;245;245m▄[38;2;186;186;186m[48;2;231;231;231m▄[38;2;181;181;181m[48;2;189;189;189m▄[38;2;171;172;172m[48;2;200;199;199m▄[38;2;160;160;160m[48;2;198;198;198m▄[38;2;165;165;165m[48;2;197;197;197m▄[38;2;172;172;172m[48;2;186;186;186m▄[38;2;175;175;175m[48;2;216;216;216m▄[38;2;176;176;176m[48;2;193;193;193m▄[38;2;211;212;212m[48;2;220;220;220m▄[38;2;179;179;179m[48;2;181;182;182m▄[38;2;185;186;186m[48;2;188;188;188m▄[38;2;196;196;196m[48;2;248;248;248m▄[38;2;224;224;224m[48;2;244;244;244m▄[38;2;239;239;239m[48;2;242;242;242m▄[38;2;255;255;255m[48;2;239;239;239m▄[38;2;255;255;255m[48;2;240;240;239m▄[38;2;255;255;255m[48;2;247;241;240m▄[38;2;255;255;255m[48;2;242;241;241m▄[38;2;255;255;255m[48;2;240;240;240m▄[0m
[38;2;254;254;254m[48;2;254;254;254m▄[38;2;255;255;255m[48;2;255;255;255m▄[38;2;255;255;255m[48;2;255;255;255m▄[38;2;255;255;255m[48;2;255;255;255m▄[38;2;255;255;255m[48;2;255;255;255m▄[38;2;255;255;255m[48;2;255;255;255m▄[38;2;255;255;255m[48;2;255;255;255m▄[38;2;255;255;255m[48;2;255;255;255m▄[38;2;255;255;255m[48;2;255;255;255m▄[38;2;255;255;255m[48;2;255;255;255m▄[38;2;255;255;255m[48;2;255;255;255m▄[38;2;251;255;255m[48;2;255;255;255m▄[38;2;251;254;255m[48;2;255;255;255m▄[38;2;254;255;255m[48;2;255;255;255m▄[38;2;255;255;255m[48;2;255;255;255m▄[38;2;255;255;255m[48;2;255;255;255m▄[38;2;249;249;249m[48;2;255;255;255m▄[38;2;234;233;234m[48;2;243;242;243m▄[38;2;255;255;255m[48;2;254;254;254m▄[38;2;255;255;255m[48;2;255;255;255m▄[38;2;255;255;255m[48;2;255;255;255m▄[38;2;255;255;255m[48;2;255;255;255m▄[38;2;255;255;255m[48;2;255;255;255m▄[38;2;255;255;255m[48;2;255;255;255m▄[38;2;255;255;255m[48;2;255;255;255m▄[38;2;255;255;255m[48;2;255;255;255m▄[38;2;255;255;255m[48;2;255;255;255m▄[38;2;255;255;255m[48;2;255;255;255m▄[38;2;255;255;255m[48;2;255;255;255m▄[38;2;240;240;240m[48;2;239;239;240m▄[38;2;91;91;91m[48;2;91;92;91m▄[38;2;252;252;252m[48;2;252;251;252m▄[38;2;255;255;255m[48;2;255;255;255m▄[38;2;255;255;255m[48;2;255;255;255m▄[38;2;255;255;255m[48;2;255;255;255m▄[38;2;255;255;255m[48;2;255;255;255m▄[38;2;255;255;255m[48;2;255;255;255m▄[38;2;255;255;255m[48;2;255;255;255m▄[38;2;222;224;228m[48;2;236;237;237m▄[38;2;206;206;205m[48;2;204;205;206m▄[38;2;197;191;184m[48;2;216;218;220m▄[38;2;202;192;180m[48;2;169;171;174m▄[38;2;197;184;170m[48;2;196;199;202m▄[38;2;199;187;173m[48;2;183;186;189m▄[38;2;193;185;175m[48;2;192;195;197m▄[38;2;190;188;185m[48;2;208;210;211m▄[38;2;218;222;226m[48;2;232;232;232m▄[38;2;255;255;255m[48;2;169;168;169m▄[38;2;255;255;255m[48;2;189;189;189m▄[38;2;255;255;255m[48;2;195;196;195m▄[38;2;255;255;255m[48;2;208;209;209m▄[38;2;252;252;252m[48;2;231;232;232m▄[38;2;255;255;255m[48;2;209;209;209m▄[38;2;255;255;255m[48;2;234;234;234m▄[38;2;255;255;255m[48;2;239;239;239m▄[38;2;255;255;255m[48;2;255;255;255m▄[38;2;255;255;255m[48;2;255;255;255m▄[38;2;255;255;255m[48;2;255;255;255m▄[38;2;255;255;255m[48;2;255;255;255m▄[38;2;255;255;255m[48;2;255;255;255m▄[0m
[38;2;254;254;254m[48;2;254;254;254m▄[38;2;255;255;255m[48;2;255;255;255m▄[38;2;255;255;255m[48;2;255;255;255m▄[38;2;255;255;255m[48;2;255;255;255m▄[38;2;255;255;255m[48;2;255;255;255m▄[38;2;210;213;217m[48;2;255;255;255m▄[38;2;126;116;107m[48;2;253;255;255m▄[38;2;174;146;111m[48;2;204;206;209m▄[38;2;221;179;130m[48;2;184;182;178m▄[38;2;243;194;141m[48;2;181;172;160m▄[38;2;254;201;147m[48;2;184;168;150m▄[38;2;255;203;149m[48;2;184;165;145m▄[38;2;255;205;150m[48;2;183;164;145m▄[38;2;255;206;150m[48;2;178;163;146m▄[38;2;237;190;137m[48;2;167;160;150m▄[38;2;189;156;115m[48;2;184;184;186m▄[38;2;114;105;97m[48;2;242;243;246m▄[38;2;224;227;229m[48;2;255;255;255m▄[38;2;255;255;255m[48;2;255;255;255m▄[38;2;255;255;255m[48;2;255;255;255m▄[38;2;255;255;255m[48;2;255;255;255m▄[38;2;255;255;255m[48;2;255;255;255m▄[38;2;255;255;255m[48;2;255;255;255m▄[38;2;255;255;255m[48;2;255;255;255m▄[38;2;255;255;255m[48;2;255;255;255m▄[38;2;255;255;255m[48;2;255;255;255m▄[38;2;255;255;255m[48;2;255;255;255m▄[38;2;255;255;255m[48;2;255;255;255m▄[38;2;255;255;255m[48;2;255;255;255m▄[38;2;239;240;240m[48;2;240;240;240m▄[38;2;92;92;92m[48;2;92;92;92m▄[38;2;251;251;252m[48;2;251;252;251m▄[38;2;255;255;255m[48;2;255;255;255m▄[38;2;255;255;255m[48;2;255;255;255m▄[38;2;255;255;255m[48;2;255;255;255m▄[38;2;204;206;208m[48;2;255;255;255m▄[38;2;94;80;65m[48;2;218;221;224m▄[38;2;220;176;121m[48;2;132;125;117m▄[38;2;255;218;161m[48;2;168;143;112m▄[38;2;255;211;159m[48;2;210;172;127m▄[38;2;255;207;156m[48;2;233;186;135m▄[38;2;255;206;155m[48;2;244;193;141m▄[38;2;255;207;155m[48;2;248;196;142m▄[38;2;244;196;148m[48;2;250;198;144m▄[38;2;239;192;144m[48;2;244;194;141m▄[38;2;255;211;158m[48;2;213;174;126m▄[38;2;255;224;166m[48;2;159;133;103m▄[38;2;155;123;88m[48;2;136;135;134m▄[38;2;150;152;154m[48;2;254;255;255m▄[38;2;255;255;255m[48;2;255;255;255m▄[38;2;255;255;255m[48;2;252;251;252m▄[38;2;250;250;250m[48;2;235;234;233m▄[38;2;241;240;240m[48;2;239;239;238m▄[38;2;255;255;255m[48;2;255;255;255m▄[38;2;255;255;255m[48;2;255;255;255m▄[38;2;255;255;255m[48;2;255;255;255m▄[38;2;255;255;255m[48;2;255;255;255m▄[38;2;255;255;255m[48;2;255;255;255m▄[38;2;255;255;255m[48;2;255;255;255m▄[38;2;255;255;255m[48;2;255;255;255m▄[0m
[38;2;254;254;254m[48;2;254;254;254m▄[38;2;255;255;255m[48;2;255;255;255m▄[38;2;255;255;255m[48;2;255;255;255m▄[38;2;249;248;249m[48;2;255;255;255m▄[38;2;205;207;209m[48;2;203;205;208m▄[38;2;214;204;193m[48;2;90;76;61m▄[38;2;249;229;199m[48;2;225;181;126m▄[38;2;250;203;153m[48;2;255;219;162m▄[38;2;253;200;146m[48;2;255;209;157m▄[38;2;255;201;146m[48;2;255;206;155m▄[38;2;255;202;148m[48;2;255;205;154m▄[38;2;255;207;153m[48;2;255;206;155m▄[38;2;235;192;145m[48;2;246;198;149m▄[38;2;163;134;103m[48;2;230;185;139m▄[38;2;212;174;132m[48;2;255;210;158m▄[38;2;255;214;160m[48;2;255;224;167m▄[38;2;197;159;117m[48;2;205;161;116m▄[38;2;76;69;62m[48;2;102;100;97m▄[38;2;232;236;240m[48;2;252;252;253m▄[38;2;196;199;204m[48;2;255;255;255m▄[38;2;158;161;165m[48;2;255;255;255m▄[38;2;168;169;171m[48;2;255;255;255m▄[38;2;183;183;183m[48;2;255;255;255m▄[38;2;203;203;203m[48;2;255;255;255m▄[38;2;228;228;228m[48;2;255;255;255m▄[38;2;251;251;251m[48;2;255;255;255m▄[38;2;255;255;255m[48;2;255;255;255m▄[38;2;255;255;255m[48;2;255;255;255m▄[38;2;255;255;255m[48;2;255;255;255m▄[38;2;239;240;240m[48;2;239;240;240m▄[38;2;92;92;92m[48;2;92;92;92m▄[38;2;252;252;252m[48;2;252;251;251m▄[38;2;255;255;255m[48;2;255;255;255m▄[38;2;249;249;249m[48;2;255;255;255m▄[38;2;244;244;244m[48;2;251;251;251m▄[38;2;255;255;255m[48;2;190;192;194m▄[38;2;255;255;255m[48;2;205;192;177m▄[38;2;252;255;255m[48;2;249;227;194m▄[38;2;247;241;232m[48;2;251;201;150m▄[38;2;242;224;203m[48;2;255;201;145m▄[38;2;247;218;188m[48;2;255;202;147m▄[38;2;252;214;173m[48;2;255;203;149m▄[38;2;251;205;157m[48;2;255;209;156m▄[38;2;255;204;150m[48;2;221;180;136m▄[38;2;249;198;144m[48;2;193;157;119m▄[38;2;235;189;138m[48;2;253;208;156m▄[38;2;193;160;117m[48;2;255;216;162m▄[38;2;95;89;82m[48;2;160;126;90m▄[38;2;137;141;145m[48;2;83;81;79m▄[38;2;175;167;157m[48;2;255;255;255m▄[38;2;181;167;149m[48;2;255;255;255m▄[38;2;180;158;134m[48;2;243;247;251m▄[38;2;193;165;134m[48;2;233;236;240m▄[38;2;188;160;129m[48;2;231;235;238m▄[38;2;155;130;102m[48;2;210;214;219m▄[38;2;114;98;78m[48;2;215;218;222m▄[38;2;71;65;58m[48;2;237;239;240m▄[38;2;106;107;109m[48;2;255;255;255m▄[38;2;214;217;220m[48;2;255;255;255m▄[38;2;255;255;255m[48;2;255;255;255m▄[0m
[38;2;249;249;249m[48;2;254;254;254m▄[38;2;255;255;255m[48;2;255;255;255m▄[38;2;249;249;249m[48;2;247;247;247m▄[38;2;254;254;254m[48;2;244;244;244m▄[38;2;255;255;255m[48;2;255;255;255m▄[38;2;255;255;255m[48;2;255;255;255m▄[38;2;255;255;255m[48;2;253;255;255m▄[38;2;255;255;255m[48;2;247;244;239m▄[38;2;255;255;255m[48;2;241;228;212m▄[38;2;255;255;255m[48;2;247;222;196m▄[38;2;254;255;255m[48;2;252;217;180m▄[38;2;250;250;249m[48;2;250;207;162m▄[38;2;242;235;224m[48;2;254;204;151m▄[38;2;175;166;154m[48;2;244;194;141m▄[38;2;172;167;160m[48;2;215;174;127m▄[38;2;177;178;179m[48;2;203;169;126m▄[38;2;84;83;82m[48;2;94;84;72m▄[38;2;192;154;113m[48;2;81;83;86m▄[38;2;218;178;130m[48;2;121;115;109m▄[38;2;251;204;154m[48;2;140;120;93m▄[38;2;238;194;146m[48;2;113;92;69m▄[38;2;182;152;115m[48;2;37;33;28m▄[38;2;165;139;106m[48;2;0;2;7m▄[38;2;73;61;47m[48;2;0;0;0m▄[38;2;40;37;32m[48;2;3;5;6m▄[38;2;38;34;31m[48;2;39;39;40m▄[38;2;19;19;20m[48;2;86;85;85m▄[38;2;5;4;5m[48;2;181;181;181m▄[38;2;149;149;149m[48;2;255;255;255m▄[38;2;255;255;255m[48;2;242;242;242m▄[38;2;91;91;91m[48;2;92;92;92m▄[38;2;245;245;245m[48;2;249;249;249m▄[38;2;254;254;254m[48;2;250;250;250m▄[38;2;254;254;254m[48;2;249;249;249m▄[38;2;254;254;254m[48;2;252;252;252m▄[38;2;255;255;255m[48;2;255;255;255m▄[38;2;255;255;255m[48;2;255;255;255m▄[38;2;255;255;255m[48;2;255;255;255m▄[38;2;251;251;251m[48;2;255;255;255m▄[38;2;254;254;254m[48;2;255;255;255m▄[38;2;255;255;255m[48;2;254;255;255m▄[38;2;255;255;255m[48;2;254;255;255m▄[38;2;255;255;255m[48;2;249;247;244m▄[38;2;254;255;255m[48;2;240;229;216m▄[38;2;252;254;255m[48;2;170;158;145m▄[38;2;250;253;255m[48;2;164;158;149m▄[38;2;241;244;247m[48;2;187;187;187m▄[38;2;102;94;87m[48;2;140;144;147m▄[38;2;249;196;140m[48;2;149;121;92m▄[38;2;255;212;159m[48;2;237;195;141m▄[38;2;255;205;154m[48;2;254;201;147m▄[38;2;255;205;154m[48;2;255;208;153m▄[38;2;255;205;154m[48;2;255;210;155m▄[38;2;255;205;154m[48;2;255;211;156m▄[38;2;255;205;154m[48;2;255;219;162m▄[38;2;253;205;154m[48;2;228;186;139m▄[38;2;233;189;143m[48;2;201;163;123m▄[38;2;255;221;167m[48;2;160;129;93m▄[38;2;177;140;103m[48;2;90;74;61m▄[38;2;47;48;46m[48;2;212;213;213m▄[0m
[38;2;253;253;253m[48;2;249;249;249m▄[38;2;255;255;255m[48;2;255;255;255m▄[38;2;246;245;245m[48;2;254;254;254m▄[38;2;254;254;254m[48;2;254;254;254m▄[38;2;255;255;255m[48;2;255;255;255m▄[38;2;255;255;255m[48;2;255;255;255m▄[38;2;255;255;255m[48;2;255;255;255m▄[38;2;248;248;247m[48;2;251;251;249m▄[38;2;255;255;255m[48;2;255;255;255m▄[38;2;251;251;251m[48;2;255;255;255m▄[38;2;253;253;253m[48;2;255;255;255m▄[38;2;255;255;255m[48;2;255;255;255m▄[38;2;255;255;255m[48;2;254;255;255m▄[38;2;247;247;247m[48;2;255;255;255m▄[38;2;253;253;253m[48;2;255;255;255m▄[38;2;255;255;255m[48;2;172;176;179m▄[38;2;199;199;198m[48;2;68;54;40m▄[38;2;175;146;116m[48;2;255;222;164m▄[38;2;240;199;147m[48;2;255;216;162m▄[38;2;215;177;135m[48;2;255;209;157m▄[38;2;128;104;81m[48;2;255;211;159m▄[38;2;90;73;55m[48;2;255;212;160m▄[38;2;83;68;52m[48;2;255;234;176m▄[38;2;71;59;45m[48;2;255;231;174m▄[38;2;29;23;16m[48;2;231;195;148m▄[38;2;0;0;0m[48;2;96;83;67m▄[38;2;27;27;27m[48;2;24;26;28m▄[38;2;56;57;57m[48;2;12;12;11m▄[38;2;96;95;95m[48;2;52;52;52m▄[38;2;231;231;231m[48;2;242;242;242m▄[38;2;99;99;99m[48;2;98;98;98m▄[38;2;251;251;251m[48;2;250;250;250m▄[38;2;253;253;253m[48;2;254;254;254m▄[38;2;254;254;254m[48;2;245;244;245m▄[38;2;255;255;255m[48;2;253;253;253m▄[38;2;255;255;255m[48;2;255;255;255m▄[38;2;255;255;255m[48;2;255;255;255m▄[38;2;255;255;255m[48;2;255;255;255m▄[38;2;254;254;254m[48;2;248;248;248m▄[38;2;255;255;255m[48;2;254;255;255m▄[38;2;253;253;253m[48;2;252;252;252m▄[38;2;254;254;254m[48;2;253;253;253m▄[38;2;255;255;255m[48;2;255;255;255m▄[38;2;255;255;255m[48;2;255;255;255m▄[38;2;252;251;251m[48;2;247;246;247m▄[38;2;252;252;252m[48;2;255;255;255m▄[38;2;255;255;255m[48;2;254;254;255m▄[38;2;255;255;255m[48;2;227;226;225m▄[38;2;228;231;234m[48;2;214;182;148m▄[38;2;143;130;115m[48;2;252;201;146m▄[38;2;149;121;88m[48;2;255;221;166m▄[38;2;215;174;129m[48;2;255;212;159m▄[38;2;233;186;136m[48;2;255;208;156m▄[38;2;228;183;134m[48;2;255;208;156m▄[38;2;218;180;138m[48;2;255;209;156m▄[38;2;170;146;115m[48;2;255;217;161m▄[38;2;108;97;87m[48;2;248;202;148m▄[38;2;150;147;149m[48;2;155;126;92m▄[38;2;220;221;222m[48;2;38;35;31m▄[38;2;246;254;255m[48;2;79;78;79m▄[0m
[38;2;253;253;253m[48;2;253;253;253m▄[38;2;255;255;255m[48;2;255;255;255m▄[38;2;255;255;255m[48;2;255;255;255m▄[38;2;255;255;255m[48;2;255;255;255m▄[38;2;255;255;255m[48;2;255;255;255m▄[38;2;255;255;255m[48;2;255;255;255m▄[38;2;255;255;255m[48;2;255;255;255m▄[38;2;255;255;255m[48;2;254;254;254m▄[38;2;255;255;255m[48;2;255;255;255m▄[38;2;255;255;255m[48;2;254;253;253m▄[38;2;255;255;255m[48;2;254;254;254m▄[38;2;255;255;255m[48;2;255;255;255m▄[38;2;255;255;255m[48;2;255;255;255m▄[38;2;255;255;255m[48;2;252;252;252m▄[38;2;255;255;255m[48;2;255;255;255m▄[38;2;251;251;251m[48;2;255;255;255m▄[38;2;239;239;239m[48;2;255;255;255m▄[38;2;194;195;195m[48;2;199;201;203m▄[38;2;209;211;213m[48;2;44;37;31m▄[38;2;113;115;116m[48;2;1;0;0m▄[38;2;57;57;57m[48;2;0;0;0m▄[38;2;101;101;101m[48;2;0;0;0m▄[38;2;168;168;168m[48;2;0;0;0m▄[38;2;225;225;225m[48;2;0;0;0m▄[38;2;251;251;251m[48;2;3;5;6m▄[38;2;255;255;255m[48;2;63;63;63m▄[38;2;255;255;255m[48;2;197;196;196m▄[38;2;215;255;255m[48;2;255;251;250m▄[38;2;230;255;255m[48;2;255;255;255m▄[38;2;235;239;239m[48;2;228;230;230m▄[38;2;103;102;102m[48;2;92;92;92m▄[38;2;255;255;255m[48;2;251;251;251m▄[38;2;255;255;255m[48;2;253;253;253m▄[38;2;255;255;255m[48;2;253;253;253m▄[38;2;255;255;255m[48;2;253;253;253m▄[38;2;255;255;255m[48;2;253;253;253m▄[38;2;255;255;255m[48;2;254;254;254m▄[38;2;255;255;255m[48;2;254;254;254m▄[38;2;255;255;255m[48;2;255;255;255m▄[38;2;255;255;255m[48;2;255;255;255m▄[38;2;255;255;255m[48;2;255;255;255m▄[38;2;255;255;255m[48;2;255;255;255m▄[38;2;255;255;255m[48;2;255;255;255m▄[38;2;255;255;255m[48;2;255;255;255m▄[38;2;255;255;255m[48;2;255;255;255m▄[38;2;255;255;255m[48;2;255;255;255m▄[38;2;255;255;255m[48;2;255;255;255m▄[38;2;255;255;255m[48;2;255;255;255m▄[38;2;227;227;227m[48;2;255;255;255m▄[38;2;202;203;203m[48;2;231;234;238m▄[38;2;233;235;234m[48;2;53;57;61m▄[38;2;255;255;255m[48;2;43;43;41m▄[38;2;255;255;255m[48;2;117;113;106m▄[38;2;255;255;255m[48;2;203;199;193m▄[38;2;255;255;255m[48;2;227;228;228m▄[38;2;255;255;255m[48;2;217;221;225m▄[38;2;255;255;255m[48;2;246;249;251m▄[38;2;252;255;255m[48;2;218;254;255m▄[38;2;255;255;255m[48;2;196;241;250m▄[38;2;255;255;255m[48;2;235;249;251m▄[0m
