[38;2;254;254;254m[48;2;254;254;251m▄[38;2;158;165;158m[48;2;177;179;177m▄[38;2;142;185;146m[48;2;125;137;127m▄[38;2;160;206;165m[48;2;129;142;133m▄[38;2;159;203;163m[48;2;131;144;133m▄[38;2;159;203;163m[48;2;135;148;137m▄[38;2;159;203;164m[48;2;141;152;141m▄[38;2;159;203;163m[48;2;142;154;144m▄[38;2;158;203;163m[48;2;142;154;144m▄[38;2;158;203;163m[48;2;144;156;146m▄[38;2;159;203;163m[48;2;148;158;148m▄[38;2;159;203;162m[48;2;148;160;148m▄[38;2;159;202;163m[48;2;150;160;150m▄[38;2;159;203;163m[48;2;150;160;150m▄[38;2;159;203;163m[48;2;148;160;150m▄[38;2;159;204;163m[48;2;148;160;148m▄[38;2;160;205;164m[48;2;146;160;148m▄[38;2;160;205;165m[48;2;142;156;144m▄[38;2;162;208;168m[48;2;141;154;142m▄[38;2;145;187;150m[48;2;142;154;144m▄[38;2;109;110;110m[48;2;168;168;168m▄[38;2;139;166;142m[48;2;150;158;152m▄[38;2;164;211;169m[48;2;142;154;144m▄[38;2;159;203;163m[48;2;142;154;144m▄[38;2;159;203;163m[48;2;146;156;146m▄[38;2;159;203;163m[48;2;150;162;152m▄[38;2;159;203;163m[48;2;154;164;154m▄[38;2;160;204;164m[48;2;154;166;156m▄[38;2;160;204;164m[48;2;156;168;158m▄[38;2;160;204;164m[48;2;160;169;160m▄[38;2;160;204;164m[48;2;162;169;162m▄[38;2;160;203;164m[48;2;162;171;162m▄[38;2;160;203;164m[48;2;162;171;162m▄[38;2;160;204;165m[48;2;162;171;164m▄[38;2;160;204;164m[48;2;162;171;162m▄[38;2;161;205;165m[48;2;160;171;160m▄[38;2;160;205;165m[48;2;156;168;158m▄[38;2;160;204;164m[48;2;152;164;154m▄[38;2;167;215;174m[48;2;154;166;156m▄[38;2;128;154;132m[48;2;162;169;164m▄[38;2;123;121;123m[48;2;185;183;185m▄[38;2;139;176;142m[48;2;150;158;152m▄[38;2;163;208;167m[48;2;154;164;154m▄[38;2;159;202;163m[48;2;154;164;154m▄[38;2;160;204;165m[48;2;160;168;160m▄[38;2;154;200;157m[48;2;156;164;156m▄[38;2;121;123;138m[48;2;160;156;168m▄[38;2;162;140;197m[48;2;171;166;179m▄[38;2;160;143;194m[48;2;171;168;179m▄[38;2;162;143;196m[48;2;175;169;183m▄[38;2;152;137;181m[48;2;168;169;169m▄[38;2;138;160;145m[48;2;175;191;171m▄[38;2;159;206;160m[48;2;175;183;175m▄[38;2;163;208;168m[48;2;173;179;173m▄[38;2;161;204;165m[48;2;171;179;171m▄[38;2;161;205;166m[48;2;169;179;169m▄[38;2;160;204;165m[48;2;166;175;168m▄[38;2;160;204;164m[48;2;162;171;164m▄[38;2;156;202;162m[48;2;164;175;166m▄[38;2;153;167;154m[48;2;197;200;197m▄[0m
[38;2;254;254;254m[48;2;254;254;254m▄[38;2;142;152;142m[48;2;143;151;142m▄[38;2;145;190;149m[48;2;143;188;147m▄[38;2;155;201;159m[48;2;158;204;161m▄[38;2;155;200;159m[48;2;156;202;160m▄[38;2;154;199;159m[48;2;156;202;160m▄[38;2;156;203;160m[48;2;156;202;160m▄[38;2;159;207;163m[48;2;156;202;160m▄[38;2;159;208;161m[48;2;156;202;160m▄[38;2;144;187;146m[48;2;158;205;162m▄[38;2;138;168;146m[48;2;159;209;162m▄[38;2;138;168;145m[48;2;159;209;162m▄[38;2;144;185;147m[48;2;159;206;163m▄[38;2;158;205;162m[48;2;156;202;161m▄[38;2;155;199;159m[48;2;156;202;160m▄[38;2;155;200;159m[48;2;156;202;160m▄[38;2;155;200;159m[48;2;156;202;160m▄[38;2;154;199;158m[48;2;156;202;160m▄[38;2;158;204;162m[48;2;159;206;163m▄[38;2;137;178;141m[48;2;138;181;144m▄[38;2;102;104;101m[48;2;100;100;100m▄[38;2;126;128;139m[48;2;134;166;135m▄[38;2;150;156;170m[48;2;162;216;163m▄[38;2;145;155;163m[48;2;156;207;158m▄[38;2;144;157;160m[48;2;157;207;158m▄[38;2;140;148;156m[48;2;156;207;158m▄[38;2;139;145;158m[48;2;155;206;157m▄[38;2;143;147;164m[48;2;154;204;156m▄[38;2;138;143;159m[48;2;156;206;158m▄[38;2;113;132;122m[48;2;161;210;164m▄[38;2;129;162;134m[48;2;161;209;164m▄[38;2;137;169;144m[48;2;160;209;163m▄[38;2;147;188;151m[48;2;159;206;163m▄[38;2;159;206;162m[48;2;156;202;161m▄[38;2;154;199;158m[48;2;156;202;160m▄[38;2;155;200;159m[48;2;156;202;160m▄[38;2;155;200;159m[48;2;156;202;160m▄[38;2;155;200;159m[48;2;156;202;160m▄[38;2;161;210;165m[48;2;163;213;168m▄[38;2;124;148;125m[48;2;123;146;125m▄[38;2;119;114;121m[48;2;109;109;108m▄[38;2;130;135;150m[48;2;135;180;136m▄[38;2;146;156;164m[48;2;160;213;162m▄[38;2;145;159;162m[48;2;157;208;158m▄[38;2;142;155;157m[48;2;157;208;158m▄[38;2;141;150;157m[48;2;163;217;163m▄[38;2;129;135;146m[48;2;120;153;123m▄[38;2;132;118;161m[48;2;140;120;171m▄[38;2;162;142;197m[48;2;158;139;194m▄[38;2;154;136;188m[48;2;155;137;190m▄[38;2;155;138;190m[48;2;158;138;194m▄[38;2;144;125;177m[48;2;146;125;179m▄[38;2;117;111;138m[48;2;132;137;150m▄[38;2;134;163;139m[48;2;149;192;154m▄[38;2;158;206;161m[48;2;158;205;161m▄[38;2;155;200;159m[48;2;156;202;160m▄[38;2;155;200;159m[48;2;156;202;160m▄[38;2;155;200;159m[48;2;157;203;161m▄[38;2;147;195;152m[48;2;149;199;155m▄[38;2;154;168;157m[48;2;147;161;150m▄[0m
[38;2;254;254;254m[48;2;254;254;254m▄[38;2;137;150;138m[48;2;138;150;139m▄[38;2;147;194;152m[48;2;146;193;151m▄[38;2;155;201;159m[48;2;155;201;159m▄[38;2;156;201;160m[48;2;154;199;158m▄[38;2;149;197;151m[48;2;158;204;161m▄[38;2;128;130;148m[48;2;147;187;151m▄[38;2;132;113;163m[48;2;132;167;136m▄[38;2;137;118;169m[48;2;130;154;137m▄[38;2;159;138;196m[48;2;137;126;164m▄[38;2;156;138;191m[48;2;146;125;181m▄[38;2;163;140;201m[48;2;149;128;184m▄[38;2;124;106;152m[48;2;121;109;147m▄[38;2;122;157;125m[48;2;128;162;132m▄[38;2;161;208;164m[48;2;160;208;164m▄[38;2;155;200;159m[48;2;155;200;159m▄[38;2;154;199;158m[48;2;155;200;159m▄[38;2;155;200;159m[48;2;155;200;159m▄[38;2;158;205;163m[48;2;158;205;163m▄[38;2;135;175;138m[48;2;135;175;138m▄[38;2;103;104;103m[48;2;101;104;100m▄[38;2;121;137;128m[48;2;130;109;156m▄[38;2;141;162;155m[48;2;158;128;199m▄[38;2;134;145;150m[48;2;154;126;193m▄[38;2;136;138;155m[48;2;156;128;195m▄[38;2;138;133;163m[48;2;157;131;196m▄[38;2;141;126;172m[48;2;158;134;195m▄[38;2;150;132;183m[48;2;157;134;194m▄[38;2;151;133;184m[48;2;149;127;184m▄[38;2;153;134;187m[48;2;134;116;163m▄[38;2;152;134;185m[48;2;135;116;165m▄[38;2;155;133;191m[48;2;134;115;164m▄[38;2;85;70;106m[48;2;98;89;119m▄[38;2;108;141;111m[48;2;122;155;126m▄[38;2;163;211;167m[48;2;161;209;165m▄[38;2;155;200;159m[48;2;155;200;159m▄[38;2;155;200;159m[48;2;155;200;159m▄[38;2;155;200;159m[48;2;155;200;159m▄[38;2;160;208;164m[48;2;160;209;165m▄[38;2;126;148;128m[48;2;122;147;123m▄[38;2;119;117;121m[48;2;132;124;138m▄[38;2;124;143;137m[48;2;144;116;181m▄[38;2;137;150;153m[48;2;154;126;193m▄[38;2;134;139;152m[48;2;155;127;194m▄[38;2;138;136;162m[48;2;156;129;195m▄[38;2;139;128;166m[48;2;158;132;195m▄[38;2;148;130;181m[48;2;158;136;196m▄[38;2;147;130;179m[48;2;117;103;143m▄[38;2;122;108;149m[48;2;135;120;165m▄[38;2;126;111;153m[48;2;157;138;192m▄[38;2;133;117;160m[48;2;158;138;193m▄[38;2;110;92;138m[48;2;158;135;194m▄[38;2;65;73;71m[48;2;98;106;109m▄[38;2;154;200;156m[48;2;152;201;152m▄[38;2;156;201;160m[48;2;155;201;160m▄[38;2;155;200;159m[48;2;155;200;159m▄[38;2;154;199;158m[48;2;155;200;159m▄[38;2;154;200;159m[48;2;155;200;159m▄[38;2;146;192;150m[48;2;147;193;151m▄[38;2;165;176;164m[48;2;161;173;161m▄[0m
[38;2;254;254;254m[48;2;254;254;254m▄[38;2;150;160;149m[48;2;146;158;147m▄[38;2;141;189;146m[48;2;145;191;150m▄[38;2;158;206;162m[48;2;155;201;159m▄[38;2;152;201;155m[48;2;160;208;163m▄[38;2;133;140;152m[48;2;134;172;137m▄[38;2;155;130;193m[48;2;132;114;161m▄[38;2;155;136;191m[48;2;162;142;199m▄[38;2;157;136;193m[48;2;156;138;191m▄[38;2;143;124;176m[48;2;157;138;191m▄[38;2;120;132;135m[48;2;153;129;189m▄[38;2;146;195;148m[48;2;135;128;160m▄[38;2;160;211;163m[48;2;140;174;147m▄[38;2;156;203;161m[48;2;157;204;159m▄[38;2;155;203;159m[48;2;155;200;159m▄[38;2;155;203;159m[48;2;155;200;159m▄[38;2;155;204;159m[48;2;155;200;159m▄[38;2;155;203;158m[48;2;155;200;159m▄[38;2;157;207;161m[48;2;158;204;162m▄[38;2;140;185;143m[48;2;138;178;142m▄[38;2;107;109;107m[48;2;108;108;108m▄[38;2;139;171;142m[48;2;136;171;138m▄[38;2;163;213;167m[48;2;162;215;164m▄[38;2;158;206;162m[48;2;154;204;156m▄[38;2;155;206;158m[48;2;156;207;157m▄[38;2;136;147;151m[48;2;133;175;133m▄[38;2;156;131;193m[48;2;124;111;149m▄[38;2;158;138;195m[48;2;151;132;186m▄[38;2;160;140;197m[48;2;139;123;170m▄[38;2;150;130;185m[48;2;135;119;164m▄[38;2;126;133;142m[48;2;133;113;165m▄[38;2;148;194;151m[48;2;118;110;141m▄[38;2;163;214;166m[48;2;132;164;138m▄[38;2;157;205;161m[48;2;159;206;161m▄[38;2;156;204;161m[48;2;155;200;159m▄[38;2;157;205;161m[48;2;155;200;159m▄[38;2;156;206;160m[48;2;155;200;159m▄[38;2;156;205;160m[48;2;155;200;159m▄[38;2;163;216;169m[48;2;160;209;165m▄[38;2;124;152;126m[48;2;128;150;130m▄[38;2;118;118;117m[48;2;118;120;118m▄[38;2;139;182;141m[48;2;139;186;140m▄[38;2;162;211;166m[48;2;159;210;160m▄[38;2;160;210;164m[48;2;153;202;154m▄[38;2;145;185;150m[48;2;153;206;152m▄[38;2;143;129;171m[48;2;115;130;125m▄[38;2;161;139;200m[48;2;144;121;177m▄[38;2;158;139;195m[48;2;146;129;178m▄[38;2;160;139;198m[48;2;139;123;168m▄[38;2;136;124;165m[48;2;135;118;165m▄[38;2;132;159;142m[48;2;123;104;152m▄[38;2;160;212;162m[48;2;117;126;133m▄[38;2;161;211;165m[48;2;147;190;150m▄[38;2;157;205;161m[48;2;158;204;162m▄[38;2;157;205;162m[48;2;155;200;159m▄[38;2;158;206;162m[48;2;155;200;159m▄[38;2;157;206;161m[48;2;155;200;159m▄[38;2;157;207;162m[48;2;155;200;159m▄[38;2;151;203;156m[48;2;147;194;151m▄[38;2;148;164;149m[48;2;161;174;162m▄[0m
[38;2;254;254;254m[48;2;254;254;254m▄[38;2;156;162;156m[48;2;167;170;166m▄[38;2;132;167;135m[48;2;119;137;121m▄[38;2;144;180;148m[48;2;129;149;131m▄[38;2;145;181;149m[48;2;120;133;123m▄[38;2;148;188;149m[48;2;127;118;141m▄[38;2;132;172;133m[48;2;132;123;148m▄[38;2;114;110;131m[48;2;132;123;148m▄[38;2;149;132;177m[48;2;133;124;149m▄[38;2;148;133;175m[48;2;110;111;118m▄[38;2;148;127;178m[48;2;125;148;125m▄[38;2;132;120;154m[48;2;134;158;136m▄[38;2;131;158;134m[48;2;135;157;137m▄[38;2;151;191;150m[48;2;133;153;136m▄[38;2;137;172;137m[48;2;136;156;137m▄[38;2;117;127;127m[48;2;137;160;137m▄[38;2;134;116;160m[48;2;132;151;133m▄[38;2;148;127;178m[48;2;134;151;137m▄[38;2;149;128;179m[48;2;133;150;135m▄[38;2;137;114;166m[48;2;130;146;133m▄[38;2;95;91;98m[48;2;149;150;149m▄[38;2;124;149;125m[48;2;123;139;124m▄[38;2;150;190;154m[48;2;130;155;133m▄[38;2;145;182;149m[48;2;130;154;132m▄[38;2;147;185;151m[48;2;121;141;124m▄[38;2;151;198;153m[48;2;122;116;136m▄[38;2;113;136;118m[48;2;131;121;148m▄[38;2;136;118;162m[48;2;131;123;148m▄[38;2;148;134;176m[48;2;132;123;150m▄[38;2;150;135;178m[48;2;114;114;125m▄[38;2;146;125;176m[48;2;125;150;125m▄[38;2;126;133;138m[48;2;140;169;141m▄[38;2;144;183;145m[48;2;138;163;140m▄[38;2;146;189;148m[48;2;136;161;139m▄[38;2;124;150;128m[48;2;141;169;142m▄[38;2;122;115;142m[48;2;131;157;132m▄[38;2;146;125;178m[48;2;133;153;136m▄[38;2;147;128;178m[48;2;134;154;137m▄[38;2;153;129;188m[48;2;137;158;141m▄[38;2;124;110;142m[48;2;136;148;138m▄[38;2;128;134;126m[48;2;149;148;148m▄[38;2;132;165;134m[48;2;113;133;115m▄[38;2;141;178;145m[48;2;127;151;129m▄[38;2;140;175;144m[48;2;125;149;126m▄[38;2;144;182;147m[48;2;114;118;121m▄[38;2;135;177;134m[48;2;126;112;145m▄[38;2;108;108;121m[48;2;128;117;147m▄[38;2;145;127;174m[48;2;130;120;148m▄[38;2;143;129;170m[48;2;122;112;140m▄[38;2;149;130;179m[48;2;109;121;114m▄[38;2;133;116;158m[48;2;134;164;134m▄[38;2;124;146;128m[48;2;136;164;138m▄[38;2;146;186;146m[48;2;133;157;136m▄[38;2;136;172;135m[48;2;135;160;137m▄[38;2;114;128;122m[48;2;136;164;138m▄[38;2;127;111;152m[48;2;128;152;129m▄[38;2;144;124;174m[48;2;131;153;134m▄[38;2;144;124;173m[48;2;129;151;132m▄[38;2;133;110;164m[48;2;127;149;131m▄[38;2;149;145;155m[48;2;170;177;170m▄[0m
[38;2;254;254;254m[48;2;254;254;254m▄[38;2;148;151;151m[48;2;147;158;146m▄[38;2;136;156;148m[48;2;146;197;147m▄[38;2;147;171;157m[48;2;160;211;162m▄[38;2;146;174;156m[48;2;159;209;161m▄[38;2;143;169;152m[48;2;159;210;162m▄[38;2;145;169;154m[48;2;162;218;163m▄[38;2;123;138;134m[48;2;116;137;124m▄[38;2;139;122;170m[48;2;149;126;185m▄[38;2;161;141;196m[48;2;157;138;193m▄[38;2;149;131;182m[48;2;158;139;194m▄[38;2;126;111;154m[48;2;161;139;199m▄[38;2;145;127;178m[48;2;131;120;157m▄[38;2;150;128;186m[48;2;122;139;134m▄[38;2;158;137;194m[48;2;134;130;158m▄[38;2;159;139;195m[48;2;150;129;185m▄[38;2;158;139;193m[48;2;158;139;195m▄[38;2;150;126;186m[48;2;158;138;194m▄[38;2;126;135;139m[48;2;156;134;192m▄[38;2;140;187;141m[48;2;125;130;142m▄[38;2;91;94;91m[48;2;81;82;80m▄[38;2;124;137;134m[48;2;131;167;132m▄[38;2;151;175;163m[48;2;165;219;167m▄[38;2;146;173;156m[48;2;158;209;161m▄[38;2;145;173;154m[48;2;158;209;161m▄[38;2;141;166;152m[48;2;162;214;164m▄[38;2;139;164;150m[48;2;140;188;139m▄[38;2;120;119;140m[48;2;122;114;145m▄[38;2;160;138;196m[48;2;161;140;198m▄[38;2;159;140;195m[48;2;155;136;190m▄[38;2;127;112;155m[48;2;161;142;198m▄[38;2;134;119;163m[48;2;149;128;183m▄[38;2;151;130;186m[48;2;120;123;137m▄[38;2;159;136;196m[48;2;128;137;146m▄[38;2;160;140;195m[48;2;142;123;173m▄[38;2;158;139;194m[48;2;158;136;194m▄[38;2;159;137;196m[48;2;156;138;191m▄[38;2;130;114;156m[48;2;158;136;195m▄[38;2;141;183;144m[48;2;147;138;174m▄[38;2;133;163;134m[48;2;116;128;123m▄[38;2;133;128;139m[48;2;119;126;117m▄[38;2;138;145;157m[48;2;145;196;145m▄[38;2;145;157;161m[48;2;159;212;161m▄[38;2;145;161;160m[48;2;158;210;160m▄[38;2;141;155;156m[48;2;158;210;160m▄[38;2;142;153;158m[48;2;163;219;163m▄[38;2;127;134;143m[48;2;117;147;122m▄[38;2;135;120;165m[48;2;143;122;176m▄[38;2;162;142;198m[48;2;158;139;195m▄[38;2;144;127;175m[48;2;158;139;194m▄[38;2;116;103;142m[48;2;164;143;202m▄[38;2;127;112;156m[48;2;139;124;168m▄[38;2;142;121;176m[48;2;123;137;136m▄[38;2;149;129;183m[48;2;135;134;157m▄[38;2;144;128;176m[48;2;150;129;185m▄[38;2;140;124;170m[48;2;161;141;199m▄[38;2;141;122;172m[48;2;160;140;196m▄[38;2;119;114;137m[48;2;157;136;193m▄[38;2;122;158;127m[48;2;128;135;148m▄[38;2;159;168;160m[48;2;145;154;146m▄[0m
[38;2;254;254;251m[48;2;254;254;251m▄[38;2;147;149;155m[48;2;164;154;178m▄[38;2;131;136;152m[48;2;149;120;190m▄[38;2;137;134;160m[48;2;155;128;192m▄[38;2;139;129;165m[48;2;154;130;190m▄[38;2;144;129;174m[48;2;152;129;188m▄[38;2;148;131;180m[48;2;152;129;188m▄[38;2;155;137;189m[48;2;149;128;184m▄[38;2;140;124;171m[48;2;115;102;141m▄[38;2;125;111;153m[48;2;154;136;188m▄[38;2;111;100;135m[48;2;113;99;137m▄[38;2;118;104;145m[48;2;135;120;164m▄[38;2;132;113;163m[48;2;164;144;200m▄[38;2;135;128;159m[48;2;159;136;195m▄[38;2;137;150;153m[48;2;155;132;192m▄[38;2;136;173;139m[48;2;129;115;157m▄[38;2;133;165;139m[48;2;134;115;165m▄[38;2;150;194;153m[48;2;131;131;153m▄[38;2;161;210;165m[48;2;147;194;149m▄[38;2;140;179;142m[48;2;143;185;146m▄[38;2;96;98;97m[48;2;96;98;97m▄[38;2;125;128;142m[48;2;142;117;174m▄[38;2;140;142;163m[48;2;158;130;198m▄[38;2;137;131;162m[48;2;154;129;191m▄[38;2;141;129;170m[48;2;153;130;189m▄[38;2;146;130;177m[48;2;152;129;188m▄[38;2;151;133;184m[48;2;156;133;193m▄[38;2;157;138;191m[48;2;131;113;160m▄[38;2;112;99;136m[48;2;122;108;148m▄[38;2;119;106;145m[48;2;131;117;160m▄[38;2;166;145;202m[48;2;107;95;130m▄[38;2;160;140;194m[48;2;133;119;163m▄[38;2;153;134;186m[48;2;131;116;159m▄[38;2;148;130;181m[48;2;133;117;163m▄[38;2;139;124;169m[48;2;140;125;170m▄[38;2;118;122;134m[48;2;122;115;146m▄[38;2;124;153;130m[48;2;142;128;172m▄[38;2;153;206;153m[48;2;132;161;139m▄[38;2;161;214;164m[48;2;161;213;163m▄[38;2;138;160;138m[48;2;131;155;130m▄[38;2;128;127;133m[48;2;157;143;172m▄[38;2;128;145;142m[48;2;150;120;192m▄[38;2;135;145;152m[48;2;155;125;193m▄[38;2;135;137;155m[48;2;155;127;194m▄[38;2;139;134;164m[48;2;156;129;194m▄[38;2;141;127;171m[48;2;157;133;194m▄[38;2;153;134;187m[48;2;157;135;194m▄[38;2;136;120;165m[48;2;115;101;139m▄[38;2;106;95;129m[48;2;117;105;143m▄[38;2;140;124;171m[48;2;137;121;168m▄[38;2;156;137;190m[48;2;136;121;166m▄[38;2;150;132;183m[48;2;150;132;182m▄[38;2;140;124;171m[48;2;155;136;188m▄[38;2;153;135;187m[48;2;150;133;183m▄[38;2;155;137;190m[48;2;147;130;180m▄[38;2;152;134;185m[48;2;146;129;178m▄[38;2;145;128;175m[48;2;146;129;178m▄[38;2;147;140;175m[48;2;147;129;181m▄[38;2;135;132;160m[48;2;135;113;170m▄[38;2;169;170;172m[48;2;165;163;170m▄[0m
[38;2;254;254;254m[48;2;254;254;254m▄[38;2;153;165;153m[48;2;143;157;143m▄[38;2;143;193;148m[48;2;144;195;146m▄[38;2;157;207;162m[48;2;150;198;151m▄[38;2;158;210;160m[48;2;150;196;152m▄[38;2;135;153;148m[48;2;128;162;130m▄[38;2;153;128;190m[48;2;122;109;148m▄[38;2;158;138;195m[48;2;148;130;181m▄[38;2;157;137;194m[48;2;144;127;176m▄[38;2;149;129;185m[48;2;135;119;164m▄[38;2;125;124;146m[48;2;129;111;160m▄[38;2;143;184;149m[48;2;108;97;131m▄[38;2;163;216;166m[48;2;115;141;122m▄[38;2;158;207;162m[48;2;147;195;150m▄[38;2;156;204;160m[48;2;156;205;158m▄[38;2;155;204;160m[48;2;159;206;162m▄[38;2;155;204;159m[48;2;158;206;162m▄[38;2;155;203;159m[48;2;156;202;160m▄[38;2;157;207;163m[48;2;158;204;162m▄[38;2;143;188;148m[48;2;142;182;146m▄[38;2;93;95;93m[48;2;94;96;94m▄[38;2;131;165;134m[48;2;129;166;129m▄[38;2;161;212;166m[48;2;158;209;159m▄[38;2;157;209;161m[48;2;147;194;149m▄[38;2;143;186;148m[48;2;146;194;147m▄[38;2;138;127;165m[48;2;114;123;126m▄[38;2;158;135;197m[48;2;142;121;176m▄[38;2;155;135;192m[48;2;145;128;178m▄[38;2;155;134;193m[48;2;140;124;171m▄[38;2;134;120;163m[48;2;119;105;145m▄[38;2;113;134;123m[48;2;111;94;136m▄[38;2;133;150;149m[48;2;134;113;165m▄[38;2;140;141;164m[48;2;157;135;194m▄[38;2;141;134;168m[48;2;157;137;193m▄[38;2;145;132;175m[48;2;159;139;195m▄[38;2;150;132;184m[48;2;158;136;194m▄[38;2;155;134;192m[48;2;144;129;175m▄[38;2;154;131;194m[48;2;129;130;150m▄[38;2;149;125;189m[48;2;135;162;145m▄[38;2;117;106;135m[48;2;129;148;132m▄[38;2;128;138;125m[48;2;124;132;125m▄[38;2;143;191;147m[48;2;145;196;147m▄[38;2;155;205;160m[48;2;155;206;157m▄[38;2;157;208;160m[48;2;153;202;155m▄[38;2;136;167;144m[48;2;141;190;140m▄[38;2;144;124;177m[48;2;117;113;135m▄[38;2;158;137;195m[48;2;150;130;185m▄[38;2;157;136;193m[48;2;146;129;178m▄[38;2;160;137;198m[48;2;131;116;159m▄[38;2;127;120;152m[48;2;110;96;135m▄[38;2;119;142;130m[48;2;111;92;136m▄[38;2;141;151;160m[48;2;129;109;159m▄[38;2;143;141;168m[48;2;117;101;144m▄[38;2;141;133;169m[48;2;143;125;176m▄[38;2;147;133;179m[48;2;142;125;173m▄[38;2;154;134;189m[48;2;140;124;170m▄[38;2;158;136;196m[48;2;136;119;163m▄[38;2;157;132;195m[48;2;123;130;140m▄[38;2;131;111;167m[48;2;118;151;125m▄[38;2;149;148;155m[48;2;166;175;165m▄[0m
[38;2;254;254;254m[48;2;254;254;254m▄[38;2;179;180;180m[48;2;171;177;170m▄[38;2;149;162;175m[48;2;132;158;131m▄[38;2;171;188;201m[48;2;141;168;140m▄[38;2;168;185;200m[48;2;128;148;126m▄[38;2;167;187;196m[48;2;127;113;141m▄[38;2;164;186;193m[48;2;139;122;157m▄[38;2;166;186;194m[48;2;136;121;153m▄[38;2;165;186;193m[48;2;138;121;156m▄[38;2;167;188;197m[48;2;112;107;121m▄[38;2;168;185;199m[48;2;124;151;120m▄[38;2;164;181;195m[48;2;142;172;140m▄[38;2;164;181;195m[48;2;138;165;137m▄[38;2;165;181;196m[48;2;139;165;138m▄[38;2;165;181;195m[48;2;140;166;139m▄[38;2;166;182;195m[48;2;141;167;140m▄[38;2;167;183;196m[48;2;142;167;141m▄[38;2;169;184;198m[48;2;142;167;141m▄[38;2;171;187;201m[48;2;143;168;142m▄[38;2;171;188;201m[48;2;135;159;134m▄[38;2;182;201;211m[48;2;128;127;123m▄[38;2;176;193;206m[48;2;133;149;130m▄[38;2;174;190;205m[48;2;150;175;148m▄[38;2;175;192;206m[48;2;145;171;142m▄[38;2;176;193;205m[48;2;131;132;135m▄[38;2;174;194;200m[48;2;145;127;163m▄[38;2;173;193;199m[48;2;145;130;160m▄[38;2;173;193;198m[48;2;145;131;162m▄[38;2;172;191;196m[48;2;135;120;149m▄[38;2;174;192;201m[48;2;119;131;119m▄[38;2;171;186;199m[48;2;150;181;146m▄[38;2;171;185;197m[48;2;149;179;145m▄[38;2;172;186;198m[48;2;143;171;139m▄[38;2;173;189;200m[48;2;140;164;137m▄[38;2;174;191;201m[48;2;140;159;139m▄[38;2;175;193;200m[48;2;138;148;142m▄[38;2;175;194;199m[48;2;138;130;148m▄[38;2;176;195;201m[48;2;158;142;176m▄[38;2;177;196;202m[48;2;165;148;186m▄[38;2;181;199;208m[48;2;152;141;161m▄[38;2;179;197;207m[48;2;151;154;144m▄[38;2;173;188;200m[48;2;140;167;138m▄[38;2;174;189;202m[48;2;153;181;151m▄[38;2;177;194;208m[48;2;144;171;141m▄[38;2;175;196;207m[48;2;133;126;144m▄[38;2;167;191;198m[48;2;150;132;169m▄[38;2;169;192;200m[48;2;146;131;164m▄[38;2;172;196;204m[48;2;147;132;167m▄[38;2;173;198;206m[48;2;127;117;142m▄[38;2;177;198;211m[48;2;126;148;124m▄[38;2;172;191;206m[48;2;152;187;149m▄[38;2;174;191;206m[48;2;147;180;143m▄[38;2;173;190;204m[48;2;142;173;139m▄[38;2;176;194;206m[48;2;140;167;138m▄[38;2;161;178;192m[48;2;141;162;142m▄[38;2;133;134;107m[48;2;143;153;154m▄[38;2;206;203;115m[48;2;137;130;163m▄[38;2;217;215;132m[48;2;147;133;178m▄[38;2;182;181;119m[48;2;142;130;173m▄[38;2;189;189;180m[48;2;183;181;188m▄[0m
[38;2;254;254;254m[48;2;254;254;254m▄[38;2;157;158;158m[48;2;159;162;162m▄[38;2;187;190;191m[48;2;161;193;212m▄[38;2;222;222;221m[48;2;194;227;244m▄[38;2;192;196;196m[48;2;188;223;243m▄[38;2;179;191;196m[48;2;204;243;255m▄[38;2;170;194;207m[48;2;210;247;255m▄[38;2;203;237;253m[48;2;205;240;255m▄[38;2;200;233;252m[48;2;205;241;255m▄[38;2;200;233;252m[48;2;205;241;255m▄[38;2;200;233;252m[48;2;205;241;255m▄[38;2;200;233;252m[48;2;205;241;255m▄[38;2;204;238;253m[48;2;204;240;255m▄[38;2;177;204;223m[48;2;209;245;255m▄[38;2;151;165;187m[48;2;213;252;255m▄[38;2;168;191;211m[48;2;212;250;255m▄[38;2;168;192;206m[48;2;212;250;255m▄[38;2;129;138;155m[48;2;210;248;255m▄[38;2;132;129;142m[48;2;199;234;251m▄[38;2;145;146;155m[48;2;202;237;255m▄[38;2;149;150;159m[48;2;199;234;253m▄[38;2;157;155;162m[48;2;201;234;250m▄[38;2;164;160;166m[48;2;202;231;245m▄[38;2;167;165;169m[48;2;196;225;240m▄[38;2;166;168;173m[48;2;199;233;251m▄[38;2;173;175;180m[48;2;197;231;250m▄[38;2;180;182;187m[48;2;197;232;251m▄[38;2;186;187;188m[48;2;193;229;249m▄[38;2;162;183;191m[48;2;205;242;255m▄[38;2;210;247;255m[48;2;203;239;255m▄[38;2;208;244;255m[48;2;203;239;255m▄[38;2;207;243;255m[48;2;203;239;255m▄[38;2;209;245;255m[48;2;203;238;255m▄[38;2;203;238;255m[48;2;203;239;255m▄[38;2;181;206;226m[48;2;207;245;255m▄[38;2;169;192;211m[48;2;209;247;255m▄[38;2;168;191;210m[48;2;209;247;255m▄[38;2;170;194;212m[48;2;209;247;255m▄[38;2;160;176;199m[48;2;209;248;255m▄[38;2;154;170;191m[48;2;209;248;255m▄[38;2;164;183;202m[48;2;209;247;255m▄[38;2;159;179;198m[48;2;211;249;255m▄[38;2;151;170;187m[48;2;209;248;255m▄[38;2;130;132;140m[48;2;190;220;233m▄[38;2;161;153;161m[48;2;195;215;223m▄[38;2;162;153;163m[48;2;204;220;225m▄[38;2;224;219;214m[48;2;195;211;220m▄[38;2;237;232;226m[48;2;187;208;218m▄[38;2;234;229;224m[48;2;186;208;220m▄[38;2;219;215;211m[48;2;187;215;231m▄[38;2;222;217;213m[48;2;192;221;238m▄[38;2;169;170;169m[48;2;195;229;248m▄[38;2;161;185;196m[48;2;206;243;255m▄[38;2;206;241;254m[48;2;205;240;255m▄[38;2;203;237;255m[48;2;186;217;236m▄[38;2;211;246;255m[48;2;169;195;203m▄[38;2;174;205;230m[48;2;169;178;136m▄[38;2;164;192;212m[48;2;198;195;100m▄[38;2;146;168;174m[48;2;182;177;80m▄[38;2;170;170;168m[48;2;150;150;139m▄[0m
[38;2;254;254;253m[48;2;254;254;254m▄[38;2;158;166;168m[48;2;159;158;157m▄[38;2;176;208;227m[48;2;189;191;191m▄[38;2;190;223;242m[48;2;208;212;213m▄[38;2;187;219;237m[48;2;214;216;215m▄[38;2;192;226;246m[48;2;190;192;194m▄[38;2;206;241;255m[48;2;151;169;177m▄[38;2;202;235;254m[48;2;202;236;252m▄[38;2;202;235;254m[48;2;200;233;252m▄[38;2;203;237;254m[48;2;200;233;252m▄[38;2;171;194;213m[48;2;206;242;255m▄[38;2;153;168;191m[48;2;207;244;255m▄[38;2;142;159;179m[48;2;213;251;255m▄[38;2;141;146;173m[48;2;185;216;229m▄[38;2;132;133;162m[48;2;116;119;139m▄[38;2;96;87;115m[48;2;109;111;131m▄[38;2;83;75;98m[48;2;146;160;175m▄[38;2;119;122;145m[48;2;109;112;132m▄[38;2;138;140;169m[48;2;92;89;112m▄[38;2;101;92;122m[48;2;97;92;109m▄[38;2;92;83;110m[48;2;161;158;164m▄[38;2;89;83;107m[48;2;120;116;131m▄[38;2;110;107;134m[48;2;80;76;101m▄[38;2;101;91;121m[48;2;93;87;108m▄[38;2;107;99;130m[48;2;130;128;135m▄[38;2;138;148;172m[48;2;133;132;145m▄[38;2;190;223;233m[48;2;130;131;151m▄[38;2;173;199;213m[48;2;141;147;160m▄[38;2;119;118;142m[48;2;155;172;185m▄[38;2;104;106;125m[48;2;172;196;213m▄[38;2;136;150;165m[48;2;160;181;199m▄[38;2;148;164;182m[48;2;156;173;192m▄[38;2;112;116;135m[48;2;155;172;188m▄[38;2;137;147;166m[48;2;123;128;150m▄[38;2;172;198;211m[48;2;101;100;123m▄[38;2;144;156;180m[48;2;123;131;149m▄[38;2;105;97;131m[48;2;139;152;168m▄[38;2;94;80;117m[48;2;127;136;154m▄[38;2;139;132;172m[48;2;99;100;118m▄[38;2;155;157;189m[48;2;140;157;171m▄[38;2;138;154;173m[48;2;141;153;172m▄[38;2;134;145;169m[48;2;124;132;150m▄[38;2;106;95;131m[48;2;139;152;169m▄[38;2;92;76;113m[48;2;127;136;156m▄[38;2;139;129;172m[48;2;88;88;107m▄[38;2;150;146;182m[48;2;135;154;168m▄[38;2;136;143;170m[48;2;181;206;212m▄[38;2;134;152;173m[48;2;194;211;218m▄[38;2;143;157;181m[48;2;194;210;216m▄[38;2;175;204;223m[48;2;191;208;217m▄[38;2;210;247;255m[48;2;182;199;209m▄[38;2;209;245;255m[48;2;179;203;216m▄[38;2;207;241;255m[48;2;192;224;240m▄[38;2;205;239;255m[48;2;202;235;253m▄[38;2;205;239;255m[48;2;200;233;252m▄[38;2;206;239;255m[48;2;200;232;252m▄[38;2;206;240;255m[48;2;202;236;255m▄[38;2;213;248;255m[48;2;212;248;255m▄[38;2;165;192;209m[48;2;168;198;217m▄[38;2;184;184;183m[48;2;177;178;178m▄[0m
[38;2;249;245;245m[48;2;253;249;245m▄[38;2;125;135;128m[48;2;161;171;177m▄[38;2;127;160;140m[48;2;193;226;250m▄[38;2;129;161;142m[48;2;195;226;249m▄[38;2;129;161;142m[48;2;196;227;250m▄[38;2;129;161;142m[48;2;194;225;248m▄[38;2;129;161;142m[48;2;193;224;247m▄[38;2;129;161;142m[48;2;193;224;247m▄[38;2;130;162;143m[48;2;196;228;249m▄[38;2;133;165;145m[48;2;182;212;232m▄[38;2;94;114;102m[48;2;86;79;104m▄[38;2;104;100;114m[48;2;183;175;183m▄[38;2;150;139;168m[48;2;133;125;141m▄[38;2;106;95;130m[48;2;89;75;108m▄[38;2;136;120;165m[48;2;150;130;184m▄[38;2;165;145;202m[48;2;129;114;157m▄[38;2;158;139;193m[48;2;116;103;140m▄[38;2;154;135;188m[48;2;155;133;188m▄[38;2;154;136;188m[48;2;157;135;191m▄[38;2;155;137;189m[48;2;153;134;187m▄[38;2;156;138;191m[48;2;147;130;178m▄[38;2;155;137;189m[48;2;156;137;190m▄[38;2;158;139;193m[48;2;141;123;173m▄[38;2;156;136;189m[48;2;102;90;122m▄[38;2;157;137;192m[48;2;111;98;131m▄[38;2;121;109;143m[48;2;114;98;133m▄[38;2;125;114;140m[48;2;109;107;124m▄[38;2;75;67;91m[48;2;154;180;191m▄[38;2;125;110;152m[48;2;170;197;206m▄[38;2;154;133;187m[48;2;125;130;153m▄[38;2;156;135;190m[48;2;103;95;126m▄[38;2;145;126;175m[48;2;98;88;117m▄[38;2;154;132;187m[48;2;128;130;156m▄[38;2;146;122;178m[48;2;148;164;183m▄[38;2;142;122;172m[48;2;102;101;121m▄[38;2;141;132;156m[48;2;161;152;169m▄[38;2;155;151;162m[48;2;198;193;204m▄[38;2;162;151;179m[48;2;170;166;178m▄[38;2;124;113;142m[48;2;137;122;159m▄[38;2;27;23;36m[48;2;108;91;134m▄[38;2;162;161;164m[48;2;113;102;125m▄[38;2;223;225;219m[48;2;184;175;193m▄[38;2;188;190;184m[48;2;208;203;215m▄[38;2;255;255;255m[48;2;183;177;191m▄[38;2;225;228;217m[48;2;137;124;158m▄[38;2;113;101;134m[48;2;153;130;189m▄[38;2;160;141;196m[48;2;126;107;152m▄[38;2;138;131;153m[48;2;168;164;169m▄[38;2;89;86;100m[48;2;157;145;160m▄[38;2;112;141;118m[48;2;88;89;112m▄[38;2;133;169;140m[48;2;185;216;231m▄[38;2;130;165;135m[48;2;180;208;227m▄[38;2;130;165;135m[48;2;177;206;225m▄[38;2;130;166;135m[48;2;176;205;223m▄[38;2;130;167;135m[48;2;175;204;222m▄[38;2;130;167;135m[48;2;174;202;220m▄[38;2;130;167;134m[48;2;173;201;218m▄[38;2;136;175;139m[48;2;178;207;218m▄[38;2;93;121;96m[48;2;130;152;165m▄[38;2;205;204;205m[48;2;195;194;192m▄[0m
[38;2;245;238;243m[48;2;240;234;240m▄[38;2;148;166;149m[48;2;139;159;140m▄[38;2;154;202;158m[48;2;157;207;158m▄[38;2;155;200;159m[48;2;157;204;158m▄[38;2;155;200;159m[48;2;157;204;158m▄[38;2;155;200;159m[48;2;157;204;158m▄[38;2;155;200;159m[48;2;157;204;158m▄[38;2;155;199;159m[48;2;157;204;158m▄[38;2;162;210;167m[48;2;156;203;158m▄[38;2;123;161;125m[48;2;165;215;165m▄[38;2;105;95;125m[48;2;136;172;139m▄[38;2;153;133;187m[48;2;105;94;127m▄[38;2;149;130;182m[48;2;120;103;149m▄[38;2;139;121;170m[48;2;127;113;155m▄[38;2;111;99;134m[48;2;61;57;73m▄[38;2;127;112;153m[48;2;91;82;109m▄[38;2;122;108;149m[48;2;143;127;174m▄[38;2;120;106;146m[48;2;153;135;187m▄[38;2;122;108;148m[48;2;156;138;190m▄[38;2;123;109;149m[48;2;157;139;192m▄[38;2;122;108;149m[48;2;158;139;192m▄[38;2;120;106;147m[48;2;157;138;191m▄[38;2;94;84;114m[48;2;152;135;186m▄[38;2;117;105;142m[48;2;117;103;142m▄[38;2;140;121;172m[48;2;85;77;101m▄[38;2;101;103;115m[48;2;79;71;93m▄[38;2;98;114;104m[48;2;163;138;201m▄[38;2;111;99;133m[48;2;166;142;201m▄[38;2;139;120;167m[48;2;153;133;185m▄[38;2;157;137;191m[48;2;156;136;189m▄[38;2;158;138;192m[48;2;155;135;189m▄[38;2;159;138;192m[48;2;158;137;191m▄[38;2;158;138;192m[48;2;155;135;188m▄[38;2;156;136;189m[48;2;156;136;189m▄[38;2;155;134;188m[48;2;160;139;194m▄[38;2;123;108;149m[48;2;156;134;192m▄[38;2;120;106;145m[48;2;149;127;184m▄[38;2;125;112;152m[48;2;154;132;189m▄[38;2;132;116;161m[48;2;119;104;144m▄[38;2;149;131;182m[48;2;82;74;98m▄[38;2;100;89;121m[48;2;84;79;99m▄[38;2;125;110;155m[48;2;89;87;95m▄[38;2;137;120;169m[48;2;98;94;104m▄[38;2;125;109;156m[48;2;150;146;157m▄[38;2;132;115;164m[48;2;135;129;148m▄[38;2;143;125;174m[48;2;118;104;141m▄[38;2;143;126;174m[48;2;128;113;156m▄[38;2;146;129;178m[48;2;109;93;136m▄[38;2;140;120;171m[48;2;102;118;110m▄[38;2;93;110;98m[48;2;163;215;164m▄[38;2;158;207;161m[48;2;161;209;165m▄[38;2;156;202;160m[48;2;159;206;162m▄[38;2;155;200;159m[48;2;159;206;162m▄[38;2;155;200;159m[48;2;159;206;162m▄[38;2;155;200;159m[48;2;159;206;162m▄[38;2;155;200;159m[48;2;159;206;163m▄[38;2;155;200;159m[48;2;159;206;163m▄[38;2;162;209;166m[48;2;167;216;170m▄[38;2;113;148;117m[48;2;115;150;118m▄[38;2;210;209;209m[48;2;211;210;210m▄[0m
[38;2;254;254;254m[48;2;254;253;254m▄[38;2;166;178;167m[48;2;147;162;148m▄[38;2;143;190;147m[48;2;149;196;153m▄[38;2;156;201;160m[48;2;155;200;159m▄[38;2;155;200;159m[48;2;155;200;159m▄[38;2;155;200;159m[48;2;155;200;159m▄[38;2;155;200;159m[48;2;155;200;159m▄[38;2;160;210;164m[48;2;158;204;162m▄[38;2;116;139;123m[48;2;149;194;151m▄[38;2;105;88;128m[48;2;79;80;88m▄[38;2;145;128;176m[48;2;143;121;174m▄[38;2;121;108;146m[48;2;118;105;143m▄[38;2;111;100;134m[48;2;142;127;171m▄[38;2;122;109;147m[48;2;112;103;136m▄[38;2;162;142;198m[48;2;153;135;187m▄[38;2;146;129;179m[48;2;162;144;199m▄[38;2;154;136;188m[48;2;159;140;194m▄[38;2;154;136;188m[48;2;155;137;190m▄[38;2;154;136;188m[48;2;151;134;185m▄[38;2;155;137;189m[48;2;149;131;181m▄[38;2;155;137;189m[48;2;148;130;181m▄[38;2;163;143;199m[48;2;159;139;194m▄[38;2;106;93;127m[48;2;101;90;123m▄[38;2;119;109;138m[48;2;127;112;157m▄[38;2;140;124;170m[48;2;154;135;190m▄[38;2;116;99;142m[48;2;110;97;134m▄[38;2;116;97;145m[48;2;125;135;141m▄[38;2;122;109;148m[48;2;93;115;97m▄[38;2;161;142;196m[48;2;105;95;126m▄[38;2;153;135;187m[48;2;123;108;150m▄[38;2;150;132;183m[48;2;123;108;149m▄[38;2;148;131;181m[48;2;124;109;149m▄[38;2;151;134;185m[48;2;122;108;148m▄[38;2;144;127;176m[48;2;125;110;153m▄[38;2;128;113;155m[48;2;86;76;104m▄[38;2;127;112;154m[48;2;107;95;130m▄[38;2;112;98;141m[48;2;155;137;189m▄[38;2;122;107;151m[48;2;148;130;181m▄[38;2;130;116;155m[48;2;140;123;172m▄[38;2;136;120;164m[48;2;140;123;170m▄[38;2;91;81;110m[48;2;88;79;106m▄[38;2;135;121;162m[48;2;150;131;185m▄[38;2;151;139;171m[48;2;160;140;198m▄[38;2;150;139;172m[48;2;157;138;195m▄[38;2;153;142;173m[48;2;156;136;194m▄[38;2;139;127;163m[48;2;159;140;196m▄[38;2;158;139;194m[48;2;160;141;194m▄[38;2;132;118;162m[48;2;110;99;133m▄[38;2;125;110;151m[48;2;149;130;182m▄[38;2;143;123;174m[48;2;95;78;114m▄[38;2;85;79;99m[48;2;104;129;106m▄[38;2;144;186;147m[48;2;162;210;165m▄[38;2;158;205;162m[48;2;155;200;159m▄[38;2;155;200;159m[48;2;155;200;159m▄[38;2;155;200;159m[48;2;155;200;159m▄[38;2;155;200;159m[48;2;155;200;159m▄[38;2;155;200;159m[48;2;155;200;159m▄[38;2;159;206;163m[48;2;161;208;165m▄[38;2;124;165;128m[48;2;116;154;120m▄[38;2;182;184;182m[48;2;199;199;198m▄[0m
[38;2;254;254;254m[48;2;254;254;254m▄[38;2;192;204;192m[48;2;187;199;187m▄[38;2;147;191;151m[48;2;144;192;148m▄[38;2;158;202;162m[48;2;158;204;162m▄[38;2;160;202;163m[48;2;157;203;161m▄[38;2;160;203;164m[48;2;157;203;161m▄[38;2;164;208;168m[48;2;157;204;162m▄[38;2;145;187;147m[48;2;151;200;153m▄[38;2;128;120;149m[48;2;106;109;121m▄[38;2;139;123;166m[48;2;119;102;148m▄[38;2;140;125;166m[48;2;164;144;202m▄[38;2;121;110;142m[48;2;104;91;126m▄[38;2;159;142;189m[48;2;94;83;113m▄[38;2;130;118;156m[48;2;155;137;189m▄[38;2;141;127;168m[48;2;122;108;151m▄[38;2;167;149;200m[48;2;132;116;161m▄[38;2;162;145;193m[48;2;158;139;193m▄[38;2;162;145;193m[48;2;155;137;190m▄[38;2;161;145;193m[48;2;155;137;190m▄[38;2;161;144;193m[48;2;155;137;190m▄[38;2;161;144;193m[48;2;156;137;190m▄[38;2;156;140;187m[48;2;162;141;199m▄[38;2;112;103;130m[48;2;107;98;124m▄[38;2;154;142;175m[48;2;194;198;189m▄[38;2;145;127;170m[48;2;164;158;171m▄[38;2;127;151;133m[48;2;113;112;132m▄[38;2;126;146;132m[48;2;111;114;127m▄[38;2;157;135;190m[48;2;145;126;179m▄[38;2;158;141;191m[48;2;159;140;194m▄[38;2;158;141;191m[48;2;156;138;191m▄[38;2;159;141;191m[48;2;156;138;191m▄[38;2;159;142;191m[48;2;156;138;191m▄[38;2;159;142;191m[48;2;158;139;193m▄[38;2;161;143;194m[48;2;150;132;183m▄[38;2;163;145;196m[48;2;124;110;153m▄[38;2;105;95;125m[48;2;107;95;129m▄[38;2;150;139;169m[48;2;117;112;128m▄[38;2;164;153;183m[48;2;188;187;189m▄[38;2;152;140;173m[48;2;176;176;174m▄[38;2;134;120;159m[48;2;113;101;137m▄[38;2;100;90;117m[48;2;95;83;117m▄[38;2;120;108;143m[48;2;108;100;122m▄[38;2;151;137;176m[48;2;201;203;197m▄[38;2;148;136;170m[48;2;216;218;213m▄[38;2;149;137;170m[48;2;225;228;221m▄[38;2;143;130;165m[48;2;161;163;161m▄[38;2;141;126;167m[48;2;107;94;132m▄[38;2;114;103;133m[48;2;120;106;146m▄[38;2;139;125;166m[48;2;154;135;189m▄[38;2;124;113;147m[48;2;138;122;169m▄[38;2;144;124;172m[48;2;103;86;127m▄[38;2;115;130;122m[48;2;121;147;127m▄[38;2;165;209;168m[48;2;164;214;167m▄[38;2;160;201;164m[48;2;157;203;161m▄[38;2;160;200;163m[48;2;157;203;161m▄[38;2;160;200;163m[48;2;157;203;161m▄[38;2;160;200;163m[48;2;157;203;161m▄[38;2;164;206;168m[48;2;159;206;163m▄[38;2;136;174;139m[48;2;134;178;138m▄[38;2;206;209;205m[48;2;175;181;174m▄[0m
