[38;2;54;65;83m[48;2;53;63;84m▄[38;2;67;78;99m[48;2;63;75;94m▄[38;2;68;77;97m[48;2;63;75;92m▄[38;2;69;79;98m[48;2;63;77;94m▄[38;2;70;80;99m[48;2;59;73;90m▄[38;2;67;77;97m[48;2;57;71;90m▄[38;2;62;74;94m[48;2;54;71;88m▄[38;2;60;74;93m[48;2;57;73;92m▄[38;2;62;76;97m[48;2;63;77;96m▄[38;2;68;81;103m[48;2;69;81;100m▄[38;2;68;82;103m[48;2;71;83;102m▄[38;2;69;83;103m[48;2;71;84;104m▄[38;2;70;84;104m[48;2;69;79;100m▄[38;2;67;81;101m[48;2;63;75;94m▄[38;2;64;79;99m[48;2;61;75;94m▄[38;2;65;79;99m[48;2;59;71;92m▄[38;2;61;75;95m[48;2;57;69;88m▄[38;2;59;73;92m[48;2;57;71;88m▄[38;2;61;75;94m[48;2;63;75;94m▄[38;2;64;78;97m[48;2;61;75;94m▄[38;2;65;79;100m[48;2;57;71;90m▄[38;2;66;81;101m[48;2;59;71;90m▄[38;2;67;81;102m[48;2;59;73;90m▄[38;2;69;83;104m[48;2;63;75;94m▄[38;2;73;88;109m[48;2;67;79;98m▄[38;2;78;93;116m[48;2;67;81;100m▄[38;2;87;94;115m[48;2;69;86;108m▄[38;2;92;91;104m[48;2;73;96;119m▄[38;2;94;80;86m[48;2;86;108;129m▄[38;2;105;55;42m[48;2;94;90;102m▄[38;2;99;49;38m[48;2;121;96;104m▄[38;2;86;43;35m[48;2;110;94;106m▄[38;2;127;62;44m[48;2;100;88;98m▄[38;2;157;76;53m[48;2;106;92;100m▄[38;2;146;89;76m[48;2;108;106;119m▄[38;2;137;133;145m[48;2;104;113;129m▄[38;2;132;147;164m[48;2;110;112;123m▄[38;2;139;139;151m[48;2;117;110;121m▄[38;2;156;160;170m[48;2;135;121;131m▄[38;2;170;169;178m[48;2;148;129;133m▄[38;2;170;178;187m[48;2;164;142;144m▄[38;2;170;176;185m[48;2;168;154;156m▄[38;2;170;178;188m[48;2;152;166;179m▄[38;2;166;188;203m[48;2;150;173;189m▄[38;2;163;187;202m[48;2;152;175;189m▄[38;2;159;182;197m[48;2;154;177;191m▄[38;2;152;169;183m[48;2;156;179;193m▄[38;2;147;167;181m[48;2;158;177;191m▄[38;2;143;160;175m[48;2;158;177;191m▄[38;2;140;156;171m[48;2;160;179;191m▄[38;2;131;147;162m[48;2;154;169;183m▄[38;2;126;138;152m[48;2;150;162;171m▄[38;2;127;137;149m[48;2;154;164;173m▄[38;2;132;144;157m[48;2;158;173;185m▄[38;2;120;132;146m[48;2;148;166;179m▄[38;2;112;115;131m[48;2;129;141;156m▄[38;2;111;108;122m[48;2;113;119;135m▄[38;2;111;111;126m[48;2;112;119;137m▄[38;2;111;113;128m[48;2;113;125;141m▄[38;2;119;112;127m[48;2;123;125;141m▄[0m
[38;2;59;68;83m[48;2;53;60;75m▄[38;2;65;74;91m[48;2;57;66;81m▄[38;2;62;71;86m[48;2;55;63;78m▄[38;2;64;72;86m[48;2;53;61;76m▄[38;2;70;76;90m[48;2;54;62;77m▄[38;2;70;76;90m[48;2;59;66;82m▄[38;2;69;75;89m[48;2;60;67;83m▄[38;2;70;77;91m[48;2;63;70;85m▄[38;2;67;75;88m[48;2;63;69;85m▄[38;2;67;73;88m[48;2;61;68;85m▄[38;2;66;74;89m[48;2;58;66;84m▄[38;2;68;74;90m[48;2;59;66;84m▄[38;2;67;73;88m[48;2;58;67;84m▄[38;2;69;73;91m[48;2;56;65;82m▄[38;2;71;76;93m[48;2;58;67;84m▄[38;2;70;77;93m[48;2;60;70;87m▄[38;2;72;80;97m[48;2;61;72;90m▄[38;2;71;79;96m[48;2;61;72;91m▄[38;2;70;78;95m[48;2;61;72;91m▄[38;2;72;80;96m[48;2;64;75;93m▄[38;2;79;86;102m[48;2;66;78;97m▄[38;2;77;86;101m[48;2;66;80;98m▄[38;2;74;81;96m[48;2;66;80;98m▄[38;2;77;83;97m[48;2;68;82;100m▄[38;2;82;83;94m[48;2;70;88;108m▄[38;2;71;42;35m[48;2;81;74;83m▄[38;2;49;17;4m[48;2;83;51;41m▄[38;2;40;12;5m[48;2;76;39;26m▄[38;2;56;30;22m[48;2;53;20;11m▄[38;2;77;47;39m[48;2;38;11;3m▄[38;2;70;41;33m[48;2;11;0;0m▄[38;2;94;55;44m[48;2;20;4;0m▄[38;2;133;76;59m[48;2;57;20;9m▄[38;2;128;72;56m[48;2;81;29;16m▄[38;2;97;46;34m[48;2;111;40;19m▄[38;2;113;41;18m[48;2;158;87;62m▄[38;2;154;66;37m[48;2;166;144;140m▄[38;2;124;102;102m[48;2;143;164;178m▄[38;2;96;109;125m[48;2;151;174;187m▄[38;2;100;106;120m[48;2;150;172;185m▄[38;2;103;111;124m[48;2;153;174;187m▄[38;2;101;109;122m[48;2;154;174;186m▄[38;2;105;110;123m[48;2;154;173;185m▄[38;2;109;111;122m[48;2;151;169;181m▄[38;2;110;113;123m[48;2;148;167;179m▄[38;2;113;117;128m[48;2;147;167;178m▄[38;2;115;117;128m[48;2;145;162;173m▄[38;2;115;114;123m[48;2;140;154;166m▄[38;2;120;116;124m[48;2;139;153;164m▄[38;2;123;116;126m[48;2;140;157;166m▄[38;2;122;114;123m[48;2;138;154;164m▄[38;2;124;115;122m[48;2;139;151;161m▄[38;2;128;116;121m[48;2;139;150;159m▄[38;2;129;116;121m[48;2;135;146;153m▄[38;2;132;115;118m[48;2;128;135;144m▄[38;2;136;116;116m[48;2;126;128;137m▄[38;2;148;125;122m[48;2;132;133;140m▄[38;2;152;129;126m[48;2;138;137;142m▄[38;2;154;134;128m[48;2;149;146;150m▄[38;2;182;154;142m[48;2;162;161;166m▄[0m
[38;2;70;72;84m[48;2;72;77;90m▄[38;2;74;77;91m[48;2;79;84;98m▄[38;2;69;72;84m[48;2;79;81;94m▄[38;2;71;73;85m[48;2;81;84;96m▄[38;2;73;75;86m[48;2;84;86;97m▄[38;2;83;81;92m[48;2;91;90;101m▄[38;2;86;83;93m[48;2;98;93;103m▄[38;2;78;78;90m[48;2;101;97;107m▄[38;2;76;77;89m[48;2;103;99;110m▄[38;2;74;76;88m[48;2;94;95;108m▄[38;2;75;77;88m[48;2;91;92;105m▄[38;2;80;80;90m[48;2;94;93;105m▄[38;2;81;81;92m[48;2;92;92;107m▄[38;2;83;82;93m[48;2;90;92;106m▄[38;2;82;82;95m[48;2;85;91;107m▄[38;2;82;82;96m[48;2;86;91;107m▄[38;2;81;81;94m[48;2;86;91;106m▄[38;2;82;83;95m[48;2;85;90;105m▄[38;2;86;86;98m[48;2;84;89;104m▄[38;2;91;90;102m[48;2;82;86;100m▄[38;2;93;92;103m[48;2;83;85;100m▄[38;2;94;93;105m[48;2;83;86;100m▄[38;2;91;89;102m[48;2;82;87;100m▄[38;2;84;84;96m[48;2;87;90;104m▄[38;2;82;79;90m[48;2;86;62;63m▄[38;2;62;43;44m[48;2;49;16;8m▄[38;2;68;31;23m[48;2;30;8;3m▄[38;2;102;61;51m[48;2;38;20;15m▄[38;2;115;70;57m[48;2;100;69;58m▄[38;2;113;69;54m[48;2;109;77;63m▄[38;2;100;57;46m[48;2;102;70;58m▄[38;2;117;61;47m[48;2;134;80;62m▄[38;2;192;117;92m[48;2;157;96;76m▄[38;2;181;104;82m[48;2;151;102;81m▄[38;2;208;124;97m[48;2;203;139;117m▄[38;2;217;140;112m[48;2;69;29;20m▄[38;2;141;106;101m[48;2;114;43;21m▄[38;2;115;105;112m[48;2;148;99;93m▄[38;2;114;106;113m[48;2;93;94;109m▄[38;2;118;108;114m[48;2;96;94;108m▄[38;2;123;109;114m[48;2;96;92;106m▄[38;2;125;110;115m[48;2;101;94;105m▄[38;2;128;114;118m[48;2;103;94;104m▄[38;2;134;120;122m[48;2;104;95;103m▄[38;2;146;128;129m[48;2;106;93;102m▄[38;2;152;136;136m[48;2;108;94;102m▄[38;2;154;138;137m[48;2;113;95;101m▄[38;2;152;138;139m[48;2;120;100;103m▄[38;2;149;142;144m[48;2;124;101;104m▄[38;2;153;144;145m[48;2;125;100;101m▄[38;2;157;141;138m[48;2;132;102;102m▄[38;2;158;140;134m[48;2;136;104;100m▄[38;2;161;139;133m[48;2;143;107;100m▄[38;2;163;140;133m[48;2;146;108;100m▄[38;2;167;148;141m[48;2;149;110;102m▄[38;2;170;152;148m[48;2;152;112;102m▄[38;2;170;157;153m[48;2;153;115;106m▄[38;2;174;165;160m[48;2;156;117;106m▄[38;2;177;167;163m[48;2;161;120;107m▄[38;2;186;181;179m[48;2;179;134;120m▄[0m
[38;2;73;73;83m[48;2;73;75;88m▄[38;2;82;80;91m[48;2;80;81;96m▄[38;2;80;78;87m[48;2;75;76;89m▄[38;2;82;79;88m[48;2;76;77;90m▄[38;2;83;79;89m[48;2;75;77;89m▄[38;2;83;79;89m[48;2;77;78;91m▄[38;2;81;78;88m[48;2;78;78;91m▄[38;2;84;79;89m[48;2;78;79;92m▄[38;2;89;84;93m[48;2;81;80;94m▄[38;2;93;87;97m[48;2;82;80;94m▄[38;2;94;88;99m[48;2;83;81;95m▄[38;2;93;88;100m[48;2;83;82;96m▄[38;2;95;91;104m[48;2;85;84;98m▄[38;2;98;93;106m[48;2;88;86;100m▄[38;2;102;98;112m[48;2;90;88;103m▄[38;2;104;101;115m[48;2;92;90;104m▄[38;2;99;95;108m[48;2;94;93;107m▄[38;2;95;87;102m[48;2;98;98;112m▄[38;2;90;76;88m[48;2;100;101;117m▄[38;2;87;66;77m[48;2;101;103;119m▄[38;2;88;64;73m[48;2;100;102;117m▄[38;2;88;62;71m[48;2;101;102;117m▄[38;2;91;53;58m[48;2;102;102;117m▄[38;2;97;35;36m[48;2;100;100;114m▄[38;2;115;32;29m[48;2;98;101;114m▄[38;2;133;44;39m[48;2;95;96;112m▄[38;2;116;60;48m[48;2;111;76;73m▄[38;2;111;68;53m[48;2;122;66;50m▄[38;2;117;68;51m[48;2;113;60;46m▄[38;2;100;61;48m[48;2;95;52;39m▄[38;2;92;60;48m[48;2;87;52;43m▄[38;2;99;67;56m[48;2;91;55;46m▄[38;2;127;83;71m[48;2;139;86;72m▄[38;2;162;106;88m[48;2;138;80;67m▄[38;2;118;65;51m[48;2;84;36;24m▄[38;2;182;104;79m[48;2;189;107;80m▄[38;2;172;119;108m[48;2;216;161;143m▄[38;2;117;114;122m[48;2;104;112;131m▄[38;2;119;122;131m[48;2;116;114;128m▄[38;2;117;119;128m[48;2;119;118;128m▄[38;2;121;118;127m[48;2;122;120;130m▄[38;2;124;119;126m[48;2;123;120;131m▄[38;2;129;123;127m[48;2;123;121;134m▄[38;2;133;126;128m[48;2;125;126;137m▄[38;2;136;129;131m[48;2;126;127;139m▄[38;2;140;133;133m[48;2;126;129;141m▄[38;2;151;142;137m[48;2;127;131;143m▄[38;2;156;146;140m[48;2;123;127;140m▄[38;2;153;142;137m[48;2;120;124;137m▄[38;2;150;139;135m[48;2;123;126;139m▄[38;2;145;136;132m[48;2;122;126;138m▄[38;2;141;132;132m[48;2;120;124;136m▄[38;2;136;128;130m[48;2;119;122;136m▄[38;2;136;127;128m[48;2;121;125;139m▄[38;2;137;128;128m[48;2;125;130;142m▄[38;2;140;131;130m[48;2;128;133;144m▄[38;2;140;132;132m[48;2;130;136;147m▄[38;2;140;130;132m[48;2;133;140;150m▄[38;2;139;131;130m[48;2;134;142;153m▄[38;2;149;140;140m[48;2;145;152;164m▄[0m
[38;2;73;73;81m[48;2;96;83;86m▄[38;2;79;79;88m[48;2;105;91;96m▄[38;2;73;74;81m[48;2;97;85;89m▄[38;2;73;73;82m[48;2;97;85;89m▄[38;2;72;73;82m[48;2;96;85;89m▄[38;2;73;73;82m[48;2;97;85;89m▄[38;2;73;73;82m[48;2;96;85;90m▄[38;2;72;73;82m[48;2;96;85;90m▄[38;2;72;73;82m[48;2;98;86;91m▄[38;2;74;73;82m[48;2;99;87;92m▄[38;2;75;74;83m[48;2;99;88;93m▄[38;2;74;76;85m[48;2;100;89;94m▄[38;2;77;73;80m[48;2;101;91;98m▄[38;2;89;52;47m[48;2;101;95;104m▄[38;2;92;28;9m[48;2;95;78;82m▄[38;2;98;24;2m[48;2;74;40;40m▄[38;2;112;36;8m[48;2;67;23;20m▄[38;2;119;41;12m[48;2;80;17;11m▄[38;2;118;40;12m[48;2;84;8;1m▄[38;2;117;37;12m[48;2;83;1;0m▄[38;2;111;31;10m[48;2;68;0;0m▄[38;2;97;23;8m[48;2;59;0;0m▄[38;2;88;14;6m[48;2;62;0;0m▄[38;2;56;4;3m[48;2;76;0;0m▄[38;2;55;0;1m[48;2;85;0;0m▄[38;2;37;3;4m[48;2;73;22;13m▄[38;2;58;33;25m[48;2;85;59;45m▄[38;2;76;47;35m[48;2;94;58;46m▄[38;2;83;48;36m[48;2;108;62;49m▄[38;2;87;45;33m[48;2;115;65;50m▄[38;2;90;44;32m[48;2;117;64;49m▄[38;2;89;46;33m[48;2;109;57;42m▄[38;2;83;44;32m[48;2;131;71;53m▄[38;2;129;76;58m[48;2;174;103;78m▄[38;2;220;142;110m[48;2;209;130;101m▄[38;2;215;144;114m[48;2;250;187;150m▄[38;2;133;61;50m[48;2;175;109;90m▄[38;2;64;0;0m[48;2;109;25;22m▄[38;2;83;0;0m[48;2;129;60;56m▄[38;2;121;7;0m[48;2;137;87;85m▄[38;2;135;25;17m[48;2;130;106;109m▄[38;2;128;56;54m[48;2;121;112;118m▄[38;2;109;76;80m[48;2;123;112;117m▄[38;2;92;84;91m[48;2;128;112;116m▄[38;2;86;85;95m[48;2;130;111;116m▄[38;2;90;85;94m[48;2;131;113;117m▄[38;2;94;84;92m[48;2;136;117;118m▄[38;2;94;85;93m[48;2;139;120;117m▄[38;2;94;85;92m[48;2;141;120;117m▄[38;2;95;86;92m[48;2;144;122;116m▄[38;2;98;87;93m[48;2;145;123;116m▄[38;2;100;88;94m[48;2;144;124;119m▄[38;2;102;88;95m[48;2;147;126;119m▄[38;2;103;89;94m[48;2;148;126;117m▄[38;2;104;90;92m[48;2;148;125;116m▄[38;2;103;90;92m[48;2;146;123;115m▄[38;2;103;90;94m[48;2;145;123;114m▄[38;2;105;91;92m[48;2;144;123;115m▄[38;2;105;91;93m[48;2;143;122;116m▄[38;2;113;98;100m[48;2;153;131;126m▄[0m
[38;2;40;48;59m[48;2;48;55;66m▄[38;2;44;52;62m[48;2;51;60;71m▄[38;2;40;47;57m[48;2;47;55;65m▄[38;2;40;47;57m[48;2;46;54;64m▄[38;2;40;47;57m[48;2;46;54;64m▄[38;2;39;46;55m[48;2;45;53;64m▄[38;2;39;46;56m[48;2;46;54;64m▄[38;2;39;47;56m[48;2;46;54;64m▄[38;2;39;46;55m[48;2;46;54;64m▄[38;2;40;45;56m[48;2;46;54;64m▄[38;2;38;45;55m[48;2;46;54;66m▄[38;2;49;54;61m[48;2;48;52;62m▄[38;2;100;77;68m[48;2;68;18;7m▄[38;2;98;49;32m[48;2;92;16;0m▄[38;2;102;40;19m[48;2;104;30;5m▄[38;2;112;45;22m[48;2;117;38;10m▄[38;2;117;52;27m[48;2;122;41;9m▄[38;2;118;57;33m[48;2;129;44;10m▄[38;2;122;59;35m[48;2;135;47;11m▄[38;2;105;35;14m[48;2;132;47;12m▄[38;2;96;20;0m[48;2;125;44;15m▄[38;2;85;20;8m[48;2;123;44;15m▄[38;2;83;18;8m[48;2;123;44;13m▄[38;2;90;10;0m[48;2;105;23;8m▄[38;2;86;9;1m[48;2;76;3;1m▄[38;2;130;35;23m[48;2;84;10;6m▄[38;2;128;24;15m[48;2;97;18;13m▄[38;2;117;15;8m[48;2;87;24;19m▄[38;2;145;36;24m[48;2;75;25;17m▄[38;2;111;15;8m[48;2;75;28;19m▄[38;2;79;0;0m[48;2;78;29;20m▄[38;2;93;5;0m[48;2;88;32;21m▄[38;2;111;10;0m[48;2;99;33;23m▄[38;2;105;2;0m[48;2;114;38;27m▄[38;2;97;0;0m[48;2;109;34;25m▄[38;2;99;6;0m[48;2;97;8;3m▄[38;2;97;20;3m[48;2;56;0;0m▄[38;2;95;18;0m[48;2;45;0;0m▄[38;2;99;19;0m[48;2;49;0;2m▄[38;2;117;31;4m[48;2;72;3;2m▄[38;2;136;46;13m[48;2;99;8;0m▄[38;2;171;74;34m[48;2;118;11;0m▄[38;2;193;99;59m[48;2;124;21;8m▄[38;2;211;125;90m[48;2;114;34;25m▄[38;2;219;139;112m[48;2;82;38;38m▄[38;2;164;78;64m[48;2;50;41;49m▄[38;2;88;31;28m[48;2;38;56;66m▄[38;2;34;43;53m[48;2;46;55;65m▄[38;2;35;43;54m[48;2;47;55;65m▄[38;2;40;47;57m[48;2;48;56;65m▄[38;2;40;47;57m[48;2;47;55;64m▄[38;2;40;47;57m[48;2;48;55;65m▄[38;2;40;48;58m[48;2;49;55;65m▄[38;2;41;48;59m[48;2;50;55;65m▄[38;2;42;48;58m[48;2;50;55;65m▄[38;2;41;48;58m[48;2;50;56;66m▄[38;2;40;48;58m[48;2;49;56;66m▄[38;2;40;47;57m[48;2;49;56;66m▄[38;2;40;48;57m[48;2;50;57;67m▄[38;2;44;52;62m[48;2;54;61;72m▄[0m
[38;2;24;31;40m[48;2;31;36;46m▄[38;2;26;34;44m[48;2;32;40;49m▄[38;2;24;31;40m[48;2;30;37;45m▄[38;2;24;31;41m[48;2;30;37;46m▄[38;2;24;31;41m[48;2;30;37;46m▄[38;2;24;31;41m[48;2;30;37;45m▄[38;2;24;31;41m[48;2;30;37;45m▄[38;2;24;31;41m[48;2;30;37;45m▄[38;2;25;32;40m[48;2;30;37;45m▄[38;2;24;31;39m[48;2;30;37;45m▄[38;2;19;24;33m[48;2;27;34;42m▄[38;2;56;60;66m[48;2;44;51;57m▄[38;2;122;124;121m[48;2;116;123;119m▄[38;2;115;117;113m[48;2;113;116;114m▄[38;2;115;118;117m[48;2;121;119;117m▄[38;2;112;114;114m[48;2;110;109;106m▄[38;2;109;110;109m[48;2;113;113;111m▄[38;2;114;115;115m[48;2;112;113;112m▄[38;2;106;108;108m[48;2;105;105;104m▄[38;2;88;83;84m[48;2;81;68;66m▄[38;2;87;64;63m[48;2;94;66;61m▄[38;2;74;37;36m[48;2;90;42;34m▄[38;2;80;22;17m[48;2;71;21;20m▄[38;2;97;58;55m[48;2;88;65;63m▄[38;2;89;53;52m[48;2;90;44;39m▄[38;2;78;17;15m[48;2;79;16;14m▄[38;2;92;45;42m[48;2;98;57;55m▄[38;2;141;78;70m[48;2;130;75;68m▄[38;2;176;102;91m[48;2;153;91;84m▄[38;2;160;73;60m[48;2;195;96;81m▄[38;2;91;50;49m[48;2;144;99;92m▄[38;2;76;50;50m[48;2;92;59;55m▄[38;2;88;63;67m[48;2;102;59;46m▄[38;2;83;52;55m[48;2;139;88;65m▄[38;2;98;62;54m[48;2;114;60;52m▄[38;2;101;60;49m[48;2;106;65;59m▄[38;2;104;67;63m[48;2;137;92;72m▄[38;2;101;76;73m[48;2;140;79;58m▄[38;2;103;90;89m[48;2;126;71;54m▄[38;2;114;100;96m[48;2;124;56;30m▄[38;2;127;99;92m[48;2;138;96;80m▄[38;2;123;70;53m[48;2;144;101;85m▄[38;2;139;77;53m[48;2;171;103;74m▄[38;2;139;84;65m[48;2;182;125;98m▄[38;2;148;81;53m[48;2;195;149;127m▄[38;2;158;81;53m[48;2;203;155;138m▄[38;2;150;81;57m[48;2;157;91;79m▄[38;2;67;70;75m[48;2;67;64;70m▄[38;2;66;70;75m[48;2;61;67;74m▄[38;2;34;40;46m[48;2;37;44;53m▄[38;2;29;36;44m[48;2;36;44;52m▄[38;2;31;38;46m[48;2;37;44;54m▄[38;2;31;38;46m[48;2;37;44;54m▄[38;2;31;38;46m[48;2;38;45;55m▄[38;2;31;38;46m[48;2;38;45;54m▄[38;2;31;38;47m[48;2;39;46;54m▄[38;2;32;39;47m[48;2;39;46;54m▄[38;2;32;39;47m[48;2;39;46;53m▄[38;2;33;40;47m[48;2;38;45;53m▄[38;2;36;43;52m[48;2;42;49;58m▄[0m
[38;2;42;51;64m[48;2;18;25;33m▄[38;2;47;58;72m[48;2;21;28;36m▄[38;2;42;52;66m[48;2;19;25;32m▄[38;2;41;51;65m[48;2;19;26;33m▄[38;2;40;50;64m[48;2;20;26;34m▄[38;2;39;50;64m[48;2;20;26;34m▄[38;2;42;52;66m[48;2;20;26;34m▄[38;2;44;54;68m[48;2;19;25;33m▄[38;2;46;55;69m[48;2;18;25;32m▄[38;2;46;55;69m[48;2;18;25;31m▄[38;2;43;52;67m[48;2;12;17;25m▄[38;2;51;59;72m[48;2;51;54;59m▄[38;2;86;93;102m[48;2;125;125;120m▄[38;2;85;92;101m[48;2;120;121;116m▄[38;2;83;90;99m[48;2;120;121;116m▄[38;2;77;84;93m[48;2;116;117;114m▄[38;2;67;68;76m[48;2;115;114;111m▄[38;2;61;55;62m[48;2;101;98;95m▄[38;2;61;51;56m[48;2;107;100;97m▄[38;2;60;47;53m[48;2;103;92;89m▄[38;2;61;43;51m[48;2;81;56;52m▄[38;2;73;50;55m[48;2;99;72;67m▄[38;2;75;53;58m[48;2;94;57;50m▄[38;2;72;45;53m[48;2;73;9;3m▄[38;2;63;52;62m[48;2;84;68;67m▄[38;2;83;55;52m[48;2;83;62;62m▄[38;2;82;36;30m[48;2;60;4;2m▄[38;2;61;19;14m[48;2;100;56;54m▄[38;2;90;32;19m[48;2;128;73;65m▄[38;2;99;45;33m[48;2;119;78;72m▄[38;2;59;16;9m[48;2;67;14;14m▄[38;2;48;12;6m[48;2;72;27;28m▄[38;2;71;24;12m[48;2;114;84;79m▄[38;2;82;31;20m[48;2;98;61;58m▄[38;2;76;24;15m[48;2;104;66;60m▄[38;2;101;53;41m[48;2;102;69;63m▄[38;2;144;89;72m[48;2;100;92;93m▄[38;2;124;85;74m[48;2;109;110;110m▄[38;2;146;122;118m[48;2;102;98;95m▄[38;2;143;137;139m[48;2;105;97;92m▄[38;2;133;134;137m[48;2;118;110;106m▄[38;2;132;144;149m[48;2;103;77;67m▄[38;2;131;147;153m[48;2;123;98;88m▄[38;2;140;152;158m[48;2;116;94;83m▄[38;2;158;165;168m[48;2;132;98;84m▄[38;2;138;148;157m[48;2;140;94;77m▄[38;2;89;107;120m[48;2;72;52;48m▄[38;2;94;108;118m[48;2;9;16;26m▄[38;2;90;103;114m[48;2;8;15;25m▄[38;2;87;98;109m[48;2;15;22;31m▄[38;2;88;98;107m[48;2;15;23;31m▄[38;2;90;102;112m[48;2;15;22;31m▄[38;2;88;102;113m[48;2;16;23;31m▄[38;2;79;91;103m[48;2;18;25;33m▄[38;2;71;78;90m[48;2;18;26;33m▄[38;2;69;74;88m[48;2;19;26;35m▄[38;2;69;78;91m[48;2;19;26;36m▄[38;2;69;75;87m[48;2;19;26;36m▄[38;2;70;73;85m[48;2;19;27;35m▄[38;2;81;89;103m[48;2;21;29;37m▄[0m
[38;2;55;62;77m[48;2;64;75;92m▄[38;2;58;67;83m[48;2;71;83;101m▄[38;2;53;61;77m[48;2;68;78;97m▄[38;2;58;65;80m[48;2;67;76;95m▄[38;2;60;68;83m[48;2;62;72;92m▄[38;2;63;69;84m[48;2;58;71;90m▄[38;2;63;69;85m[48;2;59;72;92m▄[38;2;62;68;85m[48;2;64;78;97m▄[38;2;58;67;83m[48;2;67;80;100m▄[38;2;58;66;83m[48;2;67;79;100m▄[38;2;59;67;84m[48;2;69;82;102m▄[38;2;56;66;83m[48;2;65;78;98m▄[38;2;57;66;83m[48;2;55;69;89m▄[38;2;59;70;87m[48;2;55;70;90m▄[38;2;61;72;90m[48;2;54;67;87m▄[38;2;61;72;91m[48;2;51;64;84m▄[38;2;61;72;91m[48;2;53;67;87m▄[38;2;62;75;92m[48;2;58;73;93m▄[38;2;65;79;96m[48;2;59;76;96m▄[38;2;66;79;98m[48;2;60;77;98m▄[38;2;65;80;98m[48;2;62;80;101m▄[38;2;70;83;102m[48;2;61;80;101m▄[38;2;80;68;76m[48;2;65;87;111m▄[38;2;73;42;34m[48;2;82;75;84m▄[38;2;65;30;15m[48;2;81;54;48m▄[38;2;60;27;12m[48;2;84;49;35m▄[38;2;46;19;11m[48;2;73;42;30m▄[38;2;47;19;10m[48;2;51;24;15m▄[38;2;49;23;15m[48;2;41;17;10m▄[38;2;64;39;32m[48;2;38;14;7m▄[38;2;64;42;35m[48;2;19;5;2m▄[38;2;71;45;38m[48;2;10;1;0m▄[38;2;74;45;37m[48;2;27;8;2m▄[38;2;86;51;40m[48;2;29;10;4m▄[38;2;103;59;46m[48;2;44;16;9m▄[38;2;103;58;44m[48;2;91;33;17m▄[38;2;71;33;24m[48;2;130;50;27m▄[38;2;116;47;27m[48;2;129;51;28m▄[38;2;147;62;33m[48;2;163;83;57m▄[38;2;196;100;69m[48;2;187;152;147m▄[38;2;188;128;111m[48;2;160;159;166m▄[38;2;155;162;171m[48;2;155;176;189m▄[38;2;147;169;183m[48;2;154;180;194m▄[38;2;148;167;177m[48;2;150;174;189m▄[38;2;147;164;175m[48;2;142;161;176m▄[38;2;141;156;167m[48;2;140;157;172m▄[38;2;139;153;164m[48;2;141;159;173m▄[38;2;141;155;167m[48;2;139;155;169m▄[38;2;139;155;165m[48;2;132;148;162m▄[38;2;137;152;160m[48;2;126;138;152m▄[38;2;140;151;159m[48;2;124;133;145m▄[38;2;137;148;156m[48;2;131;140;153m▄[38;2;130;139;148m[48;2;123;135;149m▄[38;2;125;129;138m[48;2;112;117;132m▄[38;2;131;133;140m[48;2;109;107;120m▄[38;2;135;134;140m[48;2;110;106;118m▄[38;2;148;145;148m[48;2;110;112;125m▄[38;2;150;148;151m[48;2;109;103;115m▄[38;2;153;154;157m[48;2;110;103;115m▄[38;2;153;159;161m[48;2;120;116;129m▄[0m
[38;2;77;79;94m[48;2;62;70;86m▄[38;2;86;90;103m[48;2;68;77;94m▄[38;2;82;84;96m[48;2;69;75;90m▄[38;2;90;88;101m[48;2;71;77;90m▄[38;2;97;92;102m[48;2;68;75;88m▄[38;2;99;96;106m[48;2;70;77;91m▄[38;2;104;100;111m[48;2;68;76;89m▄[38;2;97;96;109m[48;2;66;73;88m▄[38;2;91;93;107m[48;2;67;74;88m▄[38;2;93;93;106m[48;2;68;74;89m▄[38;2;92;92;106m[48;2;68;73;90m▄[38;2;90;92;106m[48;2;68;73;90m▄[38;2;86;91;106m[48;2;71;76;91m▄[38;2;86;91;106m[48;2;71;77;93m▄[38;2;86;91;106m[48;2;72;79;96m▄[38;2;85;90;105m[48;2;71;80;97m▄[38;2;86;90;105m[48;2;70;78;95m▄[38;2;83;87;102m[48;2;71;79;95m▄[38;2;81;85;100m[48;2;76;84;99m▄[38;2;83;86;101m[48;2;78;87;103m▄[38;2;83;88;102m[48;2;74;83;98m▄[38;2;89;76;81m[48;2;78;79;91m▄[38;2;69;36;28m[48;2;81;55;52m▄[38;2;43;15;8m[48;2;57;24;12m▄[38;2;39;16;10m[48;2;45;19;10m▄[38;2;30;11;5m[48;2;42;16;9m▄[38;2;27;11;6m[48;2;32;11;6m▄[38;2;93;69;59m[48;2;41;22;16m▄[38;2;105;70;58m[48;2;96;69;59m▄[38;2;84;57;47m[48;2;109;75;64m▄[38;2;101;72;61m[48;2;116;76;61m▄[38;2;86;56;46m[48;2;129;80;65m▄[38;2;74;37;26m[48;2;134;82;65m▄[38;2;130;73;55m[48;2;175;109;86m▄[38;2;89;45;34m[48;2;205;127;100m▄[38;2;87;54;44m[48;2;206;125;98m▄[38;2;151;100;80m[48;2;205;134;108m▄[38;2;201;130;106m[48;2;133;79;63m▄[38;2;100;46;31m[48;2;102;37;20m▄[38;2;40;6;0m[48;2;142;59;30m▄[38;2;114;46;24m[48;2;159;69;40m▄[38;2;164;94;76m[48;2;163;106;92m▄[38;2;109;95;102m[48;2;113;114;125m▄[38;2;106;94;102m[48;2;110;116;127m▄[38;2;110;95;100m[48;2;115;117;130m▄[38;2;118;99;102m[48;2;115;114;125m▄[38;2;124;102;104m[48;2;119;115;124m▄[38;2;124;100;102m[48;2;123;117;127m▄[38;2;131;100;101m[48;2;122;114;123m▄[38;2;136;102;101m[48;2;124;114;122m▄[38;2;142;106;101m[48;2;127;117;122m▄[38;2;147;108;100m[48;2;129;117;121m▄[38;2;146;109;100m[48;2;130;116;120m▄[38;2;152;112;103m[48;2;134;114;116m▄[38;2;153;113;105m[48;2;145;122;120m▄[38;2;155;116;107m[48;2;152;129;124m▄[38;2;159;118;107m[48;2;153;133;127m▄[38;2;164;123;109m[48;2;164;140;131m▄[38;2;167;124;111m[48;2;174;144;133m▄[38;2;187;139;120m[48;2;191;157;142m▄[0m
[38;2;73;75;88m[48;2;68;72;83m▄[38;2;82;83;97m[48;2;76;78;91m▄[38;2;75;77;89m[48;2;73;73;86m▄[38;2;76;78;90m[48;2;80;80;90m▄[38;2;78;78;92m[48;2;87;84;94m▄[38;2;79;78;91m[48;2;80;79;90m▄[38;2;80;80;93m[48;2;77;77;90m▄[38;2;81;81;95m[48;2;76;76;88m▄[38;2;82;81;95m[48;2;75;76;88m▄[38;2;83;82;96m[48;2;79;79;89m▄[38;2;84;84;97m[48;2;82;81;92m▄[38;2;86;85;99m[48;2;82;82;92m▄[38;2;90;88;103m[48;2;82;83;94m▄[38;2;91;90;103m[48;2;82;83;96m▄[38;2;93;92;106m[48;2;81;82;94m▄[38;2;96;95;109m[48;2;82;82;95m▄[38;2;98;96;112m[48;2;86;85;98m▄[38;2;98;96;111m[48;2;90;88;101m▄[38;2;98;96;110m[48;2;94;91;103m▄[38;2;98;95;108m[48;2;95;92;103m▄[38;2;98;95;107m[48;2;94;93;104m▄[38;2;98;96;109m[48;2;86;80;90m▄[38;2;103;104;119m[48;2;73;54;55m▄[38;2;84;75;82m[48;2;48;22;15m▄[38;2;79;48;41m[48;2;45;15;7m▄[38;2;123;73;59m[48;2;66;31;24m▄[38;2;120;66;52m[48;2;89;53;42m▄[38;2;114;61;47m[48;2;116;73;60m▄[38;2;114;62;47m[48;2;106;61;49m▄[38;2;106;60;44m[48;2;113;69;56m▄[38;2;92;52;41m[48;2;108;61;49m▄[38;2;88;44;34m[48;2;106;61;47m▄[38;2;91;46;35m[48;2;108;59;46m▄[38;2;111;49;37m[48;2;164;94;71m▄[38;2;184;104;82m[48;2;198;132;107m▄[38;2;205;114;92m[48;2;176;105;86m▄[38;2;141;58;43m[48;2;178;101;81m▄[38;2;128;61;46m[48;2;224;136;107m▄[38;2;188;108;83m[48;2;186;118;96m▄[38;2;248;169;138m[48;2;100;59;47m▄[38;2;167;144;141m[48;2;151;91;73m▄[38;2;111;121;136m[48;2;162;122;116m▄[38;2;126;127;138m[48;2;140;126;127m▄[38;2;125;128;140m[48;2;150;134;134m▄[38;2;126;131;142m[48;2;154;138;136m▄[38;2;124;128;140m[48;2;153;138;137m▄[38;2;121;123;136m[48;2;149;140;142m▄[38;2;122;125;138m[48;2;151;144;146m▄[38;2;123;126;139m[48;2;156;142;141m▄[38;2;120;124;137m[48;2;158;140;136m▄[38;2;119;122;135m[48;2;160;140;133m▄[38;2;120;124;137m[48;2;163;139;133m▄[38;2;124;128;141m[48;2;164;145;138m▄[38;2;127;132;143m[48;2;169;152;147m▄[38;2;130;135;146m[48;2;170;155;151m▄[38;2;132;139;150m[48;2;172;163;158m▄[38;2;134;142;153m[48;2;176;167;164m▄[38;2;134;140;151m[48;2;172;168;166m▄[38;2;136;141;152m[48;2;173;167;163m▄[38;2;147;153;165m[48;2;184;176;171m▄[0m
[38;2;97;84;90m[48;2;79;77;86m▄[38;2;105;92;97m[48;2;88;85;96m▄[38;2;96;84;89m[48;2;82;79;89m▄[38;2;97;85;90m[48;2;83;80;90m▄[38;2;96;84;89m[48;2;82;79;89m▄[38;2;96;84;89m[48;2;81;78;88m▄[38;2;98;85;90m[48;2;87;82;93m▄[38;2;99;87;92m[48;2;91;86;97m▄[38;2;100;88;93m[48;2;93;89;98m▄[38;2;99;89;93m[48;2;93;88;98m▄[38;2;101;89;95m[48;2;95;89;101m▄[38;2;102;90;96m[48;2;98;92;105m▄[38;2;102;91;99m[48;2;101;95;108m▄[38;2;102;92;100m[48;2;101;96;108m▄[38;2;101;94;102m[48;2;102;96;109m▄[38;2;101;96;105m[48;2;102;97;109m▄[38;2;101;98;108m[48;2;103;97;109m▄[38;2;102;93;100m[48;2;103;99;112m▄[38;2;104;72;75m[48;2;102;103;117m▄[38;2;104;55;55m[48;2;102;104;118m▄[38;2;105;47;45m[48;2;103;105;117m▄[38;2;100;43;42m[48;2;106;108;120m▄[38;2;86;21;19m[48;2;107;98;109m▄[38;2;83;23;17m[48;2;105;85;98m▄[38;2;98;53;42m[48;2;112;81;83m▄[38;2;109;72;56m[48;2;117;71;55m▄[38;2;113;71;54m[48;2;116;68;53m▄[38;2;114;71;55m[48;2;115;67;52m▄[38;2;110;68;53m[48;2;105;60;45m▄[38;2;108;70;55m[48;2;93;57;45m▄[38;2;100;66;52m[48;2;97;64;53m▄[38;2;82;53;45m[48;2;91;59;50m▄[38;2;80;52;47m[48;2;91;59;50m▄[38;2;81;53;48m[48;2;104;62;50m▄[38;2;96;58;51m[48;2;151;92;75m▄[38;2;151;93;77m[48;2;173;110;92m▄[38;2;126;74;60m[48;2;103;61;45m▄[38;2;101;57;44m[48;2;90;52;39m▄[38;2;155;92;70m[48;2;120;63;47m▄[38;2;224;135;106m[48;2;218;124;91m▄[38;2;158;113;107m[48;2;203;151;134m▄[38;2;120;113;119m[48;2;122;122;128m▄[38;2;122;114;120m[48;2;135;127;131m▄[38;2;126;113;117m[48;2;138;131;132m▄[38;2;135;116;118m[48;2;147;138;136m▄[38;2;139;119;118m[48;2;155;146;139m▄[38;2;140;120;117m[48;2;154;143;137m▄[38;2;142;121;116m[48;2;151;140;135m▄[38;2;144;123;116m[48;2;146;137;133m▄[38;2;144;124;120m[48;2;143;133;133m▄[38;2;146;126;118m[48;2;137;129;130m▄[38;2;148;126;116m[48;2;137;127;128m▄[38;2;148;126;117m[48;2;136;126;127m▄[38;2;146;123;117m[48;2;139;130;130m▄[38;2;144;123;115m[48;2;140;132;131m▄[38;2;144;123;114m[48;2;139;131;131m▄[38;2;143;122;114m[48;2;138;130;130m▄[38;2;141;121;116m[48;2;138;130;130m▄[38;2;139;121;116m[48;2;134;126;127m▄[38;2;148;129;126m[48;2;144;135;137m▄[0m
[38;2;46;55;64m[48;2;73;73;83m▄[38;2;50;59;70m[48;2;79;79;89m▄[38;2;46;54;64m[48;2;73;73;82m▄[38;2;46;54;64m[48;2;73;73;82m▄[38;2;46;54;64m[48;2;73;73;81m▄[38;2;46;54;64m[48;2;73;73;81m▄[38;2;44;55;66m[48;2;73;73;82m▄[38;2;40;56;68m[48;2;73;73;82m▄[38;2;44;54;65m[48;2;75;74;84m▄[38;2;53;50;58m[48;2;74;75;85m▄[38;2;63;43;47m[48;2;72;77;88m▄[38;2;85;33;30m[48;2;71;78;89m▄[38;2;103;22;13m[48;2;77;75;86m▄[38;2;102;13;4m[48;2;84;71;79m▄[38;2;107;11;0m[48;2;85;65;73m▄[38;2;113;9;0m[48;2;95;59;62m▄[38;2;109;7;0m[48;2;109;50;46m▄[38;2;106;9;0m[48;2;111;27;17m▄[38;2;105;12;1m[48;2;122;11;0m▄[38;2;103;11;1m[48;2;126;10;0m▄[38;2;104;12;1m[48;2;122;9;0m▄[38;2;78;2;0m[48;2;93;0;0m▄[38;2;57;24;21m[48;2;70;27;19m▄[38;2;88;64;52m[48;2;84;60;47m▄[38;2;98;65;51m[48;2;88;61;48m▄[38;2;96;63;48m[48;2;100;66;53m▄[38;2;99;65;53m[48;2;107;68;53m▄[38;2;105;69;55m[48;2;113;71;55m▄[38;2;109;71;53m[48;2;115;74;57m▄[38;2;109;70;51m[48;2;115;73;56m▄[38;2;108;70;52m[48;2;115;75;57m▄[38;2;106;65;48m[48;2;113;74;56m▄[38;2;102;61;44m[48;2;109;68;52m▄[38;2;114;66;48m[48;2;122;71;55m▄[38;2;169;104;80m[48;2;179;110;85m▄[38;2;177;107;84m[48;2;228;146;116m▄[38;2;184;112;86m[48;2;185;112;89m▄[38;2;218;139;109m[48;2;160;92;71m▄[38;2;244;177;142m[48;2;216;139;110m▄[38;2;255;206;170m[48;2;219;144;118m▄[38;2;183;113;90m[48;2;138;40;30m▄[38;2;90;1;0m[48;2;123;58;57m▄[38;2;151;17;0m[48;2;118;78;79m▄[38;2;165;37;12m[48;2;97;83;90m▄[38;2;161;50;25m[48;2;80;85;96m▄[38;2;127;53;40m[48;2;81;85;96m▄[38;2;50;55;63m[48;2;91;85;94m▄[38;2;31;56;69m[48;2;96;85;92m▄[38;2;39;55;66m[48;2;97;87;93m▄[38;2;48;56;64m[48;2;99;88;94m▄[38;2;49;55;65m[48;2;102;89;95m▄[38;2;49;55;65m[48;2;102;89;93m▄[38;2;49;56;65m[48;2;103;90;93m▄[38;2;49;56;65m[48;2;103;89;92m▄[38;2;50;56;66m[48;2;104;90;93m▄[38;2;50;56;66m[48;2;105;91;93m▄[38;2;50;57;66m[48;2;105;91;92m▄[38;2;50;57;66m[48;2;105;90;92m▄[38;2;51;57;67m[48;2;105;91;92m▄[38;2;55;62;72m[48;2;114;98;100m▄[0m
[38;2;29;36;44m[48;2;40;46;57m▄[38;2;32;40;49m[48;2;43;51;61m▄[38;2;30;38;46m[48;2;40;47;57m▄[38;2;28;38;48m[48;2;39;46;56m▄[38;2;32;37;45m[48;2;38;46;56m▄[38;2;50;27;26m[48;2;34;48;59m▄[38;2;79;17;7m[48;2;44;43;50m▄[38;2;98;16;2m[48;2;76;30;30m▄[38;2;91;16;2m[48;2;98;20;13m▄[38;2;95;19;4m[48;2;106;13;3m▄[38;2;96;18;4m[48;2;113;10;0m▄[38;2;109;20;6m[48;2;123;11;0m▄[38;2;119;17;2m[48;2;119;11;0m▄[38;2;118;15;2m[48;2;108;10;0m▄[38;2;117;12;0m[48;2;102;10;0m▄[38;2;110;11;0m[48;2;106;11;1m▄[38;2;107;11;1m[48;2;111;13;1m▄[38;2;103;10;1m[48;2;114;14;1m▄[38;2;105;11;0m[48;2;107;12;1m▄[38;2;112;13;1m[48;2;103;11;2m▄[38;2;101;10;1m[48;2;89;8;1m▄[38;2;88;7;1m[48;2;76;5;1m▄[38;2;78;3;0m[48;2;63;1;0m▄[38;2;68;0;0m[48;2;66;27;21m▄[38;2;65;9;7m[48;2;89;61;47m▄[38;2;75;29;22m[48;2;98;68;51m▄[38;2;85;49;37m[48;2;94;63;47m▄[38;2;90;57;41m[48;2;92;61;46m▄[38;2;89;59;45m[48;2;93;60;46m▄[38;2;87;57;44m[48;2;94;60;46m▄[38;2;84;55;42m[48;2;97;61;44m▄[38;2;85;54;42m[48;2;99;61;44m▄[38;2;88;56;43m[48;2;98;60;43m▄[38;2;91;60;46m[48;2;99;61;45m▄[38;2;92;61;47m[48;2;98;59;44m▄[38;2;117;75;56m[48;2;124;74;55m▄[38;2;159;99;75m[48;2;199;125;96m▄[38;2;164;97;73m[48;2;236;153;119m▄[38;2;135;67;50m[48;2;237;160;125m▄[38;2;99;23;15m[48;2;205;137;111m▄[38;2;114;9;0m[48;2;123;59;46m▄[38;2;158;22;5m[48;2;111;13;2m▄[38;2;154;23;5m[48;2;162;24;2m▄[38;2;165;28;5m[48;2;199;35;1m▄[38;2;170;27;4m[48;2;210;37;0m▄[38;2;176;30;3m[48;2;221;41;0m▄[38;2;192;32;1m[48;2;179;41;12m▄[38;2;217;40;0m[48;2;126;47;31m▄[38;2;228;54;6m[48;2;70;49;50m▄[38;2;147;46;25m[48;2;27;46;60m▄[38;2;76;43;42m[48;2;29;47;60m▄[38;2;57;47;49m[48;2;35;48;59m▄[38;2;37;46;54m[48;2;39;48;57m▄[38;2;28;45;56m[48;2;40;47;57m▄[38;2;38;46;54m[48;2;40;47;57m▄[38;2;38;45;54m[48;2;40;47;58m▄[38;2;38;45;55m[48;2;40;48;58m▄[38;2;39;46;55m[48;2;41;47;58m▄[38;2;38;45;53m[48;2;41;48;57m▄[38;2;41;49;57m[48;2;44;52;61m▄[0m
[38;2;22;29;39m[48;2;24;31;40m▄[38;2;25;35;46m[48;2;26;34;45m▄[38;2;38;27;28m[48;2;21;32;42m▄[38;2;79;19;4m[48;2;34;29;32m▄[38;2;93;23;4m[48;2;68;22;11m▄[38;2;99;29;8m[48;2;86;20;2m▄[38;2;108;30;7m[48;2;93;27;7m▄[38;2;114;52;33m[48;2;96;31;11m▄[38;2;132;103;94m[48;2;101;34;12m▄[38;2;128;88;74m[48;2;107;39;15m▄[38;2;133;88;70m[48;2;110;42;16m▄[38;2;135;97;82m[48;2;110;41;16m▄[38;2;134;91;75m[48;2;118;51;28m▄[38;2;124;59;33m[48;2;117;43;20m▄[38;2;122;103;98m[48;2;122;51;28m▄[38;2;126;88;71m[48;2;117;45;21m▄[38;2;136;100;85m[48;2;116;38;15m▄[38;2;126;95;85m[48;2;116;41;18m▄[38;2;118;69;61m[48;2;119;26;10m▄[38;2;131;88;81m[48;2;118;17;4m▄[38;2;127;73;62m[48;2;110;12;3m▄[38;2;118;43;26m[48;2;98;11;6m▄[38;2;120;92;85m[48;2;92;13;8m▄[38;2;126;79;71m[48;2;87;7;2m▄[38;2;112;25;17m[48;2;79;2;0m▄[38;2;121;69;65m[48;2;76;5;3m▄[38;2;117;68;64m[48;2;75;5;1m▄[38;2;121;73;68m[48;2;81;15;10m▄[38;2;116;28;20m[48;2;83;21;14m▄[38;2;117;6;0m[48;2;85;29;19m▄[38;2;117;10;0m[48;2;85;33;23m▄[38;2;114;9;0m[48;2;88;37;25m▄[38;2;112;9;0m[48;2;93;39;28m▄[38;2;112;8;0m[48;2;97;39;27m▄[38;2;112;8;0m[48;2;100;36;24m▄[38;2;117;9;0m[48;2;101;31;19m▄[38;2;124;11;0m[48;2;104;23;14m▄[38;2;126;13;1m[48;2;96;10;4m▄[38;2;125;15;2m[48;2;80;0;0m▄[38;2;144;21;3m[48;2;106;7;0m▄[38;2;164;26;4m[48;2;139;19;5m▄[38;2;162;25;4m[48;2;150;22;6m▄[38;2;146;20;3m[48;2;147;21;4m▄[38;2;145;21;3m[48;2;152;23;4m▄[38;2;149;23;3m[48;2;158;25;3m▄[38;2;147;21;3m[48;2;164;27;4m▄[38;2;148;21;4m[48;2;167;29;5m▄[38;2;150;22;2m[48;2;157;24;3m▄[38;2;153;24;4m[48;2;160;24;2m▄[38;2;163;30;10m[48;2;176;26;0m▄[38;2;167;35;16m[48;2;179;28;0m▄[38;2;169;54;36m[48;2;183;30;0m▄[38;2;188;96;75m[48;2;157;28;3m▄[38;2;225;127;100m[48;2;74;27;22m▄[38;2;136;85;74m[48;2;18;31;41m▄[38;2;29;36;46m[48;2;29;39;47m▄[38;2;26;35;45m[48;2;33;39;48m▄[38;2;29;37;45m[48;2;33;40;48m▄[38;2;29;37;46m[48;2;33;40;48m▄[38;2;32;41;50m[48;2;36;44;52m▄[0m
