[38;2;254;254;254m[48;2;254;254;254m▄[38;2;255;255;255m[48;2;254;254;254m▄[38;2;255;255;255m[48;2;254;254;254m▄[38;2;255;255;255m[48;2;254;254;254m▄[38;2;255;255;255m[48;2;254;254;254m▄[38;2;218;218;218m[48;2;251;251;251m▄[38;2;252;252;252m[48;2;253;253;253m▄[38;2;255;255;255m[48;2;254;254;254m▄[38;2;255;255;255m[48;2;254;254;254m▄[38;2;255;255;255m[48;2;254;254;254m▄[38;2;255;255;255m[48;2;254;254;254m▄[38;2;250;250;250m[48;2;254;254;254m▄[38;2;188;188;188m[48;2;243;243;243m▄[38;2;255;255;255m[48;2;254;254;254m▄[38;2;255;255;255m[48;2;254;254;254m▄[38;2;255;255;255m[48;2;254;254;254m▄[38;2;255;255;255m[48;2;254;254;254m▄[38;2;255;255;255m[48;2;254;254;254m▄[38;2;255;255;255m[48;2;254;254;254m▄[38;2;255;255;255m[48;2;254;254;254m▄[38;2;255;255;255m[48;2;254;254;254m▄[38;2;255;255;255m[48;2;254;254;254m▄[38;2;255;255;255m[48;2;254;254;254m▄[38;2;255;255;255m[48;2;254;254;254m▄[38;2;255;255;255m[48;2;254;254;254m▄[38;2;255;255;255m[48;2;254;254;254m▄[38;2;255;255;255m[48;2;254;254;254m▄[38;2;255;255;255m[48;2;254;254;254m▄[38;2;255;255;255m[48;2;254;254;254m▄[38;2;255;255;255m[48;2;254;254;254m▄[38;2;255;255;255m[48;2;254;254;254m▄[38;2;255;255;255m[48;2;254;254;254m▄[38;2;255;255;255m[48;2;254;254;254m▄[38;2;255;255;255m[48;2;254;254;254m▄[38;2;255;255;255m[48;2;254;254;254m▄[38;2;255;255;255m[48;2;254;254;254m▄[38;2;255;255;255m[48;2;254;254;254m▄[38;2;255;255;255m[48;2;254;254;254m▄[38;2;255;255;255m[48;2;254;254;254m▄[38;2;255;255;255m[48;2;254;254;254m▄[38;2;255;255;255m[48;2;254;254;254m▄[38;2;255;255;255m[48;2;254;254;254m▄[38;2;255;255;255m[48;2;254;254;254m▄[38;2;255;255;255m[48;2;254;254;254m▄[38;2;255;255;255m[48;2;254;254;254m▄[38;2;255;255;255m[48;2;254;254;254m▄[38;2;255;255;255m[48;2;254;254;254m▄[38;2;255;255;255m[48;2;254;254;254m▄[38;2;255;255;255m[48;2;254;254;254m▄[38;2;255;255;255m[48;2;254;254;254m▄[38;2;255;255;255m[48;2;254;254;254m▄[38;2;255;255;255m[48;2;254;254;254m▄[38;2;255;255;255m[48;2;254;254;254m▄[38;2;255;255;255m[48;2;254;254;254m▄[38;2;255;255;255m[48;2;254;254;254m▄[38;2;255;255;255m[48;2;254;254;254m▄[38;2;255;255;255m[48;2;254;254;254m▄[38;2;255;255;255m[48;2;254;254;254m▄[38;2;255;255;255m[48;2;254;254;254m▄[38;2;255;255;255m[48;2;254;254;254m▄[0m
[38;2;255;255;255m[48;2;255;255;255m▄[38;2;255;255;255m[48;2;255;255;255m▄[38;2;255;255;255m[48;2;255;255;255m▄[38;2;255;255;255m[48;2;255;255;255m▄[38;2;255;255;255m[48;2;255;255;255m▄[38;2;189;189;189m[48;2;187;187;187m▄[38;2;227;227;227m[48;2;227;227;227m▄[38;2;255;255;255m[48;2;255;255;255m▄[38;2;255;255;255m[48;2;255;255;255m▄[38;2;236;236;236m[48;2;255;255;255m▄[38;2;214;214;214m[48;2;233;233;233m▄[38;2;215;215;215m[48;2;191;191;191m▄[38;2;227;227;227m[48;2;198;198;198m▄[38;2;199;199;199m[48;2;220;220;220m▄[38;2;233;233;233m[48;2;255;255;255m▄[38;2;252;252;252m[48;2;255;255;255m▄[38;2;255;255;255m[48;2;255;255;255m▄[38;2;192;192;192m[48;2;255;255;255m▄[38;2;164;164;164m[48;2;255;255;255m▄[38;2;175;175;175m[48;2;255;255;255m▄[38;2;202;202;202m[48;2;255;255;255m▄[38;2;193;193;193m[48;2;255;255;255m▄[38;2;202;202;202m[48;2;255;255;255m▄[38;2;226;226;226m[48;2;255;255;255m▄[38;2;214;214;214m[48;2;255;255;255m▄[38;2;165;165;165m[48;2;255;255;255m▄[38;2;197;197;197m[48;2;255;255;255m▄[38;2;199;199;199m[48;2;255;255;255m▄[38;2;193;193;193m[48;2;255;255;255m▄[38;2;199;199;199m[48;2;255;255;255m▄[38;2;191;191;191m[48;2;255;255;255m▄[38;2;207;207;207m[48;2;255;255;255m▄[38;2;177;177;177m[48;2;255;255;255m▄[38;2;201;201;201m[48;2;255;255;255m▄[38;2;201;201;201m[48;2;255;255;255m▄[38;2;199;199;199m[48;2;255;255;255m▄[38;2;202;202;202m[48;2;255;255;255m▄[38;2;193;193;193m[48;2;255;255;255m▄[38;2;216;216;216m[48;2;255;255;255m▄[38;2;255;255;255m[48;2;255;255;255m▄[38;2;255;255;255m[48;2;255;255;255m▄[38;2;255;255;255m[48;2;255;255;255m▄[38;2;255;255;255m[48;2;255;255;255m▄[38;2;255;255;255m[48;2;255;255;255m▄[38;2;255;255;255m[48;2;255;255;255m▄[38;2;255;255;255m[48;2;255;255;255m▄[38;2;255;255;255m[48;2;255;255;255m▄[38;2;255;255;255m[48;2;255;255;255m▄[38;2;255;255;255m[48;2;255;255;255m▄[38;2;255;255;255m[48;2;255;255;255m▄[38;2;255;255;255m[48;2;255;255;255m▄[38;2;255;255;255m[48;2;255;255;255m▄[38;2;255;255;255m[48;2;255;255;255m▄[38;2;255;255;255m[48;2;255;255;255m▄[38;2;255;255;255m[48;2;255;255;255m▄[38;2;255;255;255m[48;2;255;255;255m▄[38;2;255;255;255m[48;2;255;255;255m▄[38;2;255;255;255m[48;2;255;255;255m▄[38;2;255;255;255m[48;2;255;255;255m▄[38;2;255;255;255m[48;2;255;255;255m▄[0m
[38;2;255;255;255m[48;2;255;255;255m▄[38;2;255;255;255m[48;2;255;255;255m▄[38;2;255;255;255m[48;2;255;255;255m▄[38;2;255;255;255m[48;2;255;255;255m▄[38;2;255;255;255m[48;2;255;255;255m▄[38;2;189;189;189m[48;2;189;189;189m▄[38;2;227;227;227m[48;2;227;227;227m▄[38;2;255;255;255m[48;2;255;255;255m▄[38;2;229;229;229m[48;2;228;228;228m▄[38;2;231;231;231m[48;2;234;234;234m▄[38;2;243;243;243m[48;2;255;255;255m▄[38;2;232;232;232m[48;2;232;232;232m▄[38;2;202;202;202m[48;2;218;218;218m▄[38;2;246;246;246m[48;2;226;226;226m▄[38;2;203;203;203m[48;2;210;210;210m▄[38;2;222;222;222m[48;2;221;221;221m▄[38;2;251;251;251m[48;2;254;254;254m▄[38;2;255;255;255m[48;2;210;210;210m▄[38;2;255;255;255m[48;2;184;184;184m▄[38;2;255;255;255m[48;2;171;171;171m▄[38;2;255;255;255m[48;2;166;166;166m▄[38;2;255;255;255m[48;2;163;163;163m▄[38;2;255;255;255m[48;2;133;133;133m▄[38;2;255;255;255m[48;2;203;203;203m▄[38;2;255;255;255m[48;2;189;189;189m▄[38;2;255;255;255m[48;2;148;148;148m▄[38;2;255;255;255m[48;2;164;164;164m▄[38;2;255;255;255m[48;2;166;166;166m▄[38;2;255;255;255m[48;2;165;165;165m▄[38;2;255;255;255m[48;2;216;216;216m▄[38;2;255;255;255m[48;2;186;186;186m▄[38;2;255;255;255m[48;2;203;203;203m▄[38;2;255;255;255m[48;2;148;148;148m▄[38;2;255;255;255m[48;2;175;175;175m▄[38;2;255;255;255m[48;2;172;172;172m▄[38;2;255;255;255m[48;2;162;162;162m▄[38;2;255;255;255m[48;2;175;175;175m▄[38;2;255;255;255m[48;2;151;151;151m▄[38;2;255;255;255m[48;2;198;198;198m▄[38;2;255;255;255m[48;2;255;255;255m▄[38;2;255;255;255m[48;2;255;255;255m▄[38;2;255;255;255m[48;2;255;255;255m▄[38;2;255;255;255m[48;2;255;255;255m▄[38;2;255;255;255m[48;2;255;255;255m▄[38;2;255;255;255m[48;2;255;255;255m▄[38;2;255;255;255m[48;2;255;255;255m▄[38;2;255;255;255m[48;2;255;255;255m▄[38;2;255;255;255m[48;2;255;255;255m▄[38;2;255;255;255m[48;2;255;255;255m▄[38;2;255;255;255m[48;2;255;255;255m▄[38;2;255;255;255m[48;2;255;255;255m▄[38;2;255;255;255m[48;2;255;255;255m▄[38;2;255;255;255m[48;2;255;255;255m▄[38;2;255;255;255m[48;2;255;255;255m▄[38;2;255;255;255m[48;2;255;255;255m▄[38;2;255;255;255m[48;2;255;255;255m▄[38;2;255;255;255m[48;2;255;255;255m▄[38;2;255;255;255m[48;2;255;255;255m▄[38;2;255;255;255m[48;2;255;255;255m▄[38;2;255;255;255m[48;2;255;255;255m▄[0m
[38;2;255;255;255m[48;2;255;255;255m▄[38;2;255;255;255m[48;2;255;255;255m▄[38;2;255;255;255m[48;2;255;255;255m▄[38;2;255;255;255m[48;2;255;255;255m▄[38;2;255;255;255m[48;2;255;255;255m▄[38;2;189;189;189m[48;2;188;188;188m▄[38;2;207;207;207m[48;2;231;231;231m▄[38;2;244;244;244m[48;2;255;255;255m▄[38;2;224;224;224m[48;2;255;255;255m▄[38;2;199;199;199m[48;2;220;220;220m▄[38;2;234;234;234m[48;2;220;220;220m▄[38;2;230;230;230m[48;2;241;241;241m▄[38;2;220;220;220m[48;2;242;242;242m▄[38;2;197;197;197m[48;2;223;223;223m▄[38;2;213;213;213m[48;2;220;220;220m▄[38;2;234;234;234m[48;2;231;231;231m▄[38;2;235;235;235m[48;2;255;255;255m▄[38;2;255;255;255m[48;2;255;255;255m▄[38;2;255;255;255m[48;2;255;255;255m▄[38;2;255;255;255m[48;2;255;255;255m▄[38;2;255;255;255m[48;2;255;255;255m▄[38;2;255;255;255m[48;2;255;255;255m▄[38;2;255;255;255m[48;2;255;255;255m▄[38;2;255;255;255m[48;2;255;255;255m▄[38;2;255;255;255m[48;2;255;255;255m▄[38;2;255;255;255m[48;2;255;255;255m▄[38;2;255;255;255m[48;2;255;255;255m▄[38;2;255;255;255m[48;2;255;255;255m▄[38;2;255;255;255m[48;2;255;255;255m▄[38;2;255;255;255m[48;2;255;255;255m▄[38;2;255;255;255m[48;2;255;255;255m▄[38;2;255;255;255m[48;2;255;255;255m▄[38;2;255;255;255m[48;2;255;255;255m▄[38;2;255;255;255m[48;2;255;255;255m▄[38;2;255;255;255m[48;2;255;255;255m▄[38;2;255;255;255m[48;2;255;255;255m▄[38;2;255;255;255m[48;2;255;255;255m▄[38;2;255;255;255m[48;2;255;255;255m▄[38;2;255;255;255m[48;2;255;255;255m▄[38;2;255;255;255m[48;2;255;255;255m▄[38;2;255;255;255m[48;2;255;255;255m▄[38;2;247;247;247m[48;2;255;255;255m▄[38;2;239;239;239m[48;2;255;255;255m▄[38;2;220;220;220m[48;2;255;255;255m▄[38;2;222;222;222m[48;2;255;255;255m▄[38;2;235;235;235m[48;2;255;255;255m▄[38;2;247;247;247m[48;2;255;255;255m▄[38;2;255;255;255m[48;2;255;255;255m▄[38;2;255;255;255m[48;2;255;255;255m▄[38;2;255;255;255m[48;2;255;255;255m▄[38;2;255;255;255m[48;2;255;255;255m▄[38;2;255;255;255m[48;2;255;255;255m▄[38;2;255;255;255m[48;2;255;255;255m▄[38;2;255;255;255m[48;2;255;255;255m▄[38;2;255;255;255m[48;2;255;255;255m▄[38;2;255;255;255m[48;2;255;255;255m▄[38;2;255;255;255m[48;2;255;255;255m▄[38;2;255;255;255m[48;2;255;255;255m▄[38;2;255;255;255m[48;2;255;255;255m▄[38;2;255;255;255m[48;2;255;255;255m▄[0m
[38;2;255;255;255m[48;2;255;255;255m▄[38;2;255;255;255m[48;2;255;255;255m▄[38;2;255;255;255m[48;2;255;255;255m▄[38;2;252;252;252m[48;2;255;255;255m▄[38;2;200;200;200m[48;2;235;235;235m▄[38;2;255;255;255m[48;2;210;210;210m▄[38;2;254;254;254m[48;2;231;231;231m▄[38;2;241;241;241m[48;2;254;254;254m▄[38;2;255;255;255m[48;2;252;252;252m▄[38;2;255;255;255m[48;2;238;238;238m▄[38;2;255;255;255m[48;2;240;240;240m▄[38;2;242;242;242m[48;2;241;241;241m▄[38;2;242;242;242m[48;2;244;244;244m▄[38;2;237;237;237m[48;2;250;250;250m▄[38;2;255;255;255m[48;2;255;255;255m▄[38;2;248;248;248m[48;2;254;254;254m▄[38;2;217;217;217m[48;2;214;214;214m▄[38;2;219;219;219m[48;2;229;229;229m▄[38;2;255;255;255m[48;2;255;255;255m▄[38;2;255;255;255m[48;2;255;255;255m▄[38;2;255;255;255m[48;2;255;255;255m▄[38;2;255;255;255m[48;2;255;255;255m▄[38;2;255;255;255m[48;2;255;255;255m▄[38;2;255;255;255m[48;2;255;255;255m▄[38;2;255;255;255m[48;2;255;255;255m▄[38;2;255;255;255m[48;2;255;255;255m▄[38;2;255;255;255m[48;2;255;255;255m▄[38;2;255;255;255m[48;2;255;255;255m▄[38;2;255;255;255m[48;2;255;255;255m▄[38;2;255;255;255m[48;2;255;255;255m▄[38;2;255;255;255m[48;2;255;255;255m▄[38;2;255;255;255m[48;2;255;255;255m▄[38;2;255;255;255m[48;2;255;255;255m▄[38;2;255;255;255m[48;2;255;255;255m▄[38;2;255;255;255m[48;2;255;255;255m▄[38;2;255;255;255m[48;2;255;255;255m▄[38;2;255;255;255m[48;2;255;255;255m▄[38;2;255;255;255m[48;2;255;255;255m▄[38;2;255;255;255m[48;2;255;255;255m▄[38;2;208;208;208m[48;2;215;215;215m▄[38;2;222;222;222m[48;2;186;186;186m▄[38;2;252;252;252m[48;2;196;196;196m▄[38;2;255;255;255m[48;2;208;208;208m▄[38;2;255;255;255m[48;2;213;213;213m▄[38;2;255;255;255m[48;2;195;195;195m▄[38;2;230;230;230m[48;2;207;207;207m▄[38;2;201;201;201m[48;2;175;175;175m▄[38;2;250;250;250m[48;2;228;228;228m▄[38;2;255;255;255m[48;2;255;255;255m▄[38;2;255;255;255m[48;2;255;255;255m▄[38;2;255;255;255m[48;2;255;255;255m▄[38;2;255;255;255m[48;2;255;255;255m▄[38;2;255;255;255m[48;2;255;255;255m▄[38;2;255;255;255m[48;2;255;255;255m▄[38;2;249;249;249m[48;2;255;255;255m▄[38;2;250;250;250m[48;2;255;255;255m▄[38;2;255;255;255m[48;2;255;255;255m▄[38;2;255;255;255m[48;2;255;255;255m▄[38;2;255;255;255m[48;2;255;255;255m▄[38;2;255;255;255m[48;2;255;255;255m▄[0m
[38;2;255;255;255m[48;2;255;255;255m▄[38;2;255;255;255m[48;2;255;255;255m▄[38;2;255;255;255m[48;2;255;255;255m▄[38;2;255;255;255m[48;2;250;250;250m▄[38;2;218;218;218m[48;2;211;211;211m▄[38;2;226;226;226m[48;2;238;238;238m▄[38;2;247;247;247m[48;2;217;217;217m▄[38;2;210;210;210m[48;2;195;195;195m▄[38;2;223;223;223m[48;2;246;246;246m▄[38;2;202;202;202m[48;2;244;244;244m▄[38;2;210;210;210m[48;2;226;226;226m▄[38;2;215;215;215m[48;2;184;184;184m▄[38;2;214;214;214m[48;2;203;203;203m▄[38;2;236;236;236m[48;2;167;167;167m▄[38;2;255;255;255m[48;2;254;254;254m▄[38;2;214;214;214m[48;2;234;234;234m▄[38;2;197;197;197m[48;2;189;189;189m▄[38;2;254;254;254m[48;2;228;228;228m▄[38;2;255;255;255m[48;2;255;255;255m▄[38;2;255;255;255m[48;2;255;255;255m▄[38;2;255;255;255m[48;2;255;255;255m▄[38;2;255;255;255m[48;2;255;255;255m▄[38;2;255;255;255m[48;2;255;255;255m▄[38;2;255;255;255m[48;2;255;255;255m▄[38;2;255;255;255m[48;2;255;255;255m▄[38;2;255;255;255m[48;2;255;255;255m▄[38;2;255;255;255m[48;2;255;255;255m▄[38;2;255;255;255m[48;2;255;255;255m▄[38;2;255;255;255m[48;2;255;255;255m▄[38;2;255;255;255m[48;2;255;255;255m▄[38;2;255;255;255m[48;2;255;255;255m▄[38;2;255;255;255m[48;2;255;255;255m▄[38;2;255;255;255m[48;2;255;255;255m▄[38;2;255;255;255m[48;2;255;255;255m▄[38;2;255;255;255m[48;2;255;255;255m▄[38;2;255;255;255m[48;2;255;255;255m▄[38;2;255;255;255m[48;2;255;255;255m▄[38;2;255;255;255m[48;2;255;255;255m▄[38;2;254;254;254m[48;2;252;252;252m▄[38;2;174;174;174m[48;2;185;185;185m▄[38;2;199;199;199m[48;2;250;250;250m▄[38;2;233;233;233m[48;2;253;253;253m▄[38;2;229;229;229m[48;2;253;253;253m▄[38;2;188;188;188m[48;2;250;250;250m▄[38;2;183;183;183m[48;2;234;234;234m▄[38;2;197;197;197m[48;2;184;184;184m▄[38;2;255;255;255m[48;2;251;251;251m▄[38;2;255;255;255m[48;2;255;255;255m▄[38;2;255;255;255m[48;2;255;255;255m▄[38;2;255;255;255m[48;2;255;255;255m▄[38;2;235;235;235m[48;2;255;255;255m▄[38;2;191;191;191m[48;2;249;249;249m▄[38;2;226;226;226m[48;2;213;213;213m▄[38;2;255;255;255m[48;2;208;208;208m▄[38;2;255;255;255m[48;2;226;226;226m▄[38;2;255;255;255m[48;2;219;219;219m▄[38;2;246;246;246m[48;2;209;209;209m▄[38;2;207;207;207m[48;2;223;223;223m▄[38;2;202;202;202m[48;2;255;255;255m▄[38;2;255;255;255m[48;2;255;255;255m▄[0m
[38;2;255;255;255m[48;2;255;255;255m▄[38;2;255;255;255m[48;2;255;255;255m▄[38;2;255;255;255m[48;2;255;255;255m▄[38;2;255;255;255m[48;2;255;255;255m▄[38;2;255;255;255m[48;2;249;249;249m▄[38;2;242;242;242m[48;2;210;210;210m▄[38;2;177;177;177m[48;2;213;213;213m▄[38;2;222;222;222m[48;2;216;216;216m▄[38;2;222;222;222m[48;2;224;224;224m▄[38;2;244;244;244m[48;2;241;241;241m▄[38;2;245;245;245m[48;2;255;255;255m▄[38;2;244;244;244m[48;2;255;255;255m▄[38;2;242;242;242m[48;2;255;255;255m▄[38;2;242;242;242m[48;2;255;255;255m▄[38;2;241;241;241m[48;2;255;255;255m▄[38;2;220;220;220m[48;2;223;223;223m▄[38;2;185;185;185m[48;2;199;199;199m▄[38;2;255;255;255m[48;2;255;255;255m▄[38;2;255;255;255m[48;2;255;255;255m▄[38;2;255;255;255m[48;2;255;255;255m▄[38;2;255;255;255m[48;2;255;255;255m▄[38;2;255;255;255m[48;2;255;255;255m▄[38;2;255;255;255m[48;2;255;255;255m▄[38;2;255;255;255m[48;2;255;255;255m▄[38;2;255;255;255m[48;2;255;255;255m▄[38;2;255;255;255m[48;2;255;255;255m▄[38;2;255;255;255m[48;2;255;255;255m▄[38;2;255;255;255m[48;2;255;255;255m▄[38;2;255;255;255m[48;2;255;255;255m▄[38;2;255;255;255m[48;2;255;255;255m▄[38;2;255;255;255m[48;2;255;255;255m▄[38;2;255;255;255m[48;2;255;255;255m▄[38;2;255;255;255m[48;2;255;255;255m▄[38;2;255;255;255m[48;2;255;255;255m▄[38;2;255;255;255m[48;2;255;255;255m▄[38;2;241;241;241m[48;2;255;255;255m▄[38;2;216;216;216m[48;2;255;255;255m▄[38;2;213;213;213m[48;2;255;255;255m▄[38;2;222;222;222m[48;2;251;251;251m▄[38;2;215;215;215m[48;2;213;213;213m▄[38;2;195;195;195m[48;2;222;222;222m▄[38;2;222;222;222m[48;2;255;255;255m▄[38;2;240;240;240m[48;2;255;255;255m▄[38;2;193;193;193m[48;2;220;220;220m▄[38;2;153;153;153m[48;2;166;166;166m▄[38;2;235;235;235m[48;2;212;212;212m▄[38;2;244;244;244m[48;2;255;255;255m▄[38;2;247;247;247m[48;2;255;255;255m▄[38;2;255;255;255m[48;2;255;255;255m▄[38;2;255;255;255m[48;2;255;255;255m▄[38;2;202;202;202m[48;2;194;194;194m▄[38;2;255;255;255m[48;2;243;243;243m▄[38;2;195;195;195m[48;2;255;255;255m▄[38;2;170;170;170m[48;2;248;248;248m▄[38;2;187;187;187m[48;2;248;248;248m▄[38;2;193;193;193m[48;2;255;255;255m▄[38;2;205;205;205m[48;2;255;255;255m▄[38;2;220;220;220m[48;2;255;255;255m▄[38;2;243;243;243m[48;2;211;211;211m▄[38;2;218;218;218m[48;2;228;228;228m▄[0m
[38;2;255;255;255m[48;2;255;255;255m▄[38;2;255;255;255m[48;2;255;255;255m▄[38;2;255;255;255m[48;2;255;255;255m▄[38;2;255;255;255m[48;2;255;255;255m▄[38;2;255;255;255m[48;2;255;255;255m▄[38;2;242;242;242m[48;2;243;243;243m▄[38;2;187;187;187m[48;2;189;189;189m▄[38;2;230;230;230m[48;2;232;232;232m▄[38;2;222;222;222m[48;2;210;210;210m▄[38;2;255;255;255m[48;2;244;244;244m▄[38;2;255;255;255m[48;2;245;245;245m▄[38;2;255;255;255m[48;2;245;245;245m▄[38;2;239;239;239m[48;2;248;248;248m▄[38;2;254;254;254m[48;2;246;246;246m▄[38;2;255;255;255m[48;2;245;245;245m▄[38;2;240;240;240m[48;2;233;233;233m▄[38;2;215;215;215m[48;2;183;183;183m▄[38;2;255;255;255m[48;2;255;255;255m▄[38;2;255;255;255m[48;2;255;255;255m▄[38;2;255;255;255m[48;2;255;255;255m▄[38;2;255;255;255m[48;2;255;255;255m▄[38;2;255;255;255m[48;2;255;255;255m▄[38;2;255;255;255m[48;2;255;255;255m▄[38;2;255;255;255m[48;2;255;255;255m▄[38;2;255;255;255m[48;2;255;255;255m▄[38;2;255;255;255m[48;2;255;255;255m▄[38;2;255;255;255m[48;2;255;255;255m▄[38;2;255;255;255m[48;2;255;255;255m▄[38;2;255;255;255m[48;2;255;255;255m▄[38;2;255;255;255m[48;2;255;255;255m▄[38;2;255;255;255m[48;2;255;255;255m▄[38;2;255;255;255m[48;2;255;255;255m▄[38;2;255;255;255m[48;2;255;255;255m▄[38;2;252;252;252m[48;2;255;255;255m▄[38;2;178;178;178m[48;2;237;237;237m▄[38;2;196;196;196m[48;2;193;193;193m▄[38;2;255;255;255m[48;2;234;234;234m▄[38;2;255;255;255m[48;2;251;251;251m▄[38;2;255;255;255m[48;2;255;255;255m▄[38;2;255;255;255m[48;2;255;255;255m▄[38;2;255;255;255m[48;2;252;252;252m▄[38;2;255;255;255m[48;2;231;231;231m▄[38;2;255;255;255m[48;2;228;228;228m▄[38;2;255;255;255m[48;2;228;228;228m▄[38;2;255;255;255m[48;2;233;233;233m▄[38;2;255;255;255m[48;2;234;234;234m▄[38;2;255;255;255m[48;2;230;230;230m▄[38;2;255;255;255m[48;2;215;215;215m▄[38;2;255;255;255m[48;2;217;217;217m▄[38;2;247;247;247m[48;2;225;225;225m▄[38;2;237;237;237m[48;2;182;182;182m▄[38;2;213;213;213m[48;2;202;202;202m▄[38;2;226;226;226m[48;2;158;158;158m▄[38;2;179;179;179m[48;2;154;154;154m▄[38;2;138;138;138m[48;2;209;209;209m▄[38;2;181;181;181m[48;2;187;187;187m▄[38;2;229;229;229m[48;2;222;222;222m▄[38;2;185;185;185m[48;2;150;150;150m▄[38;2;221;221;221m[48;2;219;219;219m▄[38;2;233;233;233m[48;2;250;250;250m▄[0m
[38;2;255;255;255m[48;2;255;255;255m▄[38;2;255;255;255m[48;2;255;255;255m▄[38;2;255;255;255m[48;2;255;255;255m▄[38;2;255;255;255m[48;2;255;255;255m▄[38;2;255;255;255m[48;2;255;255;255m▄[38;2;232;232;232m[48;2;234;234;234m▄[38;2;188;188;188m[48;2;187;187;187m▄[38;2;233;233;233m[48;2;233;233;233m▄[38;2;219;219;219m[48;2;220;220;220m▄[38;2;255;255;255m[48;2;255;255;255m▄[38;2;255;255;255m[48;2;255;255;255m▄[38;2;255;255;255m[48;2;255;255;255m▄[38;2;219;219;219m[48;2;217;217;217m▄[38;2;250;250;250m[48;2;250;250;250m▄[38;2;255;255;255m[48;2;255;255;255m▄[38;2;241;241;241m[48;2;240;240;240m▄[38;2;203;203;203m[48;2;227;227;227m▄[38;2;255;255;255m[48;2;255;255;255m▄[38;2;255;255;255m[48;2;255;255;255m▄[38;2;255;255;255m[48;2;255;255;255m▄[38;2;255;255;255m[48;2;255;255;255m▄[38;2;255;255;255m[48;2;255;255;255m▄[38;2;255;255;255m[48;2;255;255;255m▄[38;2;255;255;255m[48;2;255;255;255m▄[38;2;255;255;255m[48;2;255;255;255m▄[38;2;255;255;255m[48;2;255;255;255m▄[38;2;255;255;255m[48;2;255;255;255m▄[38;2;255;255;255m[48;2;255;255;255m▄[38;2;255;255;255m[48;2;255;255;255m▄[38;2;255;255;255m[48;2;255;255;255m▄[38;2;255;255;255m[48;2;255;255;255m▄[38;2;255;255;255m[48;2;255;255;255m▄[38;2;255;255;255m[48;2;254;254;254m▄[38;2;234;234;234m[48;2;185;185;185m▄[38;2;183;183;183m[48;2;223;223;223m▄[38;2;174;174;174m[48;2;209;209;209m▄[38;2;172;172;172m[48;2;232;232;232m▄[38;2;255;255;255m[48;2;255;255;255m▄[38;2;255;255;255m[48;2;255;255;255m▄[38;2;255;255;255m[48;2;255;255;255m▄[38;2;255;255;255m[48;2;255;255;255m▄[38;2;255;255;255m[48;2;255;255;255m▄[38;2;255;255;255m[48;2;255;255;255m▄[38;2;255;255;255m[48;2;255;255;255m▄[38;2;255;255;255m[48;2;255;255;255m▄[38;2;255;255;255m[48;2;255;255;255m▄[38;2;255;255;255m[48;2;255;255;255m▄[38;2;253;253;253m[48;2;255;255;255m▄[38;2;164;164;164m[48;2;215;215;215m▄[38;2;213;213;213m[48;2;232;232;232m▄[38;2;233;233;233m[48;2;238;238;238m▄[38;2;208;208;208m[48;2;234;234;234m▄[38;2;192;192;192m[48;2;229;229;229m▄[38;2;239;239;239m[48;2;227;227;227m▄[38;2;224;224;224m[48;2;223;223;223m▄[38;2;230;230;230m[48;2;230;230;230m▄[38;2;232;232;232m[48;2;222;222;222m▄[38;2;223;223;223m[48;2;232;232;232m▄[38;2;203;203;203m[48;2;219;219;219m▄[38;2;229;229;229m[48;2;212;212;212m▄[0m
[38;2;255;255;255m[48;2;255;255;255m▄[38;2;255;255;255m[48;2;255;255;255m▄[38;2;255;255;255m[48;2;255;255;255m▄[38;2;255;255;255m[48;2;255;255;255m▄[38;2;255;255;255m[48;2;255;255;255m▄[38;2;240;240;240m[48;2;231;231;231m▄[38;2;217;217;217m[48;2;183;183;183m▄[38;2;231;231;231m[48;2;235;235;235m▄[38;2;233;233;233m[48;2;224;224;224m▄[38;2;255;255;255m[48;2;255;255;255m▄[38;2;255;255;255m[48;2;255;255;255m▄[38;2;253;253;253m[48;2;255;255;255m▄[38;2;205;205;205m[48;2;224;224;224m▄[38;2;252;252;252m[48;2;247;247;247m▄[38;2;255;255;255m[48;2;255;255;255m▄[38;2;216;216;216m[48;2;236;236;236m▄[38;2;225;225;225m[48;2;208;208;208m▄[38;2;255;255;255m[48;2;255;255;255m▄[38;2;255;255;255m[48;2;255;255;255m▄[38;2;255;255;255m[48;2;255;255;255m▄[38;2;255;255;255m[48;2;255;255;255m▄[38;2;255;255;255m[48;2;255;255;255m▄[38;2;255;255;255m[48;2;255;255;255m▄[38;2;255;255;255m[48;2;255;255;255m▄[38;2;255;255;255m[48;2;255;255;255m▄[38;2;255;255;255m[48;2;255;255;255m▄[38;2;255;255;255m[48;2;255;255;255m▄[38;2;255;255;255m[48;2;255;255;255m▄[38;2;255;255;255m[48;2;255;255;255m▄[38;2;255;255;255m[48;2;255;255;255m▄[38;2;255;255;255m[48;2;255;255;255m▄[38;2;255;255;255m[48;2;255;255;255m▄[38;2;255;255;255m[48;2;255;255;255m▄[38;2;253;253;253m[48;2;246;246;246m▄[38;2;235;235;235m[48;2;191;191;191m▄[38;2;230;230;230m[48;2;220;220;220m▄[38;2;201;201;201m[48;2;158;158;158m▄[38;2;224;224;224m[48;2;233;233;233m▄[38;2;255;255;255m[48;2;255;255;255m▄[38;2;255;255;255m[48;2;255;255;255m▄[38;2;255;255;255m[48;2;255;255;255m▄[38;2;255;255;255m[48;2;255;255;255m▄[38;2;255;255;255m[48;2;255;255;255m▄[38;2;255;255;255m[48;2;255;255;255m▄[38;2;255;255;255m[48;2;255;255;255m▄[38;2;255;255;255m[48;2;255;255;255m▄[38;2;255;255;255m[48;2;255;255;255m▄[38;2;248;248;248m[48;2;251;251;251m▄[38;2;204;204;204m[48;2;179;179;179m▄[38;2;250;250;250m[48;2;205;205;205m▄[38;2;244;244;244m[48;2;217;217;217m▄[38;2;244;244;244m[48;2;214;214;214m▄[38;2;250;250;250m[48;2;184;184;184m▄[38;2;207;207;207m[48;2;175;175;175m▄[38;2;255;255;255m[48;2;239;239;239m▄[38;2;255;255;255m[48;2;242;242;242m▄[38;2;255;255;255m[48;2;239;239;239m▄[38;2;201;201;201m[48;2;203;203;203m▄[38;2;243;243;243m[48;2;201;201;201m▄[38;2;243;243;243m[48;2;228;228;228m▄[0m
[38;2;255;255;255m[48;2;255;255;255m▄[38;2;253;253;253m[48;2;255;255;255m▄[38;2;214;214;214m[48;2;255;255;255m▄[38;2;216;216;216m[48;2;255;255;255m▄[38;2;226;226;226m[48;2;252;252;252m▄[38;2;229;229;229m[48;2;254;254;254m▄[38;2;226;226;226m[48;2;255;255;255m▄[38;2;214;214;214m[48;2;255;255;255m▄[38;2;207;207;207m[48;2;255;255;255m▄[38;2;221;221;221m[48;2;255;255;255m▄[38;2;208;208;208m[48;2;255;255;255m▄[38;2;210;210;210m[48;2;249;249;249m▄[38;2;209;209;209m[48;2;193;193;193m▄[38;2;221;221;221m[48;2;255;255;255m▄[38;2;219;219;219m[48;2;255;255;255m▄[38;2;178;178;178m[48;2;214;214;214m▄[38;2;245;245;245m[48;2;231;231;231m▄[38;2;255;255;255m[48;2;255;255;255m▄[38;2;254;254;254m[48;2;255;255;255m▄[38;2;248;248;248m[48;2;255;255;255m▄[38;2;249;249;249m[48;2;255;255;255m▄[38;2;251;251;251m[48;2;255;255;255m▄[38;2;253;253;253m[48;2;255;255;255m▄[38;2;255;255;255m[48;2;255;255;255m▄[38;2;255;255;255m[48;2;255;255;255m▄[38;2;255;255;255m[48;2;255;255;255m▄[38;2;255;255;255m[48;2;255;255;255m▄[38;2;255;255;255m[48;2;255;255;255m▄[38;2;255;255;255m[48;2;255;255;255m▄[38;2;255;255;255m[48;2;255;255;255m▄[38;2;255;255;255m[48;2;255;255;255m▄[38;2;255;255;255m[48;2;255;255;255m▄[38;2;255;255;255m[48;2;255;255;255m▄[38;2;255;255;255m[48;2;255;255;255m▄[38;2;255;255;255m[48;2;255;255;255m▄[38;2;255;255;255m[48;2;255;255;255m▄[38;2;229;229;229m[48;2;225;225;225m▄[38;2;211;211;211m[48;2;217;217;217m▄[38;2;255;255;255m[48;2;255;255;255m▄[38;2;255;255;255m[48;2;255;255;255m▄[38;2;255;255;255m[48;2;255;255;255m▄[38;2;255;255;255m[48;2;255;255;255m▄[38;2;255;255;255m[48;2;255;255;255m▄[38;2;255;255;255m[48;2;255;255;255m▄[38;2;255;255;255m[48;2;255;255;255m▄[38;2;255;255;255m[48;2;255;255;255m▄[38;2;255;255;255m[48;2;255;255;255m▄[38;2;234;234;234m[48;2;244;244;244m▄[38;2;193;193;193m[48;2;199;199;199m▄[38;2;255;255;255m[48;2;255;255;255m▄[38;2;255;255;255m[48;2;255;255;255m▄[38;2;255;255;255m[48;2;255;255;255m▄[38;2;210;210;210m[48;2;247;247;247m▄[38;2;196;196;196m[48;2;186;186;186m▄[38;2;235;235;235m[48;2;240;240;240m▄[38;2;237;237;237m[48;2;241;241;241m▄[38;2;234;234;234m[48;2;238;238;238m▄[38;2;236;236;236m[48;2;194;194;194m▄[38;2;192;192;192m[48;2;198;198;198m▄[38;2;233;233;233m[48;2;255;255;255m▄[0m
[38;2;219;219;219m[48;2;255;255;255m▄[38;2;190;190;190m[48;2;220;220;220m▄[38;2;176;176;176m[48;2;200;200;200m▄[38;2;224;224;224m[48;2;242;242;242m▄[38;2;236;236;236m[48;2;254;254;254m▄[38;2;200;200;200m[48;2;247;247;247m▄[38;2;186;186;186m[48;2;240;240;240m▄[38;2;182;182;182m[48;2;184;184;184m▄[38;2;251;251;251m[48;2;208;208;208m▄[38;2;255;255;255m[48;2;221;221;221m▄[38;2;255;255;255m[48;2;205;205;205m▄[38;2;255;255;255m[48;2;236;236;236m▄[38;2;237;237;237m[48;2;255;255;255m▄[38;2;210;210;210m[48;2;216;216;216m▄[38;2;220;220;220m[48;2;184;184;184m▄[38;2;241;241;241m[48;2;208;208;208m▄[38;2;231;231;231m[48;2;245;245;245m▄[38;2;208;208;208m[48;2;252;252;252m▄[38;2;173;173;173m[48;2;255;255;255m▄[38;2;203;203;203m[48;2;221;221;221m▄[38;2;192;192;192m[48;2;222;222;222m▄[38;2;241;241;241m[48;2;217;217;217m▄[38;2;255;255;255m[48;2;213;213;213m▄[38;2;255;255;255m[48;2;213;213;213m▄[38;2;253;253;253m[48;2;214;214;214m▄[38;2;251;251;251m[48;2;214;214;214m▄[38;2;255;255;255m[48;2;214;214;214m▄[38;2;255;255;255m[48;2;216;216;216m▄[38;2;255;255;255m[48;2;218;218;218m▄[38;2;247;247;247m[48;2;220;220;220m▄[38;2;239;239;239m[48;2;221;221;221m▄[38;2;237;237;237m[48;2;223;223;223m▄[38;2;235;235;235m[48;2;224;224;224m▄[38;2;233;233;233m[48;2;227;227;227m▄[38;2;231;231;231m[48;2;230;230;230m▄[38;2;228;228;228m[48;2;231;231;231m▄[38;2;209;209;209m[48;2;214;214;214m▄[38;2;212;212;212m[48;2;212;212;212m▄[38;2;252;252;252m[48;2;255;255;255m▄[38;2;250;250;250m[48;2;255;255;255m▄[38;2;250;250;250m[48;2;255;255;255m▄[38;2;250;250;250m[48;2;255;255;255m▄[38;2;251;251;251m[48;2;255;255;255m▄[38;2;250;250;250m[48;2;255;255;255m▄[38;2;252;252;252m[48;2;255;255;255m▄[38;2;255;255;255m[48;2;255;255;255m▄[38;2;251;251;251m[48;2;255;255;255m▄[38;2;234;234;234m[48;2;247;247;247m▄[38;2;186;186;186m[48;2;195;195;195m▄[38;2;222;222;222m[48;2;248;248;248m▄[38;2;201;201;201m[48;2;251;251;251m▄[38;2;190;190;190m[48;2;216;216;216m▄[38;2;255;255;255m[48;2;194;194;194m▄[38;2;255;255;255m[48;2;253;253;253m▄[38;2;255;255;255m[48;2;255;255;255m▄[38;2;184;184;184m[48;2;255;255;255m▄[38;2;201;201;201m[48;2;255;255;255m▄[38;2;255;255;255m[48;2;255;255;255m▄[38;2;255;255;255m[48;2;255;255;255m▄[38;2;239;239;239m[48;2;205;205;205m▄[0m
[38;2;232;232;232m[48;2;215;215;215m▄[38;2;232;232;232m[48;2;237;237;237m▄[38;2;203;203;203m[48;2;197;197;197m▄[38;2;208;208;208m[48;2;255;255;255m▄[38;2;228;228;228m[48;2;255;255;255m▄[38;2;218;218;218m[48;2;244;244;244m▄[38;2;149;149;149m[48;2;175;175;175m▄[38;2;215;215;215m[48;2;184;184;184m▄[38;2;237;237;237m[48;2;254;254;254m▄[38;2;237;237;237m[48;2;255;255;255m▄[38;2;248;248;248m[48;2;255;255;255m▄[38;2;255;255;255m[48;2;255;255;255m▄[38;2;213;213;213m[48;2;191;191;191m▄[38;2;232;232;232m[48;2;236;236;236m▄[38;2;229;229;229m[48;2;255;255;255m▄[38;2;159;159;159m[48;2;242;242;242m▄[38;2;182;182;182m[48;2;241;241;241m▄[38;2;198;198;198m[48;2;223;223;223m▄[38;2;194;194;194m[48;2;194;194;194m▄[38;2;208;208;208m[48;2;207;207;207m▄[38;2;227;227;227m[48;2;186;186;186m▄[38;2;227;227;227m[48;2;181;181;181m▄[38;2;205;205;205m[48;2;246;246;246m▄[38;2;255;255;255m[48;2;255;255;255m▄[38;2;255;255;255m[48;2;255;255;255m▄[38;2;219;219;219m[48;2;255;255;255m▄[38;2;190;190;190m[48;2;209;209;209m▄[38;2;202;202;202m[48;2;207;207;207m▄[38;2;177;177;177m[48;2;170;170;170m▄[38;2;165;165;165m[48;2;238;238;238m▄[38;2;253;253;253m[48;2;255;255;255m▄[38;2;255;255;255m[48;2;255;255;255m▄[38;2;255;255;255m[48;2;255;255;255m▄[38;2;255;255;255m[48;2;255;255;255m▄[38;2;255;255;255m[48;2;255;255;255m▄[38;2;255;255;255m[48;2;255;255;255m▄[38;2;255;255;255m[48;2;242;242;242m▄[38;2;219;219;219m[48;2;189;189;189m▄[38;2;217;217;217m[48;2;219;219;219m▄[38;2;255;255;255m[48;2;226;226;226m▄[38;2;255;255;255m[48;2;227;227;227m▄[38;2;252;252;252m[48;2;227;227;227m▄[38;2;255;255;255m[48;2;225;225;225m▄[38;2;255;255;255m[48;2;224;224;224m▄[38;2;255;255;255m[48;2;222;222;222m▄[38;2;255;255;255m[48;2;224;224;224m▄[38;2;255;255;255m[48;2;214;214;214m▄[38;2;255;255;255m[48;2;186;186;186m▄[38;2;252;252;252m[48;2;199;199;199m▄[38;2;239;239;239m[48;2;230;230;230m▄[38;2;232;232;232m[48;2;201;201;201m▄[38;2;226;226;226m[48;2;221;221;221m▄[38;2;222;222;222m[48;2;247;247;247m▄[38;2;220;220;220m[48;2;252;252;252m▄[38;2;216;216;216m[48;2;243;243;243m▄[38;2;212;212;212m[48;2;193;193;193m▄[38;2;190;190;190m[48;2;203;203;203m▄[38;2;217;217;217m[48;2;250;250;250m▄[38;2;253;253;253m[48;2;255;255;255m▄[38;2;255;255;255m[48;2;255;255;255m▄[0m
[38;2;255;255;255m[48;2;255;255;255m▄[38;2;255;255;255m[48;2;255;255;255m▄[38;2;255;255;255m[48;2;255;255;255m▄[38;2;255;255;255m[48;2;244;244;244m▄[38;2;255;255;255m[48;2;232;232;232m▄[38;2;255;255;255m[48;2;236;236;236m▄[38;2;255;255;255m[48;2;242;242;242m▄[38;2;255;255;255m[48;2;241;241;241m▄[38;2;255;255;255m[48;2;233;233;233m▄[38;2;255;255;255m[48;2;225;225;225m▄[38;2;255;255;255m[48;2;215;215;215m▄[38;2;253;253;253m[48;2;222;222;222m▄[38;2;243;243;243m[48;2;204;204;204m▄[38;2;227;227;227m[48;2;186;186;186m▄[38;2;228;228;228m[48;2;184;184;184m▄[38;2;213;213;213m[48;2;142;142;142m▄[38;2;147;147;147m[48;2;185;185;185m▄[38;2;160;160;160m[48;2;187;187;187m▄[38;2;224;224;224m[48;2;218;218;218m▄[38;2;204;204;204m[48;2;184;184;184m▄[38;2;214;214;214m[48;2;142;142;142m▄[38;2;213;213;213m[48;2;208;208;208m▄[38;2;202;202;202m[48;2;181;181;181m▄[38;2;214;214;214m[48;2;218;218;218m▄[38;2;203;203;203m[48;2;212;212;212m▄[38;2;207;207;207m[48;2;204;204;204m▄[38;2;230;230;230m[48;2;223;223;223m▄[38;2;255;255;255m[48;2;241;241;241m▄[38;2;255;255;255m[48;2;228;228;228m▄[38;2;255;255;255m[48;2;221;221;221m▄[38;2;255;255;255m[48;2;255;255;255m▄[38;2;255;255;255m[48;2;255;255;255m▄[38;2;255;255;255m[48;2;255;255;255m▄[38;2;255;255;255m[48;2;255;255;255m▄[38;2;255;255;255m[48;2;255;255;255m▄[38;2;255;255;255m[48;2;255;255;255m▄[38;2;255;255;255m[48;2;255;255;255m▄[38;2;190;190;190m[48;2;232;232;232m▄[38;2;235;235;235m[48;2;203;203;203m▄[38;2;255;255;255m[48;2;255;255;255m▄[38;2;250;250;250m[48;2;235;235;235m▄[38;2;191;191;191m[48;2;204;204;204m▄[38;2;226;226;226m[48;2;255;255;255m▄[38;2;242;242;242m[48;2;255;255;255m▄[38;2;247;247;247m[48;2;255;255;255m▄[38;2;254;254;254m[48;2;255;255;255m▄[38;2;255;255;255m[48;2;255;255;255m▄[38;2;255;255;255m[48;2;255;255;255m▄[38;2;255;255;255m[48;2;255;255;255m▄[38;2;255;255;255m[48;2;255;255;255m▄[38;2;255;255;255m[48;2;255;255;255m▄[38;2;255;255;255m[48;2;255;255;255m▄[38;2;255;255;255m[48;2;255;255;255m▄[38;2;255;255;255m[48;2;255;255;255m▄[38;2;255;255;255m[48;2;252;252;252m▄[38;2;255;255;255m[48;2;245;245;245m▄[38;2;255;255;255m[48;2;232;232;232m▄[38;2;255;255;255m[48;2;220;220;220m▄[38;2;216;216;216m[48;2;194;194;194m▄[38;2;237;237;237m[48;2;254;254;254m▄[0m
[38;2;254;254;254m[48;2;255;255;255m▄[38;2;255;255;255m[48;2;255;255;255m▄[38;2;255;255;255m[48;2;255;255;255m▄[38;2;255;255;255m[48;2;255;255;255m▄[38;2;255;255;255m[48;2;255;255;255m▄[38;2;255;255;255m[48;2;255;255;255m▄[38;2;255;255;255m[48;2;255;255;255m▄[38;2;255;255;255m[48;2;255;255;255m▄[38;2;255;255;255m[48;2;255;255;255m▄[38;2;255;255;255m[48;2;255;255;255m▄[38;2;209;209;209m[48;2;225;225;225m▄[38;2;197;197;197m[48;2;209;209;209m▄[38;2;246;246;246m[48;2;235;235;235m▄[38;2;247;247;247m[48;2;237;237;237m▄[38;2;195;195;195m[48;2;218;218;218m▄[38;2;241;241;241m[48;2;239;239;239m▄[38;2;245;245;245m[48;2;226;226;226m▄[38;2;244;244;244m[48;2;236;236;236m▄[38;2;251;251;251m[48;2;226;226;226m▄[38;2;251;251;251m[48;2;235;235;235m▄[38;2;203;203;203m[48;2;225;225;225m▄[38;2;234;234;234m[48;2;212;212;212m▄[38;2;223;223;223m[48;2;208;208;208m▄[38;2;255;255;255m[48;2;231;231;231m▄[38;2;255;255;255m[48;2;231;231;231m▄[38;2;255;255;255m[48;2;255;255;255m▄[38;2;255;255;255m[48;2;255;255;255m▄[38;2;255;255;255m[48;2;255;255;255m▄[38;2;255;255;255m[48;2;255;255;255m▄[38;2;255;255;255m[48;2;255;255;255m▄[38;2;255;255;255m[48;2;255;255;255m▄[38;2;255;255;255m[48;2;255;255;255m▄[38;2;255;255;255m[48;2;255;255;255m▄[38;2;255;255;255m[48;2;255;255;255m▄[38;2;251;251;251m[48;2;255;255;255m▄[38;2;209;209;209m[48;2;249;249;249m▄[38;2;247;247;247m[48;2;198;198;198m▄[38;2;255;255;255m[48;2;215;215;215m▄[38;2;255;255;255m[48;2;255;255;255m▄[38;2;255;255;255m[48;2;255;255;255m▄[38;2;255;255;255m[48;2;255;255;255m▄[38;2;255;255;255m[48;2;249;249;249m▄[38;2;255;255;255m[48;2;227;227;227m▄[38;2;234;234;234m[48;2;225;225;225m▄[38;2;249;249;249m[48;2;215;215;215m▄[38;2;255;255;255m[48;2;217;217;217m▄[38;2;255;255;255m[48;2;216;216;216m▄[38;2;255;255;255m[48;2;219;219;219m▄[38;2;238;238;238m[48;2;233;233;233m▄[38;2;236;236;236m[48;2;251;251;251m▄[38;2;242;242;242m[48;2;255;255;255m▄[38;2;236;236;236m[48;2;255;255;255m▄[38;2;252;252;252m[48;2;255;255;255m▄[38;2;255;255;255m[48;2;255;255;255m▄[38;2;255;255;255m[48;2;255;255;255m▄[38;2;255;255;255m[48;2;255;255;255m▄[38;2;255;255;255m[48;2;255;255;255m▄[38;2;255;255;255m[48;2;255;255;255m▄[38;2;255;255;255m[48;2;235;235;235m▄[38;2;244;244;244m[48;2;226;226;226m▄[0m
