[38;2;138;138;138m[48;2;157;157;157m▄[38;2;206;206;205m[48;2;151;151;151m▄[38;2;215;215;215m[48;2;144;144;144m▄[38;2;211;212;211m[48;2;144;144;144m▄[38;2;213;212;212m[48;2;146;146;146m▄[38;2;213;210;210m[48;2;142;142;142m▄[38;2;217;216;216m[48;2;140;140;140m▄[38;2;203;208;210m[48;2;148;146;144m▄[38;2;200;204;204m[48;2;148;146;146m▄[38;2;220;220;219m[48;2;142;142;142m▄[38;2;219;217;217m[48;2;144;144;144m▄[38;2;211;209;209m[48;2;148;148;148m▄[38;2;180;178;179m[48;2;159;159;157m▄[38;2;220;220;221m[48;2;148;146;146m▄[38;2;211;213;214m[48;2;150;150;150m▄[38;2;196;195;196m[48;2;153;153;153m▄[38;2;212;212;212m[48;2;144;144;144m▄[38;2;213;212;211m[48;2;144;144;144m▄[38;2;216;214;215m[48;2;146;146;146m▄[38;2;213;217;218m[48;2;148;146;146m▄[38;2;215;217;217m[48;2;144;142;142m▄[38;2;215;212;212m[48;2;142;142;142m▄[38;2;215;214;214m[48;2;140;138;140m▄[38;2;194;194;193m[48;2;148;148;148m▄[38;2;187;185;185m[48;2;148;150;150m▄[38;2;216;214;215m[48;2;138;138;138m▄[38;2;216;217;218m[48;2;142;142;142m▄[38;2;223;223;222m[48;2;140;140;140m▄[38;2;204;203;202m[48;2;136;136;138m▄[38;2;175;174;174m[48;2;135;135;135m▄[38;2;162;163;163m[48;2;170;170;170m▄[38;2;170;178;178m[48;2;135;131;131m▄[38;2;214;219;220m[48;2;146;144;144m▄[38;2;202;207;208m[48;2;144;142;142m▄[38;2;193;197;200m[48;2;144;140;140m▄[38;2;208;212;215m[48;2;142;138;138m▄[38;2;221;222;222m[48;2;136;136;138m▄[38;2;221;221;220m[48;2;144;144;144m▄[38;2;141;141;141m[48;2;138;138;138m▄[38;2;191;190;190m[48;2;112;108;110m▄[38;2;225;223;224m[48;2;142;140;140m▄[38;2;220;220;220m[48;2;136;136;136m▄[38;2;219;219;219m[48;2;131;131;131m▄[38;2;219;218;219m[48;2;123;121;123m▄[38;2;220;218;219m[48;2;121;120;121m▄[38;2;220;219;220m[48;2;127;125;127m▄[38;2;220;220;220m[48;2;129;129;129m▄[38;2;221;219;220m[48;2;129;127;129m▄[38;2;220;220;220m[48;2;129;127;129m▄[38;2;221;220;220m[48;2;129;127;129m▄[38;2;222;220;221m[48;2;129;127;127m▄[38;2;221;221;221m[48;2;123;123;123m▄[38;2;222;220;221m[48;2;123;121;121m▄[38;2;222;221;221m[48;2;123;120;121m▄[38;2;221;220;220m[48;2;118;116;118m▄[38;2;222;220;221m[48;2;116;114;116m▄[38;2;224;221;221m[48;2;105;101;103m▄[38;2;135;145;148m[48;2;80;82;84m▄[38;2;200;214;216m[48;2;105;105;105m▄[38;2;226;223;222m[48;2;129;127;127m▄[0m
[38;2;151;150;153m[48;2;159;155;159m▄[38;2;173;192;195m[48;2;240;243;243m▄[38;2;188;214;218m[48;2;254;255;254m▄[38;2;185;210;216m[48;2;249;250;249m▄[38;2;177;203;208m[48;2;244;250;250m▄[38;2;170;194;197m[48;2;232;246;248m▄[38;2;185;197;199m[48;2;203;225;228m▄[38;2;235;236;236m[48;2;148;165;168m▄[38;2;231;231;231m[48;2;162;178;182m▄[38;2;206;209;211m[48;2;198;214;215m▄[38;2;200;205;206m[48;2;206;222;223m▄[38;2;204;209;209m[48;2;197;215;217m▄[38;2;206;214;215m[48;2;170;187;189m▄[38;2;224;227;227m[48;2;189;204;206m▄[38;2;213;216;216m[48;2;169;185;187m▄[38;2;186;199;201m[48;2;211;219;220m▄[38;2;185;204;206m[48;2;251;253;253m▄[38;2;183;202;205m[48;2;246;251;251m▄[38;2;183;196;196m[48;2;221;232;236m▄[38;2;234;233;233m[48;2;172;184;185m▄[38;2;209;210;212m[48;2;183;199;204m▄[38;2;174;189;192m[48;2;228;240;241m▄[38;2;179;201;205m[48;2;248;254;254m▄[38;2;188;210;214m[48;2;229;232;233m▄[38;2;192;217;219m[48;2;218;225;225m▄[38;2;180;196;198m[48;2;240;255;255m▄[38;2;201;204;204m[48;2;179;195;196m▄[38;2;203;204;204m[48;2;189;198;198m▄[38;2;166;171;173m[48;2;214;220;219m▄[38;2;185;187;188m[48;2;188;190;190m▄[38;2;175;175;176m[48;2;168;167;169m▄[38;2;213;229;233m[48;2;172;174;175m▄[38;2;255;255;255m[48;2;196;200;201m▄[38;2;255;255;255m[48;2;197;202;204m▄[38;2;211;209;208m[48;2;200;206;207m▄[38;2;198;197;197m[48;2;230;235;236m▄[38;2;250;250;250m[48;2;254;253;254m▄[38;2;165;164;164m[48;2;178;178;178m▄[38;2;248;248;248m[48;2;190;190;190m▄[38;2;242;242;242m[48;2;253;253;253m▄[38;2;179;178;178m[48;2;249;249;249m▄[38;2;202;201;201m[48;2;249;249;249m▄[38;2;228;227;228m[48;2;246;246;246m▄[38;2;213;213;213m[48;2;247;248;247m▄[38;2;224;224;225m[48;2;245;245;245m▄[38;2;252;252;252m[48;2;240;241;240m▄[38;2;237;236;236m[48;2;243;243;243m▄[38;2;191;190;190m[48;2;250;250;250m▄[38;2;227;228;227m[48;2;245;245;245m▄[38;2;251;251;251m[48;2;240;241;241m▄[38;2;204;202;203m[48;2;248;248;248m▄[38;2;220;218;219m[48;2;246;246;246m▄[38;2;214;213;213m[48;2;248;248;248m▄[38;2;206;205;205m[48;2;247;248;247m▄[38;2;187;186;186m[48;2;248;248;248m▄[38;2;250;250;250m[48;2;241;241;241m▄[38;2;255;255;255m[48;2;252;251;251m▄[38;2;202;200;199m[48;2;179;184;185m▄[38;2;166;196;201m[48;2;183;210;213m▄[38;2;245;253;254m[48;2;245;244;244m▄[0m
[38;2;174;174;174m[48;2;166;166;166m▄[38;2;239;238;237m[48;2;222;220;221m▄[38;2;229;226;225m[48;2;208;210;211m▄[38;2;231;235;234m[48;2;192;194;195m▄[38;2;229;234;234m[48;2;210;209;210m▄[38;2;186;199;200m[48;2;249;251;251m▄[38;2;219;238;239m[48;2;255;255;255m▄[38;2;252;255;255m[48;2;255;255;255m▄[38;2;245;245;244m[48;2;208;207;207m▄[38;2;235;237;237m[48;2;252;250;249m▄[38;2;191;200;202m[48;2;255;255;255m▄[38;2;146;171;176m[48;2;230;240;241m▄[38;2;172;200;203m[48;2;220;227;227m▄[38;2;168;193;196m[48;2;221;222;222m▄[38;2;164;204;208m[48;2;235;236;237m▄[38;2;166;202;206m[48;2;210;216;216m▄[38;2;182;201;203m[48;2;236;236;235m▄[38;2;200;213;215m[48;2;204;202;202m▄[38;2;197;210;211m[48;2;238;237;237m▄[38;2;189;202;203m[48;2;255;255;255m▄[38;2;187;193;195m[48;2;255;255;255m▄[38;2;183;187;189m[48;2;247;245;245m▄[38;2;191;196;198m[48;2;218;217;218m▄[38;2;186;195;197m[48;2;235;235;235m▄[38;2;173;179;181m[48;2;213;212;212m▄[38;2;243;242;241m[48;2;241;238;238m▄[38;2;219;217;218m[48;2;213;211;211m▄[38;2;190;197;199m[48;2;246;245;245m▄[38;2;189;205;208m[48;2;236;235;234m▄[38;2;174;176;177m[48;2;211;208;209m▄[38;2;190;188;189m[48;2;187;184;183m▄[38;2;239;234;234m[48;2;203;224;227m▄[38;2;225;224;225m[48;2;183;219;222m▄[38;2;180;196;197m[48;2;213;243;244m▄[38;2;183;204;205m[48;2;218;229;229m▄[38;2;195;209;210m[48;2;214;218;218m▄[38;2;207;211;212m[48;2;255;255;255m▄[38;2;162;168;169m[48;2;183;182;182m▄[38;2;208;207;207m[48;2;249;249;249m▄[38;2;255;255;255m[48;2;255;255;255m▄[38;2;250;250;250m[48;2;196;195;196m▄[38;2;246;246;246m[48;2;159;157;158m▄[38;2;236;236;236m[48;2;173;171;172m▄[38;2;226;225;225m[48;2;161;160;161m▄[38;2;225;224;224m[48;2;184;183;184m▄[38;2;255;255;255m[48;2;255;255;255m▄[38;2;247;247;247m[48;2;221;220;221m▄[38;2;237;236;237m[48;2;146;144;145m▄[38;2;237;236;237m[48;2;183;182;183m▄[38;2;253;253;253m[48;2;253;253;253m▄[38;2;240;239;240m[48;2;174;172;174m▄[38;2;235;234;234m[48;2;189;187;189m▄[38;2;234;234;234m[48;2;136;133;134m▄[38;2;233;232;233m[48;2;118;116;117m▄[38;2;229;228;228m[48;2;178;177;178m▄[38;2;242;242;242m[48;2;245;245;245m▄[38;2;255;255;255m[48;2;255;255;255m▄[38;2;184;184;184m[48;2;211;209;209m▄[38;2;165;195;199m[48;2;168;206;210m▄[38;2;221;239;239m[48;2;250;255;255m▄[0m
[38;2;155;159;161m[48;2;163;161;161m▄[38;2;169;209;215m[48;2;224;230;229m▄[38;2;178;219;220m[48;2;215;225;226m▄[38;2;203;244;247m[48;2;162;185;189m▄[38;2;216;254;255m[48;2;171;197;201m▄[38;2;172;212;218m[48;2;164;182;184m▄[38;2;166;202;210m[48;2;153;185;189m▄[38;2;168;200;205m[48;2;182;206;207m▄[38;2;155;199;210m[48;2;174;203;209m▄[38;2;166;206;216m[48;2;163;203;211m▄[38;2;169;203;211m[48;2;178;224;231m▄[38;2;148;182;192m[48;2;184;213;215m▄[38;2;136;161;166m[48;2;214;255;255m▄[38;2;211;236;237m[48;2;218;255;255m▄[38;2;213;243;244m[48;2;174;207;212m▄[38;2;190;228;230m[48;2;204;252;255m▄[38;2;189;238;246m[48;2;204;242;243m▄[38;2;197;247;251m[48;2;183;224;227m▄[38;2;187;214;222m[48;2;164;186;192m▄[38;2;197;191;188m[48;2;186;182;183m▄[38;2;183;172;169m[48;2;138;137;140m▄[38;2;176;159;157m[48;2;135;135;138m▄[38;2;154;141;128m[48;2;184;180;185m▄[38;2;198;207;209m[48;2;193;208;209m▄[38;2;174;213;218m[48;2;168;211;218m▄[38;2;185;236;242m[48;2;168;194;196m▄[38;2;216;255;255m[48;2;172;198;201m▄[38;2;210;255;255m[48;2;173;216;221m▄[38;2;195;250;255m[48;2;162;208;213m▄[38;2;180;224;232m[48;2;166;192;196m▄[38;2;173;172;172m[48;2;186;184;183m▄[38;2;168;183;184m[48;2;243;242;242m▄[38;2;209;225;224m[48;2;255;255;255m▄[38;2;221;235;233m[48;2;255;255;255m▄[38;2;207;219;218m[48;2;214;212;212m▄[38;2;172;189;192m[48;2;218;218;217m▄[38;2;187;202;207m[48;2;246;245;245m▄[38;2;197;191;188m[48;2;245;255;255m▄[38;2;191;215;218m[48;2;148;167;171m▄[38;2;161;189;193m[48;2;215;212;211m▄[38;2;177;186;188m[48;2;255;255;255m▄[38;2;211;208;207m[48;2;255;255;255m▄[38;2;235;229;226m[48;2;255;255;255m▄[38;2;252;246;243m[48;2;255;255;255m▄[38;2;255;255;255m[48;2;255;255;255m▄[38;2;255;255;255m[48;2;255;255;255m▄[38;2;255;255;255m[48;2;255;255;255m▄[38;2;255;255;255m[48;2;255;255;255m▄[38;2;255;255;255m[48;2;255;255;255m▄[38;2;255;255;255m[48;2;255;255;255m▄[38;2;255;255;255m[48;2;255;255;255m▄[38;2;255;255;255m[48;2;255;255;255m▄[38;2;255;255;255m[48;2;255;255;255m▄[38;2;255;255;255m[48;2;255;255;255m▄[38;2;241;240;240m[48;2;255;255;255m▄[38;2;216;213;213m[48;2;255;255;255m▄[38;2;148;150;153m[48;2;239;239;239m▄[38;2;210;226;227m[48;2;179;176;175m▄[38;2;233;236;234m[48;2;190;188;189m▄[38;2;238;238;236m[48;2;200;202;202m▄[0m
[38;2;170;172;174m[48;2;174;180;180m▄[38;2;196;218;217m[48;2;179;205;210m▄[38;2;202;241;244m[48;2;194;240;245m▄[38;2;166;196;200m[48;2;192;247;253m▄[38;2;193;238;241m[48;2;202;251;255m▄[38;2;115;161;183m[48;2;104;146;167m▄[38;2;81;151;203m[48;2;59;117;163m▄[38;2;101;163;212m[48;2;80;131;175m▄[38;2;99;133;171m[48;2;89;132;172m▄[38;2;83;146;189m[48;2;76;136;177m▄[38;2;94;165;212m[48;2;69;136;184m▄[38;2;64;126;169m[48;2;63;121;167m▄[38;2;17;16;23m[48;2;9;4;11m▄[38;2;198;217;215m[48;2;198;207;206m▄[38;2;235;255;255m[48;2;250;255;255m▄[38;2;220;255;255m[48;2;186;214;217m▄[38;2;220;255;255m[48;2;182;229;238m▄[38;2;218;255;255m[48;2;178;216;221m▄[38;2;175;200;203m[48;2;179;201;208m▄[38;2;176;148;153m[48;2;167;160;148m▄[38;2;195;152;156m[48;2;126;117;76m▄[38;2;133;119;98m[48;2;148;127;98m▄[38;2;145;126;106m[48;2;143;129;93m▄[38;2;173;174;178m[48;2;201;200;202m▄[38;2;221;255;255m[48;2;196;233;236m▄[38;2;199;239;241m[48;2;177;224;231m▄[38;2;185;224;228m[48;2;191;229;231m▄[38;2;217;255;255m[48;2;194;245;249m▄[38;2;216;254;255m[48;2;171;211;216m▄[38;2;194;227;231m[48;2;179;222;230m▄[38;2;180;179;180m[48;2;175;177;178m▄[38;2;74;129;168m[48;2;58;105;131m▄[38;2;141;168;187m[48;2;52;94;120m▄[38;2;167;181;191m[48;2;55;89;107m▄[38;2;76;148;194m[48;2;66;111;138m▄[38;2;108;116;121m[48;2;68;114;140m▄[38;2;233;148;89m[48;2;140;99;70m▄[38;2;241;157;98m[48;2;203;129;78m▄[38;2;230;146;86m[48;2;161;120;91m▄[38;2;73;78;80m[48;2;123;154;165m▄[38;2;47;101;136m[48;2;103;144;158m▄[38;2;78;133;165m[48;2;57;83;95m▄[38;2;122;186;219m[48;2;63;95;112m▄[38;2;90;155;197m[48;2;87;115;134m▄[38;2;73;140;185m[48;2;105;126;142m▄[38;2;73;139;182m[48;2;107;127;139m▄[38;2;126;146;161m[48;2;160;166;171m▄[38;2;255;254;251m[48;2;253;253;252m▄[38;2;87;109;121m[48;2;185;187;187m▄[38;2;52;113;147m[48;2;174;175;177m▄[38;2;56;117;150m[48;2;175;176;178m▄[38;2;67;132;165m[48;2;160;167;171m▄[38;2;52;107;141m[48;2;138;139;140m▄[38;2;71;113;137m[48;2;162;162;161m▄[38;2;89;131;151m[48;2;176;178;175m▄[38;2;84;132;157m[48;2;190;191;189m▄[38;2;82;121;144m[48;2;161;169;172m▄[38;2;83;132;165m[48;2;66;96;110m▄[38;2;64;134;180m[48;2;100;140;152m▄[38;2;75;136;172m[48;2;128;158;168m▄[0m
[38;2;176;178;178m[48;2;172;168;168m▄[38;2;196;222;224m[48;2;213;253;255m▄[38;2;175;213;217m[48;2;197;254;255m▄[38;2;170;218;226m[48;2;179;238;248m▄[38;2;176;216;222m[48;2;201;253;255m▄[38;2;115;161;186m[48;2;119;161;182m▄[38;2;76;141;194m[48;2;82;150;199m▄[38;2;83;159;207m[48;2;103;165;209m▄[38;2;89;155;204m[48;2;96;159;207m▄[38;2;94;140;177m[48;2;92;146;188m▄[38;2;78;117;146m[48;2;87;144;181m▄[38;2;86;50;30m[48;2;156;113;84m▄[38;2;70;46;33m[48;2;80;52;37m▄[38;2;128;80;48m[48;2;114;132;137m▄[38;2;110;94;86m[48;2;172;218;222m▄[38;2;177;225;228m[48;2;216;255;255m▄[38;2;187;229;234m[48;2;212;240;241m▄[38;2;181;222;227m[48;2;208;240;241m▄[38;2;173;198;204m[48;2;175;193;199m▄[38;2;169;143;147m[48;2;169;141;146m▄[38;2;185;188;187m[48;2;193;186;190m▄[38;2;187;187;187m[48;2;198;191;195m▄[38;2;176;172;173m[48;2;179;164;171m▄[38;2;168;157;160m[48;2;164;158;163m▄[38;2;185;232;239m[48;2;205;254;255m▄[38;2;201;242;246m[48;2;227;255;255m▄[38;2;203;248;251m[48;2;218;255;255m▄[38;2;179;215;220m[48;2;200;231;232m▄[38;2;201;243;246m[48;2;226;255;255m▄[38;2;175;201;203m[48;2;211;237;236m▄[38;2;175;176;177m[48;2;172;173;175m▄[38;2;99;145;177m[48;2;77;126;163m▄[38;2;96;157;198m[48;2;117;153;178m▄[38;2;96;156;197m[48;2;143;167;186m▄[38;2;85;140;178m[48;2;89;155;200m▄[38;2;98;87;83m[48;2;119;115;112m▄[38;2;67;41;28m[48;2;195;124;76m▄[38;2;0;0;4m[48;2;111;72;51m▄[38;2;39;26;25m[48;2;44;29;24m▄[38;2;198;129;84m[48;2;47;34;30m▄[38;2;251;161;100m[48;2;193;128;85m▄[38;2;119;97;81m[48;2;141;119;102m▄[38;2;102;165;205m[48;2;126;180;215m▄[38;2;134;169;194m[48;2;118;162;194m▄[38;2;120;141;157m[48;2;103;144;172m▄[38;2;87;142;181m[48;2;96;155;195m▄[38;2;174;183;193m[48;2;143;159;172m▄[38;2;214;207;201m[48;2;255;250;244m▄[38;2;76;116;144m[48;2;97;125;144m▄[38;2;109;152;184m[48;2;112;158;193m▄[38;2;144;165;179m[48;2;137;161;179m▄[38;2;99;153;190m[48;2;102;156;192m▄[38;2;95;150;190m[48;2;93;154;196m▄[38;2;104;160;199m[48;2;83;145;187m▄[38;2;127;179;210m[48;2;89;152;192m▄[38;2;148;194;223m[48;2;111;172;209m▄[38;2;97;154;190m[48;2;125;154;175m▄[38;2;97;153;192m[48;2;114;140;162m▄[38;2;105;162;200m[48;2;83;143;187m▄[38;2;115;165;197m[48;2;111;159;194m▄[0m
[38;2;172;168;168m[48;2;172;172;170m▄[38;2;207;252;255m[48;2;202;238;239m▄[38;2;198;240;242m[48;2;188;239;244m▄[38;2;179;206;208m[48;2;181;229;237m▄[38;2;221;255;255m[48;2;190;235;240m▄[38;2;128;166;184m[48;2;122;164;187m▄[38;2;82;150;195m[48;2;76;138;189m▄[38;2;89;135;172m[48;2;92;143;177m▄[38;2;86;153;204m[48;2;82;144;195m▄[38;2;99;168;219m[48;2;85;159;211m▄[38;2;81;138;178m[48;2;94;101;106m▄[38;2;142;87;69m[48;2;119;73;48m▄[38;2;219;117;76m[48;2;149;96;68m▄[38;2;240;126;84m[48;2;187;111;78m▄[38;2;238;126;82m[48;2;230;114;67m▄[38;2;153;120;110m[48;2;159;104;83m▄[38;2;123;141;146m[48;2;191;245;252m▄[38;2;193;218;219m[48;2;214;255;255m▄[38;2;184;215;219m[48;2;173;194;200m▄[38;2;182;206;211m[48;2;165;134;140m▄[38;2;176;213;222m[48;2;172;167;169m▄[38;2;176;215;223m[48;2;171;165;167m▄[38;2;179;210;217m[48;2;171;165;169m▄[38;2;185;215;221m[48;2;165;155;160m▄[38;2;176;217;224m[48;2;171;199;204m▄[38;2;199;247;253m[48;2;194;223;226m▄[38;2;212;251;254m[48;2;218;255;255m▄[38;2;210;255;255m[48;2;212;255;255m▄[38;2;199;255;255m[48;2;196;247;250m▄[38;2;190;232;234m[48;2;179;213;216m▄[38;2;175;176;176m[48;2;174;176;176m▄[38;2;115;163;192m[48;2;118;162;192m▄[38;2;109;165;201m[48;2;138;189;224m▄[38;2;97;157;199m[48;2;107;167;209m▄[38;2;125;133;140m[48;2;127;115;105m▄[38;2;165;116;81m[48;2;205;130;78m▄[38;2;168;105;79m[48;2;200;135;88m▄[38;2;195;119;82m[48;2;180;123;80m▄[38;2;182;112;75m[48;2;210;135;88m▄[38;2;167;102;72m[48;2;215;145;93m▄[38;2;205;118;86m[48;2;164;109;77m▄[38;2;255;145;95m[48;2;133;78;58m▄[38;2;199;100;57m[48;2;82;86;97m▄[38;2;52;66;80m[48;2;88;147;188m▄[38;2;83;144;188m[48;2;89;150;193m▄[38;2;87;117;143m[48;2;87;136;172m▄[38;2;97;112;124m[48;2;184;180;179m▄[38;2;84;131;168m[48;2;112;127;141m▄[38;2;118;149;174m[48;2;82;145;186m▄[38;2;98;150;188m[48;2;100;157;197m▄[38;2;98;153;192m[48;2;101;158;195m▄[38;2;90;149;190m[48;2;94;151;189m▄[38;2;100;138;168m[48;2;93;149;188m▄[38;2;134;151;168m[48;2;92;146;187m▄[38;2;98;154;194m[48;2;111;166;201m▄[38;2;135;184;213m[48;2;143;192;220m▄[38;2;111;167;200m[48;2;112;168;203m▄[38;2;99;155;193m[48;2;107;163;200m▄[38;2;116;150;175m[48;2;113;172;209m▄[38;2;122;155;180m[48;2;114;165;198m▄[0m
[38;2;172;180;180m[48;2;166;170;170m▄[38;2;190;213;214m[48;2;193;235;238m▄[38;2;191;222;223m[48;2;200;242;244m▄[38;2;184;229;234m[48;2;218;254;253m▄[38;2;125;150;162m[48;2;217;245;244m▄[38;2;105;136;152m[48;2;116;153;174m▄[38;2;130;161;175m[48;2;65;144;190m▄[38;2;169;187;191m[48;2;56;122;168m▄[38;2;206;216;218m[48;2;67;118;157m▄[38;2;142;151;151m[48;2;86;134;169m▄[38;2;0;0;0m[48;2;41;76;107m▄[38;2;97;68;59m[48;2;153;89;62m▄[38;2;92;92;93m[48;2;152;119;106m▄[38;2;44;51;54m[48;2;109;87;82m▄[38;2;164;120;105m[48;2;179;133;119m▄[38;2;131;97;89m[48;2;128;139;147m▄[38;2;146;88;64m[48;2;5;8;14m▄[38;2;106;85;76m[48;2;192;223;226m▄[38;2;0;0;0m[48;2;168;209;215m▄[38;2;84;90;94m[48;2;201;253;255m▄[38;2;207;240;240m[48;2;198;231;235m▄[38;2;199;243;245m[48;2;194;234;241m▄[38;2;180;210;215m[48;2;189;224;230m▄[38;2;156;174;179m[48;2;162;173;175m▄[38;2;179;193;198m[48;2;168;187;191m▄[38;2;179;229;241m[48;2;189;243;254m▄[38;2;178;227;240m[48;2;209;252;255m▄[38;2;147;186;202m[48;2;184;217;219m▄[38;2;150;194;216m[48;2;196;250;255m▄[38;2;152;184;199m[48;2;199;238;240m▄[38;2;167;169;172m[48;2;174;175;176m▄[38;2;87;137;167m[48;2;105;157;189m▄[38;2;94;154;187m[48;2;126;154;174m▄[38;2;112;170;207m[48;2;121;155;181m▄[38;2;57;94;123m[48;2;91;161;208m▄[38;2;50;26;26m[48;2;81;76;81m▄[38;2;245;137;90m[48;2;247;135;89m▄[38;2;182;143;125m[48;2;251;149;104m▄[38;2;208;211;212m[48;2;204;118;85m▄[38;2;175;171;172m[48;2;225;127;88m▄[38;2;183;124;103m[48;2;255;143;94m▄[38;2;178;124;104m[48;2;236;128;85m▄[38;2;203;214;218m[48;2;181;149;137m▄[38;2;42;42;42m[48;2;157;154;152m▄[38;2;39;30;30m[48;2;95;102;110m▄[38;2;51;72;88m[48;2;70;106;137m▄[38;2;77;129;164m[48;2;86;146;189m▄[38;2;93;134;161m[48;2;95;148;184m▄[38;2;96;131;154m[48;2;137;160;177m▄[38;2;90;116;130m[48;2;83;144;183m▄[38;2;119;141;152m[48;2;74;140;180m▄[38;2;136;151;163m[48;2;68;132;173m▄[38;2;148;162;171m[48;2;75;129;165m▄[38;2;140;152;162m[48;2;77;126;159m▄[38;2;129;145;155m[48;2;72;136;176m▄[38;2;121;146;160m[48;2;92;156;191m▄[38;2;103;134;153m[48;2;98;161;199m▄[38;2;90;130;151m[48;2;88;150;190m▄[38;2;61;104;132m[48;2;134;154;173m▄[38;2;63;99;125m[48;2;119;151;175m▄[0m
[38;2;163;163;165m[48;2;157;163;165m▄[38;2;214;232;235m[48;2;150;193;207m▄[38;2;245;255;255m[48;2;150;192;206m▄[38;2;255;255;255m[48;2;163;192;201m▄[38;2;255;255;255m[48;2;201;220;225m▄[38;2;209;204;204m[48;2;252;255;255m▄[38;2;250;248;248m[48;2;255;255;255m▄[38;2;253;251;251m[48;2;229;228;226m▄[38;2;190;182;180m[48;2;249;248;248m▄[38;2;13;10;12m[48;2;81;80;82m▄[38;2;0;1;6m[48;2;0;0;0m▄[38;2;177;95;66m[48;2;106;59;44m▄[38;2;244;122;74m[48;2;161;126;114m▄[38;2;234;120;78m[48;2;128;107;102m▄[38;2;253;142;96m[48;2;224;125;86m▄[38;2;183;107;78m[48;2;214;114;77m▄[38;2;154;108;92m[48;2;255;141;90m▄[38;2;202;134;107m[48;2;199;105;67m▄[38;2;173;126;116m[48;2;61;25;12m▄[38;2;169;183;192m[48;2;104;107;107m▄[38;2;159;175;187m[48;2;194;248;254m▄[38;2;186;195;204m[48;2;161;221;232m▄[38;2;156;150;149m[48;2;154;178;185m▄[38;2;106;82;69m[48;2;160;160;160m▄[38;2;125;93;77m[48;2;143;148;153m▄[38;2;178;161;150m[48;2;143;169;187m▄[38;2;236;230;226m[48;2;171;190;205m▄[38;2;255;255;255m[48;2;201;209;218m▄[38;2;239;243;244m[48;2;219;220;226m▄[38;2;221;226;227m[48;2;211;212;215m▄[38;2;178;177;177m[48;2;174;172;174m▄[38;2;254;250;249m[48;2;132;137;142m▄[38;2;232;227;226m[48;2;108;131;144m▄[38;2;20;15;20m[48;2;58;85;106m▄[38;2;10;8;17m[48;2;3;0;10m▄[38;2;17;8;15m[48;2;38;23;27m▄[38;2;132;103;93m[48;2;174;104;78m▄[38;2;255;255;255m[48;2;229;231;232m▄[38;2;62;57;61m[48;2;159;160;163m▄[38;2;0;0;1m[48;2;23;25;26m▄[38;2;0;0;2m[48;2;93;96;101m▄[38;2;168;172;172m[48;2;192;192;193m▄[38;2;158;161;162m[48;2;147;148;148m▄[38;2;0;0;0m[48;2;0;0;0m▄[38;2;26;28;32m[48;2;0;0;0m▄[38;2;93;75;70m[48;2;39;40;42m▄[38;2;167;128;114m[48;2;194;200;203m▄[38;2;24;23;25m[48;2;185;182;180m▄[38;2;0;0;2m[48;2;65;60;58m▄[38;2;12;9;19m[48;2;29;24;23m▄[38;2;0;0;0m[48;2;92;83;84m▄[38;2;182;179;178m[48;2;255;252;249m▄[38;2;255;255;255m[48;2;255;255;255m▄[38;2;255;255;255m[48;2;255;255;255m▄[38;2;241;240;241m[48;2;255;255;255m▄[38;2;197;195;196m[48;2;255;255;252m▄[38;2;240;239;239m[48;2;248;243;241m▄[38;2;180;178;178m[48;2;217;215;213m▄[38;2;255;255;255m[48;2;230;231;231m▄[38;2;255;255;255m[48;2;205;203;203m▄[0m
[38;2;170;168;168m[48;2;161;163;161m▄[38;2;246;244;245m[48;2;178;200;205m▄[38;2;243;244;245m[48;2;165;201;208m▄[38;2;220;228;230m[48;2;170;206;212m▄[38;2;152;180;187m[48;2;203;231;236m▄[38;2;106;161;174m[48;2;225;232;232m▄[38;2;156;191;196m[48;2;245;249;250m▄[38;2;167;202;212m[48;2;249;255;255m▄[38;2;155;112;97m[48;2;180;134;119m▄[38;2;183;89;54m[48;2;123;55;33m▄[38;2;167;96;67m[48;2;111;62;46m▄[38;2;181;107;78m[48;2;240;135;92m▄[38;2;212;118;81m[48;2;242;133;89m▄[38;2;254;139;90m[48;2;250;130;82m▄[38;2;247;133;89m[48;2;250;134;87m▄[38;2;242;119;70m[48;2;241;127;79m▄[38;2;169;136;125m[48;2;106;117;127m▄[38;2;238;252;252m[48;2;96;140;164m▄[38;2;234;254;255m[48;2;140;175;187m▄[38;2;220;239;242m[48;2;194;211;215m▄[38;2;190;214;218m[48;2;206;214;215m▄[38;2;122;107;103m[48;2;234;243;244m▄[38;2;147;95;78m[48;2;205;190;183m▄[38;2;255;203;159m[48;2;221;164;124m▄[38;2;246;198;159m[48;2;228;176;141m▄[38;2;152;108;92m[48;2;148;116;99m▄[38;2;193;118;93m[48;2;173;146;129m▄[38;2;204;107;75m[48;2;196;175;170m▄[38;2;200;93;62m[48;2;187;162;155m▄[38;2;175;84;57m[48;2;163;144;138m▄[38;2;174;168;167m[48;2;168;167;167m▄[38;2;219;221;222m[48;2;245;245;244m▄[38;2;38;35;43m[48;2;97;97;102m▄[38;2;12;9;19m[48;2;0;0;5m▄[38;2;17;15;23m[48;2;17;16;24m▄[38;2;2;3;16m[48;2;10;7;15m▄[38;2;129;66;46m[48;2;112;86;80m▄[38;2;205;178;167m[48;2;255;255;255m▄[38;2;211;218;222m[48;2;82;81;82m▄[38;2;114;120;123m[48;2;0;0;0m▄[38;2;122;128;134m[48;2;21;20;26m▄[38;2;188;100;69m[48;2;112;93;89m▄[38;2;221;113;70m[48;2;190;180;178m▄[38;2;200;123;93m[48;2;125;132;134m▄[38;2;220;119;79m[48;2;113;104;102m▄[38;2;255;147;94m[48;2;213;121;83m▄[38;2;84;47;33m[48;2;126;68;45m▄[38;2;0;0;0m[48;2;0;0;3m▄[38;2;1;0;10m[48;2;18;15;25m▄[38;2;0;0;2m[48;2;22;20;31m▄[38;2;103;96;96m[48;2;13;10;16m▄[38;2;255;255;255m[48;2;208;208;208m▄[38;2;255;255;255m[48;2;255;255;255m▄[38;2;255;255;255m[48;2;255;255;255m▄[38;2;211;210;211m[48;2;247;247;247m▄[38;2;198;197;197m[48;2;189;187;188m▄[38;2;202;202;202m[48;2;214;213;214m▄[38;2;229;230;229m[48;2;209;209;209m▄[38;2;234;234;234m[48;2;226;226;226m▄[38;2;218;218;218m[48;2;201;201;201m▄[0m
[38;2;170;168;168m[48;2;170;168;170m▄[38;2;253;247;247m[48;2;251;250;250m▄[38;2;255;255;255m[48;2;255;255;255m▄[38;2;219;215;214m[48;2;248;247;246m▄[38;2;243;241;241m[48;2;255;252;251m▄[38;2;255;255;255m[48;2;177;191;196m▄[38;2;220;232;234m[48;2;144;194;203m▄[38;2;250;255;255m[48;2;247;248;248m▄[38;2;193;163;153m[48;2;172;121;104m▄[38;2;150;64;39m[48;2;173;76;44m▄[38;2;128;62;43m[48;2;159;89;64m▄[38;2;170;93;66m[48;2;164;96;71m▄[38;2;155;85;64m[48;2;162;86;61m▄[38;2;155;81;58m[48;2;247;131;85m▄[38;2;211;122;86m[48;2;255;142;95m▄[38;2;177;100;71m[48;2;252;129;82m▄[38;2;136;91;77m[48;2;188;154;142m▄[38;2;219;209;207m[48;2;255;255;255m▄[38;2;246;242;241m[48;2;215;211;211m▄[38;2;255;255;255m[48;2;255;255;255m▄[38;2;201;187;184m[48;2;179;165;163m▄[38;2;153;64;40m[48;2;161;67;40m▄[38;2;168;74;51m[48;2;169;88;64m▄[38;2;167;76;52m[48;2;162;113;91m▄[38;2;165;80;56m[48;2;173;119;95m▄[38;2;169;92;69m[48;2;201;114;84m▄[38;2;172;95;71m[48;2;232;137;101m▄[38;2;164;81;55m[48;2;213;115;84m▄[38;2;157;71;49m[48;2;184;100;78m▄[38;2;178;86;58m[48;2;188;99;69m▄[38;2;174;166;164m[48;2;177;170;169m▄[38;2;240;242;243m[48;2;211;213;214m▄[38;2;70;69;77m[48;2;34;31;39m▄[38;2;1;1;7m[48;2;14;12;21m▄[38;2;2;2;11m[48;2;15;13;22m▄[38;2;25;18;23m[48;2;0;4;17m▄[38;2;226;126;87m[48;2;178;96;68m▄[38;2;255;142;95m[48;2;226;114;70m▄[38;2;252;135;90m[48;2;187;132;114m▄[38;2;218;116;75m[48;2;204;165;151m▄[38;2;169;113;100m[48;2;190;122;95m▄[38;2;162;139;129m[48;2;229;117;73m▄[38;2;219;120;82m[48;2;255;141;90m▄[38;2;254;137;90m[48;2;255;144;98m▄[38;2;255;146;99m[48;2;253;141;95m▄[38;2;254;138;90m[48;2;253;141;94m▄[38;2;255;141;93m[48;2;168;87;60m▄[38;2;242;137;93m[48;2;28;15;12m▄[38;2;230;124;81m[48;2;53;30;24m▄[38;2;181;125;103m[48;2;129;67;42m▄[38;2;233;236;238m[48;2;192;179;174m▄[38;2;245;245;245m[48;2;255;255;255m▄[38;2;202;202;202m[48;2;255;255;255m▄[38;2;240;240;240m[48;2;255;255;255m▄[38;2;226;226;226m[48;2;201;199;200m▄[38;2;186;185;186m[48;2;213;212;213m▄[38;2;245;244;245m[48;2;213;213;213m▄[38;2;181;180;181m[48;2;194;193;193m▄[38;2;251;251;251m[48;2;255;255;255m▄[38;2;250;251;250m[48;2;254;254;254m▄[0m
[38;2;168;168;170m[48;2;153;161;159m▄[38;2;228;243;246m[48;2;147;185;193m▄[38;2;214;245;251m[48;2;151;194;203m▄[38;2;182;224;233m[48;2;177;203;210m▄[38;2;155;200;211m[48;2;219;225;228m▄[38;2;152;191;202m[48;2;255;253;252m▄[38;2;137;153;159m[48;2;226;219;218m▄[38;2;115;141;150m[48;2;225;218;218m▄[38;2;136;177;186m[48;2;197;199;200m▄[38;2;128;186;198m[48;2;125;117;118m▄[38;2;126;163;170m[48;2;158;65;35m▄[38;2;140;143;141m[48;2;169;73;39m▄[38;2;131;110;100m[48;2;158;79;54m▄[38;2;92;82;81m[48;2;130;66;46m▄[38;2;101;139;148m[48;2;152;81;56m▄[38;2;153;191;196m[48;2;112;63;47m▄[38;2;185;223;231m[48;2;103;67;54m▄[38;2;207;244;248m[48;2;82;85;85m▄[38;2;222;249;253m[48;2;121;149;156m▄[38;2;214;242;246m[48;2;134;168;175m▄[38;2;177;215;222m[48;2;150;170;176m▄[38;2;134;190;200m[48;2;155;137;135m▄[38;2;68;83;90m[48;2;126;75;63m▄[38;2;64;69;72m[48;2;127;64;49m▄[38;2;93;153;169m[48;2;155;92;74m▄[38;2;120;163;173m[48;2;146;67;44m▄[38;2;166;213;223m[48;2;140;79;62m▄[38;2;202;246;255m[48;2;133;109;101m▄[38;2;219;255;255m[48;2;124;123;119m▄[38;2;207;232;236m[48;2;129;107;99m▄[38;2;170;170;171m[48;2;171;165;165m▄[38;2;153;110;85m[48;2;228;231;233m▄[38;2;154;101;71m[48;2;128;125;127m▄[38;2;158;113;83m[48;2;0;0;0m▄[38;2;103;64;50m[48;2;0;0;8m▄[38;2;255;149;105m[48;2;141;79;60m▄[38;2;247;143;101m[48;2;255;148;103m▄[38;2;241;121;74m[48;2;248;143;101m▄[38;2;244;124;78m[48;2;252;141;97m▄[38;2;254;133;83m[48;2;187;103;72m▄[38;2;219;109;74m[48;2;148;75;86m▄[38;2;129;49;57m[48;2;158;121;136m▄[38;2;18;23;34m[48;2;124;116;114m▄[38;2;38;37;42m[48;2;161;122;108m▄[38;2;114;78;66m[48;2;147;91;74m▄[38;2;214;223;228m[48;2;183;125;102m▄[38;2;239;247;250m[48;2;188;136;113m▄[38;2;247;255;255m[48;2;184;140;121m▄[38;2;255;255;255m[48;2;179;158;151m▄[38;2;233;233;233m[48;2;234;238;240m▄[38;2;245;245;245m[48;2;255;255;255m▄[38;2;255;255;255m[48;2;238;238;238m▄[38;2;249;249;249m[48;2;190;190;190m▄[38;2;239;240;240m[48;2;233;233;233m▄[38;2;177;168;165m[48;2;255;255;255m▄[38;2;173;150;135m[48;2;169;171;173m▄[38;2;181;156;141m[48;2;230;233;236m▄[38;2;153;134;124m[48;2;188;188;191m▄[38;2;179;177;177m[48;2;255;255;255m▄[38;2;243;246;249m[48;2;248;248;248m▄[0m
[38;2;166;165;166m[48;2;166;165;166m▄[38;2;247;246;246m[48;2;253;249;249m▄[38;2;205;205;205m[48;2;251;245;244m▄[38;2;250;250;250m[48;2;255;255;255m▄[38;2;255;255;255m[48;2;255;255;255m▄[38;2;255;255;255m[48;2;228;249;252m▄[38;2;255;255;255m[48;2;160;207;215m▄[38;2;247;255;255m[48;2;142;195;207m▄[38;2;245;253;254m[48;2;222;242;245m▄[38;2;255;255;255m[48;2;255;255;255m▄[38;2;255;255;255m[48;2;251;255;255m▄[38;2;255;255;255m[48;2;242;255;255m▄[38;2;255;255;255m[48;2;223;249;254m▄[38;2;255;255;255m[48;2;194;222;229m▄[38;2;255;255;255m[48;2;178;217;226m▄[38;2;255;255;255m[48;2;197;222;225m▄[38;2;255;255;255m[48;2;249;255;255m▄[38;2;250;250;251m[48;2;255;255;255m▄[38;2;202;202;202m[48;2;252;248;247m▄[38;2;252;252;252m[48;2;255;255;255m▄[38;2;255;255;255m[48;2;255;255;255m▄[38;2;255;255;255m[48;2;250;255;255m▄[38;2;255;255;255m[48;2;167;214;223m▄[38;2;240;252;253m[48;2;101;155;166m▄[38;2;218;243;245m[48;2;189;237;241m▄[38;2;227;252;253m[48;2;252;255;255m▄[38;2;252;255;254m[48;2;255;255;255m▄[38;2;255;255;255m[48;2;255;255;255m▄[38;2;255;255;255m[48;2;255;255;255m▄[38;2;235;236;237m[48;2;240;237;238m▄[38;2;173;168;167m[48;2;172;168;166m▄[38;2;182;124;87m[48;2;188;128;87m▄[38;2;206;139;92m[48;2;202;136;91m▄[38;2;142;96;64m[48;2;196;139;97m▄[38;2;209;125;91m[48;2;174;105;78m▄[38;2;204;134;105m[48;2;229;146;109m▄[38;2;188;114;84m[48;2;199;117;85m▄[38;2;217;115;75m[48;2;220;111;71m▄[38;2;210;143;117m[48;2;252;131;83m▄[38;2;208;138;114m[48;2;245;131;85m▄[38;2;250;137;91m[48;2;253;138;92m▄[38;2;255;147;104m[48;2;226;121;80m▄[38;2;238;124;84m[48;2;129;69;50m▄[38;2;176;84;52m[48;2;102;54;38m▄[38;2;161;151;147m[48;2;165;140;131m▄[38;2;255;255;255m[48;2;251;253;254m▄[38;2;237;237;237m[48;2;255;255;255m▄[38;2;254;254;254m[48;2;255;255;255m▄[38;2;252;252;252m[48;2;237;237;237m▄[38;2;229;229;229m[48;2;183;182;183m▄[38;2;247;247;247m[48;2;218;217;218m▄[38;2;255;255;255m[48;2;255;255;255m▄[38;2;255;255;255m[48;2;255;255;255m▄[38;2;230;229;229m[48;2;229;226;225m▄[38;2;224;171;135m[48;2;113;79;64m▄[38;2;236;179;142m[48;2;86;57;46m▄[38;2;223;168;130m[48;2;73;50;40m▄[38;2;244;187;143m[48;2;66;46;36m▄[38;2;190;161;141m[48;2;102;76;64m▄[38;2;191;161;142m[48;2;196;172;155m▄[0m
[38;2;161;159;161m[48;2;168;166;166m▄[38;2;242;242;242m[48;2;249;248;248m▄[38;2;255;255;255m[48;2;255;255;255m▄[38;2;251;251;251m[48;2;255;255;255m▄[38;2;254;254;254m[48;2;255;255;255m▄[38;2;222;222;222m[48;2;255;255;255m▄[38;2;205;205;205m[48;2;254;254;254m▄[38;2;254;254;254m[48;2;255;255;255m▄[38;2;251;251;251m[48;2;255;255;255m▄[38;2;251;251;251m[48;2;255;255;255m▄[38;2;236;236;236m[48;2;205;205;205m▄[38;2;246;246;246m[48;2;240;240;240m▄[38;2;251;251;251m[48;2;255;255;255m▄[38;2;252;252;252m[48;2;255;255;255m▄[38;2;255;255;255m[48;2;255;255;255m▄[38;2;251;251;251m[48;2;255;255;255m▄[38;2;251;251;251m[48;2;255;255;255m▄[38;2;251;251;251m[48;2;255;255;255m▄[38;2;252;252;252m[48;2;255;255;255m▄[38;2;252;252;252m[48;2;255;255;255m▄[38;2;244;244;244m[48;2;253;253;253m▄[38;2;184;184;184m[48;2;236;236;236m▄[38;2;249;249;249m[48;2;255;255;255m▄[38;2;252;252;252m[48;2;255;255;255m▄[38;2;251;251;251m[48;2;255;255;255m▄[38;2;254;254;254m[48;2;255;255;255m▄[38;2;236;236;236m[48;2;255;255;255m▄[38;2;220;220;220m[48;2;255;255;255m▄[38;2;255;255;255m[48;2;255;255;255m▄[38;2;230;230;231m[48;2;235;237;238m▄[38;2;159;157;156m[48;2;170;166;164m▄[38;2;152;144;136m[48;2;175;111;72m▄[38;2;169;154;141m[48;2;197;124;77m▄[38;2;145;122;112m[48;2;138;81;51m▄[38;2;183;129;113m[48;2;226;115;73m▄[38;2;153;115;102m[48;2;192;112;80m▄[38;2;157;118;104m[48;2;194;109;73m▄[38;2;149;96;78m[48;2;204;104;64m▄[38;2;210;106;67m[48;2;240;142;101m▄[38;2;231;115;70m[48;2;230;144;111m▄[38;2;248;127;81m[48;2;248;139;96m▄[38;2;241;119;73m[48;2;246;133;86m▄[38;2;222;123;82m[48;2;255;140;92m▄[38;2;215;120;77m[48;2;255;131;79m▄[38;2;128;84;68m[48;2;148;102;86m▄[38;2;197;208;212m[48;2;236;244;247m▄[38;2;210;217;219m[48;2;191;190;190m▄[38;2;223;228;228m[48;2;246;245;245m▄[38;2;240;238;239m[48;2;255;255;255m▄[38;2;250;246;245m[48;2;255;255;255m▄[38;2;255;253;252m[48;2;255;255;255m▄[38;2;255;255;255m[48;2;255;255;255m▄[38;2;250;248;247m[48;2;255;255;255m▄[38;2;202;191;190m[48;2;239;243;245m▄[38;2;182;140;116m[48;2;217;171;141m▄[38;2;249;191;150m[48;2;255;202;157m▄[38;2;250;191;149m[48;2;255;197;154m▄[38;2;246;191;152m[48;2;255;201;156m▄[38;2;164;93;69m[48;2;177;148;131m▄[38;2;161;82;61m[48;2;179;150;134m▄[0m
[38;2;130;130;130m[48;2;150;150;150m▄[38;2;196;195;195m[48;2;233;233;233m▄[38;2;214;212;213m[48;2;249;249;249m▄[38;2;213;211;212m[48;2;242;242;242m▄[38;2;213;213;213m[48;2;243;243;243m▄[38;2;216;216;216m[48;2;237;237;237m▄[38;2;218;218;218m[48;2;235;235;235m▄[38;2;215;215;215m[48;2;243;243;243m▄[38;2;214;214;214m[48;2;242;242;242m▄[38;2;214;213;214m[48;2;242;242;242m▄[38;2;215;215;215m[48;2;245;245;245m▄[38;2;215;215;215m[48;2;243;243;243m▄[38;2;215;214;214m[48;2;243;243;243m▄[38;2;214;213;213m[48;2;237;237;237m▄[38;2;198;198;198m[48;2;199;200;199m▄[38;2;214;214;214m[48;2;240;240;240m▄[38;2;213;213;213m[48;2;243;243;243m▄[38;2;215;213;214m[48;2;242;242;242m▄[38;2;216;214;215m[48;2;242;241;242m▄[38;2;214;214;214m[48;2;242;242;242m▄[38;2;213;212;212m[48;2;243;243;243m▄[38;2;211;211;211m[48;2;248;248;248m▄[38;2;210;210;210m[48;2;243;243;243m▄[38;2;212;211;212m[48;2;242;242;242m▄[38;2;214;213;213m[48;2;242;242;242m▄[38;2;211;211;211m[48;2;245;245;245m▄[38;2;214;214;214m[48;2;228;228;228m▄[38;2;217;217;217m[48;2;215;215;215m▄[38;2;214;214;214m[48;2;251;251;251m▄[38;2;192;190;191m[48;2;220;218;219m▄[38;2;150;149;150m[48;2;147;146;146m▄[38;2;187;186;185m[48;2;219;229;232m▄[38;2;211;209;209m[48;2;247;255;255m▄[38;2;200;199;200m[48;2;247;253;255m▄[38;2;201;199;200m[48;2;242;250;253m▄[38;2;203;201;202m[48;2;241;246;250m▄[38;2;202;201;201m[48;2;238;243;247m▄[38;2;207;206;207m[48;2;224;230;232m▄[38;2;208;212;213m[48;2;159;191;199m▄[38;2;183;208;213m[48;2;118;150;155m▄[38;2;137;182;192m[48;2;143;107;89m▄[38;2;119;165;177m[48;2;141;121;110m▄[38;2;174;202;209m[48;2;156;180;183m▄[38;2;209;212;213m[48;2;166;193;197m▄[38;2;214;211;214m[48;2;200;205;207m▄[38;2;208;204;204m[48;2;196;205;208m▄[38;2;208;206;205m[48;2;162;197;204m▄[38;2;203;204;205m[48;2;147;192;203m▄[38;2;195;202;202m[48;2;146;190;200m▄[38;2;183;198;201m[48;2;147;188;197m▄[38;2;163;190;194m[48;2;150;189;198m▄[38;2;151;181;187m[48;2;152;176;184m▄[38;2;138;170;178m[48;2;136;118;114m▄[38;2;127;149;152m[48;2;150;79;57m▄[38;2;140;127;121m[48;2;154;81;57m▄[38;2;141;110;103m[48;2;162;99;76m▄[38;2;120;131;133m[48;2;165;116;94m▄[38;2;116;157;166m[48;2;139;114;100m▄[38;2;159;192;200m[48;2;134;113;104m▄[38;2;180;193;198m[48;2;152;145;141m▄[0m
