[38;2;34;39;45m[48;2;32;39;43m▄[38;2;40;47;53m[48;2;36;42;46m▄[38;2;37;43;49m[48;2;34;38;42m▄[38;2;37;44;49m[48;2;34;38;42m▄[38;2;37;45;50m[48;2;34;38;42m▄[38;2;37;45;51m[48;2;34;40;42m▄[38;2;38;45;51m[48;2;34;40;42m▄[38;2;38;45;51m[48;2;34;38;42m▄[38;2;37;45;51m[48;2;34;38;42m▄[38;2;38;45;51m[48;2;34;38;42m▄[38;2;38;45;51m[48;2;34;38;42m▄[38;2;38;45;51m[48;2;34;38;42m▄[38;2;38;45;51m[48;2;34;38;42m▄[38;2;38;45;50m[48;2;34;38;42m▄[38;2;37;45;50m[48;2;34;38;42m▄[38;2;37;44;49m[48;2;34;38;42m▄[38;2;37;44;48m[48;2;34;38;42m▄[38;2;37;44;47m[48;2;34;38;42m▄[38;2;38;43;48m[48;2;34;38;44m▄[38;2;37;43;48m[48;2;34;40;44m▄[38;2;36;45;48m[48;2;32;42;44m▄[38;2;37;43;47m[48;2;36;44;50m▄[38;2;37;45;54m[48;2;38;44;54m▄[38;2;36;47;58m[48;2;36;48;54m▄[38;2;40;52;58m[48;2;36;48;54m▄[38;2;41;52;60m[48;2;38;48;56m▄[38;2;41;52;61m[48;2;36;48;57m▄[38;2;40;54;62m[48;2;36;50;57m▄[38;2;40;54;63m[48;2;36;50;57m▄[38;2;40;54;63m[48;2;36;50;57m▄[38;2;40;54;63m[48;2;36;50;57m▄[38;2;40;54;63m[48;2;36;50;57m▄[38;2;40;53;62m[48;2;36;48;57m▄[38;2;41;53;59m[48;2;38;50;56m▄[38;2;40;52;58m[48;2;36;48;54m▄[38;2;41;49;58m[48;2;36;44;54m▄[38;2;36;45;56m[48;2;36;42;52m▄[38;2;35;43;48m[48;2;32;42;46m▄[38;2;53;53;44m[48;2;27;36;44m▄[38;2;33;37;39m[48;2;32;38;42m▄[38;2;36;42;47m[48;2;34;38;42m▄[38;2;36;41;45m[48;2;32;38;42m▄[38;2;36;41;45m[48;2;32;38;42m▄[38;2;36;41;45m[48;2;32;38;42m▄[38;2;36;41;45m[48;2;32;38;42m▄[38;2;36;42;46m[48;2;34;38;42m▄[38;2;38;43;47m[48;2;34;40;44m▄[38;2;37;44;48m[48;2;34;40;46m▄[38;2;38;46;52m[48;2;36;42;52m▄[38;2;40;48;56m[48;2;36;46;54m▄[38;2;40;51;59m[48;2;38;50;56m▄[38;2;40;53;62m[48;2;38;50;59m▄[38;2;41;56;64m[48;2;38;54;59m▄[38;2;42;58;66m[48;2;38;54;61m▄[38;2;42;60;68m[48;2;38;56;63m▄[38;2;43;61;70m[48;2;40;57;65m▄[38;2;44;63;72m[48;2;40;59;67m▄[38;2;44;64;75m[48;2;40;59;69m▄[38;2;44;65;75m[48;2;40;59;69m▄[38;2;48;72;82m[48;2;44;65;75m▄[0m
[38;2;41;63;76m[48;2;37;54;65m▄[38;2;45;70;85m[48;2;40;58;68m▄[38;2;43;66;80m[48;2;36;52;61m▄[38;2;43;67;81m[48;2;37;52;61m▄[38;2;42;64;77m[48;2;37;52;61m▄[38;2;41;62;74m[48;2;37;51;60m▄[38;2;39;58;67m[48;2;37;50;58m▄[38;2;38;53;60m[48;2;36;48;56m▄[38;2;37;50;58m[48;2;36;46;54m▄[38;2;37;50;57m[48;2;37;46;53m▄[38;2;37;50;56m[48;2;37;46;53m▄[38;2;37;50;56m[48;2;37;46;53m▄[38;2;37;49;56m[48;2;38;46;53m▄[38;2;37;49;55m[48;2;37;46;53m▄[38;2;37;48;54m[48;2;37;45;53m▄[38;2;36;47;53m[48;2;37;44;52m▄[38;2;37;45;53m[48;2;36;43;50m▄[38;2;36;43;51m[48;2;35;42;48m▄[38;2;33;42;46m[48;2;33;41;45m▄[38;2;30;38;44m[48;2;33;41;45m▄[38;2;34;38;41m[48;2;34;41;47m▄[38;2;34;40;46m[48;2;32;36;38m▄[38;2;39;40;41m[48;2;67;62;40m▄[38;2;86;75;39m[48;2;54;54;46m▄[38;2;87;78;43m[48;2;28;37;50m▄[38;2;42;46;43m[48;2;33;43;53m▄[38;2;28;36;50m[48;2;37;47;53m▄[38;2;37;44;52m[48;2;37;47;54m▄[38;2;35;43;53m[48;2;37;48;54m▄[38;2;34;42;51m[48;2;37;48;55m▄[38;2;33;42;51m[48;2;37;48;55m▄[38;2;36;43;52m[48;2;37;48;55m▄[38;2;36;43;50m[48;2;37;47;54m▄[38;2;35;42;49m[48;2;37;46;53m▄[38;2;31;39;48m[48;2;37;46;53m▄[38;2;50;49;40m[48;2;30;39;51m▄[38;2;129;112;47m[48;2;34;38;39m▄[38;2;81;75;42m[48;2;83;73;41m▄[38;2;23;31;43m[48;2;59;55;40m▄[38;2;35;41;46m[48;2;31;37;43m▄[38;2;35;41;46m[48;2;34;39;43m▄[38;2;35;41;46m[48;2;34;38;42m▄[38;2;35;41;46m[48;2;33;38;42m▄[38;2;34;41;47m[48;2;33;38;42m▄[38;2;34;40;46m[48;2;33;38;42m▄[38;2;34;40;44m[48;2;33;38;42m▄[38;2;34;40;43m[48;2;34;39;43m▄[38;2;34;39;43m[48;2;34;39;43m▄[38;2;35;40;43m[48;2;34;41;44m▄[38;2;34;40;43m[48;2;34;42;46m▄[38;2;33;41;44m[48;2;36;43;50m▄[38;2;35;42;47m[48;2;36;46;53m▄[38;2;37;43;51m[48;2;36;48;56m▄[38;2;36;47;55m[48;2;38;51;58m▄[38;2;34;51;61m[48;2;38;54;61m▄[38;2;39;58;68m[48;2;39;56;65m▄[38;2;41;60;72m[48;2;40;58;66m▄[38;2;40;62;72m[48;2;40;58;68m▄[38;2;41;61;71m[48;2;40;58;68m▄[38;2;45;65;77m[48;2;44;65;75m▄[0m
[38;2;39;56;63m[48;2;37;56;65m▄[38;2;43;62;71m[48;2;44;64;75m▄[38;2;36;54;64m[48;2;38;56;66m▄[38;2;49;54;47m[48;2;40;57;63m▄[38;2;68;65;45m[48;2;38;59;73m▄[38;2;42;53;57m[48;2;37;56;70m▄[38;2;31;49;62m[48;2;38;55;63m▄[38;2;37;53;61m[48;2;38;52;59m▄[38;2;38;51;59m[48;2;37;50;58m▄[38;2;37;50;58m[48;2;37;50;57m▄[38;2;37;49;57m[48;2;37;50;57m▄[38;2;38;48;54m[48;2;37;50;57m▄[38;2;36;47;53m[48;2;37;49;56m▄[38;2;36;47;53m[48;2;37;49;55m▄[38;2;37;45;53m[48;2;37;48;54m▄[38;2;38;44;53m[48;2;37;46;53m▄[38;2;31;39;50m[48;2;37;45;53m▄[38;2;49;48;41m[48;2;30;39;51m▄[38;2;94;82;40m[48;2;30;37;41m▄[38;2;60;58;43m[48;2;60;56;40m▄[38;2;31;40;51m[48;2;34;36;37m▄[38;2;37;40;38m[48;2;31;36;40m▄[38;2;50;51;43m[48;2;29;37;47m▄[38;2;24;36;52m[48;2;33;38;40m▄[38;2;85;77;42m[48;2;112;98;44m▄[38;2;150;129;54m[48;2;124;108;46m▄[38;2;121;107;46m[48;2;57;56;44m▄[38;2;35;38;37m[48;2;26;35;48m▄[38;2;78;70;41m[48;2;36;41;44m▄[38;2;87;75;42m[48;2;42;45;42m▄[38;2;78;66;36m[48;2;43;41;32m▄[38;2;70;62;39m[48;2;30;37;44m▄[38;2;63;61;46m[48;2;29;38;49m▄[38;2;49;52;49m[48;2;31;40;50m▄[38;2;29;39;48m[48;2;26;34;44m▄[38;2;97;86;42m[48;2;97;85;42m▄[38;2;157;136;52m[48;2;167;145;55m▄[38;2;106;93;44m[48;2;71;66;40m▄[38;2;28;44;56m[48;2;28;40;52m▄[38;2;48;59;59m[48;2;35;48;58m▄[38;2;51;54;46m[48;2;34;46;55m▄[38;2;37;56;65m[48;2;37;48;56m▄[38;2;36;56;68m[48;2;36;48;56m▄[38;2;67;68;50m[48;2;42;49;48m▄[38;2;100;89;48m[48;2;33;45;53m▄[38;2;34;50;59m[48;2;35;46;55m▄[38;2;38;54;63m[48;2;36;45;51m▄[38;2;38;51;59m[48;2;36;43;49m▄[38;2;38;49;57m[48;2;35;42;47m▄[38;2;37;48;55m[48;2;34;41;46m▄[38;2;36;47;54m[48;2;34;41;47m▄[38;2;37;47;54m[48;2;35;42;47m▄[38;2;29;41;53m[48;2;36;42;50m▄[38;2;82;75;46m[48;2;32;41;51m▄[38;2;101;89;46m[48;2;48;52;48m▄[38;2;29;41;51m[48;2;38;51;57m▄[38;2;37;50;58m[48;2;39;58;68m▄[38;2;38;53;61m[48;2;40;62;73m▄[38;2;39;55;64m[48;2;42;64;77m▄[38;2;42;62;73m[48;2;46;70;85m▄[0m
[38;2;45;65;76m[48;2;43;61;71m▄[38;2;48;71;83m[48;2;46;67;77m▄[38;2;40;57;63m[48;2;44;64;74m▄[38;2;42;62;72m[48;2;37;60;73m▄[38;2;32;58;76m[48;2;63;64;47m▄[38;2;85;81;49m[48;2;123;105;45m▄[38;2;136;115;46m[48;2;67;68;49m▄[38;2;92;86;47m[48;2;33;51;62m▄[38;2;29;43;53m[48;2;38;55;64m▄[38;2;48;56;52m[48;2;35;52;62m▄[38;2;44;52;49m[48;2;35;51;60m▄[38;2;41;48;47m[48;2;35;50;59m▄[38;2;34;47;52m[48;2;36;48;56m▄[38;2;37;55;65m[48;2;37;47;54m▄[38;2;38;52;60m[48;2;37;46;53m▄[38;2;29;46;59m[48;2;32;42;52m▄[38;2;73;69;44m[48;2;55;55;43m▄[38;2;153;132;50m[48;2;137;119;48m▄[38;2;122;109;44m[48;2;114;103;47m▄[38;2;34;48;56m[48;2;25;38;52m▄[38;2;37;56;67m[48;2;37;49;57m▄[38;2;30;47;60m[48;2;36;50;59m▄[38;2;64;61;40m[48;2;59;56;39m▄[38;2;59;59;44m[48;2;29;39;48m▄[38;2;91;85;45m[48;2;89;83;43m▄[38;2;142;123;53m[48;2;134;116;50m▄[38;2;111;97;49m[48;2;121;106;45m▄[38;2;114;99;49m[48;2;90;77;41m▄[38;2;97;85;43m[48;2;119;102;53m▄[38;2;169;150;46m[48;2;105;90;47m▄[38;2;139;121;48m[48;2;124;107;52m▄[38;2;128;113;46m[48;2;109;94;47m▄[38;2;135;118;45m[48;2;112;96;49m▄[38;2;90;79;43m[48;2;111;96;49m▄[38;2;126;110;46m[48;2;88;79;44m▄[38;2;153;133;54m[48;2;135;118;53m▄[38;2;126;110;46m[48;2;143;126;47m▄[38;2;94;89;49m[48;2;126;108;44m▄[38;2;44;52;50m[48;2;35;47;53m▄[38;2;114;96;39m[48;2;85;76;45m▄[38;2;45;69;77m[48;2;56;65;59m▄[38;2;47;82;99m[48;2;41;66;80m▄[38;2;37;77;102m[48;2;42;70;84m▄[38;2;91;89;61m[48;2;51;67;68m▄[38;2;91;87;58m[48;2;124;104;47m▄[38;2;33;74;103m[48;2;41;63;73m▄[38;2;46;80;99m[48;2;43;69;82m▄[38;2;45;79;96m[48;2;42;64;75m▄[38;2;42;76;97m[48;2;41;61;72m▄[38;2;36;70;92m[48;2;40;58;67m▄[38;2;45;67;75m[48;2;38;56;66m▄[38;2;39;62;75m[48;2;39;55;63m▄[38;2;34;59;75m[48;2;29;47;60m▄[38;2;54;62;56m[48;2;100;90;50m▄[38;2;155;130;51m[48;2;106;93;51m▄[38;2;53;60;55m[48;2;26;44;59m▄[38;2;37;57;70m[48;2;39;54;62m▄[38;2;41;59;69m[48;2;38;52;60m▄[38;2;40;58;68m[48;2;38;52;59m▄[38;2;43;61;70m[48;2;40;55;63m▄[0m
[38;2;48;88;108m[48;2;45;76;91m▄[38;2;51;91;110m[48;2;49;79;94m▄[38;2;42;77;97m[48;2;42;60;69m▄[38;2;57;69;63m[48;2;65;64;47m▄[38;2;68;61;36m[48;2;44;60;69m▄[38;2;86;78;43m[48;2;68;69;50m▄[38;2;127;111;47m[48;2;126;109;46m▄[38;2;117;103;47m[48;2;129;112;46m▄[38;2;95;82;44m[48;2;80;72;43m▄[38;2;103;89;48m[48;2;94;82;44m▄[38;2;109;96;44m[48;2;95;81;43m▄[38;2;135;117;54m[48;2;107;91;43m▄[38;2;121;104;49m[48;2;85;79;49m▄[38;2;97;85;41m[48;2;29;48;63m▄[38;2;47;57;54m[48;2;37;60;73m▄[38;2;61;65;50m[48;2;33;54;66m▄[38;2;110;94;48m[48;2;73;68;43m▄[38;2;131;115;48m[48;2;131;114;46m▄[38;2;143;123;47m[48;2;133;115;45m▄[38;2;44;54;55m[48;2;43;56;59m▄[38;2;81;75;45m[48;2;45;58;61m▄[38;2;63;61;41m[48;2;53;53;41m▄[38;2;59;56;38m[48;2;65;64;44m▄[38;2;104;92;42m[48;2;125;108;45m▄[38;2;116;100;49m[48;2;94;84;43m▄[38;2;165;143;48m[48;2;191;167;51m▄[38;2;203;180;47m[48;2;183;160;48m▄[38;2;202;180;47m[48;2;139;121;49m▄[38;2;175;152;54m[48;2;141;125;47m▄[38;2;139;120;56m[48;2;167;148;48m▄[38;2;122;106;53m[48;2;117;102;49m▄[38;2;126;108;52m[48;2;128;111;51m▄[38;2;174;152;54m[48;2;134;118;47m▄[38;2;206;182;47m[48;2;150;132;46m▄[38;2;116;98;43m[48;2;193;172;47m▄[38;2;130;111;56m[48;2;142;124;47m▄[38;2;133;115;57m[48;2;117;100;53m▄[38;2;110;95;44m[48;2;54;60;52m▄[38;2;119;104;43m[48;2;112;101;47m▄[38;2;82;75;46m[48;2;109;101;48m▄[38;2;47;65;68m[48;2;39;64;77m▄[38;2;38;62;74m[48;2;40;86;116m▄[38;2;75;77;59m[48;2;57;79;84m▄[38;2;190;162;53m[48;2;159;133;50m▄[38;2;218;190;45m[48;2;140;128;53m▄[38;2;180;156;45m[48;2;38;63;79m▄[38;2;99;95;51m[48;2;27;58;87m▄[38;2;45;52;52m[48;2;34;67;92m▄[38;2;136;120;48m[48;2;46;70;82m▄[38;2;184;158;47m[48;2;77;82;65m▄[38;2;137;119;46m[48;2;92;83;48m▄[38;2;105;90;45m[48;2;87;82;52m▄[38;2;145;125;44m[48;2;57;57;48m▄[38;2;206;179;46m[48;2;105;98;51m▄[38;2;216;189;47m[48;2;210;182;51m▄[38;2;144;124;51m[48;2;113;101;50m▄[38;2;57;63;56m[48;2;28;56;78m▄[38;2;69;76;61m[48;2;38;63;77m▄[38;2;41;72;89m[48;2;42;61;69m▄[38;2;49;86;104m[48;2;46;69;79m▄[0m
[38;2;39;75;99m[48;2;46;90;112m▄[38;2;44;73;90m[48;2;51;99;125m▄[38;2;68;66;47m[48;2;41;72;88m▄[38;2;81;68;36m[48;2;72;71;48m▄[38;2;123;109;47m[48;2;98;85;39m▄[38;2;119;104;48m[48;2;78;68;37m▄[38;2;153;134;49m[48;2;128;112;51m▄[38;2;213;187;49m[48;2;140;121;54m▄[38;2;180;158;47m[48;2;121;106;47m▄[38;2;147;130;48m[48;2;102;89;44m▄[38;2;147;130;48m[48;2;163;144;47m▄[38;2;138;121;49m[48;2;161;141;48m▄[38;2;120;104;49m[48;2;134;116;50m▄[38;2;124;108;50m[48;2;166;146;49m▄[38;2;156;136;48m[48;2;87;75;40m▄[38;2;205;181;47m[48;2;118;103;41m▄[38;2;222;196;49m[48;2;164;143;51m▄[38;2;140;121;51m[48;2;133;116;48m▄[38;2;76;69;43m[48;2;92;85;49m▄[38;2;127;111;47m[48;2;50;56;49m▄[38;2;106;95;43m[48;2;123;105;42m▄[38;2;50;59;55m[48;2;49;61;60m▄[38;2;85;84;55m[48;2;60;64;54m▄[38;2;90;80;43m[48;2;107;93;44m▄[38;2;144;125;46m[48;2;110;96;48m▄[38;2;178;158;49m[48;2;116;101;51m▄[38;2;104;90;43m[48;2;98;79;46m▄[38;2;89;70;43m[48;2;148;120;54m▄[38;2;77;67;35m[48;2;175;155;44m▄[38;2;108;95;43m[48;2;168;147;53m▄[38;2;120;105;42m[48;2;98;86;45m▄[38;2;140;122;50m[48;2;128;111;50m▄[38;2;98;87;40m[48;2;132;118;42m▄[38;2;74;62;39m[48;2;159;119;63m▄[38;2;125;110;44m[48;2;120;73;72m▄[38;2;138;123;43m[48;2;112;101;44m▄[38;2;123;107;47m[48;2;167;147;55m▄[38;2;96;83;43m[48;2;102;89;41m▄[38;2;100;88;43m[48;2;104;89;40m▄[38;2;83;79;51m[48;2;73;76;59m▄[38;2;36;41;44m[48;2;28;61;88m▄[38;2;83;76;46m[48;2;98;88;51m▄[38;2;169;146;55m[48;2;58;55;45m▄[38;2;94;83;39m[48;2;110;99;47m▄[38;2;106;97;62m[48;2;201;175;43m▄[38;2;149;144;118m[48;2;196;170;37m▄[38;2;197;191;153m[48;2;204;175;30m▄[38;2;184;168;81m[48;2;191;164;35m▄[38;2;197;172;40m[48;2;188;165;47m▄[38;2;174;154;42m[48;2;182;162;47m▄[38;2;188;167;61m[48;2;201;175;44m▄[38;2;206;200;168m[48;2;176;153;33m▄[38;2;223;222;215m[48;2;193;170;44m▄[38;2;129;128;123m[48;2;196;173;52m▄[38;2;60;57;53m[48;2;183;161;48m▄[38;2;139;124;54m[48;2;98;84;43m▄[38;2;182;158;54m[48;2;120;98;43m▄[38;2;111;94;46m[48;2;108;103;62m▄[38;2;54;65;61m[48;2;35;81;111m▄[38;2;37;78;107m[48;2;52;98;123m▄[0m
[38;2;28;31;31m[48;2;24;41;60m▄[38;2;74;66;40m[48;2;58;59;48m▄[38;2;90;79;42m[48;2;82;70;37m▄[38;2;87;77;41m[48;2;78;69;39m▄[38;2;79;68;40m[48;2;94;83;40m▄[38;2;113;99;42m[48;2;123;107;49m▄[38;2;166;147;48m[48;2;129;112;48m▄[38;2;79;66;42m[48;2;160;140;44m▄[38;2;106;80;52m[48;2;205;180;49m▄[38;2;135;117;42m[48;2;213;187;49m▄[38;2;172;152;48m[48;2;180;157;53m▄[38;2;108;94;40m[48;2;115;99;49m▄[38;2;136;120;50m[48;2;131;114;50m▄[38;2;122;107;47m[48;2;146;127;51m▄[38;2;115;100;43m[48;2;219;193;48m▄[38;2;103;75;54m[48;2;199;172;49m▄[38;2;92;77;43m[48;2;129;111;45m▄[38;2;196;174;47m[48;2;139;121;51m▄[38;2;140;123;46m[48;2;138;119;49m▄[38;2;68;60;34m[48;2;115;102;44m▄[38;2;70;69;46m[48;2;79;69;37m▄[38;2;42;60;68m[48;2;44;63;69m▄[38;2;35;52;63m[48;2;60;76;72m▄[38;2;48;53;46m[48;2;87;76;40m▄[38;2;99;87;42m[48;2;114;98;44m▄[38;2;138;119;56m[48;2;123;107;48m▄[38;2;129;113;43m[48;2;118;104;42m▄[38;2;125;109;48m[48;2;114;102;43m▄[38;2;105;93;42m[48;2;132;115;52m▄[38;2;164;145;50m[48;2;160;142;44m▄[38;2;170;149;50m[48;2;139;122;41m▄[38;2;127;110;51m[48;2;165;146;47m▄[38;2;187;165;51m[48;2;132;117;41m▄[38;2;133;117;42m[48;2;173;152;50m▄[38;2;111;97;44m[48;2;132;116;48m▄[38;2;161;141;52m[48;2;94;82;41m▄[38;2;143;125;56m[48;2;127;109;55m▄[38;2;85;75;40m[48;2;110;95;47m▄[38;2;40;41;38m[48;2;79;70;37m▄[38;2;42;45;45m[48;2;50;49;40m▄[38;2;40;43;44m[48;2;39;40;40m▄[38;2;98;89;47m[48;2;62;58;41m▄[38;2;138;121;45m[48;2;149;130;41m▄[38;2;145;127;49m[48;2;180;160;56m▄[38;2;179;172;140m[48;2;152;154;165m▄[38;2;214;213;210m[48;2;102;104;114m▄[38;2;227;226;217m[48;2;253;255;255m▄[38;2;186;179;141m[48;2;226;228;241m▄[38;2;146;130;39m[48;2;166;147;45m▄[38;2;148;131;42m[48;2;196;171;32m▄[38;2;146;129;39m[48;2;164;153;91m▄[38;2;172;156;75m[48;2;244;247;255m▄[38;2;198;188;120m[48;2;255;255;255m▄[38;2;203;196;122m[48;2;177;180;194m▄[38;2;188;172;71m[48;2;156;157;166m▄[38;2;141;120;51m[48;2;141;127;63m▄[38;2;104;91;45m[48;2;130;113;43m▄[38;2;116;101;47m[48;2;118;103;44m▄[38;2;105;88;43m[48;2;86;75;40m▄[38;2;72;73;53m[48;2;56;67;64m▄[0m
[38;2;52;46;30m[48;2;63;58;33m▄[38;2;100;88;44m[48;2;77;68;39m▄[38;2;120;104;51m[48;2;98;86;43m▄[38;2;111;98;46m[48;2;95;84;45m▄[38;2;83;74;40m[48;2;96;84;43m▄[38;2;91;79;41m[48;2;122;107;45m▄[38;2;117;100;51m[48;2;172;152;49m▄[38;2;112;99;43m[48;2;148;132;46m▄[38;2;71;64;42m[48;2;100;88;43m▄[38;2;99;88;49m[48;2;106;92;47m▄[38;2;199;175;49m[48;2;95;83;39m▄[38;2;168;147;42m[48;2;110;98;38m▄[38;2;166;146;47m[48;2;163;143;50m▄[38;2;175;155;46m[48;2;112;99;40m▄[38;2;204;179;48m[48;2;83;73;37m▄[38;2;86;77;40m[48;2;119;106;45m▄[38;2;86;75;40m[48;2;147;131;43m▄[38;2;147;127;54m[48;2;142;124;48m▄[38;2;143;123;55m[48;2;113;98;49m▄[38;2;74;64;35m[48;2;85;74;39m▄[38;2;56;54;42m[48;2;80;74;44m▄[38;2;27;39;51m[48;2;54;54;45m▄[38;2;27;42;56m[48;2;27;42;57m▄[38;2;47;49;41m[48;2;31;42;50m▄[38;2;106;91;42m[48;2;75;65;34m▄[38;2;133;115;50m[48;2;111;97;45m▄[38;2;144;127;47m[48;2;140;123;46m▄[38;2;117;103;42m[48;2;126;109;50m▄[38;2;116;102;42m[48;2;127;112;46m▄[38;2;129;112;49m[48;2;125;109;48m▄[38;2;165;145;51m[48;2;133;116;48m▄[38;2;173;152;49m[48;2;150;131;50m▄[38;2;132;115;50m[48;2;134;117;48m▄[38;2;108;94;43m[48;2;93;81;43m▄[38;2;138;121;45m[48;2;106;92;44m▄[38;2;157;137;51m[48;2;150;130;52m▄[38;2;104;89;44m[48;2;104;91;44m▄[38;2;68;66;46m[48;2;66;60;37m▄[38;2;30;50;63m[48;2;26;39;51m▄[38;2;35;54;65m[48;2;27;44;58m▄[38;2;39;55;60m[48;2;34;44;49m▄[38;2;66;69;50m[48;2;81;76;40m▄[38;2;107;95;43m[48;2;114;99;49m▄[38;2;111;96;46m[48;2;188;165;51m▄[38;2;156;136;49m[48;2;196;172;36m▄[38;2;162;146;66m[48;2;185;164;50m▄[38;2;141;129;67m[48;2;178;156;43m▄[38;2;162;144;44m[48;2;190;166;34m▄[38;2;181;160;45m[48;2;201;176;47m▄[38;2;174;153;45m[48;2;174;153;46m▄[38;2;180;160;42m[48;2;198;174;49m▄[38;2;160;135;48m[48;2;203;180;36m▄[38;2;187;116;98m[48;2;175;143;37m▄[38;2;228;136;121m[48;2;193;148;55m▄[38;2;236;146;121m[48;2;148;123;53m▄[38;2;164;120;73m[48;2;129;115;47m▄[38;2;97;88;42m[48;2;96;84;45m▄[38;2;98;85;44m[48;2;84;74;42m▄[38;2;129;110;52m[48;2;102;87;44m▄[38;2;71;68;46m[48;2;78;76;52m▄[0m
[38;2;76;67;39m[48;2;60;52;31m▄[38;2;113;100;48m[48;2;116;102;47m▄[38;2;115;100;48m[48;2;117;101;49m▄[38;2;143;125;46m[48;2;139;122;47m▄[38;2;154;136;48m[48;2;125;110;43m▄[38;2;127;111;46m[48;2;93;83;41m▄[38;2;96;84;41m[48;2;130;112;52m▄[38;2;133;116;51m[48;2;176;156;52m▄[38;2;145;127;47m[48;2;142;125;45m▄[38;2;82;74;37m[48;2;21;20;24m▄[38;2;72;67;63m[48;2;121;107;50m▄[38;2;27;26;34m[48;2;156;138;49m▄[38;2;26;25;33m[48;2;102;89;50m▄[38;2;27;26;34m[48;2;146;129;51m▄[38;2;83;76;68m[48;2;91;81;44m▄[38;2;117;101;44m[48;2;66;59;33m▄[38;2;80;80;46m[48;2;179;155;49m▄[38;2;34;49;57m[48;2;158;139;50m▄[38;2;31;46;54m[48;2;97;87;41m▄[38;2;34;54;66m[48;2;34;42;44m▄[38;2;37;58;69m[48;2;40;54;60m▄[38;2;39;59;70m[48;2;35;52;63m▄[38;2;32;56;72m[48;2;29;45;57m▄[38;2;56;58;44m[48;2;92;83;44m▄[38;2;121;103;45m[48;2;113;98;45m▄[38;2;167;146;53m[48;2;157;138;51m▄[38;2;159;138;49m[48;2;140;123;48m▄[38;2;161;141;50m[48;2;161;140;49m▄[38;2;164;144;49m[48;2;130;115;43m▄[38;2;161;142;50m[48;2;146;127;47m▄[38;2;163;143;51m[48;2;148;130;49m▄[38;2;164;144;49m[48;2;149;130;48m▄[38;2;168;147;48m[48;2;147;129;47m▄[38;2;165;144;50m[48;2;111;97;45m▄[38;2;163;142;51m[48;2;161;140;53m▄[38;2;155;135;51m[48;2;142;123;53m▄[38;2;102;87;41m[48;2;99;84;42m▄[38;2;48;61;59m[48;2;55;63;54m▄[38;2;37;63;76m[48;2;35;58;72m▄[38;2;40;63;73m[48;2;39;61;71m▄[38;2;40;62;73m[48;2;37;61;73m▄[38;2;40;62;74m[48;2;39;59;70m▄[38;2;39;63;75m[48;2;34;53;64m▄[38;2;36;57;69m[48;2;70;66;47m▄[38;2;41;60;67m[48;2;146;127;51m▄[38;2;39;51;55m[48;2;162;147;49m▄[38;2;118;103;41m[48;2;165;145;46m▄[38;2;161;140;45m[48;2;160;145;65m▄[38;2;141;123;49m[48;2;185;163;47m▄[38;2;132;116;47m[48;2;206;181;46m▄[38;2;127;110;47m[48;2;193;172;44m▄[38;2;134;120;45m[48;2;170;148;46m▄[38;2;120;104;43m[48;2;193;123;96m▄[38;2;187;127;88m[48;2;242;145;123m▄[38;2;189;128;92m[48;2;255;163;135m▄[38;2;122;97;57m[48;2;184;111;97m▄[38;2;172;154;44m[48;2;124;114;36m▄[38;2;130;113;47m[48;2;121;106;48m▄[38;2;119;102;52m[48;2;131;111;54m▄[38;2;84;76;45m[48;2;80;73;43m▄[0m
[38;2;84;73;43m[48;2;75;65;39m▄[38;2;103;91;44m[48;2;100;88;44m▄[38;2;123;108;48m[48;2;125;109;49m▄[38;2;155;136;49m[48;2;154;135;50m▄[38;2;149;130;46m[48;2;148;130;48m▄[38;2;150;131;48m[48;2;153;134;46m▄[38;2;160;140;52m[48;2;153;135;46m▄[38;2;150;132;49m[48;2;147;129;48m▄[38;2;145;127;50m[48;2;113;98;46m▄[38;2;120;105;47m[48;2;111;96;45m▄[38;2;125;109;45m[48;2;134;117;48m▄[38;2;154;136;49m[48;2;104;92;42m▄[38;2;168;148;47m[48;2;128;113;50m▄[38;2;132;114;47m[48;2;120;106;49m▄[38;2;108;98;43m[48;2;125;108;42m▄[38;2;32;52;65m[48;2;59;59;44m▄[38;2;38;59;71m[48;2;23;46;66m▄[38;2;37;57;68m[48;2;36;57;70m▄[38;2;36;56;67m[48;2;38;59;71m▄[38;2;35;55;66m[48;2;39;60;70m▄[38;2;34;54;65m[48;2;39;59;70m▄[38;2;33;54;66m[48;2;39;60;71m▄[38;2;34;48;56m[48;2;34;55;68m▄[38;2;95;82;40m[48;2;73;68;42m▄[38;2;136;118;52m[48;2;123;105;49m▄[38;2;160;140;50m[48;2;150;130;51m▄[38;2;161;142;48m[48;2;147;128;49m▄[38;2;158;138;48m[48;2;154;135;49m▄[38;2;147;128;49m[48;2;161;140;50m▄[38;2;154;135;49m[48;2;158;138;50m▄[38;2;158;138;49m[48;2;161;141;50m▄[38;2;156;136;48m[48;2;157;137;50m▄[38;2;156;136;48m[48;2;152;132;50m▄[38;2;168;146;50m[48;2;157;136;49m▄[38;2;173;152;51m[48;2;167;146;50m▄[38;2;144;125;53m[48;2;153;134;50m▄[38;2;96;84;43m[48;2;93;80;39m▄[38;2;38;54;61m[48;2;47;58;58m▄[38;2;35;56;69m[48;2;36;61;74m▄[38;2;35;55;67m[48;2;39;62;72m▄[38;2;35;55;66m[48;2;39;61;72m▄[38;2;34;54;65m[48;2;39;61;72m▄[38;2;33;53;64m[48;2;39;60;71m▄[38;2;33;52;63m[48;2;38;60;72m▄[38;2;22;42;60m[48;2;29;54;73m▄[38;2;83;78;47m[48;2;62;66;50m▄[38;2;153;133;43m[48;2;151;131;43m▄[38;2;186;164;45m[48;2;148;130;46m▄[38;2;190;166;47m[48;2;137;120;52m▄[38;2;186;163;46m[48;2;132;114;51m▄[38;2;185;163;46m[48;2;132;114;52m▄[38;2;187;164;46m[48;2;136;118;51m▄[38;2;182;159;48m[48;2;156;138;49m▄[38;2;145;125;57m[48;2;127;115;48m▄[38;2;143;123;59m[48;2;126;114;51m▄[38;2;134;116;49m[48;2;128;112;51m▄[38;2;165;145;51m[48;2;171;151;47m▄[38;2;102;88;47m[48;2;121;104;48m▄[38;2;142;122;57m[48;2;119;103;51m▄[38;2;90;80;46m[48;2;86;77;45m▄[0m
[38;2;71;63;37m[48;2;93;80;43m▄[38;2;99;87;46m[48;2;102;89;46m▄[38;2;123;106;51m[48;2;133;114;52m▄[38;2;162;142;52m[48;2;155;137;50m▄[38;2;154;134;49m[48;2;160;140;49m▄[38;2;154;134;50m[48;2;161;141;48m▄[38;2;151;133;47m[48;2;154;135;48m▄[38;2;153;134;46m[48;2;150;131;48m▄[38;2;154;135;46m[48;2;152;134;46m▄[38;2;158;138;50m[48;2;143;126;48m▄[38;2;149;130;47m[48;2;137;118;52m▄[38;2;147;128;46m[48;2;148;130;49m▄[38;2;163;144;50m[48;2;148;130;47m▄[38;2;131;114;46m[48;2;119;102;42m▄[38;2;71;69;47m[48;2;49;52;47m▄[38;2;21;41;59m[48;2;30;53;68m▄[38;2;29;45;59m[48;2;34;54;65m▄[38;2;27;43;57m[48;2;33;51;63m▄[38;2;26;41;56m[48;2;31;49;61m▄[38;2;25;40;55m[48;2;30;47;60m▄[38;2;24;38;54m[48;2;28;45;58m▄[38;2;20;35;54m[48;2;25;43;58m▄[38;2;39;45;46m[48;2;34;44;49m▄[38;2;100;86;40m[48;2;87;76;38m▄[38;2;146;128;49m[48;2;136;119;52m▄[38;2;168;147;52m[48;2;148;130;51m▄[38;2;153;134;51m[48;2;148;130;47m▄[38;2;156;136;51m[48;2;157;137;48m▄[38;2;155;135;50m[48;2;146;128;49m▄[38;2;158;138;50m[48;2;160;141;50m▄[38;2;157;137;49m[48;2;163;142;49m▄[38;2;158;138;49m[48;2;157;138;48m▄[38;2;162;142;49m[48;2;157;137;48m▄[38;2;158;138;49m[48;2;160;141;50m▄[38;2;170;149;49m[48;2;166;145;50m▄[38;2;149;129;51m[48;2;136;118;53m▄[38;2;96;82;40m[48;2;96;84;40m▄[38;2;44;48;46m[48;2;36;45;49m▄[38;2;19;33;53m[48;2;27;45;60m▄[38;2;23;35;52m[48;2;29;44;57m▄[38;2;23;35;52m[48;2;28;43;58m▄[38;2;22;35;51m[48;2;27;42;57m▄[38;2;22;35;51m[48;2;26;41;56m▄[38;2;19;32;51m[48;2;25;41;57m▄[38;2;30;36;43m[48;2;11;27;49m▄[38;2;125;109;45m[48;2;107;94;43m▄[38;2;156;137;42m[48;2;162;143;42m▄[38;2;179;157;47m[48;2;190;167;49m▄[38;2;167;146;47m[48;2;174;153;48m▄[38;2;165;145;47m[48;2;168;147;46m▄[38;2;164;144;47m[48;2;165;145;46m▄[38;2;167;146;47m[48;2;167;147;47m▄[38;2;153;134;50m[48;2;160;140;49m▄[38;2;135;117;57m[48;2;137;118;55m▄[38;2;132;114;56m[48;2;137;118;59m▄[38;2;158;140;45m[48;2;146;128;44m▄[38;2;153;133;51m[48;2;173;151;52m▄[38;2;102;88;47m[48;2;100;86;47m▄[38;2;141;121;56m[48;2;132;113;54m▄[38;2;56;55;41m[48;2;75;68;43m▄[0m
[38;2;60;52;31m[48;2;82;71;41m▄[38;2;97;84;46m[48;2;102;88;48m▄[38;2;104;91;44m[48;2;102;89;45m▄[38;2;123;107;49m[48;2;139;120;53m▄[38;2;150;131;49m[48;2;151;133;46m▄[38;2;154;135;46m[48;2;158;140;47m▄[38;2;154;135;47m[48;2;154;134;49m▄[38;2;147;129;47m[48;2;161;140;48m▄[38;2;151;132;48m[48;2;162;142;48m▄[38;2;146;128;47m[48;2;166;146;49m▄[38;2;148;130;47m[48;2;169;147;47m▄[38;2;155;135;45m[48;2;175;151;50m▄[38;2;162;142;48m[48;2;181;158;50m▄[38;2;146;128;49m[48;2;138;119;48m▄[38;2;76;68;39m[48;2;70;66;43m▄[38;2;26;38;52m[48;2;21;36;53m▄[38;2;27;40;57m[48;2;26;40;55m▄[38;2;28;41;57m[48;2;25;39;55m▄[38;2;28;42;58m[48;2;25;38;54m▄[38;2;28;42;58m[48;2;25;37;54m▄[38;2;29;43;59m[48;2;25;37;53m▄[38;2;28;43;61m[48;2;24;37;55m▄[38;2;33;44;53m[48;2;26;37;48m▄[38;2;87;75;40m[48;2;88;77;39m▄[38;2;141;122;51m[48;2;136;118;51m▄[38;2;166;145;50m[48;2;152;132;50m▄[38;2;165;145;51m[48;2;160;139;52m▄[38;2;163;142;49m[48;2;164;142;51m▄[38;2;159;140;48m[48;2;163;141;50m▄[38;2;162;141;49m[48;2;161;141;50m▄[38;2;162;142;49m[48;2;168;147;52m▄[38;2;166;146;51m[48;2;170;148;52m▄[38;2;165;144;51m[48;2;162;142;52m▄[38;2;164;144;49m[48;2;164;143;51m▄[38;2;171;149;51m[48;2;163;142;52m▄[38;2;127;110;50m[48;2;135;116;52m▄[38;2;82;73;42m[48;2;96;83;42m▄[38;2;26;37;49m[48;2;34;40;44m▄[38;2;22;35;53m[48;2;18;32;50m▄[38;2;23;36;52m[48;2;22;34;50m▄[38;2;23;35;51m[48;2;21;33;49m▄[38;2;23;35;51m[48;2;21;33;49m▄[38;2;22;35;52m[48;2;21;33;49m▄[38;2;11;23;44m[48;2;10;24;47m▄[38;2;109;95;43m[48;2;75;69;43m▄[38;2;154;136;43m[48;2;148;130;43m▄[38;2;183;160;48m[48;2;180;158;45m▄[38;2;175;153;46m[48;2;182;160;47m▄[38;2;176;154;46m[48;2;179;157;47m▄[38;2;176;154;46m[48;2;180;158;47m▄[38;2;175;153;46m[48;2;182;159;47m▄[38;2;168;147;47m[48;2;187;164;47m▄[38;2;136;117;54m[48;2;157;135;54m▄[38;2;140;121;58m[48;2;144;124;60m▄[38;2;125;108;49m[48;2;123;106;49m▄[38;2;166;145;48m[48;2;177;155;47m▄[38;2;112;96;48m[48;2;123;106;50m▄[38;2;134;116;55m[48;2;116;100;51m▄[38;2;91;79;39m[48;2;121;104;50m▄[38;2;28;34;41m[48;2;44;46;40m▄[0m
[38;2;26;46;63m[48;2;35;35;31m▄[38;2;54;55;44m[48;2;70;62;38m▄[38;2;84;72;38m[48;2;101;89;43m▄[38;2;96;84;44m[48;2;116;103;44m▄[38;2;132;115;52m[48;2;141;123;52m▄[38;2;139;122;46m[48;2;131;114;47m▄[38;2;146;128;47m[48;2;164;144;49m▄[38;2;155;136;48m[48;2;160;140;48m▄[38;2;155;137;49m[48;2;158;139;47m▄[38;2;162;141;47m[48;2;159;139;48m▄[38;2;161;141;47m[48;2;162;142;49m▄[38;2;157;138;48m[48;2;158;139;47m▄[38;2;154;135;47m[48;2;157;139;47m▄[38;2;160;140;51m[48;2;161;141;50m▄[38;2;134;115;51m[48;2;91;79;42m▄[38;2;54;54;43m[48;2;27;41;55m▄[38;2;30;50;68m[48;2;32;49;65m▄[38;2;40;58;70m[48;2;33;49;63m▄[38;2;40;57;69m[48;2;34;50;64m▄[38;2;40;57;69m[48;2;35;51;65m▄[38;2;40;58;70m[48;2;36;52;66m▄[38;2;40;59;73m[48;2;33;50;68m▄[38;2;45;56;59m[48;2;50;57;53m▄[38;2;86;74;38m[48;2;91;78;39m▄[38;2;140;122;52m[48;2;145;126;50m▄[38;2;148;130;50m[48;2;152;134;50m▄[38;2;151;132;49m[48;2;145;127;50m▄[38;2;168;148;51m[48;2;150;130;53m▄[38;2;170;148;51m[48;2;147;127;51m▄[38;2;170;149;51m[48;2;142;123;50m▄[38;2;171;149;51m[48;2;141;122;52m▄[38;2;160;139;50m[48;2;151;131;51m▄[38;2;166;144;51m[48;2;147;128;49m▄[38;2;169;148;51m[48;2;147;129;52m▄[38;2;170;149;48m[48;2;160;140;54m▄[38;2;137;119;45m[48;2;142;124;48m▄[38;2;82;73;40m[48;2;88;78;42m▄[38;2;36;49;59m[48;2;27;40;54m▄[38;2;34;51;66m[48;2;27;43;59m▄[38;2;34;50;64m[48;2;28;41;57m▄[38;2;34;49;64m[48;2;28;41;57m▄[38;2;29;47;65m[48;2;27;40;57m▄[38;2;32;42;51m[48;2;17;33;55m▄[38;2;127;110;45m[48;2;62;61;46m▄[38;2;151;134;41m[48;2;135;117;43m▄[38;2;189;165;48m[48;2;174;155;45m▄[38;2;175;154;47m[48;2;180;160;47m▄[38;2;174;153;46m[48;2;172;151;47m▄[38;2;176;154;47m[48;2;171;150;47m▄[38;2;179;157;48m[48;2;172;150;47m▄[38;2;180;158;49m[48;2;180;157;46m▄[38;2;146;126;56m[48;2;171;149;50m▄[38;2;143;124;59m[48;2;142;123;58m▄[38;2;122;105;52m[48;2;140;120;59m▄[38;2;177;156;44m[48;2;142;124;44m▄[38;2;151;131;51m[48;2;158;139;49m▄[38;2;107;92;48m[48;2;114;99;50m▄[38;2;117;101;48m[48;2;149;128;60m▄[38;2;55;52;37m[48;2;86;74;38m▄[38;2;24;38;56m[48;2;23;32;47m▄[0m
[38;2;41;58;69m[48;2;43;61;76m▄[38;2;44;64;77m[48;2;38;53;67m▄[38;2;35;41;43m[48;2;66;58;34m▄[38;2;87;74;36m[48;2;104;91;42m▄[38;2;95;82;42m[48;2;135;118;51m▄[38;2;143;125;51m[48;2;161;141;50m▄[38;2;169;147;50m[48;2;153;134;49m▄[38;2;163;142;51m[48;2;155;136;47m▄[38;2;150;131;50m[48;2;151;132;46m▄[38;2;145;128;46m[48;2;154;135;46m▄[38;2;154;136;49m[48;2;151;133;50m▄[38;2;156;137;48m[48;2;159;138;50m▄[38;2;157;138;48m[48;2;155;134;49m▄[38;2;144;126;48m[48;2;155;135;47m▄[38;2;141;122;53m[48;2;160;139;55m▄[38;2;161;139;54m[48;2;112;96;45m▄[38;2;115;98;43m[48;2;61;63;50m▄[38;2;48;53;52m[48;2;37;55;73m▄[38;2;36;54;70m[48;2;43;61;74m▄[38;2;42;59;71m[48;2;43;61;73m▄[38;2;42;59;70m[48;2;43;61;74m▄[38;2;40;59;72m[48;2;38;59;75m▄[38;2;45;55;58m[48;2;65;67;52m▄[38;2;86;76;38m[48;2;115;99;42m▄[38;2;124;107;49m[48;2;132;115;49m▄[38;2;154;134;50m[48;2;162;141;50m▄[38;2;151;132;51m[48;2;164;144;51m▄[38;2;157;137;51m[48;2;165;143;52m▄[38;2;165;144;50m[48;2;155;135;51m▄[38;2;165;144;50m[48;2;152;133;50m▄[38;2;160;140;51m[48;2;161;140;51m▄[38;2;147;127;52m[48;2;165;144;52m▄[38;2;148;129;51m[48;2;167;146;51m▄[38;2;159;139;49m[48;2;167;146;50m▄[38;2;167;146;49m[48;2;176;153;50m▄[38;2;151;131;49m[48;2;139;120;49m▄[38;2;88;77;39m[48;2;98;85;42m▄[38;2;44;55;59m[48;2;44;55;60m▄[38;2;41;59;72m[48;2;39;57;72m▄[38;2;42;59;72m[48;2;40;56;69m▄[38;2;31;48;66m[48;2;38;56;72m▄[38;2;110;98;50m[48;2;32;46;59m▄[38;2;147;129;43m[48;2;123;108;48m▄[38;2;169;149;43m[48;2;146;129;40m▄[38;2;183;160;47m[48;2;187;165;46m▄[38;2;171;150;46m[48;2;179;156;48m▄[38;2;171;149;47m[48;2;173;152;48m▄[38;2;171;150;48m[48;2;170;149;47m▄[38;2;176;155;47m[48;2;166;146;48m▄[38;2;187;164;47m[48;2;166;145;47m▄[38;2;152;132;56m[48;2;156;137;48m▄[38;2;144;124;60m[48;2;134;115;56m▄[38;2;127;109;55m[48;2;146;126;60m▄[38;2;158;139;44m[48;2;126;109;48m▄[38;2;147;128;49m[48;2;174;154;47m▄[38;2;107;92;50m[48;2;106;92;46m▄[38;2;131;111;52m[48;2;141;121;57m▄[38;2;54;53;41m[48;2;83;72;37m▄[38;2;29;48;65m[48;2;24;36;47m▄[38;2;37;54;69m[48;2;29;45;64m▄[0m
[38;2;39;52;60m[48;2;39;54;65m▄[38;2;48;62;72m[48;2;42;58;70m▄[38;2;41;54;64m[48;2;38;53;62m▄[38;2;36;47;56m[48;2;44;44;38m▄[38;2;64;57;36m[48;2;93;81;40m▄[38;2;94;83;43m[48;2;117;102;48m▄[38;2;120;104;52m[48;2;138;120;49m▄[38;2;164;143;56m[48;2;158;138;49m▄[38;2;166;145;53m[48;2;166;145;50m▄[38;2;166;146;52m[48;2;166;145;50m▄[38;2;168;148;51m[48;2;160;140;48m▄[38;2;171;149;53m[48;2;156;137;48m▄[38;2;176;154;54m[48;2;155;135;48m▄[38;2;177;155;52m[48;2;155;137;50m▄[38;2;177;155;53m[48;2;160;140;50m▄[38;2;164;144;52m[48;2;159;139;48m▄[38;2;167;146;52m[48;2;151;130;54m▄[38;2;176;154;59m[48;2;118;101;47m▄[38;2;129;110;52m[48;2;55;57;44m▄[38;2;56;53;39m[48;2;29;43;55m▄[38;2;29;35;40m[48;2;34;47;58m▄[38;2;27;34;41m[48;2;35;48;58m▄[38;2;21;29;38m[48;2;33;43;52m▄[38;2;77;70;40m[48;2;101;89;43m▄[38;2;120;105;48m[48;2;119;104;48m▄[38;2;172;150;55m[48;2;166;145;52m▄[38;2;170;149;50m[48;2;160;141;48m▄[38;2;168;146;52m[48;2;159;140;50m▄[38;2;164;143;53m[48;2;164;142;51m▄[38;2;163;142;53m[48;2;158;138;50m▄[38;2;169;147;52m[48;2;156;137;49m▄[38;2;172;150;51m[48;2;165;145;51m▄[38;2;165;145;51m[48;2;165;145;49m▄[38;2;172;150;55m[48;2;167;146;52m▄[38;2;175;153;55m[48;2;170;148;51m▄[38;2;164;142;54m[48;2;166;144;56m▄[38;2;119;102;47m[48;2;93;80;41m▄[38;2;66;63;42m[48;2;42;50;52m▄[38;2;18;31;48m[48;2;36;52;63m▄[38;2;66;63;47m[48;2;27;45;60m▄[38;2;149;128;51m[48;2;62;63;50m▄[38;2;156;139;44m[48;2;140;121;45m▄[38;2;195;173;50m[48;2;162;144;41m▄[38;2;190;167;48m[48;2;200;175;47m▄[38;2;190;168;48m[48;2;190;167;46m▄[38;2;180;158;50m[48;2;191;167;47m▄[38;2;177;154;51m[48;2;191;167;48m▄[38;2;182;159;49m[48;2;187;163;49m▄[38;2;189;166;50m[48;2;179;157;49m▄[38;2;162;141;59m[48;2;152;132;53m▄[38;2;162;140;65m[48;2;127;110;54m▄[38;2;144;124;61m[48;2;143;123;59m▄[38;2;164;143;47m[48;2;127;109;51m▄[38;2;164;143;52m[48;2;159;140;46m▄[38;2;115;99;53m[48;2;115;99;49m▄[38;2;120;103;50m[48;2;135;116;55m▄[38;2;65;60;41m[48;2;93;80;39m▄[38;2;29;42;54m[48;2;51;57;50m▄[38;2;35;47;55m[48;2;34;50;64m▄[38;2;38;51;60m[48;2;41;56;68m▄[0m
