[38;2;107;121;104m[48;2;113;127;106m▄[38;2;121;140;115m[48;2;112;131;108m▄[38;2;110;128;106m[48;2;100;119;100m▄[38;2;111;122;109m[48;2;100;117;100m▄[38;2;104;115;116m[48;2;106;116;108m▄[38;2;70;92;103m[48;2;97;108;110m▄[38;2;57;80;98m[48;2;53;79;93m▄[38;2;60;77;100m[48;2;53;76;95m▄[38;2;79;92;110m[48;2;51;68;91m▄[38;2;125;134;143m[48;2;66;79;97m▄[38;2;143;152;156m[48;2;133;140;150m▄[38;2;141;146;152m[48;2;121;127;135m▄[38;2;149;153;158m[48;2;127;135;140m▄[38;2;160;161;163m[48;2;140;146;148m▄[38;2;158;155;157m[48;2;150;154;156m▄[38;2;72;88;106m[48;2;95;106;119m▄[38;2;73;86;86m[48;2;47;68;98m▄[38;2;85;95;77m[48;2;64;79;85m▄[38;2;57;80;102m[48;2;72;87;79m▄[38;2;78;90;81m[48;2;45;76;102m▄[38;2;118;111;55m[48;2;70;81;87m▄[38;2;136;124;48m[48;2;98;97;66m▄[38;2;131;118;48m[48;2;121;110;51m▄[38;2;153;130;41m[48;2;133;116;53m▄[38;2;175;149;38m[48;2;154;129;43m▄[38;2;161;138;57m[48;2;169;144;36m▄[38;2;180;164;92m[48;2;176;165;83m▄[38;2;163;158;114m[48;2;150;146;106m▄[38;2;142;146;137m[48;2;127;135;125m▄[38;2;142;153;145m[48;2;131;144;137m▄[38;2;136;147;143m[48;2;127;138;135m▄[38;2;132;144;139m[48;2;121;137;133m▄[38;2;132;143;130m[48;2;119;133;125m▄[38;2;144;148;117m[48;2;142;142;100m▄[38;2;149;151;116m[48;2;154;146;87m▄[38;2;145;150;118m[48;2;154;146;79m▄[38;2;135;145;128m[48;2;138;140;97m▄[38;2;133;145;135m[48;2;131;137;102m▄[38;2;128;145;142m[48;2;123;137;114m▄[38;2;120;139;139m[48;2;108;129;129m▄[38;2;106;121;122m[48;2;108;129;135m▄[38;2;101;112;113m[48;2;114;137;142m▄[38;2;96;106;105m[48;2;116;138;142m▄[38;2;111;127;128m[48;2;112;133;138m▄[38;2;116;140;140m[48;2;108;129;135m▄[38;2;109;132;132m[48;2;106;131;135m▄[38;2;105;128;127m[48;2;106;131;135m▄[38;2;100;121;120m[48;2;108;135;138m▄[38;2;114;129;133m[48;2;100;131;135m▄[38;2;122;139;142m[48;2;98;129;133m▄[38;2;116;146;148m[48;2;104;135;138m▄[38;2;108;128;127m[48;2;98;119;119m▄[38;2;95;113;118m[48;2;79;89;89m▄[38;2;114;140;155m[48;2;89;104;108m▄[38;2;117;142;156m[48;2;87;104;110m▄[38;2;110;139;154m[48;2;83;98;108m▄[38;2;99;131;148m[48;2;81;97;106m▄[38;2;97;129;146m[48;2;78;93;102m▄[38;2;98;130;146m[48;2;76;95;102m▄[38;2;101;137;154m[48;2;76;102;108m▄[0m
[38;2;105;120;101m[48;2;108;123;105m▄[38;2;102;118;106m[48;2;109;129;107m▄[38;2;86;97;103m[48;2;98;108;98m▄[38;2;65;79;91m[48;2;89;96;101m▄[38;2;63;76;88m[48;2;64;83;95m▄[38;2;65;80;93m[48;2;55;74;89m▄[38;2;103;115;123m[48;2;57;70;87m▄[38;2;133;143;144m[48;2;91;102;113m▄[38;2;133;142;145m[48;2;135;143;146m▄[38;2;135;141;144m[48;2;133;141;143m▄[38;2;144;148;149m[48;2;131;139;142m▄[38;2;132;135;137m[48;2;137;142;144m▄[38;2;91;95;104m[48;2;142;143;145m▄[38;2;95;100;111m[48;2;121;120;124m▄[38;2;144;140;128m[48;2;93;98;111m▄[38;2;107;110;102m[48;2;77;85;77m▄[38;2;83;87;68m[48;2;87;91;67m▄[38;2;117;102;36m[48;2;75;85;77m▄[38;2;89;91;70m[48;2;90;91;64m▄[38;2;64;79;87m[48;2;77;84;75m▄[38;2;75;84;75m[48;2;95;98;64m▄[38;2;105;101;57m[48;2;122;112;46m▄[38;2;105;99;61m[48;2;131;112;38m▄[38;2;121;110;60m[48;2;146;125;41m▄[38;2;159;135;33m[48;2;148;127;49m▄[38;2;172;145;29m[48;2;154;132;47m▄[38;2;177;155;70m[48;2;174;156;71m▄[38;2;154;146;98m[48;2;147;144;107m▄[38;2;134;135;116m[48;2;131;134;128m▄[38;2;135;138;122m[48;2;131;138;133m▄[38;2;134;140;124m[48;2;128;135;133m▄[38;2;131;141;135m[48;2;130;136;131m▄[38;2;130;140;136m[48;2;131;137;131m▄[38;2;129;141;139m[48;2;127;137;133m▄[38;2;117;130;128m[48;2;123;139;135m▄[38;2;101;110;108m[48;2;123;141;139m▄[38;2;90;94;93m[48;2;124;141;139m▄[38;2;87;90;88m[48;2;123;139;138m▄[38;2;87;89;88m[48;2;121;140;141m▄[38;2;86;90;87m[48;2;109;122;122m▄[38;2;102;114;110m[48;2;93;101;99m▄[38;2;104;113;107m[48;2;93;101;98m▄[38;2;112;102;99m[48;2;90;95;92m▄[38;2;148;113;110m[48;2;92;100;98m▄[38;2;163;111;109m[48;2;91;94;94m▄[38;2;137;123;120m[48;2;84;77;75m▄[38;2;119;133;131m[48;2;90;88;85m▄[38;2;137;135;135m[48;2;140;111;108m▄[38;2;135;131;130m[48;2;173;128;126m▄[38;2;116;132;131m[48;2;138;127;127m▄[38;2;116;135;136m[48;2;110;134;134m▄[38;2;111;123;115m[48;2;105;122;117m▄[38;2;99;115;116m[48;2;94;115;116m▄[38;2;108;135;156m[48;2;109;136;151m▄[38;2;77;107;136m[48;2;93;122;141m▄[38;2;72;105;131m[48;2;98;129;143m▄[38;2;87;118;137m[48;2;101;130;143m▄[38;2;98;126;142m[48;2;87;116;135m▄[38;2;86;116;134m[48;2;79;109;129m▄[38;2;77;113;133m[48;2;83;118;136m▄[0m
[38;2;86;93;99m[48;2;91;101;97m▄[38;2;78;92;100m[48;2;88;98;105m▄[38;2;73;85;98m[48;2;64;78;90m▄[38;2;91;99;109m[48;2;66;80;93m▄[38;2;108;112;117m[48;2;73;84;96m▄[38;2;134;139;142m[48;2;116;127;133m▄[38;2;138;143;144m[48;2;133;141;143m▄[38;2;149;153;153m[48;2;132;139;142m▄[38;2;145;154;153m[48;2;141;147;150m▄[38;2;110;115;114m[48;2;156;160;159m▄[38;2;53;37;35m[48;2;142;142;141m▄[38;2;86;64;65m[48;2;103;99;100m▄[38;2;184;169;147m[48;2;137;139;141m▄[38;2;174;157;119m[48;2;173;160;133m▄[38;2;192;168;81m[48;2;183;163;128m▄[38;2;135;121;72m[48;2;117;115;103m▄[38;2;97;92;71m[48;2;102;91;49m▄[38;2;108;80;20m[48;2;82;62;24m▄[38;2;94;86;59m[48;2;63;75;82m▄[38;2;82;89;76m[48;2;87;89;68m▄[38;2;63;81;96m[48;2;78;86;75m▄[38;2;55;74;93m[48;2;57;74;85m▄[38;2;67;80;86m[48;2;71;85;80m▄[38;2;78;88;86m[48;2;109;105;66m▄[38;2;107;102;70m[48;2;141;122;48m▄[38;2;135;120;64m[48;2;156;130;46m▄[38;2;179;157;74m[48;2;182;155;68m▄[38;2;177;156;62m[48;2;168;150;79m▄[38;2;159;146;77m[48;2;155;141;81m▄[38;2;138;139;121m[48;2;157;147;95m▄[38;2;76;77;76m[48;2;134;142;126m▄[38;2;116;123;122m[48;2;132;146;142m▄[38;2;104;105;102m[48;2;121;131;128m▄[38;2;103;98;93m[48;2;92;93;92m▄[38;2;100;92;87m[48;2;67;61;61m▄[38;2;86;78;73m[48;2;59;49;50m▄[38;2;104;96;90m[48;2;57;49;48m▄[38;2;89;87;83m[48;2;65;56;54m▄[38;2;94;74;71m[48;2;66;61;59m▄[38;2;126;115;107m[48;2;81;79;76m▄[38;2;143;155;143m[48;2;107;110;104m▄[38;2;145;145;134m[48;2;120;116;109m▄[38;2;161;133;123m[48;2;166;128;123m▄[38;2;149;133;124m[48;2;193;129;123m▄[38;2;135;151;142m[48;2;152;133;128m▄[38;2;136;151;144m[48;2;122;140;138m▄[38;2;137;149;143m[48;2;122;136;136m▄[38;2;135;148;143m[48;2;117;134;134m▄[38;2;130;144;137m[48;2;117;137;134m▄[38;2;128;143;137m[48;2;123;139;136m▄[38;2;130;146;142m[48;2;124;140;138m▄[38;2;126;132;124m[48;2;120;127;117m▄[38;2;115;126;133m[48;2;107;119;124m▄[38;2;125;143;155m[48;2;117;138;157m▄[38;2;117;124;132m[48;2;93;116;140m▄[38;2;110;114;120m[48;2;94;119;142m▄[38;2;102;107;115m[48;2;93;119;137m▄[38;2;100;104;112m[48;2;92;116;130m▄[38;2;97;102;107m[48;2;96;117;126m▄[38;2;107;111;115m[48;2;109;130;140m▄[0m
[38;2;95;103;110m[48;2;82;91;97m▄[38;2;107;112;120m[48;2;93;105;114m▄[38;2;111;112;116m[48;2;84;91;98m▄[38;2;120;117;115m[48;2;102;101;103m▄[38;2;141;139;134m[48;2;125;125;125m▄[38;2;136;142;142m[48;2;145;150;149m▄[38;2;82;89;95m[48;2;149;155;154m▄[38;2;44;31;33m[48;2;117;125;128m▄[38;2;48;15;11m[48;2;66;64;65m▄[38;2;61;34;31m[48;2;46;26;24m▄[38;2;76;61;47m[48;2;48;21;19m▄[38;2;136;120;93m[48;2;104;84;69m▄[38;2;198;179;110m[48;2;184;168;136m▄[38;2;199;173;58m[48;2;192;169;58m▄[38;2;206;175;52m[48;2;204;174;58m▄[38;2;172;143;32m[48;2;160;135;50m▄[38;2;156;133;31m[48;2;129;110;49m▄[38;2;162;124;16m[48;2;152;113;17m▄[38;2;78;60;27m[48;2;114;96;36m▄[38;2;73;84;96m[48;2;63;82;100m▄[38;2;79;83;82m[48;2;66;85;105m▄[38;2;74;74;71m[48;2;62;79;99m▄[38;2;82;79;72m[48;2;72;83;93m▄[38;2;88;89;83m[48;2;78;88;92m▄[38;2;94;96;96m[48;2;89;94;87m▄[38;2;108;108;104m[48;2;122;114;78m▄[38;2;153;153;131m[48;2;173;155;83m▄[38;2;141;144;136m[48;2;158;148;94m▄[38;2;131;143;137m[48;2;134;144;133m▄[38;2;86;82;79m[48;2;104;107;107m▄[38;2;70;54;57m[48;2;61;45;49m▄[38;2;64;48;51m[48;2;89;81;82m▄[38;2;100;94;91m[48;2;152;155;148m▄[38;2;142;140;126m[48;2;152;154;141m▄[38;2;117;112;101m[48;2;136;134;120m▄[38;2;73;68;66m[48;2;124;119;109m▄[38;2;110;68;67m[48;2;90;88;83m▄[38;2;201;111;104m[48;2;113;75;72m▄[38;2;193;108;102m[48;2;180;96;92m▄[38;2;153;135;124m[48;2;153;132;120m▄[38;2;157;162;149m[48;2;150;155;141m▄[38;2;145;148;135m[48;2;150;152;138m▄[38;2;115;118;109m[48;2;151;157;141m▄[38;2;79;76;77m[48;2;139;151;139m▄[38;2;67;60;65m[48;2;111;117;111m▄[38;2;70;61;67m[48;2;95;95;95m▄[38;2;69;60;66m[48;2;81;82;81m▄[38;2;66;61;65m[48;2;106;113;109m▄[38;2;93;97;97m[48;2;141;154;147m▄[38;2;136;145;140m[48;2;135;149;141m▄[38;2;122;128;125m[48;2;141;153;147m▄[38;2;103;99;91m[48;2;133;135;123m▄[38;2;97;95;92m[48;2;122;132;137m▄[38;2;129;135;137m[48;2;134;150;165m▄[38;2;129;138;139m[48;2;128;139;152m▄[38;2;120;128;129m[48;2;137;147;157m▄[38;2;123;130;131m[48;2;138;150;160m▄[38;2;125;131;133m[48;2;130;142;154m▄[38;2;123;129;131m[48;2;124;136;148m▄[38;2;134;142;143m[48;2;131;146;158m▄[0m
[38;2;146;144;136m[48;2;110;114;116m▄[38;2;140;139;132m[48;2;146;147;145m▄[38;2;114;110;110m[48;2;143;139;133m▄[38;2;70;67;69m[48;2;122;120;118m▄[38;2;41;27;26m[48;2;103;109;110m▄[38;2;53;25;18m[48;2;53;50;49m▄[38;2;60;39;33m[48;2;44;22;20m▄[38;2;74;64;59m[48;2;54;36;34m▄[38;2;70;56;57m[48;2;66;53;52m▄[38;2;82;46;21m[48;2;76;59;52m▄[38;2;78;41;14m[48;2;83;52;25m▄[38;2;146;118;92m[48;2;133;102;73m▄[38;2;203;180;130m[48;2;205;179;116m▄[38;2;193;170;119m[48;2;203;175;58m▄[38;2;200;175;95m[48;2;203;177;65m▄[38;2;167;143;48m[48;2;176;148;28m▄[38;2;140;109;29m[48;2;167;141;31m▄[38;2;115;84;26m[48;2;128;103;42m▄[38;2;86;64;43m[48;2;56;37;35m▄[38;2;92;90;97m[48;2;94;70;40m▄[38;2;99;99;102m[48;2;92;67;46m▄[38;2;107;103;97m[48;2;94;74;57m▄[38;2;107;100;99m[48;2;97;73;52m▄[38;2;119;104;91m[48;2;98;75;54m▄[38;2;99;71;42m[48;2;105;81;44m▄[38;2;108;84;57m[48;2;108;95;74m▄[38;2;127;119;114m[48;2;147;149;141m▄[38;2;146;144;134m[48;2;149;153;142m▄[38;2;116;117;110m[48;2;124;131;123m▄[38;2;58;48;49m[48;2;59;52;50m▄[38;2;77;64;66m[48;2;53;42;43m▄[38;2;74;62;64m[48;2;67;55;57m▄[38;2;42;34;35m[48;2;63;52;54m▄[38;2;51;43;44m[48;2;74;66;65m▄[38;2;77;67;68m[48;2;71;63;64m▄[38;2;78;67;69m[48;2;73;60;62m▄[38;2;85;60;61m[48;2;160;90;88m▄[38;2;103;69;68m[48;2;195;106;102m▄[38;2;79;67;68m[48;2;168;96;93m▄[38;2;68;60;64m[48;2;116;105;100m▄[38;2;72;60;65m[48;2;104;104;101m▄[38;2;77;64;71m[48;2;77;71;73m▄[38;2;81;68;76m[48;2;68;60;65m▄[38;2;79;68;75m[48;2;75;66;71m▄[38;2;87;79;82m[48;2;75;65;71m▄[38;2;83;76;79m[48;2;73;67;71m▄[38;2;59;51;56m[48;2;78;72;76m▄[38;2;97;90;93m[48;2;71;64;69m▄[38;2;124;117;118m[48;2;58;51;56m▄[38;2;133;125;127m[48;2;54;50;54m▄[38;2;86;78;86m[48;2;62;55;62m▄[38;2;68;60;69m[48;2;67;60;67m▄[38;2;75;68;76m[48;2;61;56;60m▄[38;2;66;61;67m[48;2;68;68;66m▄[38;2;56;57;59m[48;2;116;125;118m▄[38;2;116;122;119m[48;2;137;148;138m▄[38;2;144;155;146m[48;2;129;137;128m▄[38;2;134;145;137m[48;2;127;132;124m▄[38;2;132;142;134m[48;2;124;132;123m▄[38;2;138;151;142m[48;2;134;144;133m▄[0m
[38;2;155;142;133m[48;2;105;99;99m▄[38;2;190;174;159m[48;2;134;126;121m▄[38;2;171;162;149m[48;2;156;149;140m▄[38;2;91;71;65m[48;2;82;68;63m▄[38;2;67;28;20m[48;2;61;36;31m▄[38;2;71;43;39m[48;2;66;52;48m▄[38;2;67;47;43m[48;2;70;58;50m▄[38;2;69;34;20m[48;2;58;29;26m▄[38;2;112;80;21m[48;2;88;53;26m▄[38;2;127;102;32m[48;2;113;87;36m▄[38;2;74;59;5m[48;2;100;77;27m▄[38;2;120;108;89m[48;2;132;116;92m▄[38;2;203;186;169m[48;2;198;182;160m▄[38;2;193;179;169m[48;2;190;174;155m▄[38;2;199;177;122m[48;2;192;173;135m▄[38;2;159;134;59m[48;2;154;133;69m▄[38;2;130;116;82m[48;2;145;118;42m▄[38;2;112;111;104m[48;2;108;91;51m▄[38;2;150;125;43m[48;2;87;68;48m▄[38;2;161;124;28m[48;2;126;97;47m▄[38;2;170;138;37m[48;2;141;113;45m▄[38;2;186;149;22m[48;2;152;120;33m▄[38;2;171;130;15m[48;2;152;115;21m▄[38;2;140;117;56m[48;2;138;106;32m▄[38;2;139;123;83m[48;2;115;100;72m▄[38;2;130;115;95m[48;2;128;118;104m▄[38;2;138;129;121m[48;2;139;131;123m▄[38;2;111;101;96m[48;2;127;120;111m▄[38;2;50;37;37m[48;2;53;48;46m▄[38;2;68;55;57m[48;2;61;50;53m▄[38;2;62;51;53m[48;2;73;60;62m▄[38;2;74;62;64m[48;2;41;35;35m▄[38;2;85;72;75m[48;2;58;49;50m▄[38;2;82;69;73m[48;2;65;56;57m▄[38;2;75;63;68m[48;2;81;70;71m▄[38;2;77;65;69m[48;2;80;69;71m▄[38;2;76;64;68m[48;2;69;61;63m▄[38;2;69;59;63m[48;2;66;62;64m▄[38;2;82;70;76m[48;2;78;69;75m▄[38;2;81;69;76m[48;2;80;68;74m▄[38;2;81;70;76m[48;2;80;69;74m▄[38;2;82;71;77m[48;2;81;69;75m▄[38;2;79;68;74m[48;2;73;64;69m▄[38;2;80;70;75m[48;2;69;64;67m▄[38;2;78;66;73m[48;2;88;82;85m▄[38;2;71;60;68m[48;2;77;69;74m▄[38;2;130;119;123m[48;2;149;138;140m▄[38;2;200;187;188m[48;2;215;206;206m▄[38;2;212;204;204m[48;2;220;213;212m▄[38;2;206;200;200m[48;2;226;218;215m▄[38;2;229;224;223m[48;2;197;191;191m▄[38;2;145;138;142m[48;2;86;81;86m▄[38;2;64;56;65m[48;2;70;63;71m▄[38;2;77;71;75m[48;2;75;69;74m▄[38;2;69;64;67m[48;2;60;56;61m▄[38;2;60;58;61m[48;2;55;54;58m▄[38;2;60;59;61m[48;2;110;117;111m▄[38;2;116;123;117m[48;2;139;151;141m▄[38;2;139;149;141m[48;2;132;143;134m▄[38;2;143;154;148m[48;2;140;153;144m▄[0m
[38;2;174;161;146m[48;2;178;163;150m▄[38;2;189;175;158m[48;2;189;174;160m▄[38;2;168;159;147m[48;2;169;158;147m▄[38;2;93;70;61m[48;2;105;85;76m▄[38;2;127;76;57m[48;2;111;76;61m▄[38;2;123;75;64m[48;2;77;53;48m▄[38;2;100;79;47m[48;2;69;54;54m▄[38;2;129;97;15m[48;2;118;85;24m▄[38;2;104;66;17m[48;2;111;80;21m▄[38;2;49;39;14m[48;2;91;71;13m▄[38;2;59;46;11m[48;2;38;29;8m▄[38;2;151;134;115m[48;2;136;122;92m▄[38;2;201;186;170m[48;2;203;188;172m▄[38;2;206;177;110m[48;2;199;179;145m▄[38;2;198;171;110m[48;2;211;179;86m▄[38;2;112;111;121m[48;2;134;123;92m▄[38;2;105;107;112m[48;2;98;103;122m▄[38;2;119;113;93m[48;2;133;121;81m▄[38;2;124;109;76m[48;2;158;125;37m▄[38;2;132;103;40m[48;2;152;116;33m▄[38;2;127;116;88m[48;2;163;134;50m▄[38;2;158;130;52m[48;2;177;143;28m▄[38;2;142;108;21m[48;2;153;116;21m▄[38;2;151;121;44m[48;2;149;121;47m▄[38;2;126;111;93m[48;2;148;124;74m▄[38;2;135;129;124m[48;2;140;132;122m▄[38;2;140;134;118m[48;2;138;129;117m▄[38;2;120;110;104m[48;2;82;70;68m▄[38;2;182;171;165m[48;2;86;74;72m▄[38;2;106;98;94m[48;2;78;64;64m▄[38;2;146;136;132m[48;2;52;43;44m▄[38;2;155;139;136m[48;2;61;50;53m▄[38;2;144;132;131m[48;2;69;54;59m▄[38;2;190;180;180m[48;2;76;60;64m▄[38;2;190;179;176m[48;2;84;70;71m▄[38;2;89;78;78m[48;2;79;66;68m▄[38;2;78;64;66m[48;2;77;62;66m▄[38;2;88;76;78m[48;2;79;66;69m▄[38;2;78;66;69m[48;2;83;71;75m▄[38;2;103;88;90m[48;2;80;69;74m▄[38;2;156;140;137m[48;2;77;66;73m▄[38;2;158;142;139m[48;2;79;67;74m▄[38;2;156;143;140m[48;2;80;68;75m▄[38;2;162;149;147m[48;2;83;70;77m▄[38;2;173;159;157m[48;2;92;81;85m▄[38;2;181;167;164m[48;2;105;93;97m▄[38;2;182;167;164m[48;2;102;90;94m▄[38;2;165;153;149m[48;2;183;169;170m▄[38;2;163;153;149m[48;2;202;191;191m▄[38;2;153;144;143m[48;2;202;192;194m▄[38;2;63;57;63m[48;2;177;171;173m▄[38;2;72;65;70m[48;2;102;96;101m▄[38;2;79;73;77m[48;2;73;67;72m▄[38;2;77;71;75m[48;2;78;72;76m▄[38;2;73;67;71m[48;2;71;66;70m▄[38;2;64;60;64m[48;2;64;60;64m▄[38;2;72;66;71m[48;2;63;59;64m▄[38;2;61;60;61m[48;2;74;76;76m▄[38;2;121;130;122m[48;2;140;151;142m▄[38;2;152;163;154m[48;2;147;158;150m▄[0m
[38;2;176;159;144m[48;2;176;163;146m▄[38;2;194;177;158m[48;2;190;175;156m▄[38;2;162;151;136m[48;2;164;154;139m▄[38;2;94;66;58m[48;2;91;69;61m▄[38;2;134;78;66m[48;2;129;88;71m▄[38;2;133;100;71m[48;2;135;105;91m▄[38;2;160;127;54m[48;2;160;136;58m▄[38;2;142;90;75m[48;2;115;83;37m▄[38;2;98;63;44m[48;2;64;35;21m▄[38;2;69;51;15m[48;2;61;47;15m▄[38;2;43;37;26m[48;2;50;39;19m▄[38;2;174;148;89m[48;2;139;129;124m▄[38;2;202;173;102m[48;2;202;183;149m▄[38;2;177;160;121m[48;2;195;168;104m▄[38;2;156;155;153m[48;2;161;157;147m▄[38;2;110;113;118m[48;2;108;112;120m▄[38;2;114;113;119m[48;2;110;110;113m▄[38;2;109;108;113m[48;2;106;104;104m▄[38;2;99;100;110m[48;2;104;99;96m▄[38;2;102;84;63m[48;2;105;82;53m▄[38;2;141;115;58m[48;2;128;115;79m▄[38;2;134;123;87m[48;2;152;129;61m▄[38;2;115;90;33m[48;2;134;103;26m▄[38;2;114;106;94m[48;2;133;116;76m▄[38;2;120;116;115m[48;2;121;117;118m▄[38;2;141;131;114m[48;2;138;131;122m▄[38;2;186;178;153m[48;2;195;190;166m▄[38;2;184;180;157m[48;2;169;164;142m▄[38;2;124;120;109m[48;2;96;87;84m▄[38;2;66;57;57m[48;2;155;140;138m▄[38;2;81;69;71m[48;2;193;176;173m▄[38;2;89;77;79m[48;2;200;184;180m▄[38;2;78;66;69m[48;2;197;184;182m▄[38;2;60;48;51m[48;2;168;158;158m▄[38;2;96;89;88m[48;2;101;90;94m▄[38;2;112;106;105m[48;2;69;55;61m▄[38;2;113;108;106m[48;2;78;65;68m▄[38;2;119;115;111m[48;2;75;62;64m▄[38;2;143;141;137m[48;2;98;82;85m▄[38;2;160;159;153m[48;2;155;140;141m▄[38;2;153;152;146m[48;2;180;164;161m▄[38;2;151;151;145m[48;2;177;164;158m▄[38;2;152;153;146m[48;2;175;164;158m▄[38;2;153;154;147m[48;2;173;161;158m▄[38;2;158;157;152m[48;2;172;157;157m▄[38;2;128;125;122m[48;2;172;159;158m▄[38;2;93;85;87m[48;2;177;164;162m▄[38;2;101;91;93m[48;2;176;163;159m▄[38;2;89;81;83m[48;2;172;159;154m▄[38;2;86;80;81m[48;2;168;156;151m▄[38;2;137;138;133m[48;2;105;98;97m▄[38;2;73;71;74m[48;2;65;59;64m▄[38;2;77;70;75m[48;2;73;69;73m▄[38;2;77;70;74m[48;2;77;71;75m▄[38;2;74;68;73m[48;2;74;67;72m▄[38;2;61;57;60m[48;2;63;58;61m▄[38;2;64;58;60m[48;2;73;66;70m▄[38;2;64;57;61m[48;2;60;54;59m▄[38;2;67;66;66m[48;2;96;100;96m▄[38;2;146;156;149m[48;2;155;166;157m▄[0m
[38;2;183;168;153m[48;2;180;165;148m▄[38;2;202;184;165m[48;2;198;181;161m▄[38;2;159;147;132m[48;2;159;146;133m▄[38;2;95;70;63m[48;2;99;72;63m▄[38;2;142;96;53m[48;2;138;88;62m▄[38;2;134;101;23m[48;2;143;106;39m▄[38;2;79;57;51m[48;2;131;96;51m▄[38;2;82;55;29m[48;2;90;48;41m▄[38;2;59;39;10m[48;2;123;90;29m▄[38;2;95;60;24m[48;2;107;79;25m▄[38;2;142;99;18m[48;2;133;103;23m▄[38;2;184;154;65m[48;2;202;168;55m▄[38;2;193;170;77m[48;2;198;168;70m▄[38;2;190;168;86m[48;2;190;166;88m▄[38;2;163;147;109m[48;2;165;153;116m▄[38;2;111;108;105m[48;2;111;111;118m▄[38;2;117;114;115m[48;2;116;115;123m▄[38;2;111;106;113m[48;2;115;113;117m▄[38;2;107;104;105m[48;2;109;109;117m▄[38;2;104;100;87m[48;2;107;96;73m▄[38;2;129;105;49m[48;2;136;111;51m▄[38;2;115;106;84m[48;2;121;113;93m▄[38;2;103;79;44m[48;2;94;74;39m▄[38;2;120;106;86m[48;2;116;107;95m▄[38;2;160;139;53m[48;2;141;125;83m▄[38;2;171;148;79m[48;2;166;147;79m▄[38;2;189;181;144m[48;2;187;180;158m▄[38;2;181;170;138m[48;2;176;171;150m▄[38;2;164;162;149m[48;2;171;169;154m▄[38;2;155;153;144m[48;2;118;114;106m▄[38;2;79;69;70m[48;2;73;61;64m▄[38;2;85;71;74m[48;2;80;68;70m▄[38;2;87;71;73m[48;2;81;68;70m▄[38;2;74;62;65m[48;2;76;65;66m▄[38;2;119;117;115m[48;2;145;143;136m▄[38;2;165;168;159m[48;2;171;174;165m▄[38;2;157;160;154m[48;2;166;169;162m▄[38;2;158;160;156m[48;2;167;170;163m▄[38;2;159;161;156m[48;2;162;166;160m▄[38;2;159;162;154m[48;2;157;162;152m▄[38;2;159;162;152m[48;2;158;162;149m▄[38;2;158;161;151m[48;2;158;163;149m▄[38;2;158;161;153m[48;2;158;163;151m▄[38;2;157;160;152m[48;2;158;162;152m▄[38;2;162;166;156m[48;2;163;167;157m▄[38;2;127;127;121m[48;2;132;133;128m▄[38;2;72;65;70m[48;2;64;59;64m▄[38;2;77;72;76m[48;2;70;64;69m▄[38;2;72;65;70m[48;2;67;60;65m▄[38;2;87;85;85m[48;2;82;80;81m▄[38;2;159;167;159m[48;2;156;164;156m▄[38;2;100;102;99m[48;2;89;88;89m▄[38;2;69;62;66m[48;2;73;66;72m▄[38;2;77;70;76m[48;2;77;70;74m▄[38;2;64;60;67m[48;2;68;65;69m▄[38;2;97;103;98m[48;2;85;85;83m▄[38;2;170;173;164m[48;2;121;117;114m▄[38;2;190;184;181m[48;2;111;104;104m▄[38;2;157;155;151m[48;2;117;116;113m▄[38;2;130;143;134m[48;2;135;146;139m▄[0m
[38;2;187;174;155m[48;2;183;170;153m▄[38;2;207;190;167m[48;2;202;185;163m▄[38;2;167;153;138m[48;2;163;151;137m▄[38;2;76;45;46m[48;2;81;49;47m▄[38;2;127;76;27m[48;2;138;82;30m▄[38;2;96;62;16m[48;2;123;86;21m▄[38;2;34;21;6m[48;2;55;27;27m▄[38;2;117;85;23m[48;2;112;70;18m▄[38;2;83;53;25m[48;2;116;72;31m▄[38;2;120;84;34m[48;2;148;110;46m▄[38;2;35;22;18m[48;2;66;38;14m▄[38;2;152;151;146m[48;2;163;148;103m▄[38;2;171;166;153m[48;2;181;168;116m▄[38;2;168;163;144m[48;2;180;166;116m▄[38;2;168;153;104m[48;2;159;149;112m▄[38;2;151;124;50m[48;2;144;121;53m▄[38;2;165;138;48m[48;2;156;131;59m▄[38;2;164;136;41m[48;2;128;114;81m▄[38;2;160;120;35m[48;2;113;103;81m▄[38;2;136;87;16m[48;2;103;88;72m▄[38;2;150;102;15m[48;2;129;94;36m▄[38;2;166;127;12m[48;2;119;90;43m▄[38;2;128;85;13m[48;2;120;88;34m▄[38;2;113;94;73m[48;2;116;105;84m▄[38;2;139;130;90m[48;2;147;130;66m▄[38;2;147;130;72m[48;2;160;143;88m▄[38;2;188;171;96m[48;2;199;181;102m▄[38;2;173;169;148m[48;2;179;169;132m▄[38;2;152;152;141m[48;2;159;158;146m▄[38;2;167;167;158m[48;2;160;158;150m▄[38;2;92;87;83m[48;2;84;75;75m▄[38;2;79;64;66m[48;2;83;69;72m▄[38;2;90;74;77m[48;2;87;71;74m▄[38;2;85;72;75m[48;2;78;65;69m▄[38;2;77;68;69m[48;2;93;87;87m▄[38;2;144;144;136m[48;2;163;164;155m▄[38;2;159;160;152m[48;2;156;158;153m▄[38;2;156;158;150m[48;2;157;159;154m▄[38;2;156;159;151m[48;2;158;161;155m▄[38;2;156;159;151m[48;2;158;161;154m▄[38;2;156;159;150m[48;2;157;160;153m▄[38;2;156;159;150m[48;2;157;160;152m▄[38;2;155;159;150m[48;2;156;158;153m▄[38;2;155;157;151m[48;2;156;158;153m▄[38;2;162;165;159m[48;2;162;165;156m▄[38;2;115;115;113m[48;2;119;118;114m▄[38;2;70;64;69m[48;2;70;62;67m▄[38;2;81;74;78m[48;2;80;73;78m▄[38;2;68;63;66m[48;2;70;63;68m▄[38;2;121;123;118m[48;2;96;96;94m▄[38;2;157;164;156m[48;2;161;167;160m▄[38;2;139;142;137m[48;2;129;134;128m▄[38;2;74;69;72m[48;2;68;64;67m▄[38;2;76;69;74m[48;2;77;70;75m▄[38;2;67;62;66m[48;2;66;60;65m▄[38;2;112;121;114m[48;2;109;116;109m▄[38;2;142;156;147m[48;2;141;149;141m▄[38;2;133;138;132m[48;2;180;175;172m▄[38;2;176;168;165m[48;2;181;174;171m▄[38;2;150;154;148m[48;2;135;147;138m▄[0m
[38;2;170;146;127m[48;2;191;174;157m▄[38;2;196;172;150m[48;2;209;192;170m▄[38;2;146;127;115m[48;2;165;152;137m▄[38;2;90;63;51m[48;2;70;43;41m▄[38;2;81;50;26m[48;2;92;49;28m▄[38;2;18;5;3m[48;2;63;28;19m▄[38;2;111;82;14m[48;2;79;52;12m▄[38;2;97;59;16m[48;2;64;38;12m▄[38;2;85;56;29m[48;2;18;7;8m▄[38;2;40;26;12m[48;2;84;53;24m▄[38;2;40;29;32m[48;2;41;29;25m▄[38;2;166;151;103m[48;2;154;151;142m▄[38;2;180;160;78m[48;2;169;159;128m▄[38;2;186;169;72m[48;2;173;164;121m▄[38;2;166;144;68m[48;2;172;152;77m▄[38;2;149;124;47m[48;2;142;119;62m▄[38;2;161;130;39m[48;2;138;121;69m▄[38;2;163;135;30m[48;2;140;119;50m▄[38;2;173;138;21m[48;2;153;111;27m▄[38;2;152;106;25m[48;2;157;109;21m▄[38;2;146;98;19m[48;2;144;97;13m▄[38;2;180;139;16m[48;2;174;133;17m▄[38;2;180;140;15m[48;2;164;122;21m▄[38;2;140;101;27m[48;2;126;96;48m▄[38;2;151;126;55m[48;2;124;117;95m▄[38;2;155;133;56m[48;2;122;112;85m▄[38;2;165;149;85m[48;2;161;151;123m▄[38;2;187;170;101m[48;2;177;173;151m▄[38;2;158;150;112m[48;2;153;150;133m▄[38;2;159;157;149m[48;2;161;162;151m▄[38;2;174;175;168m[48;2;143;141;132m▄[38;2;108;101;101m[48;2;78;66;68m▄[38;2;75;63;67m[48;2;87;72;76m▄[38;2;84;72;74m[48;2;86;74;76m▄[38;2;74;61;65m[48;2;72;62;63m▄[38;2;113;109;105m[48;2;128;128;121m▄[38;2;165;168;157m[48;2;163;164;155m▄[38;2;157;160;151m[48;2;155;157;149m▄[38;2;158;161;152m[48;2;156;159;150m▄[38;2;158;162;150m[48;2;157;160;148m▄[38;2;159;163;149m[48;2;157;161;146m▄[38;2;159;163;148m[48;2;156;161;146m▄[38;2;159;162;148m[48;2;157;161;146m▄[38;2;157;160;148m[48;2;156;159;148m▄[38;2;165;168;159m[48;2;163;166;157m▄[38;2;109;107;103m[48;2;113;113;110m▄[38;2;68;57;62m[48;2;69;63;68m▄[38;2;68;59;64m[48;2;80;72;79m▄[38;2;93;92;89m[48;2;73;69;71m▄[38;2;160;168;153m[48;2;141;147;137m▄[38;2;150;159;149m[48;2;153;161;154m▄[38;2;146;151;145m[48;2;140;145;139m▄[38;2;75;68;72m[48;2;74;66;70m▄[38;2;68;60;65m[48;2;76;69;74m▄[38;2;60;54;58m[48;2;64;60;63m▄[38;2;129;134;129m[48;2;117;126;119m▄[38;2;146;158;149m[48;2;146;158;149m▄[38;2;139;150;142m[48;2;135;148;138m▄[38;2;138;149;140m[48;2;138;143;136m▄[38;2;139;148;140m[48;2;148;148;143m▄[0m
[38;2;95;90;86m[48;2;166;121;95m▄[38;2;102;94;90m[48;2;180;129;100m▄[38;2;94;85;80m[48;2;156;110;83m▄[38;2;96;88;85m[48;2;131;93;72m▄[38;2;100;88;90m[48;2;69;43;38m▄[38;2;110;90;76m[48;2;88;66;44m▄[38;2;140;110;36m[48;2;161;126;21m▄[38;2;154;117;21m[48;2;157;117;22m▄[38;2;140;102;23m[48;2;98;67;18m▄[38;2;133;97;40m[48;2;37;23;15m▄[38;2;102;80;74m[48;2;55;45;47m▄[38;2;128;110;83m[48;2;177;160;82m▄[38;2;175;145;51m[48;2;181;160;84m▄[38;2;165;129;46m[48;2;170;155;97m▄[38;2;175;134;28m[48;2;171;150;54m▄[38;2;132;61;24m[48;2;170;120;17m▄[38;2;143;56;26m[48;2;143;58;18m▄[38;2;144;69;44m[48;2;121;48;18m▄[38;2;131;84;70m[48;2;134;93;38m▄[38;2;184;149;33m[48;2;184;146;27m▄[38;2;135;93;20m[48;2;141;96;20m▄[38;2;123;75;27m[48;2;141;96;21m▄[38;2;129;82;31m[48;2;131;85;18m▄[38;2;146;103;21m[48;2;121;77;18m▄[38;2;127;108;59m[48;2;154;125;43m▄[38;2;100;105;110m[48;2;132;120;73m▄[38;2;137;138;130m[48;2;148;141;102m▄[38;2;176;174;157m[48;2;178;169;131m▄[38;2;161;157;142m[48;2;159;153;138m▄[38;2;168;159;125m[48;2;164;161;149m▄[38;2;166;161;145m[48;2;173;172;162m▄[38;2;169;167;157m[48;2;143;139;134m▄[38;2;92;81;80m[48;2;74;62;66m▄[38;2;69;52;55m[48;2;84;71;73m▄[38;2;68;55;56m[48;2;74;61;63m▄[38;2;97;90;87m[48;2;100;96;93m▄[38;2;165;166;156m[48;2;167;170;159m▄[38;2;164;166;158m[48;2;160;163;154m▄[38;2;162;165;165m[48;2;160;164;155m▄[38;2;161;164;163m[48;2;160;163;152m▄[38;2;159;160;153m[48;2;160;164;151m▄[38;2;162;162;155m[48;2;160;163;151m▄[38;2;162;162;155m[48;2;160;163;153m▄[38;2;163;165;157m[48;2;160;163;154m▄[38;2;151;151;142m[48;2;155;159;149m▄[38;2;195;186;182m[48;2;158;151;145m▄[38;2;220;211;207m[48;2;152;139;137m▄[38;2;209;197;197m[48;2;100;90;91m▄[38;2;163;159;154m[48;2;138;137;132m▄[38;2;156;161;153m[48;2;157;166;155m▄[38;2;156;160;153m[48;2;151;157;150m▄[38;2;147;148;142m[48;2;152;155;150m▄[38;2;190;181;178m[48;2;142;134;134m▄[38;2;199;193;189m[48;2;87;80;80m▄[38;2;214;208;205m[48;2;129;123;123m▄[38;2;160;159;156m[48;2;155;156;153m▄[38;2;137;147;140m[48;2;138;150;142m▄[38;2;139;149;141m[48;2;140;150;142m▄[38;2;137;147;139m[48;2;136;147;139m▄[38;2;146;158;149m[48;2;147;161;151m▄[0m
[38;2;61;80;97m[48;2;75;75;78m▄[38;2;56;65;78m[48;2;80;82;85m▄[38;2;51;57;68m[48;2;79;79;81m▄[38;2;56;64;75m[48;2;83;82;84m▄[38;2;58;64;76m[48;2;86;83;83m▄[38;2;52;59;82m[48;2;81;75;83m▄[38;2;103;91;49m[48;2;111;89;49m▄[38;2;199;160;11m[48;2;157;120;25m▄[38;2;111;90;34m[48;2;145;112;26m▄[38;2;98;85;56m[48;2;133;103;44m▄[38;2;53;58;86m[48;2;89;67;76m▄[38;2;124;111;46m[48;2;134;104;36m▄[38;2;192;152;23m[48;2;155;95;18m▄[38;2;143;93;23m[48;2;124;46;14m▄[38;2;121;40;18m[48;2;120;41;17m▄[38;2;154;76;40m[48;2;122;37;13m▄[38;2;141;65;41m[48;2;149;79;54m▄[38;2;129;45;22m[48;2;169;107;87m▄[38;2;121;36;23m[48;2;155;96;46m▄[38;2;171;115;19m[48;2;188;151;21m▄[38;2;198;165;17m[48;2;116;81;20m▄[38;2;164;133;21m[48;2;123;83;12m▄[38;2;145;115;23m[48;2;121;81;12m▄[38;2;151;121;22m[48;2;156;121;14m▄[38;2;126;97;26m[48;2;115;86;27m▄[38;2;104;85;40m[48;2;87;83;83m▄[38;2;75;69;52m[48;2;100;102;101m▄[38;2;96;83;55m[48;2;134;130;116m▄[38;2;144;129;87m[48;2;166;159;135m▄[38;2;165;147;92m[48;2;180;162;107m▄[38;2;172;152;92m[48;2;174;159;124m▄[38;2;160;143;107m[48;2;172;169;156m▄[38;2;194;176;156m[48;2;140;131;126m▄[38;2;211;195;185m[48;2;145;130;127m▄[38;2;203;189;185m[48;2;158;143;137m▄[38;2;189;173;168m[48;2;173;159;152m▄[38;2;200;183;185m[48;2;167;157;150m▄[38;2;193;173;144m[48;2;170;161;143m▄[38;2;165;143;52m[48;2;184;166;108m▄[38;2;147;135;91m[48;2;174;146;73m▄[38;2;142;142;125m[48;2;188;156;46m▄[38;2;147;150;144m[48;2;168;156;124m▄[38;2;167;158;151m[48;2;170;169;163m▄[38;2;162;149;145m[48;2;161;158;148m▄[38;2;200;188;185m[48;2;171;163;156m▄[38;2;202;191;190m[48;2;208;200;197m▄[38;2;211;197;196m[48;2;207;198;198m▄[38;2;152;148;148m[48;2;198;187;185m▄[38;2;135;143;143m[48;2;159;156;147m▄[38;2;136;146;149m[48;2;167;168;157m▄[38;2;133;139;137m[48;2;163;164;156m▄[38;2;176;169;163m[48;2;156;152;146m▄[38;2;204;199;195m[48;2;200;193;189m▄[38;2;202;197;194m[48;2;205;200;197m▄[38;2;175;170;168m[48;2;199;191;189m▄[38;2;121;128;128m[48;2;149;146;140m▄[38;2;136;146;145m[48;2;152;156;148m▄[38;2;133;142;142m[48;2;150;154;147m▄[38;2;132;140;141m[48;2;148;152;144m▄[38;2;139;148;148m[48;2;157;161;154m▄[0m
[38;2;39;86;127m[48;2;46;97;135m▄[38;2;43;96;139m[48;2;52;102;146m▄[38;2;42;88;129m[48;2;47;93;136m▄[38;2;42;87;129m[48;2;48;94;137m▄[38;2;43;88;130m[48;2;51;95;137m▄[38;2;52;94;135m[48;2;53;99;143m▄[38;2;48;98;151m[48;2;51;91;132m▄[38;2;65;95;113m[48;2;173;140;24m▄[38;2;165;134;26m[48;2;140;123;51m▄[38;2;159;115;23m[48;2;62;100;128m▄[38;2;152;92;9m[48;2;85;116;111m▄[38;2;125;60;17m[48;2;133;121;50m▄[38;2;96;36;27m[48;2;157;98;13m▄[38;2;123;38;5m[48;2;122;45;14m▄[38;2;133;48;24m[48;2;164;90;54m▄[38;2;169;120;33m[48;2;175;111;77m▄[38;2;204;168;16m[48;2;141;83;21m▄[38;2;131;130;52m[48;2;152;101;27m▄[38;2;133;133;52m[48;2;139;81;27m▄[38;2;136;124;43m[48;2;171;126;21m▄[38;2;127;121;56m[48;2;134;128;56m▄[38;2;161;140;30m[48;2;144;136;60m▄[38;2;160;138;34m[48;2;133;130;72m▄[38;2;159;139;40m[48;2;151;140;53m▄[38;2;141;131;58m[48;2;126;126;84m▄[38;2;137;127;64m[48;2;146;138;61m▄[38;2;137;129;69m[48;2;145;136;58m▄[38;2;127;126;76m[48;2;142;130;59m▄[38;2;111;120;91m[48;2;151;133;43m▄[38;2;103;116;111m[48;2;153;134;43m▄[38;2;92;112;128m[48;2;162;141;41m▄[38;2;81;112;146m[48;2;158;141;42m▄[38;2;73;110;157m[48;2;153;135;61m▄[38;2;96;120;150m[48;2;178;163;154m▄[38;2;108;125;150m[48;2;190;173;172m▄[38;2;108;129;155m[48;2;197;180;176m▄[38;2;90;119;151m[48;2;178;162;159m▄[38;2;85;122;161m[48;2;125;134;149m▄[38;2;93;129;169m[48;2;65;106;159m▄[38;2;95;129;169m[48;2;77;118;172m▄[38;2;95;131;170m[48;2;76;122;172m▄[38;2;93;129;166m[48;2;87;115;146m▄[38;2;97;126;151m[48;2;167;152;149m▄[38;2;114;131;147m[48;2;196;179;175m▄[38;2;134;142;154m[48;2;191;174;172m▄[38;2;132;144;159m[48;2;203;185;182m▄[38;2;91;125;155m[48;2;165;160;166m▄[38;2;96;136;169m[48;2;79;117;151m▄[38;2;101;129;156m[48;2;75;115;154m▄[38;2;144;142;149m[48;2;125;141;160m▄[38;2;176;165;162m[48;2;142;145;151m▄[38;2;174;165;161m[48;2;189;181;175m▄[38;2;183;175;171m[48;2;189;184;180m▄[38;2;183;176;172m[48;2;202;197;191m▄[38;2;124;141;156m[48;2;142;150;157m▄[38;2;115;148;172m[48;2;82;123;154m▄[38;2;119;149;172m[48;2;97;134;162m▄[38;2;117;150;171m[48;2;99;135;162m▄[38;2;117;148;169m[48;2;104;135;162m▄[38;2;125;159;180m[48;2;116;149;173m▄[0m
[38;2;20;67;109m[48;2;20;71;114m▄[38;2;25;82;132m[48;2;25;78;126m▄[38;2;26;78;124m[48;2;29;77;118m▄[38;2;28;80;127m[48;2;35;81;123m▄[38;2;32;83;130m[48;2;38;82;127m▄[38;2;34;85;132m[48;2;42;87;131m▄[38;2;32;84;132m[48;2;46;90;132m▄[38;2;34;83;134m[48;2;37;90;143m▄[38;2;34;88;146m[48;2;41;76;116m▄[38;2;31;92;154m[48;2;77;58;65m▄[38;2;36;92;151m[48;2;52;60;95m▄[38;2;40;89;146m[48;2;44;84;132m▄[38;2;40;91;146m[48;2;42;68;97m▄[38;2;37;94;150m[48;2;90;44;34m▄[38;2;38;98;153m[48;2;67;42;48m▄[38;2;42;94;153m[48;2;53;85;102m▄[38;2;41;91;152m[48;2;81;102;99m▄[38;2;42;95;155m[48;2;88;106;96m▄[38;2;46;98;158m[48;2;90;107;100m▄[38;2;51;100;160m[48;2;88;106;106m▄[38;2;57;103;162m[48;2;85;106;108m▄[38;2;63;106;163m[48;2;78;103;119m▄[38;2;67;109;163m[48;2;75;103;131m▄[38;2;73;112;164m[48;2;69;101;143m▄[38;2;80;117;162m[48;2;68;104;148m▄[38;2;84;121;163m[48;2;70;105;156m▄[38;2;88;125;166m[48;2;71;107;165m▄[38;2;91;128;168m[48;2;70;109;167m▄[38;2;94;130;171m[48;2;71;111;168m▄[38;2;97;133;174m[48;2;78;114;168m▄[38;2;101;136;175m[48;2;87;120;168m▄[38;2;105;138;175m[48;2;95;127;168m▄[38;2;105;140;175m[48;2;99;131;168m▄[38;2;106;142;175m[48;2;95;132;167m▄[38;2;106;141;173m[48;2;92;130;166m▄[38;2;107;139;172m[48;2;91;128;166m▄[38;2;108;139;172m[48;2;95;130;169m▄[38;2;109;141;173m[48;2;97;131;165m▄[38;2;112;143;174m[48;2;100;132;163m▄[38;2;114;145;174m[48;2;103;133;165m▄[38;2;117;146;175m[48;2;105;134;164m▄[38;2;118;147;176m[48;2;105;134;164m▄[38;2;119;149;177m[48;2;100;135;165m▄[38;2;120;150;177m[48;2;96;133;165m▄[38;2;122;150;178m[48;2;93;130;163m▄[38;2;122;151;179m[48;2;92;130;163m▄[38;2;123;151;180m[48;2;106;137;168m▄[38;2;126;152;178m[48;2;113;141;167m▄[38;2;126;153;178m[48;2;114;144;170m▄[38;2;124;152;179m[48;2;109;139;166m▄[38;2;121;152;178m[48;2;116;140;161m▄[38;2;119;148;174m[48;2;123;139;159m▄[38;2;116;144;169m[48;2;131;140;154m▄[38;2;117;145;167m[48;2;114;129;141m▄[38;2;121;147;167m[48;2;111;136;153m▄[38;2;120;144;163m[48;2;118;144;161m▄[38;2;117;141;161m[48;2;120;145;164m▄[38;2;116;143;165m[48;2;119;145;167m▄[38;2;114;146;169m[48;2;116;144;164m▄[38;2;119;156;182m[48;2;124;155;175m▄[0m
