[38;2;85;97;112m[48;2;88;99;113m▄[38;2;103;119;136m[48;2;100;110;127m▄[38;2;99;112;128m[48;2;81;88;100m▄[38;2;98;109;126m[48;2;61;67;79m▄[38;2;98;107;125m[48;2;59;65;77m▄[38;2;83;91;107m[48;2;63;69;81m▄[38;2;84;91;105m[48;2;65;69;79m▄[38;2;88;97;111m[48;2;52;56;63m▄[38;2;107;117;133m[48;2;28;30;36m▄[38;2;102;111;128m[48;2;11;13;17m▄[38;2;82;89;102m[48;2;9;9;13m▄[38;2;68;72;82m[48;2;9;9;13m▄[38;2;47;49;59m[48;2;5;5;11m▄[38;2;26;28;37m[48;2;5;5;13m▄[38;2;22;22;31m[48;2;7;7;13m▄[38;2;22;23;29m[48;2;3;5;9m▄[38;2;24;26;31m[48;2;1;1;7m▄[38;2;25;26;32m[48;2;5;5;13m▄[38;2;30;32;38m[48;2;5;5;11m▄[38;2;26;28;35m[48;2;1;3;7m▄[38;2;22;24;30m[48;2;9;9;15m▄[38;2;19;20;26m[48;2;21;21;27m▄[38;2;15;16;22m[48;2;27;27;32m▄[38;2;10;11;16m[48;2;28;28;34m▄[38;2;8;9;14m[48;2;28;28;34m▄[38;2;8;9;15m[48;2;23;23;28m▄[38;2;13;13;19m[48;2;23;25;30m▄[38;2;14;15;23m[48;2;25;25;32m▄[38;2;5;6;12m[48;2;23;23;32m▄[38;2;3;3;6m[48;2;13;13;21m▄[38;2;4;4;7m[48;2;23;25;30m▄[38;2;12;12;19m[48;2;27;28;34m▄[38;2;74;62;60m[48;2;40;36;38m▄[38;2;142;115;106m[48;2;108;92;90m▄[38;2;182;151;143m[48;2;191;164;164m▄[38;2;200;167;162m[48;2;202;175;173m▄[38;2;197;163;155m[48;2;198;171;168m▄[38;2;193;154;146m[48;2;185;156;150m▄[38;2;193;152;143m[48;2;177;146;139m▄[38;2;197;157;148m[48;2;177;148;141m▄[38;2;204;165;156m[48;2;185;154;148m▄[38;2;201;165;155m[48;2;189;162;154m▄[38;2;199;163;153m[48;2;189;164;156m▄[38;2;202;166;157m[48;2;189;162;154m▄[38;2;210;174;166m[48;2;210;183;179m▄[38;2;218;185;180m[48;2;158;142;141m▄[38;2;160;142;142m[48;2;54;56;61m▄[38;2;82;83;91m[48;2;81;81;92m▄[38;2;84;89;101m[48;2;90;90;102m▄[38;2;84;86;99m[48;2;83;86;96m▄[38;2;116;117;129m[48;2;125;129;141m▄[38;2;124;129;142m[48;2;131;139;152m▄[38;2;118;123;136m[48;2;121;125;139m▄[38;2;116;120;131m[48;2;100;104;115m▄[38;2;111;116;126m[48;2;81;84;96m▄[38;2;113;118;129m[48;2;94;98;110m▄[38;2;100;105;117m[48;2;88;94;104m▄[38;2;82;86;98m[48;2;69;73;83m▄[38;2;77;81;93m[48;2;65;69;81m▄[38;2;77;82;95m[48;2;67;71;83m▄[0m
[38;2;66;72;88m[48;2;73;86;101m▄[38;2;69;77;94m[48;2;78;90;105m▄[38;2;63;71;84m[48;2;77;87;102m▄[38;2;63;70;82m[48;2;83;92;106m▄[38;2;63;68;80m[48;2;69;77;90m▄[38;2;57;60;69m[48;2;13;16;20m▄[38;2;44;46;53m[48;2;0;1;3m▄[38;2;45;46;55m[48;2;28;30;38m▄[38;2;43;45;54m[48;2;70;77;90m▄[38;2;77;79;89m[48;2;101;113;132m▄[38;2;60;65;74m[48;2;106;117;137m▄[38;2;60;66;76m[48;2;110;121;141m▄[38;2;61;68;80m[48;2;113;124;144m▄[38;2;68;76;88m[48;2;101;112;130m▄[38;2;72;79;92m[48;2;95;107;122m▄[38;2;76;83;96m[48;2;94;105;123m▄[38;2;69;75;89m[48;2;108;119;138m▄[38;2;62;68;80m[48;2;79;85;95m▄[38;2;53;56;65m[48;2;59;62;68m▄[38;2;27;28;32m[48;2;78;82;90m▄[38;2;34;35;41m[48;2;101;108;117m▄[38;2;44;46;54m[48;2;112;120;130m▄[38;2;68;72;81m[48;2;107;114;125m▄[38;2;108;112;123m[48;2;112;117;129m▄[38;2;134;141;154m[48;2;106;113;124m▄[38;2;149;156;172m[48;2;112;118;131m▄[38;2;156;164;180m[48;2;125;131;144m▄[38;2;57;60;68m[48;2;59;62;69m▄[38;2;0;0;0m[48;2;0;0;0m▄[38;2;0;1;6m[48;2;0;0;4m▄[38;2;6;7;12m[48;2;1;2;8m▄[38;2;17;17;23m[48;2;11;12;19m▄[38;2;69;59;56m[48;2;68;58;57m▄[38;2;114;94;81m[48;2;106;85;73m▄[38;2;116;94;80m[48;2;121;95;81m▄[38;2;123;102;89m[48;2;143;115;103m▄[38;2;129;110;97m[48;2;152;122;111m▄[38;2;124;110;97m[48;2;165;134;122m▄[38;2;108;95;84m[48;2;173;141;128m▄[38;2;85;72;64m[48;2;176;142;131m▄[38;2;77;63;56m[48;2;179;146;135m▄[38;2;92;73;66m[48;2;185;152;144m▄[38;2;125;101;93m[48;2;186;154;145m▄[38;2;132;108;96m[48;2;187;156;149m▄[38;2;84;65;55m[48;2;190;159;153m▄[38;2;64;53;49m[48;2;183;153;148m▄[38;2;83;69;66m[48;2;199;172;167m▄[38;2;115;102;98m[48;2;134;125;128m▄[38;2;117;123;134m[48;2;70;76;86m▄[38;2;144;155;172m[48;2;86;87;97m▄[38;2;117;125;139m[48;2;72;73;84m▄[38;2;69;74;83m[48;2;57;60;71m▄[38;2;70;74;85m[48;2;59;62;73m▄[38;2;70;74;85m[48;2;67;71;82m▄[38;2;69;73;85m[48;2;68;72;83m▄[38;2;70;73;85m[48;2;73;77;88m▄[38;2;72;76;87m[48;2;73;77;88m▄[38;2;73;77;88m[48;2;76;80;91m▄[38;2;76;80;91m[48;2;78;82;93m▄[38;2;87;91;104m[48;2;76;80;92m▄[0m
[38;2;48;51;60m[48;2;49;59;72m▄[38;2;55;59;69m[48;2;54;62;75m▄[38;2;59;61;69m[48;2;49;55;67m▄[38;2;59;61;69m[48;2;46;53;64m▄[38;2;66;67;76m[48;2;55;59;70m▄[38;2;68;70;80m[48;2;85;89;101m▄[38;2;69;71;82m[48;2;90;94;106m▄[38;2;65;67;75m[48;2;67;71;82m▄[38;2;54;53;59m[48;2;69;73;83m▄[38;2;63;58;60m[48;2;57;61;69m▄[38;2;73;67;69m[48;2;27;32;38m▄[38;2;59;59;67m[48;2;86;90;102m▄[38;2;52;54;63m[48;2;107;113;129m▄[38;2;53;56;64m[48;2;68;73;86m▄[38;2;56;59;68m[48;2;54;59;70m▄[38;2;56;59;69m[48;2;60;64;77m▄[38;2;37;39;48m[48;2;55;61;73m▄[38;2;49;47;57m[48;2;41;46;57m▄[38;2;51;50;58m[48;2;54;56;68m▄[38;2;48;46;54m[48;2;32;34;43m▄[38;2;72;69;76m[48;2;20;22;30m▄[38;2;85;82;88m[48;2;12;13;19m▄[38;2;54;56;62m[48;2;12;13;18m▄[38;2;22;23;29m[48;2;16;18;23m▄[38;2;22;23;28m[48;2;36;38;44m▄[38;2;12;13;18m[48;2;55;58;66m▄[38;2;6;6;12m[48;2;58;61;71m▄[38;2;10;11;16m[48;2;22;24;31m▄[38;2;41;33;32m[48;2;0;0;0m▄[38;2;56;45;43m[48;2;0;1;7m▄[38;2;59;48;47m[48;2;3;5;12m▄[38;2;49;41;39m[48;2;38;33;36m▄[38;2;73;60;55m[48;2;101;83;75m▄[38;2;111;91;80m[48;2;118;97;83m▄[38;2;122;102;88m[48;2;123;104;89m▄[38;2;135;116;105m[48;2;114;95;84m▄[38;2;142;123;113m[48;2;92;77;69m▄[38;2;133;113;103m[48;2;73;62;58m▄[38;2;131;107;98m[48;2;55;46;43m▄[38;2;138;112;104m[48;2;59;46;43m▄[38;2;151;125;116m[48;2;63;48;41m▄[38;2;152;126;116m[48;2;88;70;61m▄[38;2;161;130;120m[48;2;144;119;110m▄[38;2;182;147;138m[48;2;191;161;155m▄[38;2;196;162;155m[48;2;114;93;89m▄[38;2;174;141;136m[48;2;57;44;40m▄[38;2;162;129;125m[48;2;82;63;60m▄[38;2;188;157;150m[48;2;131;112;107m▄[38;2;163;149;151m[48;2;129;127;134m▄[38;2;111;117;131m[48;2;116;120;133m▄[38;2;124;129;143m[48;2;117;121;133m▄[38;2;113;118;133m[48;2;94;99;111m▄[38;2;88;95;107m[48;2;88;92;104m▄[38;2;81;91;103m[48;2;75;81;93m▄[38;2;92;103;113m[48;2;79;86;98m▄[38;2;90;101;111m[48;2;79;88;99m▄[38;2;82;93;104m[48;2;79;88;99m▄[38;2;101;109;123m[48;2;87;95;106m▄[38;2;104;112;128m[48;2;87;95;106m▄[38;2;100;108;124m[48;2;91;99;111m▄[0m
[38;2;62;66;75m[48;2;66;66;75m▄[38;2;52;56;66m[48;2;73;74;85m▄[38;2;40;46;56m[48;2;57;59;67m▄[38;2;35;41;52m[48;2;51;52;62m▄[38;2;37;42;53m[48;2;53;56;65m▄[38;2;43;48;58m[48;2;52;56;64m▄[38;2;57;62;70m[48;2;75;78;83m▄[38;2;79;83;90m[48;2;76;78;83m▄[38;2;123;107;98m[48;2;132;120;115m▄[38;2;93;72;61m[48;2;155;134;123m▄[38;2;90;73;63m[48;2;163;140;127m▄[38;2;71;62;58m[48;2;77;68;63m▄[38;2;31;32;40m[48;2;4;5;12m▄[38;2;42;38;40m[48;2;41;38;40m▄[38;2;50;33;25m[48;2;43;30;25m▄[38;2;67;47;39m[48;2;65;49;46m▄[38;2;95;72;66m[48;2;77;67;67m▄[38;2;93;77;73m[48;2;66;58;62m▄[38;2;30;24;23m[48;2;42;36;38m▄[38;2;115;97;92m[48;2;96;83;79m▄[38;2;167;145;139m[48;2;168;151;144m▄[38;2;158;135;130m[48;2;178;161;155m▄[38;2;145;120;111m[48;2;176;160;157m▄[38;2;118;103;99m[48;2;101;96;99m▄[38;2;43;45;52m[48;2;25;28;35m▄[38;2;39;40;48m[48;2;24;27;34m▄[38;2;32;33;41m[48;2;9;12;20m▄[38;2;20;22;30m[48;2;17;16;22m▄[38;2;28;26;31m[48;2;85;66;62m▄[38;2;79;62;60m[48;2;104;80;71m▄[38;2;107;83;77m[48;2;92;70;62m▄[38;2;102;78;70m[48;2;83;68;62m▄[38;2;64;51;44m[48;2;58;48;44m▄[38;2;58;46;41m[48;2;87;69;63m▄[38;2;77;62;57m[48;2;99;80;70m▄[38;2;87;71;64m[48;2;114;97;86m▄[38;2;97;79;71m[48;2;129;112;99m▄[38;2;108;87;81m[48;2;136;115;103m▄[38;2;117;95;87m[48;2;152;125;115m▄[38;2;125;101;90m[48;2;159;129;120m▄[38;2;125;99;88m[48;2;159;127;117m▄[38;2;107;84;75m[48;2;144;114;104m▄[38;2;91;70;63m[48;2;105;81;71m▄[38;2;95;70;64m[48;2;77;59;51m▄[38;2;95;68;59m[48;2;87;65;57m▄[38;2;113;83;76m[48;2;112;87;80m▄[38;2;135;105;100m[48;2;173;139;134m▄[38;2;137;108;99m[48;2;169;134;123m▄[38;2;114;101;97m[48;2;131;116;111m▄[38;2;91;96;106m[48;2;84;90;100m▄[38;2;93;98;109m[48;2;83;87;97m▄[38;2;95;100;111m[48;2;87;91;101m▄[38;2;91;95;107m[48;2;91;97;109m▄[38;2;87;91;103m[48;2;81;90;103m▄[38;2;96;100;112m[48;2;89;98;109m▄[38;2;101;106;117m[48;2;92;101;112m▄[38;2;101;107;117m[48;2;89;99;110m▄[38;2;109;115;125m[48;2;105;112;128m▄[38;2;106;111;121m[48;2;106;113;129m▄[38;2;113;118;129m[48;2;102;111;127m▄[0m
[38;2;36;42;55m[48;2;27;31;40m▄[38;2;43;49;62m[48;2;40;44;52m▄[38;2;39;44;57m[48;2;52;56;66m▄[38;2;38;42;53m[48;2;47;52;63m▄[38;2;37;42;53m[48;2;49;54;64m▄[38;2;40;45;56m[48;2;49;53;63m▄[38;2;78;73;73m[48;2;76;73;75m▄[38;2;111;90;76m[48;2;151;136;128m▄[38;2;111;91;79m[48;2;152;133;119m▄[38;2;106;88;78m[48;2;122;103;88m▄[38;2;105;87;75m[48;2;89;71;58m▄[38;2;117;98;84m[48;2;75;58;49m▄[38;2;112;91;77m[48;2;73;63;57m▄[38;2;86;66;53m[48;2;55;49;45m▄[38;2;73;55;45m[48;2;33;27;21m▄[38;2;73;55;44m[48;2;45;35;30m▄[38;2;85;66;55m[48;2;63;50;45m▄[38;2;99;78;67m[48;2;59;49;44m▄[38;2;103;83;72m[48;2;49;42;40m▄[38;2;86;69;61m[48;2;55;42;39m▄[38;2;65;52;45m[48;2;69;51;44m▄[38;2;74;62;56m[48;2;109;88;83m▄[38;2;109;101;98m[48;2;151;135;133m▄[38;2;97;95;100m[48;2;126;120;124m▄[38;2;0;0;2m[48;2;6;6;12m▄[38;2;0;0;0m[48;2;5;5;11m▄[38;2;0;0;4m[48;2;8;7;13m▄[38;2;0;0;5m[48;2;7;6;13m▄[38;2;0;0;4m[48;2;0;0;6m▄[38;2;0;0;5m[48;2;0;0;4m▄[38;2;0;0;0m[48;2;25;19;21m▄[38;2;7;6;11m[48;2;41;29;28m▄[38;2;47;38;38m[48;2;52;39;36m▄[38;2;47;37;36m[48;2;53;41;40m▄[38;2;42;32;32m[48;2;62;49;48m▄[38;2;40;27;26m[48;2;65;48;46m▄[38;2;35;18;17m[48;2;69;48;46m▄[38;2;37;18;17m[48;2;77;55;52m▄[38;2;46;27;25m[48;2;90;69;63m▄[38;2;51;35;31m[48;2;90;70;60m▄[38;2;60;44;38m[48;2;74;55;45m▄[38;2;77;60;53m[48;2;86;60;53m▄[38;2;83;64;58m[48;2;95;66;59m▄[38;2;82;62;56m[48;2;92;62;54m▄[38;2;96;70;66m[48;2;92;62;54m▄[38;2;102;75;71m[48;2;102;70;63m▄[38;2;94;71;65m[48;2;111;79;70m▄[38;2;77;59;55m[48;2;115;85;76m▄[38;2;115;110;115m[48;2;97;84;84m▄[38;2;137;140;148m[48;2;97;101;112m▄[38;2;152;152;159m[48;2;102;106;117m▄[38;2;159;157;163m[48;2;119;122;133m▄[38;2;154;153;159m[48;2;125;127;137m▄[38;2;165;164;171m[48;2;116;120;129m▄[38;2;150;149;156m[48;2;110;112;123m▄[38;2;129;131;140m[48;2;112;116;126m▄[38;2;140;140;150m[48;2;115;119;128m▄[38;2;154;152;159m[48;2;116;119;126m▄[38;2;160;156;159m[48;2;110;112;119m▄[38;2;131;130;132m[48;2;117;118;123m▄[0m
[38;2;38;42;53m[48;2;35;38;49m▄[38;2;41;45;57m[48;2;37;41;53m▄[38;2;37;41;52m[48;2;33;36;47m▄[38;2;35;39;50m[48;2;29;33;44m▄[38;2;33;37;48m[48;2;29;33;44m▄[38;2;32;37;48m[48;2;28;33;44m▄[38;2;30;36;47m[48;2;29;34;44m▄[38;2;84;74;69m[48;2;121;104;95m▄[38;2;123;100;82m[48;2;134;111;95m▄[38;2;112;93;77m[48;2;117;98;84m▄[38;2;102;83;71m[48;2;106;88;76m▄[38;2;88;70;61m[48;2;95;78;66m▄[38;2;85;69;59m[48;2;83;66;56m▄[38;2;95;79;69m[48;2;79;61;51m▄[38;2;102;86;76m[48;2;86;69;60m▄[38;2;97;79;71m[48;2;87;70;59m▄[38;2;84;66;57m[48;2;80;64;53m▄[38;2;76;60;50m[48;2;70;53;44m▄[38;2;87;70;61m[48;2;72;53;45m▄[38;2;90;73;64m[48;2;88;69;61m▄[38;2;99;82;73m[48;2;111;94;85m▄[38;2;116;101;95m[48;2;136;119;114m▄[38;2;40;34;33m[48;2;109;93;92m▄[38;2;0;0;0m[48;2;30;26;26m▄[38;2;11;10;10m[48;2;35;31;35m▄[38;2;66;65;69m[48;2;10;11;16m▄[38;2;39;39;44m[48;2;0;0;2m▄[38;2;21;20;22m[48;2;0;0;0m▄[38;2;49;48;51m[48;2;0;0;5m▄[38;2;89;85;82m[48;2;52;50;51m▄[38;2;94;88;84m[48;2;63;60;59m▄[38;2;90;87;82m[48;2;56;53;53m▄[38;2;82;79;74m[48;2;46;41;38m▄[38;2;72;67;63m[48;2;40;35;33m▄[38;2;56;51;48m[48;2;36;29;29m▄[38;2;41;37;35m[48;2;33;26;27m▄[38;2;28;24;24m[48;2;24;19;18m▄[38;2;20;17;21m[48;2;15;9;8m▄[38;2;16;14;19m[48;2;16;8;9m▄[38;2;9;8;14m[48;2;19;12;13m▄[38;2;6;4;11m[48;2;23;16;18m▄[38;2;7;5;11m[48;2;27;22;23m▄[38;2;13;10;16m[48;2;31;26;26m▄[38;2;24;18;25m[48;2;32;25;27m▄[38;2;35;28;31m[48;2;31;25;24m▄[38;2;59;50;50m[48;2;29;23;22m▄[38;2;88;77;77m[48;2;39;33;34m▄[38;2;66;62;66m[48;2;118;112;117m▄[38;2;91;91;97m[48;2;185;183;191m▄[38;2;132;133;143m[48;2;194;192;199m▄[38;2;149;149;161m[48;2;185;183;191m▄[38;2;145;145;157m[48;2;153;152;160m▄[38;2;145;147;159m[48;2;168;169;177m▄[38;2;149;152;164m[48;2;148;149;157m▄[38;2;148;152;164m[48;2;132;133;142m▄[38;2;161;162;174m[48;2;139;142;152m▄[38;2;180;181;191m[48;2;172;173;180m▄[38;2;181;181;192m[48;2;184;181;188m▄[38;2;172;172;180m[48;2;179;176;182m▄[38;2;185;183;191m[48;2;164;161;168m▄[0m
[38;2;38;44;53m[48;2;40;46;57m▄[38;2;45;49;61m[48;2;44;49;61m▄[38;2;42;46;57m[48;2;42;46;57m▄[38;2;38;42;53m[48;2;37;41;52m▄[38;2;35;39;50m[48;2;33;37;48m▄[38;2;34;38;49m[48;2;32;37;48m▄[38;2;34;38;47m[48;2;26;33;43m▄[38;2;42;44;50m[48;2;57;56;57m▄[38;2;69;64;66m[48;2;133;109;92m▄[38;2;102;90;83m[48;2;116;93;76m▄[38;2;72;58;45m[48;2;110;88;73m▄[38;2;78;62;49m[48;2;102;82;69m▄[38;2;85;66;51m[48;2;94;75;62m▄[38;2;90;72;58m[48;2;86;68;58m▄[38;2;88;72;61m[48;2;85;67;60m▄[38;2;73;58;51m[48;2;78;59;51m▄[38;2;69;55;49m[48;2;78;60;52m▄[38;2;66;54;47m[48;2;88;70;61m▄[38;2;61;51;42m[48;2;97;80;68m▄[38;2;54;44;38m[48;2;102;83;72m▄[38;2;33;29;27m[48;2;111;96;88m▄[38;2;0;0;0m[48;2;75;65;63m▄[38;2;0;0;0m[48;2;11;9;9m▄[38;2;12;12;12m[48;2;0;0;0m▄[38;2;15;12;12m[48;2;1;0;0m▄[38;2;54;47;44m[48;2;61;55;53m▄[38;2;142;135;132m[48;2;114;108;106m▄[38;2;147;139;136m[48;2;110;105;102m▄[38;2;134;126;122m[48;2;117;113;109m▄[38;2;127;122;118m[48;2;100;96;92m▄[38;2;132;127;124m[48;2;85;80;77m▄[38;2;124;118;117m[48;2;80;77;74m▄[38;2;99;95;94m[48;2;85;81;78m▄[38;2;76;73;73m[48;2;95;90;86m▄[38;2;64;62;62m[48;2;103;100;95m▄[38;2;66;66;65m[48;2;101;97;92m▄[38;2;75;75;73m[48;2;87;83;78m▄[38;2;81;78;77m[48;2;66;61;58m▄[38;2;90;86;84m[48;2;50;47;47m▄[38;2;95;92;87m[48;2;41;40;40m▄[38;2;94;91;86m[48;2;35;34;37m▄[38;2;88;86;84m[48;2;20;19;25m▄[38;2;67;66;66m[48;2;6;6;13m▄[38;2;55;53;56m[48;2;23;20;27m▄[38;2;40;40;44m[48;2;39;33;37m▄[38;2;30;31;36m[48;2;62;55;56m▄[38;2;41;42;48m[48;2;69;62;65m▄[38;2;37;37;43m[48;2;23;22;28m▄[38;2;27;27;35m[48;2;33;32;39m▄[38;2;22;22;30m[48;2;43;42;48m▄[38;2;15;15;21m[48;2;55;52;57m▄[38;2;14;15;21m[48;2;63;61;65m▄[38;2;21;22;27m[48;2;99;95;97m▄[38;2;39;37;41m[48;2;165;161;165m▄[38;2;100;93;95m[48;2;180;179;191m▄[38;2;159;151;154m[48;2;173;174;187m▄[38;2;169;166;173m[48;2;166;167;178m▄[38;2;163;163;172m[48;2;180;181;190m▄[38;2;156;157;168m[48;2;184;185;194m▄[38;2;166;167;179m[48;2;194;194;206m▄[0m
[38;2;59;64;77m[48;2;36;40;49m▄[38;2;65;72;85m[48;2;41;46;57m▄[38;2;60;67;79m[48;2;39;43;54m▄[38;2;62;68;81m[48;2;38;42;53m▄[38;2;63;68;80m[48;2;38;41;52m▄[38;2;62;68;78m[48;2;34;38;48m▄[38;2;59;65;74m[48;2;32;35;43m▄[38;2;59;63;72m[48;2;39;40;46m▄[38;2;110;110;115m[48;2;82;83;90m▄[38;2;69;69;71m[48;2;61;60;60m▄[38;2;25;27;31m[48;2;0;0;0m▄[38;2;25;27;31m[48;2;0;0;0m▄[38;2;23;25;30m[48;2;9;5;1m▄[38;2;25;28;32m[48;2;36;30;23m▄[38;2;43;44;47m[48;2;33;27;22m▄[38;2;49;49;52m[48;2;3;1;0m▄[38;2;54;53;55m[48;2;0;0;0m▄[38;2;54;55;56m[48;2;0;0;0m▄[38;2;46;46;49m[48;2;0;0;0m▄[38;2;41;41;45m[48;2;0;0;0m▄[38;2;48;46;47m[48;2;0;0;0m▄[38;2;49;46;46m[48;2;0;0;0m▄[38;2;39;37;38m[48;2;11;12;11m▄[38;2;39;39;40m[48;2;5;6;5m▄[38;2;78;75;77m[48;2;19;17;15m▄[38;2;106;102;102m[48;2;92;86;81m▄[38;2;105;103;102m[48;2;124;116;112m▄[38;2;130;126;125m[48;2;115;104;100m▄[38;2;120;115;114m[48;2;102;92;85m▄[38;2;116;112;112m[48;2;112;103;95m▄[38;2;88;87;86m[48;2;96;85;82m▄[38;2;67;66;65m[48;2;129;118;115m▄[38;2;119;114;112m[48;2;155;147;140m▄[38;2;140;134;129m[48;2;158;149;143m▄[38;2;147;139;135m[48;2;147;138;132m▄[38;2;147;138;134m[48;2;119;111;104m▄[38;2;149;138;134m[48;2;99;90;86m▄[38;2;137;125;123m[48;2;67;61;59m▄[38;2;96;89;96m[48;2;62;58;57m▄[38;2;90;86;92m[48;2;67;63;62m▄[38;2;93;91;93m[48;2;69;65;62m▄[38;2;91;89;93m[48;2;69;66;63m▄[38;2;73;73;77m[48;2;79;74;70m▄[38;2;51;52;57m[48;2;88;84;80m▄[38;2;48;48;54m[48;2;103;98;94m▄[38;2;58;57;62m[48;2;111;104;99m▄[38;2;78;77;81m[48;2;113;107;103m▄[38;2;97;96;100m[48;2;104;98;97m▄[38;2;93;94;98m[48;2;74;71;71m▄[38;2;75;76;80m[48;2;59;56;60m▄[38;2;78;78;82m[48;2;40;39;44m▄[38;2;84;84;88m[48;2;20;20;26m▄[38;2;63;65;71m[48;2;15;15;21m▄[38;2;120;120;123m[48;2;50;50;53m▄[38;2;121;119;121m[48;2;60;57;54m▄[38;2;75;74;76m[48;2;79;69;61m▄[38;2;99;97;98m[48;2;144;130;120m▄[38;2;136;132;129m[48;2;154;144;139m▄[38;2;145;139;134m[48;2;146;142;144m▄[38;2;162;159;162m[48;2;158;157;167m▄[0m
[38;2;166;173;188m[48;2;157;166;182m▄[38;2;182;190;206m[48;2;173;183;201m▄[38;2;171;177;193m[48;2;159;169;185m▄[38;2;164;173;188m[48;2;162;171;187m▄[38;2;167;175;190m[48;2;161;172;187m▄[38;2;170;175;191m[48;2;156;168;183m▄[38;2;158;157;175m[48;2;147;153;171m▄[38;2;151;148;166m[48;2;147;147;164m▄[38;2;149;147;166m[48;2;152;149;165m▄[38;2;143;143;164m[48;2;150;149;167m▄[38;2;138;141;165m[48;2;144;146;168m▄[38;2;138;141;165m[48;2;144;147;168m▄[38;2;138;141;165m[48;2;147;150;171m▄[38;2;163;166;178m[48;2;166;171;186m▄[38;2;152;162;178m[48;2;166;174;186m▄[38;2;129;148;177m[48;2;158;167;183m▄[38;2;139;156;180m[48;2;154;166;184m▄[38;2;130;148;178m[48;2;160;170;186m▄[38;2;153;163;180m[48;2;171;177;187m▄[38;2;156;156;164m[48;2;152;153;164m▄[38;2;129;133;151m[48;2;148;146;153m▄[38;2;128;133;151m[48;2;164;159;160m▄[38;2;121;129;148m[48;2;161;155;160m▄[38;2;124;131;151m[48;2;150;151;163m▄[38;2;132;141;160m[48;2;142;148;167m▄[38;2;137;145;163m[48;2;161;167;183m▄[38;2;139;145;163m[48;2;162;168;182m▄[38;2;137;143;162m[48;2;163;169;182m▄[38;2;135;142;162m[48;2;171;177;190m▄[38;2;135;143;165m[48;2;168;174;189m▄[38;2;142;151;170m[48;2;160;169;183m▄[38;2;154;162;180m[48;2;157;167;183m▄[38;2;150;159;176m[48;2;156;165;182m▄[38;2;156;164;182m[48;2;157;166;183m▄[38;2;156;164;181m[48;2;154;163;180m▄[38;2;162;168;184m[48;2;154;162;180m▄[38;2;170;176;191m[48;2;155;164;181m▄[38;2;161;168;184m[48;2;151;160;177m▄[38;2;161;167;183m[48;2;149;156;174m▄[38;2;158;165;181m[48;2;149;157;175m▄[38;2;140;149;167m[48;2;134;145;165m▄[38;2;142;152;170m[48;2;121;134;156m▄[38;2;147;158;175m[48;2;128;143;163m▄[38;2;144;156;173m[48;2;131;146;165m▄[38;2;133;146;165m[48;2;121;135;159m▄[38;2;132;145;164m[48;2;126;139;161m▄[38;2;142;153;171m[48;2;136;149;168m▄[38;2;150;160;177m[48;2;141;151;170m▄[38;2;152;160;178m[48;2;144;155;173m▄[38;2;146;151;167m[48;2;149;159;177m▄[38;2;121;123;134m[48;2;152;161;178m▄[38;2;88;88;96m[48;2;154;162;177m▄[38;2;71;70;77m[48;2;146;154;169m▄[38;2;61;59;66m[48;2;136;144;160m▄[38;2;46;43;50m[48;2;116;123;140m▄[38;2;30;27;34m[48;2;86;92;107m▄[38;2;22;19;25m[48;2;80;86;101m▄[38;2;22;19;25m[48;2;84;91;107m▄[38;2;28;25;31m[48;2;92;98;115m▄[38;2;40;37;44m[48;2;108;116;134m▄[0m
[38;2;120;134;158m[48;2;155;162;181m▄[38;2;130;145;172m[48;2;169;178;197m▄[38;2;118;133;157m[48;2;158;168;185m▄[38;2;118;133;156m[48;2;152;163;181m▄[38;2;106;119;143m[48;2;136;147;166m▄[38;2;99;112;136m[48;2;138;147;167m▄[38;2;116;133;151m[48;2;144;151;169m▄[38;2;128;143;160m[48;2;151;156;172m▄[38;2;136;147;164m[48;2;158;162;176m▄[38;2;141;147;165m[48;2;164;167;180m▄[38;2;147;150;167m[48;2;164;166;179m▄[38;2;154;157;172m[48;2;167;168;182m▄[38;2;175;175;186m[48;2;174;173;185m▄[38;2;192;190;199m[48;2;184;182;190m▄[38;2;194;190;200m[48;2;191;187;196m▄[38;2;196;193;203m[48;2;193;188;194m▄[38;2;192;191;200m[48;2;201;194;197m▄[38;2;187;185;194m[48;2;198;191;198m▄[38;2;189;187;195m[48;2;198;191;197m▄[38;2;196;192;197m[48;2;186;179;183m▄[38;2;209;202;204m[48;2;173;166;174m▄[38;2;202;193;195m[48;2;173;165;172m▄[38;2;195;185;188m[48;2;171;165;172m▄[38;2;193;184;187m[48;2;173;166;174m▄[38;2;196;188;192m[48;2;178;171;177m▄[38;2;197;187;192m[48;2;183;175;179m▄[38;2;200;190;192m[48;2;184;175;179m▄[38;2;206;196;196m[48;2;181;173;178m▄[38;2;202;194;195m[48;2;179;172;176m▄[38;2;198;192;195m[48;2;178;171;177m▄[38;2;205;196;199m[48;2;182;175;178m▄[38;2;204;196;200m[48;2;199;189;189m▄[38;2;197;194;200m[48;2;197;188;190m▄[38;2;166;170;182m[48;2;198;189;191m▄[38;2;130;141;158m[48;2;186;180;186m▄[38;2;99;116;139m[48;2;151;155;168m▄[38;2;91;108;135m[48;2;148;156;171m▄[38;2;103;119;146m[48;2;155;164;180m▄[38;2;103;120;147m[48;2;153;161;178m▄[38;2;103;119;147m[48;2;148;157;174m▄[38;2;102;118;145m[48;2;145;154;172m▄[38;2;102;118;146m[48;2;145;157;172m▄[38;2;105;121;146m[48;2;147;158;173m▄[38;2;104;121;144m[48;2;141;152;169m▄[38;2;125;131;147m[48;2;132;144;165m▄[38;2;143;142;151m[48;2;130;142;165m▄[38;2;178;156;161m[48;2;135;145;165m▄[38;2;139;138;158m[48;2;141;148;167m▄[38;2;108;115;133m[48;2;137;145;164m▄[38;2;74;74;82m[48;2;110;112;124m▄[38;2;45;43;49m[48;2;74;71;77m▄[38;2;43;42;48m[48;2;61;60;66m▄[38;2;42;41;48m[48;2;58;58;65m▄[38;2;36;36;44m[48;2;45;45;52m▄[38;2;38;37;45m[48;2;34;33;39m▄[38;2;35;33;41m[48;2;31;29;35m▄[38;2;25;23;30m[48;2;29;27;34m▄[38;2;18;16;24m[48;2;31;27;35m▄[38;2;12;11;18m[48;2;30;27;35m▄[38;2;14;13;20m[48;2;31;28;36m▄[0m
[38;2;123;140;162m[48;2;114;129;153m▄[38;2;132;148;173m[48;2;122;139;165m▄[38;2;121;136;160m[48;2;113;130;154m▄[38;2;118;133;156m[48;2;113;129;154m▄[38;2;114;127;151m[48;2;111;124;147m▄[38;2;100;117;139m[48;2;106;121;142m▄[38;2;124;134;153m[48;2;120;133;151m▄[38;2;139;142;159m[48;2;134;139;157m▄[38;2;132;136;153m[48;2;130;134;151m▄[38;2;139;140;159m[48;2;136;139;158m▄[38;2;139;139;157m[48;2;136;139;159m▄[38;2;138;140;158m[48;2;130;135;156m▄[38;2;126;133;153m[48;2;125;132;152m▄[38;2;114;124;144m[48;2;130;138;156m▄[38;2;126;135;154m[48;2;128;136;155m▄[38;2;122;131;149m[48;2;126;134;153m▄[38;2;113;124;142m[48;2;118;127;146m▄[38;2;109;121;141m[48;2;112;124;141m▄[38;2;103;116;138m[48;2;111;124;141m▄[38;2;108;120;141m[48;2;129;137;155m▄[38;2;97;111;135m[48;2;134;142;159m▄[38;2;106;119;142m[48;2;115;126;145m▄[38;2;138;150;167m[48;2;141;151;167m▄[38;2;118;131;151m[48;2;165;171;187m▄[38;2;120;133;152m[48;2;149;158;177m▄[38;2;138;149;165m[48;2;138;151;173m▄[38;2;161;169;185m[48;2;130;144;167m▄[38;2;150;158;174m[48;2;123;135;158m▄[38;2;141;151;168m[48;2;111;125;148m▄[38;2;142;152;170m[48;2;108;122;145m▄[38;2;118;131;153m[48;2;111;125;144m▄[38;2;105;120;144m[48;2;119;132;150m▄[38;2;96;113;137m[48;2;117;131;152m▄[38;2;106;121;145m[48;2;110;125;148m▄[38;2;116;129;152m[48;2;114;127;151m▄[38;2;110;125;146m[48;2;105;121;145m▄[38;2;93;110;134m[48;2;88;105;133m▄[38;2;95;111;137m[48;2;93;109;139m▄[38;2;91;107;136m[48;2;94;111;141m▄[38;2;108;123;148m[48;2;94;111;140m▄[38;2;114;128;150m[48;2;95;112;140m▄[38;2;99;111;140m[48;2;96;112;140m▄[38;2;100;113;145m[48;2;97;114;141m▄[38;2;109;118;143m[48;2;97;110;139m▄[38;2;218;204;167m[48;2;215;193;159m▄[38;2;255;255;188m[48;2;255;241;179m▄[38;2;201;183;159m[48;2;222;191;165m▄[38;2;151;140;156m[48;2;141;136;149m▄[38;2;155;143;146m[48;2;92;95;110m▄[38;2;105;94;89m[48;2;55;53;56m▄[38;2;37;33;32m[48;2;26;24;31m▄[38;2;20;18;21m[48;2;22;19;26m▄[38;2;19;18;20m[48;2;20;17;25m▄[38;2;16;15;18m[48;2;19;16;23m▄[38;2;8;8;10m[48;2;16;14;20m▄[38;2;2;2;4m[48;2;11;10;16m▄[38;2;1;0;3m[48;2;7;6;12m▄[38;2;2;1;4m[48;2;7;6;13m▄[38;2;7;5;9m[48;2;8;6;12m▄[38;2;10;6;14m[48;2;10;7;14m▄[0m
[38;2;114;129;155m[48;2;123;140;162m▄[38;2;162;170;189m[48;2;132;148;173m▄[38;2;169;169;178m[48;2;127;137;157m▄[38;2;151;155;166m[48;2;127;136;154m▄[38;2;135;142;157m[48;2;108;121;141m▄[38;2;112;124;139m[48;2;93;109;130m▄[38;2;128;136;153m[48;2;124;134;152m▄[38;2;125;133;150m[48;2;138;142;159m▄[38;2;118;127;145m[48;2;132;136;154m▄[38;2;110;121;140m[48;2;135;136;154m▄[38;2;113;125;143m[48;2;137;136;153m▄[38;2;115;128;146m[48;2;138;139;156m▄[38;2;112;124;142m[48;2;125;132;152m▄[38;2;113;125;143m[48;2;115;124;144m▄[38;2;104;117;135m[48;2;119;128;146m▄[38;2;97;110;129m[48;2;118;128;145m▄[38;2;90;105;127m[48;2;106;120;140m▄[38;2;91;106;129m[48;2;108;122;143m▄[38;2;90;106;129m[48;2;106;119;142m▄[38;2;91;106;129m[48;2;92;106;130m▄[38;2;97;112;132m[48;2;91;106;130m▄[38;2;105;118;139m[48;2;90;105;128m▄[38;2;104;116;136m[48;2;87;103;125m▄[38;2;98;111;130m[48;2;83;98;120m▄[38;2;86;99;120m[48;2;81;95;116m▄[38;2;83;97;119m[48;2;78;92;114m▄[38;2;82;96;117m[48;2;84;97;119m▄[38;2;85;100;122m[48;2;96;108;130m▄[38;2;82;99;121m[48;2;98;111;133m▄[38;2;81;98;120m[48;2;98;113;133m▄[38;2;82;98;121m[48;2;91;106;128m▄[38;2;86;102;126m[48;2;87;102;127m▄[38;2;99;113;136m[48;2;88;103;126m▄[38;2;102;116;139m[48;2;102;117;141m▄[38;2;95;112;135m[48;2;106;121;144m▄[38;2;92;109;132m[48;2;107;122;144m▄[38;2;100;116;138m[48;2;96;111;134m▄[38;2;115;130;147m[48;2;132;144;164m▄[38;2;124;132;147m[48;2;176;184;200m▄[38;2;130;133;146m[48;2;185;192;205m▄[38;2;127;129;142m[48;2;163;173;191m▄[38;2;85;92;108m[48;2;116;129;153m▄[38;2;89;96;114m[48;2;100;113;138m▄[38;2;149;153;171m[48;2;141;144;160m▄[38;2;146;150;173m[48;2;192;192;180m▄[38;2;134;144;169m[48;2;194;188;170m▄[38;2;175;172;169m[48;2;207;191;161m▄[38;2;190;169;164m[48;2;175;162;165m▄[38;2;198;163;148m[48;2;201;178;171m▄[38;2;150;105;82m[48;2;165;134;117m▄[38;2;84;51;35m[48;2;78;58;48m▄[38;2;50;36;28m[48;2;30;23;21m▄[38;2;38;33;29m[48;2;30;27;25m▄[38;2;25;25;24m[48;2;23;23;20m▄[38;2;18;18;17m[48;2;12;12;11m▄[38;2;7;7;7m[48;2;3;3;3m▄[38;2;0;0;1m[48;2;2;1;3m▄[38;2;1;1;3m[48;2;2;1;3m▄[38;2;0;0;2m[48;2;2;1;3m▄[38;2;0;0;0m[48;2;2;1;5m▄[0m
[38;2;110;120;138m[48;2;105;120;142m▄[38;2;143;149;171m[48;2;165;170;184m▄[38;2;134;141;161m[48;2;166;168;175m▄[38;2;129;138;158m[48;2;156;160;169m▄[38;2;123;137;155m[48;2;150;157;169m▄[38;2;116;133;150m[48;2;132;142;156m▄[38;2;127;140;157m[48;2;131;142;157m▄[38;2;142;150;166m[48;2;151;158;173m▄[38;2;147;152;167m[48;2;146;152;168m▄[38;2;142;147;165m[48;2;139;146;163m▄[38;2;125;133;152m[48;2;136;144;160m▄[38;2;123;132;153m[48;2;136;144;162m▄[38;2;108;121;141m[48;2;147;154;170m▄[38;2;107;120;142m[48;2;148;155;171m▄[38;2;110;124;145m[48;2;129;140;158m▄[38;2;119;133;152m[48;2;118;129;149m▄[38;2;124;135;152m[48;2;126;135;153m▄[38;2;128;137;154m[48;2;128;137;152m▄[38;2;128;137;153m[48;2;130;138;153m▄[38;2;131;140;157m[48;2;133;141;157m▄[38;2;121;131;148m[48;2;129;137;154m▄[38;2;105;117;136m[48;2;114;123;142m▄[38;2;112;126;145m[48;2;112;122;142m▄[38;2;107;121;139m[48;2;119;129;148m▄[38;2;122;132;149m[48;2;116;126;144m▄[38;2;111;124;143m[48;2;120;127;145m▄[38;2;107;120;144m[48;2;115;122;141m▄[38;2;106;120;144m[48;2;111;120;138m▄[38;2;106;120;143m[48;2;112;122;139m▄[38;2;107;120;143m[48;2;112;122;139m▄[38;2;103;117;140m[48;2;112;123;141m▄[38;2;119;130;150m[48;2;113;124;145m▄[38;2;101;116;134m[48;2;113;124;147m▄[38;2;110;124;146m[48;2;122;132;154m▄[38;2;129;139;157m[48;2;126;136;156m▄[38;2;134;143;161m[48;2;124;136;155m▄[38;2;141;147;167m[48;2;124;135;156m▄[38;2;149;146;156m[48;2;126;133;150m▄[38;2;136;118;114m[48;2;141;136;141m▄[38;2;123;94;78m[48;2;182;159;151m▄[38;2;166;133;114m[48;2;211;179;166m▄[38;2;192;160;145m[48;2;197;167;159m▄[38;2;189;161;149m[48;2;167;147;146m▄[38;2;187;166;155m[48;2;162;147;151m▄[38;2;191;173;165m[48;2;173;160;166m▄[38;2;186;173;173m[48;2;162;161;173m▄[38;2;173;168;173m[48;2;140;144;163m▄[38;2;168;154;155m[48;2;166;147;148m▄[38;2;162;132;119m[48;2;182;142;126m▄[38;2;130;95;78m[48;2;133;90;70m▄[38;2;100;68;55m[48;2;75;43;28m▄[38;2;105;75;63m[48;2;63;42;31m▄[38;2;102;75;61m[48;2;51;38;31m▄[38;2;67;50;39m[48;2;28;23;21m▄[38;2;34;25;19m[48;2;15;14;13m▄[38;2;19;13;10m[48;2;7;8;7m▄[38;2;10;7;6m[48;2;0;1;1m▄[38;2;12;10;9m[48;2;0;0;0m▄[38;2;48;45;44m[48;2;0;0;2m▄[38;2;102;99;100m[48;2;6;6;9m▄[0m
[38;2;181;179;186m[48;2;147;149;164m▄[38;2;181;180;190m[48;2;138;144;164m▄[38;2;167;167;175m[48;2;122;130;149m▄[38;2;170;172;180m[48;2;123;131;151m▄[38;2;163;166;177m[48;2;121;132;152m▄[38;2;169;172;181m[48;2;117;130;148m▄[38;2;172;174;183m[48;2;127;135;156m▄[38;2;169;171;180m[48;2;124;132;151m▄[38;2;164;166;176m[48;2;130;137;154m▄[38;2;134;140;157m[48;2;132;139;156m▄[38;2;128;136;154m[48;2;123;132;150m▄[38;2;124;132;151m[48;2;101;114;134m▄[38;2;120;128;148m[48;2;94;109;129m▄[38;2;116;126;147m[48;2;104;119;141m▄[38;2;115;127;147m[48;2;101;114;137m▄[38;2;119;131;150m[48;2;105;119;139m▄[38;2;122;134;152m[48;2;113;126;145m▄[38;2;125;136;154m[48;2;122;133;150m▄[38;2;122;134;152m[48;2;112;124;142m▄[38;2;124;134;152m[48;2;111;124;143m▄[38;2;125;134;153m[48;2;119;128;146m▄[38;2;123;132;151m[48;2;124;133;152m▄[38;2;129;136;155m[48;2;130;138;157m▄[38;2;129;136;154m[48;2;109;120;138m▄[38;2;136;141;158m[48;2;118;127;146m▄[38;2;136;141;156m[48;2;119;127;145m▄[38;2;135;140;154m[48;2;119;128;147m▄[38;2;135;139;154m[48;2;115;126;145m▄[38;2;133;137;155m[48;2;119;130;148m▄[38;2;130;136;154m[48;2;122;131;149m▄[38;2;133;138;157m[48;2;125;131;150m▄[38;2;128;134;152m[48;2;131;135;153m▄[38;2;116;126;146m[48;2;99;111;130m▄[38;2;114;127;146m[48;2;99;113;137m▄[38;2;121;133;153m[48;2;108;120;141m▄[38;2;143;152;171m[48;2;112;121;141m▄[38;2;146;154;173m[48;2;117;126;147m▄[38;2;146;153;172m[48;2;118;125;145m▄[38;2;146;149;164m[48;2;120;119;132m▄[38;2;146;136;138m[48;2;100;82;79m▄[38;2;147;127;119m[48;2;108;85;75m▄[38;2;137;117;108m[48;2;137;119;109m▄[38;2;148;128;117m[48;2;144;128;121m▄[38;2;184;162;149m[48;2;171;155;146m▄[38;2;190;164;149m[48;2;195;176;165m▄[38;2;187;158;144m[48;2;200;181;168m▄[38;2;190;166;149m[48;2;212;194;178m▄[38;2;190;168;152m[48;2;214;196;182m▄[38;2;176;156;141m[48;2;178;158;143m▄[38;2;151;126;110m[48;2;147;116;100m▄[38;2;132;99;84m[48;2;141;104;88m▄[38;2;118;85;69m[48;2;134;98;80m▄[38;2;109;79;65m[48;2;131;94;78m▄[38;2;104;77;63m[48;2;116;84;68m▄[38;2;97;76;61m[48;2;92;68;54m▄[38;2;90;72;58m[48;2;75;55;43m▄[38;2;85;67;55m[48;2;60;42;34m▄[38;2;69;54;44m[48;2;46;33;27m▄[38;2;57;46;38m[48;2;42;33;27m▄[38;2;99;92;88m[48;2;68;61;55m▄[0m
[38;2;126;130;142m[48;2;184;182;190m▄[38;2;128;135;152m[48;2;202;202;208m▄[38;2;106;114;132m[48;2;202;199;199m▄[38;2;97;109;127m[48;2;187;185;186m▄[38;2;90;104;124m[48;2;168;170;179m▄[38;2;98;111;130m[48;2;159;163;173m▄[38;2;101;112;133m[48;2;151;157;167m▄[38;2;83;98;119m[48;2;141;150;161m▄[38;2;99;114;135m[48;2;141;149;162m▄[38;2;111;122;142m[48;2;124;132;149m▄[38;2;108;118;138m[48;2;121;129;147m▄[38;2;106;117;136m[48;2;122;129;148m▄[38;2;104;115;133m[48;2;119;126;145m▄[38;2;103;114;133m[48;2;118;125;144m▄[38;2;105;114;134m[48;2;119;127;145m▄[38;2;102;113;134m[48;2;121;130;149m▄[38;2;103;114;134m[48;2;114;124;143m▄[38;2;98;112;131m[48;2;110;122;139m▄[38;2;110;120;139m[48;2;117;130;147m▄[38;2;122;129;149m[48;2;121;132;150m▄[38;2;123;130;150m[48;2;119;128;147m▄[38;2;111;120;140m[48;2;118;126;146m▄[38;2;104;117;135m[48;2;113;123;142m▄[38;2;114;125;145m[48;2;126;133;151m▄[38;2;115;124;143m[48;2;134;140;156m▄[38;2;121;129;146m[48;2;120;128;144m▄[38;2;126;132;149m[48;2;115;123;140m▄[38;2;126;132;149m[48;2;125;129;147m▄[38;2;144;144;158m[48;2;127;132;150m▄[38;2;153;153;165m[48;2;115;123;144m▄[38;2;144;146;159m[48;2;112;122;142m▄[38;2;107;115;134m[48;2;115;124;144m▄[38;2;104;114;135m[48;2;115;124;144m▄[38;2;96;108;130m[48;2;110;120;141m▄[38;2;106;119;140m[48;2;119;131;149m▄[38;2;88;103;123m[48;2;129;141;158m▄[38;2;87;101;124m[48;2;133;144;163m▄[38;2;91;104;128m[48;2;141;151;168m▄[38;2;95;105;127m[48;2;148;155;170m▄[38;2;102;106;122m[48;2;144;145;156m▄[38;2;104;96;94m[48;2;123;111;104m▄[38;2;106;86;76m[48;2;120;99;85m▄[38;2;128;103;91m[48;2;128;105;91m▄[38;2;164;137;123m[48;2;130;103;89m▄[38;2;192;164;151m[48;2;150;122;107m▄[38;2;202;175;166m[48;2;178;149;133m▄[38;2;197;170;164m[48;2;183;156;142m▄[38;2;184;156;147m[48;2;177;151;137m▄[38;2;186;158;145m[48;2;172;146;131m▄[38;2;200;172;159m[48;2;155;130;116m▄[38;2;189;164;150m[48;2;142;118;105m▄[38;2;168;147;132m[48;2;134;112;97m▄[38;2;150;133;117m[48;2;129;110;94m▄[38;2;135;119;105m[48;2;136;118;103m▄[38;2;117;104;91m[48;2;141;123;108m▄[38;2;92;81;70m[48;2;131;115;100m▄[38;2;73;66;56m[48;2;111;100;87m▄[38;2;99;97;94m[48;2;89;81;69m▄[38;2;154;153;158m[48;2;106;99;92m▄[38;2;203;202;203m[48;2;165;160;158m▄[0m
