[38;2;117;147;131m[48;2;116;148;131m▄[38;2;134;170;149m[48;2;121;156;137m▄[38;2;126;152;130m[48;2;116;135;123m▄[38;2;136;151;133m[48;2;127;133;125m▄[38;2;139;161;139m[48;2;133;140;131m▄[38;2;144;171;149m[48;2;140;157;142m▄[38;2;161;188;164m[48;2;146;167;146m▄[38;2;168;192;166m[48;2;144;154;140m▄[38;2;161;176;160m[48;2;138;138;138m▄[38;2;154;164;151m[48;2;140;140;142m▄[38;2;140;150;141m[48;2;123;123;127m▄[38;2;126;133;131m[48;2;117;114;123m▄[38;2;137;118;131m[48;2;127;116;125m▄[38;2;124;103;119m[48;2;152;117;129m▄[38;2;180;133;142m[48;2;176;131;140m▄[38;2;181;134;140m[48;2;156;117;127m▄[38;2;154;123;128m[48;2;144;114;125m▄[38;2;142;116;124m[48;2;142;112;121m▄[38;2;153;123;129m[48;2;140;112;121m▄[38;2;156;125;132m[48;2;142;116;125m▄[38;2;143;124;133m[48;2;129;110;121m▄[38;2;150;135;142m[48;2;127;116;127m▄[38;2;166;151;153m[48;2;154;138;144m▄[38;2;207;193;192m[48;2;156;138;138m▄[38;2;192;180;180m[48;2;150;133;135m▄[38;2;163;149;149m[48;2;146;131;135m▄[38;2;165;150;149m[48;2;144;133;138m▄[38;2;180;165;162m[48;2;148;135;140m▄[38;2;165;150;149m[48;2;138;129;137m▄[38;2;157;143;146m[48;2;133;121;133m▄[38;2;175;163;164m[48;2;140;127;133m▄[38;2;207;195;194m[48;2;159;146;140m▄[38;2;206;195;193m[48;2;165;154;152m▄[38;2;185;175;172m[48;2;167;159;156m▄[38;2;177;166;165m[48;2;167;159;157m▄[38;2;184;172;173m[48;2;171;161;163m▄[38;2;197;186;184m[48;2;169;161;159m▄[38;2;205;198;196m[48;2;163;154;154m▄[38;2;201;191;193m[48;2;163;154;157m▄[38;2;201;190;189m[48;2;169;159;163m▄[38;2;194;183;182m[48;2;182;173;175m▄[38;2;186;174;172m[48;2;182;173;171m▄[38;2;188;178;177m[48;2;169;163;165m▄[38;2;193;183;186m[48;2;169;161;169m▄[38;2;187;176;178m[48;2;163;154;161m▄[38;2;193;183;183m[48;2;173;165;169m▄[38;2;188;178;179m[48;2;184;176;180m▄[38;2;187;177;180m[48;2;186;178;182m▄[38;2;190;179;183m[48;2;184;176;182m▄[38;2;196;186;189m[48;2;186;178;184m▄[38;2;201;184;190m[48;2;196;180;186m▄[38;2;217;168;184m[48;2;203;163;176m▄[38;2;215;167;183m[48;2;197;154;167m▄[38;2;193;157;166m[48;2;175;144;154m▄[38;2;176;152;162m[48;2;156;138;152m▄[38;2;175;149;162m[48;2;159;137;154m▄[38;2;178;147;157m[48;2;165;135;152m▄[38;2;172;151;158m[48;2;156;135;150m▄[38;2;165;156;161m[48;2;150;142;150m▄[38;2;175;177;176m[48;2;169;169;171m▄[0m
[38;2;116;144;123m[48;2;114;142;129m▄[38;2;125;153;131m[48;2;123;155;138m▄[38;2;115;141;120m[48;2;114;142;121m▄[38;2;117;144;122m[48;2;121;143;121m▄[38;2;122;149;121m[48;2;124;153;126m▄[38;2;127;155;125m[48;2;126;157;130m▄[38;2;132;156;130m[48;2;138;164;140m▄[38;2;149;174;145m[48;2;156;183;155m▄[38;2;161;188;155m[48;2;154;177;153m▄[38;2;158;185;153m[48;2;146;164;142m▄[38;2;134;160;128m[48;2;129;150;131m▄[38;2;84;109;97m[48;2;101;120;111m▄[38;2;69;43;60m[48;2;100;69;86m▄[38;2;93;52;68m[48;2;108;61;83m▄[38;2;180;142;159m[48;2;160;126;135m▄[38;2;189;129;139m[48;2;130;63;66m▄[38;2;205;119;135m[48;2;153;74;83m▄[38;2;204;115;136m[48;2;167;119;130m▄[38;2;198;112;130m[48;2;164;111;118m▄[38;2;182;127;142m[48;2;153;116;121m▄[38;2;172;156;168m[48;2;139;120;123m▄[38;2;189;184;188m[48;2;145;128;129m▄[38;2;198;192;188m[48;2;156;142;141m▄[38;2;186;182;176m[48;2;196;188;187m▄[38;2;191;185;183m[48;2;188;177;175m▄[38;2;206;202;206m[48;2;182;169;168m▄[38;2;207;206;213m[48;2;177;166;169m▄[38;2;210;210;217m[48;2;183;172;171m▄[38;2;204;203;207m[48;2;188;177;174m▄[38;2;199;194;193m[48;2;191;181;179m▄[38;2;178;173;168m[48;2;189;180;174m▄[38;2;191;186;186m[48;2;207;201;198m▄[38;2;198;194;199m[48;2;193;184;182m▄[38;2;182;175;179m[48;2;159;146;144m▄[38;2;190;180;177m[48;2;181;167;165m▄[38;2;203;193;186m[48;2;178;163;162m▄[38;2;202;192;185m[48;2;172;159;158m▄[38;2;202;194;193m[48;2;193;182;180m▄[38;2;198;195;195m[48;2;225;218;216m▄[38;2;191;185;183m[48;2;193;187;185m▄[38;2;186;179;182m[48;2;171;161;159m▄[38;2;172;169;176m[48;2;178;166;165m▄[38;2;146;142;152m[48;2;195;183;181m▄[38;2;126;122;138m[48;2;212;204;201m▄[38;2;147;140;150m[48;2;183;175;177m▄[38;2;155;147;158m[48;2;161;150;154m▄[38;2;166;160;171m[48;2;150;138;143m▄[38;2;173;169;176m[48;2;154;143;150m▄[38;2;174;166;169m[48;2;166;154;158m▄[38;2;196;180;182m[48;2;172;160;164m▄[38;2;173;163;172m[48;2;173;159;162m▄[38;2;122;106;128m[48;2;207;162;175m▄[38;2;106;91;117m[48;2;205;152;168m▄[38;2;109;107;130m[48;2;190;144;157m▄[38;2;105;96;120m[48;2;166;133;144m▄[38;2;105;89;113m[48;2;156;127;136m▄[38;2;129;92;112m[48;2;157;127;133m▄[38;2;155;121;127m[48;2;147;130;135m▄[38;2;146;165;150m[48;2;142;149;146m▄[38;2;140;160;153m[48;2;161;173;164m▄[0m
[38;2;95;110;142m[48;2;112;135;120m▄[38;2;100;114;150m[48;2;119;144;129m▄[38;2;95;106;140m[48;2;107;131;116m▄[38;2;106;116;148m[48;2;110;133;119m▄[38;2;112;123;152m[48;2;115;139;121m▄[38;2;121;129;155m[48;2;123;146;126m▄[38;2;133;142;161m[48;2;128;149;129m▄[38;2;155;162;175m[48;2;139;162;135m▄[38;2;179;184;186m[48;2;157;180;144m▄[38;2;183;191;190m[48;2;157;180;143m▄[38;2;152;159;167m[48;2;133;154;125m▄[38;2;136;141;153m[48;2;121;140;115m▄[38;2;134;98;117m[48;2;124;101;107m▄[38;2;37;48;66m[48;2;37;56;75m▄[38;2;178;130;143m[48;2;190;143;160m▄[38;2;214;148;156m[48;2;220;156;165m▄[38;2;211;138;149m[48;2;210;137;149m▄[38;2;200;110;125m[48;2;202;113;131m▄[38;2;200;117;132m[48;2;207;123;140m▄[38;2;200;136;152m[48;2;192;131;148m▄[38;2;186;171;181m[48;2;186;174;187m▄[38;2;196;200;204m[48;2;210;214;219m▄[38;2;207;209;211m[48;2;206;204;205m▄[38;2;210;212;213m[48;2;190;186;181m▄[38;2;210;210;212m[48;2;220;218;218m▄[38;2;213;213;215m[48;2;217;217;221m▄[38;2;213;214;218m[48;2;206;202;205m▄[38;2;209;211;216m[48;2;215;212;218m▄[38;2;211;213;217m[48;2;203;200;200m▄[38;2;213;213;217m[48;2;210;205;205m▄[38;2;209;211;216m[48;2;217;219;222m▄[38;2;207;211;215m[48;2;214;217;224m▄[38;2;212;213;217m[48;2;216;220;229m▄[38;2;208;210;215m[48;2;207;211;220m▄[38;2;217;222;224m[48;2;210;213;216m▄[38;2;238;244;241m[48;2;235;236;233m▄[38;2;220;226;222m[48;2;239;241;238m▄[38;2;100;103;111m[48;2;222;225;225m▄[38;2;66;70;98m[48;2;140;139;146m▄[38;2;76;81;114m[48;2;124;118;134m▄[38;2;42;47;74m[48;2;102;102;124m▄[38;2;42;46;69m[48;2;80;85;113m▄[38;2;69;77;106m[48;2;69;75;101m▄[38;2;88;90;116m[48;2;88;87;110m▄[38;2;124;99;124m[48;2;133;129;140m▄[38;2;149;103;126m[48;2;123;125;146m▄[38;2;168;110;136m[48;2;131;122;149m▄[38;2;198;119;148m[48;2;156;126;150m▄[38;2;153;103;131m[48;2;161;119;142m▄[38;2;71;77;109m[48;2;132;118;141m▄[38;2;76;83;117m[48;2;86;97;125m▄[38;2;80;86;120m[48;2;69;79;113m▄[38;2;80;86;118m[48;2;76;85;117m▄[38;2;81;87;118m[48;2;78;87;118m▄[38;2;80;87;118m[48;2;79;88;119m▄[38;2;81;88;119m[48;2;75;86;119m▄[38;2;80;89;121m[48;2;80;82;115m▄[38;2;76;85;119m[48;2;96;88;111m▄[38;2;71;78;111m[48;2;86;97;116m▄[38;2;87;94;129m[48;2;83;95;126m▄[0m
[38;2;0;5;1m[48;2;30;37;63m▄[38;2;6;25;14m[48;2;28;39;67m▄[38;2;14;39;18m[48;2;35;51;69m▄[38;2;13;39;16m[48;2;59;77;84m▄[38;2;18;43;21m[48;2;61;80;85m▄[38;2;18;44;20m[48;2;60;78;85m▄[38;2;15;43;18m[48;2;62;81;79m▄[38;2;12;38;18m[48;2;99;108;110m▄[38;2;45;68;53m[48;2;182;183;191m▄[38;2;115;130;124m[48;2;215;219;224m▄[38;2;148;152;153m[48;2;166;173;185m▄[38;2;153;149;156m[48;2;144;146;169m▄[38;2;126;96;109m[48;2;128;86;112m▄[38;2;19;37;52m[48;2;32;42;62m▄[38;2;150;110;125m[48;2;159;103;124m▄[38;2;195;130;137m[48;2;206;126;141m▄[38;2;185;126;134m[48;2;206;125;139m▄[38;2;180;111;123m[48;2;195;96;115m▄[38;2;180;114;125m[48;2;191;98;118m▄[38;2;188;144;149m[48;2;194;125;143m▄[38;2;182;164;161m[48;2;194;176;184m▄[38;2;195;197;187m[48;2;212;218;219m▄[38;2;199;199;185m[48;2;219;221;219m▄[38;2;200;200;182m[48;2;221;222;222m▄[38;2;198;197;181m[48;2;223;225;223m▄[38;2;197;196;179m[48;2;223;226;221m▄[38;2;199;198;177m[48;2;222;225;222m▄[38;2;201;200;178m[48;2;222;224;223m▄[38;2;201;200;180m[48;2;223;225;224m▄[38;2;200;198;180m[48;2;221;223;222m▄[38;2;199;197;178m[48;2;219;222;222m▄[38;2;199;197;177m[48;2;217;221;221m▄[38;2;199;197;178m[48;2;218;220;219m▄[38;2;197;195;175m[48;2;221;221;221m▄[38;2;186;183;163m[48;2;223;224;223m▄[38;2;172;170;161m[48;2;228;231;227m▄[38;2;120;119;73m[48;2;96;97;107m▄[38;2;132;131;121m[48;2;15;15;37m▄[38;2;136;137;173m[48;2;81;87;115m▄[38;2;115;111;91m[48;2;39;43;72m▄[38;2;182;183;73m[48;2;46;47;70m▄[38;2;74;78;102m[48;2;67;72;98m▄[38;2;77;84;116m[48;2;75;84;114m▄[38;2;70;77;110m[48;2;82;85;116m▄[38;2;66;79;111m[48;2;101;83;118m▄[38;2;78;76;107m[48;2;130;93;120m▄[38;2;95;81;110m[48;2;172;112;137m▄[38;2;75;82;110m[48;2;154;105;131m▄[38;2;71;83;111m[48;2;86;81;108m▄[38;2;71;76;108m[48;2;77;84;115m▄[38;2;73;79;111m[48;2;81;87;119m▄[38;2;78;85;115m[48;2;80;86;118m▄[38;2;79;87;117m[48;2;79;87;118m▄[38;2;79;88;117m[48;2;81;88;120m▄[38;2;81;90;120m[48;2;83;90;120m▄[38;2;80;89;120m[48;2;83;90;119m▄[38;2;83;89;121m[48;2;83;90;120m▄[38;2;87;96;127m[48;2;82;91;122m▄[38;2;91;98;127m[48;2;79;85;115m▄[38;2;118;118;140m[48;2;117;116;136m▄[0m
[38;2;114;39;41m[48;2;54;50;41m▄[38;2;96;39;42m[48;2;68;59;48m▄[38;2;77;37;41m[48;2;66;59;49m▄[38;2;78;45;45m[48;2;75;67;55m▄[38;2;90;48;47m[48;2;77;63;52m▄[38;2;131;49;49m[48;2;74;57;46m▄[38;2;148;41;46m[48;2;63;46;33m▄[38;2;142;50;57m[48;2;73;50;39m▄[38;2;137;44;55m[48;2;63;38;23m▄[38;2;145;50;52m[48;2;70;41;32m▄[38;2;120;112;132m[48;2;165;163;134m▄[38;2;97;110;129m[48;2;174;182;153m▄[38;2;85;99;126m[48;2;85;108;101m▄[38;2;136;146;150m[48;2;22;67;74m▄[38;2;98;112;127m[48;2;95;135;132m▄[38;2;103;117;132m[48;2;151;164;146m▄[38;2;102;113;132m[48;2;181;184;157m▄[38;2;118;126;133m[48;2;175;181;155m▄[38;2;94;104;124m[48;2;174;179;158m▄[38;2;107;111;129m[48;2;174;177;157m▄[38;2;94;98;120m[48;2;174;172;155m▄[38;2;100;104;124m[48;2;174;171;156m▄[38;2;103;107;122m[48;2;175;174;156m▄[38;2;106;109;126m[48;2;168;168;154m▄[38;2;116;119;131m[48;2;170;168;152m▄[38;2;127;128;138m[48;2;161;159;148m▄[38;2;121;123;138m[48;2;163;160;148m▄[38;2;131;131;139m[48;2;153;151;142m▄[38;2;134;133;141m[48;2;153;151;143m▄[38;2;141;139;142m[48;2;148;145;141m▄[38;2;141;141;145m[48;2;147;146;141m▄[38;2;141;143;145m[48;2;133;133;137m▄[38;2;147;148;147m[48;2;122;122;127m▄[38;2;134;133;126m[48;2;127;127;132m▄[38;2;137;134;143m[48;2;115;116;122m▄[38;2;138;135;168m[48;2;90;89;111m▄[38;2;126;131;91m[48;2;185;184;62m▄[38;2;187;195;145m[48;2;208;210;131m▄[38;2;158;158;162m[48;2;175;171;194m▄[38;2;181;187;70m[48;2;240;242;74m▄[38;2;114;122;115m[48;2;158;164;59m▄[38;2;76;66;100m[48;2;62;71;116m▄[38;2;139;110;130m[48;2;68;80;111m▄[38;2;234;240;251m[48;2;105;109;137m▄[38;2;124;129;152m[48;2;104;110;135m▄[38;2;54;60;90m[48;2;67;76;102m▄[38;2;74;82;108m[48;2;73;83;109m▄[38;2;68;75;103m[48;2;78;88;116m▄[38;2;69;77;104m[48;2;78;89;118m▄[38;2;77;85;112m[48;2;81;88;120m▄[38;2;81;89;115m[48;2;80;86;116m▄[38;2;79;89;114m[48;2;78;86;113m▄[38;2;79;89;116m[48;2;78;86;115m▄[38;2;82;92;121m[48;2;78;86;116m▄[38;2;69;77;106m[48;2;71;78;108m▄[38;2;79;86;116m[48;2;78;84;115m▄[38;2;88;94;123m[48;2;88;94;125m▄[38;2;98;101;124m[48;2;87;94;126m▄[38;2;116;116;135m[48;2;89;94;122m▄[38;2;115;115;140m[48;2;121;120;145m▄[0m
[38;2;127;101;116m[48;2;80;67;71m▄[38;2;49;38;52m[48;2;0;3;3m▄[38;2;16;12;20m[48;2;0;0;0m▄[38;2;72;47;47m[48;2;0;0;0m▄[38;2;4;1;0m[48;2;0;0;0m▄[38;2;54;33;32m[48;2;64;43;45m▄[38;2;165;115;115m[48;2;148;137;149m▄[38;2;131;119;131m[48;2;104;154;184m▄[38;2;90;80;97m[48;2;94;140;189m▄[38;2;61;35;44m[48;2;114;93;119m▄[38;2;113;87;77m[48;2;126;117;128m▄[38;2;94;74;64m[48;2;120;132;139m▄[38;2;84;47;30m[48;2;127;123;126m▄[38;2;169;145;115m[48;2;150;148;143m▄[38;2;127;136;127m[48;2;137;139;136m▄[38;2;101;110;113m[48;2;184;186;159m▄[38;2;190;193;160m[48;2;187;187;159m▄[38;2;222;219;167m[48;2;200;203;167m▄[38;2;226;224;171m[48;2;194;196;160m▄[38;2;223;219;169m[48;2;209;205;167m▄[38;2;224;218;168m[48;2;204;201;162m▄[38;2;221;216;167m[48;2;207;204;165m▄[38;2;220;214;169m[48;2;206;202;164m▄[38;2;219;211;166m[48;2;211;206;168m▄[38;2;220;213;170m[48;2;212;209;170m▄[38;2;220;213;171m[48;2;218;214;176m▄[38;2;221;214;173m[48;2;215;209;173m▄[38;2;220;214;173m[48;2;218;213;174m▄[38;2;220;214;175m[48;2;217;211;172m▄[38;2;219;213;174m[48;2;219;212;174m▄[38;2;219;213;175m[48;2;217;211;173m▄[38;2;220;214;175m[48;2;221;215;173m▄[38;2;221;216;174m[48;2;221;215;176m▄[38;2;224;218;178m[48;2;219;213;172m▄[38;2;228;220;179m[48;2;199;193;171m▄[38;2;222;213;177m[48;2;200;197;207m▄[38;2;203;196;170m[48;2;154;156;181m▄[38;2;172;168;159m[48;2;84;84;100m▄[38;2;173;176;180m[48;2;162;163;177m▄[38;2;181;166;177m[48;2;195;203;223m▄[38;2;132;65;67m[48;2;188;193;208m▄[38;2;139;15;15m[48;2;123;56;55m▄[38;2;185;153;160m[48;2;185;131;137m▄[38;2;186;191;181m[48;2;219;228;238m▄[38;2;167;167;145m[48;2;135;136;140m▄[38;2;88;91;107m[48;2;86;88;104m▄[38;2;92;95;124m[48;2;106;109;134m▄[38;2;121;124;147m[48;2;148;151;172m▄[38;2;132;135;156m[48;2;144;148;167m▄[38;2;100;106;127m[48;2;121;125;146m▄[38;2;83;89;114m[48;2;76;83;109m▄[38;2;85;92;118m[48;2;80;87;114m▄[38;2;87;94;120m[48;2;80;90;116m▄[38;2;85;93;119m[48;2;81;90;119m▄[38;2;82;89;116m[48;2;82;90;118m▄[38;2;73;82;109m[48;2;87;95;124m▄[38;2;131;133;157m[48;2;122;127;149m▄[38;2;215;221;239m[48;2;169;166;171m▄[38;2;165;173;178m[48;2;195;188;178m▄[38;2;91;105;95m[48;2;221;215;199m▄[0m
[38;2;75;82;131m[48;2;136;110;138m▄[38;2;89;93;147m[48;2;120;105;150m▄[38;2;84;88;137m[48;2;103;96;134m▄[38;2;103;110;153m[48;2;100;90;125m▄[38;2;118;121;163m[48;2;75;67;98m▄[38;2;119;124;165m[48;2;84;70;94m▄[38;2;117;131;169m[48;2;132;59;75m▄[38;2;125;136;172m[48;2;96;36;58m▄[38;2;135;143;173m[48;2;76;33;55m▄[38;2;143;146;171m[48;2;63;25;36m▄[38;2;143;146;164m[48;2;73;29;36m▄[38;2;150;152;168m[48;2;144;86;86m▄[38;2;159;163;175m[48;2;119;81;84m▄[38;2;158;160;167m[48;2;133;124;130m▄[38;2;170;168;160m[48;2;129;132;140m▄[38;2;196;193;157m[48;2;85;94;102m▄[38;2;213;203;157m[48;2;133;126;111m▄[38;2;223;218;170m[48;2;206;203;162m▄[38;2;224;219;168m[48;2;220;218;169m▄[38;2;225;218;166m[48;2;221;217;166m▄[38;2;225;216;166m[48;2;220;216;167m▄[38;2;225;215;166m[48;2;225;218;170m▄[38;2;225;215;167m[48;2;224;216;170m▄[38;2;227;218;170m[48;2;221;212;169m▄[38;2;230;220;172m[48;2;222;214;170m▄[38;2;231;221;173m[48;2;224;216;172m▄[38;2;231;224;174m[48;2;227;218;174m▄[38;2;232;223;175m[48;2;229;221;177m▄[38;2;233;223;177m[48;2;228;221;178m▄[38;2;233;223;175m[48;2;229;222;179m▄[38;2;231;223;175m[48;2;229;221;179m▄[38;2;231;222;177m[48;2;230;221;180m▄[38;2;231;223;179m[48;2;231;223;180m▄[38;2;233;224;179m[48;2;233;223;180m▄[38;2;234;225;182m[48;2;233;224;181m▄[38;2;236;227;184m[48;2;235;226;181m▄[38;2;237;229;185m[48;2;237;229;182m▄[38;2;246;240;190m[48;2;244;238;193m▄[38;2;172;168;142m[48;2;145;146;140m▄[38;2;106;95;112m[48;2;117;65;80m▄[38;2;193;74;82m[48;2;197;35;33m▄[38;2;248;72;63m[48;2;254;89;87m▄[38;2;162;89;104m[48;2;136;102;114m▄[38;2;196;196;194m[48;2;189;188;161m▄[38;2;202;199;196m[48;2;127;124;118m▄[38;2;205;204;220m[48;2;82;86;118m▄[38;2;153;156;175m[48;2;76;81;110m▄[38;2;118;121;141m[48;2;62;66;95m▄[38;2;106;109;133m[48;2;63;68;97m▄[38;2;93;97;123m[48;2;80;84;112m▄[38;2;116;117;141m[48;2;82;87;115m▄[38;2;145;143;164m[48;2;76;81;109m▄[38;2;146;145;166m[48;2;75;81;108m▄[38;2;177;176;193m[48;2;76;83;110m▄[38;2;221;227;241m[48;2;95;100;126m▄[38;2;234;249;254m[48;2;129;132;157m▄[38;2;200;140;128m[48;2;179;187;210m▄[38;2;215;50;16m[48;2;196;156;172m▄[38;2;179;42;32m[48;2;168;27;28m▄[38;2;70;47;54m[48;2;72;0;0m▄[0m
[38;2;198;193;161m[48;2;121;129;151m▄[38;2;218;208;171m[48;2;139;143;163m▄[38;2;208;198;161m[48;2;137;139;150m▄[38;2;217;206;163m[48;2;162;162;163m▄[38;2;231;218;166m[48;2;194;192;176m▄[38;2;235;221;166m[48;2;204;200;173m▄[38;2;233;219;165m[48;2;210;207;174m▄[38;2;233;218;167m[48;2;220;214;177m▄[38;2;231;218;165m[48;2;223;217;174m▄[38;2;230;216;163m[48;2;227;220;177m▄[38;2;229;215;163m[48;2;230;221;178m▄[38;2;227;214;163m[48;2;232;224;174m▄[38;2;229;217;165m[48;2;238;229;176m▄[38;2;229;217;164m[48;2;240;228;174m▄[38;2;228;215;163m[48;2;239;229;173m▄[38;2;227;214;163m[48;2;236;228;175m▄[38;2;226;215;164m[48;2;231;223;171m▄[38;2;225;214;164m[48;2;228;219;167m▄[38;2;226;213;163m[48;2;227;217;166m▄[38;2;227;214;163m[48;2;226;215;164m▄[38;2;226;214;163m[48;2;225;214;163m▄[38;2;228;216;166m[48;2;226;214;164m▄[38;2;229;217;168m[48;2;227;215;165m▄[38;2;228;216;166m[48;2;229;217;166m▄[38;2;228;216;166m[48;2;231;220;170m▄[38;2;229;217;168m[48;2;233;223;173m▄[38;2;227;217;167m[48;2;232;222;170m▄[38;2;230;220;170m[48;2;233;223;171m▄[38;2;232;220;169m[48;2;234;223;172m▄[38;2;233;221;171m[48;2;233;222;173m▄[38;2;235;223;173m[48;2;233;223;174m▄[38;2;233;222;173m[48;2;230;223;174m▄[38;2;233;222;176m[48;2;229;221;173m▄[38;2;233;221;174m[48;2;231;223;175m▄[38;2;232;221;172m[48;2;232;223;178m▄[38;2;234;221;173m[48;2;236;225;179m▄[38;2;236;222;176m[48;2;238;227;181m▄[38;2;234;221;176m[48;2;237;226;181m▄[38;2;239;228;179m[48;2;235;225;178m▄[38;2;246;231;181m[48;2;209;204;164m▄[38;2;170;189;177m[48;2;152;145;137m▄[38;2;79;147;164m[48;2;194;160;175m▄[38;2;110;159;147m[48;2;227;229;243m▄[38;2;56;118;121m[48;2;108;155;167m▄[38;2;123;207;224m[48;2;211;214;232m▄[38;2;38;95;104m[48;2;211;209;221m▄[38;2;114;112;119m[48;2;218;219;229m▄[38;2;242;242;254m[48;2;227;230;241m▄[38;2;227;229;241m[48;2;215;216;229m▄[38;2;227;233;242m[48;2;212;214;227m▄[38;2;207;223;234m[48;2;210;211;224m▄[38;2;194;207;221m[48;2;229;230;242m▄[38;2;217;219;233m[48;2;219;221;232m▄[38;2;236;233;244m[48;2;240;247;255m▄[38;2;202;73;79m[48;2;216;199;219m▄[38;2;227;106;13m[48;2;213;175;95m▄[38;2;208;124;35m[48;2;224;164;37m▄[38;2;186;79;42m[48;2;224;145;45m▄[38;2;150;130;145m[48;2;86;77;77m▄[38;2;164;191;194m[48;2;69;120;131m▄[0m
[38;2;181;176;146m[48;2;195;187;155m▄[38;2;197;191;157m[48;2;213;204;166m▄[38;2;184;178;144m[48;2;201;191;155m▄[38;2;188;183;147m[48;2;202;193;155m▄[38;2;194;185;151m[48;2;208;196;154m▄[38;2;198;186;150m[48;2;216;200;155m▄[38;2;202;189;149m[48;2;223;207;158m▄[38;2;212;198;154m[48;2;229;214;163m▄[38;2;219;203;156m[48;2;231;215;162m▄[38;2;220;205;151m[48;2;227;210;158m▄[38;2;222;206;150m[48;2;225;209;157m▄[38;2;227;208;153m[48;2;228;211;161m▄[38;2;227;209;154m[48;2;228;214;161m▄[38;2;226;210;154m[48;2;226;211;157m▄[38;2;226;208;152m[48;2;224;209;154m▄[38;2;225;209;153m[48;2;224;211;158m▄[38;2;224;210;156m[48;2;225;212;161m▄[38;2;225;210;155m[48;2;226;212;161m▄[38;2;223;208;154m[48;2;224;211;160m▄[38;2;224;209;154m[48;2;224;211;159m▄[38;2;226;210;154m[48;2;221;209;158m▄[38;2;229;216;161m[48;2;221;209;159m▄[38;2;231;220;164m[48;2;225;213;162m▄[38;2;232;221;165m[48;2;228;216;166m▄[38;2;235;224;169m[48;2;228;216;167m▄[38;2;235;223;168m[48;2;228;216;167m▄[38;2;234;222;167m[48;2;227;215;166m▄[38;2;236;225;167m[48;2;228;216;166m▄[38;2;232;216;162m[48;2;231;218;169m▄[38;2;215;189;144m[48;2;233;220;172m▄[38;2;207;176;137m[48;2;233;220;174m▄[38;2;192;152;120m[48;2;236;225;177m▄[38;2;177;132;104m[48;2;242;232;182m▄[38;2;192;148;113m[48;2;239;230;180m▄[38;2;219;183;133m[48;2;237;227;178m▄[38;2;222;192;143m[48;2;236;225;177m▄[38;2;227;199;153m[48;2;237;225;177m▄[38;2;204;177;131m[48;2;238;226;177m▄[38;2;181;149;115m[48;2;244;232;181m▄[38;2;198;162;127m[48;2;248;233;186m▄[38;2;117;66;57m[48;2;107;149;143m▄[38;2;64;120;133m[48;2;10;121;133m▄[38;2;31;136;152m[48;2;162;182;85m▄[38;2;0;104;118m[48;2;108;84;71m▄[38;2;3;79;89m[48;2;4;122;138m▄[38;2;102;83;91m[48;2;28;116;127m▄[38;2;227;159;167m[48;2;188;199;210m▄[38;2;210;141;146m[48;2;220;232;246m▄[38;2;188;93;94m[48;2;215;227;240m▄[38;2;134;59;57m[48;2;200;183;192m▄[38;2;106;52;50m[48;2;140;50;52m▄[38;2;113;97;101m[48;2;160;40;36m▄[38;2;133;123;129m[48;2;179;67;66m▄[38;2;77;108;140m[48;2;145;74;75m▄[38;2;123;147;177m[48;2;156;41;47m▄[38;2;138;156;178m[48;2;172;93;101m▄[38;2;101;116;149m[48;2;150;110;128m▄[38;2;148;151;159m[48;2;102;100;142m▄[38;2;182;176;159m[48;2;131;141;181m▄[38;2;241;238;189m[48;2;151;156;187m▄[0m
[38;2;178;176;144m[48;2;181;178;146m▄[38;2;190;186;152m[48;2;193;189;154m▄[38;2;177;171;140m[48;2;178;173;141m▄[38;2;177;170;137m[48;2;181;174;140m▄[38;2;178;171;135m[48;2;183;175;140m▄[38;2;179;170;133m[48;2;185;177;140m▄[38;2;179;171;133m[48;2;190;178;140m▄[38;2;181;172;133m[48;2;191;179;137m▄[38;2;186;176;135m[48;2;195;182;139m▄[38;2;191;184;138m[48;2;203;188;137m▄[38;2;194;184;137m[48;2;211;194;138m▄[38;2;196;182;134m[48;2;218;200;141m▄[38;2;205;192;136m[48;2;223;204;143m▄[38;2;216;201;137m[48;2;226;207;144m▄[38;2;223;206;140m[48;2;226;208;145m▄[38;2;223;203;136m[48;2;226;206;143m▄[38;2;223;204;137m[48;2;225;207;143m▄[38;2;223;203;138m[48;2;226;206;146m▄[38;2;222;202;136m[48;2;224;205;145m▄[38;2;196;160;107m[48;2;217;195;136m▄[38;2;141;82;57m[48;2;205;173;120m▄[38;2;69;14;10m[48;2;198;159;112m▄[38;2;85;17;11m[48;2;190;147;104m▄[38;2;94;20;13m[48;2;187;142;101m▄[38;2;92;19;13m[48;2;183;140;99m▄[38;2;95;29;21m[48;2;189;157;109m▄[38;2;104;44;35m[48;2;181;151;103m▄[38;2;107;50;39m[48;2;178;142;94m▄[38;2;88;27;21m[48;2;182;142;94m▄[38;2;70;15;14m[48;2;182;140;95m▄[38;2;39;9;18m[48;2;177;126;86m▄[38;2;32;10;20m[48;2;135;74;55m▄[38;2;10;4;17m[48;2;84;31;29m▄[38;2;0;0;13m[48;2;55;17;21m▄[38;2;0;0;12m[48;2;70;32;29m▄[38;2;0;0;1m[48;2;80;41;38m▄[38;2;75;77;90m[48;2;81;42;35m▄[38;2;161;184;220m[48;2;138;106;101m▄[38;2;92;74;108m[48;2;153;122;127m▄[38;2;88;0;1m[48;2;91;39;55m▄[38;2;61;4;8m[48;2;76;26;51m▄[38;2;56;4;8m[48;2;79;12;20m▄[38;2;73;2;5m[48;2;64;30;36m▄[38;2;129;0;0m[48;2;79;35;42m▄[38;2;204;17;13m[48;2;138;4;8m▄[38;2;240;80;71m[48;2;215;0;0m▄[38;2;192;99;110m[48;2;237;0;0m▄[38;2;119;103;136m[48;2;223;17;8m▄[38;2;72;91;128m[48;2;115;100;110m▄[38;2;100;73;90m[48;2;98;137;162m▄[38;2;167;120;105m[48;2;116;149;179m▄[38;2;170;134;107m[48;2;92;124;164m▄[38;2;210;176;128m[48;2;119;130;157m▄[38;2;241;213;153m[48;2;156;153;154m▄[38;2;243;226;168m[48;2;197;187;157m▄[38;2;240;222;167m[48;2;244;228;168m▄[38;2;244;226;171m[48;2;229;215;165m▄[38;2;243;226;173m[48;2;251;235;178m▄[38;2;242;225;174m[48;2;255;240;183m▄[38;2;255;242;188m[48;2;255;254;196m▄[0m
[38;2;185;180;148m[48;2;181;176;146m▄[38;2;198;191;153m[48;2;194;187;152m▄[38;2;181;174;138m[48;2;178;170;137m▄[38;2;182;174;137m[48;2;177;169;136m▄[38;2;184;176;136m[48;2;179;172;136m▄[38;2;183;176;137m[48;2;180;171;134m▄[38;2;182;173;134m[48;2;179;170;133m▄[38;2;184;180;138m[48;2;182;174;135m▄[38;2;166;134;104m[48;2;176;162;125m▄[38;2;182;80;70m[48;2;165;120;94m▄[38;2;157;81;59m[48;2;171;152;113m▄[38;2;165;120;88m[48;2;193;188;146m▄[38;2;134;81;54m[48;2;173;164;121m▄[38;2;137;55;29m[48;2;152;124;82m▄[38;2;155;98;65m[48;2;187;164;114m▄[38;2;196;188;140m[48;2;213;197;138m▄[38;2;199;185;134m[48;2;220;200;136m▄[38;2;201;191;146m[48;2;225;206;137m▄[38;2;193;185;151m[48;2;233;213;140m▄[38;2;154;150;145m[48;2;176;138;87m▄[38;2;82;93;126m[48;2;51;24;18m▄[38;2;4;11;37m[48;2;8;2;4m▄[38;2;0;0;0m[48;2;13;0;1m▄[38;2;0;0;0m[48;2;46;7;6m▄[38;2;7;4;9m[48;2;113;50;42m▄[38;2;47;27;24m[48;2;146;78;64m▄[38;2;95;56;44m[48;2;148;86;70m▄[38;2;125;70;56m[48;2;145;89;71m▄[38;2;101;41;32m[48;2;115;51;39m▄[38;2;71;24;23m[48;2;75;27;23m▄[38;2;11;5;19m[48;2;0;0;14m▄[38;2;1;0;17m[48;2;0;0;13m▄[38;2;2;0;25m[48;2;0;0;15m▄[38;2;2;0;30m[48;2;2;0;19m▄[38;2;3;1;32m[48;2;2;0;20m▄[38;2;2;1;33m[48;2;2;0;19m▄[38;2;0;0;29m[48;2;28;27;48m▄[38;2;0;0;23m[48;2;42;51;88m▄[38;2;0;0;32m[48;2;9;7;33m▄[38;2;0;1;32m[48;2;80;1;7m▄[38;2;0;0;28m[48;2;81;3;10m▄[38;2;0;0;29m[48;2;71;4;12m▄[38;2;0;2;28m[48;2;62;2;6m▄[38;2;79;87;104m[48;2;106;60;67m▄[38;2;107;126;161m[48;2;216;199;204m▄[38;2;13;19;58m[48;2;151;178;207m▄[38;2;0;0;12m[48;2;46;74;117m▄[38;2;0;0;20m[48;2;0;12;46m▄[38;2;0;0;25m[48;2;0;0;17m▄[38;2;0;0;27m[48;2;14;2;24m▄[38;2;11;3;36m[48;2;35;13;32m▄[38;2;49;38;59m[48;2;36;12;31m▄[38;2;86;73;75m[48;2;40;11;26m▄[38;2;178;146;115m[48;2;139;95;81m▄[38;2;209;171;130m[48;2;204;170;129m▄[38;2;223;195;146m[48;2;208;178;135m▄[38;2;236;216;163m[48;2;234;211;161m▄[38;2;237;217;165m[48;2;241;222;169m▄[38;2;236;215;166m[48;2;239;221;170m▄[38;2;255;234;181m[48;2;255;239;183m▄[0m
[38;2;0;0;54m[48;2;71;80;110m▄[38;2;106;107;122m[48;2;165;163;148m▄[38;2;186;176;137m[48;2;183;174;140m▄[38;2;179;167;128m[48;2;176;166;131m▄[38;2;181;167;129m[48;2;175;166;131m▄[38;2;179;169;130m[48;2;181;173;136m▄[38;2;181;171;137m[48;2;186;177;135m▄[38;2;175;169;144m[48;2;187;181;136m▄[38;2;158;162;153m[48;2;178;158;118m▄[38;2;142;129;134m[48;2;175;96;76m▄[38;2;153;83;66m[48;2;163;72;53m▄[38;2;149;71;41m[48;2;159;69;43m▄[38;2;127;86;46m[48;2;140;58;35m▄[38;2;121;100;64m[48;2;142;63;43m▄[38;2;103;79;51m[48;2;142;68;45m▄[38;2;72;47;32m[48;2;118;100;104m▄[38;2;32;37;60m[48;2;89;106;146m▄[38;2;93;58;49m[48;2;75;91;133m▄[38;2;89;64;72m[48;2;71;86;141m▄[38;2;69;91;141m[48;2;95;112;150m▄[38;2;108;122;154m[48;2;167;165;154m▄[38;2;153;155;157m[48;2;179;169;128m▄[38;2;201;193;164m[48;2;108;101;73m▄[38;2;229;213;156m[48;2;58;52;45m▄[38;2;181;168;137m[48;2;9;5;11m▄[38;2;107;109;123m[48;2;0;0;0m▄[38;2;93;104;136m[48;2;0;0;4m▄[38;2;101;116;152m[48;2;22;16;30m▄[38;2;73;90;139m[48;2;32;28;45m▄[38;2;6;13;57m[48;2;2;4;26m▄[38;2;0;0;22m[48;2;0;0;24m▄[38;2;9;8;40m[48;2;0;0;29m▄[38;2;9;6;43m[48;2;0;0;32m▄[38;2;1;0;40m[48;2;0;0;34m▄[38;2;0;0;35m[48;2;0;0;36m▄[38;2;0;0;31m[48;2;0;1;37m▄[38;2;0;0;33m[48;2;1;2;37m▄[38;2;0;0;35m[48;2;1;2;37m▄[38;2;0;2;41m[48;2;3;2;41m▄[38;2;2;5;43m[48;2;3;3;42m▄[38;2;4;6;45m[48;2;4;3;40m▄[38;2;5;6;45m[48;2;4;2;39m▄[38;2;1;1;41m[48;2;4;3;38m▄[38;2;0;0;38m[48;2;0;0;27m▄[38;2;0;0;28m[48;2;0;1;30m▄[38;2;72;54;63m[48;2;4;1;25m▄[38;2;218;182;134m[48;2;46;37;55m▄[38;2;246;217;153m[48;2;76;63;70m▄[38;2;255;233;163m[48;2;87;73;76m▄[38;2;255;239;165m[48;2;153;132;116m▄[38;2;252;230;161m[48;2;218;199;153m▄[38;2;244;221;158m[48;2;248;227;169m▄[38;2;241;216;156m[48;2;255;238;172m▄[38;2;239;214;154m[48;2;248;228;165m▄[38;2;237;212;154m[48;2;242;220;165m▄[38;2;236;211;152m[48;2;240;217;162m▄[38;2;236;211;154m[48;2;238;216;162m▄[38;2;235;211;155m[48;2;235;215;159m▄[38;2;235;211;156m[48;2;236;213;160m▄[38;2;253;228;171m[48;2;255;229;178m▄[0m
[38;2;105;120;161m[48;2;26;33;84m▄[38;2;99;118;171m[48;2;93;100;137m▄[38;2;66;88;148m[48;2;133;134;142m▄[38;2;53;77;143m[48;2;158;156;151m▄[38;2;54;74;138m[48;2;142;144;151m▄[38;2;50;69;127m[48;2;117;125;151m▄[38;2;87;92;118m[48;2;95;108;148m▄[38;2;141;132;119m[48;2;86;100;147m▄[38;2;186;171;128m[48;2;82;99;141m▄[38;2;179;162;116m[48;2;120;92;90m▄[38;2;164;131;95m[48;2;150;64;39m▄[38;2;156;122;94m[48;2;117;72;31m▄[38;2;78;82;61m[48;2;73;146;21m▄[38;2;51;108;27m[48;2;67;163;18m▄[38;2;80;158;30m[48;2;69;157;24m▄[38;2;79;173;28m[48;2;65;151;15m▄[38;2;118;110;33m[48;2;85;123;14m▄[38;2;168;72;47m[48;2;119;95;30m▄[38;2;164;85;52m[48;2;89;62;32m▄[38;2;162;81;48m[48;2;69;38;59m▄[38;2;160;117;100m[48;2;90;67;84m▄[38;2;134;139;147m[48;2;99;112;158m▄[38;2;111;112;121m[48;2;104;122;170m▄[38;2;47;55;94m[48;2;100;118;159m▄[38;2;90;91;112m[48;2;93;112;162m▄[38;2;188;173;137m[48;2;83;100;153m▄[38;2;192;173;127m[48;2;113;116;139m▄[38;2;226;201;140m[48;2;192;179;145m▄[38;2;246;220;147m[48;2;171;154;117m▄[38;2;254;227;155m[48;2;104;93;79m▄[38;2;250;223;151m[48;2;170;146;115m▄[38;2;244;216;145m[48;2;212;189;135m▄[38;2;247;218;146m[48;2;206;182;130m▄[38;2;251;221;147m[48;2;194;170;125m▄[38;2;253;225;149m[48;2;177;155;118m▄[38;2;255;229;154m[48;2;148;130;106m▄[38;2;255;227;149m[48;2;100;87;82m▄[38;2;243;213;145m[48;2;55;48;65m▄[38;2;227;196;138m[48;2;32;29;59m▄[38;2;218;188;134m[48;2;22;21;56m▄[38;2;214;186;132m[48;2;20;19;56m▄[38;2;216;189;134m[48;2;23;21;56m▄[38;2;236;206;144m[48;2;45;38;62m▄[38;2;245;215;147m[48;2;56;46;63m▄[38;2;248;218;150m[48;2;53;45;64m▄[38;2;241;212;147m[48;2;95;64;67m▄[38;2;239;209;148m[48;2;163;97;71m▄[38;2;242;211;148m[48;2;203;147;105m▄[38;2;240;212;145m[48;2;237;209;145m▄[38;2;238;207;143m[48;2;241;216;149m▄[38;2;237;208;143m[48;2;239;215;148m▄[38;2;236;207;143m[48;2;239;213;148m▄[38;2;235;207;145m[48;2;238;213;150m▄[38;2;235;207;148m[48;2;235;210;149m▄[38;2;234;206;146m[48;2;234;208;148m▄[38;2;234;205;146m[48;2;233;207;145m▄[38;2;233;202;146m[48;2;233;205;146m▄[38;2;231;202;146m[48;2;233;205;148m▄[38;2;231;199;144m[48;2;233;205;148m▄[38;2;249;214;157m[48;2;252;222;162m▄[0m
[38;2;93;112;168m[48;2;52;76;140m▄[38;2;99;116;175m[48;2;56;79;146m▄[38;2;88;102;154m[48;2;61;78;136m▄[38;2;83;99;152m[48;2;75;91;142m▄[38;2;83;97;151m[48;2;86;100;146m▄[38;2;82;95;144m[48;2;89;100;142m▄[38;2;68;92;144m[48;2;82;94;133m▄[38;2;59;88;142m[48;2;74;85;120m▄[38;2;52;70;126m[48;2;80;84;105m▄[38;2;4;8;45m[48;2;89;90;98m▄[38;2;0;0;21m[48;2;74;83;93m▄[38;2;0;3;46m[48;2;94;96;91m▄[38;2;37;50;103m[48;2;148;141;138m▄[38;2;88;99;138m[48;2;115;114;151m▄[38;2;128;124;131m[48;2;95;108;149m▄[38;2;162;146;127m[48;2;82;106;134m▄[38;2;132;123;110m[48;2;40;59;99m▄[38;2;89;92;101m[48;2;59;47;78m▄[38;2;149;143;122m[48;2;123;85;81m▄[38;2;193;178;133m[48;2;97;84;92m▄[38;2;193;176;133m[48;2;149;129;113m▄[38;2;211;189;135m[48;2;241;217;148m▄[38;2;221;197;138m[48;2;242;218;144m▄[38;2;231;206;141m[48;2;227;204;140m▄[38;2;234;206;140m[48;2;233;208;142m▄[38;2;231;201;135m[48;2;242;216;142m▄[38;2;229;200;135m[48;2;239;212;142m▄[38;2;228;200;136m[48;2;230;205;139m▄[38;2;227;199;135m[48;2;227;202;137m▄[38;2;229;199;135m[48;2;231;203;138m▄[38;2;229;197;133m[48;2;233;204;138m▄[38;2;230;199;135m[48;2;233;204;138m▄[38;2;231;200;136m[48;2;235;205;139m▄[38;2;234;202;139m[48;2;234;204;139m▄[38;2;234;202;141m[48;2;234;204;140m▄[38;2;233;201;141m[48;2;235;204;140m▄[38;2;234;202;141m[48;2;237;205;141m▄[38;2;234;202;141m[48;2;241;209;144m▄[38;2;236;202;140m[48;2;247;214;145m▄[38;2;236;203;142m[48;2;249;216;146m▄[38;2;235;203;143m[48;2;250;218;149m▄[38;2;236;204;142m[48;2;252;219;150m▄[38;2;235;205;141m[48;2;246;215;145m▄[38;2;234;204;142m[48;2;243;213;144m▄[38;2;232;202;142m[48;2;245;215;145m▄[38;2;230;201;141m[48;2;245;213;147m▄[38;2;228;199;140m[48;2;239;209;146m▄[38;2;225;197;142m[48;2;240;208;145m▄[38;2;222;194;141m[48;2;238;206;142m▄[38;2;221;194;139m[48;2;235;203;139m▄[38;2;218;191;137m[48;2;235;203;140m▄[38;2;217;190;138m[48;2;235;203;140m▄[38;2;215;189;139m[48;2;234;202;144m▄[38;2;212;186;139m[48;2;231;200;146m▄[38;2;211;184;139m[48;2;232;201;146m▄[38;2;208;183;139m[48;2;232;201;147m▄[38;2;206;182;137m[48;2;232;201;147m▄[38;2;203;179;135m[48;2;228;198;145m▄[38;2;200;175;136m[48;2;225;195;142m▄[38;2;215;189;147m[48;2;243;209;156m▄[0m
[38;2;111;123;166m[48;2;93;112;170m▄[38;2;119;134;185m[48;2;107;124;181m▄[38;2;90;106;159m[48;2;112;123;169m▄[38;2;80;98;158m[48;2;125;133;172m▄[38;2;69;89;148m[48;2;119;128;167m▄[38;2;70;94;149m[48;2;71;89;141m▄[38;2;117;32;53m[48;2;84;58;94m▄[38;2;132;16;17m[48;2;92;42;68m▄[38;2;21;15;39m[48;2;38;44;82m▄[38;2;70;87;136m[48;2;62;74;120m▄[38;2;39;51;105m[48;2;52;67;123m▄[38;2;11;21;76m[48;2;63;87;146m▄[38;2;0;6;55m[48;2;50;70;125m▄[38;2;47;58;108m[48;2;57;68;109m▄[38;2;96;107;155m[48;2;96;96;116m▄[38;2;82;92;139m[48;2;116;112;110m▄[38;2;80;85;123m[48;2;151;140;117m▄[38;2;88;90;115m[48;2;187;168;126m▄[38;2;113;109;113m[48;2;192;173;124m▄[38;2;144;133;114m[48;2;185;167;122m▄[38;2;171;153;116m[48;2;183;164;123m▄[38;2;188;164;121m[48;2;183;163;123m▄[38;2;190;167;120m[48;2;190;168;126m▄[38;2;191;168;122m[48;2;195;173;128m▄[38;2;194;171;125m[48;2;204;180;130m▄[38;2;195;172;125m[48;2;209;184;132m▄[38;2;196;173;124m[48;2;211;185;130m▄[38;2;197;174;127m[48;2;209;185;129m▄[38;2;197;175;129m[48;2;208;184;131m▄[38;2;199;176;129m[48;2;206;183;131m▄[38;2;199;177;131m[48;2;207;182;131m▄[38;2;199;177;132m[48;2;206;182;131m▄[38;2;201;179;134m[48;2;207;184;134m▄[38;2;202;179;134m[48;2;209;184;135m▄[38;2;203;180;136m[48;2;208;183;135m▄[38;2;202;180;137m[48;2;206;181;134m▄[38;2;203;180;136m[48;2;206;181;133m▄[38;2;204;182;137m[48;2;207;181;135m▄[38;2;204;182;137m[48;2;207;181;134m▄[38;2;204;182;138m[48;2;206;182;134m▄[38;2;204;183;140m[48;2;206;183;135m▄[38;2;205;185;143m[48;2;206;185;135m▄[38;2;206;186;145m[48;2;206;184;137m▄[38;2;205;185;148m[48;2;205;182;137m▄[38;2;205;185;148m[48;2;203;181;137m▄[38;2;203;183;147m[48;2;200;179;136m▄[38;2;200;182;145m[48;2;197;177;134m▄[38;2;199;181;142m[48;2;195;176;132m▄[38;2;198;180;142m[48;2;193;174;134m▄[38;2;199;179;143m[48;2;192;173;133m▄[38;2;198;178;143m[48;2;190;172;133m▄[38;2;197;178;144m[48;2;189;170;134m▄[38;2;197;178;144m[48;2;189;170;133m▄[38;2;198;178;144m[48;2;189;170;133m▄[38;2;198;178;143m[48;2;187;169;132m▄[38;2;196;177;142m[48;2;186;167;131m▄[38;2;196;177;142m[48;2;187;167;133m▄[38;2;194;176;141m[48;2;188;167;133m▄[38;2;194;175;144m[48;2;187;167;135m▄[38;2;212;192;159m[48;2;202;182;149m▄[0m
