[38;2;156;187;152m[48;2;155;191;155m▄[38;2;197;231;200m[48;2;182;216;190m▄[38;2;197;224;206m[48;2;182;209;194m▄[38;2;204;230;213m[48;2;192;215;203m▄[38;2;208;234;220m[48;2;196;218;209m▄[38;2;214;239;226m[48;2;199;220;215m▄[38;2;219;243;231m[48;2;203;224;218m▄[38;2;221;243;238m[48;2;205;226;224m▄[38;2;224;246;243m[48;2;209;230;230m▄[38;2;228;250;247m[48;2;213;234;234m▄[38;2;231;253;252m[48;2;216;235;235m▄[38;2;234;255;255m[48;2;218;237;237m▄[38;2;238;255;255m[48;2;220;239;239m▄[38;2;235;255;255m[48;2;224;245;247m▄[38;2;228;252;253m[48;2;228;247;253m▄[38;2;248;255;255m[48;2;222;243;249m▄[38;2;244;255;255m[48;2;226;245;251m▄[38;2;249;255;255m[48;2;228;245;251m▄[38;2;252;255;255m[48;2;228;247;253m▄[38;2;247;255;255m[48;2;228;249;253m▄[38;2;251;255;255m[48;2;228;247;253m▄[38;2;253;255;255m[48;2;230;247;253m▄[38;2;243;255;255m[48;2;226;245;249m▄[38;2;242;255;255m[48;2;226;247;249m▄[38;2;243;255;255m[48;2;224;245;245m▄[38;2;238;255;255m[48;2;220;239;239m▄[38;2;235;255;255m[48;2;216;237;235m▄[38;2;235;255;255m[48;2;216;235;235m▄[38;2;234;255;255m[48;2;215;234;234m▄[38;2;244;255;255m[48;2;226;241;239m▄[38;2;218;232;236m[48;2;207;220;222m▄[38;2;60;117;142m[48;2;30;89;123m▄[38;2;128;167;185m[48;2;17;79;127m▄[38;2;151;181;198m[48;2;22;85;135m▄[38;2;168;194;210m[48;2;32;91;140m▄[38;2;181;203;219m[48;2;41;97;148m▄[38;2;192;212;229m[48;2;51;104;157m▄[38;2;209;224;241m[48;2;68;117;167m▄[38;2;230;240;253m[48;2;97;137;180m▄[38;2;247;253;255m[48;2;123;159;192m▄[38;2;255;255;255m[48;2;154;182;207m▄[38;2;255;255;255m[48;2;199;215;224m▄[38;2;255;255;255m[48;2;247;249;251m▄[38;2;255;255;255m[48;2;254;254;254m▄[38;2;255;255;255m[48;2;254;254;254m▄[38;2;255;255;255m[48;2;254;254;254m▄[38;2;255;255;255m[48;2;254;254;254m▄[38;2;255;255;255m[48;2;254;254;254m▄[38;2;255;255;255m[48;2;254;254;254m▄[38;2;255;255;255m[48;2;254;254;254m▄[38;2;255;255;255m[48;2;254;254;254m▄[38;2;213;232;248m[48;2;169;194;218m▄[38;2;106;166;210m[48;2;97;150;192m▄[38;2;112;172;214m[48;2;104;159;199m▄[38;2;113;172;215m[48;2;106;161;199m▄[38;2;116;174;216m[48;2;110;163;199m▄[38;2;118;174;215m[48;2;110;163;197m▄[38;2;122;175;211m[48;2;116;163;196m▄[38;2;124;174;208m[48;2;119;163;197m▄[38;2;130;182;219m[48;2;127;171;207m▄[0m
[38;2;155;183;144m[48;2;157;183;150m▄[38;2;180;210;174m[48;2;181;209;176m▄[38;2;178;204;177m[48;2;180;206;180m▄[38;2;184;209;187m[48;2;185;211;188m▄[38;2;190;214;194m[48;2;190;214;197m▄[38;2;194;217;203m[48;2;195;219;205m▄[38;2;196;218;207m[48;2;198;221;210m▄[38;2;200;222;209m[48;2;203;224;214m▄[38;2;203;224;216m[48;2;206;227;218m▄[38;2;206;227;222m[48;2;208;230;224m▄[38;2;209;230;226m[48;2;212;232;231m▄[38;2;213;234;233m[48;2;215;235;234m▄[38;2;211;228;228m[48;2;224;242;242m▄[38;2;107;118;120m[48;2;149;162;162m▄[38;2;93;106;106m[48;2;108;123;121m▄[38;2;88;104;104m[48;2;151;171;171m▄[38;2;95;114;113m[48;2;148;166;167m▄[38;2;99;116;115m[48;2;141;160;160m▄[38;2;98;115;115m[48;2;180;200;200m▄[38;2;107;123;124m[48;2;219;238;239m▄[38;2;108;113;104m[48;2;192;211;212m▄[38;2;150;134;104m[48;2;158;173;173m▄[38;2;173;142;98m[48;2;158;160;144m▄[38;2;193;194;175m[48;2;186;192;180m▄[38;2;227;247;249m[48;2;229;248;248m▄[38;2;221;239;238m[48;2;223;240;240m▄[38;2;219;237;237m[48;2;222;239;239m▄[38;2;217;237;236m[48;2;220;238;238m▄[38;2;215;236;235m[48;2;215;235;234m▄[38;2;226;241;240m[48;2;224;239;239m▄[38;2;206;217;219m[48;2;201;214;217m▄[38;2;18;79;107m[48;2;45;101;118m▄[38;2;82;130;149m[48;2;202;217;207m▄[38;2;229;236;227m[48;2;250;248;236m▄[38;2;230;232;226m[48;2;244;242;234m▄[38;2;231;233;229m[48;2;245;243;237m▄[38;2;235;238;237m[48;2;248;245;242m▄[38;2;239;239;243m[48;2;248;244;247m▄[38;2;242;241;247m[48;2;247;245;249m▄[38;2;244;244;249m[48;2;247;247;251m▄[38;2;246;246;252m[48;2;246;247;252m▄[38;2;246;246;252m[48;2;248;248;254m▄[38;2;247;249;253m[48;2;251;253;255m▄[38;2;249;250;254m[48;2;253;254;255m▄[38;2;250;251;254m[48;2;253;255;255m▄[38;2;252;253;255m[48;2;253;254;255m▄[38;2;254;255;255m[48;2;254;255;255m▄[38;2;255;255;255m[48;2;255;255;255m▄[38;2;255;255;255m[48;2;255;255;255m▄[38;2;255;255;255m[48;2;255;255;255m▄[38;2;255;255;255m[48;2;255;255;255m▄[38;2;255;255;255m[48;2;246;248;249m▄[38;2;205;219;230m[48;2;124;167;200m▄[38;2;96;151;193m[48;2;96;153;194m▄[38;2;92;152;197m[48;2;101;157;196m▄[38;2;96;154;197m[48;2;107;159;200m▄[38;2;109;163;200m[48;2;111;162;199m▄[38;2;118;167;196m[48;2;112;162;193m▄[38;2;121;165;194m[48;2;112;160;188m▄[38;2;132;177;209m[48;2;122;171;203m▄[0m
[38;2;157;187;144m[48;2;155;183;142m▄[38;2;181;210;174m[48;2;181;211;174m▄[38;2;178;204;175m[48;2;180;205;179m▄[38;2;185;210;186m[48;2;187;210;189m▄[38;2;191;214;195m[48;2;192;215;196m▄[38;2;196;217;204m[48;2;196;218;204m▄[38;2;200;220;208m[48;2;199;220;208m▄[38;2;205;221;211m[48;2;202;222;212m▄[38;2;204;222;213m[48;2;204;225;216m▄[38;2;206;227;223m[48;2;206;227;222m▄[38;2;209;229;227m[48;2;209;232;225m▄[38;2;226;247;247m[48;2;218;240;237m▄[38;2;134;139;143m[48;2;182;194;197m▄[38;2;56;64;62m[48;2;88;100;102m▄[38;2;110;127;128m[48;2;105;123;123m▄[38;2;77;82;91m[48;2;103;119;120m▄[38;2;53;59;61m[48;2;93;106;110m▄[38;2;98;115;117m[48;2;93;106;109m▄[38;2;100;119;119m[48;2;102;119;121m▄[38;2;100;119;120m[48;2;92;108;109m▄[38;2;105;109;104m[48;2;147;133;108m▄[38;2;154;131;100m[48;2;183;154;117m▄[38;2;173;156;122m[48;2;174;146;106m▄[38;2;213;232;231m[48;2;200;209;200m▄[38;2;219;239;238m[48;2;223;245;247m▄[38;2;214;234;233m[48;2;216;236;237m▄[38;2;214;234;233m[48;2;215;235;234m▄[38;2;214;234;233m[48;2;215;235;234m▄[38;2;212;232;231m[48;2;215;235;234m▄[38;2;220;236;234m[48;2;226;239;238m▄[38;2;210;219;221m[48;2;206;217;219m▄[38;2;46;96;118m[48;2;35;90;118m▄[38;2;43;99;130m[48;2;36;96;130m▄[38;2;70;124;149m[48;2;159;187;193m▄[38;2;208;223;219m[48;2;241;242;234m▄[38;2;237;239;233m[48;2;232;233;229m▄[38;2;237;237;235m[48;2;235;236;234m▄[38;2;240;239;245m[48;2;238;238;240m▄[38;2;241;238;246m[48;2;241;238;245m▄[38;2;242;243;248m[48;2;242;241;247m▄[38;2;241;242;248m[48;2;243;244;249m▄[38;2;241;239;246m[48;2;243;244;249m▄[38;2;244;245;249m[48;2;244;245;250m▄[38;2;247;247;253m[48;2;245;246;252m▄[38;2;246;246;254m[48;2;245;246;253m▄[38;2;242;243;251m[48;2;244;245;252m▄[38;2;242;244;252m[48;2;247;249;253m▄[38;2;242;244;252m[48;2;250;251;254m▄[38;2;236;240;246m[48;2;251;252;255m▄[38;2;215;224;228m[48;2;250;251;254m▄[38;2;204;219;224m[48;2;251;254;255m▄[38;2;214;225;230m[48;2;255;255;255m▄[38;2;224;230;234m[48;2;255;255;255m▄[38;2;231;234;237m[48;2;172;195;215m▄[38;2;246;250;253m[48;2;123;164;195m▄[38;2;253;252;255m[48;2;163;193;213m▄[38;2;246;247;250m[48;2;146;179;204m▄[38;2;182;199;215m[48;2;108;156;190m▄[38;2;109;154;181m[48;2;118;166;195m▄[38;2;132;179;208m[48;2;135;180;212m▄[0m
[38;2;155;183;144m[48;2;155;183;142m▄[38;2;180;208;173m[48;2;180;209;173m▄[38;2;177;201;173m[48;2;175;202;171m▄[38;2;183;206;182m[48;2;182;207;180m▄[38;2;189;212;191m[48;2;188;210;193m▄[38;2;195;217;203m[48;2;194;215;203m▄[38;2;190;207;197m[48;2;196;216;204m▄[38;2;198;210;201m[48;2;198;216;204m▄[38;2;215;227;221m[48;2;199;219;210m▄[38;2;212;224;219m[48;2;203;224;219m▄[38;2;214;227;225m[48;2;202;223;222m▄[38;2;184;193;195m[48;2;208;228;229m▄[38;2;140;144;144m[48;2;137;148;138m▄[38;2;144;149;138m[48;2;128;131;80m▄[38;2;144;148;149m[48;2;87;96;97m▄[38;2;182;186;138m[48;2;144;145;71m▄[38;2;112;120;109m[48;2;121;131;100m▄[38;2;91;104;113m[48;2;96;115;121m▄[38;2;99;113;121m[48;2;100;117;118m▄[38;2;92;105;112m[48;2;102;119;121m▄[38;2;86;99;105m[48;2;89;98;98m▄[38;2;106;122;124m[48;2;149;136;109m▄[38;2;209;231;237m[48;2;201;212;204m▄[38;2;219;238;244m[48;2;218;241;243m▄[38;2;215;233;235m[48;2;212;232;232m▄[38;2;214;232;234m[48;2;211;231;231m▄[38;2;213;232;233m[48;2;210;230;230m▄[38;2;212;232;233m[48;2;211;232;231m▄[38;2;214;234;235m[48;2;209;230;228m▄[38;2;193;212;213m[48;2;209;228;227m▄[38;2;184;198;200m[48;2;203;215;217m▄[38;2;60;111;130m[48;2;54;104;123m▄[38;2;57;107;132m[48;2;53;106;133m▄[38;2;172;194;196m[48;2;64;116;143m▄[38;2;197;215;214m[48;2;150;179;184m▄[38;2;165;183;186m[48;2;234;239;233m▄[38;2;218;226;225m[48;2;241;243;243m▄[38;2;212;218;215m[48;2;238;236;241m▄[38;2;195;205;204m[48;2;237;236;240m▄[38;2;167;177;169m[48;2;233;234;233m▄[38;2;222;228;222m[48;2;231;233;231m▄[38;2;228;231;228m[48;2;243;242;247m▄[38;2;220;225;223m[48;2;243;245;250m▄[38;2;221;229;231m[48;2;241;243;248m▄[38;2;233;237;242m[48;2;240;242;247m▄[38;2;244;245;250m[48;2;244;244;249m▄[38;2;250;251;254m[48;2;248;248;255m▄[38;2;252;253;255m[48;2;246;247;253m▄[38;2;253;254;255m[48;2;241;245;250m▄[38;2;252;253;255m[48;2;239;244;248m▄[38;2;243;243;247m[48;2;216;223;223m▄[38;2;212;215;217m[48;2;169;183;184m▄[38;2;190;201;207m[48;2;191;211;222m▄[38;2;172;187;197m[48;2;194;211;223m▄[38;2;170;189;203m[48;2;177;197;209m▄[38;2;169;187;202m[48;2;156;176;193m▄[38;2;165;187;203m[48;2;204;219;229m▄[38;2;213;226;238m[48;2;255;255;255m▄[38;2;242;243;253m[48;2;186;198;210m▄[38;2;165;190;215m[48;2;126;168;197m▄[0m
[38;2;146;178;144m[48;2;155;181;146m▄[38;2;170;203;168m[48;2;179;208;172m▄[38;2;169;198;170m[48;2;175;201;176m▄[38;2;178;203;185m[48;2;183;207;186m▄[38;2;185;207;195m[48;2;187;210;193m▄[38;2;191;215;202m[48;2;192;215;202m▄[38;2;182;204;192m[48;2;192;214;202m▄[38;2;206;212;210m[48;2;199;208;203m▄[38;2;229;231;234m[48;2;241;242;246m▄[38;2;207;209;210m[48;2;251;252;255m▄[38;2;242;245;249m[48;2;246;249;254m▄[38;2;248;249;255m[48;2;246;247;252m▄[38;2;254;255;255m[48;2;255;255;255m▄[38;2;255;255;255m[48;2;244;245;248m▄[38;2;255;255;255m[48;2;241;241;242m▄[38;2;240;239;242m[48;2;223;223;232m▄[38;2;127;133;141m[48;2;207;208;210m▄[38;2;92;104;114m[48;2;133;136;142m▄[38;2;82;94;103m[48;2;79;89;98m▄[38;2;95;110;119m[48;2;90;105;113m▄[38;2;97;112;120m[48;2;98;114;123m▄[38;2;81;98;108m[48;2;76;95;104m▄[38;2;164;187;192m[48;2;163;185;191m▄[38;2;220;240;247m[48;2;224;244;248m▄[38;2;211;230;239m[48;2;217;233;238m▄[38;2;208;227;237m[48;2;215;231;238m▄[38;2;205;225;236m[48;2;212;231;237m▄[38;2;205;225;234m[48;2;210;229;236m▄[38;2;202;222;232m[48;2;207;227;234m▄[38;2;205;222;233m[48;2;215;230;237m▄[38;2;211;221;225m[48;2;211;222;224m▄[38;2;80;126;144m[48;2;67;116;133m▄[38;2;77;125;153m[48;2;71;120;143m▄[38;2;80;125;154m[48;2;154;180;187m▄[38;2;157;183;191m[48;2;209;224;222m▄[38;2;187;205;212m[48;2;165;186;197m▄[38;2;151;173;190m[48;2;115;139;158m▄[38;2;192;208;215m[48;2;175;194;200m▄[38;2;186;206;208m[48;2;200;217;221m▄[38;2;136;161;151m[48;2;130;154;151m▄[38;2;215;223;218m[48;2;174;186;173m▄[38;2;250;250;255m[48;2;223;227;225m▄[38;2;247;247;254m[48;2;240;241;246m▄[38;2;245;246;252m[48;2;247;248;254m▄[38;2;245;246;251m[48;2;251;251;255m▄[38;2;245;246;251m[48;2;249;250;254m▄[38;2;246;247;252m[48;2;250;251;254m▄[38;2;247;248;253m[48;2;250;252;254m▄[38;2;250;252;254m[48;2;250;252;255m▄[38;2;250;251;254m[48;2;246;247;253m▄[38;2;252;253;255m[48;2;232;235;240m▄[38;2;251;252;255m[48;2;236;239;245m▄[38;2;250;250;255m[48;2;248;250;255m▄[38;2;251;252;255m[48;2;246;249;254m▄[38;2;249;249;255m[48;2;244;248;255m▄[38;2;255;255;255m[48;2;233;237;248m▄[38;2;197;197;209m[48;2;142;165;185m▄[38;2;72;83;103m[48;2;121;155;177m▄[38;2;59;69;89m[48;2;153;174;191m▄[38;2;57;65;85m[48;2;120;133;154m▄[0m
[38;2;123;163;127m[48;2;138;172;138m▄[38;2;145;184;152m[48;2;161;196;163m▄[38;2;147;181;157m[48;2;160;192;165m▄[38;2;156;188;166m[48;2;168;197;174m▄[38;2;167;196;179m[48;2;178;202;187m▄[38;2;174;202;187m[48;2;186;211;198m▄[38;2;169;189;180m[48;2;176;195;185m▄[38;2;216;224;222m[48;2;209;216;211m▄[38;2;211;212;213m[48;2;222;225;224m▄[38;2;231;231;236m[48;2;207;206;208m▄[38;2;249;250;255m[48;2;239;241;245m▄[38;2;251;251;255m[48;2;251;252;254m▄[38;2;228;227;233m[48;2;226;226;230m▄[38;2;214;216;220m[48;2;223;225;228m▄[38;2;245;248;250m[48;2;241;243;244m▄[38;2;249;251;255m[48;2;241;241;243m▄[38;2;255;255;255m[48;2;205;205;209m▄[38;2;240;241;243m[48;2;133;142;149m▄[38;2;123;129;140m[48;2;97;111;121m▄[38;2;67;82;95m[48;2;86;101;113m▄[38;2;86;105;116m[48;2;93;108;120m▄[38;2;78;96;108m[48;2;82;98;110m▄[38;2;154;182;189m[48;2;168;192;199m▄[38;2;209;234;240m[48;2;213;235;244m▄[38;2;201;223;231m[48;2;207;226;235m▄[38;2;198;219;228m[48;2;203;223;233m▄[38;2;194;218;227m[48;2;202;222;234m▄[38;2;192;218;227m[48;2;200;222;232m▄[38;2;190;215;227m[48;2;197;217;229m▄[38;2;191;212;225m[48;2;199;217;229m▄[38;2;211;221;224m[48;2;211;221;225m▄[38;2;100;141;153m[48;2;88;131;148m▄[38;2;95;140;162m[48;2;83;128;155m▄[38;2;98;140;165m[48;2;82;129;159m▄[38;2;148;174;185m[48;2;132;164;180m▄[38;2;181;202;209m[48;2;190;208;213m▄[38;2;217;227;230m[48;2;199;214;219m▄[38;2;202;215;219m[48;2;207;220;222m▄[38;2;154;175;170m[48;2;133;158;159m▄[38;2;145;164;158m[48;2;149;168;167m▄[38;2;216;228;235m[48;2;249;250;254m▄[38;2;246;248;253m[48;2;242;242;248m▄[38;2;246;246;254m[48;2;245;246;251m▄[38;2;248;249;255m[48;2;246;248;252m▄[38;2;250;250;255m[48;2;248;249;254m▄[38;2;250;250;255m[48;2;251;251;255m▄[38;2;251;250;255m[48;2;251;251;255m▄[38;2;251;250;255m[48;2;251;252;254m▄[38;2;248;248;254m[48;2;252;253;255m▄[38;2;248;249;253m[48;2;252;253;255m▄[38;2;248;249;254m[48;2;250;251;255m▄[38;2;247;247;255m[48;2;248;249;254m▄[38;2;247;247;255m[48;2;247;247;255m▄[38;2;248;248;255m[48;2;247;247;255m▄[38;2;248;247;254m[48;2;248;248;255m▄[38;2;245;246;254m[48;2;251;252;255m▄[38;2;255;252;255m[48;2;235;230;240m▄[38;2;144;159;179m[48;2;73;74;94m▄[38;2;53;76;99m[48;2;51;58;76m▄[38;2;55;64;85m[48;2;63;74;93m▄[0m
[38;2;108;150;114m[48;2;116;159;123m▄[38;2;126;168;139m[48;2;134;178;145m▄[38;2;128;167;148m[48;2;137;174;151m▄[38;2;139;175;158m[48;2;148;181;164m▄[38;2;150;183;166m[48;2;157;188;172m▄[38;2;156;187;173m[48;2;166;197;181m▄[38;2;179;197;192m[48;2;165;190;180m▄[38;2;242;246;250m[48;2;207;216;215m▄[38;2;245;247;253m[48;2;235;236;240m▄[38;2;246;247;252m[48;2;241;242;247m▄[38;2;245;246;254m[48;2;245;245;252m▄[38;2;244;247;255m[48;2;249;250;255m▄[38;2;238;242;249m[48;2;219;220;225m▄[38;2;230;233;238m[48;2;218;221;225m▄[38;2;235;237;243m[48;2;245;248;251m▄[38;2;218;223;229m[48;2;252;255;255m▄[38;2;219;225;230m[48;2;250;255;255m▄[38;2;211;215;221m[48;2;255;255;255m▄[38;2;102;112;127m[48;2;159;162;174m▄[38;2;76;93;109m[48;2;68;85;97m▄[38;2;79;96;112m[48;2;80;97;109m▄[38;2;74;91;107m[48;2;77;95;108m▄[38;2;91;114;125m[48;2;128;153;162m▄[38;2;181;215;222m[48;2;202;229;236m▄[38;2;178;210;218m[48;2;191;216;224m▄[38;2;173;205;215m[48;2;186;214;220m▄[38;2;168;201;212m[48;2;182;212;218m▄[38;2;165;198;209m[48;2;179;211;219m▄[38;2;159;193;204m[48;2;174;207;218m▄[38;2;157;189;200m[48;2;173;203;214m▄[38;2;205;217;219m[48;2;209;220;223m▄[38;2;124;155;159m[48;2;115;150;157m▄[38;2;127;159;167m[48;2;115;152;167m▄[38;2;130;162;174m[48;2;117;152;172m▄[38;2;125;158;175m[48;2;124;153;170m▄[38;2;116;144;164m[48;2;129;160;177m▄[38;2;76;92;112m[48;2;169;192;210m▄[38;2;76;84;100m[48;2;187;203;210m▄[38;2;57;59;77m[48;2;161;172;161m▄[38;2;42;52;74m[48;2;124;141;143m▄[38;2;96;140;180m[48;2;136;174;206m▄[38;2;216;231;247m[48;2;246;249;255m▄[38;2;247;249;255m[48;2;247;247;255m▄[38;2;243;247;255m[48;2;247;247;255m▄[38;2;243;247;255m[48;2;247;248;255m▄[38;2;243;248;255m[48;2;247;249;254m▄[38;2;244;247;255m[48;2;246;250;255m▄[38;2;243;247;254m[48;2;246;249;255m▄[38;2;245;247;254m[48;2;248;248;255m▄[38;2;245;247;255m[48;2;249;249;255m▄[38;2;244;246;255m[48;2;248;248;254m▄[38;2;244;246;255m[48;2;246;247;255m▄[38;2;244;246;255m[48;2;245;247;255m▄[38;2;246;248;255m[48;2;245;246;255m▄[38;2;234;237;250m[48;2;247;247;255m▄[38;2;196;208;227m[48;2;250;249;255m▄[38;2;151;178;202m[48;2;253;249;255m▄[38;2;125;161;191m[48;2;189;205;226m▄[38;2;114;156;192m[48;2;95;144;185m▄[38;2;125;174;216m[48;2;86;129;169m▄[0m
[38;2;146;168;157m[48;2;110;148;120m▄[38;2;158;180;169m[48;2;126;164;140m▄[38;2;158;178;170m[48;2;129;164;147m▄[38;2;168;186;181m[48;2;137;171;155m▄[38;2;181;196;194m[48;2;147;176;161m▄[38;2;192;206;203m[48;2;152;177;165m▄[38;2;194;209;205m[48;2;177;193;190m▄[38;2;196;211;208m[48;2;209;219;219m▄[38;2;202;217;217m[48;2;205;214;218m▄[38;2;207;219;221m[48;2;208;217;220m▄[38;2;211;221;223m[48;2;219;226;232m▄[38;2;221;230;235m[48;2;233;237;248m▄[38;2;229;238;242m[48;2;243;246;255m▄[38;2;231;241;245m[48;2;247;250;255m▄[38;2;223;232;237m[48;2;216;218;226m▄[38;2;217;226;231m[48;2;143;150;158m▄[38;2;219;229;234m[48;2;148;158;164m▄[38;2;220;230;234m[48;2;147;157;164m▄[38;2;224;233;238m[48;2;143;153;162m▄[38;2;218;228;233m[48;2;94;106;118m▄[38;2;211;221;227m[48;2;72;87;101m▄[38;2;210;221;226m[48;2;69;82;97m▄[38;2;208;218;221m[48;2;84;100;112m▄[38;2;217;229;231m[48;2;166;198;206m▄[38;2;224;236;238m[48;2;173;205;213m▄[38;2;219;232;233m[48;2;163;194;204m▄[38;2;217;230;232m[48;2;155;184;195m▄[38;2;218;230;232m[48;2;149;181;193m▄[38;2;218;229;232m[48;2;145;181;192m▄[38;2;223;232;235m[48;2;146;179;189m▄[38;2;223;228;228m[48;2;205;216;217m▄[38;2;137;156;150m[48;2;143;170;169m▄[38;2;139;160;153m[48;2;147;174;177m▄[38;2;223;224;145m[48;2;140;169;185m▄[38;2;201;196;140m[48;2;154;182;203m▄[38;2;206;198;127m[48;2;115;132;160m▄[38;2;200;192;126m[48;2;49;54;76m▄[38;2;200;194;131m[48;2;52;59;85m▄[38;2;191;186;148m[48;2;55;61;88m▄[38;2;170;178;188m[48;2;52;54;72m▄[38;2;206;212;176m[48;2;107;132;162m▄[38;2;220;227;206m[48;2;205;224;244m▄[38;2;231;232;195m[48;2;246;249;255m▄[38;2;244;242;177m[48;2;239;242;255m▄[38;2;227;228;202m[48;2;241;244;255m▄[38;2;231;232;191m[48;2;240;245;255m▄[38;2;228;234;223m[48;2;241;244;255m▄[38;2;234;237;200m[48;2;240;244;255m▄[38;2;233;234;211m[48;2;241;246;255m▄[38;2;230;236;231m[48;2;242;246;255m▄[38;2;235;237;205m[48;2;239;245;255m▄[38;2;232;238;223m[48;2;237;240;255m▄[38;2;219;231;237m[48;2;221;226;241m▄[38;2;209;225;230m[48;2;183;200;222m▄[38;2;209;224;229m[48;2;136;167;195m▄[38;2;210;225;229m[48;2;110;148;183m▄[38;2;211;224;228m[48;2;111;149;182m▄[38;2;212;225;229m[48;2;117;156;184m▄[38;2;212;225;228m[48;2;123;160;187m▄[38;2;224;236;239m[48;2;132;170;202m▄[0m
[38;2;108;140;114m[48;2;91;129;110m▄[38;2;127;159;139m[48;2;108;146;128m▄[38;2;138;166;151m[48;2;112;145;133m▄[38;2;154;178;166m[48;2;135;163;155m▄[38;2;163;185;177m[48;2;154;177;173m▄[38;2;170;193;188m[48;2;165;188;186m▄[38;2;181;202;201m[48;2;177;198;197m▄[38;2;190;210;209m[48;2;187;208;208m▄[38;2;197;217;217m[48;2;196;217;218m▄[38;2;201;222;223m[48;2;204;223;227m▄[38;2;206;225;230m[48;2;209;226;233m▄[38;2;215;232;239m[48;2;210;227;235m▄[38;2;201;216;221m[48;2;214;233;242m▄[38;2;178;192;198m[48;2;221;241;252m▄[38;2;203;224;234m[48;2;221;240;250m▄[38;2;231;249;255m[48;2;224;241;251m▄[38;2;232;248;255m[48;2;224;241;250m▄[38;2;233;250;255m[48;2;225;242;251m▄[38;2;238;254;255m[48;2;227;245;253m▄[38;2;154;161;168m[48;2;236;254;255m▄[38;2;179;196;198m[48;2;235;252;255m▄[38;2;238;255;255m[48;2;232;249;255m▄[38;2;227;244;246m[48;2;232;249;254m▄[38;2;226;244;244m[48;2;228;245;245m▄[38;2;226;244;244m[48;2;224;242;242m▄[38;2;226;243;244m[48;2;223;241;242m▄[38;2;225;242;243m[48;2;224;242;243m▄[38;2;224;242;242m[48;2;227;242;244m▄[38;2;221;239;240m[48;2;227;239;242m▄[38;2;222;237;246m[48;2;235;243;246m▄[38;2;234;235;205m[48;2;206;214;217m▄[38;2;147;150;41m[48;2;83;108;64m▄[38;2;162;159;51m[48;2;133;138;49m▄[38;2;179;165;45m[48;2;133;133;44m▄[38;2;237;216;52m[48;2;221;198;41m▄[38;2;156;150;92m[48;2;174;162;61m▄[38;2;140;144;90m[48;2;163;158;86m▄[38;2;208;198;92m[48;2;192;191;106m▄[38;2;183;185;145m[48;2;232;221;98m▄[38;2;182;180;135m[48;2;196;200;167m▄[38;2;174;184;172m[48;2;210;210;130m▄[38;2;184;196;180m[48;2;208;207;118m▄[38;2;187;198;188m[48;2;180;186;154m▄[38;2;208;214;186m[48;2;191;197;144m▄[38;2;228;224;123m[48;2;198;200;150m▄[38;2;211;214;159m[48;2;220;218;136m▄[38;2;222;236;227m[48;2;218;223;185m▄[38;2;227;245;255m[48;2;216;231;230m▄[38;2;229;247;253m[48;2;219;233;227m▄[38;2;226;241;245m[48;2;220;224;182m▄[38;2;226;241;241m[48;2;224;231;200m▄[38;2;226;245;248m[48;2;225;242;241m▄[38;2;226;245;245m[48;2;225;244;244m▄[38;2;226;244;244m[48;2;225;243;242m▄[38;2;225;243;243m[48;2;224;241;239m▄[38;2;223;241;242m[48;2;221;238;237m▄[38;2;223;240;241m[48;2;220;237;237m▄[38;2;221;237;237m[48;2;220;237;236m▄[38;2;219;236;236m[48;2;220;237;236m▄[38;2;234;251;252m[48;2;238;255;254m▄[0m
[38;2;123;155;121m[48;2;114;146;114m▄[38;2;148;182;153m[48;2;142;174;148m▄[38;2;154;181;164m[48;2;153;179;164m▄[38;2;165;189;177m[48;2;162;185;174m▄[38;2;172;196;184m[48;2;169;192;183m▄[38;2;180;203;194m[48;2;178;201;194m▄[38;2;186;206;204m[48;2;185;206;204m▄[38;2;191;211;211m[48;2;192;212;211m▄[38;2;198;218;217m[48;2;198;218;217m▄[38;2;204;224;223m[48;2;201;221;221m▄[38;2;209;229;228m[48;2;205;226;226m▄[38;2;214;234;235m[48;2;216;236;239m▄[38;2;211;226;230m[48;2;200;209;211m▄[38;2;155;123;95m[48;2;125;95;74m▄[38;2;161;113;74m[48;2;108;95;82m▄[38;2;99;81;64m[48;2;128;140;140m▄[38;2;74;80;85m[48;2;190;205;209m▄[38;2;78;81;86m[48;2;184;196;201m▄[38;2;76;79;84m[48;2;137;143;148m▄[38;2;82;85;90m[48;2;61;62;67m▄[38;2;34;37;40m[48;2;83;94;95m▄[38;2;76;85;88m[48;2;212;233;234m▄[38;2;172;190;190m[48;2;232;251;255m▄[38;2;229;249;254m[48;2;223;241;245m▄[38;2;223;238;246m[48;2;224;241;245m▄[38;2;222;238;243m[48;2;224;240;245m▄[38;2;218;237;238m[48;2;223;239;242m▄[38;2;216;235;234m[48;2;219;238;237m▄[38;2;215;235;233m[48;2;216;235;234m▄[38;2;216;230;242m[48;2;216;231;244m▄[38;2;234;235;204m[48;2;237;238;204m▄[38;2;219;205;33m[48;2;229;212;24m▄[38;2;224;204;41m[48;2;214;200;42m▄[38;2;247;224;46m[48;2;243;225;50m▄[38;2;113;109;58m[48;2;201;183;59m▄[38;2;104;119;130m[48;2;142;152;180m▄[38;2;170;176;193m[48;2;104;120;156m▄[38;2;122;139;199m[48;2;126;131;104m▄[38;2;155;164;136m[48;2;173;188;169m▄[38;2;196;205;176m[48;2;180;187;164m▄[38;2;181;185;148m[48;2;217;207;99m▄[38;2;158;166;155m[48;2;232;219;89m▄[38;2;169;177;155m[48;2;213;211;124m▄[38;2;207;210;151m[48;2;229;231;161m▄[38;2;180;200;221m[48;2;206;214;177m▄[38;2;158;184;214m[48;2;180;196;180m▄[38;2;181;205;226m[48;2;201;224;244m▄[38;2;197;214;236m[48;2;210;228;240m▄[38;2;171;190;225m[48;2;204;222;237m▄[38;2;205;226;240m[48;2;225;243;251m▄[38;2;222;240;248m[48;2;225;243;253m▄[38;2;219;238;245m[48;2;225;242;248m▄[38;2;221;238;245m[48;2;224;241;245m▄[38;2;222;238;244m[48;2;224;241;243m▄[38;2;219;238;238m[48;2;222;240;240m▄[38;2;217;237;236m[48;2;220;239;238m▄[38;2;214;235;235m[48;2;219;238;237m▄[38;2;211;231;232m[48;2;215;235;235m▄[38;2;210;230;231m[48;2;214;233;232m▄[38;2;224;246;245m[48;2;228;249;248m▄[0m
[38;2;136;166;136m[48;2;133;163;131m▄[38;2;162;190;163m[48;2;155;187;159m▄[38;2;162;187;165m[48;2;158;183;163m▄[38;2;171;195;179m[48;2;168;192;178m▄[38;2;177;201;188m[48;2;174;199;185m▄[38;2;185;207;197m[48;2;181;203;192m▄[38;2;191;212;204m[48;2;186;207;202m▄[38;2;196;216;213m[48;2;193;213;212m▄[38;2;203;223;222m[48;2;201;221;220m▄[38;2;208;227;226m[48;2;207;226;225m▄[38;2;212;230;231m[48;2;209;229;229m▄[38;2;214;232;233m[48;2;214;234;236m▄[38;2;222;242;247m[48;2;214;231;235m▄[38;2;167;152;138m[48;2;147;122;98m▄[38;2;114;79;52m[48;2;145;106;69m▄[38;2;75;78;82m[48;2;118;94;75m▄[38;2;85;90;95m[48;2;80;85;88m▄[38;2;85;88;93m[48;2;86;89;93m▄[38;2;81;83;88m[48;2;84;87;92m▄[38;2;79;88;98m[48;2;80;83;93m▄[38;2;95;106;82m[48;2;97;106;83m▄[38;2;138;138;53m[48;2;144;139;75m▄[38;2;101;108;63m[48;2;151;157;106m▄[38;2;194;212;196m[48;2;227;246;238m▄[38;2;220;239;243m[48;2;224;239;248m▄[38;2;208;224;225m[48;2;220;238;239m▄[38;2;213;231;232m[48;2;214;231;231m▄[38;2;218;235;237m[48;2;215;234;234m▄[38;2;218;235;234m[48;2;217;235;235m▄[38;2;220;235;246m[48;2;219;234;245m▄[38;2;237;237;206m[48;2;234;235;202m▄[38;2;222;207;30m[48;2;214;198;24m▄[38;2;241;224;46m[48;2;220;198;39m▄[38;2;255;234;50m[48;2;241;218;46m▄[38;2;126;122;59m[48;2;129;121;50m▄[38;2;54;69;76m[48;2;91;92;55m▄[38;2;91;111;145m[48;2;122;141;173m▄[38;2;146;160;186m[48;2;169;173;177m▄[38;2;124;139;173m[48;2;163;160;115m▄[38;2;163;188;209m[48;2;204;207;135m▄[38;2;200;201;144m[48;2;187;185;140m▄[38;2;172;173;134m[48;2;149;164;185m▄[38;2;152;174;207m[48;2;164;187;232m▄[38;2;199;200;148m[48;2;197;213;239m▄[38;2;223;230;191m[48;2;195;210;221m▄[38;2;182;201;230m[48;2;183;202;230m▄[38;2;170;194;217m[48;2;194;213;239m▄[38;2;208;230;237m[48;2;211;228;244m▄[38;2;203;220;239m[48;2;197;214;241m▄[38;2;191;210;230m[48;2;198;216;237m▄[38;2;224;243;246m[48;2;224;243;248m▄[38;2;221;240;246m[48;2;220;239;245m▄[38;2;219;238;243m[48;2;219;238;243m▄[38;2;216;237;236m[48;2;218;238;240m▄[38;2;217;237;236m[48;2;217;238;237m▄[38;2;217;237;236m[48;2;217;237;236m▄[38;2;216;236;236m[48;2;216;236;236m▄[38;2;214;235;234m[48;2;212;232;233m▄[38;2;214;234;233m[48;2;211;232;233m▄[38;2;234;253;253m[48;2;229;250;249m▄[0m
[38;2;148;176;146m[48;2;142;168;138m▄[38;2;171;200;172m[48;2;166;194;165m▄[38;2;171;195;174m[48;2;166;191;170m▄[38;2;177;199;184m[48;2;172;197;180m▄[38;2;180;202;189m[48;2;176;200;188m▄[38;2;186;207;198m[48;2;184;205;196m▄[38;2;195;216;207m[48;2;192;213;204m▄[38;2;201;222;217m[48;2;197;218;213m▄[38;2;207;224;224m[48;2;203;223;223m▄[38;2;212;229;230m[48;2;210;229;228m▄[38;2;215;233;233m[48;2;214;232;232m▄[38;2;218;235;235m[48;2;217;234;234m▄[38;2;218;236;238m[48;2;220;241;242m▄[38;2;232;250;255m[48;2;214;223;225m▄[38;2;182;194;203m[48;2;126;109;98m▄[38;2;108;115;121m[48;2;71;74;76m▄[38;2;83;90;97m[48;2;82;87;92m▄[38;2;73;84;91m[48;2;70;76;79m▄[38;2;170;172;179m[48;2;128;134;140m▄[38;2;127;26;29m[48;2;117;93;99m▄[38;2;103;12;12m[48;2;94;90;86m▄[38;2;199;191;188m[48;2;134;142;129m▄[38;2;238;241;246m[48;2;152;156;153m▄[38;2;215;218;224m[48;2;124;125;128m▄[38;2;205;216;222m[48;2;170;183;183m▄[38;2;213;231;238m[48;2;216;234;235m▄[38;2;213;230;238m[48;2;214;231;234m▄[38;2;214;231;239m[48;2;214;229;233m▄[38;2;213;231;239m[48;2;214;231;233m▄[38;2;215;230;247m[48;2;217;234;245m▄[38;2;235;237;205m[48;2;239;243;207m▄[38;2;197;177;16m[48;2;205;184;27m▄[38;2;168;140;25m[48;2;133;97;17m▄[38;2;136;117;33m[48;2;158;135;32m▄[38;2;141;124;34m[48;2;166;147;41m▄[38;2;152;144;61m[48;2;29;51;106m▄[38;2;99;103;95m[48;2;53;80;144m▄[38;2;97;115;148m[48;2;129;150;188m▄[38;2;155;167;169m[48;2;108;127;171m▄[38;2;179;179;145m[48;2;126;149;177m▄[38;2;221;215;135m[48;2;197;211;210m▄[38;2;192;196;165m[48;2;161;175;186m▄[38;2;206;201;115m[48;2;159;170;161m▄[38;2;191;195;160m[48;2;155;174;197m▄[38;2;192;205;206m[48;2;195;216;235m▄[38;2;195;213;235m[48;2;193;210;229m▄[38;2;174;192;225m[48;2;167;189;221m▄[38;2;192;213;234m[48;2;200;223;235m▄[38;2;226;245;251m[48;2;221;238;245m▄[38;2;224;243;248m[48;2;210;228;238m▄[38;2;222;241;246m[48;2;221;240;246m▄[38;2;222;241;247m[48;2;221;240;245m▄[38;2;221;240;246m[48;2;220;239;244m▄[38;2;219;238;243m[48;2;218;237;242m▄[38;2;217;236;240m[48;2;218;237;241m▄[38;2;215;235;236m[48;2;218;237;239m▄[38;2;214;235;236m[48;2;215;235;235m▄[38;2;214;233;239m[48;2;214;234;235m▄[38;2;215;233;241m[48;2;216;234;237m▄[38;2;231;249;255m[48;2;234;252;255m▄[0m
[38;2;148;176;142m[48;2;151;180;148m▄[38;2;171;200;167m[48;2;175;204;174m▄[38;2;171;195;174m[48;2;173;197;175m▄[38;2;178;200;186m[48;2;180;203;188m▄[38;2;183;206;193m[48;2;184;206;194m▄[38;2;191;211;201m[48;2;190;211;201m▄[38;2;199;215;212m[48;2;196;217;210m▄[38;2;203;220;220m[48;2;202;222;217m▄[38;2;208;226;226m[48;2;207;225;225m▄[38;2;212;230;230m[48;2;212;228;230m▄[38;2;216;234;233m[48;2;215;233;233m▄[38;2;218;236;236m[48;2;217;235;235m▄[38;2;219;237;239m[48;2;218;236;238m▄[38;2;226;244;249m[48;2;218;235;243m▄[38;2;187;201;209m[48;2;233;252;255m▄[38;2;163;171;181m[48;2;246;255;255m▄[38;2;99;102;113m[48;2;118;121;132m▄[38;2;69;76;88m[48;2;57;71;82m▄[38;2;99;106;113m[48;2;145;137;141m▄[38;2;192;160;150m[48;2;141;27;10m▄[38;2;219;226;228m[48;2;150;94;86m▄[38;2;225;246;255m[48;2;211;223;227m▄[38;2;222;239;248m[48;2;212;229;236m▄[38;2;219;236;244m[48;2;217;236;243m▄[38;2;219;235;244m[48;2;218;237;245m▄[38;2;218;235;243m[48;2;215;233;242m▄[38;2;216;233;239m[48;2;216;233;241m▄[38;2;218;233;240m[48;2;216;234;241m▄[38;2;217;233;240m[48;2;215;232;240m▄[38;2;222;234;246m[48;2;217;230;246m▄[38;2;223;228;211m[48;2;227;230;210m▄[38;2;144;159;83m[48;2;179;182;59m▄[38;2;159;166;97m[48;2;217;205;50m▄[38;2;148;125;35m[48;2;243;225;45m▄[38;2;214;191;35m[48;2;249;231;57m▄[38;2;246;228;55m[48;2;255;239;50m▄[38;2;221;201;61m[48;2;188;163;47m▄[38;2;136;134;84m[48;2;30;55;119m▄[38;2;146;154;155m[48;2;103;130;177m▄[38;2;167;177;189m[48;2;176;180;174m▄[38;2;198;201;161m[48;2;161;169;153m▄[38;2;226;235;209m[48;2;160;184;209m▄[38;2;197;216;246m[48;2;181;189;155m▄[38;2;191;198;171m[48;2;152;167;189m▄[38;2;231;225;117m[48;2;165;185;206m▄[38;2;223;226;181m[48;2;195;214;235m▄[38;2;183;203;228m[48;2;164;185;216m▄[38;2;208;227;239m[48;2;187;208;230m▄[38;2;227;244;247m[48;2;226;244;251m▄[38;2;224;241;247m[48;2;223;241;248m▄[38;2;223;240;247m[48;2;222;241;247m▄[38;2;223;241;246m[48;2;221;240;246m▄[38;2;221;237;245m[48;2;219;238;244m▄[38;2;217;236;241m[48;2;216;235;240m▄[38;2;216;235;236m[48;2;214;235;233m▄[38;2;216;236;238m[48;2;214;234;232m▄[38;2;215;234;238m[48;2;211;232;233m▄[38;2;213;233;237m[48;2;212;231;236m▄[38;2;214;232;238m[48;2;210;230;234m▄[38;2;230;248;253m[48;2;226;246;250m▄[0m
[38;2;144;170;140m[48;2;146;174;140m▄[38;2;164;191;166m[48;2;168;196;164m▄[38;2;163;187;170m[48;2;167;190;171m▄[38;2;170;193;181m[48;2;175;196;184m▄[38;2;177;198;189m[48;2;181;202;191m▄[38;2;183;204;197m[48;2;188;209;199m▄[38;2;189;211;207m[48;2;198;215;211m▄[38;2;198;217;217m[48;2;203;220;220m▄[38;2;204;222;221m[48;2;207;225;225m▄[38;2;207;226;228m[48;2;214;230;232m▄[38;2;210;227;235m[48;2;217;232;236m▄[38;2;216;233;241m[48;2;218;233;240m▄[38;2;215;229;239m[48;2;231;246;254m▄[38;2;89;94;107m[48;2;173;181;191m▄[38;2;55;61;76m[48;2;66;70;83m▄[38;2;78;85;97m[48;2;59;64;76m▄[38;2;78;83;99m[48;2;72;80;92m▄[38;2;74;80;97m[48;2;77;83;96m▄[38;2;73;80;96m[48;2;82;90;104m▄[38;2;57;63;80m[48;2;112;133;145m▄[38;2;115;131;144m[48;2;177;199;209m▄[38;2;225;247;255m[48;2;227;244;253m▄[38;2;217;234;244m[48;2;222;236;246m▄[38;2;216;233;242m[48;2;220;235;243m▄[38;2;215;233;242m[48;2;219;236;242m▄[38;2;214;231;241m[48;2;219;236;244m▄[38;2;214;231;240m[48;2;217;234;242m▄[38;2;214;230;242m[48;2;217;234;243m▄[38;2;211;228;238m[48;2;217;233;241m▄[38;2;213;229;238m[48;2;222;234;248m▄[38;2;218;229;230m[48;2;228;230;205m▄[38;2;135;156;109m[48;2;143;154;81m▄[38;2;168;175;78m[48;2;160;175;117m▄[38;2;162;181;130m[48;2;181;173;57m▄[38;2;160;189;178m[48;2;183;187;109m▄[38;2;172;185;139m[48;2;179;191;143m▄[38;2;196;198;117m[48;2;190;192;118m▄[38;2;222;209;88m[48;2;250;231;79m▄[38;2;202;199;130m[48;2;229;213;89m▄[38;2;148;143;114m[48;2;178;163;68m▄[38;2;38;40;56m[48;2;162;148;61m▄[38;2;52;55;53m[48;2;147;142;83m▄[38;2;150;143;60m[48;2;216;218;141m▄[38;2;179;169;74m[48;2;255;247;101m▄[38;2;132;122;68m[48;2;220;211;118m▄[38;2;192;181;84m[48;2;238;225;94m▄[38;2;222;211;103m[48;2;222;228;194m▄[38;2;203;205;144m[48;2;222;243;255m▄[38;2;189;195;168m[48;2;230;251;255m▄[38;2;204;217;211m[48;2;230;248;254m▄[38;2;224;237;227m[48;2;223;241;251m▄[38;2;225;246;253m[48;2;223;239;246m▄[38;2;225;245;252m[48;2;221;238;245m▄[38;2;215;234;240m[48;2;218;237;243m▄[38;2;214;233;239m[48;2;217;236;241m▄[38;2;212;231;237m[48;2;217;236;242m▄[38;2;213;231;235m[48;2;216;235;240m▄[38;2;211;229;236m[48;2;214;233;237m▄[38;2;211;228;236m[48;2;214;232;238m▄[38;2;224;244;251m[48;2;233;249;255m▄[0m
[38;2;121;157;131m[48;2;136;166;140m▄[38;2;150;190;166m[48;2;155;187;164m▄[38;2;151;185;168m[48;2;157;184;169m▄[38;2;162;192;178m[48;2;167;190;177m▄[38;2;171;198;189m[48;2;172;194;185m▄[38;2;175;195;195m[48;2;171;188;185m▄[38;2;233;239;247m[48;2;189;205;205m▄[38;2;247;249;255m[48;2;188;207;206m▄[38;2;243;246;255m[48;2;192;211;210m▄[38;2;243;248;255m[48;2;194;213;217m▄[38;2;247;250;255m[48;2;198;216;225m▄[38;2;252;253;255m[48;2;208;227;235m▄[38;2;255;255;255m[48;2;174;182;193m▄[38;2;196;195;204m[48;2;76;77;91m▄[38;2;158;163;172m[48;2;92;101;111m▄[38;2;156;158;168m[48;2;139;145;153m▄[38;2;149;149;161m[48;2;119;120;132m▄[38;2;81;85;105m[48;2;68;72;91m▄[38;2;74;81;103m[48;2;77;82;100m▄[38;2;79;93;111m[48;2;64;71;87m▄[38;2;199;226;238m[48;2;150;169;181m▄[38;2;223;246;255m[48;2;222;241;253m▄[38;2;220;240;255m[48;2;210;229;242m▄[38;2;219;240;255m[48;2;209;227;240m▄[38;2;216;238;251m[48;2;209;227;240m▄[38;2;215;236;248m[48;2;208;226;238m▄[38;2;212;234;245m[48;2;208;225;237m▄[38;2;215;236;247m[48;2;208;226;238m▄[38;2;213;234;244m[48;2;206;224;237m▄[38;2;216;234;248m[48;2;208;225;239m▄[38;2;229;239;236m[48;2;217;225;216m▄[38;2;115;154;125m[48;2;125;146;100m▄[38;2;128;164;146m[48;2;134;165;151m▄[38;2;143;175;162m[48;2;149;171;145m▄[38;2;150;183;173m[48;2;158;181;155m▄[38;2;161;184;165m[48;2;168;185;151m▄[38;2;176;183;121m[48;2;184;188;127m▄[38;2;186;209;195m[48;2;190;191;128m▄[38;2;161;181;195m[48;2;204;206;153m▄[38;2;54;55;65m[48;2;101;94;75m▄[38;2;52;54;65m[48;2;46;49;62m▄[38;2;93;102;109m[48;2;59;58;53m▄[38;2;123;128;121m[48;2;93;90;62m▄[38;2;134;136;135m[48;2;103;100;73m▄[38;2;139;140;144m[48;2;101;95;80m▄[38;2;108;113;127m[48;2;76;76;73m▄[38;2;112;116;104m[48;2;135;137;78m▄[38;2;136;133;83m[48;2;255;248;97m▄[38;2;173;171;119m[48;2;147;130;63m▄[38;2;152;157;156m[48;2;93;86;56m▄[38;2;80;86;97m[48;2;106;105;87m▄[38;2;57;60;67m[48;2;103;116;129m▄[38;2;62;74;88m[48;2;168;189;198m▄[38;2;188;216;224m[48;2;216;236;245m▄[38;2;219;243;253m[48;2;208;227;234m▄[38;2;212;234;244m[48;2;206;226;233m▄[38;2;209;231;241m[48;2;205;225;233m▄[38;2;208;230;239m[48;2;204;224;233m▄[38;2;210;231;243m[48;2;205;224;233m▄[38;2;222;246;255m[48;2;218;239;247m▄[0m
