[38;2;254;254;254m[48;2;254;254;254m▄[38;2;255;255;255m[48;2;254;254;254m▄[38;2;210;210;210m[48;2;253;251;251m▄[38;2;216;213;218m[48;2;239;239;239m▄[38;2;244;240;246m[48;2;237;237;237m▄[38;2;241;237;242m[48;2;237;237;237m▄[38;2;240;236;241m[48;2;237;237;237m▄[38;2;244;240;246m[48;2;237;237;237m▄[38;2;250;243;250m[48;2;237;237;237m▄[38;2;247;240;247m[48;2;237;237;237m▄[38;2;247;241;248m[48;2;237;237;237m▄[38;2;241;237;242m[48;2;237;237;237m▄[38;2;240;237;242m[48;2;237;237;237m▄[38;2;241;237;242m[48;2;237;237;237m▄[38;2;241;237;242m[48;2;237;237;237m▄[38;2;241;237;242m[48;2;237;237;237m▄[38;2;241;237;242m[48;2;237;237;237m▄[38;2;243;239;245m[48;2;231;231;231m▄[38;2;201;195;201m[48;2;231;231;231m▄[38;2;144;179;159m[48;2;237;235;235m▄[38;2;181;233;204m[48;2;233;229;231m▄[38;2;177;226;199m[48;2;235;233;233m▄[38;2;179;228;201m[48;2;237;235;237m▄[38;2;179;227;200m[48;2;237;235;235m▄[38;2;179;228;201m[48;2;237;235;235m▄[38;2;180;229;201m[48;2;237;235;237m▄[38;2;179;227;200m[48;2;237;235;235m▄[38;2;179;227;200m[48;2;237;235;235m▄[38;2;179;227;200m[48;2;237;235;235m▄[38;2;179;228;201m[48;2;237;235;235m▄[38;2;179;229;202m[48;2;237;235;235m▄[38;2;179;230;202m[48;2;237;235;235m▄[38;2;182;234;206m[48;2;237;235;235m▄[38;2;177;231;201m[48;2;237;235;235m▄[38;2;175;229;199m[48;2;237;235;235m▄[38;2;174;228;198m[48;2;237;235;235m▄[38;2;175;228;199m[48;2;237;235;237m▄[38;2;175;228;199m[48;2;237;233;235m▄[38;2;173;225;196m[48;2;235;231;233m▄[38;2;171;223;194m[48;2;233;231;233m▄[38;2;169;221;192m[48;2;231;229;229m▄[38;2;171;223;194m[48;2;231;229;229m▄[38;2;172;224;195m[48;2;231;229;229m▄[38;2;174;226;196m[48;2;231;227;229m▄[38;2;175;227;197m[48;2;231;227;229m▄[38;2;175;227;197m[48;2;231;227;229m▄[38;2;176;227;198m[48;2;231;227;229m▄[38;2;177;227;199m[48;2;231;227;229m▄[38;2;177;227;199m[48;2;231;227;229m▄[38;2;174;223;196m[48;2;231;227;229m▄[38;2;174;222;195m[48;2;231;227;229m▄[38;2;174;222;195m[48;2;231;227;229m▄[38;2;176;225;198m[48;2;231;227;229m▄[38;2;178;227;200m[48;2;231;227;229m▄[38;2;174;221;195m[48;2;231;227;229m▄[38;2;174;222;195m[48;2;231;227;229m▄[38;2;175;223;196m[48;2;231;229;231m▄[38;2;180;233;203m[48;2;237;235;237m▄[38;2;161;185;171m[48;2;247;245;247m▄[38;2;255;255;255m[48;2;254;254;254m▄[0m
[38;2;255;255;255m[48;2;255;255;255m▄[38;2;255;255;255m[48;2;255;255;255m▄[38;2;185;185;185m[48;2;176;177;177m▄[38;2;202;199;205m[48;2;201;198;205m▄[38;2;237;231;239m[48;2;239;234;241m▄[38;2;232;227;234m[48;2;234;229;236m▄[38;2;242;236;244m[48;2;238;232;240m▄[38;2;183;180;185m[48;2;215;211;218m▄[38;2;118;170;140m[48;2;191;196;197m▄[38;2;151;220;181m[48;2;204;212;211m▄[38;2;131;156;143m[48;2;207;209;212m▄[38;2;233;223;234m[48;2;234;228;236m▄[38;2;233;228;235m[48;2;234;229;236m▄[38;2;232;227;234m[48;2;234;229;236m▄[38;2;232;227;234m[48;2;234;229;236m▄[38;2;232;227;234m[48;2;234;229;236m▄[38;2;232;227;234m[48;2;234;229;236m▄[38;2;245;238;247m[48;2;245;239;247m▄[38;2;165;166;168m[48;2;188;182;189m▄[38;2;133;190;158m[48;2;118;168;139m▄[38;2;163;227;191m[48;2;163;231;193m▄[38;2;148;206;173m[48;2;159;224;188m▄[38;2;148;206;173m[48;2;159;223;187m▄[38;2;160;222;187m[48;2;158;222;186m▄[38;2;157;217;183m[48;2;149;211;176m▄[38;2;155;215;181m[48;2;130;182;152m▄[38;2;161;225;189m[48;2;160;225;189m▄[38;2;148;210;176m[48;2;158;223;187m▄[38;2;156;194;171m[48;2;156;225;187m▄[38;2;182;197;185m[48;2;151;219;181m▄[38;2;193;195;189m[48;2;150;211;177m▄[38;2;199;198;193m[48;2;150;209;176m▄[38;2;165;161;160m[48;2;132;183;154m▄[38;2;172;164;165m[48;2;157;196;173m▄[38;2;175;167;167m[48;2;173;205;185m▄[38;2;177;169;169m[48;2;174;202;184m▄[38;2;195;186;186m[48;2;156;180;165m▄[38;2;158;152;152m[48;2;140;163;149m▄[38;2;190;182;182m[48;2;143;163;150m▄[38;2;214;206;205m[48;2;154;174;162m▄[38;2;213;205;204m[48;2;160;181;169m▄[38;2;210;202;201m[48;2;156;180;167m▄[38;2;209;201;200m[48;2;151;178;166m▄[38;2;186;179;179m[48;2;148;179;165m▄[38;2;144;140;142m[48;2;142;177;161m▄[38;2;158;157;159m[48;2;144;186;167m▄[38;2;152;157;158m[48;2;148;198;172m▄[38;2;135;149;149m[48;2;143;200;168m▄[38;2;125;148;139m[48;2;140;201;166m▄[38;2;129;176;149m[48;2;160;226;189m▄[38;2;162;227;190m[48;2;158;223;187m▄[38;2;161;222;188m[48;2;160;225;188m▄[38;2;150;208;175m[48;2;146;206;172m▄[38;2;146;202;170m[48;2;135;190;159m▄[38;2;160;222;188m[48;2;161;227;190m▄[38;2;158;218;184m[48;2;158;222;186m▄[38;2;158;219;185m[48;2;158;222;186m▄[38;2;160;227;189m[48;2;158;228;188m▄[38;2;126;156;138m[48;2;122;153;134m▄[38;2;255;255;255m[48;2;255;255;255m▄[0m
[38;2;255;255;255m[48;2;255;255;255m▄[38;2;255;255;255m[48;2;255;255;255m▄[38;2;192;194;194m[48;2;190;190;190m▄[38;2;206;203;209m[48;2;205;202;208m▄[38;2;236;231;238m[48;2;236;231;238m▄[38;2;232;227;234m[48;2;232;227;234m▄[38;2;242;234;243m[48;2;243;236;245m▄[38;2;182;188;187m[48;2;174;176;178m▄[38;2;145;207;171m[48;2;135;194;160m▄[38;2;145;208;173m[48;2;154;222;183m▄[38;2;153;163;160m[48;2;139;156;148m▄[38;2;242;234;244m[48;2;239;229;240m▄[38;2;232;227;234m[48;2;232;227;234m▄[38;2;232;227;234m[48;2;232;227;234m▄[38;2;232;227;234m[48;2;232;227;234m▄[38;2;232;227;234m[48;2;232;227;234m▄[38;2;234;229;236m[48;2;232;227;234m▄[38;2;225;214;225m[48;2;241;232;242m▄[38;2;127;159;142m[48;2;143;157;151m▄[38;2;160;227;189m[48;2;148;212;175m▄[38;2;157;218;184m[48;2;161;223;188m▄[38;2;160;222;188m[48;2;147;203;171m▄[38;2;162;224;189m[48;2;148;206;173m▄[38;2;134;185;156m[48;2;162;226;190m▄[38;2;158;222;186m[48;2;158;219;185m▄[38;2;137;190;160m[48;2;162;228;191m▄[38;2;165;168;163m[48;2;139;196;164m▄[38;2;216;207;206m[48;2;161;172;162m▄[38;2;211;207;204m[48;2;209;199;200m▄[38;2;209;205;202m[48;2;215;206;206m▄[38;2;209;205;202m[48;2;213;207;205m▄[38;2;209;205;202m[48;2;212;207;204m▄[38;2;209;205;202m[48;2;217;212;209m▄[38;2;208;204;201m[48;2;216;212;209m▄[38;2;215;210;207m[48;2;179;176;173m▄[38;2;202;198;195m[48;2;159;157;155m▄[38;2;195;192;189m[48;2;198;194;192m▄[38;2;214;210;207m[48;2;198;194;192m▄[38;2;213;209;206m[48;2;187;184;181m▄[38;2;209;205;202m[48;2;207;203;200m▄[38;2;209;205;202m[48;2;210;206;203m▄[38;2;209;205;202m[48;2;210;206;203m▄[38;2;209;205;202m[48;2;212;207;204m▄[38;2;210;206;203m[48;2;205;201;198m▄[38;2;212;207;204m[48;2;202;198;195m▄[38;2;209;205;202m[48;2;212;207;204m▄[38;2;211;207;204m[48;2;208;203;199m▄[38;2;221;215;212m[48;2;164;163;162m▄[38;2;160;160;158m[48;2;130;137;139m▄[38;2;161;174;175m[48;2;134;144;145m▄[38;2;134;144;144m[48;2;133;172;151m▄[38;2;135;189;158m[48;2;159;222;186m▄[38;2;165;229;193m[48;2;159;221;187m▄[38;2;158;218;184m[48;2;160;222;188m▄[38;2;158;219;185m[48;2;160;222;188m▄[38;2;162;225;189m[48;2;146;202;171m▄[38;2;131;181;152m[48;2;139;192;161m▄[38;2;147;210;174m[48;2;159;225;188m▄[38;2;128;159;141m[48;2;127;157;139m▄[38;2;255;255;255m[48;2;255;255;255m▄[0m
[38;2;255;255;255m[48;2;255;255;255m▄[38;2;255;255;255m[48;2;255;255;255m▄[38;2;192;193;193m[48;2;192;193;193m▄[38;2;206;203;209m[48;2;206;203;209m▄[38;2;236;231;238m[48;2;236;231;238m▄[38;2;232;227;234m[48;2;232;227;234m▄[38;2;243;235;245m[48;2;243;235;244m▄[38;2;156;166;163m[48;2;169;176;175m▄[38;2;145;210;173m[48;2;144;207;171m▄[38;2;139;195;163m[48;2;140;199;165m▄[38;2;194;194;197m[48;2;176;179;181m▄[38;2;240;234;242m[48;2;243;236;245m▄[38;2;232;227;234m[48;2;232;227;234m▄[38;2;232;227;234m[48;2;232;227;234m▄[38;2;232;227;234m[48;2;232;227;234m▄[38;2;232;227;234m[48;2;232;227;234m▄[38;2;240;231;241m[48;2;241;235;243m▄[38;2;150;164;158m[48;2;196;189;197m▄[38;2;147;211;174m[48;2;127;174;147m▄[38;2;160;221;187m[48;2;163;228;192m▄[38;2;158;219;185m[48;2;158;219;185m▄[38;2;156;215;182m[48;2;158;220;185m▄[38;2;156;216;183m[48;2;159;220;186m▄[38;2;158;226;188m[48;2;154;214;180m▄[38;2;136;164;147m[48;2;140;198;166m▄[38;2;209;199;199m[48;2;155;159;153m▄[38;2;211;207;204m[48;2;220;211;210m▄[38;2;209;205;202m[48;2;210;206;203m▄[38;2;209;205;202m[48;2;209;205;202m▄[38;2;209;205;202m[48;2;209;205;202m▄[38;2;209;205;202m[48;2;209;205;202m▄[38;2;209;205;202m[48;2;209;205;202m▄[38;2;209;205;202m[48;2;209;205;202m▄[38;2;209;205;202m[48;2;209;205;202m▄[38;2;209;205;202m[48;2;209;205;202m▄[38;2;209;205;202m[48;2;211;207;204m▄[38;2;209;205;202m[48;2;211;207;204m▄[38;2;209;205;202m[48;2;209;205;202m▄[38;2;209;205;202m[48;2;209;205;202m▄[38;2;209;205;202m[48;2;209;205;202m▄[38;2;209;205;202m[48;2;209;205;202m▄[38;2;209;205;202m[48;2;209;205;202m▄[38;2;209;205;202m[48;2;209;205;202m▄[38;2;209;205;202m[48;2;209;205;202m▄[38;2;209;205;202m[48;2;209;205;202m▄[38;2;209;205;202m[48;2;209;205;202m▄[38;2;209;205;202m[48;2;209;205;202m▄[38;2;220;216;212m[48;2;218;213;210m▄[38;2;151;149;147m[48;2;175;171;169m▄[38;2;125;136;137m[48;2;131;142;142m▄[38;2;132;144;143m[48;2;142;152;154m▄[38;2;131;182;153m[48;2;116;159;135m▄[38;2;155;216;181m[48;2;148;206;173m▄[38;2;161;224;189m[48;2;161;223;188m▄[38;2;158;219;185m[48;2;158;219;185m▄[38;2;158;219;185m[48;2;158;219;185m▄[38;2;158;219;185m[48;2;160;222;188m▄[38;2;159;226;188m[48;2;160;228;189m▄[38;2;126;156;138m[48;2;126;156;138m▄[38;2;255;255;255m[48;2;255;255;255m▄[0m
[38;2;255;255;255m[48;2;255;255;255m▄[38;2;255;255;255m[48;2;255;255;255m▄[38;2;192;193;193m[48;2;192;193;193m▄[38;2;206;203;209m[48;2;206;203;209m▄[38;2;236;231;238m[48;2;236;231;238m▄[38;2;232;227;234m[48;2;232;227;234m▄[38;2;243;236;245m[48;2;243;235;245m▄[38;2;152;161;158m[48;2;155;165;161m▄[38;2;142;208;170m[48;2;144;209;171m▄[38;2;139;188;160m[48;2;143;194;165m▄[38;2;208;203;211m[48;2;208;204;210m▄[38;2;238;232;240m[48;2;238;232;240m▄[38;2;232;227;234m[48;2;232;227;234m▄[38;2;232;227;234m[48;2;232;227;234m▄[38;2;232;227;234m[48;2;232;227;234m▄[38;2;234;229;237m[48;2;233;228;235m▄[38;2;223;214;223m[48;2;227;218;228m▄[38;2;125;157;139m[48;2;136;169;151m▄[38;2;131;183;153m[48;2;155;219;183m▄[38;2;132;180;152m[48;2;157;218;184m▄[38;2;147;203;171m[48;2;157;217;184m▄[38;2;159;221;186m[48;2;142;196;166m▄[38;2;159;223;187m[48;2;143;197;166m▄[38;2;131;178;151m[48;2;142;204;169m▄[38;2;187;183;180m[48;2;163;168;161m▄[38;2;215;210;207m[48;2;219;212;210m▄[38;2;209;205;202m[48;2;209;205;202m▄[38;2;209;205;202m[48;2;209;205;202m▄[38;2;209;205;202m[48;2;209;205;202m▄[38;2;209;205;202m[48;2;209;205;202m▄[38;2;209;205;202m[48;2;209;205;202m▄[38;2;209;205;202m[48;2;209;205;202m▄[38;2;209;205;202m[48;2;209;205;202m▄[38;2;209;205;202m[48;2;209;205;202m▄[38;2;209;205;202m[48;2;209;205;202m▄[38;2;209;205;202m[48;2;209;205;202m▄[38;2;209;205;202m[48;2;209;205;202m▄[38;2;209;205;202m[48;2;209;205;202m▄[38;2;209;205;202m[48;2;209;205;202m▄[38;2;209;205;202m[48;2;209;205;202m▄[38;2;209;205;202m[48;2;209;205;202m▄[38;2;209;205;202m[48;2;209;205;202m▄[38;2;209;205;202m[48;2;209;205;202m▄[38;2;209;205;202m[48;2;209;205;202m▄[38;2;209;205;202m[48;2;209;205;202m▄[38;2;209;205;202m[48;2;209;205;202m▄[38;2;216;212;209m[48;2;209;205;202m▄[38;2;181;178;176m[48;2;215;210;207m▄[38;2;136;147;147m[48;2;131;134;133m▄[38;2;150;159;162m[48;2;160;173;175m▄[38;2;124;163;142m[48;2;125;143;137m▄[38;2;164;229;192m[48;2;149;211;176m▄[38;2;153;212;179m[48;2;158;220;186m▄[38;2;132;180;153m[48;2;148;204;172m▄[38;2;151;208;175m[48;2;156;217;183m▄[38;2;151;209;176m[48;2;158;220;185m▄[38;2;159;221;186m[48;2;158;219;185m▄[38;2;159;226;188m[48;2;159;226;188m▄[38;2;126;156;138m[48;2;126;156;138m▄[38;2;255;255;255m[48;2;255;255;255m▄[0m
[38;2;255;255;255m[48;2;255;255;255m▄[38;2;255;255;255m[48;2;255;255;255m▄[38;2;193;194;194m[48;2;192;193;193m▄[38;2;206;203;209m[48;2;206;203;209m▄[38;2;236;231;238m[48;2;236;231;238m▄[38;2;232;227;234m[48;2;232;227;234m▄[38;2;240;231;242m[48;2;243;235;245m▄[38;2;141;156;149m[48;2;149;159;155m▄[38;2;151;221;181m[48;2;145;213;175m▄[38;2;137;184;157m[48;2;136;180;155m▄[38;2;208;203;210m[48;2;212;203;212m▄[38;2;237;232;239m[48;2;237;231;239m▄[38;2;232;227;234m[48;2;232;227;234m▄[38;2;232;227;234m[48;2;232;227;234m▄[38;2;232;227;234m[48;2;232;227;234m▄[38;2;237;231;239m[48;2;235;230;237m▄[38;2;212;203;213m[48;2;218;209;219m▄[38;2;121;159;138m[48;2;124;158;139m▄[38;2;164;231;193m[48;2;160;227;190m▄[38;2;156;217;182m[48;2;155;215;181m▄[38;2;123;168;142m[48;2;159;220;186m▄[38;2;124;170;144m[48;2;137;189;160m▄[38;2;129;180;151m[48;2;122;170;142m▄[38;2;132;160;143m[48;2;106;128;114m▄[38;2;199;189;189m[48;2;210;203;202m▄[38;2;199;192;191m[48;2;213;209;206m▄[38;2;209;201;200m[48;2;209;205;202m▄[38;2;209;201;200m[48;2;210;205;202m▄[38;2;217;209;208m[48;2;209;205;202m▄[38;2;215;207;206m[48;2;209;205;202m▄[38;2;215;207;206m[48;2;209;205;202m▄[38;2;217;209;208m[48;2;209;205;202m▄[38;2;213;204;204m[48;2;209;205;202m▄[38;2;214;205;204m[48;2;209;205;202m▄[38;2;214;206;205m[48;2;209;205;202m▄[38;2;214;206;205m[48;2;209;205;202m▄[38;2;214;207;205m[48;2;209;205;202m▄[38;2;215;206;205m[48;2;209;205;202m▄[38;2;214;206;205m[48;2;209;205;202m▄[38;2;214;205;205m[48;2;209;205;202m▄[38;2;219;212;210m[48;2;209;205;202m▄[38;2;214;206;205m[48;2;209;205;202m▄[38;2;216;208;207m[48;2;209;205;202m▄[38;2;217;210;209m[48;2;209;205;202m▄[38;2;216;208;206m[48;2;209;205;202m▄[38;2;223;215;213m[48;2;210;206;203m▄[38;2;169;164;164m[48;2;212;207;203m▄[38;2;144;153;156m[48;2;141;146;145m▄[38;2;135;146;146m[48;2;171;185;187m▄[38;2;106;142;121m[48;2;128;146;140m▄[38;2;107;148;124m[48;2;145;205;171m▄[38;2;144;199;168m[48;2;161;224;189m▄[38;2;113;155;131m[48;2;161;223;188m▄[38;2;156;216;182m[48;2;162;225;190m▄[38;2;157;218;184m[48;2;160;221;187m▄[38;2;132;181;153m[48;2;157;218;184m▄[38;2;109;148;126m[48;2;154;213;180m▄[38;2;134;190;159m[48;2;161;228;190m▄[38;2;130;163;145m[48;2;127;159;141m▄[38;2;255;255;255m[48;2;255;255;255m▄[0m
[38;2;255;255;255m[48;2;255;255;255m▄[38;2;255;255;255m[48;2;255;255;255m▄[38;2;169;171;170m[48;2;191;192;192m▄[38;2;172;180;179m[48;2;211;205;213m▄[38;2;222;223;226m[48;2;240;233;242m▄[38;2;219;218;223m[48;2;236;229;237m▄[38;2;215;212;218m[48;2;243;231;243m▄[38;2;142;171;156m[48;2;139;156;148m▄[38;2;124;176;146m[48;2;153;220;182m▄[38;2;93;127;108m[48;2;133;187;156m▄[38;2;135;169;150m[48;2;190;186;192m▄[38;2;174;186;182m[48;2;250;240;250m▄[38;2;222;213;222m[48;2;235;230;237m▄[38;2;240;231;241m[48;2;232;227;234m▄[38;2;238;228;238m[48;2;232;227;234m▄[38;2;239;229;239m[48;2;236;231;238m▄[38;2;228;218;229m[48;2;213;205;215m▄[38;2;183;189;189m[48;2;117;157;134m▄[38;2;183;204;195m[48;2;157;228;188m▄[38;2;166;194;180m[48;2;157;223;186m▄[38;2;153;190;171m[48;2;156;219;183m▄[38;2;140;189;162m[48;2;154;214;180m▄[38;2;139;194;163m[48;2;160;222;187m▄[38;2;113;156;132m[48;2;152;208;176m▄[38;2;118;167;138m[48;2;151;198;171m▄[38;2;156;222;183m[48;2;146;187;163m▄[38;2;160;230;190m[48;2;160;199;175m▄[38;2;160;229;190m[48;2;162;199;177m▄[38;2;130;188;154m[48;2;157;174;162m▄[38;2;120;174;143m[48;2;169;189;175m▄[38;2;132;191;155m[48;2;168;187;174m▄[38;2;120;175;142m[48;2;164;180;168m▄[38;2;132;191;157m[48;2;183;207;191m▄[38;2;141;203;169m[48;2;182;202;188m▄[38;2;157;226;188m[48;2;183;198;186m▄[38;2;154;221;182m[48;2;186;196;187m▄[38;2;152;219;179m[48;2;182;193;183m▄[38;2;152;220;180m[48;2;177;191;180m▄[38;2;153;222;182m[48;2;175;193;180m▄[38;2;154;223;182m[48;2;174;194;180m▄[38;2;121;175;142m[48;2;154;162;154m▄[38;2;141;204;166m[48;2;141;159;146m▄[38;2;136;195;160m[48;2;160;173;162m▄[38;2;132;190;156m[48;2;162;171;163m▄[38;2;139;201;164m[48;2;168;183;172m▄[38;2;143;208;169m[48;2;170;183;173m▄[38;2;150;215;176m[48;2;115;138;125m▄[38;2;144;205;169m[48;2;118;150;134m▄[38;2;146;207;170m[48;2;121;164;140m▄[38;2;155;217;180m[48;2;147;206;172m▄[38;2;166;232;194m[48;2;142;197;166m▄[38;2;160;223;188m[48;2;157;218;184m▄[38;2;144;199;167m[48;2;139;191;161m▄[38;2;122;168;141m[48;2;154;213;180m▄[38;2;142;196;164m[48;2;161;223;189m▄[38;2;137;189;160m[48;2;160;222;187m▄[38;2;136;189;159m[48;2;145;200;169m▄[38;2;150;214;178m[48;2;111;155;129m▄[38;2;126;157;138m[48;2;121;149;132m▄[38;2;255;255;255m[48;2;255;255;255m▄[0m
[38;2;255;255;255m[48;2;255;255;255m▄[38;2;255;255;255m[48;2;255;255;255m▄[38;2;245;246;245m[48;2;161;166;163m▄[38;2;229;237;231m[48;2;114;169;138m▄[38;2;233;242;236m[48;2;150;207;175m▄[38;2;232;241;235m[48;2;147;201;171m▄[38;2;233;242;236m[48;2;142;198;167m▄[38;2;231;239;234m[48;2;148;209;174m▄[38;2;231;238;233m[48;2;148;205;173m▄[38;2;234;243;237m[48;2;133;185;156m▄[38;2;233;241;236m[48;2;136;195;162m▄[38;2;233;240;235m[48;2;133;195;159m▄[38;2;231;243;235m[48;2;140;176;157m▄[38;2;225;238;229m[48;2;170;198;184m▄[38;2;224;237;229m[48;2;167;195;181m▄[38;2;225;237;229m[48;2;164;195;179m▄[38;2;227;239;231m[48;2;162;196;178m▄[38;2;229;241;233m[48;2;163;199;181m▄[38;2;231;242;235m[48;2;157;196;175m▄[38;2;232;242;236m[48;2;152;196;172m▄[38;2;233;242;236m[48;2;147;198;169m▄[38;2;233;241;236m[48;2;145;200;169m▄[38;2;234;243;237m[48;2;142;198;166m▄[38;2;228;233;231m[48;2;131;181;154m▄[38;2;232;234;238m[48;2;122;164;147m▄[38;2;231;233;239m[48;2;132;177;162m▄[38;2;228;230;235m[48;2;141;190;171m▄[38;2;227;229;232m[48;2;141;193;169m▄[38;2;227;229;231m[48;2;145;200;173m▄[38;2;227;228;231m[48;2;138;189;166m▄[38;2;231;232;239m[48;2;141;188;174m▄[38;2;231;233;239m[48;2;139;186;172m▄[38;2;228;230;234m[48;2;132;180;160m▄[38;2;224;227;226m[48;2;139;194;164m▄[38;2;223;226;225m[48;2;140;195;165m▄[38;2;229;230;236m[48;2;138;185;169m▄[38;2;232;233;240m[48;2;142;189;177m▄[38;2;231;233;239m[48;2;143;190;176m▄[38;2;231;233;239m[48;2;142;190;177m▄[38;2;232;234;240m[48;2;142;188;179m▄[38;2;232;234;241m[48;2;149;196;187m▄[38;2;233;235;241m[48;2;143;187;183m▄[38;2;234;237;242m[48;2;144;184;189m▄[38;2;234;237;242m[48;2;145;185;190m▄[38;2;233;236;242m[48;2;143;184;187m▄[38;2;233;236;242m[48;2;144;186;186m▄[38;2;233;236;242m[48;2;142;182;186m▄[38;2;234;236;242m[48;2;145;185;191m▄[38;2;233;236;242m[48;2;142;183;183m▄[38;2;230;232;238m[48;2;137;182;170m▄[38;2;224;226;228m[48;2;138;190;165m▄[38;2;223;226;226m[48;2;139;193;164m▄[38;2;223;226;227m[48;2;127;175;151m▄[38;2;227;230;232m[48;2;122;165;146m▄[38;2;219;221;222m[48;2;126;175;150m▄[38;2;226;233;228m[48;2;126;176;147m▄[38;2;228;237;231m[48;2;125;175;147m▄[38;2;224;231;226m[48;2;148;211;176m▄[38;2;226;229;226m[48;2;120;152;134m▄[38;2;255;255;255m[48;2;255;255;255m▄[0m
[38;2;255;255;255m[48;2;255;255;255m▄[38;2;202;202;202m[48;2;225;224;225m▄[38;2;106;104;116m[48;2;160;159;164m▄[38;2;140;138;150m[48;2;180;177;185m▄[38;2;136;134;146m[48;2;177;174;182m▄[38;2;137;135;147m[48;2;176;173;180m▄[38;2;136;134;146m[48;2;175;172;179m▄[38;2;135;133;144m[48;2;174;171;179m▄[38;2;136;134;146m[48;2;174;170;178m▄[38;2;136;134;146m[48;2;174;171;178m▄[38;2;135;133;145m[48;2;176;172;180m▄[38;2;136;134;146m[48;2;176;172;180m▄[38;2;136;134;146m[48;2;175;172;180m▄[38;2;137;135;148m[48;2;175;172;180m▄[38;2;132;130;141m[48;2;176;173;180m▄[38;2;108;107;116m[48;2;177;173;181m▄[38;2;140;138;150m[48;2;175;172;180m▄[38;2;137;135;147m[48;2;175;172;180m▄[38;2;118;116;128m[48;2;177;174;181m▄[38;2;124;122;132m[48;2;176;173;181m▄[38;2;138;137;144m[48;2;172;169;177m▄[38;2;160;159;164m[48;2;167;164;172m▄[38;2;180;179;183m[48;2;165;162;170m▄[38;2;191;190;193m[48;2;168;165;173m▄[38;2;194;193;195m[48;2;170;168;173m▄[38;2;195;194;196m[48;2;172;170;175m▄[38;2;168;167;170m[48;2;181;179;184m▄[38;2;163;162;165m[48;2;185;183;188m▄[38;2;189;188;191m[48;2;175;172;178m▄[38;2;195;195;197m[48;2;170;168;174m▄[38;2;191;190;193m[48;2;166;164;170m▄[38;2;175;174;178m[48;2;166;163;169m▄[38;2;150;149;155m[48;2;170;168;174m▄[38;2;134;133;141m[48;2;175;173;180m▄[38;2;120;118;129m[48;2;179;176;183m▄[38;2;133;131;144m[48;2;176;174;179m▄[38;2;140;137;150m[48;2;175;173;178m▄[38;2;136;134;145m[48;2;174;172;177m▄[38;2;134;132;143m[48;2;174;172;178m▄[38;2;136;134;146m[48;2;174;171;177m▄[38;2;137;135;147m[48;2;173;171;177m▄[38;2;137;135;147m[48;2;173;171;177m▄[38;2;140;138;150m[48;2;173;171;177m▄[38;2;141;139;151m[48;2;173;171;177m▄[38;2;141;139;151m[48;2;173;171;177m▄[38;2;139;137;149m[48;2;174;171;177m▄[38;2;138;136;148m[48;2;173;171;177m▄[38;2;139;137;149m[48;2;172;169;175m▄[38;2;126;124;135m[48;2;174;172;177m▄[38;2;131;129;140m[48;2;173;171;177m▄[38;2;137;135;147m[48;2;173;171;177m▄[38;2;136;134;146m[48;2;174;171;178m▄[38;2;136;134;146m[48;2;174;172;178m▄[38;2;136;134;146m[48;2;174;171;177m▄[38;2;136;134;146m[48;2;174;172;179m▄[38;2;137;134;146m[48;2;171;168;176m▄[38;2;137;134;146m[48;2;171;168;175m▄[38;2;137;134;147m[48;2;171;168;176m▄[38;2;123;120;132m[48;2;164;161;168m▄[38;2;169;168;171m[48;2;196;196;197m▄[0m
[38;2;255;255;255m[48;2;255;255;255m▄[38;2;205;205;205m[48;2;205;205;205m▄[38;2;115;113;124m[48;2;115;113;124m▄[38;2;146;144;155m[48;2;148;146;157m▄[38;2;142;140;151m[48;2;137;135;145m▄[38;2;128;127;136m[48;2;135;133;143m▄[38;2;134;133;143m[48;2;132;130;140m▄[38;2;142;140;150m[48;2;132;130;140m▄[38;2;139;137;147m[48;2;144;142;153m▄[38;2;122;120;130m[48;2;146;144;155m▄[38;2;89;88;101m[48;2;129;127;136m▄[38;2;149;146;125m[48;2;141;139;153m▄[38;2;170;165;131m[48;2;135;133;150m▄[38;2;96;95;111m[48;2;141;139;150m▄[38;2;136;134;146m[48;2;137;135;145m▄[38;2;145;143;155m[48;2;140;138;148m▄[38;2;128;127;135m[48;2;141;139;150m▄[38;2;191;191;189m[48;2;114;113;119m▄[38;2;243;243;243m[48;2;180;180;181m▄[38;2;255;255;255m[48;2;235;235;234m▄[38;2;255;255;255m[48;2;253;253;252m▄[38;2;255;255;255m[48;2;255;255;255m▄[38;2;255;255;255m[48;2;255;255;255m▄[38;2;255;255;255m[48;2;255;255;255m▄[38;2;250;250;250m[48;2;255;255;255m▄[38;2;236;236;235m[48;2;255;255;255m▄[38;2;226;226;226m[48;2;183;183;183m▄[38;2;87;87;87m[48;2;95;95;95m▄[38;2;190;190;190m[48;2;255;255;255m▄[38;2;231;231;231m[48;2;255;255;255m▄[38;2;246;246;245m[48;2;255;255;255m▄[38;2;254;254;253m[48;2;255;255;255m▄[38;2;255;255;255m[48;2;255;255;255m▄[38;2;255;255;255m[48;2;248;248;247m▄[38;2;255;255;255m[48;2;206;206;206m▄[38;2;191;191;190m[48;2;118;118;122m▄[38;2;147;146;148m[48;2;125;124;134m▄[38;2;131;129;139m[48;2;144;142;153m▄[38;2;135;133;143m[48;2;131;130;139m▄[38;2;132;130;140m[48;2;131;129;139m▄[38;2;140;138;149m[48;2;132;130;140m▄[38;2;143;141;152m[48;2;131;129;139m▄[38;2;137;135;146m[48;2;114;113;122m▄[38;2;125;123;133m[48;2;101;100;109m▄[38;2;123;121;131m[48;2;114;113;122m▄[38;2;121;120;130m[48;2;128;127;137m▄[38;2;123;121;132m[48;2;133;132;142m▄[38;2;132;130;140m[48;2;140;138;149m▄[38;2;136;134;143m[48;2;125;123;132m▄[38;2;139;138;146m[48;2;128;126;136m▄[38;2;147;146;155m[48;2;144;141;153m▄[38;2;151;152;161m[48;2;140;137;149m▄[38;2;158;161;169m[48;2;139;136;147m▄[38;2;162;167;176m[48;2;138;135;146m▄[38;2;165;171;180m[48;2;138;134;145m▄[38;2;164;170;180m[48;2;138;134;145m▄[38;2;164;170;180m[48;2;138;134;145m▄[38;2;164;171;182m[48;2;138;134;146m▄[38;2;149;155;165m[48;2;125;122;133m▄[38;2;178;179;181m[48;2;173;172;175m▄[0m
[38;2;255;255;255m[48;2;255;255;255m▄[38;2;205;205;205m[48;2;205;205;205m▄[38;2;115;112;123m[48;2;115;113;124m▄[38;2;150;148;159m[48;2;142;141;151m▄[38;2;146;144;155m[48;2;126;124;134m▄[38;2;146;144;156m[48;2;105;104;113m▄[38;2;145;143;155m[48;2;117;115;125m▄[38;2;145;143;154m[48;2;131;130;140m▄[38;2;142;140;154m[48;2;135;133;143m▄[38;2;139;136;129m[48;2;135;133;146m▄[38;2;177;172;134m[48;2;126;124;142m▄[38;2;150;147;130m[48;2;136;133;123m▄[38;2;147;145;141m[48;2;223;216;142m▄[38;2;158;155;142m[48;2;166;161;129m▄[38;2;163;159;127m[48;2;146;144;148m▄[38;2;176;172;140m[48;2;136;134;153m▄[38;2;152;149;142m[48;2;129;128;141m▄[38;2;134;132;134m[48;2;197;196;200m▄[38;2;167;166;174m[48;2;239;239;239m▄[38;2;167;166;171m[48;2;229;228;230m▄[38;2;136;134;138m[48;2;196;195;197m▄[38;2;188;186;192m[48;2;203;202;204m▄[38;2;202;199;205m[48;2;202;200;203m▄[38;2;209;206;213m[48;2;198;196;200m▄[38;2;212;209;216m[48;2;195;193;197m▄[38;2;215;212;219m[48;2;190;189;193m▄[38;2;214;211;218m[48;2;185;183;189m▄[38;2;197;194;199m[48;2;151;149;153m▄[38;2;198;196;201m[48;2;162;160;164m▄[38;2;176;174;179m[48;2;190;188;193m▄[38;2;190;187;193m[48;2;198;197;201m▄[38;2;216;213;220m[48;2;198;197;200m▄[38;2;210;207;215m[48;2;190;189;192m▄[38;2;201;198;205m[48;2;187;185;188m▄[38;2;146;145;149m[48;2;168;167;169m▄[38;2;125;123;128m[48;2;212;210;216m▄[38;2;142;140;148m[48;2;220;219;220m▄[38;2;130;128;140m[48;2;125;124;132m▄[38;2;131;129;140m[48;2;149;147;159m▄[38;2;132;130;140m[48;2;147;145;156m▄[38;2;122;120;131m[48;2;147;145;156m▄[38;2;123;121;132m[48;2;144;142;153m▄[38;2;121;120;130m[48;2;131;129;139m▄[38;2;137;136;146m[48;2;148;146;157m▄[38;2;140;138;149m[48;2;147;145;156m▄[38;2;139;137;148m[48;2;149;147;159m▄[38;2;134;132;144m[48;2;128;126;136m▄[38;2;133;134;145m[48;2;131;134;139m▄[38;2;129;129;137m[48;2;165;174;182m▄[38;2;128;126;129m[48;2;195;210;220m▄[38;2;173;170;171m[48;2;208;227;239m▄[38;2;182;185;189m[48;2;209;228;240m▄[38;2;200;215;224m[48;2;205;221;233m▄[38;2;201;215;224m[48;2;202;218;229m▄[38;2;200;214;223m[48;2;200;215;226m▄[38;2;207;223;235m[48;2;206;222;233m▄[38;2;210;228;241m[48;2;209;227;240m▄[38;2;205;223;235m[48;2;209;227;240m▄[38;2;176;190;201m[48;2;202;220;232m▄[38;2;180;182;184m[48;2;193;197;198m▄[0m
[38;2;255;255;255m[48;2;255;255;255m▄[38;2;205;205;205m[48;2;205;205;205m▄[38;2;118;116;127m[48;2;118;116;127m▄[38;2;131;129;139m[48;2;134;132;142m▄[38;2;132;130;140m[48;2;128;127;136m▄[38;2;145;143;154m[48;2;139;137;147m▄[38;2;144;142;153m[48;2;144;142;153m▄[38;2;141;139;151m[48;2;144;142;153m▄[38;2;119;117;123m[48;2;146;145;159m▄[38;2;135;134;129m[48;2;131;129;123m▄[38;2;154;151;137m[48;2;204;198;131m▄[38;2;142;140;142m[48;2;130;128;129m▄[38;2;135;133;147m[48;2;141;139;157m▄[38;2;135;134;145m[48;2;136;135;155m▄[38;2;139;139;139m[48;2;140;137;122m▄[38;2;185;184;166m[48;2;195;189;125m▄[38;2;204;204;210m[48;2;124;122;116m▄[38;2;221;219;226m[48;2;171;168;140m▄[38;2;188;187;190m[48;2;165;163;163m▄[38;2;233;230;236m[48;2;178;177;184m▄[38;2;229;226;233m[48;2;200;199;203m▄[38;2;227;223;231m[48;2;205;204;207m▄[38;2;224;221;229m[48;2;206;204;209m▄[38;2;223;220;228m[48;2;208;205;211m▄[38;2;223;220;227m[48;2;210;207;213m▄[38;2;223;220;227m[48;2;210;208;214m▄[38;2;223;220;227m[48;2;211;208;214m▄[38;2;223;220;227m[48;2;215;212;218m▄[38;2;224;221;228m[48;2;209;206;212m▄[38;2;226;222;230m[48;2;198;195;201m▄[38;2;224;221;228m[48;2;208;205;211m▄[38;2;225;222;229m[48;2;208;205;212m▄[38;2;226;224;231m[48;2;206;204;210m▄[38;2;229;228;236m[48;2;197;194;200m▄[38;2;230;231;240m[48;2;194;192;196m▄[38;2;230;232;241m[48;2;179;178;183m▄[38;2;229;229;236m[48;2;172;171;177m▄[38;2;223;219;223m[48;2;166;165;172m▄[38;2;211;201;200m[48;2;151;152;160m▄[38;2;167;147;141m[48;2;127;129;139m▄[38;2;195;182;181m[48;2;131;132;141m▄[38;2;210;209;215m[48;2;122;120;126m▄[38;2;203;201;206m[48;2;163;162;168m▄[38;2;208;206;211m[48;2;164;162;168m▄[38;2;214;211;217m[48;2;169;168;172m▄[38;2;198;196;201m[48;2;186;184;191m▄[38;2;208;206;211m[48;2;173;172;179m▄[38;2;151;145;148m[48;2;176;156;151m▄[38;2;118;115;124m[48;2;175;143;134m▄[38;2;142;143;157m[48;2;151;127;122m▄[38;2;142;143;156m[48;2;138;119;119m▄[38;2;147;145;158m[48;2;119;111;115m▄[38;2;122;119;129m[48;2;137;146;155m▄[38;2;128;130;138m[48;2;198;215;228m▄[38;2;144;146;156m[48;2;205;222;236m▄[38;2;136;134;144m[48;2;186;200;211m▄[38;2;135;132;142m[48;2;166;175;185m▄[38;2;141;137;149m[48;2;145;149;158m▄[38;2;131;128;140m[48;2;124;122;133m▄[38;2;174;173;176m[48;2;172;170;173m▄[0m
[38;2;255;255;255m[48;2;255;255;255m▄[38;2;208;208;208m[48;2;206;206;206m▄[38;2;114;112;121m[48;2;116;114;125m▄[38;2;149;147;158m[48;2;150;148;159m▄[38;2;145;143;154m[48;2;145;143;154m▄[38;2;136;134;144m[48;2;144;142;153m▄[38;2;124;122;131m[48;2;148;146;158m▄[38;2;128;126;136m[48;2;133;131;141m▄[38;2;130;129;139m[48;2;132;130;140m▄[38;2;138;137;145m[48;2;143;141;153m▄[38;2;171;170;175m[48;2;130;129;145m▄[38;2;211;210;213m[48;2;136;135;146m▄[38;2;230;227;233m[48;2;161;160;165m▄[38;2;228;224;231m[48;2;197;195;199m▄[38;2;223;219;227m[48;2;227;225;230m▄[38;2;231;228;236m[48;2;229;227;237m▄[38;2;195;192;194m[48;2;240;237;245m▄[38;2;108;107;106m[48;2;190;187;194m▄[38;2;212;209;215m[48;2;168;165;170m▄[38;2;223;220;227m[48;2;229;226;234m▄[38;2;221;218;225m[48;2;221;218;225m▄[38;2;221;218;225m[48;2;221;218;225m▄[38;2;223;219;227m[48;2;221;218;225m▄[38;2;224;221;229m[48;2;221;218;225m▄[38;2;225;225;233m[48;2;221;218;225m▄[38;2;221;223;232m[48;2;221;218;225m▄[38;2;214;216;225m[48;2;222;219;226m▄[38;2;209;205;212m[48;2;224;221;229m▄[38;2;205;193;195m[48;2;225;224;232m▄[38;2;201;178;175m[48;2;224;225;234m▄[38;2;195;161;152m[48;2;221;223;232m▄[38;2;192;149;135m[48;2;216;216;224m▄[38;2;192;144;128m[48;2;211;207;212m▄[38;2;193;148;132m[48;2;208;195;196m▄[38;2;195;157;146m[48;2;206;182;178m▄[38;2;201;173;167m[48;2;199;164;154m▄[38;2;203;187;187m[48;2;181;143;130m▄[38;2;210;204;209m[48;2;180;140;127m▄[38;2;218;217;225m[48;2;185;148;136m▄[38;2;221;223;232m[48;2;205;171;162m▄[38;2;228;227;236m[48;2;179;164;163m▄[38;2;217;214;221m[48;2;184;183;189m▄[38;2;193;191;197m[48;2;199;197;202m▄[38;2;185;182;187m[48;2;199;197;202m▄[38;2;206;203;209m[48;2;211;208;215m▄[38;2;226;223;231m[48;2;211;209;215m▄[38;2;228;225;232m[48;2;200;197;202m▄[38;2;231;227;235m[48;2;173;172;178m▄[38;2;228;225;231m[48;2;153;151;159m▄[38;2;198;195;201m[48;2;129;127;136m▄[38;2;149;147;154m[48;2;136;134;146m▄[38;2;126;124;134m[48;2;145;143;154m▄[38;2;149;146;158m[48;2;147;145;157m▄[38;2;116;115;123m[48;2;132;130;140m▄[38;2;115;114;122m[48;2;114;112;120m▄[38;2;147;145;155m[48;2;121;119;129m▄[38;2;148;146;157m[48;2;147;145;156m▄[38;2;145;143;154m[48;2;145;143;154m▄[38;2;101;98;110m[48;2;131;129;141m▄[38;2;147;147;150m[48;2;166;166;168m▄[0m
[38;2;255;255;255m[48;2;255;255;255m▄[38;2;211;211;212m[48;2;205;205;206m▄[38;2;69;67;76m[48;2;71;70;79m▄[38;2;91;89;101m[48;2;130;128;139m▄[38;2;98;96;107m[48;2;145;143;154m▄[38;2;102;100;111m[48;2;142;141;151m▄[38;2;146;145;150m[48;2;123;122;132m▄[38;2;209;207;211m[48;2;137;136;146m▄[38;2;231;228;234m[48;2;167;166;171m▄[38;2;217;214;221m[48;2;216;213;218m▄[38;2;208;205;211m[48;2;234;231;237m▄[38;2;211;208;214m[48;2;227;224;231m▄[38;2;215;212;218m[48;2;222;218;226m▄[38;2;208;206;211m[48;2;226;223;230m▄[38;2;118;117;122m[48;2;228;225;231m▄[38;2;95;94;102m[48;2;163;161;168m▄[38;2;120;119;128m[48;2;106;104;101m▄[38;2;179;179;182m[48;2;145;145;135m▄[38;2;212;211;212m[48;2;253;252;255m▄[38;2;200;197;203m[48;2;219;215;223m▄[38;2;195;193;199m[48;2;223;220;227m▄[38;2;185;180;181m[48;2;221;218;225m▄[38;2;190;164;153m[48;2;215;215;223m▄[38;2;196;153;134m[48;2;208;206;210m▄[38;2;178;133;117m[48;2;200;182;180m▄[38;2;176;141;131m[48;2;194;162;155m▄[38;2;203;175;169m[48;2;194;149;135m▄[38;2;210;195;196m[48;2;195;143;125m▄[38;2;212;209;215m[48;2;193;144;127m▄[38;2;217;218;227m[48;2;193;152;139m▄[38;2;222;224;233m[48;2;198;169;162m▄[38;2;224;224;233m[48;2;205;187;185m▄[38;2;224;222;230m[48;2;209;201;205m▄[38;2;222;219;227m[48;2;214;213;221m▄[38;2;221;218;225m[48;2;219;221;230m▄[38;2;221;218;225m[48;2;222;224;233m▄[38;2;221;218;225m[48;2;224;224;232m▄[38;2;221;218;225m[48;2;223;221;229m▄[38;2;221;218;225m[48;2;221;219;226m▄[38;2;221;218;225m[48;2;221;218;225m▄[38;2;221;218;225m[48;2;221;218;225m▄[38;2;221;218;225m[48;2;222;219;226m▄[38;2;221;218;225m[48;2;226;223;231m▄[38;2;222;219;226m[48;2;216;213;220m▄[38;2;227;224;231m[48;2;191;189;194m▄[38;2;214;211;218m[48;2;184;182;187m▄[38;2;190;187;192m[48;2;207;204;210m▄[38;2;185;183;188m[48;2;225;222;230m▄[38;2;205;202;208m[48;2;224;221;228m▄[38;2;221;218;225m[48;2;228;225;232m▄[38;2;236;233;239m[48;2;228;225;232m▄[38;2;210;209;213m[48;2;185;183;188m▄[38;2;91;90;96m[48;2;127;126;134m▄[38;2;91;89;100m[48;2;141;139;151m▄[38;2;92;90;101m[48;2;134;132;143m▄[38;2;73;71;81m[48;2;131;129;141m▄[38;2;84;83;93m[48;2;117;115;126m▄[38;2;89;87;98m[48;2;98;96;107m▄[38;2;74;72;83m[48;2;71;69;81m▄[38;2;145;145;147m[48;2;148;148;150m▄[0m
[38;2;254;254;254m[48;2;255;255;255m▄[38;2;234;234;235m[48;2;214;214;215m▄[38;2;104;102;110m[48;2;68;66;76m▄[38;2;121;119;129m[48;2;87;85;97m▄[38;2;119;117;127m[48;2;79;77;89m▄[38;2;120;118;126m[48;2;98;96;103m▄[38;2;166;164;170m[48;2;232;230;234m▄[38;2;201;199;204m[48;2;235;232;240m▄[38;2;216;213;219m[48;2;225;222;230m▄[38;2;221;219;225m[48;2;220;217;223m▄[38;2;213;212;215m[48;2;215;213;219m▄[38;2;214;205;203m[48;2;215;214;220m▄[38;2;216;196;188m[48;2;212;212;217m▄[38;2;212;183;173m[48;2;209;210;212m▄[38;2;197;182;181m[48;2;189;189;193m▄[38;2;224;222;228m[48;2;205;204;207m▄[38;2;228;226;232m[48;2;198;196;200m▄[38;2;213;211;216m[48;2;213;211;217m▄[38;2;182;181;185m[48;2;209;206;214m▄[38;2;204;202;207m[48;2;204;202;208m▄[38;2;206;204;209m[48;2;196;194;200m▄[38;2;184;182;186m[48;2;202;199;205m▄[38;2;214;213;218m[48;2;175;164;166m▄[38;2;225;224;231m[48;2;168;157;158m▄[38;2;234;231;238m[48;2;218;217;225m▄[38;2;230;228;234m[48;2;220;222;231m▄[38;2;230;227;233m[48;2;224;226;235m▄[38;2;230;227;233m[48;2;225;225;234m▄[38;2;230;227;233m[48;2;225;222;230m▄[38;2;230;227;233m[48;2;223;220;227m▄[38;2;230;227;233m[48;2;223;219;227m▄[38;2;230;227;233m[48;2;223;220;227m▄[38;2;230;227;233m[48;2;223;220;227m▄[38;2;230;227;233m[48;2;223;220;227m▄[38;2;230;227;233m[48;2;223;220;227m▄[38;2;230;227;233m[48;2;223;220;227m▄[38;2;230;227;233m[48;2;223;220;227m▄[38;2;230;227;233m[48;2;223;220;227m▄[38;2;230;227;233m[48;2;223;220;227m▄[38;2;230;227;233m[48;2;223;220;227m▄[38;2;230;227;233m[48;2;223;220;227m▄[38;2;230;227;233m[48;2;223;220;227m▄[38;2;230;227;233m[48;2;223;220;227m▄[38;2;230;227;233m[48;2;223;219;227m▄[38;2;229;227;233m[48;2;222;219;227m▄[38;2;228;226;231m[48;2;224;221;229m▄[38;2;228;225;231m[48;2;229;226;233m▄[38;2;230;228;234m[48;2;216;213;220m▄[38;2;236;233;239m[48;2;179;177;182m▄[38;2;216;213;219m[48;2;130;128;134m▄[38;2;142;141;146m[48;2;118;116;124m▄[38;2;107;105;114m[48;2;90;89;98m▄[38;2;117;115;125m[48;2;80;78;90m▄[38;2;116;115;124m[48;2;88;86;98m▄[38;2;114;112;121m[48;2;79;78;88m▄[38;2;115;114;122m[48;2;82;80;91m▄[38;2;116;115;124m[48;2;87;85;97m▄[38;2;116;114;124m[48;2;88;86;98m▄[38;2;102;100;110m[48;2;70;68;80m▄[38;2;180;180;182m[48;2;147;147;150m▄[0m
