[38;2;130;98;97m[48;2;131;99;99m▄[38;2;151;115;113m[48;2;140;108;104m▄[38;2;140;107;105m[48;2;129;98;97m▄[38;2;141;109;105m[48;2;131;102;98m▄[38;2;144;111;108m[48;2;135;104;100m▄[38;2;146;113;107m[48;2;138;106;98m▄[38;2;150;116;107m[48;2;142;108;100m▄[38;2;154;117;107m[48;2;144;110;100m▄[38;2;154;118;108m[48;2;142;110;100m▄[38;2;154;118;108m[48;2;142;110;100m▄[38;2;154;118;108m[48;2;142;110;100m▄[38;2;154;118;108m[48;2;142;110;100m▄[38;2;154;118;108m[48;2;142;110;100m▄[38;2;154;118;108m[48;2;142;110;100m▄[38;2;154;118;108m[48;2;142;110;100m▄[38;2;154;118;108m[48;2;142;110;100m▄[38;2;154;119;109m[48;2;142;110;100m▄[38;2;155;119;109m[48;2;142;110;100m▄[38;2;154;118;108m[48;2;144;110;100m▄[38;2;154;118;108m[48;2;144;110;100m▄[38;2;155;118;109m[48;2;144;110;100m▄[38;2;156;119;109m[48;2;144;110;100m▄[38;2;156;119;109m[48;2;144;110;100m▄[38;2;156;119;109m[48;2;144;110;100m▄[38;2;156;119;110m[48;2;144;112;102m▄[38;2;156;119;110m[48;2;146;112;102m▄[38;2;156;119;110m[48;2;146;112;102m▄[38;2;157;119;109m[48;2;144;112;102m▄[38;2;156;119;109m[48;2;144;110;100m▄[38;2;156;119;109m[48;2;144;110;100m▄[38;2;155;118;109m[48;2;144;110;102m▄[38;2;154;118;108m[48;2;144;110;100m▄[38;2;154;118;108m[48;2;144;110;100m▄[38;2;156;119;108m[48;2;144;110;100m▄[38;2;127;98;98m[48;2;117;91;91m▄[38;2;131;103;101m[48;2;121;95;93m▄[38;2;130;101;96m[48;2;119;93;89m▄[38;2;134;103;100m[48;2;123;95;93m▄[38;2;160;120;110m[48;2;148;112;100m▄[38;2;131;112;109m[48;2;121;104;100m▄[38;2;96;103;109m[48;2;89;95;100m▄[38;2;106;110;112m[48;2;98;102;102m▄[38;2;109;113;113m[48;2;100;104;104m▄[38;2;111;116;113m[48;2;102;106;104m▄[38;2;112;117;113m[48;2;104;108;104m▄[38;2;111;115;113m[48;2;102;108;104m▄[38;2;110;115;114m[48;2;102;106;106m▄[38;2;111;115;114m[48;2;102;106;106m▄[38;2;109;114;113m[48;2;102;106;104m▄[38;2;109;114;113m[48;2;100;104;104m▄[38;2;109;113;112m[48;2;100;104;104m▄[38;2;108;113;112m[48;2;100;104;104m▄[38;2;108;113;112m[48;2;100;104;104m▄[38;2;108;113;112m[48;2;100;104;104m▄[38;2;107;112;110m[48;2;98;104;102m▄[38;2;107;112;110m[48;2;98;104;102m▄[38;2;107;112;110m[48;2;98;102;102m▄[38;2;106;110;109m[48;2;98;102;102m▄[38;2;106;111;109m[48;2;97;102;100m▄[38;2;112;118;117m[48;2;102;110;110m▄[0m
[38;2;129;99;97m[48;2;129;99;97m▄[38;2;139;106;104m[48;2;139;106;104m▄[38;2;125;95;93m[48;2;129;99;97m▄[38;2;124;93;92m[48;2;130;100;98m▄[38;2;123;93;92m[48;2;131;101;99m▄[38;2;124;95;91m[48;2;133;102;100m▄[38;2;124;95;91m[48;2;135;104;100m▄[38;2;125;96;93m[48;2;137;106;100m▄[38;2;126;97;93m[48;2;140;108;99m▄[38;2;128;98;93m[48;2;141;109;100m▄[38;2;132;100;93m[48;2;143;110;100m▄[38;2;135;102;94m[48;2;144;110;101m▄[38;2;137;106;97m[48;2;144;110;101m▄[38;2;139;108;100m[48;2;144;110;101m▄[38;2;138;101;93m[48;2;144;112;103m▄[38;2;114;67;62m[48;2;146;114;105m▄[38;2;106;44;36m[48;2;142;109;101m▄[38;2;107;50;42m[48;2;143;110;102m▄[38;2;106;63;57m[48;2;148;117;107m▄[38;2;118;85;83m[48;2;147;114;103m▄[38;2;136;104;96m[48;2;144;110;101m▄[38;2;136;104;95m[48;2;143;110;101m▄[38;2;137;103;95m[48;2;144;110;101m▄[38;2;136;103;95m[48;2;144;110;101m▄[38;2;136;103;94m[48;2;145;110;101m▄[38;2;136;103;94m[48;2;144;110;101m▄[38;2;136;103;94m[48;2;144;110;101m▄[38;2;137;103;94m[48;2;144;110;101m▄[38;2;139;105;96m[48;2;143;110;101m▄[38;2;142;108;99m[48;2;143;109;100m▄[38;2;142;107;99m[48;2;142;108;99m▄[38;2;141;107;98m[48;2;142;108;99m▄[38;2;140;106;97m[48;2;141;108;99m▄[38;2;142;108;99m[48;2;144;109;100m▄[38;2;115;90;90m[48;2;116;90;90m▄[38;2;121;94;92m[48;2;121;94;93m▄[38;2;119;93;88m[48;2;119;92;89m▄[38;2;121;94;91m[48;2;123;94;93m▄[38;2;145;110;101m[48;2;147;110;101m▄[38;2;119;102;100m[48;2;120;103;101m▄[38;2;87;95;100m[48;2;88;95;100m▄[38;2;97;102;103m[48;2;97;102;103m▄[38;2;100;104;104m[48;2;100;104;104m▄[38;2;102;106;105m[48;2;102;106;105m▄[38;2;102;106;105m[48;2;103;107;106m▄[38;2;102;106;105m[48;2;102;106;105m▄[38;2;102;106;105m[48;2;102;106;105m▄[38;2;101;105;104m[48;2;101;105;104m▄[38;2;101;105;104m[48;2;101;105;104m▄[38;2;101;105;104m[48;2;101;105;104m▄[38;2;100;104;103m[48;2;100;104;103m▄[38;2;100;104;103m[48;2;100;104;103m▄[38;2;99;103;102m[48;2;100;104;103m▄[38;2;99;103;102m[48;2;99;103;102m▄[38;2;99;103;102m[48;2;99;103;102m▄[38;2;99;103;102m[48;2;99;103;102m▄[38;2;98;102;101m[48;2;98;102;101m▄[38;2;98;102;101m[48;2;98;102;101m▄[38;2;97;102;101m[48;2;98;102;101m▄[38;2;103;109;108m[48;2;103;109;108m▄[0m
[38;2;138;106;99m[48;2;131;101;99m▄[38;2;150;115;108m[48;2;142;110;107m▄[38;2;104;83;82m[48;2;104;80;79m▄[38;2;119;94;93m[48;2;106;80;80m▄[38;2;142;110;103m[48;2;113;85;82m▄[38;2;141;109;102m[48;2;112;85;82m▄[38;2;138;107;100m[48;2;113;84;82m▄[38;2;136;105;99m[48;2;112;84;81m▄[38;2;134;104;98m[48;2;111;83;81m▄[38;2;133;104;98m[48;2;112;83;82m▄[38;2;134;104;99m[48;2;113;84;83m▄[38;2;139;109;103m[48;2;116;88;86m▄[38;2;110;49;42m[48;2;114;81;75m▄[38;2;98;21;12m[48;2;109;48;39m▄[38;2;130;58;40m[48;2;102;35;27m▄[38;2;255;178;118m[48;2;151;76;51m▄[38;2;246;153;101m[48;2;165;82;53m▄[38;2;203;109;75m[48;2;128;52;34m▄[38;2;164;91;67m[48;2;83;27;18m▄[38;2;160;96;82m[48;2;86;42;47m▄[38;2;136;86;93m[48;2;104;71;70m▄[38;2;125;91;88m[48;2;119;90;85m▄[38;2;148;114;105m[48;2;116;87;83m▄[38;2;146;111;102m[48;2;116;87;83m▄[38;2;146;111;102m[48;2;116;87;82m▄[38;2;146;111;102m[48;2;116;87;82m▄[38;2;143;110;101m[48;2;116;86;82m▄[38;2;123;97;93m[48;2;113;84;80m▄[38;2;135;104;99m[48;2;126;95;89m▄[38;2;146;111;101m[48;2;146;111;102m▄[38;2;138;105;96m[48;2;140;106;97m▄[38;2;137;105;96m[48;2;140;106;97m▄[38;2;136;105;95m[48;2;139;106;96m▄[38;2;139;106;99m[48;2;141;107;98m▄[38;2;113;89;89m[48;2;115;90;90m▄[38;2;118;93;91m[48;2;120;94;92m▄[38;2;118;92;89m[48;2;119;92;90m▄[38;2;119;92;91m[48;2;120;93;92m▄[38;2;144;108;100m[48;2;145;110;100m▄[38;2;118;102;101m[48;2;119;102;100m▄[38;2;87;94;100m[48;2;88;94;100m▄[38;2;97;101;102m[48;2;96;102;102m▄[38;2;99;103;103m[48;2;100;103;103m▄[38;2;102;106;105m[48;2;102;106;105m▄[38;2;102;106;105m[48;2;102;106;105m▄[38;2;101;105;104m[48;2;102;106;105m▄[38;2;101;105;104m[48;2;101;105;104m▄[38;2;101;105;104m[48;2;101;105;104m▄[38;2;100;104;103m[48;2;101;105;104m▄[38;2;100;104;103m[48;2;100;104;103m▄[38;2;100;104;104m[48;2;100;104;103m▄[38;2;98;104;102m[48;2;99;103;102m▄[38;2;99;104;102m[48;2;99;103;102m▄[38;2;99;103;102m[48;2;99;103;102m▄[38;2;98;102;101m[48;2;99;102;101m▄[38;2;98;102;101m[48;2;98;102;101m▄[38;2;98;102;101m[48;2;98;102;101m▄[38;2;96;102;100m[48;2;98;102;101m▄[38;2;96;102;100m[48;2;96;102;100m▄[38;2;103;109;109m[48;2;103;109;109m▄[0m
[38;2;144;108;99m[48;2;144;110;101m▄[38;2;154;117;108m[48;2;155;118;108m▄[38;2;105;83;82m[48;2;105;84;82m▄[38;2;120;94;92m[48;2;120;94;92m▄[38;2;145;111;102m[48;2;146;112;102m▄[38;2;141;106;100m[48;2;144;108;99m▄[38;2;138;106;98m[48;2;138;107;97m▄[38;2;135;104;99m[48;2;135;104;99m▄[38;2;130;100;97m[48;2;131;100;97m▄[38;2;126;97;95m[48;2;128;98;96m▄[38;2;126;98;96m[48;2;129;100;97m▄[38;2;127;96;94m[48;2;131;100;95m▄[38;2;160;93;66m[48;2;84;24;19m▄[38;2;149;75;52m[48;2;68;6;4m▄[38;2;197;111;73m[48;2;169;87;58m▄[38;2;255;179;120m[48;2;255;167;112m▄[38;2;254;178;136m[48;2;223;155;122m▄[38;2;148;94;77m[48;2;114;68;57m▄[38;2;211;127;90m[48;2;153;87;65m▄[38;2;190;127;101m[48;2;152;92;70m▄[38;2;120;81;81m[48;2;113;68;71m▄[38;2;140;106;104m[48;2;113;80;81m▄[38;2;134;104;97m[48;2;143;111;100m▄[38;2;135;104;99m[48;2;139;107;98m▄[38;2;135;104;99m[48;2;139;107;98m▄[38;2;135;104;99m[48;2;140;107;98m▄[38;2;135;104;96m[48;2;140;106;98m▄[38;2;119;93;89m[48;2;120;93;90m▄[38;2;134;103;98m[48;2;134;103;98m▄[38;2;144;110;100m[48;2;145;110;100m▄[38;2;134;104;97m[48;2;135;105;96m▄[38;2;134;103;99m[48;2;135;105;98m▄[38;2;134;103;99m[48;2;135;104;98m▄[38;2;136;105;97m[48;2;137;106;98m▄[38;2;113;88;88m[48;2;113;89;89m▄[38;2;117;92;91m[48;2;118;93;91m▄[38;2;117;92;89m[48;2;116;92;88m▄[38;2;118;91;91m[48;2;119;92;91m▄[38;2;141;108;102m[48;2;144;108;100m▄[38;2;140;102;74m[48;2;119;102;98m▄[38;2;108;94;79m[48;2;88;94;98m▄[38;2;95;100;104m[48;2;96;101;102m▄[38;2;99;103;103m[48;2;99;103;103m▄[38;2;101;105;104m[48;2;101;105;104m▄[38;2;101;105;104m[48;2;102;106;105m▄[38;2;101;105;104m[48;2;101;105;104m▄[38;2;97;105;107m[48;2;101;105;104m▄[38;2;97;104;106m[48;2;100;104;103m▄[38;2;101;104;103m[48;2;100;104;103m▄[38;2;91;101;101m[48;2;101;104;103m▄[38;2;125;118;109m[48;2;94;102;102m▄[38;2;137;92;92m[48;2;97;97;101m▄[38;2;101;90;96m[48;2;98;98;101m▄[38;2;116;94;100m[48;2;95;105;102m▄[38;2;97;89;98m[48;2;98;104;102m▄[38;2;96;105;101m[48;2;97;102;100m▄[38;2;96;102;100m[48;2;97;101;100m▄[38;2;96;101;99m[48;2;95;102;100m▄[38;2;96;101;99m[48;2;96;101;100m▄[38;2;103;109;107m[48;2;103;109;108m▄[0m
[38;2;136;105;99m[48;2;142;106;99m▄[38;2;150;116;107m[48;2;153;117;108m▄[38;2;104;83;81m[48;2;105;84;81m▄[38;2;118;93;90m[48;2;119;93;91m▄[38;2;145;110;101m[48;2;145;110;102m▄[38;2;138;107;98m[48;2;139;107;99m▄[38;2;136;106;98m[48;2;137;106;97m▄[38;2;134;103;99m[48;2;135;104;99m▄[38;2;128;99;96m[48;2;129;100;97m▄[38;2;125;97;94m[48;2;126;97;95m▄[38;2;125;97;95m[48;2;124;97;95m▄[38;2;122;96;96m[48;2;127;98;96m▄[38;2;173;122;99m[48;2;241;158;111m▄[38;2;244;148;98m[48;2;228;134;89m▄[38;2;254;144;97m[48;2;200;109;73m▄[38;2;255;146;99m[48;2;255;168;112m▄[38;2;240;128;88m[48;2;239;131;90m▄[38;2;240;130;92m[48;2;223;121;87m▄[38;2;229;130;90m[48;2;254;158;105m▄[38;2;158;89;65m[48;2;224;134;99m▄[38;2;145;89;84m[48;2;198;115;98m▄[38;2;136;94;95m[48;2;153;106;105m▄[38;2;134;104;99m[48;2;131;103;98m▄[38;2;134;103;98m[48;2;135;104;98m▄[38;2;134;103;98m[48;2;134;104;98m▄[38;2;134;104;100m[48;2;135;104;99m▄[38;2;124;85;77m[48;2;133;106;98m▄[38;2;173;104;83m[48;2;109;87;89m▄[38;2;171;103;84m[48;2;126;95;94m▄[38;2;137;96;83m[48;2;138;105;96m▄[38;2;121;95;92m[48;2;134;104;98m▄[38;2;133;103;98m[48;2;134;103;98m▄[38;2;133;102;97m[48;2;134;103;98m▄[38;2;135;103;98m[48;2;135;105;97m▄[38;2;111;88;87m[48;2;112;88;87m▄[38;2;116;91;90m[48;2;116;91;90m▄[38;2;117;91;89m[48;2;116;91;89m▄[38;2;116;90;90m[48;2;117;91;91m▄[38;2;142;107;98m[48;2;143;107;99m▄[38;2;114;100;100m[48;2;121;101;94m▄[38;2;85;93;100m[48;2;87;93;97m▄[38;2;94;100;101m[48;2;95;100;102m▄[38;2;97;102;102m[48;2;98;103;102m▄[38;2;100;104;103m[48;2;101;105;103m▄[38;2;98;105;106m[48;2;100;105;105m▄[38;2;117;104;93m[48;2;102;105;102m▄[38;2;161;89;41m[48;2;125;106;82m▄[38;2;147;102;51m[48;2;116;104;91m▄[38;2;124;111;110m[48;2;88;97;99m▄[38;2;153;94;97m[48;2;121;115;110m▄[38;2;177;123;101m[48;2;195;143;112m▄[38;2;201;143;112m[48;2;152;116;98m▄[38;2;210;153;123m[48;2;164;123;102m▄[38;2;125;123;120m[48;2;120;79;79m▄[38;2;90;101;99m[48;2;89;84;92m▄[38;2;96;101;99m[48;2;97;103;101m▄[38;2;96;101;99m[48;2;96;100;99m▄[38;2;95;101;99m[48;2;96;100;99m▄[38;2;95;101;99m[48;2;95;101;99m▄[38;2;102;109;107m[48;2;102;109;108m▄[0m
[38;2;129;101;97m[48;2;133;103;99m▄[38;2;143;111;106m[48;2;147;113;107m▄[38;2;104;82;82m[48;2;104;83;81m▄[38;2;116;92;91m[48;2;118;92;91m▄[38;2;141;108;100m[48;2;144;109;101m▄[38;2;137;106;98m[48;2;138;106;98m▄[38;2;135;105;98m[48;2;136;106;98m▄[38;2;132;102;97m[48;2;133;102;98m▄[38;2;127;99;95m[48;2;127;99;95m▄[38;2;125;97;94m[48;2;125;97;94m▄[38;2;125;97;94m[48;2;125;97;94m▄[38;2;127;99;95m[48;2;128;100;96m▄[38;2;132;102;98m[48;2;129;102;100m▄[38;2;124;99;98m[48;2;128;84;72m▄[38;2;205;123;92m[48;2;238;136;89m▄[38;2;255;157;104m[48;2;255;162;107m▄[38;2;253;149;101m[48;2;245;141;96m▄[38;2;243;144;97m[48;2;220;123;86m▄[38;2;243;139;97m[48;2;195;115;88m▄[38;2;204;121;92m[48;2;147;91;75m▄[38;2;161;101;96m[48;2;117;70;66m▄[38;2;137;101;99m[48;2;139;101;100m▄[38;2;132;103;97m[48;2;133;104;98m▄[38;2;133;102;97m[48;2;134;103;98m▄[38;2;132;105;98m[48;2;133;104;99m▄[38;2;125;72;85m[48;2;130;88;87m▄[38;2;238;149;108m[48;2;189;122;89m▄[38;2;243;163;109m[48;2;224;148;107m▄[38;2;226;150;101m[48;2;225;146;104m▄[38;2;203;120;93m[48;2;201;134;107m▄[38;2;210;120;98m[48;2;169;108;112m▄[38;2;155;109;109m[48;2;127;96;98m▄[38;2;127;99;91m[48;2;133;102;96m▄[38;2;133;103;94m[48;2;134;103;98m▄[38;2;108;86;86m[48;2;111;88;88m▄[38;2;111;86;88m[48;2;116;91;89m▄[38;2;117;99;84m[48;2;115;88;88m▄[38;2;133;122;87m[48;2;112;84;89m▄[38;2;145;124;97m[48;2;140;104;98m▄[38;2;118;108;97m[48;2;114;98;98m▄[38;2;85;90;100m[48;2;85;93;99m▄[38;2;94;100;100m[48;2;94;100;100m▄[38;2;97;102;103m[48;2;97;102;103m▄[38;2;100;104;103m[48;2;100;104;103m▄[38;2;100;104;103m[48;2;100;105;104m▄[38;2;99;106;105m[48;2;102;103;104m▄[38;2;95;100;95m[48;2;95;58;70m▄[38;2;104;69;64m[48;2;119;87;74m▄[38;2;176;122;101m[48;2;225;174;138m▄[38;2;151;112;98m[48;2;164;113;100m▄[38;2;206;150;120m[48;2;139;89;85m▄[38;2;191;130;108m[48;2;145;91;86m▄[38;2;96;55;67m[48;2;169;104;101m▄[38;2;99;89;87m[48;2;156;122;123m▄[38;2;98;105;103m[48;2;102;107;107m▄[38;2;96;102;100m[48;2;94;101;98m▄[38;2;95;101;101m[48;2;95;101;99m▄[38;2;95;101;99m[48;2;94;101;98m▄[38;2;95;101;99m[48;2;95;101;99m▄[38;2;102;108;107m[48;2;102;108;108m▄[0m
[38;2;125;97;93m[48;2;125;99;95m▄[38;2;136;106;103m[48;2;139;108;104m▄[38;2;101;81;80m[48;2;102;82;82m▄[38;2;108;86;87m[48;2;113;89;89m▄[38;2;129;100;97m[48;2;136;105;99m▄[38;2;129;100;96m[48;2;134;103;99m▄[38;2;128;98;96m[48;2;131;101;97m▄[38;2;126;98;95m[48;2;129;100;97m▄[38;2;124;96;93m[48;2;127;97;95m▄[38;2;123;95;93m[48;2;124;96;93m▄[38;2;124;96;93m[48;2;124;96;94m▄[38;2;127;98;95m[48;2;127;99;95m▄[38;2;131;101;97m[48;2;132;102;97m▄[38;2;126;99;97m[48;2;133;104;100m▄[38;2;141;106;97m[48;2;140;102;93m▄[38;2;208;119;84m[48;2;181;100;71m▄[38;2;168;91;65m[48;2;216;121;83m▄[38;2;136;70;52m[48;2;248;141;96m▄[38;2;130;66;48m[48;2;227;127;87m▄[38;2;119;71;61m[48;2;180;103;75m▄[38;2;126;93;88m[48;2;149;98;95m▄[38;2;132;102;97m[48;2;135;103;101m▄[38;2;132;101;96m[48;2;132;102;97m▄[38;2;130;99;94m[48;2;133;102;97m▄[38;2;128;99;92m[48;2;132;103;96m▄[38;2;122;97;91m[48;2;123;89;89m▄[38;2;187;116;91m[48;2;228;134;97m▄[38;2;255;179;114m[48;2;255;165;108m▄[38;2;255;192;125m[48;2;224;155;108m▄[38;2;255;176;116m[48;2;168;107;84m▄[38;2;246;148;106m[48;2;204;128;108m▄[38;2;196;131;128m[48;2;203;136;130m▄[38;2;141;107;110m[48;2;133;103;99m▄[38;2;153;114;96m[48;2;132;102;94m▄[38;2;183;133;110m[48;2;110;88;88m▄[38;2;181;129;109m[48;2;118;91;91m▄[38;2;164;115;101m[48;2;166;136;98m▄[38;2;158;147;91m[48;2;180;149;119m▄[38;2;138;139;87m[48;2;143;117;118m▄[38;2;110;83;100m[48;2;151;134;108m▄[38;2;107;113;102m[48;2;102;109;100m▄[38;2;82;91;99m[48;2;89;95;101m▄[38;2;88;97;99m[48;2;97;102;103m▄[38;2;96;102;101m[48;2;99;104;103m▄[38;2;93;99;101m[48;2;100;104;103m▄[38;2;103;105;102m[48;2;91;99;99m▄[38;2;232;182;145m[48;2;116;117;111m▄[38;2;243;183;141m[48;2;166;128;106m▄[38;2;137;95;85m[48;2;130;84;70m▄[38;2;121;87;80m[48;2;136;89;74m▄[38;2;90;77;74m[48;2;171;116;95m▄[38;2;83;92;99m[48;2;134;102;93m▄[38;2;94;102;103m[48;2;93;96;98m▄[38;2;95;101;100m[48;2;93;102;102m▄[38;2;95;101;99m[48;2;95;101;99m▄[38;2;92;101;102m[48;2;95;101;99m▄[38;2;92;100;102m[48;2;95;101;99m▄[38;2;94;100;100m[48;2;95;101;101m▄[38;2;93;99;99m[48;2;94;100;100m▄[38;2;101;107;108m[48;2;101;107;107m▄[0m
[38;2;125;97;95m[48;2;125;97;95m▄[38;2;136;105;104m[48;2;136;106;104m▄[38;2;99;79;79m[48;2;101;81;79m▄[38;2;105;84;86m[48;2;106;85;86m▄[38;2;117;91;91m[48;2;126;98;95m▄[38;2;116;91;88m[48;2;126;98;94m▄[38;2;116;90;89m[48;2;126;97;94m▄[38;2;116;90;89m[48;2;126;97;94m▄[38;2;116;90;88m[48;2;124;96;92m▄[38;2;115;89;88m[48;2;123;94;92m▄[38;2;111;86;87m[48;2;124;95;93m▄[38;2;127;98;95m[48;2;123;96;93m▄[38;2;195;145;122m[48;2;125;97;95m▄[38;2;195;141;123m[48;2;166;127;113m▄[38;2;125;67;57m[48;2;162;104;94m▄[38;2;225;101;37m[48;2;223;110;81m▄[38;2;188;81;45m[48;2;236;127;86m▄[38;2;124;48;38m[48;2;135;74;54m▄[38;2;98;36;32m[48;2;113;66;57m▄[38;2;110;72;53m[48;2;132;100;94m▄[38;2;117;94;94m[48;2;134;105;99m▄[38;2;123;95;94m[48;2;131;100;94m▄[38;2;122;91;89m[48;2;131;100;94m▄[38;2;158;113;97m[48;2;139;106;102m▄[38;2;151;118;119m[48;2;148;116;113m▄[38;2;118;106;139m[48;2;133;110;115m▄[38;2;91;83;87m[48;2;127;95;106m▄[38;2;93;39;70m[48;2;194;106;87m▄[38;2;117;43;72m[48;2;234;146;94m▄[38;2;97;39;59m[48;2;194;113;76m▄[38;2;94;39;67m[48;2;136;74;54m▄[38;2;109;69;78m[48;2;101;54;66m▄[38;2;138;106;87m[48;2;60;29;64m▄[38;2;164;139;91m[48;2;103;71;75m▄[38;2;152;149;79m[48;2;174;123;106m▄[38;2;137;152;69m[48;2;153;118;93m▄[38;2;147;168;72m[48;2;137;137;77m▄[38;2;113;125;71m[48;2;146;174;78m▄[38;2;83;62;59m[48;2;107;121;80m▄[38;2;68;42;30m[48;2;69;52;50m▄[38;2;206;155;123m[48;2;124;91;87m▄[38;2;253;201;156m[48;2;151;121;114m▄[38;2;255;194;158m[48;2;132;116;118m▄[38;2;228;169;147m[48;2;104;106;108m▄[38;2;175;156;104m[48;2;95;103;102m▄[38;2;255;185;139m[48;2;205;160;128m▄[38;2;249;173;133m[48;2;255;189;146m▄[38;2;199;138;106m[48;2;232;164;126m▄[38;2;126;84;73m[48;2;153;106;90m▄[38;2;111;96;102m[48;2;110;97;102m▄[38;2;94;104;105m[48;2;88;97;100m▄[38;2;93;102;101m[48;2;93;99;101m▄[38;2;94;102;101m[48;2;95;101;101m▄[38;2;91;101;103m[48;2;95;101;100m▄[38;2;106;101;90m[48;2;95;101;99m▄[38;2;163;99;32m[48;2;108;98;91m▄[38;2;143;100;52m[48;2;102;99;95m▄[38;2;91;99;103m[48;2;94;99;100m▄[38;2;91;98;103m[48;2;93;99;100m▄[38;2;99;106;110m[48;2;101;106;109m▄[0m
[38;2;123;95;93m[48;2;123;95;93m▄[38;2;133;102;101m[48;2;134;104;102m▄[38;2;125;96;95m[48;2;117;91;89m▄[38;2;126;96;95m[48;2;123;96;95m▄[38;2;125;96;94m[48;2;126;99;97m▄[38;2;125;97;95m[48;2;126;99;96m▄[38;2;124;96;94m[48;2;127;99;96m▄[38;2;123;96;94m[48;2;127;99;97m▄[38;2;125;97;94m[48;2;127;99;97m▄[38;2;125;98;96m[48;2;128;100;96m▄[38;2;137;105;97m[48;2;126;100;99m▄[38;2;156;86;34m[48;2;153;102;81m▄[38;2;149;72;11m[48;2;160;100;69m▄[38;2;207;136;73m[48;2;141;88;70m▄[38;2;192;162;121m[48;2;92;64;50m▄[38;2;145;112;90m[48;2;131;78;29m▄[38;2;163;108;71m[48;2;130;72;27m▄[38;2;165;91;26m[48;2;129;48;15m▄[38;2;141;85;38m[48;2;109;42;17m▄[38;2;118;80;47m[48;2;100;75;71m▄[38;2;106;64;28m[48;2;77;57;57m▄[38;2;119;75;33m[48;2;138;100;80m▄[38;2;129;149;61m[48;2;107;114;68m▄[38;2;171;184;75m[48;2;136;117;76m▄[38;2;193;190;95m[48;2;127;87;91m▄[38;2;193;177;114m[48;2;125;110;84m▄[38;2;199;182;156m[48;2;151;143;75m▄[38;2;197;198;169m[48;2;152;104;94m▄[38;2;224;209;179m[48;2;178;135;115m▄[38;2;254;234;155m[48;2;205;164;128m▄[38;2;224;206;87m[48;2;217;178;112m▄[38;2;188;157;68m[48;2;214;185;94m▄[38;2;157;137;65m[48;2;205;179;83m▄[38;2;141;151;72m[48;2;177;153;68m▄[38;2;126;140;61m[48;2;132;144;62m▄[38;2;126;144;60m[48;2;130;147;65m▄[38;2;95;99;53m[48;2;116;134;58m▄[38;2;125;94;93m[48;2;103;89;73m▄[38;2;95;71;64m[48;2;87;61;56m▄[38;2;14;5;0m[48;2;56;35;23m▄[38;2;122;82;64m[48;2;220;165;129m▄[38;2;231;161;128m[48;2;255;210;163m▄[38;2;245;170;134m[48;2;255;203;161m▄[38;2;211;162;114m[48;2;201;159;113m▄[38;2;142;163;62m[48;2;148;160;65m▄[38;2;167;156;78m[48;2;242;173;129m▄[38;2;198;140;104m[48;2;234;159;126m▄[38;2;150;100;87m[48;2;170;117;94m▄[38;2;118;83;77m[48;2;120;80;74m▄[38;2;108;96;83m[48;2;122;101;108m▄[38;2;100;74;70m[48;2;97;96;96m▄[38;2;101;75;71m[48;2;98;95;95m▄[38;2;101;75;71m[48;2;98;95;95m▄[38;2;101;75;70m[48;2;97;94;95m▄[38;2;100;74;71m[48;2;100;95;92m▄[38;2;97;74;76m[48;2;123;97;68m▄[38;2;96;74;74m[48;2;113;95;77m▄[38;2;99;74;70m[48;2;97;93;93m▄[38;2;99;73;69m[48;2;96;93;93m▄[38;2;107;79;75m[48;2;104;100;100m▄[0m
[38;2;120;93;91m[48;2;123;95;93m▄[38;2;129;101;100m[48;2;132;102;101m▄[38;2;119;93;92m[48;2;122;94;93m▄[38;2;119;93;92m[48;2;121;93;93m▄[38;2;119;93;92m[48;2;120;94;93m▄[38;2;119;93;92m[48;2;119;93;92m▄[38;2;119;93;92m[48;2;119;93;92m▄[38;2;119;93;92m[48;2;119;93;92m▄[38;2;120;93;92m[48;2;120;93;92m▄[38;2;116;94;97m[48;2;119;95;96m▄[38;2;171;104;61m[48;2;146;102;81m▄[38;2;206;102;19m[48;2;195;104;26m▄[38;2;127;78;35m[48;2;142;80;27m▄[38;2;167;137;101m[48;2;66;38;25m▄[38;2;148;113;80m[48;2;21;8;5m▄[38;2;150;107;81m[48;2;101;72;55m▄[38;2;190;133;93m[48;2;205;143;99m▄[38;2;142;77;22m[48;2;148;94;56m▄[38;2;119;67;22m[48;2;129;89;63m▄[38;2;74;48;36m[48;2;103;51;0m▄[38;2;109;68;41m[48;2;119;63;10m▄[38;2;131;76;30m[48;2;127;76;32m▄[38;2;152;128;110m[48;2;128;133;84m▄[38;2;48;103;108m[48;2;110;146;81m▄[38;2;112;76;27m[48;2;163;165;59m▄[38;2;189;81;47m[48;2;167;156;89m▄[38;2;166;189;124m[48;2;158;160;152m▄[38;2;174;171;121m[48;2;190;171;153m▄[38;2;186;190;119m[48;2;201;183;168m▄[38;2;183;196;96m[48;2;197;209;135m▄[38;2;172;157;72m[48;2;186;149;67m▄[38;2;187;82;42m[48;2;227;27;29m▄[38;2;161;92;44m[48;2;187;13;21m▄[38;2;135;139;68m[48;2;164;148;71m▄[38;2;129;125;73m[48;2;136;160;68m▄[38;2;126;99;82m[48;2;108;122;53m▄[38;2;131;98;93m[48;2;107;87;76m▄[38;2;122;92;84m[48;2;130;97;92m▄[38;2;114;88;84m[48;2;115;88;83m▄[38;2;122;96;97m[48;2;46;32;29m▄[38;2;122;101;109m[48;2;13;7;6m▄[38;2;91;74;74m[48;2;96;64;55m▄[38;2;97;76;74m[48;2;151;104;89m▄[38;2;101;77;74m[48;2;179;120;100m▄[38;2;108;76;77m[48;2;144;118;80m▄[38;2;108;79;78m[48;2;126;132;60m▄[38;2;101;82;71m[48;2;113;116;51m▄[38;2;95;79;66m[48;2;96;87;48m▄[38;2;99;78;71m[48;2;85;83;50m▄[38;2;105;79;76m[48;2;97;87;71m▄[38;2;104;80;75m[48;2;103;78;78m▄[38;2;104;80;75m[48;2;102;79;77m▄[38;2;103;79;76m[48;2;101;79;76m▄[38;2;103;79;75m[48;2;100;79;75m▄[38;2;103;79;74m[48;2;101;79;76m▄[38;2;102;79;74m[48;2;101;78;76m▄[38;2;101;79;74m[48;2;100;78;76m▄[38;2;99;79;75m[48;2;100;78;75m▄[38;2;96;78;77m[48;2;100;77;75m▄[38;2;106;85;81m[48;2;108;84;82m▄[0m
[38;2;118;91;90m[48;2;120;93;91m▄[38;2;126;99;98m[48;2;129;102;101m▄[38;2;116;91;91m[48;2;119;94;93m▄[38;2;116;91;91m[48;2;119;94;93m▄[38;2;116;91;90m[48;2;119;94;93m▄[38;2;115;91;90m[48;2;119;94;93m▄[38;2;115;90;90m[48;2;119;94;93m▄[38;2;116;90;90m[48;2;119;94;93m▄[38;2;115;90;91m[48;2;119;94;93m▄[38;2;120;92;89m[48;2;118;94;96m▄[38;2;206;112;41m[48;2;185;108;52m▄[38;2;162;79;14m[48;2;176;86;14m▄[38;2;179;134;87m[48;2;151;105;62m▄[38;2;251;223;163m[48;2;255;242;178m▄[38;2;113;81;57m[48;2;230;183;133m▄[38;2;107;63;32m[48;2;175;129;101m▄[38;2;166;92;32m[48;2;171;112;69m▄[38;2;144;82;27m[48;2;149;97;59m▄[38;2;118;67;19m[48;2;130;87;60m▄[38;2;108;73;51m[48;2;122;101;111m▄[38;2;105;67;43m[48;2;92;61;45m▄[38;2;129;69;15m[48;2;125;71;21m▄[38;2;121;80;64m[48;2;128;92;78m▄[38;2;128;99;89m[48;2;119;125;74m▄[38;2;117;95;75m[48;2;128;145;57m▄[38;2;128;118;71m[48;2;168;131;55m▄[38;2;169;156;87m[48;2;182;196;76m▄[38;2;181;145;99m[48;2;156;168;69m▄[38;2;221;163;121m[48;2;174;177;78m▄[38;2;203;157;110m[48;2;177;183;79m▄[38;2;196;146;110m[48;2;163;172;80m▄[38;2;194;137;113m[48;2;140;150;78m▄[38;2;167;111;102m[48;2;106;91;70m▄[38;2;130;78;83m[48;2;79;39;62m▄[38;2;95;46;64m[48;2;88;39;69m▄[38;2;72;27;56m[48;2;109;65;78m▄[38;2;65;24;58m[48;2;120;82;86m▄[38;2;66;28;69m[48;2;124;92;98m▄[38;2;72;36;78m[48;2;128;100;108m▄[38;2;84;50;87m[48;2;138;111;123m▄[38;2;87;52;89m[48;2;140;110;132m▄[38;2;102;74;71m[48;2;102;79;84m▄[38;2;105;77;70m[48;2;102;80;76m▄[38;2;104;76;70m[48;2;101;79;76m▄[38;2;104;75;69m[48;2;100;78;75m▄[38;2;104;75;68m[48;2;100;78;76m▄[38;2;104;75;68m[48;2;101;78;76m▄[38;2;104;75;68m[48;2;103;79;77m▄[38;2;104;75;68m[48;2;102;79;76m▄[38;2;104;74;67m[48;2;101;78;75m▄[38;2;104;74;66m[48;2;100;78;75m▄[38;2;104;74;67m[48;2;101;78;75m▄[38;2;104;75;68m[48;2;100;78;77m▄[38;2;103;74;68m[48;2;98;78;75m▄[38;2;110;82;68m[48;2;96;76;74m▄[38;2;108;82;67m[48;2;96;76;75m▄[38;2;101;75;68m[48;2;93;76;78m▄[38;2;123;81;46m[48;2;104;73;63m▄[38;2;148;83;23m[48;2;139;81;46m▄[38;2;127;78;45m[48;2;114;79;68m▄[0m
[38;2;133;69;43m[48;2;110;65;48m▄[38;2;144;74;47m[48;2;121;70;52m▄[38;2;134;70;44m[48;2;113;65;48m▄[38;2;135;70;43m[48;2;115;65;49m▄[38;2;138;70;44m[48;2;116;67;49m▄[38;2;138;71;43m[48;2;118;68;50m▄[38;2;135;71;44m[48;2;120;69;51m▄[38;2;135;71;45m[48;2;120;69;51m▄[38;2;135;71;45m[48;2;121;69;52m▄[38;2;128;68;40m[48;2;127;72;51m▄[38;2;111;61;17m[48;2;160;85;29m▄[38;2;102;46;8m[48;2;119;61;17m▄[38;2;128;54;18m[48;2;161;95;50m▄[38;2;173;90;52m[48;2;214;125;65m▄[38;2;108;50;24m[48;2;183;101;50m▄[38;2;59;42;48m[48;2;159;92;46m▄[38;2;133;65;33m[48;2;150;80;31m▄[38;2;206;106;51m[48;2;180;95;41m▄[38;2;214;111;55m[48;2;173;90;41m▄[38;2;135;71;43m[48;2;116;65;36m▄[38;2;48;34;44m[48;2;84;56;47m▄[38;2;166;89;26m[48;2;141;73;19m▄[38;2;184;97;32m[48;2;163;90;35m▄[38;2;130;68;43m[48;2;127;73;51m▄[38;2;130;68;42m[48;2;99;40;50m▄[38;2;118;64;51m[48;2;111;56;72m▄[38;2;137;88;70m[48;2;229;159;127m▄[38;2;87;58;47m[48;2;254;175;138m▄[38;2;59;40;32m[48;2;254;175;138m▄[38;2;42;29;23m[48;2;236;162;129m▄[38;2;25;16;14m[48;2;206;144;115m▄[38;2;13;8;7m[48;2;169;120;94m▄[38;2;8;4;3m[48;2;139;101;79m▄[38;2;6;3;3m[48;2;117;84;67m▄[38;2;8;5;4m[48;2;93;64;55m▄[38;2;11;7;5m[48;2;81;53;50m▄[38;2;10;8;8m[48;2;82;50;51m▄[38;2;75;46;32m[48;2;91;53;56m▄[38;2;121;78;50m[48;2;88;53;63m▄[38;2;113;72;49m[48;2;85;60;69m▄[38;2;121;66;43m[48;2;96;65;65m▄[38;2;127;65;40m[48;2;124;67;44m▄[38;2;126;66;41m[48;2;120;64;42m▄[38;2;125;65;41m[48;2;119;63;42m▄[38;2;124;65;40m[48;2;119;63;42m▄[38;2;124;64;41m[48;2;119;63;42m▄[38;2;123;65;42m[48;2;119;63;41m▄[38;2;123;64;41m[48;2;119;62;41m▄[38;2;122;64;40m[48;2;119;62;41m▄[38;2;123;64;41m[48;2;119;62;40m▄[38;2;122;64;42m[48;2;118;61;39m▄[38;2;121;65;41m[48;2;119;65;45m▄[38;2;121;65;42m[48;2;123;75;58m▄[38;2;121;65;43m[48;2;121;77;65m▄[38;2;119;63;42m[48;2;123;80;58m▄[38;2;119;64;42m[48;2;122;79;56m▄[38;2;119;65;42m[48;2;118;71;53m▄[38;2;118;63;41m[48;2;127;82;52m▄[38;2;123;63;38m[48;2;128;77;32m▄[38;2;129;70;45m[48;2;149;92;36m▄[0m
[38;2;140;73;46m[48;2;148;78;50m▄[38;2;150;77;49m[48;2;156;82;53m▄[38;2;137;70;45m[48;2;143;75;49m▄[38;2;137;70;44m[48;2;143;74;49m▄[38;2;136;70;44m[48;2;142;74;48m▄[38;2;136;69;44m[48;2;140;74;47m▄[38;2;136;70;44m[48;2;137;73;46m▄[38;2;136;70;43m[48;2;135;72;45m▄[38;2;129;65;44m[48;2;132;69;45m▄[38;2;178;93;38m[48;2;145;76;38m▄[38;2;206;110;29m[48;2;171;91;23m▄[38;2;120;65;22m[48;2;119;67;21m▄[38;2;122;58;31m[48;2;107;59;41m▄[38;2;122;53;22m[48;2;169;90;51m▄[38;2;87;38;16m[48;2;119;61;35m▄[38;2;57;41;47m[48;2;60;46;52m▄[38;2;34;33;50m[48;2;64;50;56m▄[38;2;25;22;36m[48;2;79;52;49m▄[38;2;24;23;40m[48;2;75;45;40m▄[38;2;46;36;48m[48;2;41;38;55m▄[38;2;104;60;26m[48;2;79;52;37m▄[38;2;124;70;16m[48;2;126;70;16m▄[38;2;138;79;34m[48;2;133;73;31m▄[38;2;136;71;47m[48;2;130;69;46m▄[38;2;136;71;46m[48;2;131;70;44m▄[38;2;136;72;46m[48;2;134;70;43m▄[38;2;136;69;43m[48;2;130;69;43m▄[38;2;142;125;60m[48;2;61;49;25m▄[38;2;117;124;58m[48;2;0;0;0m▄[38;2;95;95;44m[48;2;5;0;3m▄[38;2;87;81;41m[48;2;11;3;7m▄[38;2;82;73;38m[48;2;17;7;10m▄[38;2;76;68;34m[48;2;22;10;11m▄[38;2;73;70;34m[48;2;24;11;13m▄[38;2;76;76;37m[48;2;20;8;10m▄[38;2;80;85;43m[48;2;15;7;11m▄[38;2;83;90;58m[48;2;20;18;25m▄[38;2;94;102;78m[48;2;58;53;41m▄[38;2;125;85;59m[48;2;125;81;50m▄[38;2;138;68;41m[48;2;134;66;41m▄[38;2;133;68;41m[48;2;129;66;40m▄[38;2;133;68;41m[48;2;128;66;41m▄[38;2;133;68;41m[48;2;128;66;42m▄[38;2;132;68;41m[48;2;128;66;41m▄[38;2;132;67;40m[48;2;128;66;41m▄[38;2;131;67;40m[48;2;127;66;41m▄[38;2;130;67;40m[48;2;127;66;42m▄[38;2;130;66;39m[48;2;127;66;42m▄[38;2;130;66;39m[48;2;127;66;41m▄[38;2;129;65;40m[48;2;126;66;41m▄[38;2;129;65;39m[48;2;128;67;42m▄[38;2;128;65;39m[48;2;127;66;41m▄[38;2;127;65;39m[48;2;125;66;41m▄[38;2;127;65;39m[48;2;125;66;41m▄[38;2;127;64;38m[48;2;125;66;42m▄[38;2;127;65;38m[48;2;124;66;42m▄[38;2;126;64;38m[48;2;124;66;42m▄[38;2;126;64;38m[48;2;124;66;42m▄[38;2;126;63;38m[48;2;123;65;42m▄[38;2;137;69;41m[48;2;134;71;45m▄[0m
[38;2;144;73;46m[48;2;138;69;45m▄[38;2;157;81;52m[48;2;149;76;48m▄[38;2;149;78;49m[48;2;137;69;44m▄[38;2;149;78;50m[48;2;137;69;43m▄[38;2;148;78;50m[48;2;137;69;44m▄[38;2;148;78;50m[48;2;137;71;45m▄[38;2;148;78;50m[48;2;138;71;45m▄[38;2;147;78;50m[48;2;139;71;45m▄[38;2;142;73;50m[48;2;131;67;46m▄[38;2;197;104;35m[48;2;188;100;40m▄[38;2;185;95;25m[48;2;195;103;29m▄[38;2;108;45;11m[48;2;106;41;4m▄[38;2;184;84;39m[48;2;121;49;12m▄[38;2;216;102;58m[48;2;117;52;15m▄[38;2;110;51;18m[48;2;89;36;11m▄[38;2;89;46;33m[48;2;49;32;36m▄[38;2;159;83;52m[48;2;75;45;42m▄[38;2;80;52;51m[48;2;25;24;39m▄[38;2;73;71;85m[48;2;43;45;62m▄[38;2;59;55;71m[48;2;56;49;65m▄[38;2;142;78;35m[48;2;116;65;32m▄[38;2;221;114;23m[48;2;184;98;24m▄[38;2;149;85;27m[48;2;142;81;30m▄[38;2;140;75;47m[48;2;145;77;51m▄[38;2;146;76;51m[48;2;147;78;51m▄[38;2;140;72;46m[48;2;144;76;49m▄[38;2;155;88;60m[48;2;149;78;52m▄[38;2;254;184;142m[48;2;222;149;116m▄[38;2;245;174;139m[48;2;215;168;121m▄[38;2;204;142;120m[48;2;200;175;103m▄[38;2;192;131;108m[48;2;191;180;94m▄[38;2;205;139;111m[48;2;180;172;89m▄[38;2;175;120;99m[48;2;165;160;82m▄[38;2;134;91;82m[48;2;161;147;84m▄[38;2;195;140;119m[48;2;143;124;80m▄[38;2;237;172;142m[48;2;138;111;83m▄[38;2;231;167;139m[48;2;155;119;111m▄[38;2;204;166;172m[48;2;179;143;162m▄[38;2;159;117;122m[48;2;151;88;73m▄[38;2;132;65;35m[48;2;139;71;41m▄[38;2;130;70;45m[48;2;129;68;41m▄[38;2;131;72;46m[48;2;126;66;40m▄[38;2;131;72;46m[48;2;127;67;40m▄[38;2;130;71;46m[48;2;127;67;40m▄[38;2;130;71;46m[48;2;128;68;41m▄[38;2;132;71;47m[48;2;128;68;43m▄[38;2;132;72;47m[48;2;129;68;41m▄[38;2;133;72;46m[48;2;130;68;41m▄[38;2;134;73;47m[48;2;130;69;42m▄[38;2;134;73;48m[48;2;130;70;43m▄[38;2;136;73;49m[48;2;130;70;43m▄[38;2;136;74;49m[48;2;130;71;44m▄[38;2;136;74;49m[48;2;131;71;43m▄[38;2;136;74;49m[48;2;130;70;44m▄[38;2;138;74;46m[48;2;129;70;43m▄[38;2;142;74;38m[48;2;130;70;43m▄[38;2;140;74;41m[48;2;130;70;44m▄[38;2;135;74;47m[48;2;130;70;43m▄[38;2;134;74;48m[48;2;130;70;44m▄[38;2;145;78;53m[48;2;141;76;48m▄[0m
[38;2;147;76;48m[48;2;142;73;46m▄[38;2;172;89;57m[48;2;155;80;51m▄[38;2;157;80;51m[48;2;143;73;45m▄[38;2;157;81;50m[48;2;142;72;45m▄[38;2;159;83;53m[48;2;141;73;46m▄[38;2;161;83;54m[48;2;142;72;46m▄[38;2;162;84;54m[48;2;142;72;45m▄[38;2;159;84;55m[48;2;140;72;45m▄[38;2;162;87;54m[48;2;140;73;46m▄[38;2;224;116;35m[48;2;207;107;30m▄[38;2;192;104;31m[48;2;184;95;26m▄[38;2;132;85;56m[48;2;126;61;24m▄[38;2;133;67;38m[48;2;163;74;39m▄[38;2;124;55;18m[48;2;196;85;46m▄[38;2;115;45;10m[48;2;116;52;17m▄[38;2;116;55;28m[48;2;104;50;27m▄[38;2;175;93;58m[48;2;156;80;50m▄[38;2;96;60;54m[48;2;89;54;49m▄[38;2;64;64;80m[48;2;62;61;77m▄[38;2;59;54;69m[48;2;51;49;64m▄[38;2;151;90;57m[48;2;143;89;54m▄[38;2;234;148;85m[48;2;227;149;86m▄[38;2;160;90;34m[48;2;143;83;26m▄[38;2;151;83;49m[48;2;134;73;42m▄[38;2;164;87;56m[48;2;143;75;50m▄[38;2;161;86;54m[48;2;139;72;46m▄[38;2;160;85;53m[48;2;149;80;54m▄[38;2;255;178;135m[48;2;247;178;137m▄[38;2;255;195;150m[48;2;245;177;136m▄[38;2;228;164;129m[48;2;202;144;116m▄[38;2;150;112;102m[48;2;137;100;90m▄[38;2;122;85;79m[48;2;144;99;82m▄[38;2;157;84;53m[48;2;134;87;71m▄[38;2;167;92;62m[48;2;115;78;67m▄[38;2;255;187;144m[48;2;255;195;152m▄[38;2;255;207;161m[48;2;254;190;151m▄[38;2;255;186;149m[48;2;235;168;136m▄[38;2;225;167;147m[48;2;198;152;143m▄[38;2;178;144;157m[48;2;161;128;141m▄[38;2;159;91;68m[48;2;134;71;45m▄[38;2;156;84;54m[48;2;132;71;46m▄[38;2;157;87;59m[48;2;133;73;49m▄[38;2;158;88;59m[48;2;133;74;49m▄[38;2;158;89;58m[48;2;134;75;50m▄[38;2;158;88;58m[48;2;133;74;49m▄[38;2;158;88;58m[48;2;134;74;49m▄[38;2;157;88;58m[48;2;133;74;49m▄[38;2;156;87;57m[48;2;133;74;49m▄[38;2;154;84;54m[48;2;133;75;50m▄[38;2;154;83;52m[48;2;133;75;50m▄[38;2;154;83;54m[48;2;133;74;49m▄[38;2;153;83;54m[48;2;133;74;48m▄[38;2;154;84;55m[48;2;132;74;48m▄[38;2;153;84;54m[48;2;133;74;48m▄[38;2;152;83;54m[48;2;134;74;46m▄[38;2;151;82;54m[48;2;137;73;41m▄[38;2;150;82;53m[48;2;135;73;44m▄[38;2;149;81;53m[48;2;132;73;47m▄[38;2;149;80;52m[48;2;131;73;48m▄[38;2;161;86;56m[48;2;142;79;52m▄[0m
