[38;2;47;85;104m[48;2;70;84;95m▄[38;2;56;98;120m[48;2;67;84;94m▄[38;2;101;131;149m[48;2;30;54;65m▄[38;2;72;110;130m[48;2;42;61;75m▄[38;2;44;86;107m[48;2;54;77;88m▄[38;2;50;92;113m[48;2;50;75;90m▄[38;2;50;86;103m[48;2;48;77;94m▄[38;2;52;97;116m[48;2;50;81;98m▄[38;2;43;87;107m[48;2;52;81;102m▄[38;2;74;111;126m[48;2;48;84;100m▄[38;2;80;130;152m[48;2;42;81;100m▄[38;2;80;134;158m[48;2;44;84;113m▄[38;2;84;139;163m[48;2;83;115;127m▄[38;2;87;140;168m[48;2;83;112;127m▄[38;2;107;152;179m[48;2;30;108;183m▄[38;2;154;179;191m[48;2;23;108;189m▄[38;2;180;193;196m[48;2;30;112;189m▄[38;2;197;206;207m[48;2;38;119;195m▄[38;2;206;213;217m[48;2;42;119;195m▄[38;2;184;199;214m[48;2;28;110;187m▄[38;2;81;136;172m[48;2;36;113;189m▄[38;2;47;102;138m[48;2;42;113;185m▄[38;2;44;90;122m[48;2;44;113;181m▄[38;2;45;94;125m[48;2;44;112;181m▄[38;2;47;98;131m[48;2;40;108;177m▄[38;2;47;100;134m[48;2;40;110;177m▄[38;2;48;103;137m[48;2;38;108;175m▄[38;2;52;107;142m[48;2;38;106;173m▄[38;2;61;114;150m[48;2;40;102;171m▄[38;2;74;129;169m[48;2;40;100;168m▄[38;2;88;143;182m[48;2;36;98;166m▄[38;2;114;164;199m[48;2;40;100;169m▄[38;2;140;183;213m[48;2;40;102;171m▄[38;2;156;197;225m[48;2;50;117;179m▄[38;2;186;219;237m[48;2;137;179;198m▄[38;2;190;222;238m[48;2;150;189;206m▄[38;2;188;220;240m[48;2;150;187;206m▄[38;2;188;221;241m[48;2;156;195;212m▄[38;2;209;234;249m[48;2;158;195;210m▄[38;2;213;239;255m[48;2;160;195;210m▄[38;2;213;241;255m[48;2;160;193;210m▄[38;2;202;235;254m[48;2;156;193;210m▄[38;2;193;230;251m[48;2;150;187;208m▄[38;2;199;237;255m[48;2;139;185;204m▄[38;2;173;217;238m[48;2;119;175;195m▄[38;2;153;198;218m[48;2;112;169;189m▄[38;2;127;179;200m[48;2;129;181;202m▄[38;2;137;185;206m[48;2;127;175;195m▄[38;2;165;209;233m[48;2;135;181;200m▄[38;2;188;210;224m[48;2;154;193;218m▄[38;2;180;197;200m[48;2;160;198;224m▄[38;2;182;203;209m[48;2;158;198;224m▄[38;2;171;212;232m[48;2;144;187;210m▄[38;2;165;211;235m[48;2;133;181;204m▄[38;2;156;198;220m[48;2;131;179;204m▄[38;2;150;194;215m[48;2;129;177;200m▄[38;2;143;190;213m[48;2;123;177;200m▄[38;2;141;191;214m[48;2;104;158;181m▄[38;2;150;201;225m[48;2;104;160;183m▄[38;2;155;206;231m[48;2;137;197;224m▄[0m
[38;2;158;186;199m[48;2;96;134;151m▄[38;2;170;198;212m[48;2;102;138;154m▄[38;2;155;179;194m[48;2;151;174;189m▄[38;2;149;175;192m[48;2;118;151;171m▄[38;2;154;182;200m[48;2;83;118;134m▄[38;2;148;177;194m[48;2;82;121;140m▄[38;2;148;178;195m[48;2;86;115;125m▄[38;2;140;171;190m[48;2;76;116;132m▄[38;2;141;172;189m[48;2;70;103;117m▄[38;2;134;168;187m[48;2;107;128;138m▄[38;2;147;183;204m[48;2;123;165;187m▄[38;2;149;188;207m[48;2;121;165;186m▄[38;2;148;188;207m[48;2;122;168;190m▄[38;2;149;193;214m[48;2;123;165;185m▄[38;2;143;158;163m[48;2;153;129;106m▄[38;2;141;112;100m[48;2;179;137;101m▄[38;2;146;93;68m[48;2;196;151;119m▄[38;2;131;74;56m[48;2;197;150;124m▄[38;2;132;82;62m[48;2;198;150;126m▄[38;2;169;113;97m[48;2;221;180;160m▄[38;2;169;142;135m[48;2;153;166;173m▄[38;2;159;201;221m[48;2;97;145;167m▄[38;2;156;203;221m[48;2;91;136;153m▄[38;2;158;205;221m[48;2;88;136;151m▄[38;2;172;211;229m[48;2;103;148;166m▄[38;2;171;210;228m[48;2;104;148;168m▄[38;2;168;205;222m[48;2;109;153;171m▄[38;2;169;202;220m[48;2;117;160;178m▄[38;2;173;205;224m[48;2;127;169;187m▄[38;2;175;207;226m[48;2;138;177;196m▄[38;2;178;206;225m[48;2;152;185;203m▄[38;2;191;212;227m[48;2;178;202;214m▄[38;2;194;214;228m[48;2;193;211;223m▄[38;2;194;215;229m[48;2;196;213;225m▄[38;2;194;215;229m[48;2;194;214;228m▄[38;2;195;215;230m[48;2;194;214;228m▄[38;2;190;215;229m[48;2;185;209;225m▄[38;2;192;221;239m[48;2;179;206;224m▄[38;2;140;160;171m[48;2;191;214;228m▄[38;2;58;52;48m[48;2;170;194;206m▄[38;2;108;90;82m[48;2;157;177;190m▄[38;2;117;98;90m[48;2;147;166;182m▄[38;2;120;100;92m[48;2;141;162;175m▄[38;2;95;77;67m[48;2;158;178;189m▄[38;2;51;43;37m[48;2;100;115;122m▄[38;2;48;52;53m[48;2;44;50;54m▄[38;2;169;197;215m[48;2;145;180;201m▄[38;2;194;219;235m[48;2;181;215;235m▄[38;2;183;209;224m[48;2;176;205;225m▄[38;2;197;217;233m[48;2;182;194;199m▄[38;2;198;219;237m[48;2;169;176;170m▄[38;2;191;215;236m[48;2;173;182;184m▄[38;2;178;207;227m[48;2;173;202;219m▄[38;2;164;192;207m[48;2;163;197;214m▄[38;2;141;170;181m[48;2;134;163;176m▄[38;2;141;172;184m[48;2;135;162;173m▄[38;2;130;161;176m[48;2;122;151;165m▄[38;2;150;193;212m[48;2;135;175;192m▄[38;2;160;198;215m[48;2;163;203;222m▄[38;2;154;185;199m[48;2;142;175;189m▄[0m
[38;2;142;140;129m[48;2;169;190;199m▄[38;2;162;160;154m[48;2;175;201;215m▄[38;2;138;152;160m[48;2;151;180;200m▄[38;2;143;168;179m[48;2;149;177;198m▄[38;2;167;182;188m[48;2;150;182;202m▄[38;2;165;184;197m[48;2;151;183;203m▄[38;2;161;185;202m[48;2;153;186;206m▄[38;2;157;186;203m[48;2;156;188;208m▄[38;2;151;185;204m[48;2;155;188;207m▄[38;2;154;187;210m[48;2;152;187;207m▄[38;2;79;86;114m[48;2;152;186;207m▄[38;2;48;47;76m[48;2;141;168;191m▄[38;2;51;49;79m[48;2;122;146;169m▄[38;2;51;47;76m[48;2;111;130;154m▄[38;2;41;39;65m[48;2;99;115;143m▄[38;2;30;30;56m[48;2;73;78;104m▄[38;2;112;120;141m[48;2;136;123;128m▄[38;2;230;198;208m[48;2;156;124;118m▄[38;2;185;42;61m[48;2;114;58;48m▄[38;2;228;194;207m[48;2;163;127;125m▄[38;2;190;196;210m[48;2;175;158;166m▄[38;2;56;50;85m[48;2;98;105;135m▄[38;2;75;70;99m[48;2;108;121;149m▄[38;2;57;52;85m[48;2;121;136;162m▄[38;2;56;52;85m[48;2;143;159;184m▄[38;2;45;42;70m[48;2;160;181;204m▄[38;2;88;94;116m[48;2;183;210;229m▄[38;2;193;221;233m[48;2;187;215;232m▄[38;2;190;218;229m[48;2;181;211;228m▄[38;2;186;215;231m[48;2;180;212;230m▄[38;2;169;200;216m[48;2;179;208;227m▄[38;2;178;207;223m[48;2;185;212;231m▄[38;2;193;218;233m[48;2;190;215;229m▄[38;2;200;225;239m[48;2;189;216;228m▄[38;2;206;231;245m[48;2;188;215;228m▄[38;2;211;232;244m[48;2;195;217;230m▄[38;2;195;220;234m[48;2;186;211;227m▄[38;2;195;224;242m[48;2;183;215;237m▄[38;2;195;183;184m[48;2;174;167;167m▄[38;2;167;113;91m[48;2;161;121;100m▄[38;2;141;95;79m[48;2;178;134;117m▄[38;2;165;118;101m[48;2;196;144;123m▄[38;2;144;96;79m[48;2;179;132;113m▄[38;2;149;98;82m[48;2;175;129;112m▄[38;2;165;113;92m[48;2;164;126;106m▄[38;2;174;141;126m[48;2;146;115;103m▄[38;2;197;206;215m[48;2;176;175;182m▄[38;2;194;220;236m[48;2;192;216;231m▄[38;2;185;209;225m[48;2;184;206;223m▄[38;2;192;214;228m[48;2;197;215;230m▄[38;2;193;213;229m[48;2;194;213;228m▄[38;2;182;206;224m[48;2;186;209;226m▄[38;2;174;203;220m[48;2;173;202;221m▄[38;2;149;176;185m[48;2;168;196;211m▄[38;2;143;169;177m[48;2;162;189;202m▄[38;2;142;169;176m[48;2;164;189;205m▄[38;2;145;173;184m[48;2;158;188;205m▄[38;2;177;206;224m[48;2;162;197;217m▄[38;2;150;177;188m[48;2;151;180;194m▄[38;2;159;188;197m[48;2;173;205;221m▄[0m
[38;2;145;142;142m[48;2;123;118;105m▄[38;2;151;151;148m[48;2;133;126;112m▄[38;2;135;137;130m[48;2;123;115;102m▄[38;2;138;132;123m[48;2;128;120;108m▄[38;2;134;125;114m[48;2;136;130;120m▄[38;2;133;123;111m[48;2;149;145;138m▄[38;2;129;117;107m[48;2;163;161;159m▄[38;2;129;120;111m[48;2;173;175;174m▄[38;2;142;137;122m[48;2;184;193;194m▄[38;2;99;98;107m[48;2;152;161;174m▄[38;2;31;33;57m[48;2;35;35;59m▄[38;2;18;19;32m[48;2;31;32;54m▄[38;2;23;24;41m[48;2;49;50;79m▄[38;2;36;38;60m[48;2;57;57;87m▄[38;2;38;37;58m[48;2;53;53;82m▄[38;2;42;39;62m[48;2;49;48;78m▄[38;2;31;39;64m[48;2;64;74;102m▄[38;2;112;43;65m[48;2;216;132;147m▄[38;2;232;52;70m[48;2;222;31;51m▄[38;2;227;63;81m[48;2;236;112;127m▄[38;2;116;90;109m[48;2;182;184;196m▄[38;2;31;37;60m[48;2;52;52;86m▄[38;2;40;39;61m[48;2;61;60;93m▄[38;2;36;35;53m[48;2;56;55;84m▄[38;2;36;36;53m[48;2;56;56;84m▄[38;2;24;25;43m[48;2;36;36;59m▄[38;2;28;27;49m[48;2;36;38;58m▄[38;2;120;135;150m[48;2;173;195;209m▄[38;2;186;211;224m[48;2;197;224;236m▄[38;2;195;222;236m[48;2;189;215;228m▄[38;2;198;225;238m[48;2;186;214;227m▄[38;2;203;231;243m[48;2;192;220;232m▄[38;2;124;138;147m[48;2;202;227;239m▄[38;2;47;43;54m[48;2;170;184;198m▄[38;2;51;47;58m[48;2;140;148;162m▄[38;2;57;54;67m[48;2;128;135;149m▄[38;2;60;57;69m[48;2;115;121;133m▄[38;2;56;53;65m[48;2;107;112;126m▄[38;2;45;44;56m[48;2;95;95;108m▄[38;2;34;36;46m[48;2;88;62;55m▄[38;2;36;33;36m[48;2;113;74;60m▄[38;2;37;32;33m[48;2;112;73;62m▄[38;2;33;28;33m[48;2;105;65;50m▄[38;2;31;28;37m[48;2;95;57;43m▄[38;2;37;37;51m[48;2;81;55;45m▄[38;2;45;44;58m[48;2;92;92;101m▄[38;2;44;40;53m[48;2;134;149;163m▄[38;2;60;58;71m[48;2;159;180;196m▄[38;2;83;84;97m[48;2;182;205;222m▄[38;2;105;106;117m[48;2;193;216;229m▄[38;2;136;135;141m[48;2;200;221;233m▄[38;2;161;166;171m[48;2;187;212;227m▄[38;2;174;196;205m[48;2;167;200;217m▄[38;2;171;191;199m[48;2;146;175;186m▄[38;2;168;188;195m[48;2;146;175;185m▄[38;2;165;184;192m[48;2;141;169;180m▄[38;2;167;187;196m[48;2;152;184;203m▄[38;2;167;186;193m[48;2;175;205;223m▄[38;2;157;174;181m[48;2;150;180;194m▄[38;2;157;171;177m[48;2;166;200;211m▄[0m
[38;2;164;155;142m[48;2;155;142;131m▄[38;2;173;161;149m[48;2;163;153;143m▄[38;2;163;153;142m[48;2;142;140;132m▄[38;2;164;155;143m[48;2;137;136;133m▄[38;2;164;157;148m[48;2;136;135;132m▄[38;2;160;156;154m[48;2;137;136;131m▄[38;2;153;153;154m[48;2;140;138;129m▄[38;2;154;156;153m[48;2;144;139;128m▄[38;2;155;156;151m[48;2;145;136;121m▄[38;2;58;57;76m[48;2;70;66;80m▄[38;2;24;24;44m[48;2;27;29;52m▄[38;2;19;18;24m[48;2;9;8;18m▄[38;2;31;32;41m[48;2;6;6;17m▄[38;2;22;26;47m[48;2;23;24;44m▄[38;2;30;31;50m[48;2;30;29;46m▄[38;2;30;29;49m[48;2;32;31;49m▄[38;2;31;27;45m[48;2;31;32;53m▄[38;2;21;28;43m[48;2;32;32;53m▄[38;2;54;25;40m[48;2;183;48;67m▄[38;2;58;20;36m[48;2;165;27;46m▄[38;2;14;20;35m[48;2;31;24;44m▄[38;2;25;23;41m[48;2;27;28;47m▄[38;2;28;27;45m[48;2;28;27;45m▄[38;2;32;31;50m[48;2;30;29;47m▄[38;2;24;24;40m[48;2;26;25;41m▄[38;2;7;7;21m[48;2;9;10;23m▄[38;2;18;17;37m[48;2;19;19;40m▄[38;2;60;60;75m[48;2;92;101;118m▄[38;2;131;129;129m[48;2;199;220;232m▄[38;2;93;88;90m[48;2;196;216;227m▄[38;2;35;33;42m[48;2;160;176;189m▄[38;2;18;16;26m[48;2;99;104;118m▄[38;2;22;21;31m[48;2;31;28;40m▄[38;2;39;37;48m[48;2;42;40;50m▄[38;2;46;44;55m[48;2;58;56;66m▄[38;2;50;49;59m[48;2;64;62;71m▄[38;2;51;49;59m[48;2;64;62;71m▄[38;2;51;49;60m[48;2;63;62;71m▄[38;2;49;47;58m[48;2;57;56;65m▄[38;2;54;53;61m[48;2;52;50;60m▄[38;2;55;53;64m[48;2;49;49;59m▄[38;2;55;53;64m[48;2;46;47;57m▄[38;2;55;54;64m[48;2;50;50;60m▄[38;2;58;56;67m[48;2;52;51;62m▄[38;2;56;54;64m[48;2;55;54;65m▄[38;2;54;52;61m[48;2;56;55;65m▄[38;2;50;49;58m[48;2;55;54;65m▄[38;2;46;44;53m[48;2;53;52;63m▄[38;2;29;28;38m[48;2;50;48;59m▄[38;2;31;30;41m[48;2;42;39;51m▄[38;2;44;42;52m[48;2;37;34;48m▄[38;2;52;51;64m[48;2;68;67;78m▄[38;2;115;115;115m[48;2;150;149;137m▄[38;2;187;182;172m[48;2;168;164;149m▄[38;2;180;175;168m[48;2;191;181;168m▄[38;2;181;176;168m[48;2;201;191;177m▄[38;2;177;174;166m[48;2;200;188;173m▄[38;2;173;172;164m[48;2;198;185;171m▄[38;2;172;169;165m[48;2;196;183;170m▄[38;2;183;180;176m[48;2;203;189;174m▄[0m
[38;2;166;160;153m[48;2;177;166;155m▄[38;2;180;173;165m[48;2;187;176;162m▄[38;2;166;158;148m[48;2;178;166;152m▄[38;2;164;159;151m[48;2;178;167;151m▄[38;2;165;161;157m[48;2;179;166;153m▄[38;2;163;158;153m[48;2;177;164;152m▄[38;2;163;160;154m[48;2;177;166;152m▄[38;2;163;160;153m[48;2;179;171;161m▄[38;2;167;162;154m[48;2;168;165;160m▄[38;2;53;55;71m[48;2;51;52;72m▄[38;2;18;22;44m[48;2;24;22;43m▄[38;2;14;16;31m[48;2;32;31;40m▄[38;2;15;18;29m[48;2;55;57;63m▄[38;2;21;22;38m[48;2;18;19;41m▄[38;2;26;26;44m[48;2;29;30;50m▄[38;2;26;26;43m[48;2;29;28;47m▄[38;2;25;24;42m[48;2;26;25;43m▄[38;2;27;26;44m[48;2;28;26;43m▄[38;2;26;23;40m[48;2;19;23;40m▄[38;2;25;24;41m[48;2;18;25;41m▄[38;2;21;23;36m[48;2;20;22;33m▄[38;2;18;20;32m[48;2;20;21;35m▄[38;2;16;18;31m[48;2;24;25;42m▄[38;2;20;22;35m[48;2;30;29;48m▄[38;2;59;51;59m[48;2;16;16;33m▄[38;2;110;90;90m[48;2;1;3;17m▄[38;2;140;113;110m[48;2;33;35;52m▄[38;2;73;60;62m[48;2;55;55;69m▄[38;2;7;9;16m[48;2;57;55;66m▄[38;2;29;29;34m[48;2;36;35;46m▄[38;2;69;70;72m[48;2;22;20;29m▄[38;2;137;138;134m[48;2;9;8;13m▄[38;2;42;42;44m[48;2;21;21;26m▄[38;2;21;20;30m[48;2;33;31;40m▄[38;2;35;33;44m[48;2;36;35;45m▄[38;2;40;38;49m[48;2;43;41;52m▄[38;2;42;41;50m[48;2;49;47;58m▄[38;2;44;42;51m[48;2;47;45;55m▄[38;2;42;40;50m[48;2;48;46;56m▄[38;2;36;34;45m[48;2;48;46;58m▄[38;2;32;31;41m[48;2;42;41;51m▄[38;2;32;31;40m[48;2;37;35;45m▄[38;2;20;21;29m[48;2;35;34;43m▄[38;2;12;13;23m[48;2;33;32;41m▄[38;2;13;14;21m[48;2;30;29;37m▄[38;2;13;13;19m[48;2;30;29;38m▄[38;2;13;12;17m[48;2;31;30;40m▄[38;2;15;14;20m[48;2;24;23;31m▄[38;2;22;21;30m[48;2;14;14;22m▄[38;2;37;36;45m[48;2;26;25;34m▄[38;2;45;44;53m[48;2;37;36;45m▄[38;2;43;42;52m[48;2;38;37;47m▄[38;2;25;24;34m[48;2;38;36;48m▄[38;2;100;98;92m[48;2;133;133;135m▄[38;2;158;151;135m[48;2;168;169;161m▄[38;2;152;141;133m[48;2;160;161;156m▄[38;2;149;138;133m[48;2;160;159;155m▄[38;2;144;134;129m[48;2;154;152;143m▄[38;2;147;136;132m[48;2;157;153;145m▄[38;2;163;151;149m[48;2;168;160;155m▄[0m
[38;2;216;206;194m[48;2;173;169;153m▄[38;2;229;221;208m[48;2;197;191;180m▄[38;2;206;199;188m[48;2;188;183;172m▄[38;2;204;197;187m[48;2;192;187;176m▄[38;2;201;194;186m[48;2;196;189;176m▄[38;2;195;189;182m[48;2;203;194;181m▄[38;2;188;183;179m[48;2;208;200;186m▄[38;2;183;181;179m[48;2;210;201;186m▄[38;2;180;180;178m[48;2;225;216;199m▄[38;2;169;169;167m[48;2;103;96;103m▄[38;2;150;128;123m[48;2;38;29;42m▄[38;2;138;96;90m[48;2;51;39;49m▄[38;2;117;93;92m[48;2;31;25;33m▄[38;2;57;57;70m[48;2;12;14;29m▄[38;2;21;21;39m[48;2;22;24;41m▄[38;2;27;27;47m[48;2;26;25;44m▄[38;2;25;27;46m[48;2;27;26;44m▄[38;2;24;26;41m[48;2;26;26;45m▄[38;2;9;9;15m[48;2;21;20;33m▄[38;2;2;2;4m[48;2;13;13;21m▄[38;2;14;16;27m[48;2;19;21;34m▄[38;2;17;20;33m[48;2;18;20;32m▄[38;2;20;22;34m[48;2;13;18;30m▄[38;2;46;37;47m[48;2;112;88;87m▄[38;2;54;43;49m[48;2;157;110;102m▄[38;2;125;97;91m[48;2;141;93;85m▄[38;2;141;114;107m[48;2;85;51;46m▄[38;2;189;179;164m[48;2;52;45;41m▄[38;2;200;191;178m[48;2;117;117;113m▄[38;2;191;181;170m[48;2;171;170;164m▄[38;2;196;186;173m[48;2;199;198;190m▄[38;2;68;65;62m[48;2;143;145;140m▄[38;2;5;5;10m[48;2;13;13;19m▄[38;2;21;20;26m[48;2;21;19;27m▄[38;2;24;23;30m[48;2;28;27;37m▄[38;2;23;21;29m[48;2;33;31;42m▄[38;2;21;20;28m[48;2;33;32;41m▄[38;2;21;20;27m[48;2;30;29;37m▄[38;2;20;20;26m[48;2;28;27;37m▄[38;2;19;18;23m[48;2;26;25;35m▄[38;2;17;15;21m[48;2;24;22;30m▄[38;2;16;14;21m[48;2;20;19;26m▄[38;2;50;40;41m[48;2;44;39;43m▄[38;2;109;82;76m[48;2;48;39;43m▄[38;2;191;144;130m[48;2;40;33;36m▄[38;2;185;142;130m[48;2;36;35;42m▄[38;2;120;94;93m[48;2;30;32;42m▄[38;2;48;46;57m[48;2;53;51;63m▄[38;2;33;32;41m[48;2;59;57;70m▄[38;2;30;29;35m[48;2;53;51;65m▄[38;2;87;84;89m[48;2;42;40;52m▄[38;2;170;167;163m[48;2;46;44;53m▄[38;2;201;198;190m[48;2;113;112;112m▄[38;2;188;185;179m[48;2;186;184;179m▄[38;2;179;176;171m[48;2;182;176;172m▄[38;2;174;171;166m[48;2;184;176;172m▄[38;2;167;164;159m[48;2;188;181;175m▄[38;2;162;158;154m[48;2;191;183;178m▄[38;2;157;154;150m[48;2;190;184;179m▄[38;2;162;158;155m[48;2;201;197;191m▄[0m
[38;2;181;171;157m[48;2;151;153;153m▄[38;2;199;187;172m[48;2;162;163;162m▄[38;2;186;176;161m[48;2;149;149;149m▄[38;2;188;178;162m[48;2;151;152;152m▄[38;2;182;173;148m[48;2;154;155;151m▄[38;2;177;166;142m[48;2;152;153;147m▄[38;2;192;177;163m[48;2;162;162;156m▄[38;2;190;176;164m[48;2;165;165;161m▄[38;2;182;168;156m[48;2;172;170;165m▄[38;2;178;164;154m[48;2;179;176;168m▄[38;2;178;163;155m[48;2;186;183;173m▄[38;2;176;162;157m[48;2;181;170;157m▄[38;2;177;164;157m[48;2;198;185;172m▄[38;2;178;166;158m[48;2;189;178;171m▄[38;2;56;53;63m[48;2;35;34;49m▄[38;2;1;0;7m[48;2;14;15;27m▄[38;2;1;0;3m[48;2;14;14;24m▄[38;2;0;0;0m[48;2;8;6;11m▄[38;2;0;0;0m[48;2;2;0;3m▄[38;2;1;0;4m[48;2;4;2;6m▄[38;2;4;1;9m[48;2;5;5;11m▄[38;2;2;0;5m[48;2;10;11;19m▄[38;2;2;0;5m[48;2;10;10;18m▄[38;2;8;8;19m[48;2;6;9;20m▄[38;2;17;16;26m[48;2;15;18;29m▄[38;2;176;172;167m[48;2;140;134;132m▄[38;2;213;208;199m[48;2;178;169;166m▄[38;2;210;204;197m[48;2;170;161;161m▄[38;2;215;207;201m[48;2;170;161;161m▄[38;2;232;225;221m[48;2;183;173;173m▄[38;2;103;98;99m[48;2;142;137;137m▄[38;2;2;0;4m[48;2;12;15;20m▄[38;2;20;17;22m[48;2;18;17;23m▄[38;2;17;14;20m[48;2;20;18;24m▄[38;2;15;11;17m[48;2;19;18;23m▄[38;2;14;9;15m[48;2;16;15;20m▄[38;2;10;6;11m[48;2;15;14;20m▄[38;2;10;6;11m[48;2;16;15;21m▄[38;2;9;6;11m[48;2;17;15;21m▄[38;2;4;2;7m[48;2;15;14;19m▄[38;2;0;0;2m[48;2;7;7;13m▄[38;2;14;8;11m[48;2;55;42;44m▄[38;2;32;19;19m[48;2;123;86;77m▄[38;2;16;6;6m[48;2;125;85;70m▄[38;2;3;0;3m[48;2;111;70;58m▄[38;2;0;0;0m[48;2;88;56;44m▄[38;2;0;0;0m[48;2;62;38;28m▄[38;2;0;0;0m[48;2;10;7;8m▄[38;2;28;25;30m[48;2;40;39;44m▄[38;2;156;149;147m[48;2;146;143;137m▄[38;2;154;147;143m[48;2;173;170;165m▄[38;2;148;141;139m[48;2;166;161;158m▄[38;2;149;144;141m[48;2;157;152;149m▄[38;2;146;140;137m[48;2;153;148;146m▄[38;2;142;135;132m[48;2;156;152;149m▄[38;2;138;133;129m[48;2;153;149;146m▄[38;2;142;137;133m[48;2;153;149;146m▄[38;2;144;138;135m[48;2;149;145;142m▄[38;2;142;136;133m[48;2;153;147;144m▄[38;2;152;146;143m[48;2;162;157;153m▄[0m
[38;2;66;112;129m[48;2;166;171;166m▄[38;2;60;111;128m[48;2;179;185;181m▄[38;2;46;94;113m[48;2;160;163;161m▄[38;2;64;124;144m[48;2;147;150;150m▄[38;2;71;132;158m[48;2;140;143;145m▄[38;2;65;128;157m[48;2;138;141;142m▄[38;2;71;132;164m[48;2;136;138;140m▄[38;2;78;141;171m[48;2;137;138;141m▄[38;2;79;145;175m[48;2;138;140;142m▄[38;2;80;148;179m[48;2;139;141;143m▄[38;2;84;154;185m[48;2;141;143;145m▄[38;2;83;155;187m[48;2;145;146;149m▄[38;2;80;152;186m[48;2;145;149;150m▄[38;2;94;165;202m[48;2;153;156;156m▄[38;2;99;168;203m[48;2;72;80;90m▄[38;2;103;168;200m[48;2;12;25;39m▄[38;2;108;172;203m[48;2;15;27;37m▄[38;2;112;175;208m[48;2;14;22;31m▄[38;2;113;177;210m[48;2;14;23;31m▄[38;2;134;178;188m[48;2;17;31;45m▄[38;2;163;181;171m[48;2;23;38;53m▄[38;2;178;184;168m[48;2;24;37;51m▄[38;2;176;175;162m[48;2;31;44;58m▄[38;2;179;189;174m[48;2;28;41;57m▄[38;2;164;202;205m[48;2;33;46;59m▄[38;2;140;196;222m[48;2;169;176;180m▄[38;2;139;197;223m[48;2;182;190;190m▄[38;2;126;189;218m[48;2;172;179;179m▄[38;2;114;179;209m[48;2;165;171;172m▄[38;2;101;166;198m[48;2;167;172;174m▄[38;2;88;151;182m[48;2;74;82;87m▄[38;2;74;137;164m[48;2;11;19;26m▄[38;2;62;122;148m[48;2;18;25;32m▄[38;2;45;104;127m[48;2;15;21;28m▄[38;2;30;84;100m[48;2;14;20;28m▄[38;2;27;81;98m[48;2;17;23;31m▄[38;2;51;100;115m[48;2;37;42;50m▄[38;2;79;129;148m[48;2;37;44;52m▄[38;2;104;156;176m[48;2;33;39;44m▄[38;2;146;192;207m[48;2;46;46;49m▄[38;2;188;225;231m[48;2;49;48;50m▄[38;2;216;243;245m[48;2;39;39;43m▄[38;2;230;249;248m[48;2;30;34;38m▄[38;2;220;238;235m[48;2;35;37;43m▄[38;2;207;226;221m[48;2;34;36;40m▄[38;2;203;223;217m[48;2;37;39;43m▄[38;2;205;225;220m[48;2;46;45;51m▄[38;2;203;222;218m[48;2;48;47;53m▄[38;2;214;233;229m[48;2;48;47;52m▄[38;2;221;241;237m[48;2;141;139;139m▄[38;2;229;249;246m[48;2;173;170;169m▄[38;2;234;253;252m[48;2;160;159;157m▄[38;2;243;255;255m[48;2;162;160;158m▄[38;2;222;234;235m[48;2;160;157;155m▄[38;2;154;185;187m[48;2;140;141;139m▄[38;2;251;255;255m[48;2;157;156;154m▄[38;2;251;255;255m[48;2;160;158;155m▄[38;2;219;242;241m[48;2;148;149;146m▄[38;2;173;202;190m[48;2;150;151;149m▄[38;2;154;189;173m[48;2;178;174;173m▄[0m
[38;2;46;109;166m[48;2;60;101;125m▄[38;2;33;116;193m[48;2;64;111;143m▄[38;2;31;106;179m[48;2;62;107;139m▄[38;2;30;97;171m[48;2;79;125;157m▄[38;2;35;95;167m[48;2;89;138;168m▄[38;2;38;99;169m[48;2;92;144;170m▄[38;2;37;100;170m[48;2;98;153;179m▄[38;2;39;100;168m[48;2;106;160;187m▄[38;2;43;103;166m[48;2;108;165;189m▄[38;2;44;106;169m[48;2;116;172;195m▄[38;2;44;106;170m[48;2;121;177;201m▄[38;2;49;109;169m[48;2;100;161;187m▄[38;2;57;111;169m[48;2;84;143;161m▄[38;2;59;110;166m[48;2;120;170;181m▄[38;2;65;121;176m[48;2;142;198;218m▄[38;2;68;125;179m[48;2;153;205;223m▄[38;2;104;164;202m[48;2;157;208;227m▄[38;2;144;206;226m[48;2;153;212;236m▄[38;2;139;203;222m[48;2;145;193;208m▄[38;2;147;165;167m[48;2;151;139;113m▄[38;2;149;122;101m[48;2;175;146;115m▄[38;2;150;119;94m[48;2;167;134;107m▄[38;2;145;115;92m[48;2;165;128;104m▄[38;2;152;110;85m[48;2;177;143;115m▄[38;2;154;175;175m[48;2;181;190;181m▄[38;2;88;172;205m[48;2;136;204;230m▄[38;2;82;140;151m[48;2;128;194;216m▄[38;2;134;190;204m[48;2;146;205;226m▄[38;2;145;203;231m[48;2;149;206;231m▄[38;2;142;200;228m[48;2;142;203;230m▄[38;2;143;202;229m[48;2;138;203;229m▄[38;2;142;205;230m[48;2;129;197;228m▄[38;2;119;187;215m[48;2;105;171;203m▄[38;2;110;172;197m[48;2;96;146;164m▄[38;2;114;190;227m[48;2;83;149;176m▄[38;2;77;157;187m[48;2;69;137;165m▄[38;2;101;163;178m[48;2;49;113;139m▄[38;2;86;153;184m[48;2;31;84;102m▄[38;2;99;112;107m[48;2;32;83;99m▄[38;2;141;132;117m[48;2;54;104;121m▄[38;2;138;130;116m[48;2;85;136;150m▄[38;2;107;103;91m[48;2;114;163;176m▄[38;2;58;67;58m[48;2;135;177;189m▄[38;2;67;97;95m[48;2;125;161;168m▄[38;2;134;184;196m[48;2;121;151;157m▄[38;2;141;172;172m[48;2;112;137;132m▄[38;2;136;153;145m[48;2;102;121;108m▄[38;2;130;150;139m[48;2;105;125;112m▄[38;2;95;115;104m[48;2;118;140;129m▄[38;2;76;93;83m[48;2;118;140;129m▄[38;2;77;94;84m[48;2;117;139;128m▄[38;2;79;97;86m[48;2;114;136;126m▄[38;2;85;103;91m[48;2;120;142;132m▄[38;2;76;101;91m[48;2;114;137;131m▄[38;2;85;111;105m[48;2;105;135;131m▄[38;2;107;133;123m[48;2;153;178;170m▄[38;2;109;134;121m[48;2;168;193;186m▄[38;2;110;130;115m[48;2;180;207;200m▄[38;2;127;147;131m[48;2;147;178;162m▄[38;2;140;161;144m[48;2;132;166;146m▄[0m
[38;2;75;140;169m[48;2;49;116;144m▄[38;2;73;149;185m[48;2;49;121;153m▄[38;2;68;138;169m[48;2;43;107;135m▄[38;2;78;142;170m[48;2;36;93;110m▄[38;2;68;131;156m[48;2;30;83;97m▄[38;2;64;128;153m[48;2;33;86;103m▄[38;2;78;139;165m[48;2;36;90;111m▄[38;2;78;138;165m[48;2;36;89;112m▄[38;2;79;140;168m[48;2;35;90;114m▄[38;2;81;144;171m[48;2;36;94;122m▄[38;2;87;149;176m[48;2;37;98;130m▄[38;2;95;156;185m[48;2;44;108;143m▄[38;2;107;169;197m[48;2;53;118;160m▄[38;2;109;159;184m[48;2;74;141;188m▄[38;2;67;87;112m[48;2;88;152;198m▄[38;2;71;81;107m[48;2;88;145;193m▄[38;2;71;80;107m[48;2;90;146;185m▄[38;2;65;74;102m[48;2;105;154;179m▄[38;2;61;69;96m[48;2;95;144;169m▄[38;2;57;66;96m[48;2;91;133;162m▄[38;2;183;204;221m[48;2;165;186;198m▄[38;2;227;113;140m[48;2;150;130;122m▄[38;2;222;110;144m[48;2;125;85;82m▄[38;2;229;251;255m[48;2;165;163;165m▄[38;2;99;113;136m[48;2;120;157;177m▄[38;2;75;87;118m[48;2;92;154;185m▄[38;2;78;94;124m[48;2;97;163;196m▄[38;2;72;94;124m[48;2;92;160;191m▄[38;2;86;118;148m[48;2;118;188;217m▄[38;2;107;141;149m[48;2;139;204;227m▄[38;2;138;174;161m[48;2;133;196;218m▄[38;2;134;189;199m[48;2;126;190;218m▄[38;2;126;191;216m[48;2;116;184;217m▄[38;2;102;159;177m[48;2;115;187;222m▄[38;2;103;158;177m[48;2;108;183;215m▄[38;2;115;186;213m[48;2;90;165;194m▄[38;2;119;192;223m[48;2;104;181;206m▄[38;2;110;144;153m[48;2;131;181;199m▄[38;2;128;106;85m[48;2;163;136;112m▄[38;2;129;99;77m[48;2;172;141;113m▄[38;2;129;101;79m[48;2;165;131;105m▄[38;2;117;93;67m[48;2;161;130;104m▄[38;2;110;94;71m[48;2;146;121;93m▄[38;2;132;144;135m[48;2;135;128;107m▄[38;2;112;135;130m[48;2;160;192;188m▄[38;2;102;121;113m[48;2;164;192;186m▄[38;2;109;125;116m[48;2;156;177;170m▄[38;2;103;117;108m[48;2;135;157;149m▄[38;2;91;105;94m[48;2;114;134;124m▄[38;2;116;138;126m[48;2;115;137;125m▄[38;2;147;172;158m[48;2;125;149;136m▄[38;2;144;170;158m[48;2;134;160;148m▄[38;2;156;182;175m[48;2;148;173;166m▄[38;2;118;147;142m[48;2;117;144;139m▄[38;2;128;161;160m[48;2;118;151;149m▄[38;2;157;187;187m[48;2;155;188;187m▄[38;2;164;196;190m[48;2;150;178;169m▄[38;2;134;147;135m[48;2;127;148;129m▄[38;2;44;62;52m[48;2;115;136;120m▄[38;2;88;120;108m[48;2;106;128;109m▄[0m
[38;2;99;166;194m[48;2;94;158;188m▄[38;2;107;179;216m[48;2;91;164;201m▄[38;2;105;171;206m[48;2;88;156;189m▄[38;2;123;192;223m[48;2;108;176;207m▄[38;2;108;183;213m[48;2;96;167;197m▄[38;2;114;184;216m[48;2;99;167;197m▄[38;2;131;196;227m[48;2;112;177;208m▄[38;2;130;195;226m[48;2;114;179;210m▄[38;2;130;196;227m[48;2;113;179;212m▄[38;2;131;196;226m[48;2;114;179;213m▄[38;2;130;196;225m[48;2;120;183;217m▄[38;2;139;209;239m[48;2;126;188;221m▄[38;2;88;142;166m[48;2;133;201;230m▄[38;2;28;48;68m[48;2;79;114;137m▄[38;2;30;40;55m[48;2;41;51;75m▄[38;2;32;45;67m[48;2;51;63;90m▄[38;2;44;57;83m[48;2;63;74;102m▄[38;2;47;56;82m[48;2;63;73;101m▄[38;2;51;60;86m[48;2;59;69;97m▄[38;2;41;59;85m[48;2;49;67;95m▄[38;2;91;56;82m[48;2;162;129;151m▄[38;2;255;72;110m[48;2;255;77;114m▄[38;2;255;83;123m[48;2;255;93;134m▄[38;2;96;81;104m[48;2;202;189;201m▄[38;2;39;54;76m[48;2;60;78;105m▄[38;2;44;51;72m[48;2;63;74;104m▄[38;2;40;49;68m[48;2;61;73;99m▄[38;2;38;48;66m[48;2;65;77;103m▄[38;2;30;40;57m[48;2;49;55;79m▄[38;2;40;51;71m[48;2;50;63;87m▄[38;2;113;151;174m[48;2;149;198;219m▄[38;2;158;215;238m[48;2;154;213;233m▄[38;2;141;201;225m[48;2;130;190;208m▄[38;2;90;128;141m[48;2;98;145;156m▄[38;2;46;63;67m[48;2;84;118;126m▄[38;2;64;79;86m[48;2;84;119;131m▄[38;2;63;76;85m[48;2;83;111;125m▄[38;2;60;74;84m[48;2;68;88;98m▄[38;2;51;66;74m[48;2;53;65;66m▄[38;2;48;64;73m[48;2;50;50;41m▄[38;2;51;67;78m[48;2;47;50;41m▄[38;2;56;71;82m[48;2;44;52;46m▄[38;2;61;74;84m[48;2;47;60;64m▄[38;2;61;74;83m[48;2;58;75;82m▄[38;2;59;74;81m[48;2;61;74;79m▄[38;2;48;64;69m[48;2;69;81;85m▄[38;2;44;55;61m[48;2;84;94;96m▄[38;2;46;57;66m[48;2;101;106;104m▄[38;2;63;71;73m[48;2;76;75;61m▄[38;2;110;127;107m[48;2;98;118;100m▄[38;2;135;158;144m[48;2;153;180;167m▄[38;2;128;152;141m[48;2;145;172;161m▄[38;2;148;171;163m[48;2;161;187;181m▄[38;2;78;105;102m[48;2;94;122;120m▄[38;2;121;151;146m[48;2;127;157;154m▄[38;2;154;186;181m[48;2;162;191;190m▄[38;2;166;197;194m[48;2;169;203;195m▄[38;2;180;207;199m[48;2;138;154;140m▄[38;2;161;184;171m[48;2;69;90;75m▄[38;2;111;131;116m[48;2;99;121;108m▄[0m
[38;2;134;188;212m[48;2;120;181;208m▄[38;2;141;203;230m[48;2;125;195;228m▄[38;2;131;190;216m[48;2;120;184;214m▄[38;2;143;201;225m[48;2;130;195;224m▄[38;2;123;191;216m[48;2;112;187;217m▄[38;2;121;193;219m[48;2;114;184;217m▄[38;2;137;201;227m[48;2;135;200;229m▄[38;2;138;202;229m[48;2;131;197;225m▄[38;2;142;206;232m[48;2;133;199;226m▄[38;2;145;202;226m[48;2;135;200;226m▄[38;2;145;180;194m[48;2;143;206;232m▄[38;2;150;145;147m[48;2;129;173;193m▄[38;2;179;147;144m[48;2;85;95;112m▄[38;2;160;134;130m[48;2;62;64;79m▄[38;2;72;72;76m[48;2;16;26;34m▄[38;2;15;28;38m[48;2;16;27;40m▄[38;2;24;36;56m[48;2;37;50;77m▄[38;2;37;48;70m[48;2;44;55;81m▄[38;2;41;49;70m[48;2;46;56;80m▄[38;2;38;47;66m[48;2;43;55;77m▄[38;2;32;47;62m[48;2;35;52;69m▄[38;2;44;41;55m[48;2;193;64;92m▄[38;2;27;34;47m[48;2;145;51;77m▄[38;2;29;37;50m[48;2;30;41;60m▄[38;2;31;36;55m[48;2;38;44;64m▄[38;2;27;32;50m[48;2;34;39;58m▄[38;2;9;16;31m[48;2;32;37;57m▄[38;2;64;57;62m[48;2;17;23;37m▄[38;2;165;132;128m[48;2;51;57;70m▄[38;2;139;123;123m[48;2;53;63;80m▄[38;2;100;118;130m[48;2;58;81;99m▄[38;2;147;208;228m[48;2;150;206;229m▄[38;2;115;166;183m[48;2;136;196;216m▄[38;2;15;33;38m[48;2;48;77;86m▄[38;2;36;50;56m[48;2;39;54;61m▄[38;2;44;58;64m[48;2;50;65;73m▄[38;2;50;64;69m[48;2;55;68;76m▄[38;2;50;63;70m[48;2;54;66;74m▄[38;2;51;64;72m[48;2;56;69;79m▄[38;2;50;62;70m[48;2;57;71;82m▄[38;2;46;57;64m[48;2;54;68;76m▄[38;2;37;46;52m[48;2;53;66;73m▄[38;2;27;36;43m[48;2;49;62;69m▄[38;2;25;33;40m[48;2;48;61;68m▄[38;2;19;28;31m[48;2;35;48;52m▄[38;2;16;25;24m[48;2;21;35;33m▄[38;2;38;46;51m[48;2;39;50;53m▄[38;2;40;48;55m[48;2;39;48;55m▄[38;2;38;47;55m[48;2;46;56;63m▄[38;2;79;96;82m[48;2;100;112;99m▄[38;2;153;184;128m[48;2;112;127;98m▄[38;2;145;183;117m[48;2;87;106;76m▄[38;2;137;172;112m[48;2;87;109;80m▄[38;2;112;141;111m[48;2;59;82;76m▄[38;2;136;168;128m[48;2;86;109;94m▄[38;2;149;187;127m[48;2;98;121;94m▄[38;2;153;191;129m[48;2;129;153;126m▄[38;2;165;199;143m[48;2;166;189;160m▄[38;2;171;204;151m[48;2;166;187;157m▄[38;2;190;224;171m[48;2;148;172;135m▄[0m
[38;2;127;182;201m[48;2;133;190;212m▄[38;2;132;197;223m[48;2;140;205;236m▄[38;2;121;183;206m[48;2;131;191;219m▄[38;2;131;197;216m[48;2;144;203;226m▄[38;2;118;188;211m[48;2;118;190;214m▄[38;2;122;189;218m[48;2;129;198;223m▄[38;2;141;205;234m[48;2;144;204;230m▄[38;2;119;180;201m[48;2;134;192;215m▄[38;2;103;160;174m[48;2;126;182;200m▄[38;2;106;164;179m[48;2;123;179;196m▄[38;2;115;174;192m[48;2;122;173;186m▄[38;2;149;212;236m[48;2;148;190;205m▄[38;2;143;209;235m[48;2;149;175;182m▄[38;2;150;221;248m[48;2;105;128;133m▄[38;2;101;150;166m[48;2;127;159;168m▄[38;2;26;41;57m[48;2;33;49;63m▄[38;2;33;45;62m[48;2;22;33;50m▄[38;2;31;42;60m[48;2;27;38;55m▄[38;2;34;43;62m[48;2;32;41;59m▄[38;2;36;43;64m[48;2;36;42;62m▄[38;2;34;41;61m[48;2;36;42;62m▄[38;2;30;36;54m[48;2;28;40;59m▄[38;2;26;33;48m[48;2;29;39;54m▄[38;2;19;26;39m[48;2;26;34;47m▄[38;2;12;19;29m[48;2;20;26;41m▄[38;2;9;14;21m[48;2;15;19;30m▄[38;2;6;9;14m[48;2;1;5;8m▄[38;2;32;57;62m[48;2;60;66;71m▄[38;2;73;125;120m[48;2;156;152;152m▄[38;2;87;132;118m[48;2;164;167;159m▄[38;2;99;143;131m[48;2;178;199;198m▄[38;2;94;125;119m[48;2;169;210;211m▄[38;2;15;26;25m[48;2;54;88;92m▄[38;2;17;25;24m[48;2;9;17;15m▄[38;2;26;38;39m[48;2;32;46;49m▄[38;2;25;36;40m[48;2;35;48;53m▄[38;2;31;40;46m[48;2;39;52;58m▄[38;2;37;46;53m[48;2;43;54;61m▄[38;2;37;46;54m[48;2;45;54;61m▄[38;2;36;43;52m[48;2;44;51;59m▄[38;2;31;40;47m[48;2;37;45;53m▄[38;2;29;39;46m[48;2;31;40;47m▄[38;2;31;40;46m[48;2;33;41;49m▄[38;2;31;42;44m[48;2;26;36;40m▄[38;2;22;33;33m[48;2;15;25;24m▄[38;2;14;24;22m[48;2;14;23;22m▄[38;2;35;45;48m[48;2;36;45;50m▄[38;2;41;50;57m[48;2;39;47;54m▄[38;2;37;46;52m[48;2;38;47;56m▄[38;2;52;70;67m[48;2;57;73;69m▄[38;2;137;166;150m[48;2;154;184;149m▄[38;2;136;166;145m[48;2;148;180;148m▄[38;2;132;164;140m[48;2;136;168;140m▄[38;2;138;168;143m[48;2;151;181;157m▄[38;2;140;167;144m[48;2;157;187;162m▄[38;2;149;174;155m[48;2;167;194;171m▄[38;2;157;181;165m[48;2;176;201;177m▄[38;2;159;184;168m[48;2;175;202;174m▄[38;2;162;187;171m[48;2;177;204;177m▄[38;2;181;204;190m[48;2;201;224;203m▄[0m
[38;2;94;123;114m[48;2;155;190;188m▄[38;2;122;146;135m[48;2;170;206;203m▄[38;2;119;136;126m[48;2;155;187;184m▄[38;2;110;128;119m[48;2;151;181;176m▄[38;2;107;128;120m[48;2;152;184;182m▄[38;2;103;130;127m[48;2;118;180;204m▄[38;2;101;126;126m[48;2;123;183;210m▄[38;2;103;126;126m[48;2;123;180;203m▄[38;2;99;123;121m[48;2;124;180;199m▄[38;2;98;121;116m[48;2;126;181;197m▄[38;2;98;118;110m[48;2;128;179;191m▄[38;2;98;114;105m[48;2;126;170;182m▄[38;2;99;113;102m[48;2;120;162;174m▄[38;2;105;119;104m[48;2;124;169;174m▄[38;2;85;101;102m[48;2;68;95;108m▄[38;2;48;64;86m[48;2;31;45;66m▄[38;2;48;64;89m[48;2;42;55;77m▄[38;2;39;52;76m[48;2;39;49;71m▄[38;2;39;50;71m[48;2;40;46;70m▄[38;2;30;36;50m[48;2;44;49;74m▄[38;2;5;6;8m[48;2;32;37;54m▄[38;2;14;20;26m[48;2;22;29;43m▄[38;2;24;30;44m[48;2;23;30;43m▄[38;2;17;24;37m[48;2;17;25;37m▄[38;2;14;20;32m[48;2;12;20;29m▄[38;2;12;19;27m[48;2;9;14;21m▄[38;2;4;11;20m[48;2;3;6;15m▄[38;2;49;65;70m[48;2;35;45;49m▄[38;2;173;199;187m[48;2;142;169;150m▄[38;2;163;192;180m[48;2;136;164;143m▄[38;2;155;186;176m[48;2;145;173;155m▄[38;2;86;106;90m[48;2;44;64;60m▄[38;2;42;44;31m[48;2;1;11;13m▄[38;2;28;37;37m[48;2;21;31;33m▄[38;2;20;31;35m[48;2;20;31;32m▄[38;2;24;36;39m[48;2;20;31;32m▄[38;2;25;36;42m[48;2;26;35;39m▄[38;2;28;38;46m[48;2;29;38;46m▄[38;2;31;40;48m[48;2;31;40;48m▄[38;2;27;37;46m[48;2;30;39;47m▄[38;2;27;37;44m[48;2;25;34;41m▄[38;2;27;36;41m[48;2;26;35;40m▄[38;2;25;35;39m[48;2;26;35;40m▄[38;2;24;34;39m[48;2;24;34;38m▄[38;2;21;32;34m[48;2;22;33;34m▄[38;2;11;19;17m[48;2;13;21;18m▄[38;2;25;37;37m[48;2;29;39;39m▄[38;2;38;50;52m[48;2;40;49;54m▄[38;2;27;41;43m[48;2;33;42;47m▄[38;2;84;101;97m[48;2;69;85;82m▄[38;2;190;209;201m[48;2;166;188;173m▄[38;2;173;192;183m[48;2;167;187;176m▄[38;2;167;187;177m[48;2;172;192;183m▄[38;2;160;183;171m[48;2;175;195;187m▄[38;2;156;177;167m[48;2;178;197;189m▄[38;2;152;174;164m[48;2;179;197;188m▄[38;2;151;173;163m[48;2;175;193;184m▄[38;2;151;173;164m[48;2;169;188;178m▄[38;2;151;174;166m[48;2;164;184;174m▄[38;2;165;189;180m[48;2;171;192;183m▄[0m
