[38;2;119;107;117m[48;2;181;167;167m▄[38;2;140;127;139m[48;2;195;181;181m▄[38;2;131;121;130m[48;2;183;168;168m▄[38;2;133;122;134m[48;2;185;170;174m▄[38;2;137;125;138m[48;2;191;176;180m▄[38;2;141;124;133m[48;2;195;180;181m▄[38;2;186;139;131m[48;2;163;142;142m▄[38;2;218;150;134m[48;2;166;118;108m▄[38;2;237;164;142m[48;2;225;161;140m▄[38;2;254;193;167m[48;2;230;183;157m▄[38;2;240;183;156m[48;2;240;193;170m▄[38;2;244;180;160m[48;2;202;153;142m▄[38;2;219;165;157m[48;2;198;161;161m▄[38;2;227;189;187m[48;2;230;198;196m▄[38;2;244;212;209m[48;2;223;193;189m▄[38;2;238;207;204m[48;2;223;193;189m▄[38;2;237;207;202m[48;2;221;191;187m▄[38;2;236;205;201m[48;2;219;191;187m▄[38;2;234;203;199m[48;2;215;187;183m▄[38;2;232;201;196m[48;2;217;187;183m▄[38;2;228;198;194m[48;2;210;181;178m▄[38;2;224;194;190m[48;2;206;176;174m▄[38;2;220;190;187m[48;2;202;174;172m▄[38;2;220;184;182m[48;2;204;170;168m▄[38;2;220;181;179m[48;2;204;168;166m▄[38;2;217;179;177m[48;2;200;165;163m▄[38;2;223;183;181m[48;2;206;170;168m▄[38;2;217;177;176m[48;2;200;163;161m▄[38;2;203;168;166m[48;2;187;153;153m▄[38;2;196;161;160m[48;2;181;150;148m▄[38;2;216;196;191m[48;2;200;181;176m▄[38;2;211;192;178m[48;2;193;176;161m▄[38;2;211;191;175m[48;2;195;174;161m▄[38;2;216;196;179m[48;2;200;181;166m▄[38;2;222;201;184m[48;2;202;183;168m▄[38;2;228;205;190m[48;2;210;189;176m▄[38;2;235;207;194m[48;2;217;191;180m▄[38;2;239;212;197m[48;2;221;195;181m▄[38;2;240;216;200m[48;2;223;198;185m▄[38;2;241;218;203m[48;2;225;202;187m▄[38;2;242;221;203m[48;2;223;204;185m▄[38;2;247;225;208m[48;2;228;206;191m▄[38;2;250;228;213m[48;2;230;208;195m▄[38;2;249;228;211m[48;2;228;210;195m▄[38;2;248;227;207m[48;2;228;211;193m▄[38;2;250;229;206m[48;2;230;213;195m▄[38;2;250;230;207m[48;2;230;210;195m▄[38;2;251;230;209m[48;2;230;211;196m▄[38;2;251;229;209m[48;2;232;213;196m▄[38;2;252;228;210m[48;2;234;211;196m▄[38;2;252;227;210m[48;2;234;210;196m▄[38;2;249;228;209m[48;2;230;210;193m▄[38;2;246;224;209m[48;2;228;206;191m▄[38;2;243;222;206m[48;2;225;204;191m▄[38;2;241;221;204m[48;2;223;204;189m▄[38;2;240;219;203m[48;2;221;200;187m▄[38;2;237;216;199m[48;2;217;198;183m▄[38;2;232;212;194m[48;2;213;195;178m▄[38;2;231;209;191m[48;2;213;193;176m▄[38;2;246;222;203m[48;2;228;206;187m▄[0m
[38;2;75;63;75m[48;2;80;71;88m▄[38;2;85;74;88m[48;2;88;80;97m▄[38;2;81;73;90m[48;2;84;80;94m▄[38;2;82;79;92m[48;2;88;85;99m▄[38;2;88;84;96m[48;2;86;84;100m▄[38;2;127;92;93m[48;2;135;105;110m▄[38;2;152;98;88m[48;2;188;125;114m▄[38;2;150;104;95m[48;2;202;142;128m▄[38;2;135;90;86m[48;2;177;117;106m▄[38;2;166;117;116m[48;2;162;107;100m▄[38;2;166;115;112m[48;2;163;113;106m▄[38;2;146;94;90m[48;2;161;107;99m▄[38;2;119;68;65m[48;2;184;126;118m▄[38;2;128;82;82m[48;2;191;140;138m▄[38;2;207;174;176m[48;2;224;191;194m▄[38;2;229;198;199m[48;2;222;193;194m▄[38;2;223;192;190m[48;2;220;192;188m▄[38;2;221;193;189m[48;2;220;192;188m▄[38;2;218;190;186m[48;2;218;189;185m▄[38;2;215;187;186m[48;2;214;186;181m▄[38;2;213;185;182m[48;2;213;185;181m▄[38;2;209;181;178m[48;2;208;180;177m▄[38;2;204;175;177m[48;2;203;175;175m▄[38;2;202;172;170m[48;2;203;172;171m▄[38;2;201;169;167m[48;2;203;168;167m▄[38;2;202;166;164m[48;2;203;166;164m▄[38;2;204;165;165m[48;2;204;165;164m▄[38;2;199;165;162m[48;2;198;164;162m▄[38;2;187;157;153m[48;2;187;157;153m▄[38;2;183;149;150m[48;2;182;150;150m▄[38;2;202;183;177m[48;2;201;183;178m▄[38;2;200;183;168m[48;2;198;181;167m▄[38;2;200;181;167m[48;2;197;178;163m▄[38;2;204;186;172m[48;2;202;183;168m▄[38;2;209;188;175m[48;2;208;187;172m▄[38;2;215;192;180m[48;2;213;191;179m▄[38;2;219;197;185m[48;2;218;196;184m▄[38;2;222;200;186m[48;2;221;199;184m▄[38;2;225;203;189m[48;2;223;201;187m▄[38;2;224;205;190m[48;2;223;204;189m▄[38;2;228;206;192m[48;2;225;206;192m▄[38;2;230;210;196m[48;2;228;209;195m▄[38;2;230;210;195m[48;2;230;211;197m▄[38;2;234;214;193m[48;2;231;211;193m▄[38;2;236;216;192m[48;2;234;214;190m▄[38;2;235;215;193m[48;2;232;214;189m▄[38;2;238;215;194m[48;2;233;215;190m▄[38;2;238;217;195m[48;2;234;214;190m▄[38;2;236;216;194m[48;2;234;214;190m▄[38;2;234;215;195m[48;2;233;214;190m▄[38;2;232;214;194m[48;2;232;213;190m▄[38;2;231;213;194m[48;2;230;212;191m▄[38;2;229;210;195m[48;2;229;210;194m▄[38;2;229;207;193m[48;2;226;207;193m▄[38;2;226;206;191m[48;2;225;205;190m▄[38;2;224;205;190m[48;2;221;202;187m▄[38;2;220;201;186m[48;2;219;200;185m▄[38;2;218;199;184m[48;2;216;198;183m▄[38;2;215;197;182m[48;2;214;196;181m▄[38;2;232;209;194m[48;2;231;208;193m▄[0m
[38;2;46;33;45m[48;2;52;41;48m▄[38;2;54;39;52m[48;2;64;50;63m▄[38;2;52;38;50m[48;2;64;52;66m▄[38;2;54;39;52m[48;2;65;54;66m▄[38;2;59;45;59m[48;2;70;59;72m▄[38;2;66;36;44m[48;2;104;68;71m▄[38;2;101;59;58m[48;2;104;63;58m▄[38;2;151;102;99m[48;2;127;82;79m▄[38;2;96;55;58m[48;2;125;79;82m▄[38;2;67;29;36m[48;2;98;57;61m▄[38;2;118;72;73m[48;2;109;64;63m▄[38;2;92;50;53m[48;2;139;89;88m▄[38;2;67;31;38m[48;2;108;64;67m▄[38;2;73;38;43m[48;2;74;39;43m▄[38;2;204;172;171m[48;2;192;161;161m▄[38;2;236;202;201m[48;2;235;203;201m▄[38;2;228;195;194m[48;2;224;193;191m▄[38;2;222;194;191m[48;2;221;192;189m▄[38;2;218;191;187m[48;2;218;191;187m▄[38;2;217;189;185m[48;2;216;187;188m▄[38;2;214;186;182m[48;2;214;186;183m▄[38;2;211;183;178m[48;2;211;183;178m▄[38;2;205;177;174m[48;2;205;176;176m▄[38;2;201;173;171m[48;2;201;173;170m▄[38;2;200;171;168m[48;2;199;170;168m▄[38;2;198;167;164m[48;2;200;167;165m▄[38;2;203;169;167m[48;2;203;168;166m▄[38;2;203;168;165m[48;2;201;167;162m▄[38;2;186;155;152m[48;2;186;155;151m▄[38;2;180;150;147m[48;2;181;149;148m▄[38;2;200;183;179m[48;2;200;181;177m▄[38;2;203;187;173m[48;2;202;185;171m▄[38;2;203;183;170m[48;2;201;182;169m▄[38;2;208;188;178m[48;2;207;187;176m▄[38;2;210;190;177m[48;2;211;189;176m▄[38;2;216;194;181m[48;2;217;193;181m▄[38;2;221;198;185m[48;2;221;197;184m▄[38;2;223;201;187m[48;2;223;200;186m▄[38;2;227;205;191m[48;2;225;203;189m▄[38;2;228;208;194m[48;2;228;207;193m▄[38;2;231;211;196m[48;2;232;209;195m▄[38;2;231;212;197m[48;2;231;212;197m▄[38;2;232;212;196m[48;2;231;212;195m▄[38;2;234;214;197m[48;2;235;214;196m▄[38;2;236;216;201m[48;2;236;214;197m▄[38;2;239;216;200m[48;2;239;215;199m▄[38;2;240;217;198m[48;2;241;215;201m▄[38;2;239;217;196m[48;2;240;216;200m▄[38;2;239;217;196m[48;2;238;216;199m▄[38;2;239;217;198m[48;2;237;215;200m▄[38;2;237;216;197m[48;2;235;212;199m▄[38;2;235;213;194m[48;2;234;211;196m▄[38;2;233;211;193m[48;2;232;211;194m▄[38;2;231;210;195m[48;2;230;210;194m▄[38;2;229;207;193m[48;2;227;208;193m▄[38;2;225;205;190m[48;2;224;206;191m▄[38;2;222;203;188m[48;2;222;203;188m▄[38;2;221;199;185m[48;2;221;199;185m▄[38;2;218;195;181m[48;2;217;195;181m▄[38;2;232;208;193m[48;2;232;208;192m▄[0m
[38;2;58;45;61m[48;2;54;41;54m▄[38;2;65;50;69m[48;2;61;46;61m▄[38;2;63;51;68m[48;2;58;46;59m▄[38;2;66;54;70m[48;2;62;49;61m▄[38;2;59;48;64m[48;2;63;51;64m▄[38;2;128;115;127m[48;2;76;54;63m▄[38;2;156;124;125m[48;2;116;74;74m▄[38;2;117;74;71m[48;2;154;105;101m▄[38;2;155;102;99m[48;2;140;88;87m▄[38;2;152;96;99m[48;2;139;84;89m▄[38;2;123;67;76m[48;2;218;158;163m▄[38;2;117;64;70m[48;2;122;73;79m▄[38;2;106;56;62m[48;2;50;18;24m▄[38;2;167;130;133m[48;2;119;84;89m▄[38;2;241;210;208m[48;2;231;200;198m▄[38;2;228;197;195m[48;2;229;196;195m▄[38;2;227;198;196m[48;2;227;197;195m▄[38;2;224;196;193m[48;2;223;196;193m▄[38;2;221;193;190m[48;2;219;191;188m▄[38;2;218;191;186m[48;2;218;190;186m▄[38;2;215;187;184m[48;2;215;187;184m▄[38;2;212;184;181m[48;2;210;182;179m▄[38;2;207;178;176m[48;2;207;179;175m▄[38;2;203;175;171m[48;2;203;175;171m▄[38;2;200;171;167m[48;2;200;171;167m▄[38;2;200;168;166m[48;2;199;168;165m▄[38;2;203;169;167m[48;2;202;168;166m▄[38;2;204;169;167m[48;2;205;170;168m▄[38;2;188;156;154m[48;2;188;157;154m▄[38;2;180;149;146m[48;2;180;149;147m▄[38;2;201;183;177m[48;2;200;183;178m▄[38;2;203;188;174m[48;2;203;187;173m▄[38;2;201;183;169m[48;2;202;183;170m▄[38;2;208;189;175m[48;2;207;187;175m▄[38;2;212;191;178m[48;2;210;190;176m▄[38;2;217;195;182m[48;2;214;193;180m▄[38;2;222;199;186m[48;2;220;199;185m▄[38;2;225;204;190m[48;2;224;203;189m▄[38;2;226;206;193m[48;2;225;205;191m▄[38;2;228;209;194m[48;2;227;208;193m▄[38;2;233;211;197m[48;2;231;211;196m▄[38;2;234;214;199m[48;2;232;213;198m▄[38;2;235;215;200m[48;2;234;214;199m▄[38;2;238;217;203m[48;2;237;216;200m▄[38;2;237;218;204m[48;2;236;217;202m▄[38;2;236;218;201m[48;2;236;217;200m▄[38;2;235;218;195m[48;2;237;219;195m▄[38;2;236;219;194m[48;2;237;219;193m▄[38;2;236;219;194m[48;2;237;219;193m▄[38;2;237;219;195m[48;2;237;220;194m▄[38;2;237;218;195m[48;2;236;218;195m▄[38;2;236;215;195m[48;2;235;216;192m▄[38;2;232;213;194m[48;2;232;212;193m▄[38;2;232;210;196m[48;2;232;210;196m▄[38;2;229;209;194m[48;2;230;208;194m▄[38;2;225;205;191m[48;2;226;206;191m▄[38;2;224;201;188m[48;2;223;203;188m▄[38;2;220;198;184m[48;2;220;198;184m▄[38;2;217;195;181m[48;2;218;196;182m▄[38;2;232;208;193m[48;2;232;208;193m▄[0m
[38;2;63;52;69m[48;2;60;46;63m▄[38;2;70;58;76m[48;2;68;54;73m▄[38;2;64;53;69m[48;2;68;54;71m▄[38;2;66;54;71m[48;2;69;58;73m▄[38;2;66;55;75m[48;2;61;51;68m▄[38;2;186;174;185m[48;2;162;151;162m▄[38;2;211;189;190m[48;2;205;182;182m▄[38;2;85;48;49m[48;2;96;57;56m▄[38;2;86;48;50m[48;2;122;76;75m▄[38;2;93;45;56m[48;2;145;89;94m▄[38;2;94;43;57m[48;2;93;46;56m▄[38;2;64;22;29m[48;2;101;54;60m▄[38;2;121;83;85m[48;2;113;68;69m▄[38;2;236;205;203m[48;2;198;166;167m▄[38;2;230;201;198m[48;2;238;207;206m▄[38;2;228;201;197m[48;2;229;200;198m▄[38;2;226;198;195m[48;2;226;199;196m▄[38;2;224;196;193m[48;2;225;197;194m▄[38;2;223;195;193m[48;2;223;195;191m▄[38;2;220;192;190m[48;2;220;192;188m▄[38;2;217;189;186m[48;2;216;188;184m▄[38;2;212;184;183m[48;2;213;185;182m▄[38;2;204;177;170m[48;2;205;178;173m▄[38;2;201;174;170m[48;2;202;174;170m▄[38;2;199;171;168m[48;2;199;170;167m▄[38;2;200;168;165m[48;2;200;167;166m▄[38;2;201;166;164m[48;2;201;167;166m▄[38;2;205;171;169m[48;2;205;172;169m▄[38;2;189;157;154m[48;2;188;157;154m▄[38;2;178;148;147m[48;2;179;149;146m▄[38;2;198;181;177m[48;2;200;182;177m▄[38;2;201;186;171m[48;2;203;187;173m▄[38;2;202;184;168m[48;2;200;184;169m▄[38;2;208;189;175m[48;2;209;190;176m▄[38;2;210;191;177m[48;2;212;193;179m▄[38;2;214;195;181m[48;2;216;195;181m▄[38;2;219;199;185m[48;2;222;199;186m▄[38;2;224;201;187m[48;2;226;203;189m▄[38;2;228;205;191m[48;2;228;205;192m▄[38;2;230;207;193m[48;2;229;207;194m▄[38;2;231;207;195m[48;2;233;208;195m▄[38;2;233;210;197m[48;2;235;213;199m▄[38;2;234;214;199m[48;2;234;216;200m▄[38;2;235;216;201m[48;2;236;217;202m▄[38;2;236;217;202m[48;2;237;218;203m▄[38;2;236;217;200m[48;2;236;217;202m▄[38;2;238;217;200m[48;2;236;217;200m▄[38;2;236;217;200m[48;2;236;217;200m▄[38;2;236;216;200m[48;2;236;216;198m▄[38;2;233;212;194m[48;2;238;216;198m▄[38;2;240;218;202m[48;2;237;216;197m▄[38;2;237;214;200m[48;2;235;214;197m▄[38;2;233;209;196m[48;2;235;213;196m▄[38;2;240;217;204m[48;2;232;210;195m▄[38;2;237;215;200m[48;2;229;207;193m▄[38;2;225;203;189m[48;2;225;204;189m▄[38;2;221;198;184m[48;2;221;200;185m▄[38;2;218;196;182m[48;2;220;197;183m▄[38;2;215;193;179m[48;2;216;194;180m▄[38;2;231;206;192m[48;2;232;207;193m▄[0m
[38;2;217;213;219m[48;2;63;52;73m▄[38;2;239;237;240m[48;2;87;74;95m▄[38;2;255;253;255m[48;2;115;106;120m▄[38;2;255;255;255m[48;2;153;148;158m▄[38;2;212;193;193m[48;2;141;118;129m▄[38;2;90;48;43m[48;2;138;105;105m▄[38;2;92;52;48m[48;2;110;76;73m▄[38;2;83;48;45m[48;2;78;44;44m▄[38;2;69;35;35m[48;2;96;56;57m▄[38;2;70;35;39m[48;2;101;58;61m▄[38;2;63;30;36m[48;2;77;34;44m▄[38;2;181;147;152m[48;2;97;60;67m▄[38;2;211;182;184m[48;2;221;188;188m▄[38;2;219;189;192m[48;2;240;209;207m▄[38;2;234;205;206m[48;2;225;198;196m▄[38;2;222;193;191m[48;2;225;198;195m▄[38;2;221;194;190m[48;2;224;196;193m▄[38;2;220;192;189m[48;2;223;195;191m▄[38;2;218;189;186m[48;2;221;192;191m▄[38;2;214;187;184m[48;2;217;189;190m▄[38;2;212;184;181m[48;2;215;187;184m▄[38;2;210;182;179m[48;2;212;184;181m▄[38;2;204;176;174m[48;2;205;177;173m▄[38;2;201;173;172m[48;2;202;174;171m▄[38;2;199;170;170m[48;2;199;171;167m▄[38;2;199;166;165m[48;2;198;167;164m▄[38;2;199;164;164m[48;2;201;165;163m▄[38;2;202;168;166m[48;2;204;170;168m▄[38;2;189;159;156m[48;2;190;159;156m▄[38;2;175;144;142m[48;2;176;145;144m▄[38;2;198;180;176m[48;2;198;182;177m▄[38;2;202;186;171m[48;2;202;186;172m▄[38;2;199;182;166m[48;2;202;184;170m▄[38;2;204;186;172m[48;2;205;187;173m▄[38;2;210;191;177m[48;2;210;191;177m▄[38;2;213;194;180m[48;2;214;195;181m▄[38;2;216;198;184m[48;2;218;199;185m▄[38;2;220;200;186m[48;2;223;199;186m▄[38;2;224;201;188m[48;2;226;203;189m▄[38;2;227;204;190m[48;2;230;207;193m▄[38;2;229;205;193m[48;2;230;206;194m▄[38;2;229;209;195m[48;2;232;209;196m▄[38;2;231;211;197m[48;2;233;212;198m▄[38;2;232;211;197m[48;2;234;214;199m▄[38;2;234;212;198m[48;2;235;214;200m▄[38;2;235;214;199m[48;2;234;215;198m▄[38;2;233;213;196m[48;2;234;215;198m▄[38;2;231;211;194m[48;2;235;214;197m▄[38;2;240;220;203m[48;2;233;214;196m▄[38;2;187;166;153m[48;2;243;223;205m▄[38;2;109;75;63m[48;2;186;165;153m▄[38;2;139;96;86m[48;2;100;78;73m▄[38;2;95;65;65m[48;2;96;76;75m▄[38;2;54;36;42m[48;2;126;107;106m▄[38;2;55;39;43m[48;2;180;161;154m▄[38;2;121;100;98m[48;2;229;207;193m▄[38;2;221;195;182m[48;2;224;200;186m▄[38;2;213;187;173m[48;2;218;196;182m▄[38;2;196;167;152m[48;2;218;196;182m▄[38;2;195;161;141m[48;2;233;209;195m▄[0m
[38;2;247;234;236m[48;2;255;255;255m▄[38;2;255;252;253m[48;2;255;255;255m▄[38;2;241;219;223m[48;2;255;241;248m▄[38;2;242;219;225m[48;2;252;239;247m▄[38;2;254;245;250m[48;2;251;248;252m▄[38;2;247;233;235m[48;2;173;139;136m▄[38;2;151;113;110m[48;2;122;77;71m▄[38;2;85;44;43m[48;2;83;45;44m▄[38;2;67;34;31m[48;2;59;29;30m▄[38;2;68;34;33m[48;2;51;23;27m▄[38;2;61;28;27m[48;2;53;22;26m▄[38;2;101;73;74m[48;2;96;63;67m▄[38;2;40;26;37m[48;2;54;37;46m▄[38;2;0;0;0m[48;2;71;54;63m▄[38;2;24;12;23m[48;2;203;174;180m▄[38;2;100;79;90m[48;2;234;202;202m▄[38;2;201;172;176m[48;2;225;196;194m▄[38;2;224;194;191m[48;2;216;188;185m▄[38;2;213;185;182m[48;2;215;187;183m▄[38;2;212;184;181m[48;2;213;185;181m▄[38;2;208;180;176m[48;2;211;183;179m▄[38;2;205;177;175m[48;2;208;180;177m▄[38;2;202;174;171m[48;2;203;175;172m▄[38;2;198;170;167m[48;2;200;172;170m▄[38;2;195;167;163m[48;2;197;168;168m▄[38;2;192;164;161m[48;2;196;165;163m▄[38;2;191;161;159m[48;2;196;162;162m▄[38;2;195;164;162m[48;2;198;167;165m▄[38;2;190;158;155m[48;2;188;159;155m▄[38;2;173;142;139m[48;2;173;143;140m▄[38;2;198;180;176m[48;2;198;179;176m▄[38;2;200;183;169m[48;2;200;184;170m▄[38;2;200;183;167m[48;2;199;182;166m▄[38;2;205;188;174m[48;2;203;185;171m▄[38;2;207;191;177m[48;2;207;188;174m▄[38;2;212;194;180m[48;2;211;192;178m▄[38;2;216;197;184m[48;2;214;196;182m▄[38;2;218;197;184m[48;2;217;198;185m▄[38;2;218;195;182m[48;2;220;200;187m▄[38;2;218;194;180m[48;2;224;204;190m▄[38;2;215;188;174m[48;2;227;208;194m▄[38;2;213;182;169m[48;2;229;211;195m▄[38;2;213;182;169m[48;2;233;211;198m▄[38;2;215;186;169m[48;2;235;212;199m▄[38;2;213;184;167m[48;2;236;214;200m▄[38;2;212;183;166m[48;2;237;215;201m▄[38;2;213;186;167m[48;2;235;216;199m▄[38;2;228;199;182m[48;2;237;218;202m▄[38;2;172;148;139m[48;2;221;202;189m▄[38;2;86;55;48m[48;2;96;67;63m▄[38;2;142;95;85m[48;2;164;112;97m▄[38;2;154;104;93m[48;2;206;153;140m▄[38;2;136;91;81m[48;2;161;114;108m▄[38;2;75;47;48m[48;2;60;38;39m▄[38;2;43;24;27m[48;2;50;32;34m▄[38;2;48;28;32m[48;2;44;24;28m▄[38;2;51;27;28m[48;2;111;83;78m▄[38;2;137;99;83m[48;2;168;131;110m▄[38;2;160;119;98m[48;2;157;118;97m▄[38;2;164;125;102m[48;2;169;129;104m▄[0m
[38;2;208;185;187m[48;2;219;196;200m▄[38;2;248;222;226m[48;2;255;239;241m▄[38;2;233;207;212m[48;2;237;213;217m▄[38;2;244;223;225m[48;2;242;221;223m▄[38;2;242;222;224m[48;2;243;225;227m▄[38;2;210;189;195m[48;2;250;235;241m▄[38;2;231;212;216m[48;2;239;219;220m▄[38;2;221;199;203m[48;2;151;121;121m▄[38;2;175;149;154m[48;2;96;60;61m▄[38;2;149;121;125m[48;2;88;52;51m▄[38;2;151;124;129m[48;2;102;70;70m▄[38;2;140;114;118m[48;2;140;114;118m▄[38;2;82;65;74m[48;2;50;36;47m▄[38;2;10;1;14m[48;2;8;0;9m▄[38;2;14;5;16m[48;2;15;3;15m▄[38;2;15;4;14m[48;2;0;0;3m▄[38;2;17;0;13m[48;2;62;43;53m▄[38;2;169;144;146m[48;2;217;186;185m▄[38;2;222;191;189m[48;2;215;186;182m▄[38;2;207;179;176m[48;2;209;182;179m▄[38;2;205;177;174m[48;2;207;179;176m▄[38;2;202;174;171m[48;2;204;176;173m▄[38;2;196;168;165m[48;2;199;171;168m▄[38;2;194;165;162m[48;2;195;167;163m▄[38;2;191;162;158m[48;2;193;164;160m▄[38;2;189;161;156m[48;2;190;163;158m▄[38;2;188;159;149m[48;2;190;161;153m▄[38;2;188;159;147m[48;2;193;162;154m▄[38;2;188;157;151m[48;2;189;157;153m▄[38;2;173;141;138m[48;2;174;143;140m▄[38;2;184;161;158m[48;2;189;169;164m▄[38;2;128;93;83m[48;2;157;126;115m▄[38;2;131;93;80m[48;2;158;125;109m▄[38;2;135;95;82m[48;2;170;138;123m▄[38;2;138;100;85m[48;2;175;147;135m▄[38;2;147;110;92m[48;2;186;161;145m▄[38;2;150;112;93m[48;2;185;155;140m▄[38;2;152;113;94m[48;2;174;139;123m▄[38;2;156;117;97m[48;2;170;130;114m▄[38;2;159;120;102m[48;2;170;129;111m▄[38;2;165;123;106m[48;2;172;126;110m▄[38;2;168;126;108m[48;2;172;126;110m▄[38;2;168;127;106m[48;2;170;128;110m▄[38;2;170;130;108m[48;2;172;131;110m▄[38;2;174;130;111m[48;2;174;132;112m▄[38;2;175;129;117m[48;2;173;131;110m▄[38;2;126;86;84m[48;2;170;129;109m▄[38;2;63;36;38m[48;2;157;116;101m▄[38;2;77;50;44m[48;2;120;88;75m▄[38;2;176;122;107m[48;2;116;78;68m▄[38;2;140;92;80m[48;2;153;102;92m▄[38;2;135;88;77m[48;2;151;97;84m▄[38;2;137;91;79m[48;2;100;64;59m▄[38;2;95;56;50m[48;2;75;47;47m▄[38;2;43;22;22m[48;2;39;20;22m▄[38;2;35;16;17m[48;2;45;24;28m▄[38;2;36;13;17m[48;2;38;16;20m▄[38;2;70;40;36m[48;2;109;74;64m▄[38;2;134;96;82m[48;2;156;116;97m▄[38;2;158;118;98m[48;2;156;116;97m▄[0m
[38;2;204;181;187m[48;2;206;183;187m▄[38;2;234;210;213m[48;2;241;217;220m▄[38;2;222;200;203m[48;2;226;203;206m▄[38;2;239;218;221m[48;2;242;221;223m▄[38;2;251;230;233m[48;2;247;227;229m▄[38;2;251;229;232m[48;2;244;225;229m▄[38;2;232;206;211m[48;2;205;185;191m▄[38;2;218;195;198m[48;2;185;166;168m▄[38;2;176;155;158m[48;2;165;146;149m▄[38;2;155;132;137m[48;2;138;115;120m▄[38;2;155;133;137m[48;2;130;104;109m▄[38;2;203;180;187m[48;2;148;123;128m▄[38;2;81;67;76m[48;2;108;91;99m▄[38;2;2;0;4m[48;2;5;0;8m▄[38;2;14;7;15m[48;2;13;6;14m▄[38;2;9;3;10m[48;2;12;4;12m▄[38;2;2;0;2m[48;2;9;0;9m▄[38;2;112;90;93m[48;2;145;122;124m▄[38;2;224;193;189m[48;2;223;191;189m▄[38;2;203;173;171m[48;2;205;176;173m▄[38;2;199;170;168m[48;2;202;174;171m▄[38;2;194;166;163m[48;2;198;170;167m▄[38;2;191;163;160m[48;2;194;166;163m▄[38;2;190;162;159m[48;2;192;164;161m▄[38;2;186;158;155m[48;2;188;160;157m▄[38;2;186;157;153m[48;2;187;159;156m▄[38;2;184;154;151m[48;2;187;157;152m▄[38;2;186;155;150m[48;2;189;159;151m▄[38;2;186;155;151m[48;2;187;156;151m▄[38;2;169;136;134m[48;2;170;138;137m▄[38;2;183;162;158m[48;2;183;160;157m▄[38;2;134;101;89m[48;2;132;99;87m▄[38;2;120;83;71m[48;2;130;93;81m▄[38;2;139;104;91m[48;2;130;92;80m▄[38;2;156;120;103m[48;2;149;112;96m▄[38;2;155;118;101m[48;2;154;117;101m▄[38;2;159;121;104m[48;2;156;119;102m▄[38;2;164;125;109m[48;2;161;124;106m▄[38;2;171;133;117m[48;2;164;126;108m▄[38;2;169;132;114m[48;2;166;126;109m▄[38;2;173;136;118m[48;2;168;129;112m▄[38;2;179;139;122m[48;2;169;130;112m▄[38;2;169;128;113m[48;2;165;127;107m▄[38;2;174;133;115m[48;2;166;127;107m▄[38;2;139;103;97m[48;2;175;132;115m▄[38;2;51;29;44m[48;2;117;77;84m▄[38;2;50;24;41m[48;2;60;27;45m▄[38;2;67;33;50m[48;2;32;7;16m▄[38;2;112;70;62m[48;2;97;62;56m▄[38;2;126;73;67m[48;2;161;107;96m▄[38;2;129;66;74m[48;2;129;79;73m▄[38;2;109;61;58m[48;2;121;74;66m▄[38;2;128;79;70m[48;2;160;104;92m▄[38;2;110;62;53m[48;2;137;83;73m▄[38;2;60;28;25m[48;2;56;28;27m▄[38;2;25;8;9m[48;2;28;10;13m▄[38;2;35;15;16m[48;2;37;14;17m▄[38;2;58;32;28m[48;2;53;26;23m▄[38;2;82;54;46m[48;2;91;60;51m▄[38;2;149;110;96m[48;2;152;113;95m▄[0m
[38;2;155;129;133m[48;2;195;170;174m▄[38;2;235;208;213m[48;2;232;206;210m▄[38;2;189;160;165m[48;2;229;206;209m▄[38;2;149;108;112m[48;2;244;218;223m▄[38;2;104;60;62m[48;2;200;168;171m▄[38;2;90;43;46m[48;2;193;154;156m▄[38;2;137;87;88m[48;2;184;142;142m▄[38;2;164;113;112m[48;2;202;169;171m▄[38;2;196;160;163m[48;2;215;191;195m▄[38;2;223;200;204m[48;2;180;157;160m▄[38;2;255;241;242m[48;2;211;187;190m▄[38;2;224;208;212m[48;2;228;208;213m▄[38;2;48;35;47m[48;2;46;36;46m▄[38;2;11;1;15m[48;2;7;0;10m▄[38;2;14;7;17m[48;2;14;7;16m▄[38;2;0;0;2m[48;2;8;1;9m▄[38;2;53;30;39m[48;2;0;0;0m▄[38;2;176;115;120m[48;2;96;69;75m▄[38;2;168;112;116m[48;2;211;172;172m▄[38;2;179;137;138m[48;2;203;168;168m▄[38;2;197;165;163m[48;2;198;167;165m▄[38;2;190;162;159m[48;2;193;165;162m▄[38;2;186;158;155m[48;2;190;162;159m▄[38;2;183;155;152m[48;2;186;158;155m▄[38;2;180;152;149m[48;2;184;156;152m▄[38;2;179;151;147m[48;2;182;153;149m▄[38;2;179;149;146m[48;2;182;154;150m▄[38;2;179;149;146m[48;2;181;154;148m▄[38;2;181;150;147m[48;2;182;152;148m▄[38;2;167;134;132m[48;2;167;134;132m▄[38;2;177;157;151m[48;2;179;158;153m▄[38;2;131;102;85m[48;2;124;93;79m▄[38;2;134;99;86m[48;2;123;87;75m▄[38;2;143;107;95m[48;2;149;113;101m▄[38;2;147;111;99m[48;2;152;116;103m▄[38;2;145;109;97m[48;2;152;116;102m▄[38;2;150;115;101m[48;2;157;119;105m▄[38;2;159;124;110m[48;2;163;124;111m▄[38;2;167;128;117m[48;2;170;130;118m▄[38;2;180;141;128m[48;2;170;131;115m▄[38;2;120;99;106m[48;2;177;139;125m▄[38;2;78;67;92m[48;2;151;117;115m▄[38;2;105;90;113m[48;2;156;126;126m▄[38;2;54;42;66m[48;2;143;114;116m▄[38;2;35;23;46m[48;2;72;50;64m▄[38;2;66;55;78m[48;2;40;25;42m▄[38;2;73;60;85m[48;2;59;38;60m▄[38;2;44;29;49m[48;2;73;43;64m▄[38;2;106;89;110m[48;2;92;56;63m▄[38;2;93;73;83m[48;2;104;61;55m▄[38;2;82;59;67m[48;2;110;63;60m▄[38;2;58;29;32m[48;2;100;57;51m▄[38;2;67;42;44m[48;2;94;51;44m▄[38;2;76;50;50m[48;2;85;43;37m▄[38;2;53;20;13m[48;2;55;26;22m▄[38;2;82;30;39m[48;2;16;3;2m▄[38;2;91;35;51m[48;2;38;18;16m▄[38;2;73;37;38m[48;2;60;37;31m▄[38;2;78;47;40m[48;2;78;50;43m▄[38;2;140;100;88m[48;2;146;106;95m▄[0m
[38;2;191;172;178m[48;2;191;166;172m▄[38;2;252;232;236m[48;2;244;222;228m▄[38;2;194;168;172m[48;2;148;118;123m▄[38;2;117;72;71m[48;2;124;78;76m▄[38;2;99;53;51m[48;2;120;72;70m▄[38;2;68;28;30m[48;2;60;19;24m▄[38;2;114;73;80m[48;2;181;145;155m▄[38;2;101;55;64m[48;2;176;130;134m▄[38;2;151;116;122m[48;2;162;114;115m▄[38;2;252;238;241m[48;2;241;220;223m▄[38;2;254;249;248m[48;2;255;253;254m▄[38;2;238;224;230m[48;2;238;223;229m▄[38;2;57;47;61m[48;2;67;54;68m▄[38;2;6;0;10m[48;2;7;0;11m▄[38;2;9;3;13m[48;2;10;3;12m▄[38;2;35;22;34m[48;2;6;2;9m▄[38;2;109;70;75m[48;2;124;85;93m▄[38;2;109;58;59m[48;2;181;115;116m▄[38;2;94;47;48m[48;2;129;74;77m▄[38;2;108;67;71m[48;2;124;81;83m▄[38;2;168;136;135m[48;2;178;146;144m▄[38;2;168;139;136m[48;2;180;152;149m▄[38;2;168;141;138m[48;2;178;150;147m▄[38;2;169;141;138m[48;2;177;149;146m▄[38;2;170;141;138m[48;2;178;148;146m▄[38;2;172;140;137m[48;2;177;147;143m▄[38;2;174;143;140m[48;2;178;146;143m▄[38;2;175;145;139m[48;2;178;147;143m▄[38;2;174;148;138m[48;2;178;147;143m▄[38;2;163;132;127m[48;2;166;132;130m▄[38;2;174;152;149m[48;2;177;158;152m▄[38;2;127;100;87m[48;2;129;103;88m▄[38;2;125;90;78m[48;2;131;98;86m▄[38;2;131;96;86m[48;2;142;106;94m▄[38;2;126;91;81m[48;2;138;101;89m▄[38;2;121;85;75m[48;2;133;96;84m▄[38;2;123;88;81m[48;2;138;103;89m▄[38;2;86;64;70m[48;2;155;120;105m▄[38;2;38;27;39m[48;2;151;120;112m▄[38;2;4;0;10m[48;2;96;76;81m▄[38;2;39;29;42m[48;2;33;24;40m▄[38;2;99;91;109m[48;2;62;54;75m▄[38;2;64;58;76m[48;2;49;39;59m▄[38;2;43;37;55m[48;2;19;10;28m▄[38;2;36;29;48m[48;2;65;58;81m▄[38;2;37;32;51m[48;2;52;46;65m▄[38;2;40;35;53m[48;2;55;46;66m▄[38;2;44;39;56m[48;2;51;40;63m▄[38;2;92;83;104m[48;2;120;110;130m▄[38;2;53;46;61m[48;2;98;88;109m▄[38;2;18;14;28m[48;2;30;23;41m▄[38;2;77;71;90m[48;2;56;44;60m▄[38;2;152;143;158m[48;2;163;152;165m▄[38;2;213;202;213m[48;2;159;147;157m▄[38;2;196;184;194m[48;2;131;105;102m▄[38;2;140;120;131m[48;2;164;90;106m▄[38;2;135;81;106m[48;2;191;73;121m▄[38;2;150;74;106m[48;2;167;70;105m▄[38;2;135;81;79m[48;2;108;60;59m▄[38;2;131;88;68m[48;2;136;100;82m▄[0m
[38;2;61;43;45m[48;2;123;105;106m▄[38;2;91;62;60m[48;2;177;157;158m▄[38;2;119;82;79m[48;2;167;141;141m▄[38;2;97;59;58m[48;2;100;60;60m▄[38;2;83;44;45m[48;2;80;38;39m▄[38;2;80;41;46m[48;2;84;43;48m▄[38;2;119;87;92m[48;2;74;32;38m▄[38;2;209;188;190m[48;2;130;98;102m▄[38;2;243;225;228m[48;2;229;211;217m▄[38;2;255;243;249m[48;2;255;244;251m▄[38;2;254;241;247m[48;2;252;242;244m▄[38;2;227;211;221m[48;2;233;218;226m▄[38;2;33;23;36m[48;2;45;35;49m▄[38;2;13;5;16m[48;2;6;0;11m▄[38;2;25;13;25m[48;2;27;17;30m▄[38;2;18;8;20m[48;2;32;18;31m▄[38;2;8;2;10m[48;2;21;8;14m▄[38;2;5;0;8m[48;2;42;23;28m▄[38;2;0;0;0m[48;2;59;33;35m▄[38;2;99;79;82m[48;2;90;62;66m▄[38;2;169;138;135m[48;2;169;136;135m▄[38;2;158;128;125m[48;2;161;129;127m▄[38;2;155;126;124m[48;2;162;133;131m▄[38;2;161;132;129m[48;2;166;139;137m▄[38;2;164;132;130m[48;2;166;138;135m▄[38;2;162;131;128m[48;2;165;135;131m▄[38;2;162;131;128m[48;2;168;136;133m▄[38;2;168;135;133m[48;2;171;141;137m▄[38;2;171;139;137m[48;2;174;146;138m▄[38;2;161;130;127m[48;2;163;131;127m▄[38;2;164;145;139m[48;2;166;144;140m▄[38;2;114;81;67m[48;2;97;69;59m▄[38;2;118;80;67m[48;2;93;60;50m▄[38;2;129;91;79m[48;2;100;68;58m▄[38;2;105;76;71m[48;2;106;73;64m▄[38;2;53;45;57m[48;2;101;69;64m▄[38;2;38;36;54m[48;2;59;45;55m▄[38;2;43;36;55m[48;2;39;32;54m▄[38;2;48;40;56m[48;2;9;2;17m▄[38;2;97;83;96m[48;2;18;12;21m▄[38;2;84;71;82m[48;2;134;122;132m▄[38;2;95;81;97m[48;2;170;158;173m▄[38;2;130;118;131m[48;2;116;105;120m▄[38;2;137;126;137m[48;2;144;132;148m▄[38;2;88;78;95m[48;2;96;89;103m▄[38;2;30;21;46m[48;2;33;31;52m▄[38;2;62;56;76m[48;2;41;37;58m▄[38;2;69;65;83m[48;2;22;15;31m▄[38;2;86;82;106m[48;2;111;103;126m▄[38;2;49;44;63m[48;2;77;74;91m▄[38;2;25;20;38m[48;2;21;17;34m▄[38;2;41;36;54m[48;2;78;71;93m▄[38;2;97;92;112m[48;2;108;95;113m▄[38;2;83;74;89m[48;2;141;129;143m▄[38;2;83;76;88m[48;2;105;93;105m▄[38;2;103;92;105m[48;2;62;54;63m▄[38;2;113;102;113m[48;2;89;82;89m▄[38;2;111;97;105m[48;2;85;71;80m▄[38;2;128;114;122m[48;2;126;102;102m▄[38;2;85;68;71m[48;2;129;83;70m▄[0m
[38;2;22;9;15m[48;2;35;18;24m▄[38;2;36;15;20m[48;2;104;70;71m▄[38;2;89;62;68m[48;2;101;63;62m▄[38;2;139;114;119m[48;2;85;52;52m▄[38;2;158;137;140m[48;2;98;66;70m▄[38;2;176;154;158m[48;2;134;106;110m▄[38;2;211;191;193m[48;2;188;166;169m▄[38;2;226;211;212m[48;2;223;204;206m▄[38;2;250;237;237m[48;2;246;229;230m▄[38;2;255;241;241m[48;2;255;243;244m▄[38;2;253;236;238m[48;2;255;241;243m▄[38;2;153;137;148m[48;2;192;175;185m▄[38;2;9;0;10m[48;2;19;6;20m▄[38;2;14;3;15m[48;2;18;7;18m▄[38;2;10;3;11m[48;2;23;11;23m▄[38;2;10;3;11m[48;2;14;5;15m▄[38;2;8;0;11m[48;2;8;1;10m▄[38;2;8;0;11m[48;2;8;0;9m▄[38;2;13;3;13m[48;2;15;5;15m▄[38;2;126;99;101m[48;2;135;110;111m▄[38;2;154;124;120m[48;2;158;128;124m▄[38;2;149;121;117m[48;2;153;124;120m▄[38;2;147;120;116m[48;2;150;122;119m▄[38;2;149;120;116m[48;2;154;124;121m▄[38;2;156;125;121m[48;2;162;128;126m▄[38;2;157;127;124m[48;2;162;128;126m▄[38;2;157;127;124m[48;2;162;129;127m▄[38;2;158;127;124m[48;2;163;130;128m▄[38;2;163;132;129m[48;2;167;136;133m▄[38;2;157;127;124m[48;2;158;128;125m▄[38;2;170;150;143m[48;2;169;149;143m▄[38;2;142;110;96m[48;2;138;103;87m▄[38;2;113;91;92m[48;2;136;94;79m▄[38;2;42;36;49m[48;2;109;76;72m▄[38;2;8;6;21m[48;2;30;21;32m▄[38;2;18;16;29m[48;2;39;38;56m▄[38;2;27;24;35m[48;2;32;28;43m▄[38;2;104;95;105m[48;2;48;43;58m▄[38;2;148;135;147m[48;2;97;87;98m▄[38;2;161;154;164m[48;2;125;113;122m▄[38;2;106;99;114m[48;2;117;104;116m▄[38;2;66;60;78m[48;2;127;115;131m▄[38;2;33;31;47m[48;2;114;108;124m▄[38;2;16;13;30m[48;2;22;15;31m▄[38;2;22;19;34m[48;2;9;0;17m▄[38;2;46;41;57m[48;2;77;70;87m▄[38;2;70;67;86m[48;2;128;121;137m▄[38;2;72;68;94m[48;2;82;77;98m▄[38;2;39;32;56m[48;2;38;33;57m▄[38;2;9;4;23m[48;2;15;11;29m▄[38;2;16;12;29m[48;2;20;17;32m▄[38;2;18;14;30m[48;2;14;11;25m▄[38;2;22;19;33m[48;2;58;56;73m▄[38;2;20;17;32m[48;2;22;18;33m▄[38;2;69;60;77m[48;2;48;40;54m▄[38;2;103;91;105m[48;2;98;87;99m▄[38;2;69;58;69m[48;2;78;66;79m▄[38;2;146;137;146m[48;2;127;115;121m▄[38;2;93;86;98m[48;2;115;107;116m▄[38;2;21;12;26m[48;2;28;24;38m▄[0m
[38;2;131;112;112m[48;2;108;90;91m▄[38;2;140;119;119m[48;2;115;94;97m▄[38;2;137;113;118m[48;2;155;132;137m▄[38;2;143;121;124m[48;2;158;136;139m▄[38;2;185;164;166m[48;2;151;129;132m▄[38;2;220;199;202m[48;2;195;172;175m▄[38;2;223;204;206m[48;2;222;202;204m▄[38;2;250;237;237m[48;2;233;218;218m▄[38;2;252;240;240m[48;2;254;243;242m▄[38;2;246;232;232m[48;2;253;239;239m▄[38;2;230;213;217m[48;2;246;229;233m▄[38;2;85;71;84m[48;2;117;104;115m▄[38;2;5;0;8m[48;2;5;0;8m▄[38;2;12;5;15m[48;2;12;4;15m▄[38;2;10;2;11m[48;2;7;2;11m▄[38;2;9;1;10m[48;2;10;2;13m▄[38;2;6;0;10m[48;2;10;2;13m▄[38;2;0;0;0m[48;2;9;0;11m▄[38;2;32;19;26m[48;2;8;0;8m▄[38;2;136;110;108m[48;2;115;90;93m▄[38;2;140;115;110m[48;2;150;122;118m▄[38;2;142;116;112m[48;2;146;119;116m▄[38;2;142;113;110m[48;2;144;119;114m▄[38;2;142;114;112m[48;2;145;117;115m▄[38;2;145;118;116m[48;2;149;120;117m▄[38;2;149;121;119m[48;2;151;124;120m▄[38;2;151;120;119m[48;2;152;124;121m▄[38;2;152;121;117m[48;2;154;123;120m▄[38;2;153;122;117m[48;2;158;127;122m▄[38;2;157;127;123m[48;2;157;126;124m▄[38;2;143;126;125m[48;2;161;143;140m▄[38;2;25;21;36m[48;2;118;106;109m▄[38;2;41;40;58m[48;2;39;36;50m▄[38;2;33;32;48m[48;2;31;29;46m▄[38;2;82;80;100m[48;2;52;49;65m▄[38;2;53;51;69m[48;2;61;58;76m▄[38;2;19;17;30m[48;2;55;53;68m▄[38;2;13;11;29m[48;2;90;84;96m▄[38;2;10;8;22m[48;2;81;74;89m▄[38;2;11;8;22m[48;2;46;40;55m▄[38;2;41;39;56m[48;2;31;27;44m▄[38;2;50;46;67m[48;2;64;60;83m▄[38;2;52;50;71m[48;2;37;34;56m▄[38;2;63;62;82m[48;2;56;53;75m▄[38;2;16;13;29m[48;2;17;13;29m▄[38;2;16;12;27m[48;2;44;40;60m▄[38;2;40;37;53m[48;2;44;42;62m▄[38;2;12;8;24m[48;2;30;28;45m▄[38;2;41;38;56m[48;2;47;43;65m▄[38;2;55;52;67m[48;2;51;48;71m▄[38;2;17;15;28m[48;2;35;32;52m▄[38;2;6;5;17m[48;2;15;12;28m▄[38;2;28;25;43m[48;2;11;7;21m▄[38;2;32;29;47m[48;2;26;23;39m▄[38;2;12;9;21m[48;2;19;14;27m▄[38;2;10;6;18m[48;2;38;29;43m▄[38;2;28;25;40m[48;2;31;23;34m▄[38;2;13;8;21m[48;2;27;20;30m▄[38;2;12;6;20m[48;2;17;9;20m▄[38;2;16;10;25m[48;2;13;2;15m▄[0m
[38;2;130;112;112m[48;2;131;112;112m▄[38;2;157;134;135m[48;2;136;115;116m▄[38;2;192;167;173m[48;2;143;120;126m▄[38;2;240;215;222m[48;2;189;167;172m▄[38;2;255;238;244m[48;2;226;207;211m▄[38;2;255;255;255m[48;2;230;211;214m▄[38;2;255;255;255m[48;2;251;235;236m▄[38;2;255;253;253m[48;2;254;242;242m▄[38;2;255;244;244m[48;2;245;233;233m▄[38;2;240;225;225m[48;2;239;225;224m▄[38;2;188;173;177m[48;2;208;193;197m▄[38;2;79;65;77m[48;2;60;47;58m▄[38;2;15;8;18m[48;2;7;2;10m▄[38;2;16;7;20m[48;2;15;6;17m▄[38;2;14;5;15m[48;2;13;4;14m▄[38;2;1;0;3m[48;2;7;1;8m▄[38;2;63;42;51m[48;2;24;12;20m▄[38;2;135;101;107m[48;2;43;29;34m▄[38;2;135;104;107m[48;2;108;84;86m▄[38;2;143;114;115m[48;2;139;113;110m▄[38;2;141;114;111m[48;2;133;109;105m▄[38;2;146;119;114m[48;2;138;114;110m▄[38;2;148;120;116m[48;2;139;112;109m▄[38;2;149;119;116m[48;2;140;111;109m▄[38;2;148;119;115m[48;2;140;112;109m▄[38;2;155;126;123m[48;2;149;120;118m▄[38;2;158;129;125m[48;2;150;120;119m▄[38;2;159;127;125m[48;2;151;120;117m▄[38;2;161;127;126m[48;2;152;120;118m▄[38;2;162;127;124m[48;2;155;122;119m▄[38;2;165;146;146m[48;2;144;126;126m▄[38;2;115;111;125m[48;2;103;101;114m▄[38;2;91;87;104m[48;2;77;75;92m▄[38;2;43;41;56m[48;2;27;27;42m▄[38;2;22;19;34m[48;2;29;27;42m▄[38;2;45;43;57m[48;2;19;17;31m▄[38;2;32;27;43m[48;2;15;13;27m▄[38;2;21;18;34m[48;2;19;18;31m▄[38;2;9;6;21m[48;2;8;6;18m▄[38;2;6;4;18m[48;2;14;13;25m▄[38;2;8;6;18m[48;2;30;28;42m▄[38;2;10;8;22m[48;2;33;30;48m▄[38;2;26;24;43m[48;2;70;69;83m▄[38;2;21;19;38m[48;2;62;60;78m▄[38;2;27;25;44m[48;2;55;53;71m▄[38;2;46;44;68m[48;2;21;19;36m▄[38;2;28;27;39m[48;2;47;42;61m▄[38;2;19;15;28m[48;2;27;23;40m▄[38;2;25;22;35m[48;2;26;22;40m▄[38;2;39;35;47m[48;2;15;11;23m▄[38;2;39;36;51m[48;2;15;11;24m▄[38;2;13;12;27m[48;2;12;10;25m▄[38;2;8;6;19m[48;2;21;19;33m▄[38;2;7;5;18m[48;2;29;26;40m▄[38;2;41;40;57m[48;2;41;40;60m▄[38;2;68;64;86m[48;2;39;36;61m▄[38;2;49;46;61m[48;2;50;51;71m▄[38;2;59;57;72m[48;2;45;45;61m▄[38;2;108;106;122m[48;2;18;16;30m▄[38;2;91;87;104m[48;2;31;29;43m▄[0m
