[38;2;123;123;154m[48;2;120;120;152m▄[38;2;145;144;181m[48;2;131;131;165m▄[38;2;136;135;169m[48;2;123;123;154m▄[38;2;138;137;171m[48;2;125;123;156m▄[38;2;138;138;171m[48;2;125;123;156m▄[38;2;130;131;164m[48;2;117;117;150m▄[38;2;123;124;157m[48;2;112;114;144m▄[38;2;119;120;153m[48;2;112;112;142m▄[38;2;111;112;145m[48;2;102;102;133m▄[38;2;111;111;143m[48;2;100;100;127m▄[38;2;116;117;147m[48;2;104;106;133m▄[38;2;117;118;148m[48;2;106;108;137m▄[38;2;118;119;149m[48;2;108;110;138m▄[38;2;122;123;153m[48;2;116;117;144m▄[38;2;125;126;157m[48;2;116;117;146m▄[38;2;125;126;156m[48;2;116;116;144m▄[38;2;123;124;154m[48;2;112;114;140m▄[38;2;123;123;153m[48;2;114;112;142m▄[38;2;120;121;151m[48;2;112;112;138m▄[38;2;117;118;147m[48;2;108;110;135m▄[38;2;112;115;142m[48;2;104;106;131m▄[38;2;110;111;139m[48;2;102;102;127m▄[38;2;109;110;138m[48;2;98;98;125m▄[38;2;109;108;137m[48;2;100;98;125m▄[38;2;109;108;136m[48;2;102;98;123m▄[38;2;108;107;135m[48;2;102;100;125m▄[38;2;107;107;135m[48;2;100;100;127m▄[38;2;107;107;135m[48;2;98;98;125m▄[38;2;103;103;132m[48;2;98;97;123m▄[38;2;100;98;125m[48;2;95;93;116m▄[38;2;97;95;119m[48;2;91;91;114m▄[38;2;76;75;98m[48;2;76;76;97m▄[38;2;47;46;64m[48;2;51;49;66m▄[38;2;36;36;49m[48;2;39;39;53m▄[38;2;33;33;46m[48;2;34;34;45m▄[38;2;32;32;44m[48;2;34;34;47m▄[38;2;33;33;44m[48;2;34;34;45m▄[38;2;32;32;42m[48;2;32;32;43m▄[38;2;30;30;39m[48;2;32;32;41m▄[38;2;30;30;39m[48;2;32;32;43m▄[38;2;32;32;43m[48;2;34;34;45m▄[38;2;34;34;46m[48;2;34;34;45m▄[38;2;36;36;49m[48;2;34;34;47m▄[38;2;40;40;52m[48;2;39;39;51m▄[38;2;45;45;58m[48;2;43;43;55m▄[38;2;54;53;68m[48;2;51;51;64m▄[38;2;61;60;77m[48;2;57;57;72m▄[38;2;71;70;89m[48;2;64;62;78m▄[38;2;83;82;101m[48;2;76;74;91m▄[38;2;88;86;110m[48;2;79;78;98m▄[38;2;90;88;112m[48;2;83;81;102m▄[38;2;91;89;112m[48;2;83;81;104m▄[38;2;89;87;111m[48;2;83;81;104m▄[38;2;88;86;110m[48;2;81;79;102m▄[38;2;87;85;108m[48;2;79;78;100m▄[38;2;86;84;108m[48;2;78;76;98m▄[38;2;86;84;107m[48;2;78;76;97m▄[38;2;85;83;107m[48;2;78;76;97m▄[38;2;85;83;106m[48;2;76;74;97m▄[38;2;91;89;115m[48;2;81;79;104m▄[0m
[38;2;131;131;163m[48;2;127;125;157m▄[38;2;140;142;175m[48;2;137;136;171m▄[38;2;130;131;162m[48;2;127;127;158m▄[38;2;131;132;162m[48;2;127;128;159m▄[38;2;130;131;162m[48;2;128;129;160m▄[38;2;127;128;159m[48;2;123;124;155m▄[38;2;119;120;151m[48;2;115;116;147m▄[38;2;112;113;144m[48;2;109;110;141m▄[38;2;111;112;143m[48;2;106;107;137m▄[38;2;111;112;142m[48;2;107;108;138m▄[38;2;111;112;142m[48;2;109;110;139m▄[38;2;113;114;144m[48;2;110;111;139m▄[38;2;115;115;144m[48;2;110;110;138m▄[38;2;113;113;141m[48;2;109;109;137m▄[38;2;113;114;142m[48;2;114;113;141m▄[38;2;115;115;143m[48;2;114;115;143m▄[38;2;114;115;143m[48;2;111;112;140m▄[38;2;107;108;136m[48;2;110;111;139m▄[38;2;104;105;133m[48;2;108;109;137m▄[38;2;102;102;130m[48;2;105;106;135m▄[38;2;96;96;122m[48;2;97;99;125m▄[38;2;91;91;117m[48;2;95;97;122m▄[38;2;91;91;117m[48;2;97;98;124m▄[38;2;94;93;119m[48;2;99;99;125m▄[38;2;95;94;120m[48;2;99;99;125m▄[38;2;94;93;120m[48;2;98;98;124m▄[38;2;92;92;118m[48;2;96;96;122m▄[38;2;90;89;113m[48;2;93;93;119m▄[38;2;87;85;107m[48;2;92;91;117m▄[38;2;84;82;104m[48;2;91;89;113m▄[38;2;79;77;99m[48;2;87;85;107m▄[38;2;49;48;65m[48;2;61;60;79m▄[38;2;29;29;40m[48;2;36;35;48m▄[38;2;31;30;40m[48;2;27;27;37m▄[38;2;31;30;39m[48;2;25;25;35m▄[38;2;23;22;31m[48;2;26;26;34m▄[38;2;20;19;26m[48;2;26;26;34m▄[38;2;20;19;26m[48;2;26;27;35m▄[38;2;26;26;33m[48;2;25;25;34m▄[38;2;28;28;38m[48;2;23;23;32m▄[38;2;28;28;40m[48;2;24;24;32m▄[38;2;26;26;37m[48;2;26;26;36m▄[38;2;25;25;35m[48;2;28;28;39m▄[38;2;27;27;38m[48;2;32;32;43m▄[38;2;37;36;49m[48;2;39;38;51m▄[38;2;44;44;56m[48;2;46;46;59m▄[38;2;53;51;65m[48;2;53;52;67m▄[38;2;66;64;81m[48;2;67;66;83m▄[38;2;74;72;92m[48;2;77;75;96m▄[38;2;77;75;97m[48;2;82;80;102m▄[38;2;78;76;98m[48;2;83;81;103m▄[38;2;78;76;98m[48;2;83;81;103m▄[38;2;78;76;98m[48;2;81;79;101m▄[38;2;79;77;99m[48;2;80;78;100m▄[38;2;79;77;99m[48;2;80;78;100m▄[38;2;80;78;100m[48;2;81;79;101m▄[38;2;81;79;101m[48;2;82;80;102m▄[38;2;81;79;102m[48;2;81;79;101m▄[38;2;81;79;101m[48;2;80;78;100m▄[38;2;87;85;109m[48;2;86;84;108m▄[0m
[38;2;142;142;178m[48;2;136;136;168m▄[38;2;152;152;191m[48;2;146;147;181m▄[38;2;139;139;175m[48;2;134;135;166m▄[38;2;138;138;174m[48;2;132;132;164m▄[38;2;138;137;172m[48;2;131;131;163m▄[38;2;136;136;170m[48;2;132;133;164m▄[38;2;137;138;169m[48;2;130;131;162m▄[38;2;134;135;165m[48;2;122;123;154m▄[38;2;127;128;159m[48;2;118;119;150m▄[38;2;127;128;159m[48;2;119;120;152m▄[38;2;127;128;159m[48;2;120;121;152m▄[38;2;125;126;157m[48;2;119;120;150m▄[38;2;124;125;155m[48;2;120;120;150m▄[38;2;121;122;153m[48;2;118;118;148m▄[38;2;119;120;149m[48;2;115;116;144m▄[38;2;117;117;145m[48;2;116;116;144m▄[38;2;109;110;138m[48;2;116;116;144m▄[38;2;100;100;128m[48;2;105;105;133m▄[38;2;98;98;126m[48;2;99;99;128m▄[38;2;97;99;125m[48;2;99;99;127m▄[38;2;96;98;123m[48;2;97;98;125m▄[38;2;93;93;119m[48;2;93;94;119m▄[38;2;90;89;115m[48;2;91;91;117m▄[38;2;89;87;110m[48;2;91;89;113m▄[38;2;88;86;108m[48;2;91;89;112m▄[38;2;87;85;107m[48;2;91;89;113m▄[38;2;85;83;105m[48;2;89;88;112m▄[38;2;81;79;101m[48;2;87;85;107m▄[38;2;77;75;97m[48;2;83;81;103m▄[38;2;72;70;92m[48;2;79;77;99m▄[38;2;69;67;89m[48;2;73;71;93m▄[38;2;57;56;72m[48;2;49;48;65m▄[38;2;27;27;36m[48;2;34;34;45m▄[38;2;23;20;26m[48;2;24;24;34m▄[38;2;27;22;27m[48;2;17;15;23m▄[38;2;33;25;30m[48;2;10;8;15m▄[38;2;36;26;32m[48;2;9;7;14m▄[38;2;34;24;30m[48;2;10;8;15m▄[38;2;31;22;29m[48;2;11;10;16m▄[38;2;26;17;24m[48;2;17;16;23m▄[38;2;16;11;16m[48;2;24;24;33m▄[38;2;13;11;17m[48;2;32;31;42m▄[38;2;29;27;35m[48;2;35;35;45m▄[38;2;33;33;41m[48;2;27;28;38m▄[38;2;32;32;42m[48;2;35;36;48m▄[38;2;41;41;53m[48;2;43;43;55m▄[38;2;53;53;66m[48;2;53;52;66m▄[38;2;62;61;78m[48;2;64;62;79m▄[38;2;69;68;88m[48;2;69;67;87m▄[38;2;69;67;88m[48;2;71;69;90m▄[38;2;68;66;87m[48;2;72;70;92m▄[38;2;68;66;88m[48;2;72;70;92m▄[38;2;67;65;87m[48;2;71;69;91m▄[38;2;66;64;86m[48;2;72;70;92m▄[38;2;69;67;89m[48;2;75;73;95m▄[38;2;74;72;94m[48;2;78;76;98m▄[38;2;75;73;95m[48;2;78;76;98m▄[38;2;74;72;94m[48;2;79;77;100m▄[38;2;77;75;97m[48;2;79;77;99m▄[38;2;85;83;107m[48;2;86;84;108m▄[0m
[38;2;150;150;185m[48;2;146;146;181m▄[38;2;162;162;202m[48;2;157;157;196m▄[38;2;148;149;187m[48;2;145;145;181m▄[38;2;143;143;180m[48;2;145;145;181m▄[38;2;137;137;173m[48;2;142;142;178m▄[38;2;136;136;172m[48;2;136;136;172m▄[38;2;137;137;173m[48;2;136;136;171m▄[38;2;135;135;172m[48;2;134;134;168m▄[38;2;135;135;170m[48;2;129;130;161m▄[38;2;135;136;167m[48;2;130;131;162m▄[38;2;134;135;165m[48;2;131;132;163m▄[38;2;132;133;164m[48;2;130;131;162m▄[38;2;132;133;164m[48;2;127;128;160m▄[38;2;131;132;163m[48;2;126;127;157m▄[38;2;128;129;161m[48;2;125;126;156m▄[38;2;120;120;149m[48;2;119;120;149m▄[38;2;110;110;137m[48;2;111;111;139m▄[38;2;102;102;129m[48;2;101;101;130m▄[38;2;98;97;123m[48;2;96;97;123m▄[38;2;97;97;123m[48;2;96;97;122m▄[38;2;94;94;120m[48;2;93;94;119m▄[38;2;89;88;114m[48;2;89;89;115m▄[38;2;88;86;111m[48;2;88;86;112m▄[38;2;86;84;107m[48;2;86;84;107m▄[38;2;83;81;103m[48;2;84;82;104m▄[38;2;80;78;100m[48;2;82;80;102m▄[38;2;76;74;95m[48;2;81;79;101m▄[38;2;71;69;89m[48;2;78;76;97m▄[38;2;65;64;82m[48;2;72;70;90m▄[38;2;67;63;83m[48;2;71;67;90m▄[38;2;72;69;87m[48;2;65;62;82m▄[38;2;46;41;53m[48;2;40;39;49m▄[38;2;50;40;48m[48;2;36;31;37m▄[38;2;61;44;50m[48;2;47;36;43m▄[38;2;80;53;60m[48;2;59;41;47m▄[38;2;89;58;64m[48;2;68;44;48m▄[38;2;87;56;62m[48;2;69;44;48m▄[38;2;79;50;55m[48;2;66;41;45m▄[38;2;77;47;52m[48;2;63;39;43m▄[38;2;70;43;47m[48;2;59;37;41m▄[38;2;65;42;44m[48;2;50;33;35m▄[38;2;44;28;31m[48;2;22;15;18m▄[38;2;21;17;21m[48;2;20;18;24m▄[38;2;38;37;47m[48;2;42;41;52m▄[38;2;39;37;49m[48;2;38;37;48m▄[38;2;39;36;49m[48;2;38;37;49m▄[38;2;48;47;61m[48;2;50;49;63m▄[38;2;56;54;71m[48;2;59;58;76m▄[38;2;56;55;72m[48;2;66;65;83m▄[38;2;58;57;75m[48;2;67;66;84m▄[38;2;61;59;78m[48;2;65;63;83m▄[38;2;60;58;77m[48;2;62;60;82m▄[38;2;58;57;76m[48;2;62;60;82m▄[38;2;61;60;80m[48;2;64;62;84m▄[38;2;65;63;85m[48;2;66;64;86m▄[38;2;67;65;87m[48;2;68;66;88m▄[38;2;68;66;88m[48;2;70;68;90m▄[38;2;69;67;89m[48;2;71;69;91m▄[38;2;71;69;91m[48;2;75;73;95m▄[38;2;78;76;100m[48;2;83;81;105m▄[0m
[38;2;159;157;196m[48;2;155;155;193m▄[38;2;166;165;207m[48;2;165;166;207m▄[38;2;147;146;184m[48;2;148;148;186m▄[38;2;142;142;179m[48;2;139;139;175m▄[38;2;139;139;176m[48;2;133;133;169m▄[38;2;139;140;176m[48;2;136;135;171m▄[38;2;139;140;176m[48;2;137;137;173m▄[38;2;140;140;176m[48;2;137;137;173m▄[38;2;140;140;176m[48;2;138;138;174m▄[38;2;142;142;178m[48;2;138;138;174m▄[38;2;140;140;177m[48;2;137;138;171m▄[38;2;138;139;173m[48;2;136;137;167m▄[38;2;137;138;170m[48;2;135;136;167m▄[38;2;134;135;166m[48;2;133;134;165m▄[38;2;127;128;158m[48;2;129;130;161m▄[38;2;114;117;146m[48;2;118;119;148m▄[38;2;106;106;134m[48;2;107;107;135m▄[38;2;103;101;127m[48;2;100;101;128m▄[38;2;70;69;87m[48;2;99;99;125m▄[38;2;29;27;37m[48;2;81;80;102m▄[38;2;17;17;22m[48;2;59;59;75m▄[38;2;17;16;22m[48;2;54;52;66m▄[38;2;19;18;22m[48;2;50;48;61m▄[38;2;21;19;21m[48;2;46;44;55m▄[38;2;20;17;21m[48;2;40;38;51m▄[38;2;17;16;21m[48;2;53;51;67m▄[38;2;27;26;35m[48;2;67;66;87m▄[38;2;45;44;55m[48;2;65;64;83m▄[38;2;47;46;60m[48;2;61;58;75m▄[38;2;64;58;74m[48;2;51;50;66m▄[38;2;93;80;97m[48;2;83;79;95m▄[38;2;92;77;95m[48;2;80;67;84m▄[38;2;94;68;84m[48;2;84;62;77m▄[38;2;153;112;132m[48;2;102;70;80m▄[38;2;175;125;143m[48;2;95;61;68m▄[38;2;97;60;69m[48;2;97;64;70m▄[38;2;99;65;72m[48;2;101;66;73m▄[38;2;121;86;95m[48;2;108;70;78m▄[38;2;110;82;93m[48;2;79;47;53m▄[38;2;114;84;93m[48;2;62;37;40m▄[38;2;77;51;57m[48;2;62;40;43m▄[38;2;42;27;32m[48;2;46;31;34m▄[38;2;56;39;44m[48;2;29;22;28m▄[38;2;99;61;72m[48;2;37;36;45m▄[38;2;54;39;51m[48;2;37;35;46m▄[38;2;32;30;42m[48;2;41;39;52m▄[38;2;38;36;50m[48;2;43;42;55m▄[38;2;45;44;58m[48;2;50;48;63m▄[38;2;48;46;61m[48;2;52;49;66m▄[38;2;51;49;64m[48;2;54;51;68m▄[38;2;53;50;67m[48;2;56;54;71m▄[38;2;54;51;69m[48;2;55;54;72m▄[38;2;56;54;73m[48;2;56;55;73m▄[38;2;59;58;76m[48;2;61;61;78m▄[38;2;63;61;82m[48;2;65;64;83m▄[38;2;65;63;85m[48;2;66;64;87m▄[38;2;67;65;87m[48;2;67;65;87m▄[38;2;69;67;89m[48;2;68;66;88m▄[38;2;69;67;89m[48;2;69;67;89m▄[38;2;76;74;97m[48;2;76;74;99m▄[0m
[38;2;153;153;193m[48;2;153;151;191m▄[38;2;167;167;209m[48;2;165;163;205m▄[38;2;155;155;193m[48;2;151;151;189m▄[38;2;154;155;193m[48;2;148;149;187m▄[38;2;150;152;190m[48;2;149;149;187m▄[38;2;148;149;187m[48;2;146;147;185m▄[38;2;148;149;187m[48;2;146;146;183m▄[38;2;148;148;186m[48;2;146;145;181m▄[38;2;150;150;187m[48;2;146;146;182m▄[38;2;149;149;187m[48;2;145;145;183m▄[38;2;145;145;181m[48;2;144;144;180m▄[38;2;139;139;175m[48;2;142;141;178m▄[38;2;132;132;165m[48;2;137;138;171m▄[38;2;126;127;157m[48;2;130;130;161m▄[38;2;138;135;165m[48;2;122;120;152m▄[38;2;115;111;137m[48;2;113;113;142m▄[38;2;69;65;81m[48;2;106;103;129m▄[38;2;31;28;36m[48;2;74;71;88m▄[38;2;26;23;27m[48;2;28;24;32m▄[38;2;37;30;35m[48;2;21;18;25m▄[38;2;58;43;46m[48;2;32;25;32m▄[38;2;72;50;52m[48;2;44;33;38m▄[38;2;84;58;60m[48;2;55;40;42m▄[38;2;91;61;65m[48;2;62;44;46m▄[38;2;91;61;65m[48;2;57;42;43m▄[38;2;81;56;60m[48;2;44;33;36m▄[38;2;57;43;43m[48;2;25;19;23m▄[38;2;28;23;25m[48;2;21;18;22m▄[38;2;24;20;24m[48;2;24;23;31m▄[38;2;29;24;30m[48;2;58;47;59m▄[38;2;64;49;59m[48;2;90;62;77m▄[38;2;73;52;65m[48;2;104;84;99m▄[38;2;72;48;62m[48;2;147;113;130m▄[38;2;99;69;83m[48;2;123;91;108m▄[38;2;89;61;72m[48;2;90;59;70m▄[38;2;100;73;85m[48;2;58;35;41m▄[38;2;72;46;53m[48;2;61;39;42m▄[38;2;91;59;67m[48;2;75;55;59m▄[38;2;84;53;61m[48;2;114;88;99m▄[38;2;94;61;68m[48;2;121;87;98m▄[38;2;97;60;68m[48;2;83;55;62m▄[38;2;61;40;46m[48;2;51;33;38m▄[38;2;60;39;44m[48;2;74;49;55m▄[38;2;76;49;57m[48;2;125;73;83m▄[38;2;28;24;31m[48;2;54;35;45m▄[38;2;28;27;37m[48;2;28;28;38m▄[38;2;30;30;42m[48;2;33;31;44m▄[38;2;33;33;45m[48;2;38;38;50m▄[38;2;35;35;47m[48;2;44;43;56m▄[38;2;38;38;50m[48;2;50;48;63m▄[38;2;42;41;56m[48;2;50;47;64m▄[38;2;46;44;60m[48;2;50;48;64m▄[38;2;53;52;69m[48;2;55;54;72m▄[38;2;59;57;77m[48;2;57;56;76m▄[38;2;60;58;80m[48;2;60;57;79m▄[38;2;61;59;81m[48;2;64;62;83m▄[38;2;65;63;85m[48;2;67;65;87m▄[38;2;67;65;87m[48;2;69;67;89m▄[38;2;69;67;89m[48;2;70;68;90m▄[38;2;75;73;97m[48;2;75;73;96m▄[0m
[38;2;157;155;195m[48;2;155;155;193m▄[38;2;171;169;211m[48;2;171;170;212m▄[38;2;161;159;198m[48;2;159;159;197m▄[38;2;159;157;196m[48;2;157;156;195m▄[38;2;153;151;190m[48;2;155;154;193m▄[38;2;150;147;186m[48;2;153;153;191m▄[38;2;150;148;187m[48;2;150;150;188m▄[38;2;152;151;189m[48;2;149;150;188m▄[38;2;152;151;189m[48;2;150;150;188m▄[38;2;150;148;185m[48;2;149;149;187m▄[38;2;141;139;176m[48;2;144;144;180m▄[38;2;128;127;163m[48;2;135;134;169m▄[38;2;118;117;149m[48;2;123;123;155m▄[38;2;124;122;151m[48;2;123;122;154m▄[38;2;104;97;117m[48;2;130;127;155m▄[38;2;58;49;60m[48;2;90;84;102m▄[38;2;34;30;36m[48;2;41;35;43m▄[38;2;29;27;34m[48;2;26;25;31m▄[38;2;50;42;48m[48;2;37;32;38m▄[38;2;70;54;58m[48;2;60;47;53m▄[38;2;76;57;61m[48;2;71;54;57m▄[38;2;76;56;60m[48;2;83;61;63m▄[38;2;78;55;58m[48;2;91;65;68m▄[38;2;77;52;55m[48;2;92;64;68m▄[38;2;73;51;54m[48;2;86;60;64m▄[38;2;71;51;53m[48;2;78;56;59m▄[38;2;79;57;60m[48;2;75;55;56m▄[38;2;69;51;52m[48;2;49;37;39m▄[38;2;35;26;29m[48;2;27;21;25m▄[38;2;28;22;26m[48;2;26;20;25m▄[38;2;26;22;27m[48;2;28;22;29m▄[38;2;22;18;24m[48;2;56;44;54m▄[38;2;59;44;55m[48;2;79;55;69m▄[38;2;53;36;48m[48;2;90;60;74m▄[38;2;97;64;80m[48;2;95;66;79m▄[38;2;111;65;84m[48;2;143;108;125m▄[38;2;115;71;90m[48;2;88;55;67m▄[38;2;88;53;64m[48;2;73;45;53m▄[38;2;88;60;68m[48;2;119;83;94m▄[38;2;109;76;85m[48;2;96;61;71m▄[38;2;109;74;85m[48;2;93;58;67m▄[38;2;95;68;81m[48;2;62;40;47m▄[38;2;57;37;48m[48;2;77;53;59m▄[38;2;19;14;20m[48;2;50;35;42m▄[38;2;40;35;44m[48;2;28;24;31m▄[38;2;33;30;40m[48;2;24;23;31m▄[38;2;28;26;36m[48;2;32;30;42m▄[38;2;30;29;38m[48;2;35;34;46m▄[38;2;33;31;41m[48;2;36;34;47m▄[38;2;32;31;43m[48;2;33;31;44m▄[38;2;32;31;43m[48;2;30;30;42m▄[38;2;34;34;47m[48;2;40;39;53m▄[38;2;39;37;54m[48;2;51;49;65m▄[38;2;48;45;62m[48;2;56;54;71m▄[38;2;52;50;67m[48;2;58;56;77m▄[38;2;56;54;73m[48;2;58;57;78m▄[38;2;56;55;73m[48;2;58;56;76m▄[38;2;55;54;72m[48;2;60;59;79m▄[38;2;63;61;81m[48;2;65;63;85m▄[38;2;74;71;95m[48;2;75;73;97m▄[0m
[38;2;165;163;202m[48;2;161;159;198m▄[38;2;176;173;216m[48;2;174;171;214m▄[38;2;159;157;196m[48;2;161;159;198m▄[38;2;157;155;194m[48;2;160;158;197m▄[38;2;155;153;191m[48;2;152;150;189m▄[38;2;156;154;193m[48;2;150;148;187m▄[38;2;156;154;192m[48;2;152;150;189m▄[38;2;155;153;189m[48;2;153;150;189m▄[38;2;148;146;183m[48;2;151;149;186m▄[38;2;140;138;175m[48;2;146;144;181m▄[38;2;127;126;158m[48;2;135;133;168m▄[38;2;122;122;154m[48;2;125;124;157m▄[38;2;124;121;150m[48;2;126;125;156m▄[38;2;79;70;86m[48;2;110;105;128m▄[38;2;43;36;45m[48;2;63;54;67m▄[38;2;37;33;40m[48;2;42;36;43m▄[38;2;31;29;36m[48;2;32;29;35m▄[38;2;48;41;48m[48;2;39;35;42m▄[38;2;83;62;69m[48;2;70;56;64m▄[38;2;104;74;79m[48;2;81;61;65m▄[38;2;90;61;67m[48;2;86;61;66m▄[38;2;75;53;59m[48;2;69;47;53m▄[38;2;84;63;67m[48;2;75;52;56m▄[38;2;83;60;63m[48;2;69;45;49m▄[38;2;78;50;55m[48;2;79;52;56m▄[38;2;93;59;63m[48;2;84;54;58m▄[38;2;105;67;69m[48;2;81;52;54m▄[38;2;88;55;58m[48;2;78;52;54m▄[38;2;66;43;46m[48;2;54;38;40m▄[38;2;43;31;31m[48;2;29;23;26m▄[38;2;37;26;29m[48;2;28;22;26m▄[38;2;29;21;27m[48;2;27;22;27m▄[38;2;27;21;28m[48;2;27;19;28m▄[38;2;34;24;33m[48;2;40;27;38m▄[38;2;44;32;43m[48;2;81;53;67m▄[38;2;78;58;69m[48;2;79;49;62m▄[38;2;78;54;67m[48;2;90;58;68m▄[38;2;55;41;51m[48;2;87;55;62m▄[38;2;83;68;78m[48;2;59;39;43m▄[38;2;168;132;150m[48;2;116;86;97m▄[38;2;144;106;127m[48;2;148;112;131m▄[38;2;101;65;81m[48;2;132;93;112m▄[38;2;48;32;38m[48;2;59;36;46m▄[38;2;27;20;26m[48;2;15;12;18m▄[38;2;17;15;22m[48;2;21;20;27m▄[38;2;18;16;22m[48;2;25;24;32m▄[38;2;19;19;25m[48;2;23;23;31m▄[38;2;19;20;27m[48;2;23;23;30m▄[38;2;21;21;29m[48;2;25;25;34m▄[38;2;26;26;34m[48;2;31;31;41m▄[38;2;32;32;42m[48;2;37;37;48m▄[38;2;37;35;48m[48;2;39;37;50m▄[38;2;40;39;52m[48;2;36;36;49m▄[38;2;41;40;54m[48;2;39;38;53m▄[38;2;41;39;54m[48;2;43;42;58m▄[38;2;42;41;56m[48;2;47;46;62m▄[38;2;43;42;57m[48;2;51;49;68m▄[38;2;47;45;61m[48;2;51;50;68m▄[38;2;51;50;67m[48;2;59;57;75m▄[38;2;64;62;83m[48;2;69;67;90m▄[0m
[38;2;163;159;198m[48;2;163;161;200m▄[38;2;172;168;210m[48;2;173;171;213m▄[38;2;152;150;187m[48;2;153;151;190m▄[38;2;148;146;182m[48;2;150;148;186m▄[38;2;147;145;182m[48;2;149;147;185m▄[38;2;148;146;183m[48;2;150;148;185m▄[38;2;145;143;180m[48;2;151;149;186m▄[38;2;145;142;180m[48;2;149;147;185m▄[38;2;140;138;173m[48;2;142;141;178m▄[38;2;131;130;163m[48;2;135;134;169m▄[38;2;125;122;156m[48;2;126;126;158m▄[38;2;124;120;152m[48;2;123;121;153m▄[38;2;102;93;118m[48;2;114;109;135m▄[38;2;58;51;62m[48;2;71;63;78m▄[38;2;40;36;43m[48;2;46;41;49m▄[38;2;35;32;39m[48;2;36;32;39m▄[38;2;29;26;33m[48;2;29;27;34m▄[38;2;44;36;44m[48;2;51;41;48m▄[38;2;89;68;75m[48;2;90;66;73m▄[38;2;84;62;68m[48;2;94;65;70m▄[38;2;71;52;62m[48;2;73;53;59m▄[38;2;76;54;62m[48;2;81;63;71m▄[38;2;81;56;63m[48;2;81;63;68m▄[38;2;82;55;62m[48;2;85;65;68m▄[38;2;71;48;53m[48;2;79;58;62m▄[38;2;75;50;53m[48;2;79;51;56m▄[38;2;98;66;67m[48;2;101;68;69m▄[38;2;94;64;63m[48;2;96;64;65m▄[38;2;63;42;45m[48;2;68;44;47m▄[38;2;57;38;42m[48;2;64;43;44m▄[38;2;52;37;40m[48;2;59;39;41m▄[38;2;30;24;28m[48;2;31;23;27m▄[38;2;30;24;29m[48;2;27;22;25m▄[38;2;31;21;31m[48;2;35;24;36m▄[38;2;91;65;86m[48;2;85;62;82m▄[38;2;184;147;178m[48;2;167;128;152m▄[38;2;203;166;201m[48;2;185;141;167m▄[38;2;172;135;167m[48;2;184;139;166m▄[38;2;135;99;129m[48;2;189;142;168m▄[38;2;74;52;70m[48;2;183;129;155m▄[38;2;65;45;56m[48;2;117;76;96m▄[38;2;71;47;57m[48;2;52;37;47m▄[38;2;71;46;54m[48;2;43;33;41m▄[38;2;57;35;42m[48;2;38;27;34m▄[38;2;25;19;25m[48;2;20;16;23m▄[38;2;20;18;25m[48;2;19;16;23m▄[38;2;21;20;26m[48;2;20;17;24m▄[38;2;21;21;28m[48;2;21;20;26m▄[38;2;21;21;28m[48;2;22;21;29m▄[38;2;19;19;26m[48;2;23;23;31m▄[38;2;19;18;25m[48;2;27;26;36m▄[38;2;22;21;29m[48;2;31;29;41m▄[38;2;27;26;35m[48;2;35;33;45m▄[38;2;33;32;43m[48;2;38;37;50m▄[38;2;36;35;47m[48;2;37;37;50m▄[38;2;36;36;49m[48;2;39;38;51m▄[38;2;40;38;52m[48;2;44;41;55m▄[38;2;46;43;59m[48;2;48;45;62m▄[38;2;52;49;67m[48;2;53;50;68m▄[38;2;66;64;85m[48;2;63;60;81m▄[0m
[38;2;157;153;189m[48;2;159;157;196m▄[38;2;167;163;203m[48;2;173;169;210m▄[38;2;156;152;189m[48;2;158;154;191m▄[38;2;157;153;187m[48;2;157;153;190m▄[38;2;157;153;188m[48;2;156;153;190m▄[38;2;145;141;176m[48;2;151;149;187m▄[38;2;129;125;159m[48;2;141;137;172m▄[38;2;124;120;152m[48;2;135;131;164m▄[38;2;119;116;148m[48;2;130;126;159m▄[38;2;123;120;150m[48;2;126;122;155m▄[38;2;132;126;156m[48;2;127;123;155m▄[38;2;122;117;144m[48;2;129;123;155m▄[38;2;76;70;86m[48;2;92;83;105m▄[38;2;38;35;43m[48;2;44;38;48m▄[38;2;35;32;38m[48;2;37;34;40m▄[38;2;33;30;37m[48;2;34;31;38m▄[38;2;32;29;36m[48;2;31;28;35m▄[38;2;30;28;34m[48;2;34;30;38m▄[38;2;34;31;38m[48;2;52;42;51m▄[38;2;39;34;41m[48;2;55;42;51m▄[38;2;43;34;41m[48;2;63;47;57m▄[38;2;45;34;40m[48;2;63;44;53m▄[38;2;48;35;42m[48;2;64;44;52m▄[38;2;43;31;37m[48;2;69;45;51m▄[38;2;39;29;33m[48;2;64;42;48m▄[38;2;44;35;38m[48;2;52;35;40m▄[38;2;41;32;37m[48;2;52;37;41m▄[38;2;44;34;39m[48;2;55;38;41m▄[38;2;44;33;38m[48;2;44;31;36m▄[38;2;33;26;31m[48;2;34;26;31m▄[38;2;30;25;29m[48;2;29;24;28m▄[38;2;29;24;28m[48;2;28;23;27m▄[38;2;28;23;27m[48;2;31;25;29m▄[38;2;34;26;30m[48;2;34;25;31m▄[38;2;64;42;48m[48;2;48;34;45m▄[38;2;91;56;62m[48;2;81;65;78m▄[38;2;85;52;58m[48;2;75;63;79m▄[38;2;86;55;62m[48;2;63;51;66m▄[38;2;87;54;62m[48;2;69;53;68m▄[38;2;85;52;61m[48;2;74;50;61m▄[38;2;84;52;60m[48;2;82;51;60m▄[38;2;78;48;53m[48;2;86;51;59m▄[38;2;46;31;38m[48;2;86;51;58m▄[38;2;24;21;28m[48;2;49;31;38m▄[38;2;23;22;29m[48;2;23;20;26m▄[38;2;20;19;27m[48;2;22;19;26m▄[38;2;20;20;27m[48;2;22;21;27m▄[38;2;20;21;27m[48;2;21;21;28m▄[38;2;20;20;26m[48;2;19;20;27m▄[38;2;20;19;26m[48;2;18;19;25m▄[38;2;20;20;28m[48;2;18;17;24m▄[38;2;20;20;28m[48;2;18;18;26m▄[38;2;18;18;26m[48;2;18;19;26m▄[38;2;15;15;23m[48;2;21;21;28m▄[38;2;14;14;22m[48;2;26;26;36m▄[38;2;16;16;24m[48;2;30;30;42m▄[38;2;24;24;33m[48;2;35;35;47m▄[38;2;37;37;49m[48;2;42;42;55m▄[38;2;48;46;62m[48;2;50;49;64m▄[38;2;61;60;79m[48;2;65;64;84m▄[0m
[38;2;155;148;181m[48;2;153;148;185m▄[38;2;168;160;197m[48;2;165;159;199m▄[38;2;152;145;179m[48;2;155;148;184m▄[38;2;148;141;175m[48;2;151;147;179m▄[38;2;142;138;171m[48;2;144;140;173m▄[38;2;136;133;164m[48;2;136;132;165m▄[38;2;126;123;154m[48;2;125;123;154m▄[38;2;122;118;149m[48;2;121;118;149m▄[38;2;123;118;148m[48;2;118;115;146m▄[38;2;122;116;146m[48;2;120;115;145m▄[38;2;114;108;137m[48;2;119;113;142m▄[38;2;94;89;111m[48;2;101;96;119m▄[38;2;58;55;65m[48;2;57;53;64m▄[38;2;35;32;39m[48;2;35;33;39m▄[38;2;34;31;38m[48;2;34;31;38m▄[38;2;32;29;36m[48;2;33;30;37m▄[38;2;32;29;36m[48;2;33;30;37m▄[38;2;29;28;35m[48;2;31;28;36m▄[38;2;44;36;42m[48;2;44;37;44m▄[38;2;78;58;65m[48;2;59;49;55m▄[38;2;79;58;64m[48;2;49;40;46m▄[38;2;69;52;58m[48;2;46;36;42m▄[38;2;74;56;61m[48;2;43;34;39m▄[38;2;79;57;61m[48;2;43;34;39m▄[38;2;84;58;62m[48;2;51;40;44m▄[38;2;85;56;59m[48;2;61;46;49m▄[38;2;87;56;60m[48;2;70;49;52m▄[38;2;74;47;50m[48;2;72;49;52m▄[38;2;45;31;33m[48;2;52;36;40m▄[38;2;38;28;32m[48;2;36;28;32m▄[38;2;32;26;30m[48;2;33;27;32m▄[38;2;29;24;28m[48;2;31;25;29m▄[38;2;27;23;27m[48;2;28;23;27m▄[38;2;28;23;27m[48;2;30;24;28m▄[38;2;30;23;28m[48;2;50;34;40m▄[38;2;55;38;45m[48;2;87;55;63m▄[38;2;78;52;59m[48;2;85;53;61m▄[38;2;77;51;58m[48;2;79;48;56m▄[38;2;82;53;61m[48;2;83;53;61m▄[38;2;77;49;56m[48;2;88;55;64m▄[38;2;44;32;39m[48;2;78;48;54m▄[38;2;31;28;36m[48;2;40;28;33m▄[38;2;30;29;36m[48;2;23;22;29m▄[38;2;28;28;36m[48;2;25;24;31m▄[38;2;26;26;34m[48;2;25;24;32m▄[38;2;26;26;34m[48;2;22;23;31m▄[38;2;23;23;31m[48;2;21;21;29m▄[38;2;23;23;31m[48;2;21;20;27m▄[38;2;22;22;30m[48;2;22;21;26m▄[38;2;21;21;29m[48;2;21;20;27m▄[38;2;19;19;27m[48;2;21;21;29m▄[38;2;19;19;27m[48;2;20;20;28m▄[38;2;21;21;29m[48;2;18;18;26m▄[38;2;20;20;28m[48;2;17;17;25m▄[38;2;25;23;31m[48;2;15;15;23m▄[38;2;42;36;44m[48;2;21;21;28m▄[38;2;39;33;40m[48;2;25;23;30m▄[38;2;32;28;37m[48;2;32;31;41m▄[38;2;36;34;46m[48;2;46;44;57m▄[38;2;51;48;65m[48;2;56;54;73m▄[0m
[38;2;153;144;180m[48;2;153;148;181m▄[38;2;161;151;188m[48;2;165;157;194m▄[38;2;141;133;167m[48;2;149;142;176m▄[38;2;135;127;161m[48;2;142;136;169m▄[38;2;132;125;156m[48;2;138;132;164m▄[38;2;132;125;156m[48;2;133;127;158m▄[38;2;130;123;154m[48;2;124;118;148m▄[38;2;130;124;155m[48;2;120;114;144m▄[38;2;132;125;158m[48;2;123;117;147m▄[38;2;134;128;160m[48;2;128;121;153m▄[38;2;91;87;108m[48;2;106;100;127m▄[38;2;58;50;63m[48;2;76;70;88m▄[38;2;41;36;43m[48;2;49;44;52m▄[38;2;34;31;38m[48;2;35;32;38m▄[38;2;35;31;38m[48;2;33;30;37m▄[38;2;33;31;38m[48;2;33;30;37m▄[38;2;34;31;37m[48;2;34;30;36m▄[38;2;48;41;46m[48;2;35;30;36m▄[38;2;69;56;62m[48;2;50;40;47m▄[38;2;77;59;65m[48;2;75;57;64m▄[38;2;84;60;65m[48;2;90;63;69m▄[38;2;92;63;67m[48;2;89;61;65m▄[38;2;90;60;62m[48;2;88;60;63m▄[38;2;90;60;61m[48;2;87;57;60m▄[38;2;91;63;65m[48;2;90;59;62m▄[38;2;92;63;65m[48;2;92;61;63m▄[38;2;78;54;56m[48;2;86;57;58m▄[38;2;71;51;52m[48;2;68;45;47m▄[38;2;49;36;39m[48;2;46;33;34m▄[38;2;36;29;35m[48;2;44;34;37m▄[38;2;27;24;29m[48;2;33;27;31m▄[38;2;44;33;35m[48;2;29;23;27m▄[38;2;42;30;33m[48;2;31;24;28m▄[38;2;39;28;32m[48;2;32;24;27m▄[38;2;42;30;33m[48;2;29;23;25m▄[38;2;42;30;32m[48;2;33;24;28m▄[38;2;38;28;30m[48;2;46;33;37m▄[38;2;45;35;40m[48;2;46;34;40m▄[38;2;45;35;41m[48;2;63;45;52m▄[38;2;36;31;37m[48;2;39;31;38m▄[38;2;35;31;36m[48;2;30;29;36m▄[38;2;29;26;33m[48;2;33;32;39m▄[38;2;27;27;34m[48;2;30;30;38m▄[38;2;29;30;38m[48;2;26;27;35m▄[38;2;30;30;38m[48;2;23;23;31m▄[38;2;32;31;40m[48;2;22;23;30m▄[38;2;33;32;42m[48;2;24;24;31m▄[38;2;39;37;49m[48;2;24;24;32m▄[38;2;40;38;49m[48;2;23;23;30m▄[38;2;38;37;49m[48;2;26;26;34m▄[38;2;46;44;58m[48;2;33;31;43m▄[38;2;52;48;65m[48;2;27;26;36m▄[38;2;35;33;48m[48;2;26;26;33m▄[38;2;63;56;72m[48;2;27;27;35m▄[38;2;120;97;117m[48;2;62;54;65m▄[38;2;94;76;95m[48;2;61;50;62m▄[38;2;72;60;77m[48;2;50;40;49m▄[38;2;53;43;57m[48;2;39;32;39m▄[38;2;39;35;47m[48;2;33;30;41m▄[38;2;66;64;80m[48;2;54;50;67m▄[0m
[38;2;159;148;183m[48;2;153;140;176m▄[38;2;160;148;185m[48;2;158;145;184m▄[38;2;131;123;152m[48;2;135;126;157m▄[38;2;121;115;142m[48;2;127;120;150m▄[38;2;121;115;142m[48;2;125;119;149m▄[38;2;124;118;145m[48;2;127;120;152m▄[38;2;95;87;110m[48;2;134;128;160m▄[38;2;66;56;68m[48;2;127;122;152m▄[38;2;56;43;51m[48;2;114;105;132m▄[38;2;52;39;44m[48;2;98;90;111m▄[38;2;54;40;45m[48;2;62;54;66m▄[38;2;57;42;47m[48;2;47;38;46m▄[38;2;53;40;44m[48;2;43;35;42m▄[38;2;46;36;39m[48;2;41;34;41m▄[38;2;45;35;38m[48;2;37;31;37m▄[38;2;38;32;36m[48;2;33;30;36m▄[38;2;30;27;34m[48;2;30;27;34m▄[38;2;28;27;34m[48;2;36;32;39m▄[38;2;28;26;33m[48;2;57;47;53m▄[38;2;37;32;38m[48;2;78;60;64m▄[38;2;56;43;48m[48;2;83;63;65m▄[38;2;78;56;60m[48;2;90;63;67m▄[38;2;82;57;61m[48;2;88;58;60m▄[38;2;73;50;53m[48;2;86;58;60m▄[38;2;80;58;61m[48;2;85;58;62m▄[38;2;54;41;45m[48;2;81;56;59m▄[38;2;42;34;37m[48;2;75;53;54m▄[38;2;29;25;31m[48;2;53;39;41m▄[38;2;26;24;31m[48;2;32;27;34m▄[38;2;26;24;31m[48;2;27;24;32m▄[38;2;32;27;33m[48;2;28;25;31m▄[38;2;56;41;42m[48;2;43;31;34m▄[38;2;60;43;44m[48;2;48;34;35m▄[38;2;64;46;47m[48;2;51;37;39m▄[38;2;67;47;50m[48;2;55;39;41m▄[38;2;64;46;48m[48;2;52;39;41m▄[38;2;64;46;47m[48;2;50;37;39m▄[38;2;66;47;47m[48;2;52;37;40m▄[38;2;66;46;46m[48;2;54;38;41m▄[38;2;65;44;45m[48;2;53;40;41m▄[38;2;61;44;44m[48;2;53;40;42m▄[38;2;59;44;45m[48;2;45;36;40m▄[38;2;51;41;45m[48;2;37;34;41m▄[38;2;39;35;43m[48;2;35;35;41m▄[38;2;31;29;40m[48;2;38;37;46m▄[38;2;29;27;38m[48;2;46;44;57m▄[38;2;38;36;47m[48;2;49;46;62m▄[38;2;40;38;51m[48;2;49;47;61m▄[38;2;40;38;52m[48;2;55;53;69m▄[38;2;48;46;61m[48;2;45;43;58m▄[38;2;61;58;77m[48;2;45;43;58m▄[38;2;37;36;52m[48;2;48;46;63m▄[38;2;134;119;135m[48;2;66;59;76m▄[38;2;205;169;190m[48;2;146;125;145m▄[38;2;144;116;135m[48;2;133;107;129m▄[38;2;103;84;102m[48;2;127;103;125m▄[38;2;90;76;94m[48;2;104;87;109m▄[38;2;89;78;97m[48;2;81;68;88m▄[38;2;63;57;73m[48;2;46;41;55m▄[38;2;64;61;76m[48;2;69;65;81m▄[0m
[38;2;170;161;191m[48;2;165;155;187m▄[38;2;174;163;198m[48;2;166;156;191m▄[38;2;141;130;161m[48;2;134;125;155m▄[38;2;132;127;151m[48;2;118;112;137m▄[38;2;90;86;103m[48;2;121;117;141m▄[38;2;43;35;44m[48;2;81;74;89m▄[38;2;60;48;55m[48;2;50;40;49m▄[38;2;73;56;61m[48;2;62;48;53m▄[38;2;82;62;64m[48;2;71;52;56m▄[38;2;80;61;62m[48;2;70;51;56m▄[38;2;79;60;61m[48;2;70;51;54m▄[38;2;82;61;63m[48;2;72;52;54m▄[38;2;74;54;56m[48;2;66;47;49m▄[38;2;65;47;49m[48;2;57;42;44m▄[38;2;64;47;47m[48;2;57;41;43m▄[38;2;38;32;36m[48;2;41;34;37m▄[38;2;27;25;32m[48;2;28;26;33m▄[38;2;28;25;32m[48;2;30;27;34m▄[38;2;28;25;32m[48;2;29;26;33m▄[38;2;27;25;32m[48;2;27;24;32m▄[38;2;28;25;32m[48;2;25;23;31m▄[38;2;27;25;32m[48;2;30;26;33m▄[38;2;25;24;30m[48;2;36;30;37m▄[38;2;28;26;32m[48;2;51;38;42m▄[38;2;28;25;32m[48;2;44;35;39m▄[38;2;26;25;32m[48;2;24;23;30m▄[38;2;26;25;32m[48;2;24;22;30m▄[38;2;27;24;31m[48;2;26;23;31m▄[38;2;27;24;31m[48;2;27;24;31m▄[38;2;24;22;29m[48;2;25;23;30m▄[38;2;35;28;34m[48;2;34;28;34m▄[38;2;65;47;48m[48;2;62;45;46m▄[38;2;69;51;51m[48;2;64;47;49m▄[38;2;66;48;48m[48;2;67;48;50m▄[38;2;62;46;47m[48;2;67;50;51m▄[38;2;59;46;47m[48;2;66;50;51m▄[38;2;64;49;49m[48;2;69;52;53m▄[38;2;67;50;51m[48;2;71;52;53m▄[38;2;71;51;51m[48;2;71;51;51m▄[38;2;72;51;50m[48;2;74;52;50m▄[38;2;73;48;49m[48;2;69;47;46m▄[38;2;67;44;45m[48;2;62;43;43m▄[38;2;58;41;42m[48;2;56;41;41m▄[38;2;51;39;42m[48;2;50;40;45m▄[38;2;44;39;49m[48;2;27;24;33m▄[38;2;36;35;46m[48;2;33;32;40m▄[38;2;32;31;40m[48;2;35;33;42m▄[38;2;29;28;36m[48;2;33;32;41m▄[38;2;33;31;42m[48;2;36;34;46m▄[38;2;33;32;44m[48;2;36;34;46m▄[38;2;32;32;44m[48;2;48;46;61m▄[38;2;36;32;43m[48;2;45;42;56m▄[38;2;160;141;157m[48;2;155;136;152m▄[38;2;200;168;190m[48;2;196;162;185m▄[38;2;164;128;147m[48;2;163;128;148m▄[38;2;114;90;109m[48;2;118;91;108m▄[38;2;83;72;90m[48;2;63;51;66m▄[38;2;74;67;83m[48;2;63;58;71m▄[38;2;77;72;87m[48;2;74;71;84m▄[38;2;106;100;117m[48;2;77;74;90m▄[0m
[38;2;175;164;196m[48;2;174;163;195m▄[38;2;193;181;219m[48;2;180;168;204m▄[38;2;163;151;185m[48;2;145;134;165m▄[38;2;124;118;143m[48;2;123;117;140m▄[38;2;50;47;60m[48;2;53;50;61m▄[38;2;58;49;58m[48;2;50;41;49m▄[38;2;72;57;65m[48;2;69;54;61m▄[38;2;82;63;68m[48;2;83;63;66m▄[38;2;87;65;67m[48;2;87;67;67m▄[38;2;86;64;67m[48;2;84;64;66m▄[38;2;78;58;61m[48;2;82;62;64m▄[38;2;68;52;55m[48;2;81;61;64m▄[38;2;66;50;55m[48;2;74;55;57m▄[38;2;82;61;63m[48;2;73;53;54m▄[38;2;58;46;50m[48;2;67;49;52m▄[38;2;30;28;36m[48;2;31;29;35m▄[38;2;31;28;36m[48;2;27;25;32m▄[38;2;29;27;34m[48;2;28;25;32m▄[38;2;36;29;36m[48;2;29;25;32m▄[38;2;48;33;38m[48;2;30;26;32m▄[38;2;31;26;34m[48;2;28;25;31m▄[38;2;33;27;35m[48;2;27;25;32m▄[38;2;57;35;41m[48;2;32;28;33m▄[38;2;47;32;38m[48;2;31;27;33m▄[38;2;27;25;33m[48;2;26;24;31m▄[38;2;52;33;38m[48;2;35;27;32m▄[38;2;49;31;38m[48;2;38;28;33m▄[38;2;31;26;34m[48;2;28;24;31m▄[38;2;29;26;34m[48;2;27;24;31m▄[38;2;28;25;32m[48;2;24;22;29m▄[38;2;29;25;33m[48;2;32;27;32m▄[38;2;70;50;53m[48;2;70;50;50m▄[38;2;87;57;60m[48;2;77;52;52m▄[38;2;73;49;50m[48;2;73;51;49m▄[38;2;54;39;40m[48;2;58;43;43m▄[38;2;45;34;38m[48;2;49;37;41m▄[38;2;63;46;52m[48;2;57;43;46m▄[38;2;63;46;48m[48;2;63;46;47m▄[38;2;58;42;42m[48;2;66;47;46m▄[38;2;58;41;42m[48;2;66;46;46m▄[38;2;55;39;40m[48;2;63;43;44m▄[38;2;53;37;39m[48;2;59;40;41m▄[38;2;53;37;40m[48;2;53;38;39m▄[38;2;52;39;42m[48;2;50;38;41m▄[38;2;49;42;54m[48;2;54;48;61m▄[38;2;42;40;55m[48;2;50;48;64m▄[38;2;39;36;50m[48;2;46;44;60m▄[38;2;35;34;47m[48;2;40;39;52m▄[38;2;34;32;46m[48;2;34;32;44m▄[38;2;34;32;45m[48;2;33;31;43m▄[38;2;34;32;44m[48;2;33;31;43m▄[38;2;35;33;45m[48;2;24;24;34m▄[38;2;27;25;36m[48;2;98;88;101m▄[38;2;76;69;86m[48;2;188;164;185m▄[38;2;144;131;159m[48;2;131;112;137m▄[38;2;181;157;187m[48;2;105;94;116m▄[38;2;146;130;157m[48;2;108;97;117m▄[38;2;107;99;129m[48;2;111;101;122m▄[38;2;95;90;117m[48;2;102;93;114m▄[38;2;118;115;139m[48;2;131;123;141m▄[0m
