[38;2;254;254;254m[48;2;254;254;254m▄[38;2;255;255;255m[48;2;254;254;254m▄[38;2;255;255;255m[48;2;254;254;254m▄[38;2;255;255;255m[48;2;254;254;254m▄[38;2;255;255;255m[48;2;254;254;254m▄[38;2;255;255;255m[48;2;254;254;254m▄[38;2;255;255;255m[48;2;254;254;254m▄[38;2;255;255;255m[48;2;254;254;254m▄[38;2;255;255;255m[48;2;254;254;254m▄[38;2;255;255;255m[48;2;254;254;254m▄[38;2;255;255;255m[48;2;254;254;254m▄[38;2;255;255;255m[48;2;254;254;254m▄[38;2;255;255;255m[48;2;254;254;254m▄[38;2;255;255;255m[48;2;254;254;254m▄[38;2;255;255;255m[48;2;254;254;254m▄[38;2;255;255;255m[48;2;254;254;254m▄[38;2;255;255;255m[48;2;254;254;254m▄[38;2;255;255;255m[48;2;254;254;254m▄[38;2;255;255;255m[48;2;254;254;254m▄[38;2;255;255;255m[48;2;254;254;254m▄[38;2;255;255;255m[48;2;254;254;254m▄[38;2;255;255;255m[48;2;254;254;254m▄[38;2;255;255;255m[48;2;254;254;254m▄[38;2;255;255;255m[48;2;254;254;254m▄[38;2;255;255;255m[48;2;254;254;254m▄[38;2;255;255;255m[48;2;254;254;254m▄[38;2;255;255;255m[48;2;254;254;254m▄[38;2;255;255;255m[48;2;254;254;254m▄[38;2;255;255;255m[48;2;254;254;254m▄[38;2;255;255;255m[48;2;254;254;254m▄[38;2;152;150;149m[48;2;104;102;100m▄[38;2;228;225;220m[48;2;88;88;81m▄[38;2;247;248;243m[48;2;162;162;156m▄[38;2;252;253;247m[48;2;227;229;224m▄[38;2;251;253;247m[48;2;233;235;229m▄[38;2;248;249;244m[48;2;235;235;231m▄[38;2;241;242;237m[48;2;224;226;220m▄[38;2;227;228;223m[48;2;177;177;177m▄[38;2;220;219;215m[48;2;148;146;146m▄[38;2;197;194;194m[48;2;146;142;144m▄[38;2;172;168;171m[48;2;156;152;154m▄[38;2;162;159;162m[48;2;166;164;162m▄[38;2;167;166;168m[48;2;185;185;181m▄[38;2;179;179;179m[48;2;187;189;183m▄[38;2;189;189;188m[48;2;220;222;216m▄[38;2;157;157;154m[48;2;181;181;171m▄[38;2;122;121;120m[48;2;63;57;48m▄[38;2;135;134;137m[48;2;52;52;46m▄[38;2;144;144;148m[48;2;100;100;98m▄[38;2;144;143;147m[48;2;133;133;135m▄[38;2;142;141;144m[48;2;133;133;135m▄[38;2;140;139;143m[48;2;131;131;133m▄[38;2;137;137;141m[48;2;127;127;129m▄[38;2;135;135;138m[48;2;125;125;127m▄[38;2;134;133;136m[48;2;123;123;125m▄[38;2;133;132;134m[48;2;121;121;123m▄[38;2;132;130;133m[48;2;119;119;121m▄[38;2;129;127;132m[48;2;119;119;121m▄[38;2;127;125;128m[48;2;117;115;119m▄[38;2;135;133;136m[48;2;125;123;125m▄[0m
[38;2;255;255;255m[48;2;255;255;255m▄[38;2;255;255;255m[48;2;255;255;255m▄[38;2;255;255;255m[48;2;255;255;255m▄[38;2;255;255;255m[48;2;255;255;255m▄[38;2;255;255;255m[48;2;255;255;255m▄[38;2;255;255;255m[48;2;255;255;255m▄[38;2;255;255;255m[48;2;255;255;255m▄[38;2;255;255;255m[48;2;255;255;255m▄[38;2;255;255;255m[48;2;255;255;255m▄[38;2;255;255;255m[48;2;255;255;255m▄[38;2;255;255;255m[48;2;255;255;255m▄[38;2;255;255;255m[48;2;255;255;255m▄[38;2;255;255;255m[48;2;255;255;255m▄[38;2;255;255;255m[48;2;255;255;255m▄[38;2;255;255;255m[48;2;255;255;255m▄[38;2;255;255;255m[48;2;255;255;255m▄[38;2;255;255;255m[48;2;255;255;255m▄[38;2;255;255;255m[48;2;255;255;255m▄[38;2;255;255;255m[48;2;255;255;255m▄[38;2;255;255;255m[48;2;255;255;255m▄[38;2;255;255;255m[48;2;255;255;255m▄[38;2;255;255;255m[48;2;255;255;255m▄[38;2;255;255;255m[48;2;255;255;255m▄[38;2;255;255;255m[48;2;255;255;255m▄[38;2;255;255;255m[48;2;255;255;255m▄[38;2;255;255;255m[48;2;255;255;255m▄[38;2;255;255;255m[48;2;255;255;255m▄[38;2;255;255;255m[48;2;255;255;255m▄[38;2;255;255;255m[48;2;255;255;255m▄[38;2;253;253;253m[48;2;251;251;252m▄[38;2;142;141;140m[48;2;153;153;152m▄[38;2;202;199;196m[48;2;242;238;234m▄[38;2;220;220;215m[48;2;242;239;235m▄[38;2;234;234;230m[48;2;234;233;229m▄[38;2;212;212;206m[48;2;237;238;233m▄[38;2;170;169;161m[48;2;226;228;223m▄[38;2;202;203;197m[48;2;224;225;220m▄[38;2;236;237;232m[48;2;228;229;224m▄[38;2;238;239;234m[48;2;235;236;231m▄[38;2;232;233;228m[48;2;236;238;232m▄[38;2;231;232;227m[48;2;223;223;219m▄[38;2;235;237;231m[48;2;198;197;195m▄[38;2;232;233;228m[48;2;168;165;167m▄[38;2;214;213;210m[48;2;144;141;148m▄[38;2;182;181;181m[48;2;136;134;141m▄[38;2;149;148;152m[48;2;140;139;146m▄[38;2;133;132;138m[48;2;143;142;148m▄[38;2;137;136;143m[48;2;139;137;144m▄[38;2;136;135;141m[48;2;134;133;139m▄[38;2;133;131;137m[48;2;133;131;137m▄[38;2;132;130;136m[48;2;131;129;135m▄[38;2;129;127;134m[48;2;128;127;132m▄[38;2;127;126;131m[48;2;126;126;129m▄[38;2;126;124;129m[48;2;126;124;127m▄[38;2;125;124;127m[48;2;124;123;125m▄[38;2;123;123;125m[48;2;122;122;124m▄[38;2;120;121;123m[48;2;121;119;124m▄[38;2;119;119;121m[48;2;119;118;120m▄[38;2;117;116;119m[48;2;118;116;119m▄[38;2;124;123;127m[48;2;126;124;127m▄[0m
[38;2;255;255;255m[48;2;255;255;255m▄[38;2;255;255;255m[48;2;255;255;255m▄[38;2;255;255;255m[48;2;255;255;255m▄[38;2;255;255;255m[48;2;255;255;255m▄[38;2;255;255;255m[48;2;255;255;255m▄[38;2;255;255;255m[48;2;255;255;255m▄[38;2;255;255;255m[48;2;255;255;255m▄[38;2;255;255;255m[48;2;255;255;255m▄[38;2;255;255;255m[48;2;255;255;255m▄[38;2;255;255;255m[48;2;255;255;255m▄[38;2;255;255;255m[48;2;255;255;255m▄[38;2;255;255;255m[48;2;255;255;255m▄[38;2;255;255;255m[48;2;255;255;255m▄[38;2;255;255;255m[48;2;255;255;255m▄[38;2;255;255;255m[48;2;255;255;255m▄[38;2;255;255;255m[48;2;255;255;255m▄[38;2;255;255;255m[48;2;255;255;255m▄[38;2;255;255;255m[48;2;255;255;255m▄[38;2;255;255;255m[48;2;255;255;255m▄[38;2;255;255;255m[48;2;255;255;255m▄[38;2;255;255;255m[48;2;255;255;255m▄[38;2;255;255;255m[48;2;255;255;255m▄[38;2;255;255;255m[48;2;255;255;255m▄[38;2;255;255;255m[48;2;255;255;255m▄[38;2;255;255;255m[48;2;255;255;255m▄[38;2;255;255;255m[48;2;255;255;255m▄[38;2;255;255;255m[48;2;255;255;255m▄[38;2;255;255;255m[48;2;255;255;255m▄[38;2;255;255;255m[48;2;255;255;255m▄[38;2;254;254;255m[48;2;252;252;252m▄[38;2;116;115;113m[48;2;149;149;148m▄[38;2;137;136;130m[48;2;171;168;162m▄[38;2;193;191;187m[48;2;133;128;126m▄[38;2;227;227;223m[48;2;194;191;190m▄[38;2;233;235;230m[48;2;171;171;165m▄[38;2;243;245;240m[48;2;161;160;153m▄[38;2;241;242;237m[48;2;192;191;186m▄[38;2;228;228;224m[48;2;195;194;189m▄[38;2;203;203;198m[48;2;204;204;199m▄[38;2;194;194;189m[48;2;226;228;222m▄[38;2;195;196;191m[48;2;237;238;233m▄[38;2;222;224;218m[48;2;233;234;230m▄[38;2;235;236;231m[48;2;229;230;225m▄[38;2;234;233;226m[48;2;234;235;230m▄[38;2;211;207;194m[48;2;242;243;237m▄[38;2;174;170;153m[48;2;237;237;233m▄[38;2;134;132;121m[48;2;207;206;203m▄[38;2;86;90;100m[48;2;140;136;133m▄[38;2;82;106;158m[48;2;135;129;128m▄[38;2;77;111;176m[48;2;141;136;134m▄[38;2;110;122;148m[48;2;134;131;134m▄[38;2;130;128;133m[48;2;129;128;134m▄[38;2;129;125;129m[48;2;127;126;132m▄[38;2;129;122;121m[48;2;125;125;130m▄[38;2;132;120;112m[48;2;122;124;130m▄[38;2;134;119;106m[48;2;119;121;128m▄[38;2;140;122;105m[48;2;116;119;124m▄[38;2;155;135;114m[48;2;113;114;120m▄[38;2;178;154;123m[48;2;114;114;116m▄[38;2;209;178;137m[48;2;134;127;122m▄[0m
[38;2;255;255;255m[48;2;255;255;255m▄[38;2;255;255;255m[48;2;255;255;255m▄[38;2;255;255;255m[48;2;255;255;255m▄[38;2;255;255;255m[48;2;255;255;255m▄[38;2;255;255;255m[48;2;255;255;255m▄[38;2;255;255;255m[48;2;255;255;255m▄[38;2;255;255;255m[48;2;255;255;255m▄[38;2;255;255;255m[48;2;255;255;255m▄[38;2;255;255;255m[48;2;255;255;255m▄[38;2;255;255;255m[48;2;255;255;255m▄[38;2;255;255;255m[48;2;255;255;255m▄[38;2;255;255;255m[48;2;255;255;255m▄[38;2;255;255;255m[48;2;255;255;255m▄[38;2;255;255;255m[48;2;255;255;255m▄[38;2;255;255;255m[48;2;255;255;255m▄[38;2;255;255;255m[48;2;255;255;255m▄[38;2;255;255;255m[48;2;255;255;255m▄[38;2;255;255;255m[48;2;255;255;255m▄[38;2;255;255;255m[48;2;255;255;255m▄[38;2;255;255;255m[48;2;255;255;255m▄[38;2;255;255;255m[48;2;255;255;255m▄[38;2;255;255;255m[48;2;255;255;255m▄[38;2;255;255;255m[48;2;255;255;255m▄[38;2;255;255;255m[48;2;255;255;255m▄[38;2;255;255;255m[48;2;255;255;255m▄[38;2;255;255;255m[48;2;255;255;255m▄[38;2;255;255;255m[48;2;255;255;255m▄[38;2;255;255;255m[48;2;255;255;255m▄[38;2;255;255;255m[48;2;255;255;255m▄[38;2;253;253;253m[48;2;251;251;251m▄[38;2;143;142;141m[48;2;157;157;156m▄[38;2;209;208;202m[48;2;251;250;246m▄[38;2;230;232;226m[48;2;243;242;238m▄[38;2;239;240;235m[48;2;235;234;230m▄[38;2;238;238;234m[48;2;211;211;206m▄[38;2;240;239;236m[48;2;217;218;213m▄[38;2;237;236;230m[48;2;220;221;216m▄[38;2;220;218;206m[48;2;238;239;235m▄[38;2;187;181;165m[48;2;237;238;234m▄[38;2;144;139;125m[48;2;236;236;231m▄[38;2;103;107;109m[48;2;212;209;201m▄[38;2;79;96;129m[48;2;155;149;136m▄[38;2;82;116;184m[48;2;186;181;170m▄[38;2;51;101;200m[48;2;159;162;159m▄[38;2;39;97;212m[48;2;89;100;120m▄[38;2;46;103;218m[48;2;59;86;139m▄[38;2;58;112;216m[48;2;45;88;174m▄[38;2;69;118;210m[48;2;40;96;206m▄[38;2;196;169;145m[48;2;74;113;196m▄[38;2;231;179;128m[48;2;132;136;172m▄[38;2;213;173;145m[48;2;163;147;158m▄[38;2;208;175;151m[48;2;181;153;137m▄[38;2;209;177;149m[48;2;181;151;125m▄[38;2;208;174;143m[48;2;183;149;114m▄[38;2;206;173;139m[48;2;186;149;111m▄[38;2;205;173;137m[48;2;187;149;108m▄[38;2;208;178;142m[48;2;196;158;115m▄[38;2;208;176;141m[48;2;208;176;136m▄[38;2;206;172;136m[48;2;213;185;149m▄[38;2;223;185;146m[48;2;228;196;158m▄[0m
[38;2;255;255;255m[48;2;255;255;255m▄[38;2;255;255;255m[48;2;255;255;255m▄[38;2;255;255;255m[48;2;255;255;255m▄[38;2;255;255;255m[48;2;255;255;255m▄[38;2;255;255;255m[48;2;255;255;255m▄[38;2;255;255;255m[48;2;255;255;255m▄[38;2;255;255;255m[48;2;255;255;255m▄[38;2;255;255;255m[48;2;255;255;255m▄[38;2;255;255;255m[48;2;255;255;255m▄[38;2;255;255;255m[48;2;255;255;255m▄[38;2;255;255;255m[48;2;255;255;255m▄[38;2;255;255;255m[48;2;255;255;255m▄[38;2;255;255;255m[48;2;255;255;255m▄[38;2;255;255;255m[48;2;255;255;255m▄[38;2;255;255;255m[48;2;255;255;255m▄[38;2;255;255;255m[48;2;255;255;255m▄[38;2;255;255;255m[48;2;255;255;255m▄[38;2;255;255;255m[48;2;255;255;255m▄[38;2;255;255;255m[48;2;255;255;255m▄[38;2;255;255;255m[48;2;255;255;255m▄[38;2;255;255;255m[48;2;255;255;255m▄[38;2;255;255;255m[48;2;255;255;255m▄[38;2;255;255;255m[48;2;255;255;255m▄[38;2;255;255;255m[48;2;255;255;255m▄[38;2;255;255;255m[48;2;255;255;255m▄[38;2;255;255;255m[48;2;255;255;255m▄[38;2;255;255;255m[48;2;255;255;255m▄[38;2;255;255;255m[48;2;255;255;255m▄[38;2;255;255;255m[48;2;255;255;255m▄[38;2;252;252;252m[48;2;252;252;252m▄[38;2;145;145;143m[48;2;151;151;150m▄[38;2;191;190;182m[48;2;219;216;212m▄[38;2;137;130;118m[48;2;202;200;196m▄[38;2;147;142;145m[48;2;215;214;208m▄[38;2;148;159;183m[48;2;230;227;215m▄[38;2;80;110;165m[48;2;189;183;167m▄[38;2;49;95;182m[48;2;134;131;120m▄[38;2;41;99;210m[48;2;93;101;111m▄[38;2;42;104;220m[48;2;66;90;133m▄[38;2;45;104;215m[48;2;49;91;168m▄[38;2;63;116;212m[48;2;40;96;202m▄[38;2;92;135;214m[48;2;35;98;217m▄[38;2;124;159;218m[48;2;34;96;212m▄[38;2;96;139;214m[48;2;59;112;211m▄[38;2;94;137;216m[48;2;102;142;216m▄[38;2;60;115;216m[48;2;116;152;217m▄[38;2;43;104;219m[48;2;116;153;217m▄[38;2;30;91;208m[48;2;85;131;218m▄[38;2;17;75;185m[48;2;88;123;196m▄[38;2;20;61;142m[48;2;158;146;153m▄[38;2;59;61;82m[48;2;179;148;125m▄[38;2;119;98;84m[48;2;185;150;120m▄[38;2;175;151;133m[48;2;186;148;116m▄[38;2;178;152;133m[48;2;185;148;113m▄[38;2;155;127;107m[48;2;185;149;113m▄[38;2;136;109;90m[48;2;184;148;110m▄[38;2;115;89;72m[48;2;179;142;107m▄[38;2;94;71;56m[48;2;176;141;106m▄[38;2;87;67;53m[48;2;179;146;109m▄[38;2;108;86;71m[48;2;196;160;119m▄[0m
[38;2;255;255;255m[48;2;255;255;255m▄[38;2;255;255;255m[48;2;255;255;255m▄[38;2;255;255;255m[48;2;255;255;255m▄[38;2;255;255;255m[48;2;255;255;255m▄[38;2;255;255;255m[48;2;255;255;255m▄[38;2;255;255;255m[48;2;255;255;255m▄[38;2;255;255;255m[48;2;255;255;255m▄[38;2;255;255;255m[48;2;255;255;255m▄[38;2;255;255;255m[48;2;255;255;255m▄[38;2;255;255;255m[48;2;255;255;255m▄[38;2;255;255;255m[48;2;255;255;255m▄[38;2;255;255;255m[48;2;255;255;255m▄[38;2;255;255;255m[48;2;255;255;255m▄[38;2;255;255;255m[48;2;255;255;255m▄[38;2;255;255;255m[48;2;255;255;255m▄[38;2;255;255;255m[48;2;255;255;255m▄[38;2;255;255;255m[48;2;255;255;255m▄[38;2;255;255;255m[48;2;255;255;255m▄[38;2;255;255;255m[48;2;255;255;255m▄[38;2;255;255;255m[48;2;255;255;255m▄[38;2;255;255;255m[48;2;255;255;255m▄[38;2;255;255;255m[48;2;255;255;255m▄[38;2;255;255;255m[48;2;255;255;255m▄[38;2;255;255;255m[48;2;255;255;255m▄[38;2;255;255;255m[48;2;255;255;255m▄[38;2;255;255;255m[48;2;255;255;255m▄[38;2;255;255;255m[48;2;255;255;255m▄[38;2;255;255;255m[48;2;255;255;255m▄[38;2;255;255;255m[48;2;255;255;255m▄[38;2;253;253;253m[48;2;255;255;255m▄[38;2;150;149;148m[48;2;110;108;106m▄[38;2;198;191;189m[48;2;96;91;85m▄[38;2;130;143;172m[48;2;60;90;148m▄[38;2;79;119;195m[48;2;47;101;206m▄[38;2;42;98;206m[48;2;38;98;212m▄[38;2;35;96;212m[48;2;37;99;216m▄[38;2;41;100;211m[48;2;45;104;214m▄[38;2;58;111;211m[48;2;71;121;213m▄[38;2;66;118;214m[48;2;88;133;214m▄[38;2;56;113;218m[48;2;112;150;217m▄[38;2;42;103;218m[48;2;112;150;216m▄[38;2;29;88;201m[48;2;85;131;215m▄[38;2;17;66;162m[48;2;84;132;221m▄[38;2;26;57;120m[48;2;48;106;219m▄[38;2;55;68;98m[48;2;27;86;203m▄[38;2;84;82;88m[48;2;27;77;176m▄[38;2;160;152;143m[48;2;30;65;137m▄[38;2;235;226;215m[48;2;57;73;111m▄[38;2;249;240;233m[48;2;111;110;118m▄[38;2;248;243;239m[48;2;170;157;147m▄[38;2;242;238;235m[48;2;211;200;192m▄[38;2;236;231;229m[48;2;230;225;223m▄[38;2;233;228;225m[48;2;236;234;233m▄[38;2;232;228;225m[48;2;233;230;229m▄[38;2;232;228;225m[48;2;227;221;220m▄[38;2;233;229;226m[48;2;218;212;210m▄[38;2;233;228;226m[48;2;209;203;200m▄[38;2;232;228;225m[48;2;201;194;189m▄[38;2;234;229;228m[48;2;190;182;176m▄[38;2;255;250;248m[48;2;192;183;176m▄[0m
[38;2;255;255;255m[48;2;255;255;255m▄[38;2;255;255;255m[48;2;255;255;255m▄[38;2;255;255;255m[48;2;255;255;255m▄[38;2;255;255;255m[48;2;255;255;255m▄[38;2;255;255;255m[48;2;255;255;255m▄[38;2;255;255;255m[48;2;255;255;255m▄[38;2;255;255;255m[48;2;255;255;255m▄[38;2;255;255;255m[48;2;255;255;255m▄[38;2;255;255;255m[48;2;255;255;255m▄[38;2;255;255;255m[48;2;255;255;255m▄[38;2;255;255;255m[48;2;255;255;255m▄[38;2;255;255;255m[48;2;255;255;255m▄[38;2;255;255;255m[48;2;255;255;255m▄[38;2;255;255;255m[48;2;255;255;255m▄[38;2;255;255;255m[48;2;255;255;255m▄[38;2;255;255;255m[48;2;255;255;255m▄[38;2;255;255;255m[48;2;255;255;255m▄[38;2;255;255;255m[48;2;255;255;255m▄[38;2;255;255;255m[48;2;255;255;255m▄[38;2;255;255;255m[48;2;255;255;255m▄[38;2;255;255;255m[48;2;255;255;255m▄[38;2;255;255;255m[48;2;255;255;255m▄[38;2;255;255;255m[48;2;255;255;255m▄[38;2;255;255;255m[48;2;255;255;255m▄[38;2;255;255;255m[48;2;255;255;255m▄[38;2;255;255;255m[48;2;255;255;255m▄[38;2;255;255;255m[48;2;255;255;255m▄[38;2;255;255;255m[48;2;255;255;255m▄[38;2;255;255;255m[48;2;255;255;255m▄[38;2;251;251;251m[48;2;251;251;251m▄[38;2;154;153;152m[48;2;157;156;155m▄[38;2;243;239;235m[48;2;247;243;239m▄[38;2;251;247;244m[48;2;245;236;227m▄[38;2;255;254;251m[48;2;220;211;201m▄[38;2;250;244;234m[48;2;165;171;185m▄[38;2;182;173;159m[48;2;106;136;195m▄[38;2;147;148;154m[48;2;56;108;207m▄[38;2;120;140;180m[48;2;32;94;211m▄[38;2;95;109;135m[48;2;26;85;198m▄[38;2;131;130;129m[48;2;22;69;160m▄[38;2;187;182;171m[48;2;32;62;122m▄[38;2;229;224;213m[48;2;64;78;104m▄[38;2;249;245;239m[48;2;119;118;119m▄[38;2;235;232;229m[48;2;176;170;160m▄[38;2;217;216;212m[48;2;204;198;189m▄[38;2;237;236;232m[48;2;183;179;173m▄[38;2;224;223;219m[48;2;174;173;168m▄[38;2;196;196;192m[48;2;213;215;210m▄[38;2;188;188;183m[48;2;232;231;227m▄[38;2;197;198;193m[48;2;242;238;234m▄[38;2;221;221;216m[48;2;239;233;230m▄[38;2;239;236;233m[48;2;235;229;226m▄[38;2;240;235;232m[48;2;233;228;225m▄[38;2;240;234;232m[48;2;233;228;225m▄[38;2;246;241;238m[48;2;232;227;224m▄[38;2;230;224;220m[48;2;233;229;226m▄[38;2;190;183;175m[48;2;240;235;233m▄[38;2;140;130;119m[48;2;243;238;236m▄[38;2;97;84;70m[48;2;226;221;216m▄[38;2;88;70;53m[48;2;195;185;175m▄[0m
[38;2;206;206;206m[48;2;253;253;253m▄[38;2;207;207;207m[48;2;254;254;254m▄[38;2;206;206;206m[48;2;254;254;254m▄[38;2;206;206;206m[48;2;254;254;254m▄[38;2;206;206;206m[48;2;254;254;254m▄[38;2;206;206;206m[48;2;254;254;254m▄[38;2;206;206;206m[48;2;254;254;254m▄[38;2;206;206;206m[48;2;254;254;254m▄[38;2;206;206;206m[48;2;254;254;254m▄[38;2;206;206;206m[48;2;254;254;254m▄[38;2;206;206;206m[48;2;254;254;254m▄[38;2;206;206;206m[48;2;254;254;254m▄[38;2;206;206;206m[48;2;254;254;254m▄[38;2;206;206;206m[48;2;254;254;254m▄[38;2;206;206;206m[48;2;254;254;254m▄[38;2;206;206;206m[48;2;254;254;254m▄[38;2;206;206;206m[48;2;254;254;254m▄[38;2;206;206;206m[48;2;254;254;254m▄[38;2;206;206;206m[48;2;254;254;254m▄[38;2;206;206;206m[48;2;254;254;254m▄[38;2;206;206;206m[48;2;254;254;254m▄[38;2;206;206;206m[48;2;254;254;254m▄[38;2;206;206;206m[48;2;254;254;254m▄[38;2;206;206;206m[48;2;254;254;254m▄[38;2;206;206;206m[48;2;254;254;254m▄[38;2;206;206;206m[48;2;254;254;254m▄[38;2;206;206;206m[48;2;254;254;254m▄[38;2;206;206;206m[48;2;254;254;254m▄[38;2;206;206;206m[48;2;254;254;254m▄[38;2;205;205;205m[48;2;250;250;250m▄[38;2;100;99;98m[48;2;158;157;157m▄[38;2;101;99;93m[48;2;239;235;231m▄[38;2;100;100;95m[48;2;197;194;189m▄[38;2;114;114;110m[48;2;146;143;136m▄[38;2;137;137;133m[48;2;108;105;98m▄[38;2;183;184;180m[48;2;100;97;92m▄[38;2;198;198;195m[48;2;174;169;164m▄[38;2;174;174;171m[48;2;228;222;210m▄[38;2;156;155;153m[48;2;243;241;229m▄[38;2;151;150;150m[48;2;252;252;244m▄[38;2;156;155;154m[48;2;249;249;244m▄[38;2;159;159;157m[48;2;241;242;237m▄[38;2;167;167;165m[48;2;236;237;232m▄[38;2;172;172;168m[48;2;235;236;231m▄[38;2;180;181;177m[48;2;235;236;231m▄[38;2;162;162;156m[48;2;237;237;233m▄[38;2;110;109;104m[48;2;246;247;242m▄[38;2;102;102;98m[48;2;243;244;239m▄[38;2;120;121;118m[48;2;224;223;219m▄[38;2;142;142;140m[48;2;208;206;202m▄[38;2;151;149;148m[48;2;195;194;189m▄[38;2;125;122;122m[48;2;193;194;189m▄[38;2;113;113;112m[48;2;215;215;210m▄[38;2;101;100;98m[48;2;208;204;198m▄[38;2;78;74;71m[48;2;143;133;123m▄[38;2;94;90;88m[48;2;98;87;76m▄[38;2;109;105;103m[48;2;88;75;62m▄[38;2;110;105;103m[48;2;101;87;74m▄[38;2;107;103;100m[48;2;124;109;96m▄[38;2;102;98;95m[48;2;144;129;114m▄[0m
[38;2;255;255;255m[48;2;255;255;255m▄[38;2;255;255;255m[48;2;255;255;255m▄[38;2;255;255;255m[48;2;255;255;255m▄[38;2;255;255;255m[48;2;255;255;255m▄[38;2;255;255;255m[48;2;255;255;255m▄[38;2;255;255;255m[48;2;255;255;255m▄[38;2;255;255;255m[48;2;255;255;255m▄[38;2;255;255;255m[48;2;255;255;255m▄[38;2;255;255;255m[48;2;255;255;255m▄[38;2;255;255;255m[48;2;255;255;255m▄[38;2;255;255;255m[48;2;255;255;255m▄[38;2;255;255;255m[48;2;255;255;255m▄[38;2;255;255;255m[48;2;255;255;255m▄[38;2;255;255;255m[48;2;255;255;255m▄[38;2;255;255;255m[48;2;255;255;255m▄[38;2;255;255;255m[48;2;255;255;255m▄[38;2;255;255;255m[48;2;255;255;255m▄[38;2;255;255;255m[48;2;255;255;255m▄[38;2;255;255;255m[48;2;255;255;255m▄[38;2;255;255;255m[48;2;255;255;255m▄[38;2;255;255;255m[48;2;255;255;255m▄[38;2;255;255;255m[48;2;255;255;255m▄[38;2;255;255;255m[48;2;255;255;255m▄[38;2;255;255;255m[48;2;255;255;255m▄[38;2;255;255;255m[48;2;255;255;255m▄[38;2;255;255;255m[48;2;255;255;255m▄[38;2;255;255;255m[48;2;255;255;255m▄[38;2;255;255;255m[48;2;255;255;255m▄[38;2;255;255;255m[48;2;255;255;255m▄[38;2;251;251;252m[48;2;253;253;254m▄[38;2;154;153;152m[48;2;140;139;137m▄[38;2;242;238;234m[48;2;213;211;207m▄[38;2;242;239;235m[48;2;240;241;236m▄[38;2;234;233;229m[48;2;246;247;242m▄[38;2;237;238;233m[48;2;242;243;238m▄[38;2;226;228;223m[48;2;232;233;228m▄[38;2;224;225;220m[48;2;222;223;218m▄[38;2;228;229;224m[48;2;208;209;205m▄[38;2;235;236;231m[48;2;201;200;197m▄[38;2;236;238;232m[48;2;178;175;175m▄[38;2;223;223;219m[48;2;153;150;153m▄[38;2;198;197;195m[48;2;143;141;145m▄[38;2;168;165;168m[48;2;149;147;150m▄[38;2;144;142;148m[48;2;160;160;161m▄[38;2;136;134;141m[48;2;170;170;169m▄[38;2;140;139;146m[48;2;138;138;136m▄[38;2;143;142;149m[48;2;103;102;102m▄[38;2;139;138;144m[48;2;119;118;121m▄[38;2;134;133;139m[48;2;129;128;133m▄[38;2;133;131;136m[48;2;127;126;131m▄[38;2;131;129;135m[48;2;123;123;127m▄[38;2;128;127;132m[48;2;125;125;128m▄[38;2;127;126;130m[48;2;124;124;128m▄[38;2;126;124;127m[48;2;124;124;127m▄[38;2;124;123;126m[48;2;127;127;130m▄[38;2;122;122;125m[48;2;123;122;127m▄[38;2;121;119;124m[48;2;121;120;123m▄[38;2;119;118;121m[48;2;118;117;122m▄[38;2;118;116;119m[48;2;116;114;119m▄[38;2;126;124;127m[48;2;125;123;128m▄[0m
[38;2;255;255;255m[48;2;255;255;255m▄[38;2;255;255;255m[48;2;255;255;255m▄[38;2;255;255;255m[48;2;255;255;255m▄[38;2;255;255;255m[48;2;255;255;255m▄[38;2;255;255;255m[48;2;255;255;255m▄[38;2;255;255;255m[48;2;255;255;255m▄[38;2;255;255;255m[48;2;255;255;255m▄[38;2;255;255;255m[48;2;255;255;255m▄[38;2;255;255;255m[48;2;255;255;255m▄[38;2;255;255;255m[48;2;255;255;255m▄[38;2;255;255;255m[48;2;255;255;255m▄[38;2;255;255;255m[48;2;255;255;255m▄[38;2;255;255;255m[48;2;255;255;255m▄[38;2;255;255;255m[48;2;255;255;255m▄[38;2;255;255;255m[48;2;255;255;255m▄[38;2;255;255;255m[48;2;255;255;255m▄[38;2;255;255;255m[48;2;255;255;255m▄[38;2;255;255;255m[48;2;255;255;255m▄[38;2;255;255;255m[48;2;255;255;255m▄[38;2;255;255;255m[48;2;255;255;255m▄[38;2;255;255;255m[48;2;255;255;255m▄[38;2;255;255;255m[48;2;255;255;255m▄[38;2;255;255;255m[48;2;255;255;255m▄[38;2;255;255;255m[48;2;255;255;255m▄[38;2;255;255;255m[48;2;255;255;255m▄[38;2;255;255;255m[48;2;255;255;255m▄[38;2;255;255;255m[48;2;255;255;255m▄[38;2;255;255;255m[48;2;255;255;255m▄[38;2;255;255;255m[48;2;255;255;255m▄[38;2;252;252;252m[48;2;253;253;253m▄[38;2;149;149;148m[48;2;142;141;140m▄[38;2;171;169;162m[48;2;202;199;196m▄[38;2;133;128;126m[48;2;220;220;215m▄[38;2;194;192;191m[48;2;234;234;230m▄[38;2;171;171;165m[48;2;212;212;206m▄[38;2;161;160;153m[48;2;170;169;161m▄[38;2;192;191;186m[48;2;202;203;197m▄[38;2;194;194;189m[48;2;236;237;232m▄[38;2;204;204;198m[48;2;238;239;234m▄[38;2;227;228;223m[48;2;232;233;228m▄[38;2;237;238;233m[48;2;231;232;227m▄[38;2;234;234;230m[48;2;235;237;231m▄[38;2;229;230;225m[48;2;232;233;228m▄[38;2;234;235;230m[48;2;213;214;210m▄[38;2;242;243;238m[48;2;182;181;181m▄[38;2;236;237;233m[48;2;149;148;152m▄[38;2;207;207;203m[48;2;132;132;138m▄[38;2;140;136;133m[48;2;137;136;143m▄[38;2;135;129;128m[48;2;136;135;141m▄[38;2;141;136;133m[48;2;133;131;137m▄[38;2;135;132;134m[48;2;132;129;136m▄[38;2;128;128;134m[48;2;129;128;134m▄[38;2;127;126;132m[48;2;127;126;131m▄[38;2;125;125;130m[48;2;126;124;129m▄[38;2;122;124;130m[48;2;125;124;127m▄[38;2;119;121;128m[48;2;123;123;125m▄[38;2;116;119;124m[48;2;120;121;123m▄[38;2;113;115;120m[48;2;119;119;121m▄[38;2;114;114;116m[48;2;117;116;119m▄[38;2;134;127;122m[48;2;124;123;127m▄[0m
[38;2;255;255;255m[48;2;255;255;255m▄[38;2;255;255;255m[48;2;255;255;255m▄[38;2;255;255;255m[48;2;255;255;255m▄[38;2;255;255;255m[48;2;255;255;255m▄[38;2;255;255;255m[48;2;255;255;255m▄[38;2;255;255;255m[48;2;255;255;255m▄[38;2;255;255;255m[48;2;255;255;255m▄[38;2;255;255;255m[48;2;255;255;255m▄[38;2;255;255;255m[48;2;255;255;255m▄[38;2;255;255;255m[48;2;255;255;255m▄[38;2;255;255;255m[48;2;255;255;255m▄[38;2;255;255;255m[48;2;255;255;255m▄[38;2;255;255;255m[48;2;255;255;255m▄[38;2;255;255;255m[48;2;255;255;255m▄[38;2;255;255;255m[48;2;255;255;255m▄[38;2;255;255;255m[48;2;255;255;255m▄[38;2;255;255;255m[48;2;255;255;255m▄[38;2;255;255;255m[48;2;255;255;255m▄[38;2;255;255;255m[48;2;255;255;255m▄[38;2;255;255;255m[48;2;255;255;255m▄[38;2;255;255;255m[48;2;255;255;255m▄[38;2;255;255;255m[48;2;255;255;255m▄[38;2;255;255;255m[48;2;255;255;255m▄[38;2;255;255;255m[48;2;255;255;255m▄[38;2;255;255;255m[48;2;255;255;255m▄[38;2;255;255;255m[48;2;255;255;255m▄[38;2;255;255;255m[48;2;255;255;255m▄[38;2;255;255;255m[48;2;255;255;255m▄[38;2;255;255;255m[48;2;255;255;255m▄[38;2;251;251;251m[48;2;254;254;255m▄[38;2;157;157;156m[48;2;116;115;113m▄[38;2;251;251;247m[48;2;137;136;130m▄[38;2;243;243;238m[48;2;193;191;187m▄[38;2;235;234;230m[48;2;228;227;224m▄[38;2;211;211;206m[48;2;233;235;230m▄[38;2;217;218;213m[48;2;244;245;240m▄[38;2;220;221;216m[48;2;241;242;237m▄[38;2;238;239;235m[48;2;228;228;224m▄[38;2;237;238;234m[48;2;203;203;198m▄[38;2;236;236;231m[48;2;195;194;189m▄[38;2;212;210;201m[48;2;195;196;191m▄[38;2;155;149;137m[48;2;222;224;218m▄[38;2;186;182;170m[48;2;235;236;231m▄[38;2;159;162;158m[48;2;234;233;226m▄[38;2;89;101;119m[48;2;211;207;194m▄[38;2;60;87;139m[48;2;174;170;154m▄[38;2;45;88;174m[48;2;134;132;120m▄[38;2;38;94;206m[48;2;85;90;100m▄[38;2;74;113;196m[48;2;82;106;158m▄[38;2;132;136;172m[48;2;77;111;176m▄[38;2;163;147;158m[48;2;110;122;148m▄[38;2;181;153;137m[48;2;130;128;133m▄[38;2;181;151;125m[48;2;128;125;129m▄[38;2;184;149;115m[48;2;129;122;120m▄[38;2;185;149;111m[48;2;132;120;112m▄[38;2;188;148;108m[48;2;134;119;106m▄[38;2;196;158;116m[48;2;140;122;105m▄[38;2;209;176;135m[48;2;156;135;114m▄[38;2;214;184;148m[48;2;178;154;123m▄[38;2;228;196;158m[48;2;209;178;137m▄[0m
[38;2;255;255;255m[48;2;255;255;255m▄[38;2;255;255;255m[48;2;255;255;255m▄[38;2;255;255;255m[48;2;255;255;255m▄[38;2;255;255;255m[48;2;255;255;255m▄[38;2;255;255;255m[48;2;255;255;255m▄[38;2;255;255;255m[48;2;255;255;255m▄[38;2;255;255;255m[48;2;255;255;255m▄[38;2;255;255;255m[48;2;255;255;255m▄[38;2;255;255;255m[48;2;255;255;255m▄[38;2;255;255;255m[48;2;255;255;255m▄[38;2;255;255;255m[48;2;255;255;255m▄[38;2;255;255;255m[48;2;255;255;255m▄[38;2;255;255;255m[48;2;255;255;255m▄[38;2;255;255;255m[48;2;255;255;255m▄[38;2;255;255;255m[48;2;255;255;255m▄[38;2;255;255;255m[48;2;255;255;255m▄[38;2;255;255;255m[48;2;255;255;255m▄[38;2;255;255;255m[48;2;255;255;255m▄[38;2;255;255;255m[48;2;255;255;255m▄[38;2;255;255;255m[48;2;255;255;255m▄[38;2;255;255;255m[48;2;255;255;255m▄[38;2;255;255;255m[48;2;255;255;255m▄[38;2;255;255;255m[48;2;255;255;255m▄[38;2;255;255;255m[48;2;255;255;255m▄[38;2;255;255;255m[48;2;255;255;255m▄[38;2;255;255;255m[48;2;255;255;255m▄[38;2;255;255;255m[48;2;255;255;255m▄[38;2;255;255;255m[48;2;255;255;255m▄[38;2;255;255;255m[48;2;255;255;255m▄[38;2;252;252;252m[48;2;253;253;253m▄[38;2;151;150;150m[48;2;143;142;141m▄[38;2;219;216;213m[48;2;209;208;202m▄[38;2;202;200;196m[48;2;231;232;226m▄[38;2;215;214;208m[48;2;239;240;235m▄[38;2;230;227;215m[48;2;238;238;233m▄[38;2;189;183;166m[48;2;240;239;236m▄[38;2;134;131;120m[48;2;237;236;230m▄[38;2;94;101;111m[48;2;220;217;206m▄[38;2;65;89;133m[48;2;187;181;164m▄[38;2;49;91;168m[48;2;144;139;125m▄[38;2;43;98;202m[48;2;104;107;109m▄[38;2;36;99;217m[48;2;79;96;129m▄[38;2;35;97;212m[48;2;82;117;185m▄[38;2;63;116;212m[48;2;52;102;199m▄[38;2;84;130;212m[48;2;38;96;213m▄[38;2;110;148;215m[48;2;41;100;218m▄[38;2;96;138;214m[48;2;63;116;216m▄[38;2;75;125;216m[48;2;86;130;212m▄[38;2;89;122;196m[48;2;199;171;145m▄[38;2;158;146;153m[48;2;230;178;127m▄[38;2;179;149;126m[48;2;213;173;145m▄[38;2;185;150;120m[48;2;209;175;151m▄[38;2;186;148;116m[48;2;209;177;149m▄[38;2;185;148;113m[48;2;208;174;144m▄[38;2;186;149;113m[48;2;206;173;139m▄[38;2;184;148;110m[48;2;206;173;137m▄[38;2;179;142;106m[48;2;208;178;142m▄[38;2;176;141;106m[48;2;208;176;141m▄[38;2;179;146;109m[48;2;206;172;136m▄[38;2;196;160;119m[48;2;222;185;146m▄[0m
[38;2;255;255;255m[48;2;255;255;255m▄[38;2;255;255;255m[48;2;255;255;255m▄[38;2;255;255;255m[48;2;255;255;255m▄[38;2;255;255;255m[48;2;255;255;255m▄[38;2;255;255;255m[48;2;255;255;255m▄[38;2;255;255;255m[48;2;255;255;255m▄[38;2;255;255;255m[48;2;255;255;255m▄[38;2;255;255;255m[48;2;255;255;255m▄[38;2;255;255;255m[48;2;255;255;255m▄[38;2;255;255;255m[48;2;255;255;255m▄[38;2;255;255;255m[48;2;255;255;255m▄[38;2;255;255;255m[48;2;255;255;255m▄[38;2;255;255;255m[48;2;255;255;255m▄[38;2;255;255;255m[48;2;255;255;255m▄[38;2;255;255;255m[48;2;255;255;255m▄[38;2;255;255;255m[48;2;255;255;255m▄[38;2;255;255;255m[48;2;255;255;255m▄[38;2;255;255;255m[48;2;255;255;255m▄[38;2;255;255;255m[48;2;255;255;255m▄[38;2;255;255;255m[48;2;255;255;255m▄[38;2;255;255;255m[48;2;255;255;255m▄[38;2;255;255;255m[48;2;255;255;255m▄[38;2;255;255;255m[48;2;255;255;255m▄[38;2;255;255;255m[48;2;255;255;255m▄[38;2;255;255;255m[48;2;255;255;255m▄[38;2;255;255;255m[48;2;255;255;255m▄[38;2;255;255;255m[48;2;255;255;255m▄[38;2;255;255;255m[48;2;255;255;255m▄[38;2;255;255;255m[48;2;255;255;255m▄[38;2;255;255;255m[48;2;252;252;252m▄[38;2;110;108;106m[48;2;145;145;143m▄[38;2;96;91;85m[48;2;191;190;182m▄[38;2;61;90;148m[48;2;137;130;118m▄[38;2;47;101;206m[48;2;147;142;145m▄[38;2;38;98;212m[48;2;148;159;183m▄[38;2;57;113;218m[48;2;77;108;164m▄[38;2;53;109;215m[48;2;46;94;182m▄[38;2;75;124;213m[48;2;39;98;210m▄[38;2;102;142;214m[48;2;44;105;220m▄[38;2;99;141;214m[48;2;50;107;217m▄[38;2;60;112;209m[48;2;56;110;212m▄[38;2;68;119;213m[48;2;99;141;214m▄[38;2;64;117;218m[48;2;106;145;215m▄[38;2;40;100;219m[48;2;70;119;210m▄[38;2;33;90;205m[48;2;68;118;212m▄[38;2;29;78;176m[48;2;55;110;216m▄[38;2;31;66;137m[48;2;40;102;219m▄[38;2;57;73;111m[48;2;30;92;208m▄[38;2;112;110;118m[48;2;17;75;185m▄[38;2;170;157;147m[48;2;20;61;142m▄[38;2;210;200;191m[48;2;59;62;82m▄[38;2;230;225;223m[48;2;119;98;84m▄[38;2;236;234;233m[48;2;175;151;133m▄[38;2;233;230;229m[48;2;179;152;133m▄[38;2;227;221;220m[48;2;155;127;107m▄[38;2;218;212;210m[48;2;136;109;90m▄[38;2;209;203;200m[48;2;116;88;72m▄[38;2;201;194;189m[48;2;94;71;57m▄[38;2;190;182;177m[48;2;87;67;52m▄[38;2;192;183;177m[48;2;108;86;71m▄[0m
[38;2;255;255;255m[48;2;255;255;255m▄[38;2;255;255;255m[48;2;255;255;255m▄[38;2;255;255;255m[48;2;255;255;255m▄[38;2;255;255;255m[48;2;255;255;255m▄[38;2;255;255;255m[48;2;255;255;255m▄[38;2;255;255;255m[48;2;255;255;255m▄[38;2;255;255;255m[48;2;255;255;255m▄[38;2;255;255;255m[48;2;255;255;255m▄[38;2;255;255;255m[48;2;255;255;255m▄[38;2;255;255;255m[48;2;255;255;255m▄[38;2;255;255;255m[48;2;255;255;255m▄[38;2;255;255;255m[48;2;255;255;255m▄[38;2;255;255;255m[48;2;255;255;255m▄[38;2;255;255;255m[48;2;255;255;255m▄[38;2;255;255;255m[48;2;255;255;255m▄[38;2;255;255;255m[48;2;255;255;255m▄[38;2;255;255;255m[48;2;255;255;255m▄[38;2;255;255;255m[48;2;255;255;255m▄[38;2;255;255;255m[48;2;255;255;255m▄[38;2;255;255;255m[48;2;255;255;255m▄[38;2;255;255;255m[48;2;255;255;255m▄[38;2;255;255;255m[48;2;255;255;255m▄[38;2;255;255;255m[48;2;255;255;255m▄[38;2;255;255;255m[48;2;255;255;255m▄[38;2;255;255;255m[48;2;255;255;255m▄[38;2;255;255;255m[48;2;255;255;255m▄[38;2;255;255;255m[48;2;255;255;255m▄[38;2;255;255;255m[48;2;255;255;255m▄[38;2;255;255;255m[48;2;255;255;255m▄[38;2;251;251;251m[48;2;253;253;253m▄[38;2;157;156;155m[48;2;150;149;148m▄[38;2;246;243;239m[48;2;198;191;188m▄[38;2;244;236;227m[48;2;130;143;172m▄[38;2;220;211;201m[48;2;79;119;195m▄[38;2;165;171;185m[48;2;41;97;205m▄[38;2;100;132;194m[48;2;73;124;217m▄[38;2;53;106;207m[48;2;73;123;214m▄[38;2;30;92;211m[48;2;67;118;212m▄[38;2;28;86;198m[48;2;60;114;213m▄[38;2;25;71;160m[48;2;42;103;216m▄[38;2;33;62;122m[48;2;40;101;218m▄[38;2;65;77;104m[48;2;29;88;201m▄[38;2;119;118;118m[48;2;20;69;163m▄[38;2;176;170;160m[48;2;28;59;120m▄[38;2;203;198;188m[48;2;55;68;98m▄[38;2;183;179;174m[48;2;83;82;88m▄[38;2;174;173;167m[48;2;160;152;143m▄[38;2;214;215;210m[48;2;235;226;215m▄[38;2;232;231;227m[48;2;249;240;233m▄[38;2;242;238;234m[48;2;248;243;239m▄[38;2;239;233;230m[48;2;242;238;235m▄[38;2;235;229;226m[48;2;236;231;228m▄[38;2;233;228;225m[48;2;233;228;225m▄[38;2;233;228;225m[48;2;232;228;225m▄[38;2;232;227;224m[48;2;232;228;225m▄[38;2;233;229;226m[48;2;233;229;226m▄[38;2;240;236;234m[48;2;233;229;226m▄[38;2;243;238;236m[48;2;232;228;225m▄[38;2;226;221;216m[48;2;234;229;228m▄[38;2;195;185;175m[48;2;255;250;249m▄[0m
[38;2;254;254;254m[48;2;255;255;255m▄[38;2;255;255;255m[48;2;255;255;255m▄[38;2;255;255;255m[48;2;255;255;255m▄[38;2;255;255;255m[48;2;255;255;255m▄[38;2;255;255;255m[48;2;255;255;255m▄[38;2;255;255;255m[48;2;255;255;255m▄[38;2;255;255;255m[48;2;255;255;255m▄[38;2;255;255;255m[48;2;255;255;255m▄[38;2;255;255;255m[48;2;255;255;255m▄[38;2;255;255;255m[48;2;255;255;255m▄[38;2;255;255;255m[48;2;255;255;255m▄[38;2;255;255;255m[48;2;255;255;255m▄[38;2;255;255;255m[48;2;255;255;255m▄[38;2;255;255;255m[48;2;255;255;255m▄[38;2;255;255;255m[48;2;255;255;255m▄[38;2;255;255;255m[48;2;255;255;255m▄[38;2;255;255;255m[48;2;255;255;255m▄[38;2;255;255;255m[48;2;255;255;255m▄[38;2;255;255;255m[48;2;255;255;255m▄[38;2;255;255;255m[48;2;255;255;255m▄[38;2;255;255;255m[48;2;255;255;255m▄[38;2;255;255;255m[48;2;255;255;255m▄[38;2;255;255;255m[48;2;255;255;255m▄[38;2;255;255;255m[48;2;255;255;255m▄[38;2;255;255;255m[48;2;255;255;255m▄[38;2;255;255;255m[48;2;255;255;255m▄[38;2;255;255;255m[48;2;255;255;255m▄[38;2;255;255;255m[48;2;255;255;255m▄[38;2;255;255;255m[48;2;255;255;255m▄[38;2;255;255;255m[48;2;251;251;251m▄[38;2;168;166;165m[48;2;155;153;152m▄[38;2;250;245;240m[48;2;244;239;235m▄[38;2;214;211;205m[48;2;251;247;244m▄[38;2;166;163;156m[48;2;255;254;251m▄[38;2;127;124;117m[48;2;250;244;235m▄[38;2;120;117;112m[48;2;183;172;159m▄[38;2;194;189;183m[48;2;147;148;154m▄[38;2;244;240;227m[48;2;120;140;180m▄[38;2;255;255;243m[48;2;95;109;135m▄[38;2;255;255;255m[48;2;131;130;129m▄[38;2;255;255;255m[48;2;187;182;171m▄[38;2;255;255;251m[48;2;228;224;213m▄[38;2;252;253;247m[48;2;249;245;239m▄[38;2;252;252;247m[48;2;235;233;229m▄[38;2;253;253;248m[48;2;217;216;212m▄[38;2;252;251;246m[48;2;237;236;232m▄[38;2;252;253;248m[48;2;224;223;219m▄[38;2;250;251;246m[48;2;197;196;192m▄[38;2;235;234;230m[48;2;188;187;183m▄[38;2;220;218;214m[48;2;197;198;193m▄[38;2;207;206;201m[48;2;220;220;216m▄[38;2;205;205;200m[48;2;239;236;232m▄[38;2;226;226;221m[48;2;240;235;232m▄[38;2;219;215;208m[48;2;240;234;232m▄[38;2;154;144;134m[48;2;245;241;238m▄[38;2;109;98;86m[48;2;230;224;220m▄[38;2;98;85;73m[48;2;190;182;175m▄[38;2;112;97;85m[48;2;140;130;118m▄[38;2;135;120;106m[48;2;98;84;70m▄[38;2;154;139;125m[48;2;87;70;54m▄[0m
