[38;2;0;0;0m[48;2;0;0;0m▄[38;2;41;41;41m[48;2;23;23;23m▄[38;2;255;255;255m[48;2;141;141;141m▄[38;2;255;255;255m[48;2;142;142;142m▄[38;2;255;255;255m[48;2;142;142;142m▄[38;2;255;255;255m[48;2;142;142;142m▄[38;2;255;255;255m[48;2;142;142;142m▄[38;2;255;255;255m[48;2;142;142;142m▄[38;2;255;255;255m[48;2;142;142;142m▄[38;2;255;255;255m[48;2;142;142;142m▄[38;2;255;255;255m[48;2;142;142;142m▄[38;2;255;255;255m[48;2;142;142;142m▄[38;2;255;255;255m[48;2;142;142;142m▄[38;2;255;255;255m[48;2;142;142;142m▄[38;2;255;255;255m[48;2;142;142;142m▄[38;2;255;255;255m[48;2;142;142;142m▄[38;2;255;255;255m[48;2;146;146;146m▄[38;2;235;235;235m[48;2;158;158;158m▄[38;2;205;205;205m[48;2;166;166;166m▄[38;2;200;200;200m[48;2;164;164;164m▄[38;2;201;201;201m[48;2;158;158;158m▄[38;2;203;203;203m[48;2;148;148;148m▄[38;2;208;208;208m[48;2;139;139;139m▄[38;2;226;226;226m[48;2;131;131;131m▄[38;2;227;227;227m[48;2;123;123;123m▄[38;2;227;227;227m[48;2;119;119;119m▄[38;2;228;228;228m[48;2;115;115;115m▄[38;2;229;229;229m[48;2;112;112;112m▄[38;2;231;231;231m[48;2;110;110;110m▄[38;2;235;235;235m[48;2;110;110;110m▄[38;2;239;239;239m[48;2;110;110;110m▄[38;2;230;230;230m[48;2;112;112;112m▄[38;2;228;228;228m[48;2;115;115;115m▄[38;2;231;231;231m[48;2;119;119;119m▄[38;2;222;222;222m[48;2;125;125;125m▄[38;2;215;215;215m[48;2;133;133;133m▄[38;2;209;209;209m[48;2;142;142;142m▄[38;2;206;206;206m[48;2;150;150;150m▄[38;2;207;207;207m[48;2;160;160;160m▄[38;2;216;216;216m[48;2;166;166;166m▄[38;2;219;219;219m[48;2;166;166;166m▄[38;2;243;243;243m[48;2;156;156;156m▄[38;2;255;255;255m[48;2;144;144;144m▄[38;2;255;255;255m[48;2;142;142;142m▄[38;2;255;255;255m[48;2;142;142;142m▄[38;2;255;255;255m[48;2;142;142;142m▄[38;2;255;255;255m[48;2;142;142;142m▄[38;2;255;255;255m[48;2;142;142;142m▄[38;2;255;255;255m[48;2;142;142;142m▄[38;2;255;255;255m[48;2;142;142;142m▄[38;2;255;255;255m[48;2;142;142;142m▄[38;2;255;255;255m[48;2;142;142;142m▄[38;2;255;255;255m[48;2;142;142;142m▄[38;2;255;255;255m[48;2;142;142;142m▄[38;2;255;255;255m[48;2;142;142;142m▄[38;2;255;255;255m[48;2;142;142;142m▄[38;2;255;255;255m[48;2;142;142;142m▄[38;2;255;255;255m[48;2;144;144;144m▄[38;2;231;231;231m[48;2;123;123;123m▄[38;2;8;8;8m[48;2;5;5;5m▄[0m
[38;2;0;0;0m[48;2;0;0;0m▄[38;2;39;39;39m[48;2;39;39;39m▄[38;2;250;250;250m[48;2;251;251;251m▄[38;2;255;255;255m[48;2;255;255;255m▄[38;2;255;255;255m[48;2;255;255;255m▄[38;2;255;255;255m[48;2;255;255;255m▄[38;2;255;255;255m[48;2;255;255;255m▄[38;2;255;255;255m[48;2;255;255;255m▄[38;2;255;255;255m[48;2;255;255;255m▄[38;2;255;255;255m[48;2;255;255;255m▄[38;2;255;255;255m[48;2;255;255;255m▄[38;2;255;255;255m[48;2;255;255;255m▄[38;2;255;255;255m[48;2;255;255;255m▄[38;2;255;255;255m[48;2;255;255;255m▄[38;2;255;255;255m[48;2;255;255;255m▄[38;2;232;232;232m[48;2;205;205;205m▄[38;2;142;142;142m[48;2;41;41;41m▄[38;2;128;128;128m[48;2;83;83;83m▄[38;2;169;169;169m[48;2;201;201;201m▄[38;2;188;188;188m[48;2;235;235;235m▄[38;2;204;204;204m[48;2;251;251;251m▄[38;2;220;220;220m[48;2;255;255;255m▄[38;2;224;224;224m[48;2;249;249;249m▄[38;2;153;153;153m[48;2;171;171;171m▄[38;2;154;154;154m[48;2;158;158;158m▄[38;2;185;185;185m[48;2;167;167;167m▄[38;2;186;186;186m[48;2;173;173;173m▄[38;2;180;180;180m[48;2;176;176;176m▄[38;2;178;178;178m[48;2;172;172;172m▄[38;2;170;170;170m[48;2;161;161;161m▄[38;2;131;131;131m[48;2;150;150;150m▄[38;2;165;165;165m[48;2;209;209;209m▄[38;2;180;180;180m[48;2;204;204;204m▄[38;2;158;158;158m[48;2;138;138;138m▄[38;2;168;168;168m[48;2;156;156;156m▄[38;2;179;179;179m[48;2;165;165;165m▄[38;2;174;174;174m[48;2;165;165;165m▄[38;2;153;153;153m[48;2;159;159;159m▄[38;2;138;138;138m[48;2;138;138;138m▄[38;2;106;106;106m[48;2;87;87;87m▄[38;2;115;115;115m[48;2;101;101;101m▄[38;2;125;125;125m[48;2;51;51;51m▄[38;2;163;163;163m[48;2;62;62;62m▄[38;2;247;247;247m[48;2;236;236;236m▄[38;2;255;255;255m[48;2;255;255;255m▄[38;2;255;255;255m[48;2;255;255;255m▄[38;2;255;255;255m[48;2;255;255;255m▄[38;2;255;255;255m[48;2;255;255;255m▄[38;2;255;255;255m[48;2;255;255;255m▄[38;2;255;255;255m[48;2;255;255;255m▄[38;2;255;255;255m[48;2;255;255;255m▄[38;2;255;255;255m[48;2;255;255;255m▄[38;2;255;255;255m[48;2;255;255;255m▄[38;2;255;255;255m[48;2;255;255;255m▄[38;2;255;255;255m[48;2;255;255;255m▄[38;2;255;255;255m[48;2;255;255;255m▄[38;2;255;255;255m[48;2;255;255;255m▄[38;2;255;255;255m[48;2;255;255;255m▄[38;2;217;217;217m[48;2;218;218;218m▄[38;2;7;7;7m[48;2;7;7;7m▄[0m
[38;2;0;0;0m[48;2;0;0;0m▄[38;2;39;39;39m[48;2;39;39;39m▄[38;2;250;250;250m[48;2;250;250;250m▄[38;2;255;255;255m[48;2;255;255;255m▄[38;2;255;255;255m[48;2;255;255;255m▄[38;2;255;255;255m[48;2;255;255;255m▄[38;2;255;255;255m[48;2;255;255;255m▄[38;2;255;255;255m[48;2;255;255;255m▄[38;2;255;255;255m[48;2;255;255;255m▄[38;2;255;255;255m[48;2;255;255;255m▄[38;2;255;255;255m[48;2;255;255;255m▄[38;2;255;255;255m[48;2;255;255;255m▄[38;2;255;255;255m[48;2;255;255;255m▄[38;2;255;255;255m[48;2;255;255;255m▄[38;2;255;255;255m[48;2;255;255;255m▄[38;2;255;255;255m[48;2;255;255;255m▄[38;2;255;255;255m[48;2;255;255;255m▄[38;2;255;255;255m[48;2;255;255;255m▄[38;2;255;255;255m[48;2;241;241;241m▄[38;2;255;255;255m[48;2;225;225;225m▄[38;2;255;255;255m[48;2;216;216;216m▄[38;2;198;198;198m[48;2;172;172;172m▄[38;2;0;0;0m[48;2;23;23;23m▄[38;2;110;110;110m[48;2;124;124;124m▄[38;2;243;243;243m[48;2;202;202;202m▄[38;2;43;43;43m[48;2;129;129;129m▄[38;2;86;86;86m[48;2;159;159;159m▄[38;2;253;253;253m[48;2;212;212;212m▄[38;2;252;252;252m[48;2;213;213;213m▄[38;2;251;251;251m[48;2;215;215;215m▄[38;2;250;250;250m[48;2;220;220;220m▄[38;2;249;249;249m[48;2;213;213;213m▄[38;2;250;250;250m[48;2;210;210;210m▄[38;2;255;255;255m[48;2;219;219;219m▄[38;2;255;255;255m[48;2;211;211;211m▄[38;2;74;74;74m[48;2;44;44;44m▄[38;2;0;0;0m[48;2;60;60;60m▄[38;2;224;224;224m[48;2;223;223;223m▄[38;2;255;255;255m[48;2;231;231;231m▄[38;2;255;255;255m[48;2;244;244;244m▄[38;2;255;255;255m[48;2;255;255;255m▄[38;2;255;255;255m[48;2;255;255;255m▄[38;2;255;255;255m[48;2;255;255;255m▄[38;2;255;255;255m[48;2;255;255;255m▄[38;2;255;255;255m[48;2;255;255;255m▄[38;2;255;255;255m[48;2;255;255;255m▄[38;2;255;255;255m[48;2;255;255;255m▄[38;2;255;255;255m[48;2;255;255;255m▄[38;2;255;255;255m[48;2;255;255;255m▄[38;2;255;255;255m[48;2;255;255;255m▄[38;2;255;255;255m[48;2;255;255;255m▄[38;2;255;255;255m[48;2;255;255;255m▄[38;2;255;255;255m[48;2;255;255;255m▄[38;2;255;255;255m[48;2;255;255;255m▄[38;2;255;255;255m[48;2;255;255;255m▄[38;2;255;255;255m[48;2;255;255;255m▄[38;2;255;255;255m[48;2;255;255;255m▄[38;2;255;255;255m[48;2;255;255;255m▄[38;2;217;217;217m[48;2;218;218;218m▄[38;2;7;7;7m[48;2;7;7;7m▄[0m
[38;2;0;0;0m[48;2;0;0;0m▄[38;2;35;35;35m[48;2;40;40;40m▄[38;2;226;226;226m[48;2;254;254;254m▄[38;2;230;230;230m[48;2;255;255;255m▄[38;2;230;230;230m[48;2;255;255;255m▄[38;2;230;230;230m[48;2;255;255;255m▄[38;2;230;230;230m[48;2;255;255;255m▄[38;2;230;230;230m[48;2;255;255;255m▄[38;2;230;230;230m[48;2;255;255;255m▄[38;2;230;230;230m[48;2;255;255;255m▄[38;2;230;230;230m[48;2;255;255;255m▄[38;2;230;230;230m[48;2;255;255;255m▄[38;2;230;230;230m[48;2;255;255;255m▄[38;2;230;230;230m[48;2;255;255;255m▄[38;2;230;230;230m[48;2;255;255;255m▄[38;2;230;230;230m[48;2;255;255;255m▄[38;2;230;230;230m[48;2;255;255;255m▄[38;2;230;230;230m[48;2;255;255;255m▄[38;2;231;231;231m[48;2;255;255;255m▄[38;2;232;232;232m[48;2;255;255;255m▄[38;2;233;233;233m[48;2;255;255;255m▄[38;2;237;237;237m[48;2;254;254;254m▄[38;2;255;255;255m[48;2;137;137;137m▄[38;2;253;253;253m[48;2;140;140;140m▄[38;2;183;183;183m[48;2;132;132;132m▄[38;2;105;105;105m[48;2;59;59;59m▄[38;2;125;125;125m[48;2;95;95;95m▄[38;2;217;217;217m[48;2;200;200;200m▄[38;2;246;246;246m[48;2;206;206;206m▄[38;2;247;247;247m[48;2;206;206;206m▄[38;2;247;247;247m[48;2;207;207;207m▄[38;2;248;248;248m[48;2;208;208;208m▄[38;2;246;246;246m[48;2;200;200;200m▄[38;2;164;164;164m[48;2;60;60;60m▄[38;2;136;136;136m[48;2;37;37;37m▄[38;2;179;179;179m[48;2;118;118;118m▄[38;2;237;237;237m[48;2;173;173;173m▄[38;2;242;242;242m[48;2;246;246;246m▄[38;2;238;238;238m[48;2;255;255;255m▄[38;2;237;237;237m[48;2;255;255;255m▄[38;2;235;235;235m[48;2;255;255;255m▄[38;2;234;234;234m[48;2;255;255;255m▄[38;2;232;232;232m[48;2;255;255;255m▄[38;2;231;231;231m[48;2;255;255;255m▄[38;2;230;230;230m[48;2;255;255;255m▄[38;2;230;230;230m[48;2;255;255;255m▄[38;2;230;230;230m[48;2;255;255;255m▄[38;2;230;230;230m[48;2;255;255;255m▄[38;2;230;230;230m[48;2;255;255;255m▄[38;2;230;230;230m[48;2;255;255;255m▄[38;2;230;230;230m[48;2;255;255;255m▄[38;2;230;230;230m[48;2;255;255;255m▄[38;2;230;230;230m[48;2;255;255;255m▄[38;2;230;230;230m[48;2;255;255;255m▄[38;2;230;230;230m[48;2;255;255;255m▄[38;2;230;230;230m[48;2;255;255;255m▄[38;2;230;230;230m[48;2;255;255;255m▄[38;2;230;230;230m[48;2;255;255;255m▄[38;2;195;195;195m[48;2;220;220;220m▄[38;2;6;6;6m[48;2;6;6;6m▄[0m
[38;2;0;0;0m[48;2;0;0;0m▄[38;2;39;39;39m[48;2;31;31;31m▄[38;2;255;255;255m[48;2;204;204;204m▄[38;2;255;255;255m[48;2;209;209;209m▄[38;2;255;255;255m[48;2;209;209;209m▄[38;2;255;255;255m[48;2;208;208;208m▄[38;2;255;255;255m[48;2;208;208;208m▄[38;2;255;255;255m[48;2;208;208;208m▄[38;2;255;255;255m[48;2;208;208;208m▄[38;2;255;255;255m[48;2;208;208;208m▄[38;2;255;255;255m[48;2;208;208;208m▄[38;2;255;255;255m[48;2;208;208;208m▄[38;2;255;255;255m[48;2;209;209;209m▄[38;2;241;241;241m[48;2;215;215;215m▄[38;2;191;191;191m[48;2;221;221;221m▄[38;2;165;165;165m[48;2;225;225;225m▄[38;2;155;155;155m[48;2;222;222;222m▄[38;2;155;155;155m[48;2;215;215;215m▄[38;2;159;159;159m[48;2;206;206;206m▄[38;2;166;166;166m[48;2;196;196;196m▄[38;2;174;174;174m[48;2;186;186;186m▄[38;2;186;186;186m[48;2;178;178;178m▄[38;2;201;201;201m[48;2;172;172;172m▄[38;2;212;212;212m[48;2;166;166;166m▄[38;2;219;219;219m[48;2;170;170;170m▄[38;2;220;220;220m[48;2;179;179;179m▄[38;2;223;223;223m[48;2;172;172;172m▄[38;2;226;226;226m[48;2;156;156;156m▄[38;2;229;229;229m[48;2;152;152;152m▄[38;2;231;231;231m[48;2;151;151;151m▄[38;2;232;232;232m[48;2;150;150;150m▄[38;2;233;233;233m[48;2;150;150;150m▄[38;2;233;233;233m[48;2;151;151;151m▄[38;2;227;227;227m[48;2;167;167;167m▄[38;2;218;218;218m[48;2;172;172;172m▄[38;2;214;214;214m[48;2;168;168;168m▄[38;2;213;213;213m[48;2;161;161;161m▄[38;2;213;213;213m[48;2;160;160;160m▄[38;2;208;208;208m[48;2;165;165;165m▄[38;2;201;201;201m[48;2;171;171;171m▄[38;2;193;193;193m[48;2;177;177;177m▄[38;2;184;184;184m[48;2;185;185;185m▄[38;2;175;175;175m[48;2;194;194;194m▄[38;2;168;168;168m[48;2;204;204;204m▄[38;2;164;164;164m[48;2;213;213;213m▄[38;2;163;163;163m[48;2;221;221;221m▄[38;2;169;169;169m[48;2;224;224;224m▄[38;2;184;184;184m[48;2;223;223;223m▄[38;2;218;218;218m[48;2;217;217;217m▄[38;2;255;255;255m[48;2;211;211;211m▄[38;2;255;255;255m[48;2;208;208;208m▄[38;2;255;255;255m[48;2;208;208;208m▄[38;2;255;255;255m[48;2;208;208;208m▄[38;2;255;255;255m[48;2;208;208;208m▄[38;2;255;255;255m[48;2;208;208;208m▄[38;2;255;255;255m[48;2;208;208;208m▄[38;2;255;255;255m[48;2;208;208;208m▄[38;2;255;255;255m[48;2;209;209;209m▄[38;2;225;225;225m[48;2;178;178;178m▄[38;2;7;7;7m[48;2;6;6;6m▄[0m
[38;2;0;0;0m[48;2;0;0;0m▄[38;2;38;38;38m[48;2;38;38;38m▄[38;2;249;249;249m[48;2;249;249;249m▄[38;2;255;255;255m[48;2;255;255;255m▄[38;2;255;255;255m[48;2;255;255;255m▄[38;2;255;255;255m[48;2;255;255;255m▄[38;2;255;255;255m[48;2;255;255;255m▄[38;2;255;255;255m[48;2;255;255;255m▄[38;2;255;255;255m[48;2;255;255;255m▄[38;2;255;255;255m[48;2;255;255;255m▄[38;2;247;247;247m[48;2;251;251;251m▄[38;2;74;74;74m[48;2;153;153;153m▄[38;2;0;0;0m[48;2;65;65;65m▄[38;2;39;39;39m[48;2;51;51;51m▄[38;2;209;209;209m[48;2;133;133;133m▄[38;2;255;255;255m[48;2;182;182;182m▄[38;2;255;255;255m[48;2;215;215;215m▄[38;2;255;255;255m[48;2;238;238;238m▄[38;2;255;255;255m[48;2;252;252;252m▄[38;2;255;255;255m[48;2;255;255;255m▄[38;2;255;255;255m[48;2;255;255;255m▄[38;2;159;159;159m[48;2;247;247;247m▄[38;2;57;57;57m[48;2;218;218;218m▄[38;2;33;33;33m[48;2;197;197;197m▄[38;2;49;49;49m[48;2;188;188;188m▄[38;2;111;111;111m[48;2;199;199;199m▄[38;2;125;125;125m[48;2;202;202;202m▄[38;2;128;128;128m[48;2;202;202;202m▄[38;2;126;126;126m[48;2;204;204;204m▄[38;2;124;124;124m[48;2;206;206;206m▄[38;2;113;113;113m[48;2;207;207;207m▄[38;2;95;95;95m[48;2;208;208;208m▄[38;2;82;82;82m[48;2;207;207;207m▄[38;2;67;67;67m[48;2;224;224;224m▄[38;2;195;195;195m[48;2;255;255;255m▄[38;2;149;149;149m[48;2;255;255;255m▄[38;2;42;42;42m[48;2;255;255;255m▄[38;2;27;27;27m[48;2;241;241;241m▄[38;2;60;60;60m[48;2;234;234;234m▄[38;2;120;120;120m[48;2;230;230;230m▄[38;2;129;129;129m[48;2;230;230;230m▄[38;2;135;135;135m[48;2;229;229;229m▄[38;2;137;137;137m[48;2;227;227;227m▄[38;2;134;134;134m[48;2;221;221;221m▄[38;2;127;127;127m[48;2;212;212;212m▄[38;2;116;116;116m[48;2;194;194;194m▄[38;2;75;75;75m[48;2;180;180;180m▄[38;2;115;115;115m[48;2;157;157;157m▄[38;2;169;169;169m[48;2;98;98;98m▄[38;2;0;0;0m[48;2;50;50;50m▄[38;2;0;0;0m[48;2;108;108;108m▄[38;2;146;146;146m[48;2;209;209;209m▄[38;2;255;255;255m[48;2;255;255;255m▄[38;2;255;255;255m[48;2;255;255;255m▄[38;2;255;255;255m[48;2;255;255;255m▄[38;2;255;255;255m[48;2;255;255;255m▄[38;2;255;255;255m[48;2;255;255;255m▄[38;2;255;255;255m[48;2;255;255;255m▄[38;2;217;217;217m[48;2;218;218;218m▄[38;2;6;6;6m[48;2;7;7;7m▄[0m
[38;2;0;0;0m[48;2;0;0;0m▄[38;2;38;38;38m[48;2;38;38;38m▄[38;2;249;249;249m[48;2;249;249;249m▄[38;2;255;255;255m[48;2;255;255;255m▄[38;2;255;255;255m[48;2;255;255;255m▄[38;2;255;255;255m[48;2;255;255;255m▄[38;2;255;255;255m[48;2;255;255;255m▄[38;2;255;255;255m[48;2;255;255;255m▄[38;2;255;255;255m[48;2;255;255;255m▄[38;2;255;255;255m[48;2;255;255;255m▄[38;2;255;255;255m[48;2;255;255;255m▄[38;2;255;255;255m[48;2;255;255;255m▄[38;2;255;255;255m[48;2;217;217;217m▄[38;2;255;255;255m[48;2;154;154;154m▄[38;2;255;255;255m[48;2;116;116;116m▄[38;2;168;168;168m[48;2;134;134;134m▄[38;2;37;37;37m[48;2;146;146;146m▄[38;2;9;9;9m[48;2;135;135;135m▄[38;2;117;117;117m[48;2;150;150;150m▄[38;2;158;158;158m[48;2;193;193;193m▄[38;2;134;134;134m[48;2;218;218;218m▄[38;2;119;119;119m[48;2;235;235;235m▄[38;2;166;166;166m[48;2;228;228;228m▄[38;2;180;180;180m[48;2;220;220;220m▄[38;2;178;178;178m[48;2;221;221;221m▄[38;2;181;181;181m[48;2;216;216;216m▄[38;2;182;182;182m[48;2;216;216;216m▄[38;2;182;182;182m[48;2;217;217;217m▄[38;2;183;183;183m[48;2;218;218;218m▄[38;2;182;182;182m[48;2;218;218;218m▄[38;2;182;182;182m[48;2;220;220;220m▄[38;2;184;184;184m[48;2;202;202;202m▄[38;2;181;181;181m[48;2;194;194;194m▄[38;2;183;183;183m[48;2;215;215;215m▄[38;2;184;184;184m[48;2;215;215;215m▄[38;2;104;104;104m[48;2;224;224;224m▄[38;2;67;67;67m[48;2;226;226;226m▄[38;2;92;92;92m[48;2;200;200;200m▄[38;2;176;176;176m[48;2;180;180;180m▄[38;2;185;185;185m[48;2;175;175;175m▄[38;2;187;187;187m[48;2;167;167;167m▄[38;2;191;191;191m[48;2;156;156;156m▄[38;2;195;195;195m[48;2;143;143;143m▄[38;2;204;204;204m[48;2;126;126;126m▄[38;2;216;216;216m[48;2;107;107;107m▄[38;2;229;229;229m[48;2;102;102;102m▄[38;2;246;246;246m[48;2;94;94;94m▄[38;2;255;255;255m[48;2;95;95;95m▄[38;2;255;255;255m[48;2;112;112;112m▄[38;2;255;255;255m[48;2;165;165;165m▄[38;2;255;255;255m[48;2;227;227;227m▄[38;2;255;255;255m[48;2;255;255;255m▄[38;2;255;255;255m[48;2;255;255;255m▄[38;2;255;255;255m[48;2;255;255;255m▄[38;2;255;255;255m[48;2;255;255;255m▄[38;2;255;255;255m[48;2;255;255;255m▄[38;2;255;255;255m[48;2;255;255;255m▄[38;2;255;255;255m[48;2;255;255;255m▄[38;2;216;216;216m[48;2;216;216;216m▄[38;2;6;6;6m[48;2;6;6;6m▄[0m
[38;2;0;0;0m[48;2;0;0;0m▄[38;2;23;23;23m[48;2;40;40;40m▄[38;2;194;194;194m[48;2;255;255;255m▄[38;2;208;208;208m[48;2;255;255;255m▄[38;2;207;207;207m[48;2;255;255;255m▄[38;2;207;207;207m[48;2;255;255;255m▄[38;2;207;207;207m[48;2;255;255;255m▄[38;2;207;207;207m[48;2;255;255;255m▄[38;2;207;207;207m[48;2;255;255;255m▄[38;2;207;207;207m[48;2;255;255;255m▄[38;2;207;207;207m[48;2;255;255;255m▄[38;2;207;207;207m[48;2;255;255;255m▄[38;2;169;169;169m[48;2;255;255;255m▄[38;2;53;53;53m[48;2;184;184;184m▄[38;2;40;40;40m[48;2;49;49;49m▄[38;2;140;140;140m[48;2;0;0;0m▄[38;2;223;223;223m[48;2;103;103;103m▄[38;2;156;156;156m[48;2;232;232;232m▄[38;2;48;48;48m[48;2;178;178;178m▄[38;2;46;46;46m[48;2;19;19;19m▄[38;2;105;105;105m[48;2;0;0;0m▄[38;2;209;209;209m[48;2;96;96;96m▄[38;2;211;211;211m[48;2;255;255;255m▄[38;2;207;207;207m[48;2;255;255;255m▄[38;2;207;207;207m[48;2;255;255;255m▄[38;2;207;207;207m[48;2;255;255;255m▄[38;2;207;207;207m[48;2;255;255;255m▄[38;2;207;207;207m[48;2;255;255;255m▄[38;2;207;207;207m[48;2;255;255;255m▄[38;2;207;207;207m[48;2;255;255;255m▄[38;2;207;207;207m[48;2;255;255;255m▄[38;2;207;207;207m[48;2;255;255;255m▄[38;2;200;200;200m[48;2;255;255;255m▄[38;2;91;91;91m[48;2;223;223;223m▄[38;2;37;37;37m[48;2;77;77;77m▄[38;2;89;89;89m[48;2;0;0;0m▄[38;2;208;208;208m[48;2;58;58;58m▄[38;2;216;216;216m[48;2;212;212;212m▄[38;2;207;207;207m[48;2;255;255;255m▄[38;2;207;207;207m[48;2;255;255;255m▄[38;2;207;207;207m[48;2;255;255;255m▄[38;2;207;207;207m[48;2;255;255;255m▄[38;2;207;207;207m[48;2;255;255;255m▄[38;2;207;207;207m[48;2;255;255;255m▄[38;2;207;207;207m[48;2;255;255;255m▄[38;2;207;207;207m[48;2;255;255;255m▄[38;2;207;207;207m[48;2;255;255;255m▄[38;2;207;207;207m[48;2;255;255;255m▄[38;2;207;207;207m[48;2;255;255;255m▄[38;2;207;207;207m[48;2;255;255;255m▄[38;2;207;207;207m[48;2;255;255;255m▄[38;2;207;207;207m[48;2;255;255;255m▄[38;2;207;207;207m[48;2;255;255;255m▄[38;2;207;207;207m[48;2;255;255;255m▄[38;2;207;207;207m[48;2;255;255;255m▄[38;2;207;207;207m[48;2;255;255;255m▄[38;2;207;207;207m[48;2;255;255;255m▄[38;2;208;208;208m[48;2;255;255;255m▄[38;2;167;167;167m[48;2;224;224;224m▄[38;2;4;4;4m[48;2;6;6;6m▄[0m
[38;2;0;0;0m[48;2;0;0;0m▄[38;2;2;2;2m[48;2;0;0;0m▄[38;2;211;211;211m[48;2;195;195;195m▄[38;2;255;255;255m[48;2;242;242;242m▄[38;2;255;255;255m[48;2;242;242;242m▄[38;2;255;255;255m[48;2;242;242;242m▄[38;2;255;255;255m[48;2;242;242;242m▄[38;2;255;255;255m[48;2;242;242;242m▄[38;2;255;255;255m[48;2;242;242;242m▄[38;2;255;255;255m[48;2;242;242;242m▄[38;2;255;255;255m[48;2;242;242;242m▄[38;2;255;255;255m[48;2;242;242;242m▄[38;2;251;251;251m[48;2;244;244;244m▄[38;2;241;241;241m[48;2;255;255;255m▄[38;2;231;231;231m[48;2;255;255;255m▄[38;2;225;225;225m[48;2;255;255;255m▄[38;2;219;219;219m[48;2;250;250;250m▄[38;2;214;214;214m[48;2;253;253;253m▄[38;2;212;212;212m[48;2;255;255;255m▄[38;2;209;209;209m[48;2;255;255;255m▄[38;2;207;207;207m[48;2;255;255;255m▄[38;2;206;206;206m[48;2;255;255;255m▄[38;2;205;205;205m[48;2;252;252;252m▄[38;2;204;204;204m[48;2;252;252;252m▄[38;2;204;204;204m[48;2;252;252;252m▄[38;2;204;204;204m[48;2;252;252;252m▄[38;2;205;205;205m[48;2;252;252;252m▄[38;2;207;207;207m[48;2;252;252;252m▄[38;2;209;209;209m[48;2;251;251;251m▄[38;2;211;211;211m[48;2;251;251;251m▄[38;2;214;214;214m[48;2;250;250;250m▄[38;2;219;219;219m[48;2;249;249;249m▄[38;2;226;226;226m[48;2;248;248;248m▄[38;2;232;232;232m[48;2;255;255;255m▄[38;2;241;241;241m[48;2;255;255;255m▄[38;2;252;252;252m[48;2;255;255;255m▄[38;2;255;255;255m[48;2;246;246;246m▄[38;2;255;255;255m[48;2;242;242;242m▄[38;2;255;255;255m[48;2;242;242;242m▄[38;2;255;255;255m[48;2;242;242;242m▄[38;2;255;255;255m[48;2;242;242;242m▄[38;2;255;255;255m[48;2;242;242;242m▄[38;2;255;255;255m[48;2;242;242;242m▄[38;2;255;255;255m[48;2;242;242;242m▄[38;2;255;255;255m[48;2;242;242;242m▄[38;2;254;254;254m[48;2;243;243;243m▄[38;2;241;241;241m[48;2;244;244;244m▄[38;2;255;255;255m[48;2;242;242;242m▄[38;2;255;255;255m[48;2;242;242;242m▄[38;2;255;255;255m[48;2;242;242;242m▄[38;2;255;255;255m[48;2;242;242;242m▄[38;2;255;255;255m[48;2;242;242;242m▄[38;2;255;255;255m[48;2;242;242;242m▄[38;2;255;255;255m[48;2;242;242;242m▄[38;2;255;255;255m[48;2;242;242;242m▄[38;2;255;255;255m[48;2;242;242;242m▄[38;2;255;255;255m[48;2;242;242;242m▄[38;2;255;255;255m[48;2;242;242;242m▄[38;2;168;168;168m[48;2;156;156;156m▄[38;2;0;0;0m[48;2;0;0;0m▄[0m
[38;2;0;0;0m[48;2;0;0;0m▄[38;2;1;1;1m[48;2;1;1;1m▄[38;2;209;209;209m[48;2;208;208;208m▄[38;2;255;255;255m[48;2;255;255;255m▄[38;2;255;255;255m[48;2;255;255;255m▄[38;2;255;255;255m[48;2;255;255;255m▄[38;2;222;222;222m[48;2;255;255;255m▄[38;2;43;43;43m[48;2;255;255;255m▄[38;2;0;0;0m[48;2;218;218;218m▄[38;2;154;154;154m[48;2;163;163;163m▄[38;2;230;230;230m[48;2;150;150;150m▄[38;2;254;254;254m[48;2;153;153;153m▄[38;2;255;255;255m[48;2;161;161;161m▄[38;2;255;255;255m[48;2;172;172;172m▄[38;2;255;255;255m[48;2;182;182;182m▄[38;2;241;241;241m[48;2;196;196;196m▄[38;2;159;159;159m[48;2;217;217;217m▄[38;2;156;156;156m[48;2;219;219;219m▄[38;2;171;171;171m[48;2;219;219;219m▄[38;2;176;176;176m[48;2;221;221;221m▄[38;2;168;168;168m[48;2;226;226;226m▄[38;2;156;156;156m[48;2;231;231;231m▄[38;2;176;176;176m[48;2;228;228;228m▄[38;2;173;173;173m[48;2;230;230;230m▄[38;2;172;172;172m[48;2;234;234;234m▄[38;2;159;159;159m[48;2;239;239;239m▄[38;2;197;197;197m[48;2;234;234;234m▄[38;2;232;232;232m[48;2;226;226;226m▄[38;2;141;141;141m[48;2;235;235;235m▄[38;2;154;154;154m[48;2;221;221;221m▄[38;2;171;171;171m[48;2;210;210;210m▄[38;2;183;183;183m[48;2;201;201;201m▄[38;2;167;167;167m[48;2;195;195;195m▄[38;2;166;166;166m[48;2;187;187;187m▄[38;2;184;184;184m[48;2;174;174;174m▄[38;2;172;172;172m[48;2;166;166;166m▄[38;2;147;147;147m[48;2;162;162;162m▄[38;2;111;111;111m[48;2;169;169;169m▄[38;2;118;118;118m[48;2;170;170;170m▄[38;2;6;6;6m[48;2;218;218;218m▄[38;2;47;47;47m[48;2;255;255;255m▄[38;2;227;227;227m[48;2;255;255;255m▄[38;2;255;255;255m[48;2;255;255;255m▄[38;2;250;250;250m[48;2;242;242;242m▄[38;2;243;243;243m[48;2;204;204;204m▄[38;2;255;255;255m[48;2;182;182;182m▄[38;2;255;255;255m[48;2;199;199;199m▄[38;2;255;255;255m[48;2;251;251;251m▄[38;2;255;255;255m[48;2;255;255;255m▄[38;2;255;255;255m[48;2;255;255;255m▄[38;2;255;255;255m[48;2;255;255;255m▄[38;2;255;255;255m[48;2;255;255;255m▄[38;2;255;255;255m[48;2;255;255;255m▄[38;2;255;255;255m[48;2;255;255;255m▄[38;2;255;255;255m[48;2;255;255;255m▄[38;2;255;255;255m[48;2;255;255;255m▄[38;2;255;255;255m[48;2;255;255;255m▄[38;2;255;255;255m[48;2;255;255;255m▄[38;2;168;168;168m[48;2;168;168;168m▄[38;2;0;0;0m[48;2;0;0;0m▄[0m
[38;2;0;0;0m[48;2;0;0;0m▄[38;2;0;0;0m[48;2;0;0;0m▄[38;2;213;213;213m[48;2;207;207;207m▄[38;2;255;255;255m[48;2;255;255;255m▄[38;2;255;255;255m[48;2;255;255;255m▄[38;2;255;255;255m[48;2;255;255;255m▄[38;2;255;255;255m[48;2;239;239;239m▄[38;2;255;255;255m[48;2;134;134;134m▄[38;2;255;255;255m[48;2;73;73;73m▄[38;2;237;237;237m[48;2;123;123;123m▄[38;2;207;207;207m[48;2;168;168;168m▄[38;2;191;191;191m[48;2;196;196;196m▄[38;2;184;184;184m[48;2;217;217;217m▄[38;2;152;152;152m[48;2;239;239;239m▄[38;2;66;66;66m[48;2;255;255;255m▄[38;2;98;98;98m[48;2;241;241;241m▄[38;2;199;199;199m[48;2;148;148;148m▄[38;2;192;192;192m[48;2;150;150;150m▄[38;2;179;179;179m[48;2;169;169;169m▄[38;2;189;189;189m[48;2;176;176;176m▄[38;2;206;206;206m[48;2;164;164;164m▄[38;2;211;211;211m[48;2;149;149;149m▄[38;2;207;207;207m[48;2;175;175;175m▄[38;2;208;208;208m[48;2;174;174;174m▄[38;2;192;192;192m[48;2;119;119;119m▄[38;2;187;187;187m[48;2;87;87;87m▄[38;2;202;202;202m[48;2;159;159;159m▄[38;2;195;195;195m[48;2;204;204;204m▄[38;2;208;208;208m[48;2;141;141;141m▄[38;2;204;204;204m[48;2;168;168;168m▄[38;2;133;133;133m[48;2;179;179;179m▄[38;2;104;104;104m[48;2;186;186;186m▄[38;2;164;164;164m[48;2;146;146;146m▄[38;2;194;194;194m[48;2;130;130;130m▄[38;2;191;191;191m[48;2;145;145;145m▄[38;2;194;194;194m[48;2;126;126;126m▄[38;2;204;204;204m[48;2;105;105;105m▄[38;2;224;224;224m[48;2;75;75;75m▄[38;2;242;243;243m[48;2;95;95;95m▄[38;2;255;255;255m[48;2;78;78;78m▄[38;2;255;255;255m[48;2;136;136;136m▄[38;2;255;255;255m[48;2;241;241;241m▄[38;2;255;255;255m[48;2;255;255;255m▄[38;2;255;255;255m[48;2;255;255;255m▄[38;2;255;255;255m[48;2;255;255;255m▄[38;2;255;255;255m[48;2;255;255;255m▄[38;2;255;255;255m[48;2;255;255;255m▄[38;2;255;255;255m[48;2;255;255;255m▄[38;2;255;255;255m[48;2;255;255;255m▄[38;2;255;255;255m[48;2;255;255;255m▄[38;2;255;255;255m[48;2;255;255;255m▄[38;2;255;255;255m[48;2;255;255;255m▄[38;2;255;255;255m[48;2;255;255;255m▄[38;2;255;255;255m[48;2;255;255;255m▄[38;2;255;255;255m[48;2;255;255;255m▄[38;2;255;255;255m[48;2;255;255;255m▄[38;2;255;255;255m[48;2;255;255;255m▄[38;2;255;255;255m[48;2;255;255;255m▄[38;2;172;172;172m[48;2;168;168;168m▄[38;2;0;0;0m[48;2;0;0;0m▄[0m
[38;2;0;0;0m[48;2;0;0;0m▄[38;2;1;1;1m[48;2;1;1;1m▄[38;2;172;172;172m[48;2;175;175;175m▄[38;2;211;211;211m[48;2;215;215;215m▄[38;2;210;210;210m[48;2;215;215;215m▄[38;2;210;210;210m[48;2;215;215;215m▄[38;2;210;210;210m[48;2;215;215;215m▄[38;2;210;210;210m[48;2;215;215;215m▄[38;2;210;210;210m[48;2;216;216;216m▄[38;2;210;210;210m[48;2;220;220;220m▄[38;2;210;210;210m[48;2;225;225;225m▄[38;2;210;210;210m[48;2;228;228;228m▄[38;2;210;210;210m[48;2;227;227;227m▄[38;2;202;202;202m[48;2;72;72;72m▄[38;2;209;209;209m[48;2;0;0;0m▄[38;2;217;217;217m[48;2;92;92;92m▄[38;2;211;211;211m[48;2;209;209;209m▄[38;2;204;204;204m[48;2;75;75;75m▄[38;2;203;203;203m[48;2;7;7;7m▄[38;2;204;204;204m[48;2;53;53;53m▄[38;2;213;213;213m[48;2;197;197;197m▄[38;2;214;214;214m[48;2;195;195;195m▄[38;2;214;214;214m[48;2;194;194;194m▄[38;2;215;215;215m[48;2;193;193;193m▄[38;2;214;214;214m[48;2;196;196;196m▄[38;2;214;214;213m[48;2;199;199;199m▄[38;2;213;213;213m[48;2;197;197;197m▄[38;2;213;213;212m[48;2;198;198;198m▄[38;2;212;213;212m[48;2;201;201;201m▄[38;2;210;211;211m[48;2;190;190;190m▄[38;2;208;209;210m[48;2;1;1;1m▄[38;2;208;210;211m[48;2;0;0;0m▄[38;2;211;212;213m[48;2;156;156;156m▄[38;2;211;211;212m[48;2;221;222;222m▄[38;2;210;209;210m[48;2;225;225;225m▄[38;2;210;208;207m[48;2;228;228;228m▄[38;2;210;206;204m[48;2;228;229;229m▄[38;2;211;203;203m[48;2;225;226;226m▄[38;2;211;203;203m[48;2;220;221;221m▄[38;2;210;204;204m[48;2;216;217;217m▄[38;2;210;207;206m[48;2;215;215;215m▄[38;2;209;209;208m[48;2;215;215;215m▄[38;2;209;208;208m[48;2;215;215;216m▄[38;2;209;206;206m[48;2;215;216;216m▄[38;2;210;205;205m[48;2;215;216;216m▄[38;2;209;204;203m[48;2;215;216;216m▄[38;2;209;202;201m[48;2;215;216;216m▄[38;2;209;202;200m[48;2;215;216;216m▄[38;2;208;201;200m[48;2;215;216;216m▄[38;2;207;200;199m[48;2;215;216;216m▄[38;2;206;199;198m[48;2;215;216;216m▄[38;2;205;197;197m[48;2;216;216;216m▄[38;2;205;197;196m[48;2;216;216;216m▄[38;2;205;198;196m[48;2;216;216;216m▄[38;2;203;197;196m[48;2;216;216;216m▄[38;2;202;198;198m[48;2;216;215;215m▄[38;2;202;200;201m[48;2;216;216;215m▄[38;2;211;210;211m[48;2;216;216;216m▄[38;2;136;134;134m[48;2;142;142;142m▄[38;2;0;0;0m[48;2;0;0;0m▄[0m
[38;2;0;0;0m[48;2;0;0;0m▄[38;2;0;0;0m[48;2;1;1;1m▄[38;2;207;207;207m[48;2;216;216;216m▄[38;2;255;255;255m[48;2;255;255;255m▄[38;2;255;255;255m[48;2;255;255;255m▄[38;2;254;255;255m[48;2;255;255;255m▄[38;2;255;255;255m[48;2;255;255;255m▄[38;2;254;255;255m[48;2;255;255;255m▄[38;2;255;255;255m[48;2;255;255;255m▄[38;2;255;248;249m[48;2;255;255;255m▄[38;2;247;214;218m[48;2;255;255;255m▄[38;2;252;225;227m[48;2;255;255;255m▄[38;2;255;251;252m[48;2;255;255;255m▄[38;2;255;255;255m[48;2;255;255;255m▄[38;2;255;255;255m[48;2;255;255;255m▄[38;2;255;255;255m[48;2;255;255;255m▄[38;2;255;255;255m[48;2;255;255;255m▄[38;2;253;254;255m[48;2;255;255;255m▄[38;2;251;251;252m[48;2;255;255;255m▄[38;2;249;250;250m[48;2;255;255;255m▄[38;2;248;248;250m[48;2;255;255;255m▄[38;2;248;247;248m[48;2;255;255;255m▄[38;2;248;244;245m[48;2;255;255;255m▄[38;2;246;240;240m[48;2;255;255;255m▄[38;2;243;234;233m[48;2;255;255;255m▄[38;2;239;227;224m[48;2;255;255;255m▄[38;2;237;220;215m[48;2;255;255;255m▄[38;2;236;217;211m[48;2;255;255;255m▄[38;2;233;214;209m[48;2;255;255;255m▄[38;2;230;211;207m[48;2;255;255;255m▄[38;2;224;206;202m[48;2;255;255;255m▄[38;2;222;207;203m[48;2;255;255;253m▄[38;2;219;206;203m[48;2;255;254;247m▄[38;2;214;201;200m[48;2;255;252;246m▄[38;2;209;199;198m[48;2;255;251;247m▄[38;2;208;195;194m[48;2;255;250;246m▄[38;2;207;195;194m[48;2;255;249;246m▄[38;2;203;193;190m[48;2;255;248;246m▄[38;2;198;185;180m[48;2;255;249;246m▄[38;2;196;182;177m[48;2;255;248;245m▄[38;2;194;181;177m[48;2;255;246;244m▄[38;2;192;179;177m[48;2;255;245;243m▄[38;2;189;177;176m[48;2;255;243;242m▄[38;2;184;174;172m[48;2;255;241;238m▄[38;2;183;175;174m[48;2;255;239;236m▄[38;2;188;181;180m[48;2;253;237;234m▄[38;2;191;187;186m[48;2;249;233;232m▄[38;2;191;187;186m[48;2;246;231;230m▄[38;2;143;142;141m[48;2;250;237;236m▄[38;2;117;117;117m[48;2;255;245;244m▄[38;2;182;183;184m[48;2;249;240;239m▄[38;2;225;224;227m[48;2;240;235;234m▄[38;2;222;220;225m[48;2;239;234;234m▄[38;2;209;209;214m[48;2;238;236;236m▄[38;2;206;206;212m[48;2;238;236;236m▄[38;2;205;204;210m[48;2;238;238;239m▄[38;2;206;205;211m[48;2;239;239;240m▄[38;2;226;225;231m[48;2;254;254;255m▄[38;2;144;147;151m[48;2;158;160;162m▄[38;2;0;0;0m[48;2;0;0;0m▄[0m
[38;2;0;0;0m[48;2;0;0;0m▄[38;2;0;0;0m[48;2;0;0;0m▄[38;2;205;205;205m[48;2;205;205;205m▄[38;2;255;255;255m[48;2;255;255;255m▄[38;2;255;255;255m[48;2;255;255;255m▄[38;2;244;245;243m[48;2;254;253;254m▄[38;2;228;229;227m[48;2;247;227;231m▄[38;2;221;221;220m[48;2;249;226;227m▄[38;2;228;227;227m[48;2;247;227;229m▄[38;2;159;159;160m[48;2;215;210;210m▄[38;2;66;64;65m[48;2;214;205;207m▄[38;2;119;119;122m[48;2;223;211;213m▄[38;2;193;190;193m[48;2;214;209;211m▄[38;2;203;194;195m[48;2;208;209;211m▄[38;2;202;171;162m[48;2;202;206;208m▄[38;2;207;130;108m[48;2;199;201;201m▄[38;2;223;94;55m[48;2;199;201;201m▄[38;2;222;82;46m[48;2;201;209;210m▄[38;2;222;119;89m[48;2;202;209;211m▄[38;2;227;185;179m[48;2;202;205;207m▄[38;2;220;181;185m[48;2;204;206;206m▄[38;2;213;181;187m[48;2;201;199;197m▄[38;2;218;209;211m[48;2;197;189;185m▄[38;2;217;204;199m[48;2;190;175;169m▄[38;2;220;203;189m[48;2;192;175;165m▄[38;2;217;170;156m[48;2;194;177;166m▄[38;2;224;162;153m[48;2;197;186;178m▄[38;2;216;174;171m[48;2;197;186;179m▄[38;2;215;182;177m[48;2;197;185;177m▄[38;2;210;185;173m[48;2;196;180;172m▄[38;2;208;192;181m[48;2;203;195;186m▄[38;2;201;185;176m[48;2;202;186;177m▄[38;2;192;167;160m[48;2;200;181;171m▄[38;2;200;162;156m[48;2;207;195;182m▄[38;2;173;139;136m[48;2;217;204;196m▄[38;2;157;140;140m[48;2;225;213;205m▄[38;2;180;162;162m[48;2;217;191;180m▄[38;2;183;165;164m[48;2;222;201;191m▄[38;2;188;188;186m[48;2;228;227;225m▄[38;2;186;186;187m[48;2;232;232;233m▄[38;2;175;175;175m[48;2;234;235;235m▄[38;2;172;172;172m[48;2;235;236;236m▄[38;2;167;166;167m[48;2;234;235;235m▄[38;2;164;163;164m[48;2;219;221;221m▄[38;2;170;169;171m[48;2;204;207;207m▄[38;2;156;157;160m[48;2;207;210;209m▄[38;2;136;138;142m[48;2;216;219;219m▄[38;2;190;192;197m[48;2;225;227;229m▄[38;2;205;207;212m[48;2;212;214;216m▄[38;2;214;206;213m[48;2;146;148;151m▄[38;2;218;196;204m[48;2;72;75;81m▄[38;2;182;151;156m[48;2;72;77;81m▄[38;2;196;162;165m[48;2;149;155;161m▄[38;2;244;221;222m[48;2;203;208;212m▄[38;2;255;254;254m[48;2;215;215;220m▄[38;2;255;255;255m[48;2;227;226;229m▄[38;2;255;255;255m[48;2;237;236;238m▄[38;2;255;255;255m[48;2;251;250;251m▄[38;2;168;168;168m[48;2;168;167;168m▄[38;2;0;0;0m[48;2;0;0;0m▄[0m
[38;2;0;0;0m[48;2;0;0;0m▄[38;2;0;0;0m[48;2;0;0;0m▄[38;2;216;216;216m[48;2;207;207;207m▄[38;2;255;255;255m[48;2;255;255;255m▄[38;2;255;255;255m[48;2;255;255;255m▄[38;2;255;255;255m[48;2;249;249;248m▄[38;2;255;255;255m[48;2;240;241;240m▄[38;2;255;255;255m[48;2;234;233;231m▄[38;2;255;255;255m[48;2;244;232;232m▄[38;2;255;255;255m[48;2;255;242;245m▄[38;2;255;255;255m[48;2;247;225;229m▄[38;2;255;255;255m[48;2;233;216;218m▄[38;2;255;255;255m[48;2;243;227;231m▄[38;2;255;255;255m[48;2;247;227;232m▄[38;2;255;255;255m[48;2;242;213;219m▄[38;2;255;255;255m[48;2;229;176;191m▄[38;2;255;255;255m[48;2;224;151;159m▄[38;2;255;255;255m[48;2;224;140;144m▄[38;2;255;255;255m[48;2;214;125;133m▄[38;2;255;255;255m[48;2;219;158;165m▄[38;2;255;255;255m[48;2;221;180;185m▄[38;2;255;255;255m[48;2;222;199;203m▄[38;2;255;255;255m[48;2;219;210;213m▄[38;2;255;255;255m[48;2;214;210;212m▄[38;2;255;255;255m[48;2;205;201;201m▄[38;2;255;255;255m[48;2;210;172;178m▄[38;2;255;255;255m[48;2;237;167;180m▄[38;2;255;255;255m[48;2;245;182;195m▄[38;2;255;255;255m[48;2;244;191;203m▄[38;2;255;255;255m[48;2;230;212;218m▄[38;2;255;255;255m[48;2;205;199;202m▄[38;2;255;255;255m[48;2;196;190;192m▄[38;2;255;255;255m[48;2;223;209;213m▄[38;2;255;255;255m[48;2;226;195;204m▄[38;2;255;255;255m[48;2;193;172;179m▄[38;2;255;255;255m[48;2;192;184;187m▄[38;2;255;255;255m[48;2;228;230;231m▄[38;2;255;255;255m[48;2;234;237;238m▄[38;2;255;255;255m[48;2;244;245;245m▄[38;2;249;250;251m[48;2;223;222;223m▄[38;2;252;253;253m[48;2;225;225;226m▄[38;2;253;253;254m[48;2;235;234;235m▄[38;2;251;251;251m[48;2;237;237;237m▄[38;2;248;248;248m[48;2;233;234;234m▄[38;2;255;255;255m[48;2;251;252;252m▄[38;2;255;255;255m[48;2;255;255;255m▄[38;2;255;255;255m[48;2;255;255;255m▄[38;2;255;255;255m[48;2;255;255;255m▄[38;2;255;255;255m[48;2;218;218;217m▄[38;2;255;255;255m[48;2;219;216;215m▄[38;2;255;255;255m[48;2;246;240;241m▄[38;2;255;255;255m[48;2;239;231;232m▄[38;2;255;255;255m[48;2;237;229;229m▄[38;2;255;255;255m[48;2;224;219;219m▄[38;2;255;255;255m[48;2;229;230;230m▄[38;2;255;255;255m[48;2;255;255;255m▄[38;2;255;255;255m[48;2;255;255;255m▄[38;2;255;255;255m[48;2;255;255;255m▄[38;2;176;176;176m[48;2;168;168;168m▄[38;2;0;0;0m[48;2;0;0;0m▄[0m
