[38;2;60;36;0m[48;2;61;35;3m▄[38;2;74;46;2m[48;2;73;46;3m▄[38;2;68;35;1m[48;2;63;36;0m▄[38;2;78;30;1m[48;2;65;25;0m▄[38;2;96;37;1m[48;2;86;32;1m▄[38;2;105;42;1m[48;2;102;40;1m▄[38;2;96;29;2m[48;2;90;27;3m▄[38;2;93;26;2m[48;2;92;28;0m▄[38;2;106;42;1m[48;2;102;44;0m▄[38;2;105;43;1m[48;2;100;44;0m▄[38;2;99;41;1m[48;2;94;44;0m▄[38;2;80;37;1m[48;2;73;34;1m▄[38;2;68;35;1m[48;2;63;32;0m▄[38;2;65;36;0m[48;2;65;34;1m▄[38;2;68;41;2m[48;2;63;40;1m▄[38;2;66;41;3m[48;2;59;38;3m▄[38;2;54;30;1m[48;2;50;28;1m▄[38;2;62;40;2m[48;2;61;42;1m▄[38;2;74;49;2m[48;2;67;46;0m▄[38;2;74;47;3m[48;2;67;42;1m▄[38;2;76;54;11m[48;2;67;48;9m▄[38;2;72;49;17m[48;2;61;40;9m▄[38;2;70;47;14m[48;2;59;36;1m▄[38;2;69;48;17m[48;2;56;36;0m▄[38;2;71;53;32m[48;2;75;59;28m▄[38;2;81;62;50m[48;2;104;83;75m▄[38;2;58;41;34m[48;2;92;73;77m▄[38;2;56;40;32m[48;2;84;69;69m▄[38;2;49;33;25m[48;2;65;50;44m▄[38;2;49;33;22m[48;2;61;46;36m▄[38;2;56;38;28m[48;2;50;32;23m▄[38;2;56;36;29m[48;2;48;30;17m▄[38;2;44;29;23m[48;2;38;23;9m▄[38;2;32;21;15m[48;2;34;21;7m▄[38;2;11;6;5m[48;2;30;23;13m▄[38;2;34;28;22m[48;2;46;38;34m▄[38;2;30;24;16m[48;2;19;17;17m▄[38;2;36;27;18m[48;2;11;7;1m▄[38;2;45;29;20m[48;2;44;32;23m▄[38;2;54;42;29m[48;2;34;23;15m▄[38;2;61;53;41m[48;2;86;81;73m▄[38;2;91;88;75m[48;2;92;92;83m▄[38;2;128;117;107m[48;2;113;104;96m▄[38;2;140;126;121m[48;2;123;113;112m▄[38;2;102;96;94m[48;2;90;88;86m▄[38;2;85;86;86m[48;2;75;75;75m▄[38;2;86;87;86m[48;2;77;77;77m▄[38;2;87;87;87m[48;2;79;79;79m▄[38;2;87;87;87m[48;2;79;79;79m▄[38;2;85;85;85m[48;2;77;77;77m▄[38;2;75;75;75m[48;2;71;71;69m▄[38;2;71;72;70m[48;2;65;67;63m▄[38;2;72;73;71m[48;2;65;67;63m▄[38;2;69;72;69m[48;2;61;65;61m▄[38;2;70;70;68m[48;2;63;61;61m▄[38;2;70;70;66m[48;2;65;63;61m▄[38;2;75;63;48m[48;2;67;59;48m▄[38;2;97;54;31m[48;2;88;52;30m▄[38;2;104;52;24m[48;2;100;52;25m▄[38;2;119;64;33m[48;2;110;59;30m▄[0m
[38;2;52;33;0m[48;2;56;35;0m▄[38;2;68;37;1m[48;2;65;38;1m▄[38;2;88;36;1m[48;2;67;28;1m▄[38;2;98;36;0m[48;2;75;25;1m▄[38;2;104;37;0m[48;2;85;30;1m▄[38;2;107;38;0m[48;2;96;39;1m▄[38;2;92;20;1m[48;2;89;25;1m▄[38;2;100;28;2m[48;2;83;15;3m▄[38;2;108;39;0m[48;2;97;33;1m▄[38;2;107;39;0m[48;2;98;32;1m▄[38;2;104;38;1m[48;2;93;31;1m▄[38;2;95;36;0m[48;2;80;32;1m▄[38;2;78;36;1m[48;2;67;32;1m▄[38;2;64;37;1m[48;2;62;36;2m▄[38;2;59;36;1m[48;2;63;39;4m▄[38;2;64;39;2m[48;2;67;41;5m▄[38;2;61;38;1m[48;2;55;31;1m▄[38;2;48;29;1m[48;2;52;32;1m▄[38;2;62;39;2m[48;2;68;45;6m▄[38;2;74;48;5m[48;2;71;48;5m▄[38;2;79;52;16m[48;2;74;52;13m▄[38;2;58;36;22m[48;2;68;49;27m▄[38;2;9;2;2m[48;2;39;25;12m▄[38;2;5;4;3m[48;2;48;35;23m▄[38;2;30;22;15m[48;2;57;44;35m▄[38;2;16;5;1m[48;2;41;29;19m▄[38;2;4;0;0m[48;2;30;18;10m▄[38;2;2;0;0m[48;2;38;29;18m▄[38;2;15;12;6m[48;2;40;30;19m▄[38;2;23;19;13m[48;2;38;28;17m▄[38;2;15;14;6m[48;2;45;35;24m▄[38;2;8;9;0m[48;2;44;33;24m▄[38;2;13;8;2m[48;2;43;32;27m▄[38;2;17;10;8m[48;2;28;17;16m▄[38;2;15;10;4m[48;2;22;17;13m▄[38;2;24;17;10m[48;2;31;23;17m▄[38;2;28;21;14m[48;2;28;18;9m▄[38;2;26;21;17m[48;2;53;41;31m▄[38;2;6;2;1m[48;2;40;28;21m▄[38;2;21;9;6m[48;2;36;23;14m▄[38;2;48;27;18m[48;2;46;33;20m▄[38;2;56;34;20m[48;2;69;55;38m▄[38;2;107;91;80m[48;2;122;107;96m▄[38;2;134;125;117m[48;2;133;119;112m▄[38;2;95;93;87m[48;2;95;90;86m▄[38;2;82;85;84m[48;2;81;83;84m▄[38;2;85;87;86m[48;2;83;86;85m▄[38;2;87;89;88m[48;2;85;86;86m▄[38;2;85;87;86m[48;2;84;84;84m▄[38;2;76;77;76m[48;2;77;77;77m▄[38;2;70;71;70m[48;2;69;69;69m▄[38;2;69;69;67m[48;2;66;66;66m▄[38;2;69;69;67m[48;2;68;68;68m▄[38;2;68;68;65m[48;2;67;67;66m▄[38;2;66;67;64m[48;2;67;67;66m▄[38;2;67;68;64m[48;2;67;67;63m▄[38;2;80;65;51m[48;2;73;58;41m▄[38;2;96;55;29m[48;2;94;53;30m▄[38;2;103;51;24m[48;2;96;48;24m▄[38;2;107;56;27m[48;2;105;54;28m▄[0m
[38;2;61;48;24m[48;2;54;39;0m▄[38;2;53;31;14m[48;2;62;29;0m▄[38;2;47;19;17m[48;2;77;29;11m▄[38;2;62;51;50m[48;2;90;43;17m▄[38;2;43;44;40m[48;2;86;40;11m▄[38;2;25;27;26m[48;2;79;34;10m▄[38;2;22;24;23m[48;2;70;24;6m▄[38;2;21;23;22m[48;2;75;30;1m▄[38;2;23;24;23m[48;2;80;36;3m▄[38;2;29;28;27m[48;2;83;39;8m▄[38;2;53;52;58m[48;2;83;36;7m▄[38;2;43;43;56m[48;2;74;26;1m▄[38;2;13;12;13m[48;2;63;30;1m▄[38;2;51;38;15m[48;2;69;45;3m▄[38;2;74;54;27m[48;2;62;40;0m▄[38;2;69;51;26m[48;2;62;38;0m▄[38;2;66;53;30m[48;2;66;44;0m▄[38;2;65;51;25m[48;2;50;34;0m▄[38;2;53;36;8m[48;2;53;36;0m▄[38;2;66;49;16m[48;2;75;53;9m▄[38;2;92;76;57m[48;2;77;55;26m▄[38;2;40;27;29m[48;2;39;18;10m▄[38;2;3;0;0m[48;2;24;10;9m▄[38;2;19;0;0m[48;2;11;3;3m▄[38;2;96;53;46m[48;2;18;3;0m▄[38;2;197;138;120m[48;2;77;45;34m▄[38;2;217;152;133m[48;2;90;51;44m▄[38;2;215;146;135m[48;2;64;30;29m▄[38;2;218;146;139m[48;2;66;33;33m▄[38;2;220;149;140m[48;2;63;33;32m▄[38;2;219;147;138m[48;2;58;27;26m▄[38;2;216;146;136m[48;2;52;21;20m▄[38;2;195;128;116m[48;2;56;28;22m▄[38;2;146;85;71m[48;2;30;5;0m▄[38;2;136;84;71m[48;2;20;4;0m▄[38;2;123;74;67m[48;2;8;0;0m▄[38;2;84;45;42m[48;2;0;0;0m▄[38;2;45;20;15m[48;2;0;0;0m▄[38;2;9;0;0m[48;2;8;1;0m▄[38;2;18;4;2m[48;2;24;9;3m▄[38;2;20;7;3m[48;2;34;14;4m▄[38;2;0;0;0m[48;2;18;2;0m▄[38;2;46;36;36m[48;2;55;40;35m▄[38;2;144;132;128m[48;2;137;125;117m▄[38;2;99;94;89m[48;2;99;96;90m▄[38;2;85;86;86m[48;2;84;87;86m▄[38;2;88;88;88m[48;2;86;88;87m▄[38;2;87;88;88m[48;2;87;89;88m▄[38;2;88;89;89m[48;2;86;88;87m▄[38;2;87;89;88m[48;2;82;84;83m▄[38;2;86;88;86m[48;2;80;82;80m▄[38;2;85;87;84m[48;2;80;82;79m▄[38;2;86;87;84m[48;2;76;76;74m▄[38;2;81;82;79m[48;2;71;72;67m▄[38;2;71;72;70m[48;2;66;67;65m▄[38;2;76;72;70m[48;2;68;69;64m▄[38;2;84;65;53m[48;2;82;65;53m▄[38;2;98;52;28m[48;2;95;53;28m▄[38;2;105;48;17m[48;2;105;50;19m▄[38;2;114;56;21m[48;2;110;53;22m▄[0m
[38;2;75;73;60m[48;2;56;48;39m▄[38;2;76;56;38m[48;2;53;34;20m▄[38;2;52;24;3m[48;2;48;20;4m▄[38;2;28;20;6m[48;2;30;21;11m▄[38;2;11;14;8m[48;2;12;17;10m▄[38;2;13;18;10m[48;2;18;24;16m▄[38;2;14;17;11m[48;2;20;25;19m▄[38;2;20;21;16m[48;2;27;30;27m▄[38;2;36;37;37m[48;2;34;37;40m▄[38;2;42;42;44m[48;2;25;27;34m▄[38;2;39;41;38m[48;2;31;35;45m▄[38;2;57;62;58m[48;2;45;52;63m▄[38;2;69;67;61m[48;2;28;31;33m▄[38;2;70;56;46m[48;2;43;37;28m▄[38;2;63;44;22m[48;2;76;59;44m▄[38;2;86;69;51m[48;2;90;74;61m▄[38;2;78;64;56m[48;2;68;57;51m▄[38;2;76;64;53m[48;2;71;59;47m▄[38;2;77;62;42m[48;2;68;52;30m▄[38;2;65;45;18m[48;2;64;46;17m▄[38;2;97;80;59m[48;2;109;92;70m▄[38;2;117;109;105m[48;2;83;74;70m▄[38;2;76;54;56m[48;2;6;0;0m▄[38;2;170;122;109m[48;2;109;68;64m▄[38;2;151;98;72m[48;2;192;137;125m▄[38;2;113;61;35m[48;2;184;125;104m▄[38;2;102;53;33m[48;2;172;113;93m▄[38;2;99;48;18m[48;2;175;113;94m▄[38;2;135;74;39m[48;2;192;126;111m▄[38;2;209;147;121m[48;2;211;144;130m▄[38;2;181;124;103m[48;2;197;136;117m▄[38;2;121;68;41m[48;2;172;114;89m▄[38;2;97;47;20m[48;2;161;105;83m▄[38;2;104;56;31m[48;2;169;115;96m▄[38;2;118;67;41m[48;2;178;125;106m▄[38;2;146;88;57m[48;2;193;130;112m▄[38;2;177;110;80m[48;2;200;134;114m▄[38;2;214;143;120m[48;2;191;131;115m▄[38;2;189;129;119m[48;2;90;54;50m▄[38;2;49;3;2m[48;2;14;0;0m▄[38;2;102;45;39m[48;2;18;0;0m▄[38;2;196;112;94m[48;2;44;23;19m▄[38;2;175;112;98m[48;2;106;82;78m▄[38;2;144;126;121m[48;2;147;134;136m▄[38;2;105;99;101m[48;2;101;96;99m▄[38;2;91;93;94m[48;2;87;87;88m▄[38;2;94;95;95m[48;2;90;91;91m▄[38;2;94;96;95m[48;2;91;92;91m▄[38;2;91;92;91m[48;2;89;91;90m▄[38;2;88;87;87m[48;2;88;89;89m▄[38;2;88;88;88m[48;2;86;88;87m▄[38;2;87;89;88m[48;2;85;87;84m▄[38;2;89;91;90m[48;2;87;89;86m▄[38;2;84;86;85m[48;2;83;85;82m▄[38;2;73;74;74m[48;2;72;73;71m▄[38;2;78;77;74m[48;2;78;74;72m▄[38;2;88;65;52m[48;2;85;64;51m▄[38;2;97;50;26m[48;2;98;50;26m▄[38;2;101;50;22m[48;2;105;50;22m▄[38;2;101;49;19m[48;2;105;54;29m▄[0m
[38;2;37;33;43m[48;2;65;61;61m▄[38;2;54;34;26m[48;2;75;58;42m▄[38;2;55;29;6m[48;2;53;28;6m▄[38;2;26;17;10m[48;2;24;16;7m▄[38;2;15;17;25m[48;2;20;22;20m▄[38;2;9;14;18m[48;2;21;26;20m▄[38;2;7;10;15m[48;2;24;27;23m▄[38;2;32;33;42m[48;2;22;23;26m▄[38;2;45;45;57m[48;2;28;29;35m▄[38;2;27;27;37m[48;2;44;45;50m▄[38;2;15;20;26m[48;2;36;41;37m▄[38;2;28;34;34m[48;2;49;55;49m▄[38;2;39;38;32m[48;2;77;76;68m▄[38;2;59;41;29m[48;2;82;64;53m▄[38;2;53;30;12m[48;2;59;37;22m▄[38;2;70;55;44m[48;2;92;76;68m▄[38;2;112;101;109m[48;2;113;102;108m▄[38;2;93;82;80m[48;2;82;70;70m▄[38;2;101;87;77m[48;2;93;76;69m▄[38;2;101;84;76m[48;2;71;52;40m▄[38;2;84;72;69m[48;2;89;76;71m▄[38;2;123;111;119m[48;2;131;121;131m▄[38;2;119;110;112m[48;2;131;110;114m▄[38;2;171;125;121m[48;2;193;141;132m▄[38;2;225;150;139m[48;2;203;135;115m▄[38;2;234;150;136m[48;2;178;106;85m▄[38;2;224;143;132m[48;2;174;103;88m▄[38;2;209;132;116m[48;2;172;101;80m▄[38;2;205;129;110m[48;2;205;130;108m▄[38;2;206;133;117m[48;2;242;166;153m▄[38;2;208;134;121m[48;2;227;150;143m▄[38;2;200;124;106m[48;2;189;114;100m▄[38;2;205;129;107m[48;2;185;112;94m▄[38;2;220;143;128m[48;2;188;116;99m▄[38;2;222;142;132m[48;2;187;115;95m▄[38;2;220;140;128m[48;2;199;126;102m▄[38;2;214;135;120m[48;2;210;136;117m▄[38;2;208;131;108m[48;2;211;135;120m▄[38;2;211;135;113m[48;2;214;140;129m▄[38;2;217;140;124m[48;2;186;115;106m▄[38;2;215;136;126m[48;2;189;106;92m▄[38;2;160;87;77m[48;2;207;118;100m▄[38;2;133;81;73m[48;2;174;125;114m▄[38;2;151;118;114m[48;2;145;133;131m▄[38;2;117;100;100m[48;2;106;99;97m▄[38;2;93;94;96m[48;2;96;93;92m▄[38;2;96;98;98m[48;2;97;97;95m▄[38;2;96;96;96m[48;2;95;97;94m▄[38;2;96;94;95m[48;2;93;93;92m▄[38;2;89;89;89m[48;2;87;86;87m▄[38;2;89;89;89m[48;2;88;88;88m▄[38;2;88;90;89m[48;2;87;89;88m▄[38;2;93;95;94m[48;2;93;95;94m▄[38;2;89;91;90m[48;2;87;89;88m▄[38;2;76;79;78m[48;2;75;77;77m▄[38;2;79;81;78m[48;2;80;79;77m▄[38;2;86;65;48m[48;2;87;65;50m▄[38;2;94;46;16m[48;2;95;48;21m▄[38;2;96;44;9m[48;2;95;46;15m▄[38;2;94;45;9m[48;2;95;46;18m▄[0m
[38;2;65;41;7m[48;2;56;50;58m▄[38;2;80;44;6m[48;2;60;42;30m▄[38;2;74;34;2m[48;2;54;33;5m▄[38;2;62;30;7m[48;2;36;30;21m▄[38;2;58;31;9m[48;2;21;20;31m▄[38;2;66;37;6m[48;2;24;22;30m▄[38;2;112;73;34m[48;2;38;33;34m▄[38;2;97;65;27m[48;2;30;29;30m▄[38;2;87;61;30m[48;2;44;46;51m▄[38;2;60;39;8m[48;2;41;45;51m▄[38;2;69;49;22m[48;2;46;50;60m▄[38;2;66;41;18m[48;2;40;42;50m▄[38;2;59;34;6m[48;2;35;35;35m▄[38;2;68;40;11m[48;2;49;36;28m▄[38;2;77;45;16m[48;2;54;35;22m▄[38;2;89;57;38m[48;2;69;57;51m▄[38;2;78;53;41m[48;2;98;89;98m▄[38;2;117;103;90m[48;2;115;106;108m▄[38;2;90;81;71m[48;2;82;73;62m▄[38;2;110;95;85m[48;2;126;110;102m▄[38;2;122;106;95m[48;2;96;82;76m▄[38;2;98;92;90m[48;2;111;100;101m▄[38;2;112;111;117m[48;2;126;117;119m▄[38;2;102;96;97m[48;2;137;106;105m▄[38;2;152;108;101m[48;2;202;135;129m▄[38;2;191;120;98m[48;2;209;127;111m▄[38;2;188;116;92m[48;2;196;118;101m▄[38;2;183;107;92m[48;2;196;120;102m▄[38;2;152;73;62m[48;2;194;121;97m▄[38;2;146;61;51m[48;2;170;101;74m▄[38;2;161;72;61m[48;2;175;103;83m▄[38;2;157;70;60m[48;2;191;116;99m▄[38;2;157;81;63m[48;2;188;116;94m▄[38;2;178;108;83m[48;2;195;121;98m▄[38;2;195;122;95m[48;2;201;125;102m▄[38;2;198;121;96m[48;2;206;125;104m▄[38;2;198;118;93m[48;2;206;124;103m▄[38;2;199;119;95m[48;2;207;129;101m▄[38;2;194;118;95m[48;2;203;127;99m▄[38;2;209;138;119m[48;2;210;138;120m▄[38;2;219;153;138m[48;2;179;110;104m▄[38;2;193;134;121m[48;2;84;17;15m▄[38;2;130;70;58m[48;2;75;0;0m▄[38;2;132;27;15m[48;2;130;27;23m▄[38;2;175;39;36m[48;2;151;69;69m▄[38;2;167;75;79m[48;2;114;92;96m▄[38;2;123;95;97m[48;2;88;101;102m▄[38;2;111;99;105m[48;2;95;96;102m▄[38;2;105;98;102m[48;2;97;97;98m▄[38;2;92;96;95m[48;2;89;95;93m▄[38;2;86;94;92m[48;2;91;94;93m▄[38;2;88;96;95m[48;2;93;94;93m▄[38;2;92;101;98m[48;2;96;98;97m▄[38;2;85;93;89m[48;2;89;91;90m▄[38;2;75;79;79m[48;2;75;77;77m▄[38;2;81;81;80m[48;2;80;81;78m▄[38;2;86;65;49m[48;2;87;67;50m▄[38;2;88;42;12m[48;2;91;44;15m▄[38;2;100;43;10m[48;2;98;44;9m▄[38;2;107;46;7m[48;2;103;47;4m▄[0m
[38;2;80;69;105m[48;2;86;58;58m▄[38;2;73;52;63m[48;2;83;49;32m▄[38;2;66;48;51m[48;2;67;32;12m▄[38;2;72;67;101m[48;2;67;45;42m▄[38;2;69;72;127m[48;2;67;50;60m▄[38;2;71;77;131m[48;2;68;49;56m▄[38;2;67;73;125m[48;2;59;41;39m▄[38;2;71;76;126m[48;2;64;45;44m▄[38;2;73;74;127m[48;2;63;43;42m▄[38;2;79;79;131m[48;2;68;47;46m▄[38;2;72;73;123m[48;2;65;47;46m▄[38;2;61;64;109m[48;2;57;36;34m▄[38;2;74;72;102m[48;2;66;40;28m▄[38;2;66;49;46m[48;2;73;39;14m▄[38;2;68;58;54m[48;2;70;38;14m▄[38;2;76;78;96m[48;2;62;40;27m▄[38;2;69;64;93m[48;2;54;40;37m▄[38;2;84;58;77m[48;2;82;71;68m▄[38;2;132;76;82m[48;2;105;96;92m▄[38;2;151;79;82m[48;2;71;59;45m▄[38;2;179;92;98m[48;2;122;100;86m▄[38;2;198;84;94m[48;2;131;108;105m▄[38;2;171;29;29m[48;2;145;103;111m▄[38;2;179;16;3m[48;2;142;74;75m▄[38;2;202;31;22m[48;2;149;61;48m▄[38;2;207;60;48m[48;2;187;99;70m▄[38;2;187;80;56m[48;2;186;112;83m▄[38;2;176;94;66m[48;2;178;108;83m▄[38;2;188;121;91m[48;2;168;90;72m▄[38;2;203;129;104m[48;2;176;84;77m▄[38;2;206;124;106m[48;2;179;85;77m▄[38;2;205;129;108m[48;2;174;85;70m▄[38;2;202;130;105m[48;2;170;89;70m▄[38;2;194;125;97m[48;2;177;104;79m▄[38;2;172;105;70m[48;2;190;118;91m▄[38;2;161;88;56m[48;2;189;117;89m▄[38;2;158;85;51m[48;2;186;111;81m▄[38;2;148;84;49m[48;2;183;107;74m▄[38;2;143;90;58m[48;2;183;111;76m▄[38;2;135;92;69m[48;2;202;127;98m▄[38;2;84;58;51m[48;2;222;152;135m▄[38;2;20;11;12m[48;2;190;134;119m▄[38;2;5;0;0m[48;2;101;65;56m▄[38;2;100;17;12m[48;2;90;11;4m▄[38;2;168;21;6m[48;2;160;21;7m▄[38;2;175;18;9m[48;2;189;37;34m▄[38;2;175;19;15m[48;2;199;59;66m▄[38;2;180;23;19m[48;2;188;64;72m▄[38;2;181;22;19m[48;2;180;68;73m▄[38;2;192;28;29m[48;2;176;79;87m▄[38;2;202;41;45m[48;2;160;89;99m▄[38;2;200;47;51m[48;2;139;93;96m▄[38;2;204;56;63m[48;2;127;99;97m▄[38;2;192;67;72m[48;2;103;94;90m▄[38;2;172;75;76m[48;2;76;80;79m▄[38;2;159;80;83m[48;2;78;82;82m▄[38;2;140;64;57m[48;2;82;65;49m▄[38;2;111;41;14m[48;2;93;44;13m▄[38;2;98;38;0m[48;2;103;41;10m▄[38;2;100;44;6m[48;2;104;46;11m▄[0m
[38;2;61;50;52m[48;2;84;71;95m▄[38;2;81;46;35m[48;2;82;51;60m▄[38;2;74;53;41m[48;2;77;60;65m▄[38;2;64;61;79m[48;2;78;74;112m▄[38;2;58;58;90m[48;2;71;75;128m▄[38;2;60;62;90m[48;2;73;80;129m▄[38;2;63;64;101m[48;2;77;82;136m▄[38;2;64;68;101m[48;2;79;84;135m▄[38;2;64;68;103m[48;2;79;82;134m▄[38;2;68;72;111m[48;2;79;83;133m▄[38;2;66;75;116m[48;2;80;84;139m▄[38;2;69;68;109m[48;2;81;87;142m▄[38;2;101;69;104m[48;2;78;82;127m▄[38;2;145;58;70m[48;2;70;45;59m▄[38;2;191;44;40m[48;2;97;54;53m▄[38;2;181;45;43m[48;2;129;66;85m▄[38;2;229;167;171m[48;2;173;70;100m▄[38;2;249;234;235m[48;2;205;104;122m▄[38;2;245;238;245m[48;2;217;129;140m▄[38;2;236;231;246m[48;2;238;175;190m▄[38;2;242;230;244m[48;2;248;201;216m▄[38;2;198;182;191m[48;2;215;155;166m▄[38;2;231;199;205m[48;2;173;100;105m▄[38;2;207;110;116m[48;2;211;119;119m▄[38;2;194;38;42m[48;2;197;53;52m▄[38;2;207;49;49m[48;2;214;55;55m▄[38;2;191;33;36m[48;2;193;45;43m▄[38;2;154;31;34m[48;2;122;22;18m▄[38;2;33;0;1m[48;2;67;31;24m▄[38;2;0;0;0m[48;2;90;53;42m▄[38;2;0;0;0m[48;2;104;59;42m▄[38;2;0;0;0m[48;2;101;58;40m▄[38;2;0;0;0m[48;2;93;54;37m▄[38;2;0;0;0m[48;2;77;42;26m▄[38;2;0;0;0m[48;2;60;30;13m▄[38;2;0;0;0m[48;2;56;28;16m▄[38;2;0;0;0m[48;2;49;28;19m▄[38;2;0;0;0m[48;2;35;21;16m▄[38;2;0;0;0m[48;2;16;9;9m▄[38;2;0;0;1m[48;2;0;0;0m▄[38;2;0;1;0m[48;2;0;0;0m▄[38;2;4;0;0m[48;2;0;0;0m▄[38;2;102;18;15m[48;2;36;3;4m▄[38;2;168;21;13m[48;2;142;19;11m▄[38;2;170;18;11m[48;2;173;20;10m▄[38;2;170;18;16m[48;2;172;20;18m▄[38;2;170;19;16m[48;2;169;20;14m▄[38;2;171;19;16m[48;2;170;20;15m▄[38;2;170;20;14m[48;2;169;21;14m▄[38;2;161;13;3m[48;2;168;19;10m▄[38;2;165;16;4m[48;2;177;22;11m▄[38;2;181;26;19m[48;2;182;25;14m▄[38;2;189;27;28m[48;2;185;23;19m▄[38;2;190;27;26m[48;2;193;25;26m▄[38;2;189;22;25m[48;2;203;31;36m▄[38;2;188;21;17m[48;2;213;39;45m▄[38;2;188;23;17m[48;2;214;48;51m▄[38;2;200;32;33m[48;2;195;54;50m▄[38;2;201;40;39m[48;2;161;51;33m▄[38;2;197;56;48m[48;2;126;43;17m▄[0m
[38;2;11;1;0m[48;2;50;37;28m▄[38;2;70;34;13m[48;2;77;42;19m▄[38;2;39;18;7m[48;2;67;46;28m▄[38;2;14;14;21m[48;2;62;57;71m▄[38;2;37;37;48m[48;2;66;63;87m▄[38;2;46;46;62m[48;2;65;64;83m▄[38;2;49;53;82m[48;2;65;63;93m▄[38;2;30;34;57m[48;2;69;68;98m▄[38;2;14;19;28m[48;2;72;69;104m▄[38;2;57;27;33m[48;2;65;65;103m▄[38;2;158;50;55m[48;2;81;60;96m▄[38;2;196;33;36m[48;2;139;55;76m▄[38;2;202;44;38m[48;2;190;58;65m▄[38;2;168;17;8m[48;2;182;27;21m▄[38;2;174;28;22m[48;2;189;17;12m▄[38;2;214;134;136m[48;2;196;73;71m▄[38;2;251;239;255m[48;2;251;229;236m▄[38;2;235;221;241m[48;2;239;234;248m▄[38;2;229;224;235m[48;2;229;224;234m▄[38;2;241;239;252m[48;2;231;231;243m▄[38;2;219;184;198m[48;2;234;229;241m▄[38;2;181;66;71m[48;2;220;178;190m▄[38;2;189;27;26m[48;2;198;102;105m▄[38;2;211;37;41m[48;2;194;29;31m▄[38;2;202;45;47m[48;2;216;44;46m▄[38;2;195;39;43m[48;2;207;44;53m▄[38;2;179;27;27m[48;2;193;35;39m▄[38;2;187;36;36m[48;2;180;38;36m▄[38;2;182;50;58m[48;2;101;19;22m▄[38;2;68;17;21m[48;2;19;10;7m▄[38;2;23;30;33m[48;2;14;24;19m▄[38;2;12;16;17m[48;2;5;5;5m▄[38;2;3;6;6m[48;2;1;1;1m▄[38;2;3;8;8m[48;2;0;1;0m▄[38;2;5;10;10m[48;2;0;0;0m▄[38;2;3;7;7m[48;2;0;0;0m▄[38;2;1;7;5m[48;2;0;0;0m▄[38;2;1;5;4m[48;2;0;0;0m▄[38;2;0;2;5m[48;2;0;0;3m▄[38;2;0;1;2m[48;2;0;5;7m▄[38;2;56;8;10m[48;2;2;0;1m▄[38;2;153;29;28m[48;2;73;12;13m▄[38;2;165;17;15m[48;2;164;24;20m▄[38;2;148;10;6m[48;2;174;19;11m▄[38;2;154;15;8m[48;2;173;21;14m▄[38;2;160;15;10m[48;2;176;22;20m▄[38;2;158;15;11m[48;2;175;22;19m▄[38;2;158;17;12m[48;2;174;20;15m▄[38;2;161;21;14m[48;2;175;21;16m▄[38;2;165;20;10m[48;2;168;17;6m▄[38;2;166;15;2m[48;2;163;12;1m▄[38;2;170;18;7m[48;2;173;20;13m▄[38;2;176;19;14m[48;2;181;21;19m▄[38;2;178;19;15m[48;2;185;23;20m▄[38;2;179;20;16m[48;2;187;22;20m▄[38;2;183;23;19m[48;2;186;20;18m▄[38;2;185;23;20m[48;2;186;21;17m▄[38;2;186;24;28m[48;2;195;31;30m▄[38;2;179;27;27m[48;2;189;28;22m▄[38;2;181;21;12m[48;2;198;25;19m▄[0m
[38;2;46;20;11m[48;2;1;0;0m▄[38;2;83;40;12m[48;2;65;35;20m▄[38;2;57;26;8m[48;2;26;12;7m▄[38;2;44;22;16m[48;2;0;0;0m▄[38;2;44;24;14m[48;2;0;0;0m▄[38;2;49;32;17m[48;2;0;0;4m▄[38;2;69;59;48m[48;2;55;60;81m▄[38;2;54;34;24m[48;2;11;19;35m▄[38;2;118;34;28m[48;2;8;0;0m▄[38;2;199;50;53m[48;2;143;47;47m▄[38;2;204;41;43m[48;2;196;38;36m▄[38;2;196;36;37m[48;2;199;32;33m▄[38;2;195;46;43m[48;2;193;40;39m▄[38;2;161;19;15m[48;2;162;17;15m▄[38;2;148;12;3m[48;2;163;27;19m▄[38;2;178;87;83m[48;2;210;138;132m▄[38;2;255;236;246m[48;2;246;236;245m▄[38;2;232;223;240m[48;2;231;219;235m▄[38;2;233;223;241m[48;2;235;225;237m▄[38;2;234;223;241m[48;2;244;224;243m▄[38;2;227;214;234m[48;2;191;138;161m▄[38;2;234;231;250m[48;2;181;90;108m▄[38;2;248;251;255m[48;2;195;110;120m▄[38;2;231;180;197m[48;2;213;132;143m▄[38;2;189;54;56m[48;2;178;61;66m▄[38;2;205;36;35m[48;2;192;36;33m▄[38;2;174;20;16m[48;2;165;14;7m▄[38;2;177;28;18m[48;2;190;40;32m▄[38;2;203;57;56m[48;2;218;69;74m▄[38;2;145;53;56m[48;2;112;32;36m▄[38;2;23;9;5m[48;2;21;19;18m▄[38;2;16;21;17m[48;2;13;21;22m▄[38;2;10;14;14m[48;2;0;2;3m▄[38;2;2;3;6m[48;2;0;1;1m▄[38;2;0;1;4m[48;2;3;8;8m▄[38;2;1;3;3m[48;2;4;12;11m▄[38;2;2;6;7m[48;2;2;14;12m▄[38;2;0;2;3m[48;2;1;8;9m▄[38;2;0;0;0m[48;2;0;1;4m▄[38;2;81;19;21m[48;2;19;2;2m▄[38;2;159;26;18m[48;2;124;28;23m▄[38;2;154;11;0m[48;2;167;21;12m▄[38;2;149;12;0m[48;2;152;14;5m▄[38;2;154;12;0m[48;2;141;11;0m▄[38;2;170;16;11m[48;2;156;16;3m▄[38;2;178;20;21m[48;2;165;18;12m▄[38;2;174;19;17m[48;2;156;12;6m▄[38;2;170;15;10m[48;2;154;12;4m▄[38;2;169;14;7m[48;2;155;14;4m▄[38;2;170;16;8m[48;2;160;15;5m▄[38;2;170;20;11m[48;2;167;16;4m▄[38;2;169;18;10m[48;2;172;18;9m▄[38;2;169;14;10m[48;2;175;19;14m▄[38;2;172;17;12m[48;2;176;20;15m▄[38;2;171;19;14m[48;2;172;19;13m▄[38;2;167;16;9m[48;2;174;23;15m▄[38;2;169;17;12m[48;2;177;21;17m▄[38;2;175;21;18m[48;2;177;20;21m▄[38;2;170;24;16m[48;2;171;23;22m▄[38;2;178;23;12m[48;2;175;21;12m▄[0m
[38;2;20;1;0m[48;2;39;15;7m▄[38;2;76;46;11m[48;2;82;45;17m▄[38;2;44;41;11m[48;2;56;35;13m▄[38;2;13;33;30m[48;2;31;21;19m▄[38;2;10;33;39m[48;2;34;25;22m▄[38;2;13;29;24m[48;2;45;40;19m▄[38;2;36;13;9m[48;2;34;28;6m▄[38;2;148;38;39m[48;2;92;27;17m▄[38;2;201;42;45m[48;2;191;47;43m▄[38;2;190;30;33m[48;2;201;36;36m▄[38;2;182;24;26m[48;2;198;36;39m▄[38;2;180;25;25m[48;2;189;29;31m▄[38;2;176;24;22m[48;2;186;34;34m▄[38;2;170;26;21m[48;2;164;21;17m▄[38;2;131;9;2m[48;2;139;9;0m▄[38;2;168;85;87m[48;2;167;77;76m▄[38;2;225;186;199m[48;2;227;198;206m▄[38;2;170;136;139m[48;2;209;191;198m▄[38;2;245;224;233m[48;2;238;224;238m▄[38;2;240;231;250m[48;2;233;224;242m▄[38;2;231;225;239m[48;2;230;220;236m▄[38;2;249;239;255m[48;2;237;235;255m▄[38;2;217;164;177m[48;2;248;234;247m▄[38;2;188;41;47m[48;2;194;94;104m▄[38;2;199;36;37m[48;2;200;39;38m▄[38;2;174;22;21m[48;2;190;30;26m▄[38;2;174;18;19m[48;2;176;22;21m▄[38;2;179;22;20m[48;2;173;18;12m▄[38;2;190;33;33m[48;2;191;52;49m▄[38;2;178;48;54m[48;2;171;77;80m▄[38;2;55;10;13m[48;2;25;6;6m▄[38;2;1;6;7m[48;2;17;23;24m▄[38;2;18;18;24m[48;2;35;36;42m▄[38;2;18;19;25m[48;2;19;22;29m▄[38;2;12;17;21m[48;2;5;9;11m▄[38;2;4;8;11m[48;2;0;0;1m▄[38;2;0;1;4m[48;2;0;0;0m▄[38;2;0;0;0m[48;2;0;0;0m▄[38;2;45;12;12m[48;2;23;4;4m▄[38;2;158;26;29m[48;2;137;29;28m▄[38;2;174;17;9m[48;2;165;17;4m▄[38;2;173;17;6m[48;2;161;14;0m▄[38;2;170;15;6m[48;2;157;12;0m▄[38;2;169;16;11m[48;2;161;12;5m▄[38;2;173;20;15m[48;2;174;19;19m▄[38;2;174;20;17m[48;2;177;20;22m▄[38;2;173;20;17m[48;2;173;18;16m▄[38;2;172;20;17m[48;2;170;15;12m▄[38;2;171;18;16m[48;2;167;13;10m▄[38;2;169;19;19m[48;2;165;15;11m▄[38;2;162;15;13m[48;2;165;17;12m▄[38;2;156;12;9m[48;2;160;15;9m▄[38;2;153;12;5m[48;2;154;9;6m▄[38;2;151;12;0m[48;2;156;14;7m▄[38;2;153;11;6m[48;2;163;17;15m▄[38;2;159;16;12m[48;2;163;15;8m▄[38;2;158;14;7m[48;2;159;13;0m▄[38;2;155;11;2m[48;2;162;17;4m▄[38;2;158;13;4m[48;2;166;19;9m▄[38;2;175;19;12m[48;2;178;21;13m▄[0m
[38;2;90;90;80m[48;2;35;22;1m▄[38;2;147;134;140m[48;2;77;52;19m▄[38;2;150;144;168m[48;2;33;33;4m▄[38;2;74;89;116m[48;2;0;21;4m▄[38;2;0;20;29m[48;2;9;37;23m▄[38;2;60;26;20m[48;2;8;26;12m▄[38;2;171;47;46m[48;2;106;38;35m▄[38;2;196;34;43m[48;2;195;36;44m▄[38;2;192;39;45m[48;2;193;37;40m▄[38;2;177;27;28m[48;2;177;26;29m▄[38;2;170;25;18m[48;2;170;21;19m▄[38;2;162;19;13m[48;2;164;17;14m▄[38;2;154;13;7m[48;2;166;20;16m▄[38;2;154;17;7m[48;2;160;20;10m▄[38;2;134;6;0m[48;2;134;7;0m▄[38;2;191;121;121m[48;2;184;108;112m▄[38;2;236;216;234m[48;2;231;203;224m▄[38;2;205;185;202m[48;2;192;163;179m▄[38;2;229;209;221m[48;2;229;208;221m▄[38;2;224;213;230m[48;2;237;230;247m▄[38;2;242;230;247m[48;2;230;228;244m▄[38;2;214;139;153m[48;2;247;217;234m▄[38;2;174;35;41m[48;2;177;74;84m▄[38;2;194;33;31m[48;2;198;33;36m▄[38;2;179;23;23m[48;2;188;32;32m▄[38;2;175;26;24m[48;2;171;21;20m▄[38;2;178;25;25m[48;2;173;21;20m▄[38;2;175;22;21m[48;2;182;26;25m▄[38;2;184;22;22m[48;2;188;24;25m▄[38;2;188;40;47m[48;2;194;38;47m▄[38;2;86;18;23m[48;2;92;20;23m▄[38;2;0;0;0m[48;2;0;0;0m▄[38;2;0;2;6m[48;2;5;9;13m▄[38;2;5;7;15m[48;2;8;10;16m▄[38;2;3;9;13m[48;2;4;8;15m▄[38;2;0;9;12m[48;2;3;7;13m▄[38;2;1;5;9m[48;2;0;4;7m▄[38;2;0;0;3m[48;2;0;0;2m▄[38;2;42;11;12m[48;2;49;13;14m▄[38;2;157;31;34m[48;2;160;27;30m▄[38;2;177;20;15m[48;2;180;20;13m▄[38;2;174;19;14m[48;2;176;19;10m▄[38;2;174;17;16m[48;2;173;18;11m▄[38;2;172;19;18m[48;2;171;18;13m▄[38;2;171;19;18m[48;2;171;20;14m▄[38;2;168;19;18m[48;2;168;21;17m▄[38;2;168;18;17m[48;2;168;20;17m▄[38;2;168;19;17m[48;2;169;21;17m▄[38;2;168;16;15m[48;2;168;17;16m▄[38;2;163;12;11m[48;2;167;16;15m▄[38;2;160;12;10m[48;2;161;14;12m▄[38;2;154;12;8m[48;2;153;12;8m▄[38;2;150;13;5m[48;2;151;13;3m▄[38;2;146;8;0m[48;2;150;13;0m▄[38;2;146;10;1m[48;2;152;12;5m▄[38;2;149;12;5m[48;2;153;11;8m▄[38;2;150;13;5m[48;2;153;12;6m▄[38;2;149;11;3m[48;2;154;12;6m▄[38;2;149;12;6m[48;2;154;13;6m▄[38;2;160;16;8m[48;2;167;17;11m▄[0m
[38;2;120;118;80m[48;2;150;142;135m▄[38;2;152;151;110m[48;2;194;179;186m▄[38;2;149;156;125m[48;2;205;193;212m▄[38;2;147;145;117m[48;2;146;153;170m▄[38;2;153;66;57m[48;2;41;18;31m▄[38;2;186;34;38m[48;2;152;41;46m▄[38;2;193;31;37m[48;2;199;38;42m▄[38;2;187;29;33m[48;2;195;34;42m▄[38;2;179;23;29m[48;2;191;38;46m▄[38;2;176;23;25m[48;2;181;29;32m▄[38;2;182;28;28m[48;2;166;18;15m▄[38;2;179;27;26m[48;2;171;26;23m▄[38;2;162;20;15m[48;2;150;12;6m▄[38;2;144;10;5m[48;2;144;10;2m▄[38;2;98;0;0m[48;2;119;0;0m▄[38;2;179;134;137m[48;2;175;109;108m▄[38;2;240;230;247m[48;2;242;226;244m▄[38;2;228;218;240m[48;2;229;215;235m▄[38;2;224;212;234m[48;2;225;210;230m▄[38;2;242;231;249m[48;2;222;214;231m▄[38;2;218;162;179m[48;2;245;213;229m▄[38;2;161;23;35m[48;2;179;60;73m▄[38;2;179;26;29m[48;2;184;31;30m▄[38;2;172;22;23m[48;2;177;26;22m▄[38;2;172;23;27m[48;2;172;21;23m▄[38;2;166;19;22m[48;2;176;28;30m▄[38;2;165;24;25m[48;2;179;25;28m▄[38;2;184;43;42m[48;2;175;16;18m▄[38;2;172;24;25m[48;2;185;22;24m▄[38;2;141;23;29m[48;2;174;36;42m▄[38;2;36;5;8m[48;2;58;11;14m▄[38;2;1;2;6m[48;2;0;1;2m▄[38;2;0;2;6m[48;2;0;1;5m▄[38;2;0;0;5m[48;2;2;4;9m▄[38;2;0;0;5m[48;2;2;6;11m▄[38;2;0;1;4m[48;2;1;7;10m▄[38;2;0;2;3m[48;2;1;4;9m▄[38;2;0;0;2m[48;2;0;0;6m▄[38;2;10;2;2m[48;2;26;6;7m▄[38;2;121;30;30m[48;2;143;31;35m▄[38;2;175;21;17m[48;2;177;18;17m▄[38;2;170;15;13m[48;2;175;18;18m▄[38;2;164;14;12m[48;2;172;16;18m▄[38;2;163;16;13m[48;2;169;17;17m▄[38;2;163;15;13m[48;2;165;13;12m▄[38;2;161;13;11m[48;2;164;16;14m▄[38;2;158;13;10m[48;2;164;19;16m▄[38;2;158;16;12m[48;2;164;19;16m▄[38;2;158;16;12m[48;2;167;17;16m▄[38;2;151;12;7m[48;2;161;12;10m▄[38;2;146;10;3m[48;2;157;11;8m▄[38;2;145;12;3m[48;2;154;13;9m▄[38;2;148;14;4m[48;2;150;13;8m▄[38;2;148;14;4m[48;2;146;11;1m▄[38;2;148;12;3m[48;2;145;9;0m▄[38;2;149;11;4m[48;2;147;10;1m▄[38;2;149;11;3m[48;2;148;12;4m▄[38;2;150;13;4m[48;2;149;12;4m▄[38;2;151;12;7m[48;2;152;12;7m▄[38;2;161;15;12m[48;2;161;15;9m▄[0m
[38;2;121;90;39m[48;2;123;118;116m▄[38;2;179;150;104m[48;2;163;159;158m▄[38;2;195;152;130m[48;2;166;166;169m▄[38;2;181;67;67m[48;2;166;125;133m▄[38;2;180;23;28m[48;2;174;41;53m▄[38;2;183;29;35m[48;2;186;26;30m▄[38;2;189;34;41m[48;2;185;28;31m▄[38;2;178;29;32m[48;2;179;24;26m▄[38;2;173;27;28m[48;2;175;23;22m▄[38;2;171;28;28m[48;2;169;18;17m▄[38;2;162;18;15m[48;2;173;22;18m▄[38;2;160;12;8m[48;2;174;25;19m▄[38;2;159;15;5m[48;2;161;20;9m▄[38;2;152;12;3m[48;2;150;18;8m▄[38;2;106;20;14m[48;2;101;14;12m▄[38;2;217;187;191m[48;2;209;181;184m▄[38;2;229;218;238m[48;2;233;226;243m▄[38;2;214;202;222m[48;2;220;208;232m▄[38;2;217;202;219m[48;2;221;208;227m▄[38;2;240;213;231m[48;2;246;226;246m▄[38;2;173;79;92m[48;2;190;108;125m▄[38;2;158;17;16m[48;2;160;14;18m▄[38;2;167;25;25m[48;2;175;23;24m▄[38;2;172;25;28m[48;2;179;28;27m▄[38;2;170;22;26m[48;2;172;23;25m▄[38;2;169;21;21m[48;2;163;16;16m▄[38;2;169;21;17m[48;2;163;30;20m▄[38;2;159;16;11m[48;2;188;79;68m▄[38;2;160;31;34m[48;2;157;40;37m▄[38;2;87;23;25m[48;2;105;20;21m▄[38;2;3;3;3m[48;2;23;10;11m▄[38;2;2;8;16m[48;2;7;14;20m▄[38;2;2;5;18m[48;2;0;3;13m▄[38;2;2;3;17m[48;2;1;4;10m▄[38;2;2;3;15m[48;2;0;2;5m▄[38;2;0;1;11m[48;2;0;0;3m▄[38;2;0;0;7m[48;2;0;0;1m▄[38;2;0;0;7m[48;2;0;0;2m▄[38;2;0;0;1m[48;2;0;0;0m▄[38;2;82;17;22m[48;2;97;24;28m▄[38;2;159;18;22m[48;2;166;19;21m▄[38;2;164;13;11m[48;2;166;13;11m▄[38;2;161;13;8m[48;2;158;12;4m▄[38;2;161;12;10m[48;2;161;13;8m▄[38;2;162;12;11m[48;2;163;14;14m▄[38;2;162;16;13m[48;2;157;11;8m▄[38;2;156;15;10m[48;2;153;11;5m▄[38;2;150;10;4m[48;2;153;12;6m▄[38;2;150;12;5m[48;2;152;14;8m▄[38;2;149;16;8m[48;2;149;16;8m▄[38;2;145;13;5m[48;2;140;9;1m▄[38;2;138;8;1m[48;2;137;9;1m▄[38;2;138;9;1m[48;2;139;11;1m▄[38;2;142;8;1m[48;2;147;11;3m▄[38;2;149;10;3m[48;2;153;13;7m▄[38;2;154;12;6m[48;2;155;14;9m▄[38;2;149;11;3m[48;2;151;11;4m▄[38;2;147;12;3m[48;2;149;12;3m▄[38;2;143;12;1m[48;2;143;12;4m▄[38;2;152;10;3m[48;2;154;11;7m▄[0m
[38;2;105;53;24m[48;2;103;69;26m▄[38;2;162;56;45m[48;2;118;75;48m▄[38;2;187;43;46m[48;2;165;78;72m▄[38;2;185;34;34m[48;2;176;34;32m▄[38;2;181;35;35m[48;2;184;35;33m▄[38;2;178;34;33m[48;2;185;40;45m▄[38;2;185;32;31m[48;2;190;39;45m▄[38;2;184;30;27m[48;2;173;26;29m▄[38;2;178;26;22m[48;2;167;24;24m▄[38;2;174;22;18m[48;2;163;25;23m▄[38;2;171;19;8m[48;2;154;18;13m▄[38;2;165;17;3m[48;2;153;14;6m▄[38;2;153;8;0m[48;2;155;14;2m▄[38;2;126;15;14m[48;2;137;0;0m▄[38;2;223;179;190m[48;2;144;60;61m▄[38;2;255;243;255m[48;2;239;214;224m▄[38;2;238;221;245m[48;2;225;215;235m▄[38;2;233;215;234m[48;2;214;203;223m▄[38;2;237;227;243m[48;2;217;206;221m▄[38;2;239;189;211m[48;2;234;197;217m▄[38;2;158;32;39m[48;2;157;54;62m▄[38;2;171;19;12m[48;2;159;16;8m▄[38;2;173;18;23m[48;2;164;20;20m▄[38;2;170;20;21m[48;2;163;20;22m▄[38;2;169;18;14m[48;2;162;19;17m▄[38;2;171;18;17m[48;2;164;18;16m▄[38;2;172;17;14m[48;2;162;14;11m▄[38;2;171;12;6m[48;2;169;16;13m▄[38;2;154;21;29m[48;2;163;28;32m▄[38;2;49;7;11m[48;2;65;12;15m▄[38;2;0;0;6m[48;2;0;0;1m▄[38;2;0;0;8m[48;2;0;0;8m▄[38;2;0;0;7m[48;2;4;5;16m▄[38;2;0;1;6m[48;2;4;5;15m▄[38;2;0;1;4m[48;2;1;3;14m▄[38;2;0;1;2m[48;2;1;2;10m▄[38;2;0;0;0m[48;2;0;0;5m▄[38;2;0;0;0m[48;2;0;0;3m▄[38;2;0;0;0m[48;2;0;0;1m▄[38;2;62;13;15m[48;2;74;16;20m▄[38;2;161;20;23m[48;2;156;20;20m▄[38;2;168;12;7m[48;2;156;13;7m▄[38;2;164;12;5m[48;2;154;11;6m▄[38;2;163;13;6m[48;2;153;11;5m▄[38;2;163;12;6m[48;2;154;11;6m▄[38;2;165;10;7m[48;2;156;12;8m▄[38;2;169;15;12m[48;2;156;15;11m▄[38;2;171;19;17m[48;2;151;14;7m▄[38;2;164;15;11m[48;2;146;11;4m▄[38;2;151;9;2m[48;2;139;6;0m▄[38;2;139;7;0m[48;2;141;10;2m▄[38;2;140;12;1m[48;2;139;12;1m▄[38;2;142;12;1m[48;2;134;6;1m▄[38;2;140;9;1m[48;2;138;6;1m▄[38;2;141;9;1m[48;2;143;9;2m▄[38;2;152;13;2m[48;2;150;13;5m▄[38;2;160;14;7m[48;2;148;14;5m▄[38;2;155;9;5m[48;2;144;11;2m▄[38;2;145;11;0m[48;2;139;12;1m▄[38;2;158;9;1m[48;2;151;11;3m▄[0m
