[38;2;67;45;41m[48;2;34;13;10m▄[38;2;63;38;31m[48;2;45;18;13m▄[38;2;51;26;19m[48;2;46;20;15m▄[38;2;64;42;36m[48;2;39;18;15m▄[38;2;55;33;25m[48;2;45;26;16m▄[38;2;77;55;44m[48;2;76;56;43m▄[38;2;82;67;60m[48;2;76;61;52m▄[38;2;59;43;41m[48;2;48;35;33m▄[38;2;67;45;44m[48;2;58;43;41m▄[38;2;62;41;41m[48;2;63;45;45m▄[38;2;131;121;117m[48;2;37;20;18m▄[38;2;211;207;205m[48;2;46;35;30m▄[38;2;250;247;244m[48;2;97;84;82m▄[38;2;255;255;255m[48;2;136;131;131m▄[38;2;255;255;255m[48;2;165;159;159m▄[38;2;255;255;255m[48;2;166;163;161m▄[38;2;255;255;255m[48;2;142;138;135m▄[38;2;248;247;243m[48;2;91;86;84m▄[38;2;204;198;197m[48;2;50;30;28m▄[38;2;107;94;88m[48;2;52;30;26m▄[38;2;62;42;38m[48;2;69;48;46m▄[38;2;74;51;51m[48;2;69;48;48m▄[38;2;74;51;50m[48;2;69;48;45m▄[38;2;72;48;46m[48;2;63;41;37m▄[38;2;101;77;76m[48;2;114;90;90m▄[38;2;158;145;143m[48;2;155;142;140m▄[38;2;153;141;139m[48;2;142;131;129m▄[38;2;151;140;138m[48;2;144;135;133m▄[38;2;115;103;99m[48;2;95;84;80m▄[38;2;61;12;3m[48;2;58;7;0m▄[38;2;110;26;7m[48;2;108;28;11m▄[38;2;135;89;79m[48;2;131;93;84m▄[38;2;160;151;146m[48;2;150;140;135m▄[38;2;162;152;148m[48;2;151;140;138m▄[38;2;92;63;61m[48;2;80;54;48m▄[38;2;113;81;76m[48;2;108;82;76m▄[38;2;173;164;158m[48;2;161;151;146m▄[38;2;137;116;114m[48;2;123;103;103m▄[38;2;85;42;38m[48;2;80;39;37m▄[38;2;107;116;131m[48;2;99;108;121m▄[38;2;88;106;130m[48;2;82;101;120m▄[38;2;73;40;37m[48;2;76;39;37m▄[38;2;108;106;117m[48;2;86;86;99m▄[38;2;200;190;177m[48;2;140;146;144m▄[38;2;127;85;65m[48;2;91;63;54m▄[38;2;74;60;70m[48;2;71;56;63m▄[38;2;89;117;143m[48;2;84;108;133m▄[38;2;86;91;107m[48;2;84;90;105m▄[38;2;77;43;35m[48;2;75;41;33m▄[38;2;136;123;124m[48;2;118;106;106m▄[38;2;153;140;137m[48;2;142;129;123m▄[38;2;149;136;134m[48;2;144;131;131m▄[38;2;76;37;29m[48;2;76;45;35m▄[38;2;76;12;0m[48;2;73;11;0m▄[38;2;108;71;60m[48;2;95;54;45m▄[38;2;168;158;155m[48;2;153;144;140m▄[38;2;167;155;153m[48;2;157;146;140m▄[38;2;170;159;153m[48;2;159;150;142m▄[38;2;168;160;156m[48;2;161;150;146m▄[38;2;131;159;184m[48;2;127;148;168m▄[0m
[38;2;54;30;28m[48;2;80;58;60m▄[38;2;48;23;18m[48;2;55;34;31m▄[38;2;41;15;10m[48;2;36;15;11m▄[38;2;41;20;13m[48;2;52;31;28m▄[38;2;38;19;10m[48;2;43;22;17m▄[38;2;41;20;10m[48;2;53;33;24m▄[38;2;37;18;12m[48;2;47;32;29m▄[38;2;49;30;25m[48;2;49;33;31m▄[38;2;52;32;30m[48;2;55;32;31m▄[38;2;166;159;157m[48;2;151;141;140m▄[38;2;255;255;255m[48;2;255;255;255m▄[38;2;255;255;255m[48;2;255;255;255m▄[38;2;255;255;255m[48;2;255;255;255m▄[38;2;255;255;255m[48;2;255;255;254m▄[38;2;255;255;255m[48;2;255;255;255m▄[38;2;255;255;255m[48;2;255;255;255m▄[38;2;255;255;255m[48;2;255;255;254m▄[38;2;255;255;255m[48;2;255;255;251m▄[38;2;255;255;255m[48;2;255;255;255m▄[38;2;225;223;222m[48;2;252;253;251m▄[38;2;79;61;59m[48;2;85;70;67m▄[38;2;67;45;45m[48;2;66;44;43m▄[38;2;71;49;49m[48;2;70;49;46m▄[38;2;71;50;50m[48;2;71;49;48m▄[38;2;66;45;41m[48;2;71;51;48m▄[38;2;110;92;89m[48;2;132;117;114m▄[38;2;145;134;132m[48;2;142;131;129m▄[38;2;133;123;121m[48;2;135;125;123m▄[38;2;130;122;118m[48;2;120;111;107m▄[38;2;56;32;26m[48;2;55;18;12m▄[38;2;78;14;0m[48;2;90;19;2m▄[38;2;110;55;41m[48;2;117;66;54m▄[38;2;144;134;128m[48;2;147;139;133m▄[38;2;150;144;137m[48;2;152;145;139m▄[38;2;105;88;81m[48;2;94;72;68m▄[38;2;78;49;43m[48;2;92;62;57m▄[38;2;161;148;144m[48;2;159;150;145m▄[38;2;133;118;114m[48;2;130;113;109m▄[38;2;64;32;32m[48;2;72;37;34m▄[38;2;87;96;121m[48;2;92;103;125m▄[38;2;78;92;116m[48;2;79;94;118m▄[38;2;42;15;17m[48;2;57;30;31m▄[38;2;130;119;117m[48;2;120;112;121m▄[38;2;213;203;191m[48;2;206;192;183m▄[38;2;187;166;153m[48;2;154;124;102m▄[38;2;134;128;125m[48;2;70;66;76m▄[38;2;85;107;130m[48;2;78;106;133m▄[38;2;59;50;63m[48;2;73;73;88m▄[38;2;71;45;36m[48;2;70;41;35m▄[38;2;142;129;124m[48;2;134;122;121m▄[38;2;147;133;129m[48;2;144;131;130m▄[38;2;117;98;91m[48;2;129;114;110m▄[38;2;54;7;0m[48;2;63;21;14m▄[38;2;70;17;0m[48;2;72;15;0m▄[38;2;118;98;88m[48;2;110;81;72m▄[38;2;155;143;139m[48;2;156;146;143m▄[38;2;152;138;134m[48;2;152;141;138m▄[38;2;158;144;134m[48;2;157;146;139m▄[38;2;135;136;137m[48;2;147;145;143m▄[38;2;112;140;161m[48;2;116;146;172m▄[0m
[38;2;52;22;18m[48;2;46;18;15m▄[38;2;55;28;18m[48;2;52;24;17m▄[38;2;46;26;14m[48;2;45;21;12m▄[38;2;43;24;18m[48;2;37;15;4m▄[38;2;34;14;8m[48;2;37;17;5m▄[38;2;40;21;15m[48;2;43;23;14m▄[38;2;40;21;18m[48;2;43;23;19m▄[38;2;47;25;21m[48;2;52;30;26m▄[38;2;65;43;38m[48;2;65;44;41m▄[38;2;61;39;34m[48;2;62;45;39m▄[38;2;54;46;56m[48;2;155;151;154m▄[38;2;106;112;136m[48;2;225;227;231m▄[38;2;111;123;154m[48;2;247;248;248m▄[38;2;110;125;165m[48;2;255;255;255m▄[38;2;140;149;175m[48;2;255;255;255m▄[38;2;151;157;165m[48;2;255;255;255m▄[38;2;150;156;167m[48;2;247;249;250m▄[38;2;91;107;156m[48;2;217;222;229m▄[38;2;86;81;124m[48;2;171;168;179m▄[38;2;80;62;54m[48;2;89;74;69m▄[38;2;67;48;43m[48;2;60;41;36m▄[38;2;70;49;48m[48;2;71;49;49m▄[38;2;69;48;47m[48;2;70;49;49m▄[38;2;72;47;48m[48;2;73;50;52m▄[38;2;68;45;44m[48;2;69;47;44m▄[38;2;67;46;43m[48;2;87;66;65m▄[38;2;126;111;108m[48;2;139;126;125m▄[38;2;137;127;126m[48;2;131;120;117m▄[38;2;111;102;97m[48;2;137;129;125m▄[38;2;23;12;9m[48;2;64;47;41m▄[38;2;54;8;1m[48;2;63;9;0m▄[38;2;92;31;19m[48;2;103;43;32m▄[38;2;136;118;113m[48;2;141;126;124m▄[38;2;145;137;134m[48;2;148;140;136m▄[38;2;122;107;106m[48;2;113;97;93m▄[38;2;70;37;30m[48;2;69;41;33m▄[38;2;152;137;134m[48;2;158;143;140m▄[38;2;135;123;119m[48;2;135;120;116m▄[38;2;65;36;29m[48;2;64;32;29m▄[38;2;111;100;102m[48;2;81;88;109m▄[38;2;142;137;137m[48;2;71;84;102m▄[38;2;198;182;174m[48;2;109;88;86m▄[38;2;172;156;151m[48;2;192;174;166m▄[38;2;101;93;90m[48;2;211;200;191m▄[38;2;148;131;124m[48;2;203;188;181m▄[38;2;177;160;153m[48;2;198;183;172m▄[38;2;179;164;156m[48;2;156;156;159m▄[38;2;179;163;150m[48;2;87;74;75m▄[38;2;186;170;158m[48;2;92;70;60m▄[38;2;138;119;110m[48;2;130;116;115m▄[38;2;138;115;103m[48;2;130;118;117m▄[38;2;163;136;123m[48;2;99;76;67m▄[38;2;176;141;121m[48;2;80;34;22m▄[38;2;94;59;38m[48;2;79;39;20m▄[38;2;72;77;86m[48;2;107;103;102m▄[38;2;97;124;146m[48;2;122;128;138m▄[38;2;95;121;141m[48;2;123;125;136m▄[38;2;102;121;140m[48;2;128;130;136m▄[38;2;144;137;136m[48;2;134;132;126m▄[38;2;172;159;152m[48;2;152;147;140m▄[0m
[38;2;45;15;7m[48;2;43;15;11m▄[38;2;46;14;7m[48;2;47;19;10m▄[38;2;37;16;8m[48;2;41;19;8m▄[38;2;37;16;11m[48;2;66;47;43m▄[38;2;37;12;10m[48;2;35;15;11m▄[38;2;41;21;14m[48;2;36;17;9m▄[38;2;50;29;27m[48;2;45;24;18m▄[38;2;45;23;25m[48;2;49;28;26m▄[38;2;42;21;20m[48;2;59;38;34m▄[38;2;42;23;18m[48;2;60;41;35m▄[38;2;34;24;23m[48;2;52;43;46m▄[38;2;76;82;109m[48;2;97;103;129m▄[38;2;119;128;152m[48;2;107;118;160m▄[38;2;148;158;165m[48;2;79;92;150m▄[38;2;124;146;160m[48;2;129;134;163m▄[38;2;95;126;164m[48;2;112;112;135m▄[38;2;105;139;165m[48;2;131;129;150m▄[38;2;129;161;135m[48;2;143;147;183m▄[38;2;114;125;103m[48;2;130;130;152m▄[38;2;42;25;23m[48;2;64;48;43m▄[38;2;45;23;18m[48;2;58;35;33m▄[38;2;52;29;26m[48;2;61;39;38m▄[38;2;52;27;25m[48;2;59;38;37m▄[38;2;55;34;28m[48;2;59;36;32m▄[38;2;61;41;37m[48;2;58;36;32m▄[38;2;58;36;34m[48;2;52;28;23m▄[38;2;75;56;51m[48;2;103;83;79m▄[38;2;136;125;122m[48;2;143;134;131m▄[38;2;71;56;54m[48;2;68;57;56m▄[38;2;3;0;0m[48;2;0;0;0m▄[38;2;39;5;2m[48;2;50;8;2m▄[38;2;75;15;0m[48;2;85;21;6m▄[38;2;122;89;84m[48;2;131;106;100m▄[38;2;145;134;134m[48;2;146;137;135m▄[38;2;133;125;119m[48;2;130;119;115m▄[38;2;60;35;28m[48;2;65;33;26m▄[38;2;135;113;112m[48;2;145;125;124m▄[38;2;146;130;129m[48;2;142;128;126m▄[38;2;66;38;35m[48;2;85;60;56m▄[38;2;157;139;134m[48;2;144;123;122m▄[38;2;173;160;152m[48;2;196;184;177m▄[38;2;169;161;151m[48;2;172;160;151m▄[38;2;211;201;191m[48;2;148;131;124m▄[38;2;192;172;162m[48;2;134;119;114m▄[38;2;140;104;95m[48;2;156;137;127m▄[38;2;127;103;90m[48;2;158;138;124m▄[38;2;114;98;93m[48;2;117;99;89m▄[38;2;80;72;72m[48;2;140;122;115m▄[38;2;138;120;111m[48;2;190;171;161m▄[38;2;199;181;169m[48;2;190;171;157m▄[38;2;161;137;124m[48;2;175;155;139m▄[38;2;112;80;67m[48;2;191;171;157m▄[38;2;52;12;2m[48;2;128;96;80m▄[38;2;40;6;0m[48;2;45;7;0m▄[38;2;63;61;67m[48;2;57;54;60m▄[38;2;100;125;141m[48;2;100;125;140m▄[38;2;94;117;133m[48;2;92;118;134m▄[38;2;117;123;131m[48;2;109;124;135m▄[38;2;150;136;130m[48;2;149;138;134m▄[38;2;166;151;149m[48;2;166;154;152m▄[0m
[38;2;60;30;20m[48;2;58;26;18m▄[38;2;65;32;26m[48;2;62;29;23m▄[38;2;39;16;10m[48;2;45;22;14m▄[38;2;37;15;8m[48;2;41;20;14m▄[38;2;50;22;18m[48;2;43;16;13m▄[38;2;36;16;15m[48;2;37;15;14m▄[38;2;28;10;8m[48;2;42;22;22m▄[38;2;29;10;7m[48;2;41;19;19m▄[38;2;63;53;49m[48;2;23;5;2m▄[38;2;131;125;122m[48;2;12;0;0m▄[38;2;190;187;186m[48;2;13;4;2m▄[38;2;223;224;225m[48;2;67;66;70m▄[38;2;247;250;244m[48;2;129;145;137m▄[38;2;250;248;235m[48;2;141;166;130m▄[38;2;255;247;230m[48;2;163;189;178m▄[38;2;255;224;193m[48;2;181;208;230m▄[38;2;255;219;185m[48;2;191;218;223m▄[38;2;255;232;204m[48;2;190;210;174m▄[38;2;255;237;207m[48;2;198;206;189m▄[38;2;255;251;233m[48;2;174;170;170m▄[38;2;246;249;249m[48;2;173;165;154m▄[38;2;248;249;247m[48;2;169;156;143m▄[38;2;255;255;251m[48;2;126;109;100m▄[38;2;240;236;230m[48;2;78;59;50m▄[38;2;177;168;163m[48;2;51;29;26m▄[38;2;95;77;74m[48;2;54;31;30m▄[38;2;55;25;23m[48;2;66;43;38m▄[38;2;94;70;69m[48;2;126;108;104m▄[38;2;83;66;62m[48;2;80;62;58m▄[38;2;12;0;0m[48;2;6;0;0m▄[38;2;19;2;2m[48;2;22;2;0m▄[38;2;57;5;0m[48;2;65;9;0m▄[38;2;98;62;52m[48;2;110;74;70m▄[38;2;144;127;125m[48;2;145;130;130m▄[38;2;141;126;124m[48;2;137;127;125m▄[38;2;62;41;37m[48;2;61;38;33m▄[38;2;110;90;86m[48;2;121;100;97m▄[38;2;134;119;117m[48;2;139;125;122m▄[38;2;122;107;100m[48;2;51;26;20m▄[38;2;205;195;183m[48;2;180;165;157m▄[38;2;204;197;184m[48;2;198;190;178m▄[38;2;196;191;182m[48;2;192;188;178m▄[38;2;192;186;182m[48;2;177;172;165m▄[38;2;148;137;137m[48;2;161;149;144m▄[38;2;123;116;112m[48;2;116;91;87m▄[38;2;136;126;116m[48;2;163;144;133m▄[38;2;162;143;129m[48;2;165;145;135m▄[38;2;138;121;107m[48;2;128;109;103m▄[38;2;134;120;108m[48;2;126;108;99m▄[38;2;144;126;110m[48;2;158;139;123m▄[38;2;160;138;121m[48;2;156;135;121m▄[38;2;49;18;12m[48;2;40;7;0m▄[38;2;45;9;0m[48;2;52;9;0m▄[38;2;38;3;0m[48;2;43;8;0m▄[38;2;74;56;62m[48;2;68;59;66m▄[38;2;99;121;139m[48;2;99;122;140m▄[38;2;95;115;130m[48;2;93;117;132m▄[38;2;134;127;123m[48;2;124;124;124m▄[38;2;152;136;126m[48;2;154;135;129m▄[38;2;163;147;139m[48;2;164;146;141m▄[0m
[38;2;46;16;13m[48;2;60;28;24m▄[38;2;57;24;20m[48;2;59;26;22m▄[38;2;38;14;9m[48;2;34;11;6m▄[38;2;15;0;0m[48;2;34;12;7m▄[38;2;80;61;60m[48;2;33;4;2m▄[38;2;205;200;197m[48;2;31;13;10m▄[38;2;255;255;255m[48;2;110;100;96m▄[38;2;229;233;235m[48;2;202;196;193m▄[38;2;203;207;211m[48;2;249;248;247m▄[38;2;210;184;155m[48;2;245;248;252m▄[38;2;206;127;63m[48;2;228;228;225m▄[38;2;216;130;60m[48;2;224;203;169m▄[38;2;217;150;86m[48;2;216;163;104m▄[38;2;211;142;70m[48;2;222;166;105m▄[38;2;195;97;28m[48;2;232;173;103m▄[38;2;206;121;50m[48;2;221;140;63m▄[38;2;225;157;86m[48;2;215;135;61m▄[38;2;218;144;68m[48;2;220;148;71m▄[38;2;211;132;59m[48;2;216;126;39m▄[38;2;217;142;67m[48;2;220;134;50m▄[38;2;221;151;61m[48;2;209;176;134m▄[38;2;235;195;144m[48;2;206;205;204m▄[38;2;231;175;114m[48;2;207;210;208m▄[38;2;220;174;117m[48;2;219;224;226m▄[38;2;213;207;194m[48;2;244;248;251m▄[38;2;211;215;218m[48;2;251;252;250m▄[38;2;233;236;238m[48;2;204;195;193m▄[38;2;255;255;255m[48;2;133;119;118m▄[38;2;194;188;185m[48;2;63;47;43m▄[38;2;63;47;41m[48;2;12;0;0m▄[38;2;22;8;5m[48;2;33;14;12m▄[38;2;36;0;0m[48;2;47;0;0m▄[38;2;68;24;13m[48;2;85;45;37m▄[38;2;99;56;43m[48;2;140;120;114m▄[38;2;86;41;33m[48;2;142;118;111m▄[38;2;72;29;24m[48;2;74;47;42m▄[38;2;53;13;8m[48;2;93;60;53m▄[38;2;161;139;129m[48;2;141;113;108m▄[38;2;237;230;217m[48;2;218;208;199m▄[38;2;203;195;179m[48;2;195;186;170m▄[38;2;181;173;155m[48;2;171;163;144m▄[38;2;169;162;143m[48;2;159;151;135m▄[38;2;141;136;116m[48;2;147;139;129m▄[38;2;119;111;92m[48;2;152;143;135m▄[38;2;118;110;90m[48;2;146;136;128m▄[38;2;143;129;112m[48;2;130;118;106m▄[38;2;155;138;120m[48;2;141;123;109m▄[38;2;140;122;103m[48;2;130;112;95m▄[38;2;122;98;82m[48;2;131;115;100m▄[38;2;143;120;103m[48;2;154;136;120m▄[38;2;159;129;111m[48;2;134;107;89m▄[38;2;134;93;73m[48;2;79;44;32m▄[38;2;66;45;39m[48;2;33;7;0m▄[38;2;54;31;25m[48;2;39;8;2m▄[38;2;79;41;32m[48;2;74;47;47m▄[38;2;94;105;116m[48;2;96;116;136m▄[38;2;107;113;117m[48;2;99;115;128m▄[38;2;138;122;112m[48;2;143;125;119m▄[38;2;139;124;119m[48;2;154;132;123m▄[38;2;147;136;133m[48;2;166;143;134m▄[0m
[38;2;50;22;16m[48;2;43;15;11m▄[38;2;38;8;4m[48;2;49;17;12m▄[38;2;152;141;137m[48;2;31;7;2m▄[38;2;255;255;255m[48;2;133;122;119m▄[38;2;223;223;228m[48;2;255;255;255m▄[38;2;197;196;195m[48;2;243;243;245m▄[38;2;224;206;189m[48;2;198;200;203m▄[38;2;237;197;147m[48;2;205;204;199m▄[38;2;220;152;65m[48;2;229;191;138m▄[38;2;217;145;59m[48;2;226;150;68m▄[38;2;205;141;79m[48;2;180;75;24m▄[38;2;215;157;97m[48;2;186;103;56m▄[38;2;193;110;49m[48;2;212;135;72m▄[38;2;199;123;57m[48;2;219;148;69m▄[38;2;230;199;142m[48;2;195;127;64m▄[38;2;240;229;195m[48;2;205;149;99m▄[38;2;251;248;230m[48;2;212;150;97m▄[38;2;231;220;194m[48;2;191;108;50m▄[38;2;211;164;118m[48;2;216;147;81m▄[38;2;199;112;47m[48;2;216;134;62m▄[38;2;222;151;87m[48;2;213;133;55m▄[38;2;203;109;44m[48;2;231;171;100m▄[38;2;210;127;71m[48;2;211;125;61m▄[38;2;218;152;91m[48;2;201;107;33m▄[38;2;217;153;82m[48;2;226;164;94m▄[38;2;202;116;47m[48;2;237;194;151m▄[38;2;236;192;147m[48;2;224;217;211m▄[38;2;244;241;232m[48;2;207;208;210m▄[38;2;210;208;208m[48;2;241;244;244m▄[38;2;222;225;226m[48;2;248;247;243m▄[38;2;255;255;255m[48;2;104;99;94m▄[38;2;113;104;101m[48;2;5;0;0m▄[38;2;21;0;0m[48;2;46;11;3m▄[38;2;104;84;75m[48;2;61;35;27m▄[38;2;113;93;91m[48;2;68;46;41m▄[38;2;115;96;95m[48;2;81;61;56m▄[38;2;148;131;125m[48;2;103;86;78m▄[38;2;211;200;188m[48;2;201;191;178m▄[38;2;214;204;191m[48;2;224;217;199m▄[38;2;216;208;200m[48;2;211;204;193m▄[38;2;203;197;188m[48;2;201;195;186m▄[38;2;195;190;178m[48;2;191;186;174m▄[38;2;190;183;171m[48;2;172;170;154m▄[38;2;180;174;157m[48;2;155;147;130m▄[38;2;169;157;136m[48;2;149;135;115m▄[38;2;157;139;114m[48;2;148;131;109m▄[38;2;145;121;92m[48;2;154;134;110m▄[38;2;139;111;83m[48;2;152;131;107m▄[38;2;160;134;106m[48;2;145;120;95m▄[38;2;179;160;136m[48;2;168;146;123m▄[38;2;174;145;117m[48;2;170;142;122m▄[38;2;176;140;113m[48;2;153;114;88m▄[38;2;149;121;101m[48;2;130;109;95m▄[38;2;110;89;78m[48;2;82;60;55m▄[38;2;95;34;21m[48;2;90;35;20m▄[38;2;139;86;74m[48;2;135;107;95m▄[38;2;127;123;122m[48;2;132;120;115m▄[38;2;95;114;130m[48;2;102;113;126m▄[38;2;92;114;130m[48;2;99;119;136m▄[38;2;101;123;140m[48;2;107;131;147m▄[0m
[38;2;73;58;56m[48;2;18;0;0m▄[38;2;245;241;238m[48;2;129;110;106m▄[38;2;242;241;240m[48;2;255;255;255m▄[38;2;201;199;197m[48;2;222;223;223m▄[38;2;238;229;216m[48;2;199;198;195m▄[38;2;244;231;216m[48;2;234;229;216m▄[38;2;226;161;99m[48;2;224;172;126m▄[38;2;177;83;39m[48;2;199;107;36m▄[38;2;182;107;60m[48;2;222;155;78m▄[38;2;208;132;69m[48;2;215;157;87m▄[38;2;196;96;43m[48;2;217;151;74m▄[38;2;207;123;68m[48;2;214;141;63m▄[38;2;205;130;77m[48;2;210;120;46m▄[38;2;212;160;115m[48;2;211;151;107m▄[38;2;251;243;204m[48;2;251;250;218m▄[38;2;237;214;160m[48;2;249;235;191m▄[38;2;232;202;148m[48;2;246;230;190m▄[38;2;231;199;145m[48;2;252;241;201m▄[38;2;247;232;180m[48;2;243;227;177m▄[38;2;231;198;150m[48;2;211;160;102m▄[38;2;178;74;24m[48;2;212;135;71m▄[38;2;199;118;62m[48;2;195;110;55m▄[38;2;223;160;97m[48;2;193;119;70m▄[38;2;220;148;78m[48;2;221;155;87m▄[38;2;185;100;52m[48;2;202;113;40m▄[38;2;193;126;76m[48;2;212;140;70m▄[38;2;208;131;67m[48;2;222;163;99m▄[38;2;222;177;130m[48;2;239;218;191m▄[38;2;252;251;244m[48;2;251;246;238m▄[38;2;251;245;234m[48;2;216;214;212m▄[38;2;210;211;211m[48;2;223;223;226m▄[38;2;238;239;240m[48;2;255;255;255m▄[38;2;251;250;248m[48;2;112;100;96m▄[38;2;95;76;69m[48;2;93;72;69m▄[38;2;60;23;12m[48;2;113;91;86m▄[38;2;65;24;12m[48;2;100;70;64m▄[38;2;145;124;115m[48;2;138;116;106m▄[38;2;205;197;189m[48;2;207;198;186m▄[38;2;227;221;215m[48;2;219;210;201m▄[38;2;223;215;206m[48;2;218;209;201m▄[38;2;209;201;188m[48;2;206;199;187m▄[38;2;197;189;172m[48;2;195;189;176m▄[38;2;188;179;163m[48;2;190;182;169m▄[38;2;182;173;154m[48;2;183;177;159m▄[38;2;186;170;148m[48;2;180;167;147m▄[38;2;180;163;133m[48;2;167;150;121m▄[38;2;179;158;123m[48;2;166;143;112m▄[38;2;187;163;131m[48;2;169;144;113m▄[38;2;185;160;134m[48;2;182;158;132m▄[38;2;159;131;107m[48;2;178;157;134m▄[38;2;166;131;104m[48;2;170;138;107m▄[38;2;188;153;129m[48;2;198;163;138m▄[38;2;156;127;108m[48;2;160;130;111m▄[38;2;119;98;90m[48;2;127;108;96m▄[38;2;90;72;63m[48;2;84;51;39m▄[38;2;75;55;47m[48;2;118;70;59m▄[38;2;68;50;44m[48;2;111;101;96m▄[38;2;57;45;40m[48;2;102;102;106m▄[38;2;76;68;64m[48;2;109;116;127m▄[38;2;104;112;120m[48;2;106;122;141m▄[0m
[38;2;255;255;255m[48;2;225;221;217m▄[38;2;255;255;255m[48;2;255;255;255m▄[38;2;214;212;213m[48;2;208;208;208m▄[38;2;254;246;240m[48;2;232;225;217m▄[38;2;252;248;240m[48;2;253;247;239m▄[38;2;224;182;137m[48;2;238;207;177m▄[38;2;211;149;101m[48;2;186;94;45m▄[38;2;206;136;71m[48;2;200;127;77m▄[38;2;179;79;30m[48;2;230;175;112m▄[38;2;197;102;46m[48;2;205;125;65m▄[38;2;215;153;98m[48;2;162;66;36m▄[38;2;219;154;92m[48;2;197;117;74m▄[38;2;177;93;57m[48;2;188;97;54m▄[38;2;150;62;41m[48;2;165;72;32m▄[38;2;219;175;126m[48;2;225;200;160m▄[38;2;244;219;158m[48;2;234;208;151m▄[38;2;221;182;120m[48;2;228;195;129m▄[38;2;200;153;103m[48;2;242;215;153m▄[38;2;221;170;111m[48;2;244;229;171m▄[38;2;174;104;64m[48;2;211;159;108m▄[38;2;192;114;58m[48;2;182;97;53m▄[38;2;199;113;50m[48;2;212;151;99m▄[38;2;206;120;62m[48;2;191;107;53m▄[38;2;202;128;71m[48;2;184;87;36m▄[38;2;221;153;93m[48;2;220;144;85m▄[38;2;185;91;39m[48;2;220;150;88m▄[38;2;176;80;33m[48;2;206;129;62m▄[38;2;218;155;93m[48;2;224;169;108m▄[38;2;242;215;177m[48;2;247;235;213m▄[38;2;255;255;255m[48;2;254;251;245m▄[38;2;251;243;235m[48;2;239;235;225m▄[38;2;217;216;215m[48;2;211;212;214m▄[38;2;250;251;250m[48;2;255;255;255m▄[38;2;218;208;201m[48;2;161;146;135m▄[38;2;68;20;5m[48;2;52;5;0m▄[38;2;107;67;53m[48;2;94;49;35m▄[38;2;153;135;128m[48;2;165;145;140m▄[38;2;153;136;124m[48;2;193;181;175m▄[38;2;174;158;144m[48;2;202;191;182m▄[38;2;178;166;151m[48;2;215;205;195m▄[38;2;192;185;170m[48;2;210;202;189m▄[38;2;208;202;184m[48;2;202;195;176m▄[38;2;205;192;173m[48;2;200;190;170m▄[38;2;200;182;163m[48;2;194;179;159m▄[38;2;192;174;147m[48;2;186;168;140m▄[38;2;188;163;137m[48;2;182;161;131m▄[38;2;177;151;128m[48;2;183;159;129m▄[38;2;155;130;106m[48;2;183;158;129m▄[38;2;135;108;85m[48;2;163;136;111m▄[38;2;135;101;77m[48;2;148;116;92m▄[38;2;171;135;110m[48;2;171;137;113m▄[38;2;172;141;117m[48;2;180;148;124m▄[38;2;115;89;75m[48;2;130;104;86m▄[38;2;65;50;44m[48;2;68;52;46m▄[38;2;76;63;58m[48;2;62;46;41m▄[38;2;65;53;52m[48;2;62;46;42m▄[38;2;64;47;41m[48;2;64;50;47m▄[38;2;56;36;27m[48;2;60;50;46m▄[38;2;32;20;12m[48;2;50;38;31m▄[38;2;70;72;75m[48;2;89;89;83m▄[0m
[38;2;255;255;255m[48;2;255;255;255m▄[38;2;248;247;249m[48;2;250;250;251m▄[38;2;228;223;222m[48;2;226;222;223m▄[38;2;255;249;246m[48;2;255;249;248m▄[38;2;253;247;244m[48;2;249;243;235m▄[38;2;229;184;133m[48;2;220;172;114m▄[38;2;223;163;89m[48;2;236;185;123m▄[38;2;196;122;72m[48;2;215;142;76m▄[38;2;208;136;81m[48;2;163;83;51m▄[38;2;219;148;80m[48;2;185;116;77m▄[38;2;204;131;71m[48;2;206;131;65m▄[38;2;172;91;59m[48;2;172;69;18m▄[38;2;208;128;76m[48;2;204;122;67m▄[38;2;168;67;29m[48;2;211;142;94m▄[38;2;148;72;48m[48;2;167;88;41m▄[38;2;199;123;69m[48;2;222;170;108m▄[38;2;190;105;55m[48;2;171;110;62m▄[38;2;169;96;60m[48;2;83;10;4m▄[38;2;172;114;83m[48;2;123;45;25m▄[38;2;202;124;70m[48;2;205;133;84m▄[38;2;162;61;18m[48;2;208;131;72m▄[38;2;184;90;41m[48;2;200;120;66m▄[38;2;214;143;84m[48;2;199;116;62m▄[38;2;208;127;70m[48;2;203;112;56m▄[38;2;206;121;64m[48;2;203;117;53m▄[38;2;201;121;52m[48;2;204;121;54m▄[38;2;212;147;60m[48;2;199;125;70m▄[38;2;210;145;58m[48;2;222;165;96m▄[38;2;237;198;155m[48;2;235;199;151m▄[38;2;255;255;253m[48;2;255;255;253m▄[38;2;255;250;243m[48;2;255;247;242m▄[38;2;227;222;221m[48;2;228;223;223m▄[38;2;240;242;242m[48;2;239;240;241m▄[38;2;232;225;220m[48;2;236;231;226m▄[38;2;88;42;25m[48;2;88;38;21m▄[38;2;126;96;85m[48;2;119;82;71m▄[38;2;106;86;82m[48;2;131;112;107m▄[38;2;99;80;72m[48;2;119;100;89m▄[38;2;112;92;80m[48;2;141;121;105m▄[38;2;135;116;101m[48;2;166;151;134m▄[38;2;142;124;106m[48;2;180;169;150m▄[38;2;143;124;104m[48;2;186;172;153m▄[38;2;147;126;104m[48;2;188;170;149m▄[38;2;146;125;99m[48;2;174;155;129m▄[38;2;147;119;99m[48;2;163;139;114m▄[38;2;144;115;97m[48;2;164;136;116m▄[38;2;145;117;96m[48;2;155;125;108m▄[38;2;140;110;88m[48;2;133;105;84m▄[38;2;124;93;70m[48;2;130;100;79m▄[38;2;134;99;76m[48;2;139;105;81m▄[38;2;156;120;98m[48;2;166;129;106m▄[38;2;137;102;82m[48;2;154;119;98m▄[38;2;91;68;55m[48;2;97;69;57m▄[38;2;89;65;55m[48;2;84;69;61m▄[38;2;106;53;27m[48;2;98;75;64m▄[38;2;118;47;18m[48;2;83;44;27m▄[38;2;115;51;25m[48;2;70;29;15m▄[38;2;89;38;20m[48;2;81;31;17m▄[38;2;109;66;45m[48;2;76;43;28m▄[38;2;154;133;117m[48;2;114;109;108m▄[0m
[38;2;255;255;255m[48;2;255;255;255m▄[38;2;255;255;255m[48;2;254;254;254m▄[38;2;221;218;217m[48;2;222;219;217m▄[38;2;250;244;234m[48;2;255;247;242m▄[38;2;250;241;234m[48;2;255;249;248m▄[38;2;200;171;144m[48;2;224;185;151m▄[38;2;209;149;83m[48;2;220;157;79m▄[38;2;221;162;77m[48;2;229;172;99m▄[38;2;223;166;86m[48;2;212;140;76m▄[38;2;192;123;74m[48;2;159;59;17m▄[38;2;203;131;75m[48;2;196;112;56m▄[38;2;197;107;45m[48;2;227;158;95m▄[38;2;190;106;56m[48;2;185;88;36m▄[38;2;214;143;81m[48;2;179;98;56m▄[38;2;187;93;42m[48;2;214;153;98m▄[38;2;200;112;60m[48;2;170;82;39m▄[38;2;197;126;86m[48;2;144;42;16m▄[38;2;222;159;102m[48;2;202;120;66m▄[38;2;178;90;38m[48;2;218;142;74m▄[38;2;167;71;24m[48;2;215;139;71m▄[38;2;210;136;78m[48;2;189;114;69m▄[38;2;210;131;75m[48;2;206;138;94m▄[38;2;199;124;71m[48;2;205;125;61m▄[38;2;196;140;92m[48;2;166;65;21m▄[38;2;217;151;81m[48;2;196;112;59m▄[38;2;213;147;61m[48;2;223;163;92m▄[38;2;228;172;101m[48;2;202;145;65m▄[38;2;209;158;97m[48;2;202;139;62m▄[38;2;206;182;153m[48;2;231;201;167m▄[38;2;254;251;245m[48;2;255;255;253m▄[38;2;252;245;240m[48;2;255;250;242m▄[38;2;235;233;234m[48;2;227;225;223m▄[38;2;255;255;255m[48;2;250;252;251m▄[38;2;161;139;129m[48;2;213;203;195m▄[38;2;79;43;32m[48;2;88;52;40m▄[38;2;104;86;80m[48;2;126;105;97m▄[38;2;66;52;43m[48;2;81;62;54m▄[38;2;61;43;37m[48;2;75;55;48m▄[38;2;76;56;49m[48;2;93;73;66m▄[38;2;97;77;66m[48;2;108;88;77m▄[38;2;96;77;63m[48;2;100;81;66m▄[38;2;93;73;56m[48;2;106;85;68m▄[38;2;109;87;71m[48;2;119;95;78m▄[38;2;124;99;85m[48;2;128;104;87m▄[38;2;132;104;92m[48;2;135;108;93m▄[38;2;130;102;89m[48;2;139;110;93m▄[38;2;117;92;76m[48;2;136;108;89m▄[38;2;107;80;65m[48;2;120;93;75m▄[38;2;108;78;62m[48;2;103;72;53m▄[38;2;130;95;79m[48;2;132;97;76m▄[38;2;143;106;90m[48;2;147;112;92m▄[38;2;132;99;84m[48;2;119;87;70m▄[38;2;114;79;64m[48;2;97;68;52m▄[38;2;109;48;27m[48;2;112;55;33m▄[38;2;109;42;24m[48;2;115;46;21m▄[38;2;105;41;24m[48;2;115;46;23m▄[38;2;110;44;23m[48;2;125;55;28m▄[38;2;125;52;29m[48;2;105;48;26m▄[38;2;99;36;17m[48;2;94;44;22m▄[38;2;143;83;65m[48;2;151;113;95m▄[0m
[38;2;24;15;7m[48;2;172;163;146m▄[38;2;209;204;190m[48;2;255;255;255m▄[38;2;255;255;255m[48;2;234;233;233m▄[38;2;232;231;227m[48;2;239;234;226m▄[38;2;238;230;216m[48;2;241;231;214m▄[38;2;226;210;190m[48;2;202;180;158m▄[38;2;174;142;109m[48;2;180;130;83m▄[38;2;181;117;57m[48;2;216;152;77m▄[38;2;212;140;69m[48;2;219;160;76m▄[38;2;216;154;69m[48;2;226;169;78m▄[38;2;218;152;65m[48;2;215;149;60m▄[38;2;227;151;72m[48;2;197;116;45m▄[38;2;210;137;59m[48;2;218;145;84m▄[38;2;217;145;59m[48;2;200;120;61m▄[38;2;228;159;71m[48;2;164;70;34m▄[38;2;222;151;74m[48;2;190;106;63m▄[38;2;218;151;77m[48;2;209;138;90m▄[38;2;216;158;88m[48;2;186;100;52m▄[38;2;215;146;70m[48;2;200;126;73m▄[38;2;214;140;64m[48;2;187;124;84m▄[38;2;211;134;56m[48;2;219;158;97m▄[38;2;214;138;56m[48;2;199;122;63m▄[38;2;206;128;48m[48;2;208;138;73m▄[38;2;200;123;48m[48;2;220;156;69m▄[38;2;209;133;57m[48;2;210;137;50m▄[38;2;205;136;57m[48;2;209;138;51m▄[38;2;150;98;33m[48;2;206;146;72m▄[38;2;185;154;114m[48;2;170;124;72m▄[38;2;242;232;216m[48;2;218;199;176m▄[38;2;217;212;205m[48;2;251;244;233m▄[38;2;217;217;215m[48;2;234;231;225m▄[38;2;255;255;255m[48;2;250;251;250m▄[38;2;117;102;91m[48;2;242;239;233m▄[38;2;37;1;0m[48;2;77;41;33m▄[38;2;54;22;11m[48;2;71;37;26m▄[38;2;49;29;25m[48;2;83;63;59m▄[38;2;63;50;46m[48;2;63;51;45m▄[38;2;83;66;58m[48;2;70;55;50m▄[38;2;77;61;52m[48;2;69;51;44m▄[38;2;50;39;31m[48;2;76;57;47m▄[38;2;67;52;44m[48;2;93;74;61m▄[38;2;80;62;51m[48;2;94;75;59m▄[38;2;83;62;54m[48;2;92;73;55m▄[38;2;90;71;61m[48;2;102;82;65m▄[38;2;89;68;56m[48;2;114;92;78m▄[38;2;91;65;55m[48;2;111;85;73m▄[38;2;93;71;57m[48;2;106;81;67m▄[38;2;113;85;70m[48;2;109;78;65m▄[38;2;133;99;85m[48;2;128;94;81m▄[38;2;128;97;81m[48;2;126;95;80m▄[38;2;144;113;94m[48;2;136;103;86m▄[38;2;161;131;111m[48;2;153;121;104m▄[38;2;132;101;81m[48;2;125;93;76m▄[38;2;87;35;21m[48;2;94;42;21m▄[38;2;94;36;15m[48;2;101;39;17m▄[38;2;98;41;17m[48;2;98;38;17m▄[38;2;102;42;22m[48;2;101;38;21m▄[38;2;99;41;23m[48;2;118;46;27m▄[38;2;92;39;18m[48;2;101;39;18m▄[38;2;134;59;39m[48;2;135;63;43m▄[0m
[38;2;45;30;22m[48;2;7;1;0m▄[38;2;3;0;0m[48;2;54;46;40m▄[38;2;66;60;57m[48;2;237;234;229m▄[38;2;236;232;225m[48;2;255;255;255m▄[38;2;247;247;242m[48;2;196;194;189m▄[38;2;191;187;184m[48;2;225;215;200m▄[38;2;206;197;186m[48;2;218;196;171m▄[38;2;213;193;171m[48;2;168;126;88m▄[38;2;172;136;101m[48;2;164;99;43m▄[38;2;157;104;51m[48;2;201;130;54m▄[38;2;114;61;25m[48;2;194;127;61m▄[38;2;112;54;25m[48;2;205;141;78m▄[38;2;204;127;52m[48;2;207;137;56m▄[38;2;200;124;53m[48;2;200;128;48m▄[38;2;199;129;51m[48;2;207;132;50m▄[38;2;200;133;51m[48;2;205;131;48m▄[38;2;194;124;49m[48;2;200;126;46m▄[38;2;196;123;49m[48;2;207;138;58m▄[38;2;197;121;49m[48;2;202;123;46m▄[38;2;197;125;55m[48;2;200;118;45m▄[38;2;197;127;58m[48;2;200;119;47m▄[38;2;183;117;52m[48;2;202;122;50m▄[38;2;164;100;39m[48;2;203;128;53m▄[38;2;143;78;31m[48;2;196;116;48m▄[38;2;143;97;52m[48;2;169;97;39m▄[38;2;182;157;119m[48;2;147;97;39m▄[38;2;212;199;180m[48;2;173;143;97m▄[38;2;200;191;186m[48;2;229;217;196m▄[38;2;225;221;219m[48;2;209;202;192m▄[38;2;253;252;249m[48;2;201;197;195m▄[38;2;116;114;111m[48;2;255;255;255m▄[38;2;0;0;0m[48;2;133;128;125m▄[38;2;38;16;9m[48;2;16;0;0m▄[38;2;39;14;9m[48;2;45;13;5m▄[38;2;37;10;6m[48;2;39;10;3m▄[38;2;19;0;0m[48;2;25;8;6m▄[38;2;45;28;24m[48;2;49;36;32m▄[38;2;101;81;71m[48;2;92;73;63m▄[38;2;76;60;53m[48;2;75;59;50m▄[38;2;37;27;24m[48;2;40;30;27m▄[38;2;67;51;43m[48;2;49;37;32m▄[38;2;83;62;54m[48;2;77;58;50m▄[38;2;73;54;47m[48;2;77;56;50m▄[38;2;56;39;32m[48;2;71;50;44m▄[38;2;52;37;29m[48;2;65;44;37m▄[38;2;83;64;53m[48;2;67;47;36m▄[38;2;115;92;77m[48;2;95;75;60m▄[38;2;131;102;91m[48;2;127;100;84m▄[38;2;128;100;83m[48;2;125;95;78m▄[38;2;134;103;85m[48;2;140;107;90m▄[38;2;142;109;93m[48;2;148;116;97m▄[38;2;137;109;95m[48;2;146;118;101m▄[38;2;90;57;42m[48;2;120;87;71m▄[38;2;81;33;14m[48;2;79;33;17m▄[38;2;100;37;17m[48;2;93;35;15m▄[38;2;110;44;24m[48;2;105;43;21m▄[38;2;109;49;28m[48;2;108;46;26m▄[38;2;87;38;20m[48;2;92;42;24m▄[38;2;101;40;20m[48;2;88;36;19m▄[38;2;132;60;35m[48;2;132;56;33m▄[0m
[38;2;60;37;33m[48;2;56;37;30m▄[38;2;51;28;22m[48;2;36;17;11m▄[38;2;22;7;4m[48;2;0;0;0m▄[38;2;0;0;0m[48;2;48;44;41m▄[38;2;9;8;7m[48;2;200;196;187m▄[38;2;115;111;105m[48;2;255;255;252m▄[38;2;221;215;205m[48;2;220;219;216m▄[38;2;252;248;239m[48;2;196;193;186m▄[38;2;233;230;221m[48;2;197;184;166m▄[38;2;213;209;201m[48;2;187;162;134m▄[38;2;199;193;182m[48;2;171;136;99m▄[38;2;188;175;156m[48;2;151;103;65m▄[38;2;172;150;127m[48;2;153;92;47m▄[38;2;157;131;98m[48;2;152;87;37m▄[38;2;158;124;83m[48;2;166;100;37m▄[38;2;163;128;85m[48;2;178;118;47m▄[38;2;163;128;86m[48;2;180;122;53m▄[38;2;160;123;85m[48;2;166;108;45m▄[38;2;159;126;89m[48;2;161;104;42m▄[38;2;167;137;99m[48;2;170;121;55m▄[38;2;172;146;114m[48;2;163;122;60m▄[38;2;181;160;135m[48;2;153;114;59m▄[38;2;192;180;164m[48;2;153;116;70m▄[38;2;208;202;194m[48;2;168;139;100m▄[38;2;230;228;224m[48;2;188;171;145m▄[38;2;247;245;241m[48;2;198;192;180m▄[38;2;217;215;210m[48;2;217;213;208m▄[38;2;110;108;103m[48;2;253;250;247m▄[38;2;7;5;5m[48;2;209;207;204m▄[38;2;0;0;0m[48;2;64;63;61m▄[38;2;29;9;7m[48;2;0;0;0m▄[38;2;58;33;31m[48;2;29;10;5m▄[38;2;82;53;47m[48;2;68;42;32m▄[38;2;70;38;30m[48;2;40;18;13m▄[38;2;31;11;7m[48;2;26;4;1m▄[38;2;108;92;84m[48;2;24;4;1m▄[38;2;82;64;56m[48;2;71;51;45m▄[38;2;90;67;62m[48;2;110;88;79m▄[38;2;46;32;28m[48;2;58;43;38m▄[38;2;80;63;56m[48;2;48;37;32m▄[38;2;87;66;57m[48;2;96;77;67m▄[38;2;56;40;32m[48;2;67;48;40m▄[38;2;39;28;21m[48;2;53;37;29m▄[38;2;71;55;48m[48;2;52;35;28m▄[38;2;95;75;65m[48;2;76;60;49m▄[38;2;104;85;69m[48;2;105;86;71m▄[38;2;111;89;75m[48;2;115;89;74m▄[38;2;113;89;75m[48;2;127;98;86m▄[38;2;116;91;78m[48;2;128;97;84m▄[38;2;108;85;72m[48;2;129;98;82m▄[38;2;85;66;49m[48;2;128;102;86m▄[38;2;48;22;7m[48;2;94;70;57m▄[38;2;68;28;16m[48;2;71;32;18m▄[38;2;77;32;17m[48;2;83;34;17m▄[38;2;83;35;15m[48;2;92;39;18m▄[38;2;88;35;15m[48;2;98;41;20m▄[38;2;100;39;20m[48;2;99;43;23m▄[38;2;125;55;29m[48;2;91;36;17m▄[38;2;98;41;25m[48;2;124;53;30m▄[38;2;83;27;15m[48;2;105;44;25m▄[0m
[38;2;74;41;48m[48;2;65;39;39m▄[38;2;80;49;54m[48;2;68;42;42m▄[38;2;71;48;50m[48;2;53;32;30m▄[38;2;62;39;36m[48;2;27;10;6m▄[38;2;44;21;17m[48;2;5;0;0m▄[38;2;29;9;6m[48;2;0;0;0m▄[38;2;10;0;0m[48;2;19;16;15m▄[38;2;0;0;0m[48;2;93;90;84m▄[38;2;0;0;0m[48;2;173;168;157m▄[38;2;27;22;20m[48;2;221;217;205m▄[38;2;67;62;57m[48;2;238;236;227m▄[38;2;108;104;98m[48;2;238;236;228m▄[38;2;143;139;130m[48;2;231;229;219m▄[38;2;169;166;156m[48;2;222;217;207m▄[38;2;184;182;173m[48;2;216;208;195m▄[38;2;192;191;181m[48;2;210;204;189m▄[38;2;196;197;186m[48;2;209;202;189m▄[38;2;198;197;187m[48;2;211;203;192m▄[38;2;193;192;181m[48;2;212;206;193m▄[38;2;185;184;173m[48;2;218;212;199m▄[38;2;172;169;157m[48;2;226;222;210m▄[38;2;137;134;124m[48;2;237;235;224m▄[38;2;83;79;75m[48;2;241;241;232m▄[38;2;30;26;24m[48;2;224;225;217m▄[38;2;0;0;0m[48;2;173;171;165m▄[38;2;2;0;0m[48;2;86;85;82m▄[38;2;25;4;0m[48;2;10;8;8m▄[38;2;48;19;13m[48;2;0;0;0m▄[38;2;70;34;30m[48;2;16;0;0m▄[38;2;96;57;50m[48;2;38;14;10m▄[38;2;86;56;52m[48;2;65;37;37m▄[38;2;86;58;53m[48;2;82;52;50m▄[38;2;92;58;51m[48;2;97;59;52m▄[38;2;114;68;58m[48;2;98;52;42m▄[38;2;53;21;14m[48;2;67;35;25m▄[38;2;76;61;51m[48;2;188;174;158m▄[38;2;132;109;93m[48;2;164;147;133m▄[38;2;89;62;54m[48;2;86;65;58m▄[38;2;164;143;126m[48;2;95;80;69m▄[38;2;207;185;158m[48;2;107;87;74m▄[38;2;191;169;145m[48;2;95;75;62m▄[38;2;62;46;40m[48;2;44;30;24m▄[38;2;1;0;0m[48;2;17;10;8m▄[38;2;32;19;15m[48;2;74;61;51m▄[38;2;88;70;58m[48;2;116;96;82m▄[38;2;67;50;39m[48;2;103;85;69m▄[38;2;34;17;11m[48;2;83;66;56m▄[38;2;20;4;2m[48;2;70;53;45m▄[38;2;16;2;0m[48;2;58;44;35m▄[38;2;23;5;2m[48;2;46;31;24m▄[38;2;39;9;2m[48;2;37;19;8m▄[38;2;67;20;7m[48;2;52;16;2m▄[38;2;97;36;16m[48;2;71;27;13m▄[38;2;119;50;26m[48;2;83;34;19m▄[38;2;139;58;30m[48;2;91;33;16m▄[38;2;145;62;32m[48;2;116;45;22m▄[38;2;90;34;17m[48;2;144;62;34m▄[38;2;36;9;5m[48;2;101;43;23m▄[38;2;59;20;9m[48;2;54;18;6m▄[38;2;106;48;26m[48;2;89;31;16m▄[0m
