[38;2;225;173;97m[48;2;215;161;89m▄[38;2;255;214;124m[48;2;247;195;115m▄[38;2;249;196;110m[48;2;226;177;104m▄[38;2;249;196;110m[48;2;226;177;104m▄[38;2;252;199;112m[48;2;226;179;102m▄[38;2;253;201;110m[48;2;229;179;100m▄[38;2;255;203;110m[48;2;229;181;98m▄[38;2;255;205;113m[48;2;231;183;100m▄[38;2;255;209;116m[48;2;235;187;102m▄[38;2;255;205;111m[48;2;247;197;110m▄[38;2;193;135;68m[48;2;200;148;79m▄[38;2;161;105;54m[48;2;137;86;36m▄[38;2;158;101;45m[48;2;148;100;54m▄[38;2;163;103;46m[48;2;148;96;54m▄[38;2;180;117;48m[48;2;154;100;44m▄[38;2;182;123;57m[48;2;121;77;30m▄[38;2;158;114;62m[48;2;98;67;40m▄[38;2;132;98;62m[48;2;92;67;52m▄[38;2;148;119;86m[48;2;110;83;67m▄[38;2;147;107;67m[48;2;133;102;75m▄[38;2;158;106;58m[48;2;135;102;69m▄[38;2;201;145;85m[48;2;142;104;69m▄[38;2;181;129;73m[48;2;148;113;77m▄[38;2;139;97;57m[48;2;158;121;83m▄[38;2;132;96;65m[48;2;146;106;67m▄[38;2;124;88;51m[48;2;115;79;36m▄[38;2;126;85;45m[48;2;125;86;40m▄[38;2;130;85;39m[48;2;148;108;57m▄[38;2;170;128;67m[48;2;112;73;27m▄[38;2;247;193;103m[48;2;191;142;73m▄[38;2;209;165;95m[48;2;235;202;137m▄[38;2;73;98;139m[48;2;69;98;131m▄[38;2;43;98;185m[48;2;34;86;166m▄[38;2;55;111;185m[48;2;52;102;173m▄[38;2;79;133;193m[48;2;65;115;181m▄[38;2;149;195;236m[48;2;71;125;189m▄[38;2;151;195;223m[48;2;79;131;191m▄[38;2;167;204;224m[48;2;98;146;197m▄[38;2;204;231;245m[48;2;88;139;183m▄[38;2;208;235;243m[48;2;115;160;195m▄[38;2;211;236;238m[48;2;150;183;202m▄[38;2;238;255;255m[48;2;175;200;210m▄[38;2;227;249;255m[48;2;154;195;216m▄[38;2;237;255;255m[48;2;156;195;227m▄[38;2;255;255;255m[48;2;222;239;247m▄[38;2;255;255;255m[48;2;249;253;253m▄[38;2;255;255;255m[48;2;253;253;253m▄[38;2;255;255;255m[48;2;253;253;253m▄[38;2;255;255;255m[48;2;253;254;254m▄[38;2;255;255;255m[48;2;253;253;254m▄[38;2;255;255;255m[48;2;247;253;254m▄[38;2;255;255;255m[48;2;247;254;254m▄[38;2;228;249;255m[48;2;179;214;233m▄[38;2;180;216;238m[48;2;79;135;189m▄[38;2;188;221;231m[48;2;137;181;206m▄[38;2;168;207;227m[48;2;193;224;237m▄[38;2;133;183;216m[48;2;81;133;183m▄[38;2;112;166;210m[48;2;59;117;177m▄[38;2;78;134;199m[48;2;71;121;183m▄[38;2;79;139;218m[48;2;75;127;200m▄[0m
[38;2;240;193;118m[48;2;236;183;110m▄[38;2;255;208;120m[48;2;252;202;118m▄[38;2;239;193;107m[48;2;235;186;103m▄[38;2;238;195;108m[48;2;237;188;102m▄[38;2;241;198;110m[48;2;240;191;107m▄[38;2;245;199;111m[48;2;242;192;107m▄[38;2;244;199;109m[48;2;240;194;106m▄[38;2;244;204;108m[48;2;243;198;109m▄[38;2;246;206;113m[48;2;247;202;112m▄[38;2;247;209;119m[48;2;236;188;103m▄[38;2;219;182;100m[48;2;171;118;61m▄[38;2;140;96;47m[48;2;146;95;56m▄[38;2;132;86;48m[48;2;135;86;39m▄[38;2;149;99;51m[48;2;153;96;43m▄[38;2;151;101;44m[48;2;169;110;46m▄[38;2;165;106;50m[48;2;195;132;63m▄[38;2;196;133;73m[48;2;209;148;79m▄[38;2;203;140;78m[48;2;202;145;85m▄[38;2;164;111;65m[48;2;187;130;74m▄[38;2;148;104;67m[48;2;184;122;60m▄[38;2;173;128;84m[48;2;198;136;64m▄[38;2;191;141;90m[48;2;243;184;104m▄[38;2;172;113;59m[48;2;177;116;55m▄[38;2;163;104;46m[48;2;117;79;41m▄[38;2;152;101;42m[48;2;99;77;52m▄[38;2;142;98;49m[48;2;115;87;62m▄[38;2;124;85;39m[48;2;112;75;40m▄[38;2;230;193;109m[48;2;149;108;53m▄[38;2;247;203;106m[48;2;243;199;113m▄[38;2;233;178;88m[48;2;230;167;80m▄[38;2;183;137;78m[48;2;156;101;43m▄[38;2;66;89;129m[48;2;62;83;125m▄[38;2;37;90;171m[48;2;42;93;175m▄[38;2;56;105;170m[48;2;55;104;170m▄[38;2;135;172;210m[48;2;105;147;193m▄[38;2;224;243;245m[48;2;207;234;241m▄[38;2;176;210;217m[48;2;186;220;224m▄[38;2;166;219;234m[48;2;160;203;221m▄[38;2;158;215;244m[48;2;198;232;245m▄[38;2;167;218;243m[48;2;198;232;247m▄[38;2;180;226;242m[48;2;194;233;246m▄[38;2;190;233;245m[48;2;205;240;248m▄[38;2;216;241;248m[48;2;230;250;254m▄[38;2;240;254;254m[48;2;245;255;255m▄[38;2;243;254;253m[48;2;252;254;254m▄[38;2;243;253;253m[48;2;253;254;254m▄[38;2;248;252;254m[48;2;255;255;255m▄[38;2;248;252;253m[48;2;255;254;255m▄[38;2;247;252;254m[48;2;255;254;254m▄[38;2;253;254;255m[48;2;255;255;255m▄[38;2;253;253;254m[48;2;255;255;255m▄[38;2;251;253;255m[48;2;255;255;254m▄[38;2;250;254;254m[48;2;255;255;254m▄[38;2;242;254;254m[48;2;244;255;252m▄[38;2;236;250;250m[48;2;214;230;229m▄[38;2;210;228;232m[48;2;150;183;207m▄[38;2;151;186;206m[48;2;108;153;191m▄[38;2;87;137;187m[48;2;132;177;207m▄[38;2;83;136;191m[48;2;87;139;189m▄[38;2;78;135;195m[48;2;77;133;200m▄[0m
[38;2;241;204;116m[48;2;240;200;114m▄[38;2;255;217;123m[48;2;255;213;119m▄[38;2;239;199;108m[48;2;239;196;108m▄[38;2;241;204;110m[48;2;238;198;110m▄[38;2;245;208;112m[48;2;241;200;111m▄[38;2;245;211;113m[48;2;245;202;112m▄[38;2;245;216;115m[48;2;245;205;113m▄[38;2;250;219;117m[48;2;246;210;114m▄[38;2;247;222;118m[48;2;246;212;118m▄[38;2;251;232;125m[48;2;248;221;122m▄[38;2;230;203;109m[48;2;242;211;115m▄[38;2;133;86;37m[48;2;144;94;41m▄[38;2;139;92;48m[48;2;134;86;44m▄[38;2;134;91;46m[48;2;139;96;48m▄[38;2;193;146;108m[48;2;197;158;113m▄[38;2;229;179;141m[48;2;189;145;103m▄[38;2;204;149;106m[48;2;160;112;67m▄[38;2;221;178;132m[48;2;239;219;167m▄[38;2;203;151;101m[48;2;215;182;131m▄[38;2;202;147;90m[48;2;162;109;60m▄[38;2;198;141;86m[48;2;151;104;57m▄[38;2;151;103;53m[48;2;129;87;42m▄[38;2;145;97;44m[48;2;155;106;55m▄[38;2;159;108;52m[48;2;186;126;56m▄[38;2;129;83;35m[48;2;171;112;47m▄[38;2;171;139;71m[48;2;134;83;28m▄[38;2;248;217;114m[48;2;190;153;79m▄[38;2;247;206;102m[48;2;250;212;115m▄[38;2;246;201;101m[48;2;241;194;100m▄[38;2;246;201;96m[48;2;244;197;100m▄[38;2;230;203;127m[48;2;230;202;132m▄[38;2;66;90;126m[48;2;65;91;130m▄[38;2;43;92;172m[48;2;37;88;167m▄[38;2;69;120;185m[48;2;66;115;180m▄[38;2;96;144;196m[48;2;103;147;197m▄[38;2;109;154;196m[48;2;174;203;215m▄[38;2;170;202;221m[48;2;179;205;214m▄[38;2;210;228;228m[48;2;171;213;225m▄[38;2;179;218;227m[48;2;151;213;240m▄[38;2;161;214;240m[48;2;162;219;246m▄[38;2;148;206;238m[48;2;168;220;237m▄[38;2;174;224;241m[48;2;174;222;239m▄[38;2;204;238;247m[48;2;211;241;248m▄[38;2;217;245;250m[48;2;229;252;250m▄[38;2;214;244;251m[48;2;230;251;252m▄[38;2;207;237;245m[48;2;226;249;250m▄[38;2;219;245;250m[48;2;233;251;252m▄[38;2;226;246;251m[48;2;235;251;252m▄[38;2;216;240;243m[48;2;232;250;251m▄[38;2;219;246;246m[48;2;240;252;252m▄[38;2;230;250;250m[48;2;246;254;255m▄[38;2;236;255;253m[48;2;237;253;254m▄[38;2;219;247;248m[48;2;230;251;252m▄[38;2;208;239;244m[48;2;236;253;253m▄[38;2;218;245;246m[48;2;232;252;252m▄[38;2;233;245;247m[48;2;188;214;222m▄[38;2;244;254;252m[48;2;211;231;232m▄[38;2;149;186;216m[48;2;172;206;229m▄[38;2;74;126;186m[48;2;86;137;187m▄[38;2;75;131;198m[48;2;73;129;196m▄[0m
[38;2;247;208;121m[48;2;245;204;116m▄[38;2;255;223;127m[48;2;255;219;125m▄[38;2;246;210;120m[48;2;243;203;113m▄[38;2;245;212;119m[48;2;249;212;114m▄[38;2;246;215;117m[48;2;248;214;114m▄[38;2;247;223;123m[48;2;244;217;116m▄[38;2;247;224;124m[48;2;247;223;120m▄[38;2;248;227;125m[48;2;250;224;121m▄[38;2;249;232;127m[48;2;250;228;124m▄[38;2;255;246;138m[48;2;255;239;132m▄[38;2;192;156;85m[48;2;216;189;102m▄[38;2;131;81;41m[48;2;123;78;35m▄[38;2;147;102;59m[48;2;135;88;46m▄[38;2;135;89;46m[48;2;144;99;51m▄[38;2;166;118;70m[48;2;145;100;56m▄[38;2;169;122;70m[48;2;144;99;57m▄[38;2;168;123;73m[48;2;156;109;70m▄[38;2;177;133;89m[48;2;172;115;73m▄[38;2;202;144;91m[48;2;194;130;74m▄[38;2;201;146;88m[48;2;211;156;96m▄[38;2;191;140;90m[48;2;195;141;88m▄[38;2;190;137;83m[48;2;173;122;68m▄[38;2;181;126;67m[48;2;146;103;50m▄[38;2;201;170;87m[48;2;135;97;41m▄[38;2;255;245;129m[48;2;194;169;86m▄[38;2;251;222;99m[48;2;255;229;117m▄[38;2;250;217;101m[48;2;251;217;106m▄[38;2;248;212;99m[48;2;247;209;102m▄[38;2;245;206;100m[48;2;246;203;102m▄[38;2;249;206;99m[48;2;249;204;100m▄[38;2;234;210;131m[48;2;233;206;130m▄[38;2;70;98;129m[48;2;68;93;126m▄[38;2;40;90;164m[48;2;40;91;165m▄[38;2;72;124;181m[48;2;59;113;177m▄[38;2;112;153;187m[48;2;98;149;187m▄[38;2;148;177;194m[48;2;125;172;200m▄[38;2;182;212;219m[48;2;115;160;194m▄[38;2;169;205;219m[48;2;182;208;216m▄[38;2;94;149;190m[48;2;201;223;230m▄[38;2;137;185;218m[48;2;176;213;225m▄[38;2;150;207;231m[48;2;159;213;235m▄[38;2;147;206;239m[48;2;168;219;244m▄[38;2;185;228;249m[48;2;199;236;250m▄[38;2;188;228;246m[48;2;205;239;249m▄[38;2;183;226;244m[48;2;201;237;251m▄[38;2;173;222;242m[48;2;190;229;244m▄[38;2;199;235;249m[48;2;207;241;249m▄[38;2;204;241;247m[48;2;216;244;246m▄[38;2;189;233;241m[48;2;203;234;239m▄[38;2;185;229;244m[48;2;203;237;246m▄[38;2;191;232;243m[48;2;208;240;242m▄[38;2;202;236;246m[48;2;222;251;249m▄[38;2;217;246;249m[48;2;215;247;249m▄[38;2;221;240;238m[48;2;202;236;243m▄[38;2;223;239;242m[48;2;204;233;237m▄[38;2;173;203;222m[48;2;219;235;239m▄[38;2;151;191;217m[48;2;219;237;241m▄[38;2;120;167;210m[48;2;143;181;212m▄[38;2;83;129;190m[48;2;78;129;187m▄[38;2;81;133;199m[48;2;72;129;198m▄[0m
[38;2;247;211;121m[48;2;245;208;127m▄[38;2;255;227;132m[48;2;255;225;132m▄[38;2;251;218;126m[48;2;247;211;121m▄[38;2;252;228;128m[48;2;246;216;118m▄[38;2;254;236;132m[48;2;248;222;119m▄[38;2;253;235;131m[48;2;247;224;121m▄[38;2;251;233;132m[48;2;249;227;124m▄[38;2;244;226;128m[48;2;251;234;128m▄[38;2;232;215;118m[48;2;255;246;135m▄[38;2;195;163;83m[48;2;255;244;137m▄[38;2;139;89;38m[48;2;156;115;54m▄[38;2;153;104;55m[48;2;144;91;48m▄[38;2;155;110;59m[48;2;149;101;56m▄[38;2;158;109;65m[48;2;166;118;73m▄[38;2;192;140;90m[48;2;249;201;139m▄[38;2;230;178;116m[48;2;243;195;126m▄[38;2;224;172;109m[48;2;243;193;121m▄[38;2;225;172;108m[48;2;235;183;112m▄[38;2;223;168;108m[48;2;225;172;106m▄[38;2;216;161;99m[48;2;213;160;100m▄[38;2;218;162;100m[48;2;213;159;99m▄[38;2;222;162;102m[48;2;219;160;99m▄[38;2;228;165;103m[48;2;216;149;90m▄[38;2;218;154;92m[48;2;185;135;67m▄[38;2;198;156;78m[48;2;236;218;110m▄[38;2;214;180;92m[48;2;255;240;115m▄[38;2;206;166;80m[48;2;254;229;109m▄[38;2;203;160;77m[48;2;254;226;110m▄[38;2;211;168;82m[48;2;252;220;106m▄[38;2;238;204;100m[48;2;249;212;99m▄[38;2;238;220;142m[48;2;233;210;131m▄[38;2;83;111;140m[48;2;78;107;138m▄[38;2;52;103;173m[48;2;43;93;166m▄[38;2;77;124;187m[48;2;73;119;176m▄[38;2;168;201;230m[48;2;193;216;232m▄[38;2;203;230;238m[48;2;255;255;255m▄[38;2;164;196;211m[48;2;153;191;204m▄[38;2;184;213;221m[48;2;171;206;219m▄[38;2;172;202;213m[48;2;176;205;217m▄[38;2;185;210;218m[48;2;167;197;207m▄[38;2;224;240;243m[48;2;183;217;229m▄[38;2;227;245;248m[48;2;184;222;235m▄[38;2;207;234;248m[48;2;199;232;243m▄[38;2;207;235;247m[48;2;197;229;239m▄[38;2;183;221;240m[48;2;181;227;239m▄[38;2;185;228;246m[48;2;169;220;242m▄[38;2;217;250;255m[48;2;197;235;248m▄[38;2;226;247;252m[48;2;206;241;249m▄[38;2;219;240;242m[48;2;197;235;244m▄[38;2;228;246;248m[48;2;196;230;242m▄[38;2;246;255;255m[48;2;203;236;245m▄[38;2;188;220;237m[48;2;197;227;236m▄[38;2;150;193;223m[48;2;226;241;245m▄[38;2;218;240;248m[48;2;234;243;244m▄[38;2;215;232;237m[48;2;178;206;221m▄[38;2;193;220;230m[48;2;123;169;199m▄[38;2;156;184;195m[48;2;144;184;206m▄[38;2;190;213;217m[48;2;126;165;201m▄[38;2;208;228;234m[48;2;117;151;186m▄[38;2;201;226;242m[48;2;155;194;217m▄[0m
[38;2;185;125;58m[48;2;245;213;127m▄[38;2;202;129;54m[48;2;246;218;129m▄[38;2;188;115;44m[48;2;226;191;107m▄[38;2;193;117;45m[48;2;217;179;96m▄[38;2;193;117;46m[48;2;205;161;84m▄[38;2;185;108;42m[48;2;201;151;72m▄[38;2;180;103;36m[48;2;192;135;63m▄[38;2;192;118;47m[48;2;177;113;48m▄[38;2;190;118;51m[48;2;156;89;30m▄[38;2;190;120;54m[48;2;146;81;32m▄[38;2;189;124;54m[48;2;163;103;52m▄[38;2;192;126;58m[48;2;169;118;63m▄[38;2;175;116;56m[48;2;153;105;56m▄[38;2;177;125;66m[48;2;164;120;67m▄[38;2;155;99;47m[48;2;137;90;48m▄[38;2;180;121;74m[48;2;213;156;100m▄[38;2;211;157;99m[48;2;231;176;107m▄[38;2;215;158;100m[48;2;217;164;104m▄[38;2;222;165;105m[48;2;213;161;102m▄[38;2;221;163;103m[48;2;219;164;102m▄[38;2;225;166;100m[48;2;214;158;94m▄[38;2;230;171;104m[48;2;218;160;95m▄[38;2;229;169;107m[48;2;218;161;100m▄[38;2;189;131;73m[48;2;205;148;94m▄[38;2;174;123;61m[48;2;177;118;60m▄[38;2;170;117;52m[48;2;166;101;37m▄[38;2;192;129;61m[48;2;179;108;45m▄[38;2;197;130;60m[48;2;179;107;46m▄[38;2;192;124;57m[48;2;172;103;44m▄[38;2;181;112;45m[48;2;166;111;42m▄[38;2;161;122;69m[48;2;211;185;121m▄[38;2;81;107;143m[48;2;90;120;152m▄[38;2;77;124;189m[48;2;61;101;159m▄[38;2;59;75;110m[48;2;74;90;123m▄[38;2;79;95;126m[48;2;73;84;107m▄[38;2;60;73;101m[48;2;82;98;118m▄[38;2;115;137;162m[48;2;128;137;150m▄[38;2;90;99;112m[48;2;164;169;178m▄[38;2;101;108;117m[48;2;163;170;169m▄[38;2;151;153;153m[48;2;145;159;168m▄[38;2;155;159;160m[48;2;150;158;162m▄[38;2;138;143;148m[48;2;179;187;188m▄[38;2;128;131;136m[48;2;121;132;142m▄[38;2;128;136;148m[48;2;155;175;193m▄[38;2;91;95;98m[48;2;108;128;143m▄[38;2;152;154;157m[48;2;160;172;178m▄[38;2;135;136;140m[48;2;174;182;185m▄[38;2;120;122;121m[48;2;122;124;127m▄[38;2;169;182;185m[48;2;170;178;183m▄[38;2;214;231;234m[48;2;219;234;238m▄[38;2;106;112;119m[48;2;137;141;143m▄[38;2;155;162;169m[48;2;172;188;199m▄[38;2;114;116;117m[48;2;129;146;158m▄[38;2;139;147;150m[48;2;170;184;189m▄[38;2;229;241;245m[48;2;216;239;244m▄[38;2;97;94;93m[48;2;185;193;195m▄[38;2;86;83;86m[48;2;167;171;174m▄[38;2;102;110;129m[48;2;143;161;172m▄[38;2;76;82;102m[48;2;115;134;151m▄[38;2;92;117;152m[48;2;130;161;194m▄[0m
[38;2;208;151;84m[48;2;196;136;73m▄[38;2;156;120;87m[48;2;170;120;78m▄[38;2;80;70;68m[48;2;164;123;85m▄[38;2;92;77;73m[48;2;149;112;74m▄[38;2;101;83;74m[48;2;162;122;82m▄[38;2;113;91;76m[48;2;120;86;63m▄[38;2;115;93;79m[48;2;144;101;65m▄[38;2;125;102;83m[48;2;187;134;74m▄[38;2;120;101;93m[48;2;179;130;80m▄[38;2;96;84;79m[48;2;174;127;74m▄[38;2;126;107;93m[48;2;172;127;80m▄[38;2;110;84;70m[48;2;166;116;74m▄[38;2;233;177;124m[48;2;220;162;102m▄[38;2;136;110;90m[48;2;163;122;92m▄[38;2;116;103;101m[48;2;143;113;91m▄[38;2;117;95;79m[48;2;101;76;60m▄[38;2;221;174;114m[48;2;179;138;98m▄[38;2;157;125;90m[48;2;144;111;77m▄[38;2;98;80;69m[48;2;146;112;78m▄[38;2;155;123;96m[48;2;176;130;93m▄[38;2;89;74;68m[48;2;190;146;98m▄[38;2;104;88;75m[48;2;183;138;94m▄[38;2;93;77;67m[48;2;170;120;79m▄[38;2;87;76;71m[48;2;166;117;74m▄[38;2;134;106;82m[48;2;161;119;70m▄[38;2;201;149;92m[48;2;181;130;75m▄[38;2;190;132;76m[48;2;179;118;64m▄[38;2;161;107;51m[48;2;177;116;53m▄[38;2;167;114;55m[48;2;186;123;57m▄[38;2;182;120;58m[48;2;189;123;54m▄[38;2;164;121;73m[48;2;163;123;70m▄[38;2;77;107;143m[48;2;75;102;137m▄[38;2;67;113;173m[48;2;66;123;187m▄[38;2;51;66;103m[48;2;85;140;200m▄[38;2;82;107;145m[48;2;91;145;207m▄[38;2;70;90;123m[48;2;93;151;209m▄[38;2;76;105;143m[48;2;91;148;204m▄[38;2;106;158;206m[48;2;96;146;197m▄[38;2;56;74;101m[48;2;112;160;204m▄[38;2;97;110;131m[48;2;169;204;228m▄[38;2;83;92;106m[48;2;196;225;235m▄[38;2;133;148;164m[48;2;199;232;249m▄[38;2;101;114;127m[48;2;178;217;243m▄[38;2;136;153;167m[48;2;143;186;218m▄[38;2;121;127;136m[48;2;198;229;244m▄[38;2;131;138;145m[48;2;201;229;236m▄[38;2;151;161;164m[48;2;213;237;245m▄[38;2;158;162;167m[48;2;226;246;255m▄[38;2;143;148;155m[48;2;207;233;242m▄[38;2;118;127;132m[48;2;201;232;241m▄[38;2;155;167;172m[48;2;192;230;246m▄[38;2;148;155;159m[48;2;211;243;255m▄[38;2;142;150;155m[48;2;207;240;255m▄[38;2;171;201;224m[48;2;208;239;255m▄[38;2;141;188;225m[48;2;198;223;238m▄[38;2;142;188;229m[48;2;152;175;190m▄[38;2;121;164;208m[48;2;119;143;174m▄[38;2;98;138;186m[48;2;109;146;192m▄[38;2;93;140;190m[48;2;90;140;191m▄[38;2;87;140;201m[48;2;79;137;198m▄[0m
[38;2;183;142;75m[48;2;168;120;58m▄[38;2;203;154;83m[48;2;179;124;64m▄[38;2;194;145;77m[48;2;154;105;55m▄[38;2;202;150;78m[48;2;172;117;62m▄[38;2;208;158;82m[48;2;179;119;63m▄[38;2;138;95;42m[48;2;191;131;71m▄[38;2;122;77;37m[48;2;202;143;82m▄[38;2;146;98;44m[48;2;200;145;86m▄[38;2;149;102;47m[48;2;209;152;92m▄[38;2;152;107;60m[48;2;221;163;102m▄[38;2;157;114;70m[48;2;218;159;98m▄[38;2;156;111;69m[48;2;203;147;93m▄[38;2;152;104;60m[48;2;217;160;104m▄[38;2;175;121;64m[48;2;216;162;105m▄[38;2;186;132;72m[48;2;213;160;103m▄[38;2;154;111;62m[48;2;214;157;98m▄[38;2;144;105;62m[48;2;216;158;88m▄[38;2;160;119;66m[48;2;211;152;85m▄[38;2;181;131;70m[48;2;202;145;82m▄[38;2;160;107;53m[48;2;207;150;82m▄[38;2;149;100;45m[48;2;200;145;80m▄[38;2;140;95;38m[48;2;208;153;83m▄[38;2;177;126;53m[48;2;185;128;68m▄[38;2;212;159;83m[48;2;159;114;71m▄[38;2;202;151;81m[48;2;174;127;82m▄[38;2;201;151;83m[48;2;178;124;77m▄[38;2;199;150;81m[48;2;180;126;72m▄[38;2;197;149;78m[48;2;172;120;64m▄[38;2;191;144;73m[48;2;154;107;51m▄[38;2;183;141;68m[48;2;159;106;49m▄[38;2;191;151;84m[48;2;161;120;70m▄[38;2;229;227;222m[48;2;86;107;138m▄[38;2;232;237;241m[48;2;74;117;174m▄[38;2;236;243;247m[48;2;67;86;122m▄[38;2;237;243;247m[48;2;89;107;141m▄[38;2;240;245;249m[48;2;83;94;119m▄[38;2;239;245;249m[48;2;86;110;139m▄[38;2;234;237;241m[48;2;120;159;202m▄[38;2;243;247;251m[48;2;98;115;141m▄[38;2;242;246;249m[48;2;129;147;170m▄[38;2;247;251;254m[48;2;123;137;152m▄[38;2;248;252;255m[48;2;136;146;156m▄[38;2;246;251;254m[48;2;116;121;128m▄[38;2;250;254;255m[48;2;151;158;167m▄[38;2;255;255;255m[48;2;122;127;133m▄[38;2;248;253;255m[48;2;145;153;159m▄[38;2;248;252;254m[48;2;150;159;164m▄[38;2;254;255;255m[48;2;147;156;159m▄[38;2;250;254;255m[48;2;162;172;178m▄[38;2;253;255;255m[48;2;125;129;134m▄[38;2;251;254;255m[48;2;164;168;175m▄[38;2;247;251;254m[48;2;149;157;163m▄[38;2;248;253;255m[48;2;136;148;157m▄[38;2;243;246;249m[48;2;142;171;197m▄[38;2;242;243;246m[48;2;132;168;209m▄[38;2;240;242;245m[48;2;130;166;206m▄[38;2;240;242;244m[48;2;126;163;199m▄[38;2;239;242;244m[48;2;107;146;185m▄[38;2;236;239;242m[48;2;103;139;184m▄[38;2;237;240;243m[48;2;106;149;198m▄[0m
[38;2;208;159;91m[48;2;204;157;88m▄[38;2;227;172;98m[48;2;222;172;97m▄[38;2;209;161;87m[48;2;208;159;88m▄[38;2;213;167;90m[48;2;212;164;88m▄[38;2;224;174;93m[48;2;222;176;95m▄[38;2;173;128;65m[48;2;139;99;52m▄[38;2;121;75;28m[48;2;109;66;30m▄[38;2;152;93;39m[48;2;123;78;31m▄[38;2;167;108;46m[48;2;118;84;50m▄[38;2;174;119;57m[48;2;95;70;44m▄[38;2;178;124;59m[48;2;104;79;51m▄[38;2;166;114;57m[48;2;137;98;59m▄[38;2;145;100;56m[48;2;143;87;37m▄[38;2;158;115;70m[48;2;182;120;58m▄[38;2;162;118;72m[48;2;201;140;72m▄[38;2;152;104;55m[48;2;150;97;43m▄[38;2;173;120;63m[48;2;135;96;59m▄[38;2;165;115;62m[48;2;108;84;54m▄[38;2;142;97;52m[48;2;114;85;49m▄[38;2;143;96;51m[48;2;130;91;51m▄[38;2;138;88;40m[48;2;135;92;45m▄[38;2;149;105;58m[48;2;113;71;31m▄[38;2;224;180;102m[48;2;192;147;80m▄[38;2;223;169;89m[48;2;223;174;95m▄[38;2;222;162;86m[48;2;214;164;84m▄[38;2;220;164;87m[48;2;211;161;80m▄[38;2;215;165;84m[48;2;208;159;83m▄[38;2;211;160;83m[48;2;204;156;80m▄[38;2;207;158;79m[48;2;204;158;81m▄[38;2;207;157;72m[48;2;201;155;76m▄[38;2;211;166;88m[48;2;208;164;87m▄[38;2;251;247;240m[48;2;255;253;244m▄[38;2;255;255;255m[48;2;255;255;255m▄[38;2;255;255;255m[48;2;255;255;255m▄[38;2;255;255;255m[48;2;255;255;255m▄[38;2;255;255;255m[48;2;255;255;255m▄[38;2;255;255;255m[48;2;255;255;255m▄[38;2;255;255;255m[48;2;255;255;255m▄[38;2;255;255;255m[48;2;255;255;255m▄[38;2;255;255;255m[48;2;255;255;255m▄[38;2;255;255;255m[48;2;255;255;255m▄[38;2;255;255;255m[48;2;255;255;255m▄[38;2;255;255;255m[48;2;255;255;255m▄[38;2;255;255;255m[48;2;255;255;255m▄[38;2;255;255;255m[48;2;255;255;255m▄[38;2;255;255;255m[48;2;255;255;255m▄[38;2;255;255;255m[48;2;255;255;255m▄[38;2;255;255;255m[48;2;255;255;255m▄[38;2;255;255;255m[48;2;255;255;255m▄[38;2;255;255;255m[48;2;255;255;255m▄[38;2;255;255;255m[48;2;255;255;255m▄[38;2;255;255;255m[48;2;255;255;255m▄[38;2;255;255;255m[48;2;255;255;255m▄[38;2;255;255;255m[48;2;255;255;255m▄[38;2;255;255;255m[48;2;255;255;255m▄[38;2;255;255;255m[48;2;255;255;255m▄[38;2;255;255;255m[48;2;255;255;255m▄[38;2;255;255;255m[48;2;255;255;255m▄[38;2;255;255;255m[48;2;255;255;255m▄[38;2;255;255;255m[48;2;255;255;255m▄[0m
[38;2;219;168;93m[48;2;210;163;91m▄[38;2;238;183;102m[48;2;230;177;100m▄[38;2;220;173;94m[48;2;216;167;92m▄[38;2;231;185;101m[48;2;223;177;97m▄[38;2;200;148;79m[48;2;200;152;80m▄[38;2;124;82;45m[48;2;123;80;33m▄[38;2;118;77;42m[48;2;126;80;33m▄[38;2;132;86;45m[48;2;144;90;39m▄[38;2;139;89;43m[48;2;158;102;48m▄[38;2;145;94;49m[48;2;172;114;52m▄[38;2;143;96;57m[48;2;168;111;50m▄[38;2;146;104;81m[48;2;148;98;48m▄[38;2;159;127;108m[48;2;135;89;49m▄[38;2;185;155;133m[48;2;146;100;57m▄[38;2;172;137;111m[48;2;143;102;54m▄[38;2;156;110;76m[48;2;133;88;46m▄[38;2;152;104;49m[48;2;174;116;59m▄[38;2;164;108;50m[48;2;198;134;63m▄[38;2;162;105;49m[48;2;190;126;56m▄[38;2;153;99;48m[48;2;178;115;50m▄[38;2;141;92;42m[48;2;147;91;34m▄[38;2;140;94;39m[48;2;175;129;63m▄[38;2;217;171;92m[48;2;233;186;102m▄[38;2;236;186;97m[48;2;228;174;91m▄[38;2;231;180;95m[48;2;226;168;88m▄[38;2;227;171;86m[48;2;226;170;88m▄[38;2;228;167;88m[48;2;223;170;84m▄[38;2;231;171;95m[48;2;220;168;82m▄[38;2;211;155;78m[48;2;218;169;86m▄[38;2;205;153;73m[48;2;210;163;78m▄[38;2;225;176;100m[48;2;215;167;91m▄[38;2;253;248;241m[48;2;253;248;241m▄[38;2;255;255;255m[48;2;255;255;255m▄[38;2;255;255;255m[48;2;255;255;255m▄[38;2;255;255;255m[48;2;255;255;255m▄[38;2;255;255;255m[48;2;255;255;255m▄[38;2;255;255;255m[48;2;255;255;255m▄[38;2;255;255;255m[48;2;255;255;255m▄[38;2;255;255;255m[48;2;255;255;255m▄[38;2;255;255;255m[48;2;255;255;255m▄[38;2;255;255;255m[48;2;255;255;255m▄[38;2;255;255;255m[48;2;255;255;255m▄[38;2;255;255;255m[48;2;255;255;255m▄[38;2;255;255;255m[48;2;255;255;255m▄[38;2;255;255;255m[48;2;255;255;255m▄[38;2;255;255;255m[48;2;255;255;255m▄[38;2;255;255;255m[48;2;255;255;255m▄[38;2;255;255;255m[48;2;255;255;255m▄[38;2;255;255;255m[48;2;255;255;255m▄[38;2;255;255;255m[48;2;255;255;255m▄[38;2;255;255;255m[48;2;255;255;255m▄[38;2;255;255;255m[48;2;255;255;255m▄[38;2;255;255;255m[48;2;255;255;255m▄[38;2;255;255;255m[48;2;255;255;255m▄[38;2;255;255;255m[48;2;255;255;255m▄[38;2;255;255;255m[48;2;255;255;255m▄[38;2;255;255;255m[48;2;255;255;255m▄[38;2;255;255;255m[48;2;255;255;255m▄[38;2;255;255;255m[48;2;255;255;255m▄[38;2;255;255;255m[48;2;255;255;255m▄[0m
[38;2;228;180;93m[48;2;226;174;93m▄[38;2;249;197;105m[48;2;245;191;102m▄[38;2;233;185;101m[48;2;226;181;96m▄[38;2;233;186;102m[48;2;232;187;101m▄[38;2;239;197;108m[48;2;223;173;94m▄[38;2;237;189;105m[48;2;154;109;53m▄[38;2;129;85;34m[48;2;116;79;37m▄[38;2;126;84;41m[48;2;133;91;53m▄[38;2;139;92;49m[48;2;135;89;42m▄[38;2;147;102;57m[48;2;144;101;59m▄[38;2;145;101;59m[48;2;140;105;80m▄[38;2;167;119;82m[48;2;149;112;104m▄[38;2;193;139;112m[48;2;160;126;120m▄[38;2;191;140;116m[48;2;165;144;134m▄[38;2;191;139;110m[48;2;157;131;122m▄[38;2;163;115;79m[48;2;141;105;94m▄[38;2;152;106;64m[48;2;142;101;69m▄[38;2;152;106;61m[48;2;148;100;56m▄[38;2;147;104;52m[48;2;149;102;52m▄[38;2;132;89;39m[48;2;138;91;43m▄[38;2;159;117;56m[48;2;132;82;40m▄[38;2;224;182;97m[48;2;170;120;59m▄[38;2;248;202;108m[48;2;235;189;103m▄[38;2;240;195;98m[48;2;239;192;100m▄[38;2;239;193;94m[48;2;236;186;97m▄[38;2;217;159;74m[48;2;224;160;77m▄[38;2;203;149;95m[48;2;215;153;96m▄[38;2;198;139;87m[48;2;212;148;97m▄[38;2;170;107;43m[48;2;149;81;24m▄[38;2;222;173;91m[48;2;191;134;64m▄[38;2;230;185;108m[48;2;232;186;110m▄[38;2;254;249;242m[48;2;253;248;241m▄[38;2;255;255;255m[48;2;255;255;255m▄[38;2;255;255;255m[48;2;255;255;255m▄[38;2;255;255;255m[48;2;255;255;255m▄[38;2;255;255;255m[48;2;255;255;255m▄[38;2;255;255;255m[48;2;255;255;255m▄[38;2;255;255;255m[48;2;255;255;255m▄[38;2;255;255;255m[48;2;255;255;255m▄[38;2;255;255;255m[48;2;255;255;255m▄[38;2;255;255;255m[48;2;255;255;255m▄[38;2;255;255;255m[48;2;255;255;255m▄[38;2;255;255;255m[48;2;255;255;255m▄[38;2;255;255;255m[48;2;255;255;255m▄[38;2;255;255;255m[48;2;255;255;255m▄[38;2;255;255;255m[48;2;255;255;255m▄[38;2;255;255;255m[48;2;255;255;255m▄[38;2;255;255;255m[48;2;255;255;255m▄[38;2;255;255;255m[48;2;255;255;255m▄[38;2;255;255;255m[48;2;255;255;255m▄[38;2;255;255;255m[48;2;255;255;255m▄[38;2;255;255;255m[48;2;255;255;255m▄[38;2;255;255;255m[48;2;255;255;255m▄[38;2;255;255;255m[48;2;255;255;255m▄[38;2;255;255;255m[48;2;255;255;255m▄[38;2;255;255;255m[48;2;255;255;255m▄[38;2;255;255;255m[48;2;255;255;255m▄[38;2;255;255;255m[48;2;255;255;255m▄[38;2;255;255;255m[48;2;255;255;255m▄[38;2;255;255;255m[48;2;255;255;255m▄[0m
[38;2;236;189;105m[48;2;236;187;101m▄[38;2;255;208;117m[48;2;254;202;111m▄[38;2;241;195;105m[48;2;238;191;104m▄[38;2;243;198;104m[48;2;239;194;103m▄[38;2;243;202;108m[48;2;240;199;103m▄[38;2;247;209;109m[48;2;252;206;111m▄[38;2;239;199;103m[48;2;188;144;72m▄[38;2;127;85;35m[48;2;117;74;29m▄[38;2;122;79;36m[48;2;136;89;46m▄[38;2;144;97;52m[48;2;148;100;59m▄[38;2;154;108;63m[48;2;147;101;59m▄[38;2;164;120;73m[48;2;146;106;65m▄[38;2;181;137;94m[48;2;156;119;91m▄[38;2;181;136;95m[48;2;161;120;96m▄[38;2;166;120;71m[48;2;150;108;71m▄[38;2;157;112;61m[48;2;144;103;56m▄[38;2;159;115;58m[48;2;151;107;58m▄[38;2;146;99;49m[48;2;155;106;61m▄[38;2;151;112;53m[48;2;141;94;51m▄[38;2;228;201;107m[48;2;139;97;43m▄[38;2;255;225;112m[48;2;237;200;110m▄[38;2;249;214;102m[48;2;253;216;113m▄[38;2;243;205;94m[48;2;246;204;100m▄[38;2;240;202;99m[48;2;245;203;100m▄[38;2;248;207;100m[48;2;245;201;95m▄[38;2;231;178;85m[48;2;224;169;77m▄[38;2;188;137;72m[48;2;203;151;92m▄[38;2;220;174;111m[48;2;224;165;105m▄[38;2;189;136;67m[48;2;216;160;81m▄[38;2;232;186;94m[48;2;237;190;97m▄[38;2;239;192;110m[48;2;235;187;106m▄[38;2;254;249;242m[48;2;253;249;242m▄[38;2;255;255;255m[48;2;255;255;255m▄[38;2;255;255;255m[48;2;255;255;255m▄[38;2;255;255;255m[48;2;255;255;255m▄[38;2;255;255;255m[48;2;255;255;255m▄[38;2;255;255;255m[48;2;255;255;255m▄[38;2;255;255;255m[48;2;255;255;255m▄[38;2;255;255;255m[48;2;255;255;255m▄[38;2;255;255;255m[48;2;255;255;255m▄[38;2;255;255;255m[48;2;255;255;255m▄[38;2;255;255;255m[48;2;255;255;255m▄[38;2;255;255;255m[48;2;255;255;255m▄[38;2;255;255;255m[48;2;255;255;255m▄[38;2;255;255;255m[48;2;255;255;255m▄[38;2;255;255;255m[48;2;255;255;255m▄[38;2;255;255;255m[48;2;255;255;255m▄[38;2;255;255;255m[48;2;255;255;255m▄[38;2;255;255;255m[48;2;255;255;255m▄[38;2;255;255;255m[48;2;255;255;255m▄[38;2;255;255;255m[48;2;255;255;255m▄[38;2;255;255;255m[48;2;255;255;255m▄[38;2;255;255;255m[48;2;255;255;255m▄[38;2;255;255;255m[48;2;255;255;255m▄[38;2;255;255;255m[48;2;255;255;255m▄[38;2;255;255;255m[48;2;255;255;255m▄[38;2;255;255;255m[48;2;255;255;255m▄[38;2;255;255;255m[48;2;255;255;255m▄[38;2;255;255;255m[48;2;255;255;255m▄[38;2;255;255;255m[48;2;255;255;255m▄[0m
[38;2;234;195;101m[48;2;234;195;103m▄[38;2;254;211;115m[48;2;255;211;116m▄[38;2;239;199;109m[48;2;241;197;110m▄[38;2;244;205;112m[48;2;243;199;110m▄[38;2;248;212;114m[48;2;245;203;112m▄[38;2;255;228;121m[48;2;249;213;113m▄[38;2;240;200;109m[48;2;242;202;108m▄[38;2;133;88;36m[48;2;134;92;40m▄[38;2;144;98;55m[48;2;130;89;44m▄[38;2;155;109;62m[48;2;133;89;43m▄[38;2;140;99;51m[48;2;130;87;47m▄[38;2;139;98;57m[48;2;139;97;57m▄[38;2;146;109;70m[48;2;136;97;54m▄[38;2;146;104;65m[48;2;141;97;56m▄[38;2;139;95;54m[48;2;142;99;59m▄[38;2;144;98;52m[48;2;140;96;52m▄[38;2;140;90;46m[48;2;143;95;49m▄[38;2;136;96;35m[48;2;128;84;34m▄[38;2;245;227;119m[48;2;215;191;100m▄[38;2;243;209;94m[48;2;255;245;123m▄[38;2;229;177;85m[48;2;246;215;94m▄[38;2;235;182;104m[48;2;232;182;77m▄[38;2;231;177;104m[48;2;230;174;89m▄[38;2;226;171;98m[48;2;233;181;100m▄[38;2;233;180;107m[48;2;229;171;90m▄[38;2;223;162;93m[48;2;222;161;82m▄[38;2;218;151;84m[48;2;222;176;103m▄[38;2;202;139;75m[48;2;218;173;110m▄[38;2;211;160;80m[48;2;199;149;77m▄[38;2;246;202;104m[48;2;241;195;101m▄[38;2;245;202;114m[48;2;243;195;112m▄[38;2;254;249;242m[48;2;254;249;242m▄[38;2;255;255;255m[48;2;255;255;255m▄[38;2;255;255;255m[48;2;255;255;255m▄[38;2;255;255;255m[48;2;255;255;255m▄[38;2;255;255;255m[48;2;255;255;255m▄[38;2;255;255;255m[48;2;255;255;255m▄[38;2;255;255;255m[48;2;255;255;255m▄[38;2;255;255;255m[48;2;255;255;255m▄[38;2;255;255;255m[48;2;255;255;255m▄[38;2;255;255;255m[48;2;255;255;255m▄[38;2;255;255;255m[48;2;255;255;255m▄[38;2;255;255;255m[48;2;255;255;255m▄[38;2;255;255;255m[48;2;255;255;255m▄[38;2;255;255;255m[48;2;255;255;255m▄[38;2;255;255;255m[48;2;255;255;255m▄[38;2;255;255;255m[48;2;255;255;255m▄[38;2;255;255;255m[48;2;255;255;255m▄[38;2;255;255;255m[48;2;255;255;255m▄[38;2;255;255;255m[48;2;255;255;255m▄[38;2;255;255;255m[48;2;255;255;255m▄[38;2;255;255;255m[48;2;255;255;255m▄[38;2;255;255;255m[48;2;255;255;255m▄[38;2;255;255;255m[48;2;255;255;255m▄[38;2;255;255;255m[48;2;255;255;255m▄[38;2;255;255;255m[48;2;255;255;255m▄[38;2;255;255;255m[48;2;255;255;255m▄[38;2;255;255;255m[48;2;255;255;255m▄[38;2;255;255;255m[48;2;255;255;255m▄[38;2;255;255;255m[48;2;255;255;255m▄[0m
[38;2;180;125;63m[48;2;243;206;116m▄[38;2;186;130;63m[48;2;255;222;126m▄[38;2;169;112;51m[48;2;243;206;117m▄[38;2;166;106;44m[48;2;241;206;117m▄[38;2;156;99;37m[48;2;236;200;113m▄[38;2;143;85;30m[48;2;227;196;108m▄[38;2;139;79;29m[48;2;182;142;71m▄[38;2;146;92;39m[48;2;133;88;37m▄[38;2;155;103;45m[48;2;152;108;56m▄[38;2;148;101;53m[48;2;158;113;66m▄[38;2;151;111;69m[48;2;162;121;75m▄[38;2;157;115;73m[48;2;164;119;75m▄[38;2;162;116;74m[48;2;165;117;75m▄[38;2;160;115;67m[48;2;163;115;71m▄[38;2;160;112;62m[48;2;161;113;69m▄[38;2;153;99;48m[48;2;153;105;60m▄[38;2;155;106;52m[48;2;143;103;55m▄[38;2;240;214;162m[48;2;211;196;136m▄[38;2;250;221;169m[48;2;244;220;134m▄[38;2;214;159;100m[48;2;218;163;87m▄[38;2;229;175;105m[48;2;236;180;115m▄[38;2;244;196;128m[48;2;235;184;112m▄[38;2;224;173;103m[48;2;243;193;118m▄[38;2;229;171;93m[48;2;241;193;118m▄[38;2;222;159;85m[48;2;214;163;95m▄[38;2;228;169;101m[48;2;218;168;101m▄[38;2;223;167;99m[48;2;225;172;101m▄[38;2;220;165;99m[48;2;219;160;97m▄[38;2;211;154;95m[48;2;208;149;83m▄[38;2;200;142;84m[48;2;208;154;78m▄[38;2;201;148;87m[48;2;229;183;104m▄[38;2;252;247;240m[48;2;255;252;244m▄[38;2;255;255;255m[48;2;255;255;255m▄[38;2;255;255;255m[48;2;255;255;255m▄[38;2;255;255;255m[48;2;255;255;255m▄[38;2;255;255;255m[48;2;255;255;255m▄[38;2;255;255;255m[48;2;255;255;255m▄[38;2;255;255;255m[48;2;255;255;255m▄[38;2;255;255;255m[48;2;255;255;255m▄[38;2;255;255;255m[48;2;255;255;255m▄[38;2;255;255;255m[48;2;255;255;255m▄[38;2;255;255;255m[48;2;255;255;255m▄[38;2;255;255;255m[48;2;255;255;255m▄[38;2;255;255;255m[48;2;255;255;255m▄[38;2;255;255;255m[48;2;255;255;255m▄[38;2;255;255;255m[48;2;255;255;255m▄[38;2;255;255;255m[48;2;255;255;255m▄[38;2;255;255;255m[48;2;255;255;255m▄[38;2;255;255;255m[48;2;255;255;255m▄[38;2;255;255;255m[48;2;255;255;255m▄[38;2;255;255;255m[48;2;255;255;255m▄[38;2;255;255;255m[48;2;255;255;255m▄[38;2;255;255;255m[48;2;255;255;255m▄[38;2;255;255;255m[48;2;255;255;255m▄[38;2;255;255;255m[48;2;255;255;255m▄[38;2;255;255;255m[48;2;255;255;255m▄[38;2;255;255;255m[48;2;255;255;255m▄[38;2;255;255;255m[48;2;255;255;255m▄[38;2;255;255;255m[48;2;255;255;255m▄[38;2;255;255;255m[48;2;255;255;255m▄[0m
[38;2;169;107;46m[48;2;163;97;39m▄[38;2;209;137;62m[48;2;172;103;38m▄[38;2;155;113;72m[48;2;157;96;40m▄[38;2;82;73;70m[48;2;160;100;49m▄[38;2;119;99;85m[48;2;174;113;53m▄[38;2;162;127;97m[48;2;190;126;57m▄[38;2;170;134;95m[48;2;193;129;58m▄[38;2;163;129;102m[48;2;193;132;64m▄[38;2;122;99;82m[48;2;185;125;60m▄[38;2;213;161;115m[48;2;186;125;68m▄[38;2;215;161;112m[48;2;185;125;73m▄[38;2;136;112;92m[48;2;179;121;66m▄[38;2;164;140;113m[48;2;170;118;58m▄[38;2;170;139;110m[48;2;181;126;61m▄[38;2;164;132;102m[48;2;201;136;66m▄[38;2;175;142;104m[48;2;216;146;71m▄[38;2;143;119;98m[48;2;206;137;63m▄[38;2;135;101;81m[48;2;194;122;62m▄[38;2;245;174;103m[48;2;214;151;89m▄[38;2;163;138;111m[48;2;234;193;128m▄[38;2;174;160;138m[48;2;246;205;131m▄[38;2;188;165;135m[48;2;217;155;89m▄[38;2;156;143;117m[48;2;236;181;109m▄[38;2;170;160;141m[48;2;240;196;128m▄[38;2;161;154;140m[48;2;242;197;128m▄[38;2;173;165;147m[48;2;241;192;124m▄[38;2;112;101;94m[48;2;223;176;120m▄[38;2;214;168;121m[48;2;236;189;123m▄[38;2;255;209;147m[48;2;227;173;107m▄[38;2;255;201;132m[48;2;217;159;93m▄[38;2;246;192;121m[48;2;219;164;103m▄[38;2;255;255;255m[48;2;252;246;240m▄[38;2;255;255;255m[48;2;255;255;255m▄[38;2;255;255;255m[48;2;255;255;255m▄[38;2;255;255;255m[48;2;255;255;255m▄[38;2;255;255;255m[48;2;255;255;255m▄[38;2;255;255;255m[48;2;255;255;255m▄[38;2;255;255;255m[48;2;255;255;255m▄[38;2;255;255;255m[48;2;255;255;255m▄[38;2;255;255;255m[48;2;255;255;255m▄[38;2;255;255;255m[48;2;255;255;255m▄[38;2;255;255;255m[48;2;255;255;255m▄[38;2;255;255;255m[48;2;255;255;255m▄[38;2;255;255;255m[48;2;255;255;255m▄[38;2;255;255;255m[48;2;255;255;255m▄[38;2;255;255;255m[48;2;255;255;255m▄[38;2;255;255;255m[48;2;255;255;255m▄[38;2;255;255;255m[48;2;255;255;255m▄[38;2;255;255;255m[48;2;255;255;255m▄[38;2;255;255;255m[48;2;255;255;255m▄[38;2;255;255;255m[48;2;255;255;255m▄[38;2;255;255;255m[48;2;255;255;255m▄[38;2;255;255;255m[48;2;255;255;255m▄[38;2;255;255;255m[48;2;255;255;255m▄[38;2;255;255;255m[48;2;255;255;255m▄[38;2;255;255;255m[48;2;255;255;255m▄[38;2;255;255;255m[48;2;255;255;255m▄[38;2;255;255;255m[48;2;255;255;255m▄[38;2;255;255;255m[48;2;255;255;255m▄[38;2;255;255;255m[48;2;255;255;255m▄[0m
