[38;2;240;228;228m[48;2;251;241;237m▄[38;2;255;255;255m[48;2;254;254;254m▄[38;2;253;246;243m[48;2;245;235;233m▄[38;2;253;247;244m[48;2;241;233;231m▄[38;2;251;245;244m[48;2;235;231;229m▄[38;2;255;253;252m[48;2;229;226;227m▄[38;2;255;255;255m[48;2;237;233;233m▄[38;2;255;251;250m[48;2;239;233;233m▄[38;2;255;251;250m[48;2;241;235;233m▄[38;2;255;250;249m[48;2;243;235;235m▄[38;2;255;249;248m[48;2;245;235;237m▄[38;2;255;249;247m[48;2;239;231;233m▄[38;2;252;245;243m[48;2;218;214;218m▄[38;2;239;234;236m[48;2;206;204;210m▄[38;2;231;228;231m[48;2;206;204;208m▄[38;2;215;213;220m[48;2;179;181;189m▄[38;2;174;177;190m[48;2;125;133;150m▄[38;2;170;174;189m[48;2;121;131;150m▄[38;2;177;180;195m[48;2;129;139;156m▄[38;2;180;183;198m[48;2;131;139;158m▄[38;2;180;183;199m[48;2;129;139;156m▄[38;2;181;184;200m[48;2;127;137;156m▄[38;2;182;186;200m[48;2;131;139;156m▄[38;2;182;185;200m[48;2;129;139;156m▄[38;2;182;185;200m[48;2;129;137;158m▄[38;2;181;184;198m[48;2;123;133;152m▄[38;2;180;184;198m[48;2;119;129;148m▄[38;2;182;185;200m[48;2;119;129;150m▄[38;2;181;184;199m[48;2;121;131;152m▄[38;2;178;181;196m[48;2;123;131;154m▄[38;2;177;180;195m[48;2;121;133;152m▄[38;2;175;178;194m[48;2;119;129;150m▄[38;2;179;182;195m[48;2;119;129;148m▄[38;2;189;191;203m[48;2;127;135;154m▄[38;2;204;204;215m[48;2;141;146;164m▄[38;2;216;215;224m[48;2;156;162;175m▄[38;2;222;221;228m[48;2;166;171;181m▄[38;2;230;229;234m[48;2;179;183;193m▄[38;2;236;234;239m[48;2;191;193;202m▄[38;2;232;230;235m[48;2;198;198;204m▄[38;2;217;216;223m[48;2;193;195;197m▄[38;2;206;206;215m[48;2;185;185;195m▄[38;2;209;208;218m[48;2;181;181;195m▄[38;2;214;213;222m[48;2;187;187;198m▄[38;2;221;219;226m[48;2;195;193;198m▄[38;2;231;228;234m[48;2;200;198;204m▄[38;2;234;231;237m[48;2;202;200;208m▄[38;2;237;234;238m[48;2;200;200;206m▄[38;2;242;239;242m[48;2;208;206;212m▄[38;2;244;242;244m[48;2;212;210;216m▄[38;2;245;243;245m[48;2;214;212;218m▄[38;2;244;242;245m[48;2;214;214;218m▄[38;2;245;243;245m[48;2;214;212;216m▄[38;2;249;246;248m[48;2;216;216;218m▄[38;2;251;248;248m[48;2;222;218;222m▄[38;2;254;249;249m[48;2;226;222;224m▄[38;2;255;248;249m[48;2;227;224;227m▄[38;2;255;248;249m[48;2;227;224;227m▄[38;2;254;247;248m[48;2;227;226;226m▄[38;2;255;255;255m[48;2;247;243;243m▄[0m
[38;2;208;208;210m[48;2;215;211;211m▄[38;2;218;217;219m[48;2;230;226;225m▄[38;2;201;201;203m[48;2;209;208;206m▄[38;2;208;209;207m[48;2;212;211;209m▄[38;2;211;211;210m[48;2;223;218;217m▄[38;2;210;210;210m[48;2;235;230;227m▄[38;2;216;216;217m[48;2;234;228;225m▄[38;2;212;212;211m[48;2;228;221;218m▄[38;2;211;209;209m[48;2;224;217;214m▄[38;2;213;208;209m[48;2;217;210;209m▄[38;2;208;204;207m[48;2;215;208;209m▄[38;2;200;198;202m[48;2;214;210;208m▄[38;2;198;195;201m[48;2;216;212;211m▄[38;2;206;204;209m[48;2;220;217;215m▄[38;2;214;210;215m[48;2;226;222;221m▄[38;2;206;202;209m[48;2;219;215;219m▄[38;2;193;192;201m[48;2;195;194;203m▄[38;2;191;189;199m[48;2;185;184;196m▄[38;2;193;191;202m[48;2;188;187;199m▄[38;2;195;194;203m[48;2;191;190;200m▄[38;2;200;198;204m[48;2;195;193;202m▄[38;2;203;200;206m[48;2;197;195;204m▄[38;2;205;201;207m[48;2;195;194;201m▄[38;2;208;204;209m[48;2;196;195;202m▄[38;2;209;206;211m[48;2;198;197;202m▄[38;2;213;209;215m[48;2;203;202;207m▄[38;2;216;213;218m[48;2;206;204;209m▄[38;2;218;215;220m[48;2;208;206;211m▄[38;2;220;216;220m[48;2;211;209;213m▄[38;2;221;218;222m[48;2;211;210;214m▄[38;2;222;218;223m[48;2;210;208;213m▄[38;2;227;221;225m[48;2;210;207;214m▄[38;2;231;225;227m[48;2;211;208;215m▄[38;2;231;225;229m[48;2;217;215;220m▄[38;2;231;226;227m[48;2;224;221;225m▄[38;2;232;227;227m[48;2;228;224;228m▄[38;2;237;231;230m[48;2;232;229;230m▄[38;2;241;233;232m[48;2;235;233;232m▄[38;2;242;233;233m[48;2;235;231;232m▄[38;2;242;234;233m[48;2;230;226;228m▄[38;2;241;234;233m[48;2;220;217;220m▄[38;2;234;228;228m[48;2;216;214;218m▄[38;2;225;220;222m[48;2;215;212;216m▄[38;2;222;217;220m[48;2;218;215;219m▄[38;2;222;217;222m[48;2;223;220;224m▄[38;2;230;225;227m[48;2;226;222;225m▄[38;2;241;234;233m[48;2;229;225;226m▄[38;2;243;234;233m[48;2;237;232;232m▄[38;2;243;233;232m[48;2;241;234;233m▄[38;2;243;233;232m[48;2;241;232;232m▄[38;2;242;232;231m[48;2;240;231;231m▄[38;2;240;229;228m[48;2;238;230;230m▄[38;2;233;223;223m[48;2;238;230;230m▄[38;2;226;216;217m[48;2;241;233;233m▄[38;2;222;213;214m[48;2;242;232;233m▄[38;2;220;213;213m[48;2;239;230;231m▄[38;2;215;210;210m[48;2;238;228;229m▄[38;2;209;204;205m[48;2;237;227;228m▄[38;2;212;207;207m[48;2;234;225;226m▄[38;2;233;228;228m[48;2;252;242;243m▄[0m
[38;2;206;211;217m[48;2;204;206;210m▄[38;2;218;227;230m[48;2;218;222;226m▄[38;2;197;204;207m[48;2;197;203;206m▄[38;2;203;206;211m[48;2;202;206;210m▄[38;2;202;205;211m[48;2;207;209;212m▄[38;2;204;207;212m[48;2;209;211;215m▄[38;2;207;208;212m[48;2;214;215;218m▄[38;2;210;210;215m[48;2;212;213;215m▄[38;2;208;209;214m[48;2;211;211;213m▄[38;2;204;205;210m[48;2;215;213;213m▄[38;2;206;205;210m[48;2;207;204;206m▄[38;2;205;203;209m[48;2;198;195;200m▄[38;2;202;201;207m[48;2;191;189;196m▄[38;2;194;193;200m[48;2;191;190;197m▄[38;2;190;189;196m[48;2;196;195;202m▄[38;2;191;190;199m[48;2;194;192;201m▄[38;2;194;192;202m[48;2;189;187;199m▄[38;2;200;198;203m[48;2;195;194;203m▄[38;2;206;203;209m[48;2;202;200;207m▄[38;2;213;208;215m[48;2;207;204;209m▄[38;2;213;209;215m[48;2;211;207;213m▄[38;2;212;208;213m[48;2;211;207;213m▄[38;2;213;209;214m[48;2;212;207;213m▄[38;2;215;210;216m[48;2;218;212;219m▄[38;2;216;211;217m[48;2;221;215;222m▄[38;2;215;210;215m[48;2;221;216;221m▄[38;2;217;211;217m[48;2;225;219;223m▄[38;2;224;219;223m[48;2;225;220;224m▄[38;2;229;225;225m[48;2;225;221;224m▄[38;2;231;225;224m[48;2;225;221;222m▄[38;2;235;226;227m[48;2;226;222;222m▄[38;2;237;228;229m[48;2;234;227;228m▄[38;2;242;232;233m[48;2;240;231;230m▄[38;2;242;232;233m[48;2;236;227;228m▄[38;2;240;231;231m[48;2;234;226;226m▄[38;2;241;230;231m[48;2;238;229;229m▄[38;2;239;229;229m[48;2;242;233;232m▄[38;2;239;228;227m[48;2;244;234;233m▄[38;2;235;224;223m[48;2;243;233;231m▄[38;2;229;221;219m[48;2;243;232;232m▄[38;2;228;220;219m[48;2;239;230;231m▄[38;2;227;218;217m[48;2;237;227;228m▄[38;2;227;218;216m[48;2;233;225;226m▄[38;2;226;217;215m[48;2;229;222;223m▄[38;2;235;224;222m[48;2;230;224;224m▄[38;2;232;224;221m[48;2;240;232;231m▄[38;2;222;217;214m[48;2;244;233;232m▄[38;2;209;207;205m[48;2;238;231;229m▄[38;2;201;202;199m[48;2;240;234;231m▄[38;2;202;202;200m[48;2;240;233;231m▄[38;2;190;192;190m[48;2;234;224;222m▄[38;2;169;176;175m[48;2;224;214;211m▄[38;2;154;169;167m[48;2;204;201;201m▄[38;2;133;156;152m[48;2;188;189;189m▄[38;2;124;151;146m[48;2;177;180;180m▄[38;2;118;147;142m[48;2;168;174;173m▄[38;2;123;153;148m[48;2;169;176;175m▄[38;2;130;157;153m[48;2;171;178;179m▄[38;2;137;159;158m[48;2;178;183;185m▄[38;2;160;178;178m[48;2;202;204;207m▄[0m
[38;2;188;199;202m[48;2;193;204;206m▄[38;2;198;211;215m[48;2;204;215;217m▄[38;2;182;193;199m[48;2;189;197;201m▄[38;2;184;191;199m[48;2;188;193;198m▄[38;2;185;191;199m[48;2;189;192;198m▄[38;2;186;195;203m[48;2;192;195;203m▄[38;2;184;194;199m[48;2;195;201;206m▄[38;2;183;195;196m[48;2;192;199;203m▄[38;2;189;198;200m[48;2;196;201;205m▄[38;2;196;203;206m[48;2;199;202;207m▄[38;2;191;197;201m[48;2;211;213;217m▄[38;2;205;210;213m[48;2;225;225;228m▄[38;2;221;221;219m[48;2;216;215;216m▄[38;2;213;211;211m[48;2;200;197;202m▄[38;2;193;190;197m[48;2;192;189;196m▄[38;2;194;192;198m[48;2;193;190;197m▄[38;2;199;197;202m[48;2;203;200;207m▄[38;2;189;186;193m[48;2;205;201;209m▄[38;2;181;180;186m[48;2;202;199;206m▄[38;2;184;183;189m[48;2;200;198;204m▄[38;2;187;185;191m[48;2;200;197;203m▄[38;2;186;184;191m[48;2;200;198;203m▄[38;2;189;187;193m[48;2;200;198;203m▄[38;2;193;192;198m[48;2;204;202;207m▄[38;2;200;198;202m[48;2;211;207;210m▄[38;2;210;208;211m[48;2;210;206;210m▄[38;2;215;213;214m[48;2;211;207;212m▄[38;2;217;213;212m[48;2;220;215;216m▄[38;2;222;215;216m[48;2;231;223;222m▄[38;2;223;215;215m[48;2;238;228;228m▄[38;2;233;222;222m[48;2;240;229;230m▄[38;2;244;230;229m[48;2;235;225;226m▄[38;2;230;218;218m[48;2;235;225;226m▄[38;2;214;207;207m[48;2;239;228;228m▄[38;2;203;198;199m[48;2;234;223;224m▄[38;2;188;188;188m[48;2;227;219;220m▄[38;2;182;185;184m[48;2;219;212;210m▄[38;2;174;182;182m[48;2;216;208;207m▄[38;2;166;179;179m[48;2;212;204;204m▄[38;2;157;173;172m[48;2;205;201;200m▄[38;2;146;166;163m[48;2;206;206;204m▄[38;2;120;145;141m[48;2;206;206;204m▄[38;2;97;131;126m[48;2;188;193;191m▄[38;2;92;130;123m[48;2;178;187;184m▄[38;2;89;131;123m[48;2;145;165;161m▄[38;2;86;127;120m[48;2;139;161;158m▄[38;2;86;128;119m[48;2;126;151;146m▄[38;2;89;132;123m[48;2;114;144;139m▄[38;2;94;136;127m[48;2;112;144;138m▄[38;2;102;144;136m[48;2;121;150;145m▄[38;2;106;148;142m[48;2;129;155;153m▄[38;2;109;151;145m[48;2;135;162;160m▄[38;2;104;149;141m[48;2;126;160;155m▄[38;2;96;146;138m[48;2;114;154;146m▄[38;2;97;147;138m[48;2;104;147;138m▄[38;2;101;150;143m[48;2;103;145;136m▄[38;2;106;155;150m[48;2;103;148;139m▄[38;2;120;167;160m[48;2;99;145;135m▄[38;2;125;169;162m[48;2;100;145;136m▄[38;2;143;191;183m[48;2;127;170;163m▄[0m
[38;2;158;175;175m[48;2;179;193;193m▄[38;2;169;188;188m[48;2;191;207;208m▄[38;2;158;175;175m[48;2;178;191;193m▄[38;2;165;180;181m[48;2;185;195;198m▄[38;2;172;186;187m[48;2;183;193;196m▄[38;2;175;190;190m[48;2;182;194;196m▄[38;2;180;195;195m[48;2;181;193;195m▄[38;2;182;195;196m[48;2;183;195;197m▄[38;2;176;189;190m[48;2;185;196;198m▄[38;2;172;184;186m[48;2;179;192;194m▄[38;2;187;195;195m[48;2;178;187;188m▄[38;2;208;208;207m[48;2;214;212;212m▄[38;2;232;225;222m[48;2;245;235;232m▄[38;2;200;198;196m[48;2;222;215;213m▄[38;2;173;178;180m[48;2;200;199;201m▄[38;2;172;175;179m[48;2;196;194;198m▄[38;2;159;163;167m[48;2;182;180;186m▄[38;2;148;155;159m[48;2;169;170;175m▄[38;2;141;152;154m[48;2;170;173;178m▄[38;2;130;144;145m[48;2;168;171;176m▄[38;2;129;144;145m[48;2;165;168;173m▄[38;2;125;142;142m[48;2;167;170;175m▄[38;2;128;144;144m[48;2;165;168;173m▄[38;2;142;152;154m[48;2;171;171;177m▄[38;2;138;151;152m[48;2;176;177;182m▄[38;2;128;146;146m[48;2;179;181;184m▄[38;2;114;138;136m[48;2;185;186;188m▄[38;2;97;126;122m[48;2;177;179;181m▄[38;2;97;128;123m[48;2;164;171;174m▄[38;2;98;129;123m[48;2;157;166;168m▄[38;2;95;128;124m[48;2;164;172;173m▄[38;2;80;118;114m[48;2;160;170;169m▄[38;2;72;113;109m[48;2;144;159;158m▄[38;2;72;113;109m[48;2;121;144;142m▄[38;2;75;117;111m[48;2;124;147;145m▄[38;2;74;116;109m[48;2;118;142;142m▄[38;2;76;119;112m[48;2;116;143;142m▄[38;2;77;120;114m[48;2;96;128;126m▄[38;2;84;126;120m[48;2;95;130;127m▄[38;2;95;136;129m[48;2;90;127;122m▄[38;2;101;141;135m[48;2;77;117;109m▄[38;2;110;149;144m[48;2;72;116;106m▄[38;2;116;155;150m[48;2;81;125;115m▄[38;2;127;164;158m[48;2;92;136;126m▄[38;2;133;169;163m[48;2;102;146;137m▄[38;2;137;171;169m[48;2;113;154;145m▄[38;2;140;175;173m[48;2;132;168;162m▄[38;2;135;174;171m[48;2;129;166;160m▄[38;2;134;173;171m[48;2;124;164;159m▄[38;2;137;176;174m[48;2;122;164;159m▄[38;2;134;174;172m[48;2;127;167;163m▄[38;2;124;165;163m[48;2;133;173;170m▄[38;2;114;156;151m[48;2;139;177;175m▄[38;2;117;158;154m[48;2;152;189;187m▄[38;2;128;170;165m[48;2;156;192;191m▄[38;2;121;166;161m[48;2;147;186;184m▄[38;2;119;164;161m[48;2;138;179;178m▄[38;2;110;156;153m[48;2;153;191;187m▄[38;2;121;167;162m[48;2;159;197;192m▄[38;2;120;169;160m[48;2;162;205;199m▄[0m
[38;2;89;127;120m[48;2;104;127;125m▄[38;2;97;139;130m[48;2;107;134;131m▄[38;2;90;129;121m[48;2;95;120;117m▄[38;2;89;126;119m[48;2;106;128;126m▄[38;2;87;126;119m[48;2;115;137;135m▄[38;2;93;130;123m[48;2;120;143;141m▄[38;2;91;129;123m[48;2;129;151;149m▄[38;2;90;129;122m[48;2;137;158;157m▄[38;2;100;134;128m[48;2;139;160;158m▄[38;2;93;130;123m[48;2;141;163;161m▄[38;2;88;128;120m[48;2;141;163;161m▄[38;2;81;121;114m[48;2;127;149;148m▄[38;2;92;129;123m[48;2;148;166;165m▄[38;2;128;151;150m[48;2;165;175;176m▄[38;2;98;131;125m[48;2;125;143;143m▄[38;2;72;116;107m[48;2;107;129;127m▄[38;2;79;120;113m[48;2;106;128;126m▄[38;2;78;119;114m[48;2;99;124;121m▄[38;2;87;125;122m[48;2;96;122;119m▄[38;2;89;127;124m[48;2;92;119;115m▄[38;2;92;130;127m[48;2;90;118;114m▄[38;2;97;134;131m[48;2;92;120;116m▄[38;2;92;132;129m[48;2;93;121;117m▄[38;2;82;127;123m[48;2;93;121;117m▄[38;2;83;130;126m[48;2;91;121;116m▄[38;2;88;136;132m[48;2;82;115;110m▄[38;2;97;143;140m[48;2;85;120;115m▄[38;2;102;148;144m[48;2;90;126;120m▄[38;2;105;151;148m[48;2;88;127;121m▄[38;2;108;155;153m[48;2;80;126;120m▄[38;2;110;160;156m[48;2;85;135;128m▄[38;2;114;163;159m[48;2;87;137;131m▄[38;2;122;170;166m[48;2;91;138;132m▄[38;2;125;175;170m[48;2;99;144;141m▄[38;2;123;173;169m[48;2;107;150;147m▄[38;2;120;170;166m[48;2;111;153;151m▄[38;2;115;166;161m[48;2;116;158;156m▄[38;2;103;154;148m[48;2;113;155;153m▄[38;2;94;146;139m[48;2;119;162;161m▄[38;2;91;144;136m[48;2;120;162;158m▄[38;2;89;142;134m[48;2;109;151;146m▄[38;2;90;143;133m[48;2;104;147;140m▄[38;2;90;142;134m[48;2;101;145;138m▄[38;2;87;139;132m[48;2;98;143;136m▄[38;2;84;137;131m[48;2;94;141;135m▄[38;2;84;137;129m[48;2;93;141;136m▄[38;2;83;135;127m[48;2;94;143;136m▄[38;2;80;134;125m[48;2;98;145;140m▄[38;2;80;134;123m[48;2;101;149;143m▄[38;2;81;136;121m[48;2;101;150;142m▄[38;2;82;137;122m[48;2;94;145;136m▄[38;2;82;136;123m[48;2;90;142;131m▄[38;2;82;135;123m[48;2;86;137;125m▄[38;2;83;136;123m[48;2;81;132;121m▄[38;2;82;136;123m[48;2;90;142;130m▄[38;2;82;136;123m[48;2;89;141;129m▄[38;2;82;136;122m[48;2;90;142;131m▄[38;2;83;137;124m[48;2;94;146;135m▄[38;2;87;142;129m[48;2;89;142;130m▄[38;2;99;158;144m[48;2;105;162;149m▄[0m
[38;2;66;107;98m[48;2;82;123;114m▄[38;2;71;115;107m[48;2;86;131;122m▄[38;2;64;105;97m[48;2;78;120;111m▄[38;2;71;109;102m[48;2;79;122;113m▄[38;2;81;116;110m[48;2;87;126;119m▄[38;2;72;109;102m[48;2;92;127;121m▄[38;2;85;117;112m[48;2;73;115;107m▄[38;2;96;123;120m[48;2;70;114;105m▄[38;2;90;121;116m[48;2;88;125;118m▄[38;2;77;113;106m[48;2;93;127;121m▄[38;2;70;113;105m[48;2;84;125;117m▄[38;2;67;117;106m[48;2;81;127;117m▄[38;2;61;114;102m[48;2;84;132;121m▄[38;2;58;111;99m[48;2;78;129;117m▄[38;2;60;109;98m[48;2;75;128;116m▄[38;2;60;109;98m[48;2;78;129;122m▄[38;2;60;110;100m[48;2;81;130;126m▄[38;2;61;111;100m[48;2;82;132;126m▄[38;2;61;113;100m[48;2;81;133;125m▄[38;2;60;114;102m[48;2;84;137;130m▄[38;2;61;113;104m[48;2;88;140;135m▄[38;2;60;112;104m[48;2;89;141;135m▄[38;2;60;111;103m[48;2;89;142;136m▄[38;2;58;109;101m[48;2;93;146;140m▄[38;2;56;108;100m[48;2;92;145;140m▄[38;2;54;106;98m[48;2;89;143;138m▄[38;2;52;103;96m[48;2;87;141;136m▄[38;2;52;102;93m[48;2;87;140;133m▄[38;2;52;102;91m[48;2;88;141;132m▄[38;2;52;101;90m[48;2;86;140;132m▄[38;2;52;100;90m[48;2;83;138;130m▄[38;2;52;102;91m[48;2;82;138;128m▄[38;2;53;102;91m[48;2;82;138;128m▄[38;2;54;103;92m[48;2;80;136;126m▄[38;2;54;102;92m[48;2;78;134;125m▄[38;2;54;101;91m[48;2;77;132;124m▄[38;2;53;101;90m[48;2;75;130;120m▄[38;2;53;101;90m[48;2;73;128;117m▄[38;2;53;102;90m[48;2;71;126;114m▄[38;2;53;102;91m[48;2;72;126;115m▄[38;2;53;102;91m[48;2;74;128;119m▄[38;2;55;101;91m[48;2;74;128;119m▄[38;2;54;101;90m[48;2;73;127;117m▄[38;2;53;103;91m[48;2;71;125;114m▄[38;2;56;105;94m[48;2;70;124;113m▄[38;2;62;109;98m[48;2;71;125;113m▄[38;2;65;110;100m[48;2;71;126;113m▄[38;2;64;110;100m[48;2;69;124;111m▄[38;2;66;111;102m[48;2;69;124;111m▄[38;2;64;109;99m[48;2;69;122;109m▄[38;2;65;111;101m[48;2;68;121;108m▄[38;2;59;108;97m[48;2;68;122;109m▄[38;2;54;106;94m[48;2;70;124;111m▄[38;2;53;107;94m[48;2;71;125;112m▄[38;2;55;107;95m[48;2;71;126;113m▄[38;2;57;107;96m[48;2;73;127;114m▄[38;2;58;110;98m[48;2;72;127;114m▄[38;2;61;112;100m[48;2;75;132;118m▄[38;2;61;111;100m[48;2;77;133;119m▄[38;2;64;120;107m[48;2;82;140;126m▄[0m
[38;2;68;95;89m[48;2;64;96;91m▄[38;2;72;101;96m[48;2;71;105;100m▄[38;2;75;100;97m[48;2;78;109;104m▄[38;2;65;93;89m[48;2;73;105;100m▄[38;2;57;87;83m[48;2;70;104;98m▄[38;2;58;90;85m[48;2;68;104;98m▄[38;2;54;88;82m[48;2;78;109;104m▄[38;2;51;84;78m[48;2;76;105;101m▄[38;2;57;89;83m[48;2;57;96;89m▄[38;2;55;89;83m[48;2;51;95;86m▄[38;2;48;83;77m[48;2;53;97;88m▄[38;2;46;82;76m[48;2;52;96;87m▄[38;2;45;82;75m[48;2;50;95;86m▄[38;2;46;82;75m[48;2;50;95;85m▄[38;2;44;82;75m[48;2;51;93;84m▄[38;2;44;82;75m[48;2;49;91;83m▄[38;2;45;82;75m[48;2;46;89;80m▄[38;2;45;80;74m[48;2;45;88;79m▄[38;2;43;80;73m[48;2;45;89;80m▄[38;2;42;80;73m[48;2;45;89;80m▄[38;2;41;80;72m[48;2;45;88;79m▄[38;2;41;81;73m[48;2;45;87;78m▄[38;2;43;82;75m[48;2;44;87;77m▄[38;2;43;83;75m[48;2;45;88;78m▄[38;2;43;83;75m[48;2;45;87;78m▄[38;2;43;83;76m[48;2;45;87;78m▄[38;2;45;85;77m[48;2;46;88;79m▄[38;2;44;85;77m[48;2;46;88;79m▄[38;2;44;85;76m[48;2;46;88;79m▄[38;2;44;85;77m[48;2;47;89;80m▄[38;2;44;85;77m[48;2;48;90;81m▄[38;2;45;85;77m[48;2;48;89;81m▄[38;2;45;85;77m[48;2;47;89;81m▄[38;2;46;85;78m[48;2;47;91;82m▄[38;2;46;86;78m[48;2;48;91;82m▄[38;2;47;88;80m[48;2;49;91;82m▄[38;2;46;87;79m[48;2;49;91;82m▄[38;2;45;87;78m[48;2;49;92;83m▄[38;2;46;88;79m[48;2;49;93;84m▄[38;2;47;89;80m[48;2;49;94;84m▄[38;2;47;89;81m[48;2;49;94;84m▄[38;2;47;89;81m[48;2;48;95;85m▄[38;2;47;89;81m[48;2;47;93;84m▄[38;2;46;89;80m[48;2;47;91;82m▄[38;2;46;90;80m[48;2;48;92;83m▄[38;2;47;90;81m[48;2;51;94;85m▄[38;2;46;90;81m[48;2;53;96;87m▄[38;2;47;92;82m[48;2;55;99;90m▄[38;2;47;91;82m[48;2;54;98;89m▄[38;2;46;90;81m[48;2;52;98;88m▄[38;2;45;90;80m[48;2;53;102;91m▄[38;2;46;91;81m[48;2;55;105;94m▄[38;2;49;93;84m[48;2;54;105;94m▄[38;2;49;93;84m[48;2;54;106;94m▄[38;2;47;95;84m[48;2;52;104;92m▄[38;2;47;96;85m[48;2;51;103;91m▄[38;2;49;97;87m[48;2;52;103;92m▄[38;2;47;98;86m[48;2;51;101;90m▄[38;2;46;97;85m[48;2;51;102;90m▄[38;2;51;104;93m[48;2;53;110;97m▄[0m
[38;2;82;96;93m[48;2;70;91;84m▄[38;2;83;99;96m[48;2;79;103;97m▄[38;2;74;90;88m[48;2;67;89;87m▄[38;2;66;84;81m[48;2;66;86;85m▄[38;2;62;81;79m[48;2;62;84;82m▄[38;2;61;81;79m[48;2;61;86;83m▄[38;2;56;77;75m[48;2;62;87;85m▄[38;2;55;77;75m[48;2;55;81;78m▄[38;2;56;78;76m[48;2;55;81;78m▄[38;2;55;77;75m[48;2;58;85;82m▄[38;2;52;75;73m[48;2;49;80;75m▄[38;2;51;75;72m[48;2;46;80;74m▄[38;2;49;74;72m[48;2;46;80;75m▄[38;2;48;76;72m[48;2;46;80;74m▄[38;2;49;76;73m[48;2;46;80;74m▄[38;2;49;76;73m[48;2;46;80;75m▄[38;2;48;75;71m[48;2;46;79;74m▄[38;2;46;74;70m[48;2;46;79;74m▄[38;2;44;74;69m[48;2;43;78;72m▄[38;2;45;74;69m[48;2;39;77;69m▄[38;2;44;74;70m[48;2;38;77;69m▄[38;2;42;74;69m[48;2;39;78;70m▄[38;2;41;74;69m[48;2;40;79;71m▄[38;2;42;73;69m[48;2;39;78;70m▄[38;2;41;73;68m[48;2;39;77;70m▄[38;2;41;73;68m[48;2;39;77;70m▄[38;2;43;73;69m[48;2;41;78;71m▄[38;2;39;69;64m[48;2;41;79;71m▄[38;2;40;69;64m[48;2;40;78;71m▄[38;2;42;71;67m[48;2;40;79;71m▄[38;2;46;74;70m[48;2;41;80;72m▄[38;2;44;74;69m[48;2;44;80;73m▄[38;2;42;75;69m[48;2;43;79;73m▄[38;2;43;75;70m[48;2;43;79;73m▄[38;2;45;76;71m[48;2;43;80;73m▄[38;2;45;77;72m[48;2;44;81;74m▄[38;2;44;76;71m[48;2;43;81;73m▄[38;2;44;77;72m[48;2;43;81;74m▄[38;2;44;77;72m[48;2;44;81;74m▄[38;2;44;77;72m[48;2;45;82;75m▄[38;2;44;76;71m[48;2;44;82;75m▄[38;2;45;78;72m[48;2;44;82;75m▄[38;2;46;79;74m[48;2;45;83;76m▄[38;2;46;79;73m[48;2;45;83;76m▄[38;2;45;77;72m[48;2;43;82;75m▄[38;2;44;77;71m[48;2;43;82;74m▄[38;2;44;77;72m[48;2;44;83;75m▄[38;2;46;79;74m[48;2;44;83;75m▄[38;2;48;79;74m[48;2;44;83;76m▄[38;2;49;80;75m[48;2;44;84;76m▄[38;2;48;79;73m[48;2;44;84;76m▄[38;2;46;78;73m[48;2;44;84;76m▄[38;2;44;78;72m[48;2;44;85;77m▄[38;2;44;79;73m[48;2;44;86;77m▄[38;2;44;79;73m[48;2;44;86;78m▄[38;2;44;79;73m[48;2;45;87;79m▄[38;2;44;79;72m[48;2;45;88;79m▄[38;2;44;80;72m[48;2;45;87;79m▄[38;2;44;80;71m[48;2;45;87;78m▄[38;2;48;87;77m[48;2;48;94;85m▄[0m
[38;2;193;186;183m[48;2;107;116;113m▄[38;2;197;192;188m[48;2;99;109;106m▄[38;2;134;135;132m[48;2;82;93;91m▄[38;2;80;89;87m[48;2;73;87;85m▄[38;2;75;85;84m[48;2;70;85;82m▄[38;2;78;87;86m[48;2;63;79;76m▄[38;2;87;97;96m[48;2;60;77;74m▄[38;2;71;84;82m[48;2;57;76;72m▄[38;2;67;82;79m[48;2;55;76;71m▄[38;2;60;77;73m[48;2;53;73;69m▄[38;2;58;76;72m[48;2;52;72;69m▄[38;2;57;73;71m[48;2;54;73;72m▄[38;2;53;70;69m[48;2;52;71;71m▄[38;2;50;70;67m[48;2;51;71;70m▄[38;2;48;68;65m[48;2;49;69;68m▄[38;2;48;68;63m[48;2;49;70;68m▄[38;2;47;67;63m[48;2;49;70;67m▄[38;2;47;66;65m[48;2;47;68;66m▄[38;2;48;67;66m[48;2;48;68;67m▄[38;2;49;68;67m[48;2;49;69;68m▄[38;2;49;66;66m[48;2;49;71;68m▄[38;2;51;68;67m[48;2;50;72;70m▄[38;2;51;71;68m[48;2;48;71;67m▄[38;2;48;72;70m[48;2;50;72;68m▄[38;2;53;72;71m[48;2;50;71;69m▄[38;2;70;84;81m[48;2;42;66;63m▄[38;2;87;97;94m[48;2;38;61;59m▄[38;2;108;96;95m[48;2;89;103;104m▄[38;2;91;70;74m[48;2;92;99;105m▄[38;2;87;88;90m[48;2;64;78;79m▄[38;2;53;73;73m[48;2;46;68;65m▄[38;2;50;69;69m[48;2;48;71;69m▄[38;2;51;69;69m[48;2;48;71;69m▄[38;2;52;69;69m[48;2;48;71;69m▄[38;2;53;69;70m[48;2;48;71;69m▄[38;2;53;70;70m[48;2;48;72;69m▄[38;2;52;70;70m[48;2;49;72;70m▄[38;2;51;70;70m[48;2;48;73;70m▄[38;2;52;71;69m[48;2;49;73;70m▄[38;2;52;71;69m[48;2;49;74;70m▄[38;2;52;70;70m[48;2;51;73;71m▄[38;2;54;71;71m[48;2;51;74;72m▄[38;2;53;71;71m[48;2;50;75;72m▄[38;2;53;71;71m[48;2;50;74;72m▄[38;2;50;69;69m[48;2;49;73;71m▄[38;2;52;71;70m[48;2;48;73;70m▄[38;2;55;73;72m[48;2;51;77;73m▄[38;2;58;77;74m[48;2;55;80;75m▄[38;2;60;79;75m[48;2;56;80;75m▄[38;2;56;75;71m[48;2;59;83;78m▄[38;2;47;70;65m[48;2;54;78;73m▄[38;2;47;70;66m[48;2;45;73;68m▄[38;2;48;70;66m[48;2;46;74;68m▄[38;2;47;70;65m[48;2;48;75;69m▄[38;2;49;71;67m[48;2;47;74;69m▄[38;2;50;72;69m[48;2;47;74;70m▄[38;2;50;72;69m[48;2;47;74;69m▄[38;2;51;72;70m[48;2;47;75;69m▄[38;2;50;72;67m[48;2;48;76;68m▄[38;2;54;79;73m[48;2;53;82;74m▄[0m
[38;2;145;143;141m[48;2;197;190;186m▄[38;2;156;154;152m[48;2;192;187;183m▄[38;2;152;149;146m[48;2;148;146;141m▄[38;2;134;133;130m[48;2;121;123;119m▄[38;2;111;115;113m[48;2;108;113;111m▄[38;2;87;93;92m[48;2;93;100;99m▄[38;2;77;85;84m[48;2;91;98;97m▄[38;2;69;79;79m[48;2;78;88;87m▄[38;2;69;80;79m[48;2;77;89;87m▄[38;2;77;86;86m[48;2;80;93;90m▄[38;2;78;88;87m[48;2;80;92;90m▄[38;2;73;82;80m[48;2;74;87;84m▄[38;2;73;84;81m[48;2;61;77;73m▄[38;2;66;77;76m[48;2;57;73;70m▄[38;2;62;73;73m[48;2;56;71;70m▄[38;2;66;79;79m[48;2;54;69;68m▄[38;2;60;76;74m[48;2;54;71;68m▄[38;2;59;74;71m[48;2;54;73;69m▄[38;2;61;75;72m[48;2;50;69;65m▄[38;2;58;73;70m[48;2;55;73;70m▄[38;2;54;70;68m[48;2;53;70;67m▄[38;2;51;68;66m[48;2;52;69;67m▄[38;2;61;70;67m[48;2;68;73;69m▄[38;2;75;68;60m[48;2;91;63;51m▄[38;2;71;66;59m[48;2;96;65;53m▄[38;2;77;71;65m[48;2;142;123;118m▄[38;2;153;128;130m[48;2;182;155;154m▄[38;2;135;111;118m[48;2;158;130;129m▄[38;2;101;65;66m[48;2;151;120;118m▄[38;2;99;49;39m[48;2;170;127;118m▄[38;2;86;64;53m[48;2;104;72;64m▄[38;2;61;74;72m[48;2;54;69;68m▄[38;2;62;76;74m[48;2;56;71;72m▄[38;2;61;77;75m[48;2;57;71;72m▄[38;2;61;77;74m[48;2;58;71;72m▄[38;2;63;78;74m[48;2;58;72;71m▄[38;2;66;78;76m[48;2;58;72;72m▄[38;2;65;80;77m[48;2;58;72;72m▄[38;2;63;79;76m[48;2;57;72;71m▄[38;2;63;78;75m[48;2;56;72;71m▄[38;2;64;80;76m[48;2;58;73;72m▄[38;2;67;79;77m[48;2;60;75;75m▄[38;2;70;80;78m[48;2;60;75;74m▄[38;2;71;81;79m[48;2;60;76;75m▄[38;2;71;83;81m[48;2;55;72;70m▄[38;2;65;78;76m[48;2;51;68;65m▄[38;2;64;79;76m[48;2;53;70;67m▄[38;2;59;75;73m[48;2;56;73;71m▄[38;2;56;73;72m[48;2;58;74;73m▄[38;2;61;78;74m[48;2;57;73;71m▄[38;2;66;80;77m[48;2;55;72;70m▄[38;2;64;78;76m[48;2;50;70;67m▄[38;2;65;79;77m[48;2;47;68;66m▄[38;2;63;78;76m[48;2;46;68;66m▄[38;2;58;74;72m[48;2;47;68;66m▄[38;2;56;72;71m[48;2;48;68;68m▄[38;2;54;73;71m[48;2;49;69;69m▄[38;2;54;73;70m[48;2;50;70;69m▄[38;2;54;73;70m[48;2;48;68;67m▄[38;2;58;77;75m[48;2;52;74;72m▄[0m
[38;2;177;179;175m[48;2;132;134;132m▄[38;2;183;187;184m[48;2;132;135;132m▄[38;2;178;181;178m[48;2;104;109;108m▄[38;2;188;188;186m[48;2;99;105;104m▄[38;2;194;193;191m[48;2;96;102;101m▄[38;2;200;200;197m[48;2;97;100;100m▄[38;2;205;204;201m[48;2;103;108;106m▄[38;2;213;210;207m[48;2;107;114;113m▄[38;2;214;210;207m[48;2;112;117;116m▄[38;2;210;207;202m[48;2;111;116;114m▄[38;2;213;211;205m[48;2;123;126;124m▄[38;2;225;222;216m[48;2;142;143;140m▄[38;2;239;235;229m[48;2;155;156;152m▄[38;2;248;242;238m[48;2;155;157;153m▄[38;2;249;241;239m[48;2;164;165;161m▄[38;2;230;223;221m[48;2;177;175;172m▄[38;2;231;225;220m[48;2;175;174;171m▄[38;2;234;227;224m[48;2;177;176;172m▄[38;2;219;212;213m[48;2;178;176;172m▄[38;2;205;203;203m[48;2;175;174;170m▄[38;2;204;202;202m[48;2;144;147;143m▄[38;2;210;206;207m[48;2;122;127;126m▄[38;2;205;201;203m[48;2;96;106;107m▄[38;2;206;203;203m[48;2;83;98;98m▄[38;2;194;191;191m[48;2;66;83;81m▄[38;2;202;197;196m[48;2;113;117;117m▄[38;2;160;112;99m[48;2;173;152;157m▄[38;2;100;40;28m[48;2;122;102;112m▄[38;2;131;79;70m[48;2;96;67;73m▄[38;2;114;45;29m[48;2;116;82;85m▄[38;2;138;112;105m[48;2;87;87;88m▄[38;2;143;150;150m[48;2;54;72;69m▄[38;2;137;141;139m[48;2;56;74;71m▄[38;2;130;136;133m[48;2;58;75;72m▄[38;2;128;135;132m[48;2;57;75;72m▄[38;2;125;132;129m[48;2;59;76;73m▄[38;2;124;132;129m[48;2;61;77;74m▄[38;2;121;129;126m[48;2;62;78;75m▄[38;2;116;124;122m[48;2;62;78;75m▄[38;2;119;127;125m[48;2;63;77;75m▄[38;2;116;125;123m[48;2;62;76;74m▄[38;2;116;125;123m[48;2;61;74;72m▄[38;2;111;120;118m[48;2;64;77;75m▄[38;2;112;121;119m[48;2;66;79;77m▄[38;2;130;135;133m[48;2;66;79;76m▄[38;2;139;142;140m[48;2;72;83;81m▄[38;2;144;147;144m[48;2;79;90;87m▄[38;2;145;147;145m[48;2;67;81;78m▄[38;2;160;161;160m[48;2;58;73;71m▄[38;2;152;154;152m[48;2;58;73;70m▄[38;2;148;151;148m[48;2;60;74;72m▄[38;2;163;163;162m[48;2;62;75;74m▄[38;2;161;162;160m[48;2;66;80;78m▄[38;2;161;162;162m[48;2;64;78;76m▄[38;2;162;164;162m[48;2;63;79;75m▄[38;2;168;168;166m[48;2;67;82;77m▄[38;2;165;166;164m[48;2;69;83;79m▄[38;2;153;155;152m[48;2;67;81;77m▄[38;2;160;160;158m[48;2;67;81;76m▄[38;2;170;172;169m[48;2;74;89;86m▄[0m
[38;2;219;199;197m[48;2;211;188;175m▄[38;2;237;215;213m[48;2;230;205;190m▄[38;2;217;198;196m[48;2;224;200;185m▄[38;2;218;199;197m[48;2;220;195;182m▄[38;2;221;201;200m[48;2;216;194;180m▄[38;2;224;200;197m[48;2;210;190;176m▄[38;2;222;195;186m[48;2;208;190;177m▄[38;2;221;193;181m[48;2;213;195;183m▄[38;2;221;192;181m[48;2;215;196;184m▄[38;2;221;191;180m[48;2;215;196;184m▄[38;2;220;190;178m[48;2;219;200;188m▄[38;2;219;189;175m[48;2;223;203;191m▄[38;2;218;187;173m[48;2;218;199;187m▄[38;2;219;185;169m[48;2;217;196;184m▄[38;2;219;184;165m[48;2;219;197;184m▄[38;2;221;184;166m[48;2;215;194;182m▄[38;2;220;181;162m[48;2;217;196;184m▄[38;2;218;179;159m[48;2;223;201;191m▄[38;2;219;180;159m[48;2;225;202;193m▄[38;2;218;177;156m[48;2;214;196;186m▄[38;2;217;175;153m[48;2;199;185;175m▄[38;2;217;174;151m[48;2;194;182;176m▄[38;2;215;173;150m[48;2;190;179;176m▄[38;2;215;172;149m[48;2;191;182;176m▄[38;2;220;178;154m[48;2;215;205;200m▄[38;2;227;187;163m[48;2;231;220;217m▄[38;2;119;53;30m[48;2;137;83;63m▄[38;2;188;146;127m[48;2;142;97;82m▄[38;2;161;105;81m[48;2;167;127;116m▄[38;2;117;58;40m[48;2;90;31;14m▄[38;2;225;191;169m[48;2;198;191;187m▄[38;2;216;180;157m[48;2;211;208;205m▄[38;2;218;182;159m[48;2;208;202;199m▄[38;2;219;182;158m[48;2;207;202;198m▄[38;2;222;183;159m[48;2;204;200;196m▄[38;2;224;184;159m[48;2;205;198;194m▄[38;2;224;184;158m[48;2;210;202;196m▄[38;2;225;184;159m[48;2;211;201;195m▄[38;2;225;184;160m[48;2;207;197;190m▄[38;2;222;182;157m[48;2;212;202;194m▄[38;2;223;182;159m[48;2;209;199;191m▄[38;2;225;185;162m[48;2;213;202;194m▄[38;2;230;190;167m[48;2;216;205;197m▄[38;2;229;189;166m[48;2;216;205;197m▄[38;2;226;185;162m[48;2;218;204;195m▄[38;2;228;185;162m[48;2;223;208;199m▄[38;2;230;187;162m[48;2;223;207;198m▄[38;2;228;185;159m[48;2;225;208;200m▄[38;2;227;183;159m[48;2;235;217;208m▄[38;2;227;183;159m[48;2;234;217;208m▄[38;2;226;182;157m[48;2;224;209;200m▄[38;2;223;180;156m[48;2;224;210;200m▄[38;2;225;181;157m[48;2;216;202;193m▄[38;2;226;183;159m[48;2;214;202;193m▄[38;2;225;183;159m[48;2;213;202;192m▄[38;2;224;183;160m[48;2;204;194;184m▄[38;2;224;185;164m[48;2;208;195;185m▄[38;2;225;192;175m[48;2;212;199;188m▄[38;2;223;193;178m[48;2;209;197;185m▄[38;2;242;210;198m[48;2;215;204;191m▄[0m
[38;2;222;174;143m[48;2;222;193;177m▄[38;2;239;188;154m[48;2;239;208;192m▄[38;2;222;175;143m[48;2;222;191;176m▄[38;2;222;175;144m[48;2;223;189;174m▄[38;2;223;176;144m[48;2;224;190;174m▄[38;2;223;177;146m[48;2;224;187;169m▄[38;2;225;179;149m[48;2;223;181;158m▄[38;2;224;179;150m[48;2;222;176;150m▄[38;2;223;178;148m[48;2;222;176;149m▄[38;2;223;178;148m[48;2;222;176;149m▄[38;2;223;177;148m[48;2;222;177;151m▄[38;2;223;177;148m[48;2;221;177;151m▄[38;2;222;177;148m[48;2;221;175;149m▄[38;2;221;176;147m[48;2;221;175;149m▄[38;2;221;175;148m[48;2;222;176;151m▄[38;2;219;173;147m[48;2;222;175;150m▄[38;2;218;173;146m[48;2;222;175;150m▄[38;2;220;175;145m[48;2;224;178;150m▄[38;2;220;175;146m[48;2;224;178;150m▄[38;2;222;177;147m[48;2;223;177;150m▄[38;2;222;177;146m[48;2;223;176;150m▄[38;2;222;177;147m[48;2;223;176;150m▄[38;2;223;178;149m[48;2;223;178;151m▄[38;2;223;178;149m[48;2;223;177;149m▄[38;2;223;178;149m[48;2;225;179;149m▄[38;2;223;177;147m[48;2;229;183;152m▄[38;2;229;184;150m[48;2;193;144;118m▄[38;2;226;181;147m[48;2;199;152;126m▄[38;2;227;182;148m[48;2;188;140;114m▄[38;2;229;183;148m[48;2;176;128;105m▄[38;2;223;176;145m[48;2;206;160;132m▄[38;2;224;179;149m[48;2;194;149;123m▄[38;2;222;177;146m[48;2;197;154;128m▄[38;2;221;176;146m[48;2;218;174;147m▄[38;2;221;176;147m[48;2;219;174;146m▄[38;2;221;177;149m[48;2;218;173;145m▄[38;2;219;175;144m[48;2;216;174;147m▄[38;2;218;173;141m[48;2;215;176;152m▄[38;2;219;174;144m[48;2;217;180;157m▄[38;2;220;175;145m[48;2;216;180;160m▄[38;2;220;174;144m[48;2;215;181;163m▄[38;2;221;174;144m[48;2;214;183;166m▄[38;2;220;174;143m[48;2;217;187;171m▄[38;2;218;172;142m[48;2;216;186;171m▄[38;2;217;170;142m[48;2;217;186;169m▄[38;2;216;169;142m[48;2;218;187;170m▄[38;2;215;168;141m[48;2;212;181;166m▄[38;2;213;167;141m[48;2;210;178;164m▄[38;2;214;168;140m[48;2;209;178;163m▄[38;2;213;167;140m[48;2;211;180;164m▄[38;2;214;169;141m[48;2;212;179;163m▄[38;2;214;170;140m[48;2;213;182;168m▄[38;2;214;170;140m[48;2;215;184;170m▄[38;2;214;171;145m[48;2;212;184;170m▄[38;2;209;166;140m[48;2;212;184;172m▄[38;2;208;169;147m[48;2;213;185;175m▄[38;2;209;173;153m[48;2;213;188;178m▄[38;2;209;174;157m[48;2;215;194;186m▄[38;2;207;173;154m[48;2;216;196;192m▄[38;2;225;185;161m[48;2;230;211;208m▄[0m
[38;2;210;163;135m[48;2;215;168;140m▄[38;2;247;193;160m[48;2;233;183;152m▄[38;2;228;178;149m[48;2;215;169;142m▄[38;2;230;180;150m[48;2;216;170;141m▄[38;2;230;181;151m[48;2;217;172;142m▄[38;2;231;182;150m[48;2;217;172;143m▄[38;2;232;183;152m[48;2;216;171;142m▄[38;2;231;183;151m[48;2;217;172;143m▄[38;2;230;181;150m[48;2;217;172;143m▄[38;2;230;181;150m[48;2;217;172;143m▄[38;2;229;180;149m[48;2;217;172;143m▄[38;2;229;180;150m[48;2;216;171;142m▄[38;2;229;179;150m[48;2;217;172;143m▄[38;2;228;178;148m[48;2;217;172;143m▄[38;2;228;178;150m[48;2;218;173;143m▄[38;2;228;179;150m[48;2;217;172;142m▄[38;2;228;179;149m[48;2;220;175;145m▄[38;2;228;179;147m[48;2;219;174;145m▄[38;2;228;179;149m[48;2;220;175;146m▄[38;2;226;176;148m[48;2;220;175;145m▄[38;2;226;177;148m[48;2;219;174;143m▄[38;2;229;179;151m[48;2;219;174;143m▄[38;2;231;182;153m[48;2;219;174;145m▄[38;2;233;184;152m[48;2;220;175;146m▄[38;2;233;186;151m[48;2;219;174;144m▄[38;2;234;185;151m[48;2;220;175;142m▄[38;2;236;187;153m[48;2;222;176;142m▄[38;2;237;188;152m[48;2;221;175;142m▄[38;2;237;187;151m[48;2;222;176;143m▄[38;2;237;188;153m[48;2;221;175;141m▄[38;2;238;188;153m[48;2;221;175;142m▄[38;2;238;188;152m[48;2;222;176;143m▄[38;2;239;189;153m[48;2;221;175;142m▄[38;2;240;190;154m[48;2;221;176;143m▄[38;2;239;189;153m[48;2;221;175;144m▄[38;2;238;189;153m[48;2;221;176;146m▄[38;2;239;189;154m[48;2;221;176;146m▄[38;2;238;189;153m[48;2;222;177;146m▄[38;2;238;188;153m[48;2;222;177;146m▄[38;2;238;188;153m[48;2;222;176;146m▄[38;2;238;188;153m[48;2;221;176;145m▄[38;2;238;189;155m[48;2;222;177;146m▄[38;2;237;188;156m[48;2;221;176;147m▄[38;2;237;188;157m[48;2;221;176;147m▄[38;2;235;186;155m[48;2;222;177;148m▄[38;2;236;187;156m[48;2;221;176;147m▄[38;2;235;187;155m[48;2;222;176;148m▄[38;2;234;185;153m[48;2;220;175;147m▄[38;2;232;183;151m[48;2;219;174;144m▄[38;2;232;183;150m[48;2;218;173;142m▄[38;2;232;183;151m[48;2;218;173;142m▄[38;2;231;182;151m[48;2;218;173;143m▄[38;2;229;180;150m[48;2;216;171;143m▄[38;2;226;179;150m[48;2;216;172;144m▄[38;2;228;180;151m[48;2;213;169;139m▄[38;2;234;185;152m[48;2;217;174;147m▄[38;2;240;189;154m[48;2;222;179;151m▄[38;2;237;186;149m[48;2;216;174;147m▄[38;2;236;185;148m[48;2;212;171;147m▄[38;2;255;200;160m[48;2;231;185;153m▄[0m
