[38;2;147;124;91m[48;2;147;125;89m▄[38;2;171;143;107m[48;2;160;135;100m▄[38;2;159;131;100m[48;2;150;123;94m▄[38;2;161;129;99m[48;2;150;121;92m▄[38;2;160;127;97m[48;2;150;121;92m▄[38;2;159;126;97m[48;2;150;121;90m▄[38;2;187;154;129m[48;2;148;119;88m▄[38;2;210;179;155m[48;2;185;156;127m▄[38;2;245;215;201m[48;2;235;210;191m▄[38;2;255;255;254m[48;2;254;239;231m▄[38;2;255;255;255m[48;2;254;254;254m▄[38;2;255;255;255m[48;2;254;254;254m▄[38;2;255;249;248m[48;2;254;254;254m▄[38;2;230;206;201m[48;2;254;243;245m▄[38;2;227;195;185m[48;2;243;222;214m▄[38;2;225;185;176m[48;2;216;183;171m▄[38;2;206;163;154m[48;2;187;146;137m▄[38;2;213;170;162m[48;2;181;139;133m▄[38;2;210;166;155m[48;2;168;129;113m▄[38;2;203;160;144m[48;2;154;115;96m▄[38;2;198;154;138m[48;2;162;123;104m▄[38;2;180;135;120m[48;2;164;125;106m▄[38;2;158;116;101m[48;2;160;121;104m▄[38;2;132;90;80m[48;2;141;98;84m▄[38;2;109;72;64m[48;2;104;65;54m▄[38;2;92;58;48m[48;2;88;56;40m▄[38;2;99;65;53m[48;2;141;108;84m▄[38;2;138;107;78m[48;2;162;133;96m▄[38;2;158;128;86m[48;2;150;123;79m▄[38;2;147;116;77m[48;2;146;117;77m▄[38;2;244;236;228m[48;2;227;222;214m▄[38;2;255;255;255m[48;2;254;254;254m▄[38;2;255;255;255m[48;2;254;254;254m▄[38;2;255;255;255m[48;2;254;254;254m▄[38;2;255;255;255m[48;2;254;254;254m▄[38;2;255;255;255m[48;2;254;254;254m▄[38;2;255;255;255m[48;2;254;254;254m▄[38;2;255;255;255m[48;2;254;254;254m▄[38;2;255;255;255m[48;2;254;254;254m▄[38;2;255;255;255m[48;2;254;254;254m▄[38;2;255;255;255m[48;2;254;254;254m▄[38;2;255;255;255m[48;2;254;254;254m▄[38;2;255;255;255m[48;2;254;254;254m▄[38;2;255;255;255m[48;2;254;254;254m▄[38;2;255;255;255m[48;2;254;254;254m▄[38;2;255;255;255m[48;2;254;254;254m▄[38;2;255;255;255m[48;2;254;254;254m▄[38;2;255;255;255m[48;2;254;254;254m▄[38;2;255;255;255m[48;2;254;254;254m▄[38;2;255;255;255m[48;2;254;254;254m▄[38;2;255;255;255m[48;2;254;254;254m▄[38;2;255;255;255m[48;2;254;254;254m▄[38;2;255;255;255m[48;2;254;254;254m▄[38;2;255;255;255m[48;2;254;254;254m▄[38;2;255;255;255m[48;2;254;254;254m▄[38;2;255;255;255m[48;2;254;254;254m▄[38;2;255;255;255m[48;2;254;254;254m▄[38;2;255;255;255m[48;2;254;254;254m▄[38;2;255;255;255m[48;2;254;254;254m▄[38;2;255;255;255m[48;2;254;254;254m▄[0m
[38;2;157;105;63m[48;2;148;103;73m▄[38;2;168;111;66m[48;2;160;112;80m▄[38;2;154;100;60m[48;2;149;104;76m▄[38;2;150;98;59m[48;2;149;105;77m▄[38;2;149;103;66m[48;2;148;105;78m▄[38;2;153;112;85m[48;2;165;125;104m▄[38;2;172;129;112m[48;2;184;144;128m▄[38;2;180;138;121m[48;2;201;164;147m▄[38;2;170;135;119m[48;2;209;175;160m▄[38;2;153;129;120m[48;2;189;164;158m▄[38;2;128;108;107m[48;2;145;128;129m▄[38;2;99;76;79m[48;2;116;98;99m▄[38;2;81;59;61m[48;2;101;81;81m▄[38;2;77;54;57m[48;2;99;76;75m▄[38;2;77;49;54m[48;2;112;80;81m▄[38;2;78;46;53m[48;2;129;91;92m▄[38;2;91;52;60m[48;2;142;104;104m▄[38;2;119;78;84m[48;2;148;110;109m▄[38;2;96;58;63m[48;2;138;100;97m▄[38;2;69;34;40m[48;2;129;91;88m▄[38;2;56;28;31m[48;2;118;78;76m▄[38;2;57;33;35m[48;2;90;54;52m▄[38;2;69;46;49m[48;2;74;42;41m▄[38;2;85;61;64m[48;2;62;36;38m▄[38;2;88;64;68m[48;2;56;34;36m▄[38;2;74;47;53m[48;2;56;34;37m▄[38;2;64;35;41m[48;2;56;30;34m▄[38;2;63;40;41m[48;2;66;42;36m▄[38;2;93;68;54m[48;2;108;82;63m▄[38;2;107;71;48m[48;2;116;89;65m▄[38;2;219;210;204m[48;2;220;213;208m▄[38;2;255;255;255m[48;2;255;255;255m▄[38;2;255;255;255m[48;2;255;255;255m▄[38;2;255;255;255m[48;2;255;255;255m▄[38;2;255;255;255m[48;2;255;255;255m▄[38;2;255;255;255m[48;2;255;255;255m▄[38;2;255;255;255m[48;2;255;255;255m▄[38;2;255;255;255m[48;2;255;255;255m▄[38;2;255;255;255m[48;2;255;255;255m▄[38;2;255;255;255m[48;2;255;255;255m▄[38;2;255;255;255m[48;2;255;255;255m▄[38;2;255;255;255m[48;2;255;255;255m▄[38;2;255;255;255m[48;2;255;255;255m▄[38;2;255;255;255m[48;2;255;255;255m▄[38;2;255;255;255m[48;2;255;255;255m▄[38;2;255;255;255m[48;2;255;255;255m▄[38;2;255;255;255m[48;2;255;255;255m▄[38;2;255;255;255m[48;2;255;255;255m▄[38;2;255;255;255m[48;2;255;255;255m▄[38;2;255;255;255m[48;2;255;255;255m▄[38;2;255;255;255m[48;2;255;255;255m▄[38;2;255;255;255m[48;2;255;255;255m▄[38;2;255;255;255m[48;2;255;255;255m▄[38;2;255;255;255m[48;2;255;255;255m▄[38;2;255;255;255m[48;2;255;255;255m▄[38;2;255;255;255m[48;2;255;255;255m▄[38;2;255;255;255m[48;2;255;255;255m▄[38;2;255;255;255m[48;2;255;255;255m▄[38;2;255;255;255m[48;2;255;255;255m▄[38;2;255;255;255m[48;2;255;255;255m▄[0m
[38;2;114;80;67m[48;2;196;146;112m▄[38;2;132;96;77m[48;2;210;156;118m▄[38;2;137;106;84m[48;2;192;143;105m▄[38;2;142;109;88m[48;2;190;141;100m▄[38;2;146;109;85m[48;2;171;127;86m▄[38;2;147;107;84m[48;2;147;109;80m▄[38;2;127;87;74m[48;2;146;106;89m▄[38;2;114;74;69m[48;2;123;83;74m▄[38;2;91;57;55m[48;2;112;78;71m▄[38;2;66;39;42m[48;2;125;98;94m▄[38;2;49;28;35m[48;2;119;94;96m▄[38;2;63;45;55m[48;2;70;51;53m▄[38;2;80;57;69m[48;2;63;41;44m▄[38;2;98;68;75m[48;2;57;32;35m▄[38;2;123;87;87m[48;2;71;42;45m▄[38;2;171;127;117m[48;2;88;54;54m▄[38;2;254;230;218m[48;2;166;130;132m▄[38;2;255;252;246m[48;2;211;172;172m▄[38;2;219;169;163m[48;2;144;100;99m▄[38;2;163;109;103m[48;2;83;46;51m▄[38;2;113;68;69m[48;2;64;34;41m▄[38;2;90;50;57m[48;2;64;38;46m▄[38;2;98;61;69m[48;2;59;37;44m▄[38;2;85;56;65m[48;2;58;38;44m▄[38;2;57;31;37m[48;2;49;30;36m▄[38;2;45;21;26m[48;2;43;21;29m▄[38;2;48;26;27m[48;2;43;20;25m▄[38;2;66;47;45m[48;2;67;45;45m▄[38;2;92;64;49m[48;2;99;72;51m▄[38;2;118;69;41m[48;2;107;61;34m▄[38;2;222;210;205m[48;2;219;207;202m▄[38;2;255;255;255m[48;2;255;255;255m▄[38;2;255;255;255m[48;2;255;255;255m▄[38;2;255;255;255m[48;2;255;255;255m▄[38;2;255;255;255m[48;2;255;255;255m▄[38;2;255;255;255m[48;2;255;255;255m▄[38;2;255;255;255m[48;2;255;255;255m▄[38;2;255;255;255m[48;2;255;255;255m▄[38;2;255;255;255m[48;2;255;255;255m▄[38;2;255;255;255m[48;2;255;255;255m▄[38;2;255;255;255m[48;2;255;255;255m▄[38;2;255;255;255m[48;2;255;255;255m▄[38;2;255;255;255m[48;2;255;255;255m▄[38;2;255;255;255m[48;2;255;255;255m▄[38;2;255;255;255m[48;2;255;255;255m▄[38;2;255;255;255m[48;2;255;255;255m▄[38;2;255;255;255m[48;2;255;255;255m▄[38;2;255;255;255m[48;2;255;255;255m▄[38;2;255;255;255m[48;2;255;255;255m▄[38;2;255;255;255m[48;2;255;255;255m▄[38;2;255;255;255m[48;2;255;255;255m▄[38;2;255;255;255m[48;2;255;255;255m▄[38;2;255;255;255m[48;2;255;255;255m▄[38;2;255;255;255m[48;2;255;255;255m▄[38;2;255;255;255m[48;2;255;255;255m▄[38;2;255;255;255m[48;2;255;255;255m▄[38;2;255;255;255m[48;2;255;255;255m▄[38;2;255;255;255m[48;2;255;255;255m▄[38;2;255;255;255m[48;2;255;255;255m▄[38;2;255;255;255m[48;2;255;255;255m▄[0m
[38;2;105;82;60m[48;2;101;73;56m▄[38;2;112;87;62m[48;2;105;78;57m▄[38;2;102;78;57m[48;2;97;73;53m▄[38;2;111;84;67m[48;2;98;71;53m▄[38;2;131;99;83m[48;2;113;81;62m▄[38;2;154;114;94m[48;2;154;116;89m▄[38;2;146;107;87m[48;2;168;128;107m▄[38;2;175;135;115m[48;2;173;132;118m▄[38;2;211;168;150m[48;2;144;105;94m▄[38;2;216;174;163m[48;2;133;97;93m▄[38;2;184;148;142m[48;2;135;103;106m▄[38;2;151;111;110m[48;2;145;113;121m▄[38;2;149;106;108m[48;2;144;113;120m▄[38;2;129;90;91m[48;2;166;130;131m▄[38;2;107;68;71m[48;2;211;167;163m▄[38;2;94;59;63m[48;2;226;181;171m▄[38;2;78;43;47m[48;2;206;162;155m▄[38;2;79;41;45m[48;2;206;166;160m▄[38;2;82;46;51m[48;2;184;139;132m▄[38;2;70;35;39m[48;2;137;85;74m▄[38;2;51;23;27m[48;2;110;66;58m▄[38;2;43;21;30m[48;2;100;56;61m▄[38;2;53;29;36m[48;2;113;68;74m▄[38;2;83;52;57m[48;2;120;80;86m▄[38;2;105;68;72m[48;2;112;75;78m▄[38;2;106;68;66m[48;2;91;54;55m▄[38;2;101;64;63m[48;2;77;43;42m▄[38;2;92;59;56m[48;2;76;46;44m▄[38;2;92;63;56m[48;2;85;57;48m▄[38;2;100;64;46m[48;2;121;76;48m▄[38;2;225;215;208m[48;2;227;215;207m▄[38;2;255;255;255m[48;2;255;255;255m▄[38;2;255;255;255m[48;2;255;255;255m▄[38;2;255;255;255m[48;2;255;255;255m▄[38;2;255;255;255m[48;2;255;255;255m▄[38;2;255;255;255m[48;2;255;255;255m▄[38;2;255;255;255m[48;2;255;255;255m▄[38;2;255;255;255m[48;2;255;255;255m▄[38;2;255;255;255m[48;2;255;255;255m▄[38;2;255;255;255m[48;2;255;255;255m▄[38;2;255;255;255m[48;2;255;255;255m▄[38;2;255;255;255m[48;2;255;255;255m▄[38;2;255;255;255m[48;2;255;255;255m▄[38;2;255;255;255m[48;2;255;255;255m▄[38;2;255;255;255m[48;2;255;255;255m▄[38;2;255;255;255m[48;2;255;255;255m▄[38;2;255;255;255m[48;2;255;255;255m▄[38;2;255;255;255m[48;2;255;255;255m▄[38;2;255;255;255m[48;2;255;255;255m▄[38;2;255;255;255m[48;2;255;255;255m▄[38;2;255;255;255m[48;2;255;255;255m▄[38;2;255;255;255m[48;2;255;255;255m▄[38;2;255;255;255m[48;2;255;255;255m▄[38;2;255;255;255m[48;2;255;255;255m▄[38;2;255;255;255m[48;2;255;255;255m▄[38;2;255;255;255m[48;2;255;255;255m▄[38;2;255;255;255m[48;2;255;255;255m▄[38;2;255;255;255m[48;2;255;255;255m▄[38;2;255;255;255m[48;2;255;255;255m▄[38;2;255;255;255m[48;2;255;255;255m▄[0m
[38;2;180;166;157m[48;2;129;110;91m▄[38;2;194;180;170m[48;2;138;117;98m▄[38;2;172;157;147m[48;2;124;100;86m▄[38;2;162;125;120m[48;2;108;72;66m▄[38;2;163;113;110m[48;2;136;91;85m▄[38;2;123;78;73m[48;2;133;90;83m▄[38;2;138;98;87m[48;2;129;90;77m▄[38;2;142;100;86m[48;2;168;128;108m▄[38;2;121;81;72m[48;2;169;125;111m▄[38;2;116;75;73m[48;2;129;87;80m▄[38;2;158;117;112m[48;2;113;75;70m▄[38;2;197;158;151m[48;2;156;115;111m▄[38;2;203;165;158m[48;2;220;177;177m▄[38;2;202;165;158m[48;2;207;166;167m▄[38;2;173;136;130m[48;2;126;86;92m▄[38;2;137;104;101m[48;2;91;61;71m▄[38;2;143;112;114m[48;2;77;53;64m▄[38;2;141;109;115m[48;2;62;39;49m▄[38;2;132;98;106m[48;2;52;29;40m▄[38;2;107;75;82m[48;2;43;21;33m▄[38;2;80;52;57m[48;2;37;19;29m▄[38;2;66;41;44m[48;2;38;22;29m▄[38;2;57;29;32m[48;2;45;26;31m▄[38;2;54;24;30m[48;2;67;36;42m▄[38;2;63;32;38m[48;2;89;52;58m▄[38;2;73;41;46m[48;2;87;51;53m▄[38;2;74;43;45m[48;2;84;49;48m▄[38;2;70;39;37m[48;2;86;52;49m▄[38;2;80;48;45m[48;2;95;62;56m▄[38;2;95;62;50m[48;2;86;52;43m▄[38;2;221;212;208m[48;2;209;201;198m▄[38;2;255;255;255m[48;2;255;255;255m▄[38;2;255;255;255m[48;2;255;255;255m▄[38;2;255;255;255m[48;2;255;255;255m▄[38;2;255;255;255m[48;2;255;255;255m▄[38;2;255;255;255m[48;2;255;255;255m▄[38;2;255;255;255m[48;2;255;255;255m▄[38;2;255;255;255m[48;2;255;255;255m▄[38;2;255;255;255m[48;2;255;255;255m▄[38;2;255;255;255m[48;2;255;255;255m▄[38;2;255;255;255m[48;2;255;255;255m▄[38;2;255;255;255m[48;2;255;255;255m▄[38;2;255;255;255m[48;2;255;255;255m▄[38;2;255;255;255m[48;2;255;255;255m▄[38;2;255;255;255m[48;2;255;255;255m▄[38;2;255;255;255m[48;2;255;255;255m▄[38;2;255;255;255m[48;2;255;255;255m▄[38;2;255;255;255m[48;2;255;255;255m▄[38;2;255;255;255m[48;2;255;255;255m▄[38;2;255;255;255m[48;2;255;255;255m▄[38;2;255;255;255m[48;2;255;255;255m▄[38;2;255;255;255m[48;2;255;255;255m▄[38;2;255;255;255m[48;2;255;255;255m▄[38;2;255;255;255m[48;2;255;255;255m▄[38;2;255;255;255m[48;2;255;255;255m▄[38;2;255;255;255m[48;2;255;255;255m▄[38;2;255;255;255m[48;2;255;255;255m▄[38;2;255;255;255m[48;2;255;255;255m▄[38;2;255;255;255m[48;2;255;255;255m▄[38;2;255;255;255m[48;2;255;255;255m▄[0m
[38;2;255;255;255m[48;2;217;211;198m▄[38;2;255;255;255m[48;2;231;227;215m▄[38;2;255;255;251m[48;2;215;211;198m▄[38;2;255;255;251m[48;2;205;191;177m▄[38;2;253;252;245m[48;2;178;148;139m▄[38;2;204;195;185m[48;2;125;91;82m▄[38;2;79;63;55m[48;2;116;84;73m▄[38;2;61;43;43m[48;2;105;72;64m▄[38;2;66;47;48m[48;2;90;58;52m▄[38;2;97;77;78m[48;2;94;63;60m▄[38;2;88;67;69m[48;2;110;77;76m▄[38;2;61;41;43m[48;2;103;71;69m▄[38;2;49;29;32m[48;2;88;57;55m▄[38;2;57;34;41m[48;2;74;43;43m▄[38;2;75;49;57m[48;2;71;40;42m▄[38;2;79;51;60m[48;2;92;60;66m▄[38;2;77;50;61m[48;2;109;76;87m▄[38;2;81;54;68m[48;2;112;78;90m▄[38;2;83;55;71m[48;2;107;74;86m▄[38;2;78;52;69m[48;2;95;62;76m▄[38;2;68;42;57m[48;2;74;44;58m▄[38;2;60;35;52m[48;2;57;32;46m▄[38;2;58;37;51m[48;2;53;28;42m▄[38;2;52;33;44m[48;2;45;21;33m▄[38;2;36;20;31m[48;2;38;15;27m▄[38;2;32;16;27m[48;2;45;21;33m▄[38;2;37;21;29m[48;2;58;35;42m▄[38;2;46;30;33m[48;2;62;38;39m▄[38;2;74;55;46m[48;2;63;38;37m▄[38;2;186;144;93m[48;2;134;98;67m▄[38;2;247;234;218m[48;2;246;234;220m▄[38;2;255;255;255m[48;2;255;255;255m▄[38;2;255;255;255m[48;2;255;255;255m▄[38;2;255;255;255m[48;2;255;255;255m▄[38;2;255;255;255m[48;2;255;255;255m▄[38;2;255;255;255m[48;2;255;255;255m▄[38;2;255;255;255m[48;2;255;255;255m▄[38;2;255;255;255m[48;2;255;255;255m▄[38;2;255;255;255m[48;2;255;255;255m▄[38;2;255;255;255m[48;2;255;255;255m▄[38;2;255;255;255m[48;2;255;255;255m▄[38;2;255;255;255m[48;2;255;255;255m▄[38;2;255;255;255m[48;2;255;255;255m▄[38;2;255;255;255m[48;2;255;255;255m▄[38;2;255;255;255m[48;2;255;255;255m▄[38;2;255;255;255m[48;2;255;255;255m▄[38;2;255;255;255m[48;2;255;255;255m▄[38;2;255;255;255m[48;2;255;255;255m▄[38;2;255;255;255m[48;2;255;255;255m▄[38;2;255;255;255m[48;2;255;255;255m▄[38;2;255;255;255m[48;2;255;255;255m▄[38;2;255;255;255m[48;2;255;255;255m▄[38;2;255;255;255m[48;2;255;255;255m▄[38;2;255;255;255m[48;2;255;255;255m▄[38;2;255;255;255m[48;2;255;255;255m▄[38;2;255;255;255m[48;2;255;255;255m▄[38;2;255;255;255m[48;2;255;255;255m▄[38;2;255;255;255m[48;2;255;255;255m▄[38;2;255;255;255m[48;2;255;255;255m▄[38;2;255;255;255m[48;2;255;255;255m▄[0m
[38;2;142;151;165m[48;2;234;234;234m▄[38;2;153;161;169m[48;2;237;236;237m▄[38;2;140;147;155m[48;2;241;240;240m▄[38;2;144;151;158m[48;2;244;243;244m▄[38;2;131;135;143m[48;2;251;251;252m▄[38;2;90;88;93m[48;2;255;255;255m▄[38;2;182;179;180m[48;2;170;165;164m▄[38;2;113;107;108m[48;2;59;48;49m▄[38;2;53;36;40m[48;2;63;47;48m▄[38;2;42;25;27m[48;2;72;53;54m▄[38;2;48;31;34m[48;2;78;58;59m▄[38;2;73;58;58m[48;2;99;81;81m▄[38;2;90;75;74m[48;2;110;92;92m▄[38;2;113;93;94m[48;2;118;93;96m▄[38;2;124;100;102m[48;2;118;87;92m▄[38;2;122;93;97m[48;2;115;82;84m▄[38;2;109;78;81m[48;2;106;72;72m▄[38;2;94;62;68m[48;2;93;60;67m▄[38;2;81;52;65m[48;2;79;51;65m▄[38;2;72;45;60m[48;2;69;44;59m▄[38;2;70;43;58m[48;2;64;38;53m▄[38;2;67;43;52m[48;2;65;39;54m▄[38;2;64;42;46m[48;2;63;40;53m▄[38;2;60;38;43m[48;2;58;40;50m▄[38;2;55;34;41m[48;2;51;35;44m▄[38;2;47;28;37m[48;2;42;26;39m▄[38;2;40;25;30m[48;2;38;24;32m▄[38;2;114;86;62m[48;2;44;27;32m▄[38;2;192;138;88m[48;2;135;100;73m▄[38;2;214;156;88m[48;2;217;167;98m▄[38;2;245;233;216m[48;2;244;232;216m▄[38;2;255;255;255m[48;2;255;255;255m▄[38;2;255;255;255m[48;2;255;255;255m▄[38;2;255;255;255m[48;2;255;255;255m▄[38;2;255;255;255m[48;2;255;255;255m▄[38;2;255;255;255m[48;2;255;255;255m▄[38;2;255;255;255m[48;2;255;255;255m▄[38;2;255;255;255m[48;2;255;255;255m▄[38;2;255;255;255m[48;2;255;255;255m▄[38;2;255;255;255m[48;2;255;255;255m▄[38;2;255;255;255m[48;2;255;255;255m▄[38;2;255;255;255m[48;2;255;255;255m▄[38;2;255;255;255m[48;2;255;255;255m▄[38;2;255;255;255m[48;2;255;255;255m▄[38;2;255;255;255m[48;2;255;255;255m▄[38;2;255;255;255m[48;2;255;255;255m▄[38;2;255;255;255m[48;2;255;255;255m▄[38;2;255;255;255m[48;2;255;255;255m▄[38;2;255;255;255m[48;2;255;255;255m▄[38;2;255;255;255m[48;2;255;255;255m▄[38;2;255;255;255m[48;2;255;255;255m▄[38;2;255;255;255m[48;2;255;255;255m▄[38;2;255;255;255m[48;2;255;255;255m▄[38;2;255;255;255m[48;2;255;255;255m▄[38;2;255;255;255m[48;2;255;255;255m▄[38;2;255;255;255m[48;2;255;255;255m▄[38;2;255;255;255m[48;2;255;255;255m▄[38;2;255;255;255m[48;2;255;255;255m▄[38;2;255;255;255m[48;2;255;255;255m▄[38;2;255;255;255m[48;2;255;255;255m▄[0m
[38;2;136;146;165m[48;2;255;255;255m▄[38;2;137;146;167m[48;2;255;255;255m▄[38;2;118;126;147m[48;2;248;255;255m▄[38;2;71;79;106m[48;2;225;240;244m▄[38;2;62;66;95m[48;2;151;160;172m▄[38;2;48;53;76m[48;2;28;20;27m▄[38;2;115;120;140m[48;2;197;193;195m▄[38;2;85;85;105m[48;2;149;142;139m▄[38;2;53;50;68m[48;2;59;42;41m▄[38;2;43;38;55m[48;2;38;21;21m▄[38;2;41;34;46m[48;2;38;22;22m▄[38;2;41;33;42m[48;2;38;22;26m▄[38;2;39;28;35m[48;2;46;31;36m▄[38;2;41;30;36m[48;2;67;49;54m▄[38;2;51;37;45m[48;2;91;69;74m▄[38;2;56;41;49m[48;2;102;76;81m▄[38;2;52;38;46m[48;2;116;87;93m▄[38;2;44;34;38m[48;2;121;90;96m▄[38;2;40;28;31m[48;2;115;84;89m▄[38;2;38;27;29m[48;2;101;71;76m▄[38;2;34;23;26m[48;2;90;64;74m▄[38;2;31;20;23m[48;2;76;53;58m▄[38;2;36;25;25m[48;2;63;41;43m▄[38;2;52;42;38m[48;2;57;36;39m▄[38;2;66;52;47m[48;2;49;30;32m▄[38;2;76;57;52m[48;2;59;37;37m▄[38;2;94;68;55m[48;2;128;92;65m▄[38;2;90;61;49m[48;2;203;148;88m▄[38;2;89;60;47m[48;2;200;139;80m▄[38;2;83;56;42m[48;2;212;155;91m▄[38;2;207;200;198m[48;2;243;232;217m▄[38;2;248;247;248m[48;2;252;252;253m▄[38;2;247;246;247m[48;2;252;252;252m▄[38;2;247;246;247m[48;2;252;252;252m▄[38;2;247;246;247m[48;2;252;252;252m▄[38;2;247;246;247m[48;2;252;252;252m▄[38;2;247;246;247m[48;2;252;252;252m▄[38;2;247;246;247m[48;2;252;252;252m▄[38;2;247;246;247m[48;2;252;252;252m▄[38;2;247;246;247m[48;2;252;252;252m▄[38;2;247;246;247m[48;2;252;252;252m▄[38;2;247;246;247m[48;2;252;252;252m▄[38;2;247;246;247m[48;2;252;252;252m▄[38;2;247;246;247m[48;2;252;252;252m▄[38;2;247;246;247m[48;2;252;252;252m▄[38;2;247;246;247m[48;2;252;252;252m▄[38;2;247;246;247m[48;2;252;252;252m▄[38;2;247;246;247m[48;2;252;252;252m▄[38;2;247;246;247m[48;2;252;252;252m▄[38;2;247;246;247m[48;2;252;252;252m▄[38;2;247;246;247m[48;2;252;252;252m▄[38;2;247;246;247m[48;2;252;252;252m▄[38;2;247;246;247m[48;2;252;252;252m▄[38;2;247;246;247m[48;2;252;252;252m▄[38;2;247;246;247m[48;2;252;252;252m▄[38;2;247;246;247m[48;2;252;252;252m▄[38;2;247;246;247m[48;2;252;252;252m▄[38;2;247;246;247m[48;2;252;252;252m▄[38;2;247;246;247m[48;2;252;252;252m▄[38;2;248;248;248m[48;2;253;253;253m▄[0m
[38;2;16;18;37m[48;2;24;33;67m▄[38;2;22;23;45m[48;2;29;39;75m▄[38;2;26;27;50m[48;2;29;40;76m▄[38;2;31;32;57m[48;2;41;48;85m▄[38;2;35;40;69m[48;2;44;52;88m▄[38;2;40;45;77m[48;2;46;57;92m▄[38;2;42;49;82m[48;2;34;42;78m▄[38;2;44;53;86m[48;2;39;46;82m▄[38;2;44;53;86m[48;2;43;51;83m▄[38;2;44;52;84m[48;2;46;51;81m▄[38;2;44;51;80m[48;2;46;49;74m▄[38;2;43;48;77m[48;2;43;43;63m▄[38;2;38;39;62m[48;2;44;40;53m▄[38;2;13;12;21m[48;2;42;36;46m▄[38;2;0;0;0m[48;2;28;23;29m▄[38;2;0;0;0m[48;2;11;9;12m▄[38;2;0;0;0m[48;2;0;0;0m▄[38;2;0;0;0m[48;2;0;0;0m▄[38;2;8;7;8m[48;2;0;0;0m▄[38;2;14;14;14m[48;2;3;3;3m▄[38;2;5;7;6m[48;2;0;0;0m▄[38;2;0;0;0m[48;2;0;0;0m▄[38;2;1;2;1m[48;2;10;9;8m▄[38;2;18;18;14m[48;2;36;31;27m▄[38;2;23;24;19m[48;2;51;47;41m▄[38;2;7;8;4m[48;2;42;36;33m▄[38;2;2;2;0m[48;2;26;18;18m▄[38;2;8;5;3m[48;2;31;19;21m▄[38;2;22;10;8m[48;2;43;27;31m▄[38;2;29;13;11m[48;2;39;21;23m▄[38;2;201;197;197m[48;2;203;198;198m▄[38;2;255;255;255m[48;2;255;255;255m▄[38;2;255;255;255m[48;2;255;255;255m▄[38;2;255;255;255m[48;2;255;255;255m▄[38;2;255;255;255m[48;2;255;255;255m▄[38;2;255;255;255m[48;2;255;255;255m▄[38;2;255;255;255m[48;2;255;255;255m▄[38;2;255;255;255m[48;2;255;255;255m▄[38;2;255;255;255m[48;2;255;255;255m▄[38;2;255;255;255m[48;2;255;255;255m▄[38;2;255;255;255m[48;2;255;255;255m▄[38;2;255;255;255m[48;2;255;255;255m▄[38;2;255;255;255m[48;2;255;255;255m▄[38;2;255;255;255m[48;2;255;255;255m▄[38;2;255;255;255m[48;2;255;255;255m▄[38;2;255;255;255m[48;2;255;255;255m▄[38;2;255;255;255m[48;2;255;255;255m▄[38;2;255;255;255m[48;2;255;255;255m▄[38;2;255;255;255m[48;2;255;255;255m▄[38;2;255;255;255m[48;2;255;255;255m▄[38;2;255;255;255m[48;2;255;255;255m▄[38;2;255;255;255m[48;2;255;255;255m▄[38;2;255;255;255m[48;2;255;255;255m▄[38;2;255;255;255m[48;2;255;255;255m▄[38;2;255;255;255m[48;2;255;255;255m▄[38;2;255;255;255m[48;2;255;255;255m▄[38;2;255;255;255m[48;2;255;255;255m▄[38;2;255;255;255m[48;2;255;255;255m▄[38;2;255;255;255m[48;2;255;255;255m▄[38;2;255;255;255m[48;2;255;255;255m▄[0m
[38;2;18;30;54m[48;2;26;33;61m▄[38;2;22;33;63m[48;2;18;23;45m▄[38;2;30;42;74m[48;2;17;19;35m▄[38;2;39;55;91m[48;2;28;32;54m▄[38;2;44;61;98m[48;2;35;43;72m▄[38;2;45;63;100m[48;2;39;49;80m▄[38;2;44;62;98m[48;2;42;53;84m▄[38;2;44;61;95m[48;2;44;57;89m▄[38;2;45;60;93m[48;2;44;57;89m▄[38;2;43;58;91m[48;2;44;55;87m▄[38;2;41;55;85m[48;2;43;54;84m▄[38;2;18;26;49m[48;2;36;46;72m▄[38;2;0;0;2m[48;2;6;8;18m▄[38;2;1;0;1m[48;2;0;0;0m▄[38;2;8;4;4m[48;2;0;0;0m▄[38;2;16;8;6m[48;2;0;0;0m▄[38;2;27;13;13m[48;2;0;0;0m▄[38;2;35;20;19m[48;2;0;0;0m▄[38;2;34;20;16m[48;2;1;2;3m▄[38;2;30;17;14m[48;2;3;5;5m▄[38;2;29;15;14m[48;2;0;0;1m▄[38;2;27;13;13m[48;2;0;0;0m▄[38;2;21;10;8m[48;2;2;4;4m▄[38;2;13;6;5m[48;2;14;15;14m▄[38;2;5;2;3m[48;2;13;13;8m▄[38;2;1;0;0m[48;2;2;3;0m▄[38;2;0;0;0m[48;2;0;0;0m▄[38;2;0;0;0m[48;2;0;0;0m▄[38;2;2;0;0m[48;2;1;0;0m▄[38;2;10;1;0m[48;2;8;0;0m▄[38;2;197;196;195m[48;2;197;196;195m▄[38;2;255;255;255m[48;2;255;255;255m▄[38;2;255;255;255m[48;2;255;255;255m▄[38;2;255;255;255m[48;2;255;255;255m▄[38;2;255;255;255m[48;2;255;255;255m▄[38;2;255;255;255m[48;2;255;255;255m▄[38;2;255;255;255m[48;2;255;255;255m▄[38;2;255;255;255m[48;2;255;255;255m▄[38;2;255;255;255m[48;2;255;255;255m▄[38;2;255;255;255m[48;2;255;255;255m▄[38;2;255;255;255m[48;2;255;255;255m▄[38;2;255;255;255m[48;2;255;255;255m▄[38;2;255;255;255m[48;2;255;255;255m▄[38;2;255;255;255m[48;2;255;255;255m▄[38;2;255;255;255m[48;2;255;255;255m▄[38;2;255;255;255m[48;2;255;255;255m▄[38;2;255;255;255m[48;2;255;255;255m▄[38;2;255;255;255m[48;2;255;255;255m▄[38;2;255;255;255m[48;2;255;255;255m▄[38;2;255;255;255m[48;2;255;255;255m▄[38;2;255;255;255m[48;2;255;255;255m▄[38;2;255;255;255m[48;2;255;255;255m▄[38;2;255;255;255m[48;2;255;255;255m▄[38;2;255;255;255m[48;2;255;255;255m▄[38;2;255;255;255m[48;2;255;255;255m▄[38;2;255;255;255m[48;2;255;255;255m▄[38;2;255;255;255m[48;2;255;255;255m▄[38;2;255;255;255m[48;2;255;255;255m▄[38;2;255;255;255m[48;2;255;255;255m▄[38;2;255;255;255m[48;2;255;255;255m▄[0m
[38;2;88;54;67m[48;2;39;46;76m▄[38;2;97;58;63m[48;2;52;61;96m▄[38;2;97;57;55m[48;2;55;64;95m▄[38;2;125;76;72m[48;2;62;67;97m▄[38;2;142;87;79m[48;2;62;65;96m▄[38;2;144;89;79m[48;2;61;63;90m▄[38;2;139;88;77m[48;2;56;61;87m▄[38;2;126;80;70m[48;2;50;57;89m▄[38;2;100;58;56m[48;2;43;51;85m▄[38;2;86;46;43m[48;2;35;41;70m▄[38;2;85;49;40m[48;2;27;28;48m▄[38;2;77;50;47m[48;2;7;8;22m▄[38;2;59;40;46m[48;2;23;19;28m▄[38;2;36;18;16m[48;2;34;19;19m▄[38;2;51;26;17m[48;2;45;22;18m▄[38;2;76;39;29m[48;2;59;29;22m▄[38;2;100;55;42m[48;2;72;36;30m▄[38;2;118;70;57m[48;2;82;46;39m▄[38;2;125;77;64m[48;2;90;56;48m▄[38;2;129;81;66m[48;2;95;60;50m▄[38;2;111;69;56m[48;2;85;50;42m▄[38;2;77;47;37m[48;2;73;38;32m▄[38;2;59;33;26m[48;2;67;34;27m▄[38;2;51;29;21m[48;2;60;34;25m▄[38;2;48;29;19m[48;2;46;29;22m▄[38;2;51;30;21m[48;2;32;18;12m▄[38;2;55;34;24m[48;2;20;11;7m▄[38;2;52;32;20m[48;2;10;5;3m▄[38;2;47;28;14m[48;2;5;1;0m▄[38;2;35;16;5m[48;2;15;3;2m▄[38;2;200;196;194m[48;2;199;196;195m▄[38;2;255;255;255m[48;2;255;255;255m▄[38;2;255;255;255m[48;2;255;255;255m▄[38;2;255;255;255m[48;2;255;255;255m▄[38;2;255;255;255m[48;2;255;255;255m▄[38;2;255;255;255m[48;2;255;255;255m▄[38;2;255;255;255m[48;2;255;255;255m▄[38;2;255;255;255m[48;2;255;255;255m▄[38;2;255;255;255m[48;2;255;255;255m▄[38;2;255;255;255m[48;2;255;255;255m▄[38;2;255;255;255m[48;2;255;255;255m▄[38;2;255;255;255m[48;2;255;255;255m▄[38;2;255;255;255m[48;2;255;255;255m▄[38;2;255;255;255m[48;2;255;255;255m▄[38;2;255;255;255m[48;2;255;255;255m▄[38;2;255;255;255m[48;2;255;255;255m▄[38;2;255;255;255m[48;2;255;255;255m▄[38;2;255;255;255m[48;2;255;255;255m▄[38;2;255;255;255m[48;2;255;255;255m▄[38;2;255;255;255m[48;2;255;255;255m▄[38;2;255;255;255m[48;2;255;255;255m▄[38;2;255;255;255m[48;2;255;255;255m▄[38;2;255;255;255m[48;2;255;255;255m▄[38;2;255;255;255m[48;2;255;255;255m▄[38;2;255;255;255m[48;2;255;255;255m▄[38;2;255;255;255m[48;2;255;255;255m▄[38;2;255;255;255m[48;2;255;255;255m▄[38;2;255;255;255m[48;2;255;255;255m▄[38;2;255;255;255m[48;2;255;255;255m▄[38;2;255;255;255m[48;2;255;255;255m▄[0m
[38;2;125;78;76m[48;2;114;65;65m▄[38;2;159;100;92m[48;2;133;81;76m▄[38;2;163;103;91m[48;2;118;70;63m▄[38;2;144;93;82m[48;2;102;56;52m▄[38;2;111;75;72m[48;2;117;68;62m▄[38;2;72;43;42m[48;2;146;89;75m▄[38;2;96;48;46m[48;2;151;90;75m▄[38;2;143;82;77m[48;2;145;89;74m▄[38;2;186;126;113m[48;2;134;81;70m▄[38;2;198;137;120m[48;2;136;84;71m▄[38;2;186;126;103m[48;2;164;105;88m▄[38;2;155;110;77m[48;2;131;81;67m▄[38;2;100;76;43m[48;2;60;33;24m▄[38;2;68;39;17m[48;2;55;30;14m▄[38;2;74;41;16m[48;2;83;49;28m▄[38;2;90;55;22m[48;2;108;67;40m▄[38;2;98;57;24m[48;2;132;84;54m▄[38;2;100;54;24m[48;2;130;79;53m▄[38;2;115;66;36m[48;2;133;79;56m▄[38;2;109;61;29m[48;2;131;78;56m▄[38;2;89;45;17m[48;2;118;71;49m▄[38;2;88;48;21m[48;2;110;73;52m▄[38;2;96;60;29m[48;2;113;80;57m▄[38;2;77;46;21m[48;2;100;71;47m▄[38;2;65;38;14m[48;2;66;41;22m▄[38;2;60;34;9m[48;2;61;36;20m▄[38;2;77;50;16m[48;2;71;45;25m▄[38;2;101;71;32m[48;2;82;55;29m▄[38;2;114;81;39m[48;2;93;67;33m▄[38;2;93;63;30m[48;2;60;39;14m▄[38;2;205;199;196m[48;2;207;202;198m▄[38;2;255;255;255m[48;2;255;255;255m▄[38;2;255;255;255m[48;2;255;255;255m▄[38;2;255;255;255m[48;2;255;255;255m▄[38;2;255;255;255m[48;2;255;255;255m▄[38;2;255;255;255m[48;2;255;255;255m▄[38;2;255;255;255m[48;2;255;255;255m▄[38;2;255;255;255m[48;2;255;255;255m▄[38;2;255;255;255m[48;2;255;255;255m▄[38;2;255;255;255m[48;2;255;255;255m▄[38;2;255;255;255m[48;2;255;255;255m▄[38;2;255;255;255m[48;2;255;255;255m▄[38;2;255;255;255m[48;2;255;255;255m▄[38;2;255;255;255m[48;2;255;255;255m▄[38;2;255;255;255m[48;2;255;255;255m▄[38;2;255;255;255m[48;2;255;255;255m▄[38;2;255;255;255m[48;2;255;255;255m▄[38;2;255;255;255m[48;2;255;255;255m▄[38;2;255;255;255m[48;2;255;255;255m▄[38;2;255;255;255m[48;2;255;255;255m▄[38;2;255;255;255m[48;2;255;255;255m▄[38;2;255;255;255m[48;2;255;255;255m▄[38;2;255;255;255m[48;2;255;255;255m▄[38;2;255;255;255m[48;2;255;255;255m▄[38;2;255;255;255m[48;2;255;255;255m▄[38;2;255;255;255m[48;2;255;255;255m▄[38;2;255;255;255m[48;2;255;255;255m▄[38;2;255;255;255m[48;2;255;255;255m▄[38;2;255;255;255m[48;2;255;255;255m▄[38;2;255;255;255m[48;2;255;255;255m▄[0m
[38;2;144;91;91m[48;2;131;80;84m▄[38;2;187;120;118m[48;2;157;95;96m▄[38;2;191;122;117m[48;2;161;97;95m▄[38;2;176;106;102m[48;2;177;110;103m▄[38;2;135;76;70m[48;2;178;110;103m▄[38;2;130;86;70m[48;2;152;94;92m▄[38;2;166;124;94m[48;2;130;81;74m▄[38;2;196;149;108m[48;2;139;92;71m▄[38;2;214;167;117m[48;2;177;124;92m▄[38;2;219;171;120m[48;2;189;135;93m▄[38;2;224;173;123m[48;2;179;131;83m▄[38;2;190;141;105m[48;2;192;149;91m▄[38;2;107;68;51m[48;2;192;161;99m▄[38;2;97;52;35m[48;2;138;103;62m▄[38;2;103;57;43m[48;2;113;76;46m▄[38;2;86;44;32m[48;2;91;54;25m▄[38;2;96;51;37m[48;2;110;72;36m▄[38;2;110;62;43m[48;2;103;60;35m▄[38;2;137;82;62m[48;2;114;63;46m▄[38;2;132;76;57m[48;2;138;85;51m▄[38;2;123;70;43m[48;2;174;125;53m▄[38;2;118;69;39m[48;2;141;99;41m▄[38;2;127;87;52m[48;2;102;70;31m▄[38;2;155;124;81m[48;2;105;85;45m▄[38;2;120;77;51m[48;2;80;56;25m▄[38;2;89;48;31m[48;2;65;37;12m▄[38;2;63;33;25m[48;2;68;39;16m▄[38;2;67;42;27m[48;2;67;39;18m▄[38;2;120;89;51m[48;2;128;93;49m▄[38;2;129;95;48m[48;2;100;67;34m▄[38;2;231;221;211m[48;2;205;200;197m▄[38;2;255;255;255m[48;2;255;255;255m▄[38;2;255;255;255m[48;2;255;255;255m▄[38;2;255;255;255m[48;2;255;255;255m▄[38;2;255;255;255m[48;2;255;255;255m▄[38;2;255;255;255m[48;2;255;255;255m▄[38;2;255;255;255m[48;2;255;255;255m▄[38;2;255;255;255m[48;2;255;255;255m▄[38;2;255;255;255m[48;2;255;255;255m▄[38;2;255;255;255m[48;2;255;255;255m▄[38;2;255;255;255m[48;2;255;255;255m▄[38;2;255;255;255m[48;2;255;255;255m▄[38;2;255;255;255m[48;2;255;255;255m▄[38;2;255;255;255m[48;2;255;255;255m▄[38;2;255;255;255m[48;2;255;255;255m▄[38;2;255;255;255m[48;2;255;255;255m▄[38;2;255;255;255m[48;2;255;255;255m▄[38;2;255;255;255m[48;2;255;255;255m▄[38;2;255;255;255m[48;2;255;255;255m▄[38;2;255;255;255m[48;2;255;255;255m▄[38;2;255;255;255m[48;2;255;255;255m▄[38;2;255;255;255m[48;2;255;255;255m▄[38;2;255;255;255m[48;2;255;255;255m▄[38;2;255;255;255m[48;2;255;255;255m▄[38;2;255;255;255m[48;2;255;255;255m▄[38;2;255;255;255m[48;2;255;255;255m▄[38;2;255;255;255m[48;2;255;255;255m▄[38;2;255;255;255m[48;2;255;255;255m▄[38;2;255;255;255m[48;2;255;255;255m▄[38;2;255;255;255m[48;2;255;255;255m▄[0m
[38;2;69;39;35m[48;2;150;91;88m▄[38;2;45;27;25m[48;2;160;100;95m▄[38;2;103;76;56m[48;2;120;73;67m▄[38;2;178;137;97m[48;2;121;77;64m▄[38;2;176;133;90m[48;2;157;117;89m▄[38;2;154;115;74m[48;2;181;137;101m▄[38;2;158;117;75m[48;2;185;141;99m▄[38;2;169;122;84m[48;2;200;152;104m▄[38;2;167;119;82m[48;2;199;149;102m▄[38;2;167;119;83m[48;2;191;143;100m▄[38;2;146;101;67m[48;2;189;139;99m▄[38;2;140;95;59m[48;2;162;116;80m▄[38;2;158;113;76m[48;2;118;82;54m▄[38;2;121;86;56m[48;2;68;39;26m▄[38;2;82;55;35m[48;2;52;24;18m▄[38;2;62;33;24m[48;2;75;37;31m▄[38;2;78;45;38m[48;2;91;46;35m▄[38;2;134;97;85m[48;2;117;62;47m▄[38;2;161;124;109m[48;2;144;83;68m▄[38;2;157;123;107m[48;2;127;72;58m▄[38;2;134;98;86m[48;2;93;47;34m▄[38;2;107;71;61m[48;2;77;37;29m▄[38;2;76;43;35m[48;2;71;33;28m▄[38;2;48;27;18m[48;2;58;24;17m▄[38;2;25;10;5m[48;2;57;27;19m▄[38;2;44;29;14m[48;2;46;22;14m▄[38;2;111;87;48m[48;2;37;19;8m▄[38;2;143;114;63m[48;2;87;64;35m▄[38;2;132;103;56m[48;2;136;105;59m▄[38;2;125;90;43m[48;2;146;109;57m▄[38;2;225;216;206m[48;2;230;220;209m▄[38;2;255;255;255m[48;2;255;255;255m▄[38;2;255;255;255m[48;2;255;255;255m▄[38;2;255;255;255m[48;2;255;255;255m▄[38;2;255;255;255m[48;2;255;255;255m▄[38;2;255;255;255m[48;2;255;255;255m▄[38;2;255;255;255m[48;2;255;255;255m▄[38;2;255;255;255m[48;2;255;255;255m▄[38;2;255;255;255m[48;2;255;255;255m▄[38;2;255;255;255m[48;2;255;255;255m▄[38;2;255;255;255m[48;2;255;255;255m▄[38;2;255;255;255m[48;2;255;255;255m▄[38;2;255;255;255m[48;2;255;255;255m▄[38;2;255;255;255m[48;2;255;255;255m▄[38;2;255;255;255m[48;2;255;255;255m▄[38;2;255;255;255m[48;2;255;255;255m▄[38;2;255;255;255m[48;2;255;255;255m▄[38;2;255;255;255m[48;2;255;255;255m▄[38;2;255;255;255m[48;2;255;255;255m▄[38;2;255;255;255m[48;2;255;255;255m▄[38;2;255;255;255m[48;2;255;255;255m▄[38;2;255;255;255m[48;2;255;255;255m▄[38;2;255;255;255m[48;2;255;255;255m▄[38;2;255;255;255m[48;2;255;255;255m▄[38;2;255;255;255m[48;2;255;255;255m▄[38;2;255;255;255m[48;2;255;255;255m▄[38;2;255;255;255m[48;2;255;255;255m▄[38;2;255;255;255m[48;2;255;255;255m▄[38;2;255;255;255m[48;2;255;255;255m▄[38;2;255;255;255m[48;2;255;255;255m▄[0m
[38;2;156;116;84m[48;2;39;31;26m▄[38;2;189;144;98m[48;2;115;90;68m▄[38;2;160;122;76m[48;2;167;128;90m▄[38;2;150;111;68m[48;2;151;115;72m▄[38;2;139;100;62m[48;2;134;99;60m▄[38;2;141;103;64m[48;2;130;95;60m▄[38;2;150;115;70m[48;2;147;112;73m▄[38;2;172;130;83m[48;2;156;118;76m▄[38;2;176;132;87m[48;2;165;122;82m▄[38;2;149;110;64m[48;2;150;107;68m▄[38;2;156;114;70m[48;2;128;91;53m▄[38;2;161;116;78m[48;2;164;117;79m▄[38;2;146;108;74m[48;2;170;125;86m▄[38;2;142;107;68m[48;2;140;105;67m▄[38;2;133;101;60m[48;2;104;76;47m▄[38;2;125;93;58m[48;2;62;39;24m▄[38;2;107;76;49m[48;2;67;43;33m▄[38;2;82;51;33m[48;2;109;79;71m▄[38;2;69;33;22m[48;2;143;109;100m▄[38;2;69;31;22m[48;2;149;114;104m▄[38;2;66;33;21m[48;2;124;87;76m▄[38;2;54;31;16m[48;2;82;48;36m▄[38;2;49;34;15m[48;2;55;27;18m▄[38;2;94;73;40m[48;2;38;20;13m▄[38;2;139;108;62m[48;2;79;60;33m▄[38;2;138;104;58m[48;2;126;100;56m▄[38;2;110;83;43m[48;2;130;104;60m▄[38;2;140;110;58m[48;2;102;79;41m▄[38;2;203;161;95m[48;2;126;97;50m▄[38;2;194;153;89m[48;2;163;124;68m▄[38;2;255;246;233m[48;2;239;230;217m▄[38;2;255;255;255m[48;2;255;255;255m▄[38;2;255;255;255m[48;2;255;255;255m▄[38;2;255;255;255m[48;2;255;255;255m▄[38;2;255;255;255m[48;2;255;255;255m▄[38;2;255;255;255m[48;2;255;255;255m▄[38;2;255;255;255m[48;2;255;255;255m▄[38;2;255;255;255m[48;2;255;255;255m▄[38;2;255;255;255m[48;2;255;255;255m▄[38;2;255;255;255m[48;2;255;255;255m▄[38;2;255;255;255m[48;2;255;255;255m▄[38;2;255;255;255m[48;2;255;255;255m▄[38;2;255;255;255m[48;2;255;255;255m▄[38;2;255;255;255m[48;2;255;255;255m▄[38;2;255;255;255m[48;2;255;255;255m▄[38;2;255;255;255m[48;2;255;255;255m▄[38;2;255;255;255m[48;2;255;255;255m▄[38;2;255;255;255m[48;2;255;255;255m▄[38;2;255;255;255m[48;2;255;255;255m▄[38;2;255;255;255m[48;2;255;255;255m▄[38;2;255;255;255m[48;2;255;255;255m▄[38;2;255;255;255m[48;2;255;255;255m▄[38;2;255;255;255m[48;2;255;255;255m▄[38;2;255;255;255m[48;2;255;255;255m▄[38;2;255;255;255m[48;2;255;255;255m▄[38;2;255;255;255m[48;2;255;255;255m▄[38;2;255;255;255m[48;2;255;255;255m▄[38;2;255;255;255m[48;2;255;255;255m▄[38;2;255;255;255m[48;2;255;255;255m▄[38;2;255;255;255m[48;2;255;255;255m▄[0m
