[38;2;172;130;77m[48;2;150;111;69m▄[38;2;194;147;90m[48;2;171;133;86m▄[38;2;166;126;80m[48;2;162;129;86m▄[38;2;175;138;86m[48;2;166;135;86m▄[38;2;172;136;88m[48;2;162;129;92m▄[38;2;170;133;88m[48;2;154;123;83m▄[38;2;174;138;90m[48;2;162;129;88m▄[38;2;176;142;93m[48;2;168;137;96m▄[38;2;175;147;99m[48;2;158;133;92m▄[38;2;174;144;100m[48;2;158;133;94m▄[38;2;157;125;89m[48;2;144;115;77m▄[38;2;153;122;86m[48;2;137;108;77m▄[38;2;158;127;77m[48;2;146;115;81m▄[38;2;147;118;72m[48;2;137;110;73m▄[38;2;183;178;154m[48;2;166;156;139m▄[38;2;205;222;199m[48;2;187;200;183m▄[38;2;189;200;180m[48;2;173;185;168m▄[38;2;233;235;251m[48;2;216;216;227m▄[38;2;255;255;255m[48;2;243;245;254m▄[38;2;251;253;255m[48;2;239;239;249m▄[38;2;244;243;255m[48;2;243;243;251m▄[38;2;255;255;255m[48;2;254;254;254m▄[38;2;255;255;255m[48;2;254;254;254m▄[38;2;255;255;255m[48;2;254;254;254m▄[38;2;255;255;255m[48;2;254;254;254m▄[38;2;255;255;255m[48;2;253;253;254m▄[38;2;255;255;255m[48;2;249;249;254m▄[38;2;255;255;255m[48;2;247;245;253m▄[38;2;255;255;255m[48;2;249;247;254m▄[38;2;255;255;255m[48;2;253;254;254m▄[38;2;193;159;136m[48;2;169;148;129m▄[38;2;194;135;73m[48;2;162;113;63m▄[38;2;176;125;75m[48;2;171;129;83m▄[38;2;184;137;84m[48;2;179;137;86m▄[38;2;184;138;85m[48;2;175;133;90m▄[38;2;183;138;86m[48;2;168;127;88m▄[38;2;184;137;89m[48;2;168;125;86m▄[38;2;188;144;95m[48;2;179;137;92m▄[38;2;186;145;98m[48;2;173;135;92m▄[38;2;189;149;106m[48;2;169;133;98m▄[38;2;174;134;94m[48;2;160;125;88m▄[38;2;163;123;89m[48;2;144;110;81m▄[38;2;165;127;84m[48;2;154;119;81m▄[38;2;156;120;75m[48;2;148;113;75m▄[38;2;171;144;117m[48;2;160;131;112m▄[38;2;217;219;197m[48;2;195;195;175m▄[38;2;205;209;183m[48;2;187;191;169m▄[38;2;225;218;217m[48;2;202;197;195m▄[38;2;255;255;255m[48;2;251;239;254m▄[38;2;255;255;255m[48;2;249;241;253m▄[38;2;254;242;255m[48;2;245;235;249m▄[38;2;255;252;255m[48;2;254;254;254m▄[38;2;255;255;255m[48;2;254;254;254m▄[38;2;255;255;255m[48;2;254;254;254m▄[38;2;255;255;255m[48;2;254;254;254m▄[38;2;255;255;255m[48;2;254;254;254m▄[38;2;255;255;255m[48;2;254;254;254m▄[38;2;255;255;255m[48;2;254;253;254m▄[38;2;255;255;255m[48;2;254;249;254m▄[38;2;255;255;255m[48;2;254;254;254m▄[0m
[38;2;167;122;65m[48;2;169;127;72m▄[38;2;184;135;71m[48;2;181;132;75m▄[38;2;145;103;42m[48;2;139;98;48m▄[38;2;138;95;42m[48;2;146;107;56m▄[38;2;125;83;39m[48;2;145;110;61m▄[38;2;125;87;44m[48;2;151;117;69m▄[38;2;108;78;48m[48;2;157;124;75m▄[38;2;57;45;38m[48;2;157;126;79m▄[38;2;28;22;25m[48;2;135;110;77m▄[38;2;35;30;26m[48;2;95;77;55m▄[38;2;39;37;37m[48;2;72;60;44m▄[38;2;36;36;39m[48;2;74;65;51m▄[38;2;41;42;45m[48;2;83;74;56m▄[38;2;40;37;42m[48;2;84;72;57m▄[38;2;52;43;49m[48;2;105;106;95m▄[38;2;37;33;38m[48;2;138;148;133m▄[38;2;73;54;63m[48;2;140;150;137m▄[38;2;192;156;169m[48;2;205;214;228m▄[38;2;202;184;186m[48;2;230;240;255m▄[38;2;222;200;202m[48;2;222;229;247m▄[38;2;228;207;211m[48;2;211;215;233m▄[38;2;236;217;219m[48;2;215;218;236m▄[38;2;225;209;211m[48;2;226;228;245m▄[38;2;213;190;201m[48;2;246;249;255m▄[38;2;253;213;245m[48;2;252;255;255m▄[38;2;255;211;249m[48;2;253;251;255m▄[38;2;253;199;239m[48;2;254;247;255m▄[38;2;248;182;220m[48;2;251;235;251m▄[38;2;245;167;201m[48;2;244;214;237m▄[38;2;242;171;206m[48;2;255;205;243m▄[38;2;172;121;107m[48;2;180;129;116m▄[38;2;181;125;63m[48;2;179;126;61m▄[38;2;164;111;50m[48;2;155;105;50m▄[38;2;153;104;41m[48;2;154;107;52m▄[38;2;136;87;39m[48;2;154;108;57m▄[38;2;135;90;45m[48;2;157;116;67m▄[38;2;129;86;47m[48;2;164;122;78m▄[38;2;95;68;46m[48;2;171;129;81m▄[38;2;41;30;29m[48;2;157;121;78m▄[38;2;29;21;22m[48;2;121;94;67m▄[38;2;45;36;31m[48;2;81;60;45m▄[38;2;49;41;39m[48;2;75;58;47m▄[38;2;46;38;42m[48;2;82;69;55m▄[38;2;53;46;52m[48;2;86;72;60m▄[38;2;43;37;45m[48;2;96;83;73m▄[38;2;53;43;46m[48;2;123;122;110m▄[38;2;39;33;32m[48;2;138;139;121m▄[38;2;115;80;91m[48;2;178;175;174m▄[38;2;206;165;178m[48;2;237;234;251m▄[38;2;215;185;187m[48;2;241;236;255m▄[38;2;228;195;196m[48;2;226;220;236m▄[38;2;238;208;208m[48;2;226;217;235m▄[38;2;245;218;216m[48;2;230;221;239m▄[38;2;230;204;206m[48;2;244;237;250m▄[38;2;224;190;204m[48;2;255;254;255m▄[38;2;255;215;247m[48;2;255;253;255m▄[38;2;255;207;243m[48;2;254;249;255m▄[38;2;252;194;231m[48;2;254;244;255m▄[38;2;247;176;213m[48;2;250;225;245m▄[38;2;252;182;213m[48;2;254;225;249m▄[0m
[38;2;156;109;49m[48;2;160;112;52m▄[38;2;176;127;65m[48;2;184;135;71m▄[38;2;138;93;42m[48;2;141;97;41m▄[38;2;125;81;31m[48;2;131;87;38m▄[38;2;115;73;33m[48;2;116;74;34m▄[38;2;93;55;27m[48;2;99;59;30m▄[38;2;46;25;21m[48;2;42;25;18m▄[38;2;11;8;15m[48;2;17;15;22m▄[38;2;17;13;19m[48;2;29;22;26m▄[38;2;29;21;23m[48;2;41;32;29m▄[38;2;53;42;36m[48;2;48;40;36m▄[38;2;74;60;51m[48;2;53;48;44m▄[38;2;66;50;48m[48;2;55;51;48m▄[38;2;74;61;54m[48;2;54;51;50m▄[38;2;54;48;41m[48;2;48;42;42m▄[38;2;36;28;33m[48;2;23;20;23m▄[38;2;106;81;90m[48;2;93;77;94m▄[38;2;122;90;93m[48;2;213;136;161m▄[38;2;93;60;66m[48;2;166;92;82m▄[38;2;82;59;64m[48;2;195;118;109m▄[38;2;134;120;118m[48;2;218;150;137m▄[38;2;157;149;142m[48;2;234;175;161m▄[38;2;146;141;133m[48;2;223;182;172m▄[38;2;149;147;138m[48;2;170;148;141m▄[38;2;154;151;143m[48;2;184;148;157m▄[38;2;160;157;152m[48;2;202;151;162m▄[38;2;176;173;169m[48;2;199;151;159m▄[38;2;196;194;193m[48;2;202;165;167m▄[38;2;203;204;208m[48;2;203;179;181m▄[38;2;223;227;240m[48;2;210;199;206m▄[38;2;178;150;121m[48;2;164;133;105m▄[38;2;168;108;42m[48;2;177;118;59m▄[38;2;164;111;51m[48;2;166;113;52m▄[38;2;133;83;33m[48;2;143;91;34m▄[38;2;129;82;35m[48;2;130;81;33m▄[38;2;113;66;32m[48;2;121;74;32m▄[38;2;78;43;26m[48;2;80;42;23m▄[38;2;29;17;18m[48;2;32;19;21m▄[38;2;10;7;14m[48;2;24;18;20m▄[38;2;29;21;24m[48;2;37;27;27m▄[38;2;35;25;22m[48;2;44;34;29m▄[38;2;56;41;34m[48;2;52;41;35m▄[38;2;84;66;51m[48;2;59;52;42m▄[38;2;75;55;49m[48;2;62;55;47m▄[38;2;77;57;53m[48;2;64;55;52m▄[38;2;68;56;53m[48;2;55;45;46m▄[38;2;54;37;45m[48;2;21;20;19m▄[38;2;112;84;91m[48;2;140;108;128m▄[38;2;112;78;79m[48;2;216;129;141m▄[38;2;82;54;58m[48;2;182;99;90m▄[38;2;106;86;84m[48;2;211;130;122m▄[38;2;164;147;140m[48;2;226;156;141m▄[38;2;161;145;141m[48;2;236;178;165m▄[38;2;155;140;134m[48;2;215;176;168m▄[38;2;167;152;145m[48;2;173;145;139m▄[38;2;171;157;150m[48;2;196;152;159m▄[38;2;178;165;158m[48;2;207;150;156m▄[38;2;198;188;183m[48;2;210;158;159m▄[38;2;209;198;198m[48;2;211;170;168m▄[38;2;245;229;235m[48;2;236;204;205m▄[0m
[38;2;174;129;65m[48;2;162;112;47m▄[38;2;166;116;54m[48;2;172;120;60m▄[38;2;142;99;45m[48;2;141;97;47m▄[38;2;118;78;32m[48;2;119;77;29m▄[38;2;112;73;34m[48;2;112;73;30m▄[38;2;104;66;28m[48;2;102;65;29m▄[38;2;71;43;24m[48;2;64;38;22m▄[38;2;11;7;15m[48;2;13;9;15m▄[38;2;8;8;16m[48;2;7;7;15m▄[38;2;82;62;35m[48;2;24;22;25m▄[38;2;33;27;25m[48;2;30;24;24m▄[38;2;3;6;17m[48;2;60;41;37m▄[38;2;3;6;16m[48;2;69;45;50m▄[38;2;3;5;16m[48;2;55;40;42m▄[38;2;6;6;18m[48;2;29;25;30m▄[38;2;6;6;18m[48;2;18;15;25m▄[38;2;7;8;20m[48;2;6;5;17m▄[38;2;16;17;25m[48;2;0;0;11m▄[38;2;32;30;36m[48;2;3;8;21m▄[38;2;35;33;35m[48;2;21;23;31m▄[38;2;36;33;32m[48;2;38;38;38m▄[38;2;21;17;20m[48;2;87;87;85m▄[38;2;73;71;75m[48;2;156;157;159m▄[38;2;171;173;180m[48;2;176;177;181m▄[38;2;191;191;200m[48;2;180;179;185m▄[38;2;184;183;188m[48;2;185;184;190m▄[38;2;195;194;198m[48;2;200;198;207m▄[38;2;200;199;200m[48;2;206;204;210m▄[38;2;196;194;191m[48;2;195;194;194m▄[38;2;194;196;198m[48;2;200;203;208m▄[38;2;182;156;123m[48;2;182;155;122m▄[38;2;170;112;46m[48;2;168;109;41m▄[38;2;159;106;52m[48;2;163;110;57m▄[38;2;132;85;37m[48;2;130;82;35m▄[38;2;125;81;32m[48;2;125;79;34m▄[38;2;114;69;28m[48;2;114;69;29m▄[38;2;108;64;32m[48;2;102;61;29m▄[38;2;37;20;15m[48;2;38;21;18m▄[38;2;3;3;11m[48;2;3;4;15m▄[38;2;55;39;25m[48;2;19;14;22m▄[38;2;87;63;41m[48;2;32;24;25m▄[38;2;7;7;16m[48;2;32;23;23m▄[38;2;6;7;15m[48;2;56;37;37m▄[38;2;4;6;15m[48;2;60;40;40m▄[38;2;5;7;16m[48;2;53;37;39m▄[38;2;5;6;17m[48;2;27;23;27m▄[38;2;7;7;18m[48;2;15;13;23m▄[38;2;13;13;22m[48;2;1;1;13m▄[38;2;31;28;34m[48;2;0;4;11m▄[38;2;41;35;38m[48;2;18;19;24m▄[38;2;43;34;34m[48;2;35;32;31m▄[38;2;36;26;28m[48;2;63;56;53m▄[38;2;39;32;33m[48;2;134;125;128m▄[38;2;142;136;139m[48;2;187;177;182m▄[38;2;203;196;202m[48;2;190;177;185m▄[38;2;202;193;200m[48;2;195;184;188m▄[38;2;204;193;202m[48;2;205;193;199m▄[38;2;217;206;213m[48;2;221;210;214m▄[38;2;216;204;204m[48;2;214;201;205m▄[38;2;233;218;216m[48;2;231;215;217m▄[0m
[38;2;191;151;85m[48;2;154;114;65m▄[38;2;159;109;56m[48;2;152;104;53m▄[38;2;141;97;49m[48;2;143;100;53m▄[38;2;130;88;41m[48;2;123;82;35m▄[38;2;110;68;34m[48;2;110;68;31m▄[38;2;102;64;28m[48;2;104;63;29m▄[38;2;101;65;29m[48;2;90;55;31m▄[38;2;45;28;16m[48;2;23;14;12m▄[38;2;16;13;18m[48;2;13;11;16m▄[38;2;8;8;18m[48;2;41;32;23m▄[38;2;5;6;13m[48;2;23;20;21m▄[38;2;10;10;16m[48;2;8;9;18m▄[38;2;11;10;17m[48;2;14;14;21m▄[38;2;14;13;21m[48;2;16;16;23m▄[38;2;11;10;21m[48;2;9;9;20m▄[38;2;10;11;21m[48;2;9;9;22m▄[38;2;15;16;24m[48;2;18;19;27m▄[38;2;21;20;26m[48;2;31;31;36m▄[38;2;29;28;28m[48;2;36;35;36m▄[38;2;22;21;24m[48;2;38;35;34m▄[38;2;16;16;23m[48;2;31;28;29m▄[38;2;21;20;24m[48;2;28;26;30m▄[38;2;33;30;32m[48;2;27;22;28m▄[38;2;26;24;27m[48;2;48;46;53m▄[38;2;6;6;15m[48;2;112;114;121m▄[38;2;75;74;81m[48;2;168;169;175m▄[38;2;176;176;182m[48;2;177;175;179m▄[38;2;172;173;176m[48;2;176;176;175m▄[38;2;172;173;173m[48;2;181;179;176m▄[38;2;171;174;177m[48;2;185;187;186m▄[38;2;170;145;114m[48;2;158;135;110m▄[38;2;178;121;61m[48;2;152;97;47m▄[38;2;145;92;47m[48;2;153;100;49m▄[38;2;150;100;51m[48;2;142;95;43m▄[38;2;124;78;32m[48;2;123;77;34m▄[38;2;110;66;28m[48;2;111;67;31m▄[38;2;114;70;32m[48;2;111;66;33m▄[38;2;78;46;24m[48;2;54;29;19m▄[38;2;22;14;20m[48;2;14;8;15m▄[38;2;16;14;23m[48;2;29;21;22m▄[38;2;5;5;13m[48;2;36;28;22m▄[38;2;10;10;16m[48;2;13;11;18m▄[38;2;11;11;17m[48;2;12;11;17m▄[38;2;14;13;17m[48;2;19;18;22m▄[38;2;15;13;19m[48;2;15;14;20m▄[38;2;11;11;14m[48;2;9;8;18m▄[38;2;15;15;16m[48;2;15;16;24m▄[38;2;19;19;23m[48;2;28;28;32m▄[38;2;32;27;31m[48;2;39;36;38m▄[38;2;33;26;28m[48;2;44;38;36m▄[38;2;20;20;20m[48;2;42;34;30m▄[38;2;19;21;20m[48;2;33;29;27m▄[38;2;30;27;31m[48;2;32;29;29m▄[38;2;39;34;37m[48;2;35;31;34m▄[38;2;18;16;20m[48;2;86;82;88m▄[38;2;29;27;31m[48;2;160;154;161m▄[38;2;158;151;159m[48;2;197;187;195m▄[38;2;198;188;195m[48;2;195;183;189m▄[38;2;190;179;184m[48;2;197;186;189m▄[38;2;204;193;195m[48;2;216;204;204m▄[0m
[38;2;191;149;89m[48;2;180;140;78m▄[38;2;185;137;78m[48;2;167;120;61m▄[38;2;145;101;51m[48;2;142;98;52m▄[38;2;140;99;49m[48;2;132;91;45m▄[38;2;116;76;37m[48;2;109;69;33m▄[38;2;95;57;28m[48;2;102;63;29m▄[38;2;90;58;33m[48;2;98;61;32m▄[38;2;50;36;27m[48;2;45;26;17m▄[38;2;29;25;26m[48;2;21;17;21m▄[38;2;51;44;34m[48;2;17;15;20m▄[38;2;44;38;30m[48;2;8;9;16m▄[38;2;8;8;19m[48;2;9;9;18m▄[38;2;11;12;21m[48;2;13;12;22m▄[38;2;13;14;21m[48;2;16;14;21m▄[38;2;14;14;20m[48;2;17;15;19m▄[38;2;17;13;18m[48;2;15;14;20m▄[38;2;38;34;33m[48;2;20;20;25m▄[38;2;32;29;27m[48;2;27;26;27m▄[38;2;31;24;22m[48;2;26;27;26m▄[38;2;46;34;29m[48;2;14;16;22m▄[38;2;51;40;34m[48;2;23;22;28m▄[38;2;45;36;34m[48;2;38;34;34m▄[38;2;18;15;20m[48;2;46;39;38m▄[38;2;16;16;24m[48;2;29;27;31m▄[38;2;24;24;31m[48;2;17;19;28m▄[38;2;28;27;32m[48;2;26;26;31m▄[38;2;42;40;38m[48;2;114;115;115m▄[38;2;72;67;56m[48;2;151;151;148m▄[38;2;78;73;64m[48;2;162;159;154m▄[38;2;72;72;68m[48;2;166;167;165m▄[38;2;131;105;74m[48;2;158;133;102m▄[38;2;205;149;86m[48;2;180;125;66m▄[38;2;160;107;57m[48;2;151;98;50m▄[38;2;156;106;56m[48;2;152;103;51m▄[38;2;134;88;44m[48;2;124;80;34m▄[38;2;107;65;34m[48;2;110;65;30m▄[38;2;103;61;30m[48;2;111;68;33m▄[38;2;79;52;32m[48;2;74;44;24m▄[38;2;38;29;25m[48;2;26;18;18m▄[38;2;44;35;30m[48;2;23;20;22m▄[38;2;68;55;39m[48;2;12;11;17m▄[38;2;22;17;19m[48;2;9;9;18m▄[38;2;12;10;18m[48;2;12;10;18m▄[38;2;15;14;17m[48;2;17;14;18m▄[38;2;17;15;20m[48;2;20;17;22m▄[38;2;16;14;16m[48;2;17;15;18m▄[38;2;33;27;27m[48;2;21;19;20m▄[38;2;45;39;37m[48;2;29;26;27m▄[38;2;32;24;21m[48;2;35;31;33m▄[38;2;51;35;26m[48;2;23;20;25m▄[38;2;58;42;32m[48;2;21;21;24m▄[38;2;59;44;39m[48;2;38;32;33m▄[38;2;35;26;26m[48;2;52;41;40m▄[38;2;18;15;21m[48;2;43;34;36m▄[38;2;27;24;27m[48;2;26;24;29m▄[38;2;33;29;31m[48;2;21;19;24m▄[38;2;39;32;31m[48;2;77;71;72m▄[38;2;71;63;51m[48;2;156;146;146m▄[38;2;83;76;65m[48;2;168;156;153m▄[38;2;96;87;70m[48;2;191;177;172m▄[0m
[38;2;182;162;125m[48;2;162;129;74m▄[38;2;191;169;131m[48;2;167;127;70m▄[38;2;187;168;135m[48;2;146;107;60m▄[38;2;203;185;153m[48;2;148;111;64m▄[38;2;124;105;83m[48;2;112;80;42m▄[38;2;79;71;67m[48;2;113;88;72m▄[38;2;61;57;53m[48;2;111;98;89m▄[38;2;82;71;61m[48;2;52;47;42m▄[38;2;142;127;103m[48;2;30;25;22m▄[38;2;200;182;148m[48;2;120;107;77m▄[38;2;185;168;136m[48;2;146;134;99m▄[38;2;151;138;110m[48;2;96;87;68m▄[38;2;60;54;43m[48;2;42;37;32m▄[38;2;37;35;30m[48;2;17;17;21m▄[38;2;78;73;58m[48;2;19;18;21m▄[38;2;73;66;52m[48;2;51;45;37m▄[38;2;46;42;35m[48;2;49;42;36m▄[38;2;119;112;100m[48;2;62;55;50m▄[38;2;235;224;203m[48;2;135;122;105m▄[38;2;211;197;168m[48;2;146;133;114m▄[38;2;206;187;152m[48;2;141;128;109m▄[38;2;206;187;149m[48;2;123;111;90m▄[38;2;198;177;136m[48;2;93;82;63m▄[38;2;84;74;54m[48;2;46;40;38m▄[38;2;33;31;29m[48;2;33;32;33m▄[38;2;106;96;84m[48;2;41;39;36m▄[38;2;198;180;153m[48;2;126;116;101m▄[38;2;204;190;161m[48;2;187;173;146m▄[38;2;217;201;173m[48;2;177;165;143m▄[38;2;222;207;180m[48;2;173;163;144m▄[38;2;186;165;137m[48;2;151;126;93m▄[38;2;194;162;126m[48;2;167;123;67m▄[38;2;193;166;132m[48;2;152;108;58m▄[38;2;217;192;158m[48;2;164;118;69m▄[38;2;180;154;124m[48;2;136;96;55m▄[38;2;95;82;68m[48;2;114;81;56m▄[38;2;79;70;62m[48;2;127;104;91m▄[38;2;79;66;55m[48;2;84;73;63m▄[38;2;131;110;95m[48;2;31;25;21m▄[38;2;200;171;142m[48;2;88;71;54m▄[38;2;206;178;149m[48;2;170;144;110m▄[38;2;174;150;124m[48;2;135;116;93m▄[38;2;107;92;71m[48;2;76;64;52m▄[38;2;39;33;26m[48;2;27;22;23m▄[38;2;81;70;59m[48;2;17;15;19m▄[38;2;92;78;62m[48;2;41;36;31m▄[38;2;65;57;46m[48;2;64;54;44m▄[38;2;69;58;48m[48;2;47;40;34m▄[38;2;218;198;175m[48;2;122;107;88m▄[38;2;234;211;184m[48;2;160;140;117m▄[38;2;220;192;160m[48;2;161;141;117m▄[38;2;218;188;154m[48;2;146;126;103m▄[38;2;225;193;158m[48;2;125;106;83m▄[38;2;151;128;99m[48;2;76;64;47m▄[38;2;46;38;33m[48;2;40;34;31m▄[38;2;66;56;48m[48;2;42;38;34m▄[38;2;185;160;136m[48;2;87;75;66m▄[38;2;217;190;163m[48;2;194;171;144m▄[38;2;225;201;174m[48;2;197;175;148m▄[38;2;249;224;196m[48;2;209;186;160m▄[0m
[38;2;187;171;140m[48;2;254;254;244m▄[38;2;201;181;147m[48;2;255;255;251m▄[38;2;192;167;133m[48;2;255;242;220m▄[38;2;191;168;134m[48;2;255;244;222m▄[38;2;194;170;138m[48;2;232;219;197m▄[38;2;194;171;139m[48;2;221;208;181m▄[38;2;196;173;142m[48;2;228;214;190m▄[38;2;197;177;143m[48;2;246;233;211m▄[38;2;191;173;141m[48;2;255;243;214m▄[38;2;176;159;131m[48;2;173;160;138m▄[38;2;164;147;124m[48;2;94;86;72m▄[38;2;177;158;137m[48;2;96;89;81m▄[38;2;195;178;149m[48;2;144;137;127m▄[38;2;189;173;147m[48;2;213;207;190m▄[38;2;193;185;167m[48;2;231;220;197m▄[38;2;155;160;140m[48;2;84;74;59m▄[38;2;117;121;104m[48;2;43;38;31m▄[38;2;138;137;132m[48;2;56;49;36m▄[38;2;208;205;201m[48;2;169;155;131m▄[38;2;235;230;226m[48;2;230;213;176m▄[38;2;230;224;219m[48;2;239;221;186m▄[38;2;237;233;223m[48;2;241;220;184m▄[38;2;241;236;224m[48;2;239;216;177m▄[38;2;235;227;214m[48;2;130;114;89m▄[38;2;169;164;160m[48;2;28;22;18m▄[38;2;142;141;142m[48;2;86;75;63m▄[38;2;178;174;172m[48;2;207;190;165m▄[38;2;229;223;216m[48;2;241;227;201m▄[38;2;232;225;217m[48;2;240;225;196m▄[38;2;233;229;219m[48;2;232;216;189m▄[38;2;178;168;153m[48;2;219;209;194m▄[38;2;187;165;132m[48;2;255;255;244m▄[38;2;194;168;132m[48;2;255;246;223m▄[38;2;196;167;133m[48;2;255;244;220m▄[38;2;195;168;137m[48;2;253;235;211m▄[38;2;196;170;139m[48;2;234;217;192m▄[38;2;195;170;141m[48;2;239;219;198m▄[38;2;200;175;145m[48;2;251;229;207m▄[38;2;196;174;143m[48;2;255;248;221m▄[38;2;188;169;143m[48;2;230;206;180m▄[38;2;177;157;131m[48;2;125;108;90m▄[38;2;175;155;134m[48;2;100;87;77m▄[38;2;195;174;150m[48;2;136;123;112m▄[38;2;195;176;146m[48;2;201;185;171m▄[38;2;190;176;154m[48;2;255;242;223m▄[38;2;185;181;165m[48;2;164;144;120m▄[38;2;139;140;121m[48;2;52;41;28m▄[38;2;125;122;112m[48;2;49;40;31m▄[38;2;186;179;179m[48;2;120;102;84m▄[38;2;236;230;225m[48;2;231;204;175m▄[38;2;232;225;219m[48;2;247;220;189m▄[38;2;237;230;221m[48;2;251;222;189m▄[38;2;241;233;224m[48;2;255;222;186m▄[38;2;248;238;226m[48;2;207;177;141m▄[38;2;207;197;186m[48;2;71;55;40m▄[38;2;150;145;146m[48;2;46;35;25m▄[38;2;155;149;149m[48;2;166;141;121m▄[38;2;214;203;197m[48;2;243;216;190m▄[38;2;238;226;219m[48;2;253;228;203m▄[38;2;243;237;225m[48;2;255;242;214m▄[0m
[38;2;165;122;63m[48;2;162;118;56m▄[38;2;184;138;74m[48;2;177;129;70m▄[38;2;139;100;47m[48;2;145;106;57m▄[38;2;147;107;53m[48;2;155;121;70m▄[38;2;145;109;57m[48;2;151;120;70m▄[38;2;150;117;68m[48;2;151;118;69m▄[38;2;158;126;77m[48;2;153;120;70m▄[38;2;155;125;80m[48;2;158;124;76m▄[38;2;127;103;72m[48;2;158;128;82m▄[38;2;93;75;53m[48;2;158;132;83m▄[38;2;78;63;45m[48;2;143;113;74m▄[38;2;78;67;50m[48;2;136;107;69m▄[38;2;88;77;55m[48;2;139;111;64m▄[38;2;83;71;50m[48;2;127;100;53m▄[38;2;110;108;97m[48;2;157;152;127m▄[38;2;139;150;133m[48;2;197;216;193m▄[38;2;144;158;139m[48;2;182;196;174m▄[38;2;207;218;232m[48;2;221;225;240m▄[38;2;228;240;255m[48;2;240;246;255m▄[38;2;222;230;248m[48;2;231;236;252m▄[38;2;210;215;234m[48;2;223;225;244m▄[38;2;213;219;238m[48;2;238;242;255m▄[38;2;224;230;245m[48;2;252;255;255m▄[38;2;241;247;255m[48;2;255;255;255m▄[38;2;250;254;254m[48;2;255;255;255m▄[38;2;253;254;255m[48;2;255;255;255m▄[38;2;252;249;255m[48;2;255;255;255m▄[38;2;248;236;250m[48;2;246;252;255m▄[38;2;241;214;236m[48;2;241;245;254m▄[38;2;253;203;241m[48;2;248;247;254m▄[38;2;175;129;117m[48;2;168;142;122m▄[38;2;167;126;65m[48;2;159;115;53m▄[38;2;146;107;55m[48;2;146;109;59m▄[38;2;143;107;52m[48;2;152;119;67m▄[38;2;145;108;56m[48;2;152;119;72m▄[38;2;149;116;66m[48;2;150;118;75m▄[38;2;157;125;72m[48;2;151;118;71m▄[38;2;158;127;79m[48;2;157;125;77m▄[38;2;136;110;77m[48;2;156;127;82m▄[38;2;110;91;65m[48;2;159;133;89m▄[38;2;89;73;58m[48;2;148;120;85m▄[38;2;86;72;56m[48;2;137;106;73m▄[38;2;90;80;52m[48;2;140;112;66m▄[38;2;93;82;56m[48;2;134;108;58m▄[38;2;107;96;80m[48;2;134;113;81m▄[38;2;147;156;142m[48;2;182;194;177m▄[38;2;154;173;150m[48;2;186;205;183m▄[38;2;176;189;185m[48;2;190;199;194m▄[38;2;226;235;255m[48;2;239;244;255m▄[38;2;226;237;255m[48;2;235;242;255m▄[38;2;213;221;240m[48;2;225;231;247m▄[38;2;213;217;239m[48;2;227;232;248m▄[38;2;219;223;244m[48;2;245;250;255m▄[38;2;233;238;251m[48;2;255;255;255m▄[38;2;246;250;254m[48;2;255;255;255m▄[38;2;253;255;255m[48;2;255;255;255m▄[38;2;252;252;255m[48;2;255;255;255m▄[38;2;250;243;253m[48;2;249;255;255m▄[38;2;244;228;246m[48;2;243;249;255m▄[38;2;253;219;247m[48;2;254;253;254m▄[0m
[38;2;158;112;47m[48;2;163;120;56m▄[38;2;183;136;70m[48;2;186;138;69m▄[38;2;146;101;48m[48;2;147;104;44m▄[38;2;130;88;35m[48;2;140;99;39m▄[38;2;117;75;32m[48;2;125;83;38m▄[38;2;88;52;24m[48;2;124;85;45m▄[38;2;29;18;18m[48;2;93;68;47m▄[38;2;17;13;18m[48;2;45;35;34m▄[38;2;39;30;27m[48;2;30;23;25m▄[38;2;49;39;36m[48;2;42;34;35m▄[38;2;51;43;40m[48;2;34;30;30m▄[38;2;54;49;41m[48;2;36;36;35m▄[38;2;54;48;42m[48;2;37;35;38m▄[38;2;57;50;49m[48;2;51;48;52m▄[38;2;43;39;39m[48;2;48;44;46m▄[38;2;16;18;16m[48;2;29;25;26m▄[38;2;136;101;126m[48;2;110;86;92m▄[38;2;202;122;137m[48;2;203;182;192m▄[38;2;172;99;88m[48;2;215;203;209m▄[38;2;206;132;120m[48;2;227;211;217m▄[38;2;229;165;148m[48;2;227;213;219m▄[38;2;244;189;175m[48;2;231;219;223m▄[38;2;214;180;174m[48;2;213;204;207m▄[38;2;168;145;145m[48;2;226;202;221m▄[38;2;206;160;176m[48;2;255;224;255m▄[38;2;207;153;165m[48;2;255;218;253m▄[38;2;202;152;160m[48;2;255;206;247m▄[38;2;204;164;166m[48;2;251;184;223m▄[38;2;204;177;181m[48;2;248;174;208m▄[38;2;212;194;202m[48;2;246;175;212m▄[38;2;160;131;104m[48;2;169;120;106m▄[38;2;164;118;56m[48;2;167;125;61m▄[38;2;158;115;58m[48;2;155;111;52m▄[38;2;132;90;38m[48;2;143;102;44m▄[38;2;121;80;34m[48;2;127;87;39m▄[38;2;95;57;29m[48;2;124;87;43m▄[38;2;30;19;21m[48;2;99;72;45m▄[38;2;15;13;20m[48;2;55;44;34m▄[38;2;39;30;32m[48;2;37;28;30m▄[38;2;38;32;33m[48;2;34;28;33m▄[38;2;43;39;36m[48;2;33;32;36m▄[38;2;48;45;39m[48;2;36;36;37m▄[38;2;44;38;40m[48;2;36;36;37m▄[38;2;45;40;44m[48;2;45;44;49m▄[38;2;36;34;37m[48;2;46;44;47m▄[38;2;14;18;20m[48;2;32;31;34m▄[38;2;108;82;107m[48;2;90;76;80m▄[38;2;205;126;147m[48;2;194;178;185m▄[38;2;169;101;94m[48;2;215;207;222m▄[38;2;203;130;119m[48;2;232;223;232m▄[38;2;230;165;146m[48;2;226;219;226m▄[38;2;249;190;177m[48;2;227;218;226m▄[38;2;235;194;188m[48;2;218;212;216m▄[38;2;179;155;154m[48;2;218;201;215m▄[38;2;200;160;176m[48;2;250;221;254m▄[38;2;219;163;183m[48;2;255;224;255m▄[38;2;208;153;168m[48;2;255;216;253m▄[38;2;206;160;168m[48;2;254;198;239m▄[38;2;208;173;180m[48;2;250;179;216m▄[38;2;226;199;206m[48;2;254;190;227m▄[0m
[38;2;173;127;58m[48;2;158;111;43m▄[38;2;171;121;55m[48;2;175;127;61m▄[38;2;147;102;51m[48;2;143;99;45m▄[38;2;119;76;31m[48;2;123;81;31m▄[38;2;114;74;27m[48;2;115;75;32m▄[38;2;101;62;26m[48;2;88;51;24m▄[38;2;58;33;20m[48;2;39;20;20m▄[38;2;11;7;14m[48;2;14;9;16m▄[38;2;10;8;14m[48;2;17;12;17m▄[38;2;31;26;26m[48;2;37;30;23m▄[38;2;38;29;28m[48;2;67;57;43m▄[38;2;38;24;26m[48;2;60;52;42m▄[38;2;33;22;24m[48;2;57;49;42m▄[38;2;35;27;29m[48;2;67;57;50m▄[38;2;24;21;25m[48;2;41;35;36m▄[38;2;23;17;27m[48;2;56;43;51m▄[38;2;4;0;13m[48;2;130;107;114m▄[38;2;0;0;12m[48;2;128;91;93m▄[38;2;5;10;19m[48;2;100;66;69m▄[38;2;23;25;27m[48;2;92;66;68m▄[38;2;39;38;36m[48;2;139;121;113m▄[38;2;80;79;76m[48;2;160;148;138m▄[38;2;149;150;151m[48;2;151;142;137m▄[38;2;175;175;179m[48;2;148;144;138m▄[38;2;178;178;180m[48;2;149;147;139m▄[38;2;185;184;189m[48;2;157;154;147m▄[38;2;198;199;206m[48;2;170;169;162m▄[38;2;209;210;217m[48;2;191;193;188m▄[38;2;199;199;201m[48;2;201;203;203m▄[38;2;204;207;215m[48;2;223;227;237m▄[38;2;179;160;127m[48;2;176;153;123m▄[38;2;158;108;44m[48;2;155;106;41m▄[38;2;155;110;59m[48;2;155;113;59m▄[38;2;122;80;38m[48;2;123;81;32m▄[38;2;117;75;33m[48;2;121;78;32m▄[38;2;101;60;28m[48;2;96;56;28m▄[38;2;63;35;23m[48;2;44;25;20m▄[38;2;16;9;15m[48;2;15;11;17m▄[38;2;7;6;15m[48;2;16;13;20m▄[38;2;42;37;37m[48;2;50;42;38m▄[38;2;43;35;33m[48;2;64;55;48m▄[38;2;45;29;28m[48;2;55;50;44m▄[38;2;55;36;35m[48;2;60;53;49m▄[38;2;45;35;34m[48;2;54;47;45m▄[38;2;23;20;27m[48;2;25;25;28m▄[38;2;33;24;35m[48;2;62;49;61m▄[38;2;19;8;21m[48;2;145;118;131m▄[38;2;2;3;16m[48;2;156;109;109m▄[38;2;1;6;19m[48;2;128;81;83m▄[38;2;12;17;24m[48;2;111;74;75m▄[38;2;30;31;33m[48;2;125;96;90m▄[38;2;53;55;52m[48;2;161;144;137m▄[38;2;110;114;112m[48;2;159;150;146m▄[38;2;168;169;172m[48;2;149;145;140m▄[38;2;176;175;180m[48;2;148;145;139m▄[38;2;182;181;188m[48;2;156;151;144m▄[38;2;189;188;195m[48;2;163;161;153m▄[38;2;206;207;215m[48;2;182;182;176m▄[38;2;208;208;215m[48;2;199;200;201m▄[38;2;218;217;223m[48;2;227;229;236m▄[0m
[38;2;158;122;71m[48;2;189;149;78m▄[38;2;152;107;53m[48;2;169;119;51m▄[38;2;144;102;49m[48;2;147;102;46m▄[38;2;126;85;36m[48;2;120;78;32m▄[38;2;110;71;29m[48;2;116;75;32m▄[38;2;103;63;26m[48;2;100;62;25m▄[38;2;94;58;27m[48;2;69;41;20m▄[38;2;28;16;12m[48;2;15;7;13m▄[38;2;15;12;16m[48;2;13;11;16m▄[38;2;49;37;24m[48;2;79;60;38m▄[38;2;23;19;19m[48;2;25;21;23m▄[38;2;9;10;17m[48;2;9;8;18m▄[38;2;16;16;22m[48;2;8;8;16m▄[38;2;17;16;23m[48;2;5;5;14m▄[38;2;9;9;16m[48;2;7;7;16m▄[38;2;10;10;18m[48;2;5;6;14m▄[38;2;20;19;25m[48;2;8;8;18m▄[38;2;32;31;36m[48;2;18;17;27m▄[38;2;37;35;35m[48;2;34;33;36m▄[38;2;40;35;33m[48;2;37;33;34m▄[38;2;33;28;30m[48;2;38;31;35m▄[38;2;28;26;32m[48;2;25;18;22m▄[38;2;27;25;27m[48;2;63;61;66m▄[38;2;44;43;44m[48;2;165;168;176m▄[38;2;109;111;118m[48;2;196;198;206m▄[38;2;170;175;186m[48;2;190;190;198m▄[38;2;186;189;198m[48;2;198;200;208m▄[38;2;186;187;192m[48;2;208;209;215m▄[38;2;191;191;196m[48;2;205;205;209m▄[38;2;197;199;207m[48;2;204;206;216m▄[38;2;157;140;113m[48;2;183;164;133m▄[38;2;142;98;45m[48;2;164;115;51m▄[38;2;142;100;48m[48;2;151;104;52m▄[38;2;134;94;43m[48;2;126;83;39m▄[38;2;115;75;32m[48;2;117;76;37m▄[38;2;104;63;29m[48;2;98;60;30m▄[38;2;99;62;31m[48;2;68;39;24m▄[38;2;49;29;20m[48;2;22;13;15m▄[38;2;8;6;14m[48;2;2;3;14m▄[38;2;48;37;27m[48;2;61;47;31m▄[38;2;38;30;26m[48;2;43;33;26m▄[38;2;10;10;19m[48;2;12;11;19m▄[38;2;13;13;21m[48;2;10;8;20m▄[38;2;18;18;25m[48;2;6;5;17m▄[38;2;12;13;22m[48;2;7;7;19m▄[38;2;8;8;19m[48;2;3;5;16m▄[38;2;14;15;25m[48;2;4;6;17m▄[38;2;26;27;32m[48;2;10;11;20m▄[38;2;35;34;38m[48;2;28;26;35m▄[38;2;39;35;38m[48;2;38;36;39m▄[38;2;39;35;33m[48;2;39;34;34m▄[38;2;30;28;33m[48;2;35;30;31m▄[38;2;29;28;33m[48;2;27;25;29m▄[38;2;29;28;32m[48;2;108;110;114m▄[38;2;69;71;78m[48;2;189;192;200m▄[38;2;140;143;154m[48;2;196;197;208m▄[38;2;186;188;201m[48;2;191;192;204m▄[38;2;188;188;197m[48;2;205;207;217m▄[38;2;190;191;196m[48;2;208;210;215m▄[38;2;210;211;214m[48;2;223;223;226m▄[0m
[38;2;180;140;78m[48;2;196;156;89m▄[38;2;174;129;68m[48;2;167;119;61m▄[38;2;141;97;49m[48;2;138;94;48m▄[38;2;137;97;45m[48;2;134;92;43m▄[38;2;111;71;30m[48;2;113;71;32m▄[38;2;102;63;32m[48;2;103;63;30m▄[38;2;101;65;35m[48;2;104;66;29m▄[38;2;54;33;20m[48;2;55;34;16m▄[38;2;22;17;17m[48;2;15;13;16m▄[38;2;20;17;17m[48;2;7;8;15m▄[38;2;9;8;14m[48;2;6;5;11m▄[38;2;9;9;16m[48;2;10;9;15m▄[38;2;12;10;16m[48;2;11;11;14m▄[38;2;16;14;18m[48;2;13;12;18m▄[38;2;17;16;20m[48;2;10;9;17m▄[38;2;16;15;18m[48;2;10;10;15m▄[38;2;21;19;24m[48;2;15;15;21m▄[38;2;27;25;29m[48;2;21;20;25m▄[38;2;28;27;31m[48;2;30;28;30m▄[38;2;14;16;17m[48;2;26;22;22m▄[38;2;20;20;22m[48;2;19;16;19m▄[38;2;36;30;32m[48;2;20;20;23m▄[38;2;45;38;37m[48;2;30;30;33m▄[38;2;33;28;29m[48;2;30;28;32m▄[38;2;21;20;26m[48;2;10;7;13m▄[38;2;21;19;24m[48;2;60;59;66m▄[38;2;104;105;108m[48;2;177;180;192m▄[38;2;158;159;162m[48;2;183;186;197m▄[38;2;167;167;165m[48;2;183;183;191m▄[38;2;173;175;176m[48;2;182;186;195m▄[38;2;155;136;105m[48;2;166;148;119m▄[38;2;172;129;65m[48;2;171;125;63m▄[38;2;140;98;48m[48;2;134;90;41m▄[38;2;144;101;56m[48;2;142;101;51m▄[38;2;120;79;40m[48;2;119;78;34m▄[38;2;102;63;29m[48;2;105;63;30m▄[38;2;104;67;34m[48;2;104;65;33m▄[38;2;76;49;29m[48;2;77;48;26m▄[38;2;23;17;17m[48;2;21;15;17m▄[38;2;21;19;22m[48;2;9;9;20m▄[38;2;11;12;18m[48;2;5;5;15m▄[38;2;8;9;16m[48;2;9;8;17m▄[38;2;9;10;16m[48;2;9;9;17m▄[38;2;14;15;21m[48;2;13;13;19m▄[38;2;18;17;22m[48;2;13;12;19m▄[38;2;15;15;21m[48;2;10;10;18m▄[38;2;19;18;23m[48;2;15;14;22m▄[38;2;23;22;24m[48;2;19;19;24m▄[38;2;29;28;32m[48;2;25;25;30m▄[38;2;22;24;27m[48;2;29;27;30m▄[38;2;14;15;23m[48;2;22;21;25m▄[38;2;26;24;29m[48;2;19;19;24m▄[38;2;40;37;37m[48;2;22;24;28m▄[38;2;44;40;40m[48;2;34;33;39m▄[38;2;29;27;31m[48;2;23;21;28m▄[38;2;18;19;25m[48;2;13;13;20m▄[38;2;41;41;44m[48;2;110;113;121m▄[38;2;147;147;154m[48;2;193;195;207m▄[38;2;171;173;177m[48;2;184;186;195m▄[38;2;195;195;196m[48;2;201;203;211m▄[0m
[38;2;165;132;76m[48;2;189;149;81m▄[38;2;173;135;73m[48;2;192;147;78m▄[38;2;144;107;53m[48;2;145;102;50m▄[38;2;151;115;61m[48;2;143;103;53m▄[38;2;119;85;41m[48;2;120;81;36m▄[38;2;111;82;58m[48;2;97;59;26m▄[38;2;119;102;87m[48;2;92;58;29m▄[38;2;66;59;51m[48;2;57;39;26m▄[38;2;27;20;21m[48;2;32;26;28m▄[38;2;99;89;67m[48;2;45;39;32m▄[38;2;150;135;99m[48;2;50;42;32m▄[38;2;99;90;71m[48;2;12;9;15m▄[38;2;48;43;37m[48;2;12;10;19m▄[38;2;20;19;21m[48;2;14;13;19m▄[38;2;15;15;14m[48;2;14;14;16m▄[38;2;42;39;30m[48;2;13;13;11m▄[38;2;51;47;38m[48;2;35;30;28m▄[38;2;47;41;36m[48;2;37;32;31m▄[38;2;116;106;87m[48;2;28;20;20m▄[38;2;135;124;102m[48;2;41;30;25m▄[38;2;133;123;102m[48;2;46;35;29m▄[38;2;117;106;85m[48;2;45;35;30m▄[38;2;92;83;63m[48;2;22;18;19m▄[38;2;50;45;36m[48;2;14;14;18m▄[38;2;32;29;30m[48;2;23;22;26m▄[38;2;38;33;33m[48;2;28;26;30m▄[38;2;101;91;82m[48;2;36;34;32m▄[38;2;183;170;146m[48;2;67;62;52m▄[38;2;175;164;138m[48;2;76;72;60m▄[38;2;170;162;143m[48;2;73;72;64m▄[38;2;147;128;93m[48;2;124;103;68m▄[38;2;168;132;74m[48;2;194;152;84m▄[38;2;149;109;58m[48;2;151;107;56m▄[38;2;150;112;60m[48;2;146;104;54m▄[38;2;133;99;53m[48;2;128;91;42m▄[38;2;107;77;47m[48;2;104;68;33m▄[38;2;119;97;80m[48;2;93;57;29m▄[38;2;93;81;68m[48;2;73;47;29m▄[38;2;34;29;27m[48;2;36;28;26m▄[38;2;56;49;40m[48;2;35;30;31m▄[38;2;143;128;96m[48;2;52;45;38m▄[38;2;116;106;81m[48;2;23;19;19m▄[38;2;65;59;44m[48;2;9;9;16m▄[38;2;26;24;26m[48;2;12;13;20m▄[38;2;16;17;24m[48;2;15;16;21m▄[38;2;24;24;24m[48;2;13;13;20m▄[38;2;53;48;38m[48;2;20;17;20m▄[38;2;41;39;32m[48;2;41;38;37m▄[38;2;70;64;54m[48;2;29;26;28m▄[38;2;126;115;95m[48;2;34;27;24m▄[38;2;134;123;104m[48;2;47;33;29m▄[38;2;127;116;98m[48;2;50;39;38m▄[38;2;109;99;79m[48;2;41;35;33m▄[38;2;74;67;51m[48;2;17;17;22m▄[38;2;37;34;31m[48;2;20;20;26m▄[38;2;35;33;36m[48;2;26;25;30m▄[38;2;42;39;38m[48;2;29;27;30m▄[38;2;133;126;112m[48;2;48;46;42m▄[38;2;184;172;148m[48;2;75;72;65m▄[38;2;184;175;155m[48;2;90;87;79m▄[0m
[38;2;251;244;224m[48;2;182;162;125m▄[38;2;255;255;255m[48;2;188;167;126m▄[38;2;255;255;230m[48;2;178;160;121m▄[38;2;255;255;230m[48;2;202;186;149m▄[38;2;244;232;205m[48;2;135;116;87m▄[38;2;223;211;183m[48;2;77;69;62m▄[38;2;229;216;189m[48;2;63;59;53m▄[38;2;249;236;210m[48;2;68;61;50m▄[38;2;255;255;225m[48;2;120;108;88m▄[38;2;210;196;165m[48;2;192;176;142m▄[38;2;114;103;87m[48;2;193;178;146m▄[38;2;99;88;77m[48;2;165;152;122m▄[38;2;136;127;111m[48;2;82;73;55m▄[38;2;202;196;176m[48;2;29;25;20m▄[38;2;251;242;214m[48;2;67;62;49m▄[38;2;126;117;96m[48;2;73;67;55m▄[38;2;56;51;44m[48;2;51;45;38m▄[38;2;63;57;48m[48;2;89;82;70m▄[38;2;162;150;133m[48;2;225;219;192m▄[38;2;241;225;192m[48;2;209;199;170m▄[38;2;251;236;197m[48;2;200;183;149m▄[38;2;255;237;199m[48;2;197;179;143m▄[38;2;255;238;197m[48;2;198;180;136m▄[38;2;174;158;124m[48;2;106;95;69m▄[38;2;55;49;38m[48;2;34;31;25m▄[38;2;81;73;62m[48;2;79;72;59m▄[38;2;208;194;166m[48;2;184;168;142m▄[38;2;255;244;217m[48;2;201;187;159m▄[38;2;255;248;220m[48;2;212;200;174m▄[38;2;253;241;211m[48;2;222;209;184m▄[38;2;230;221;201m[48;2;175;161;133m▄[38;2;255;255;244m[48;2;168;147;108m▄[38;2;255;255;228m[48;2;166;147;109m▄[38;2;255;255;228m[48;2;191;174;139m▄[38;2;249;238;213m[48;2;164;146;119m▄[38;2;211;200;176m[48;2;81;67;53m▄[38;2;210;198;173m[48;2;69;67;67m▄[38;2;226;214;190m[48;2;53;51;44m▄[38;2;255;246;220m[48;2;83;74;64m▄[38;2;252;236;205m[48;2;157;142;113m▄[38;2;154;143;115m[48;2;202;186;151m▄[38;2;96;89;70m[48;2;185;171;139m▄[38;2;104;97;86m[48;2;137;127;101m▄[38;2;153;147;134m[48;2;36;34;27m▄[38;2;226;223;199m[48;2;38;37;33m▄[38;2;206;197;172m[48;2;69;64;52m▄[38;2;72;65;54m[48;2;68;63;53m▄[38;2;60;54;48m[48;2;44;39;32m▄[38;2;100;92;81m[48;2;162;154;139m▄[38;2;214;202;176m[48;2;234;227;202m▄[38;2;248;232;198m[48;2;208;198;167m▄[38;2;255;242;205m[48;2;202;186;151m▄[38;2;255;240;201m[48;2;203;186;152m▄[38;2;238;219;180m[48;2;182;164;130m▄[38;2;111;99;80m[48;2;69;61;46m▄[38;2;44;42;35m[48;2;37;36;31m▄[38;2;129;118;104m[48;2;117;108;92m▄[38;2;235;222;199m[48;2;200;185;160m▄[38;2;255;245;223m[48;2;208;194;168m▄[38;2;255;255;244m[48;2;231;218;190m▄[0m
