[38;2;3;3;3m[48;2;14;14;17m▄[38;2;13;15;15m[48;2;23;25;28m▄[38;2;24;28;31m[48;2;11;15;17m▄[38;2;20;22;26m[48;2;13;13;17m▄[38;2;14;17;21m[48;2;15;17;21m▄[38;2;16;18;23m[48;2;15;17;23m▄[38;2;19;19;24m[48;2;19;19;25m▄[38;2;20;22;27m[48;2;21;23;27m▄[38;2;22;24;30m[48;2;23;25;30m▄[38;2;25;28;33m[48;2;27;28;32m▄[38;2;27;30;35m[48;2;27;30;36m▄[38;2;21;22;24m[48;2;19;21;25m▄[38;2;28;29;32m[48;2;25;25;30m▄[38;2;35;38;43m[48;2;32;34;40m▄[38;2;50;51;58m[48;2;44;48;54m▄[38;2;66;67;77m[48;2;61;63;75m▄[38;2;74;75;86m[48;2;69;71;81m▄[38;2;82;84;94m[48;2;77;81;90m▄[38;2;90;93;104m[48;2;86;88;100m▄[38;2;100;100;113m[48;2;94;96;108m▄[38;2;106;107;120m[48;2;96;98;112m▄[38;2;113;115;129m[48;2;106;108;121m▄[38;2;123;123;138m[48;2;115;117;133m▄[38;2;129;129;140m[48;2;121;123;135m▄[38;2;136;135;146m[48;2;127;127;139m▄[38;2;142;142;156m[48;2;133;133;146m▄[38;2;147;147;161m[48;2;137;137;152m▄[38;2;148;147;160m[48;2;137;137;148m▄[38;2;145;143;157m[48;2;131;131;142m▄[38;2;142;140;154m[48;2;121;123;135m▄[38;2;143;141;155m[48;2;119;119;135m▄[38;2;148;146;159m[48;2;129;129;142m▄[38;2;153;152;162m[48;2;141;141;152m▄[38;2;125;125;135m[48;2;117;117;129m▄[38;2;147;147;158m[48;2;133;135;146m▄[38;2;143;145;158m[48;2;133;137;148m▄[38;2;138;141;153m[48;2;139;141;154m▄[38;2;87;87;94m[48;2;142;146;156m▄[38;2;47;44;47m[48;2;106;110;117m▄[38;2;27;25;29m[48;2;75;77;83m▄[38;2;21;20;24m[48;2;59;61;67m▄[38;2;25;23;27m[48;2;73;75;81m▄[38;2;32;32;36m[48;2;86;92;100m▄[38;2;67;70;76m[48;2;83;90;100m▄[38;2;78;83;89m[48;2;73;81;88m▄[38;2;69;73;80m[48;2;65;73;81m▄[38;2;60;63;71m[48;2;59;63;73m▄[38;2;51;56;63m[48;2;52;54;65m▄[38;2;41;45;53m[48;2;42;46;56m▄[38;2;33;35;41m[48;2;32;34;44m▄[38;2;28;28;34m[48;2;27;27;34m▄[38;2;24;25;30m[48;2;23;25;28m▄[38;2;21;23;28m[48;2;21;21;27m▄[38;2;19;21;26m[48;2;17;19;25m▄[38;2;11;11;14m[48;2;11;11;15m▄[38;2;14;16;18m[48;2;15;15;19m▄[38;2;10;11;14m[48;2;9;11;13m▄[38;2;8;9;11m[48;2;7;9;11m▄[38;2;9;10;13m[48;2;11;11;15m▄[38;2;11;11;14m[48;2;11;13;15m▄[0m
[38;2;7;9;11m[48;2;5;7;7m▄[38;2;13;15;16m[48;2;7;9;9m▄[38;2;12;14;14m[48;2;14;16;16m▄[38;2;6;8;7m[48;2;23;25;25m▄[38;2;13;15;16m[48;2;18;21;23m▄[38;2;9;11;13m[48;2;12;13;15m▄[38;2;10;11;12m[48;2;14;15;17m▄[38;2;11;11;13m[48;2;14;15;19m▄[38;2;11;12;14m[48;2;16;17;21m▄[38;2;13;14;16m[48;2;18;19;22m▄[38;2;15;16;17m[48;2;20;21;24m▄[38;2;11;12;15m[48;2;16;16;18m▄[38;2;17;18;20m[48;2;23;23;26m▄[38;2;22;23;24m[48;2;28;30;33m▄[38;2;35;34;38m[48;2;41;42;48m▄[38;2;45;44;50m[48;2;53;53;60m▄[38;2;51;51;58m[48;2;61;60;69m▄[38;2;59;59;67m[48;2;68;68;77m▄[38;2;67;67;75m[48;2;74;75;84m▄[38;2;76;75;85m[48;2;83;84;92m▄[38;2;84;84;92m[48;2;92;91;101m▄[38;2;92;91;100m[48;2;97;98;109m▄[38;2;97;97;106m[48;2;103;103;116m▄[38;2;102;102;112m[48;2;110;109;120m▄[38;2;110;108;121m[48;2;117;115;126m▄[38;2;119;117;128m[48;2;125;123;135m▄[38;2;123;121;132m[48;2;130;128;139m▄[38;2;128;125;136m[48;2;134;130;142m▄[38;2;130;127;136m[48;2;134;130;141m▄[38;2;132;129;137m[48;2;134;131;141m▄[38;2;132;128;139m[48;2;136;132;144m▄[38;2;128;125;133m[48;2;136;133;142m▄[38;2;122;119;129m[48;2;134;131;140m▄[38;2;95;94;106m[48;2;105;104;112m▄[38;2;103;102;114m[48;2;116;116;127m▄[38;2;97;96;106m[48;2;113;113;127m▄[38;2;58;57;62m[48;2;70;70;79m▄[38;2;30;22;26m[48;2;4;3;6m▄[38;2;82;62;61m[48;2;24;20;20m▄[38;2;102;68;61m[48;2;22;18;19m▄[38;2;68;46;41m[48;2;18;13;17m▄[38;2;24;18;20m[48;2;11;9;12m▄[38;2;1;1;4m[48;2;0;0;1m▄[38;2;5;4;7m[48;2;12;10;12m▄[38;2;27;27;27m[48;2;44;46;48m▄[38;2;30;31;31m[48;2;45;48;52m▄[38;2;29;31;32m[48;2;40;44;46m▄[38;2;27;27;30m[48;2;35;38;41m▄[38;2;22;23;25m[48;2;28;30;35m▄[38;2;17;18;21m[48;2;24;25;28m▄[38;2;14;15;19m[48;2;19;20;23m▄[38;2;11;13;17m[48;2;15;16;20m▄[38;2;9;10;14m[48;2;14;15;19m▄[38;2;7;8;10m[48;2;12;14;17m▄[38;2;2;4;5m[48;2;5;6;7m▄[38;2;4;5;7m[48;2;8;9;11m▄[38;2;3;4;6m[48;2;6;7;9m▄[38;2;1;1;3m[48;2;3;4;6m▄[38;2;1;1;2m[48;2;2;4;6m▄[38;2;1;2;3m[48;2;4;5;7m▄[0m
[38;2;3;3;3m[48;2;7;7;9m▄[38;2;4;5;4m[48;2;8;9;10m▄[38;2;2;3;2m[48;2;11;12;11m▄[38;2;3;2;2m[48;2;8;9;8m▄[38;2;2;1;0m[48;2;5;5;4m▄[38;2;4;5;6m[48;2;7;7;9m▄[38;2;5;6;9m[48;2;7;8;10m▄[38;2;6;7;9m[48;2;8;9;11m▄[38;2;8;9;11m[48;2;9;10;12m▄[38;2;10;11;11m[48;2;11;12;14m▄[38;2;9;11;11m[48;2;12;12;14m▄[38;2;9;9;9m[48;2;9;10;11m▄[38;2;15;15;15m[48;2;15;15;16m▄[38;2;18;19;19m[48;2;20;20;21m▄[38;2;28;28;31m[48;2;31;31;34m▄[38;2;35;36;40m[48;2;40;40;45m▄[38;2;42;43;45m[48;2;46;47;51m▄[38;2;49;50;53m[48;2;55;56;60m▄[38;2;57;59;63m[48;2;63;64;69m▄[38;2;66;68;72m[48;2;73;74;78m▄[38;2;74;75;77m[48;2;83;82;86m▄[38;2;80;82;85m[48;2;90;90;94m▄[38;2;86;87;93m[48;2;95;95;100m▄[38;2;92;93;97m[48;2;101;100;107m▄[38;2;98;98;104m[48;2;107;106;115m▄[38;2;105;104;114m[48;2;116;113;124m▄[38;2;110;108;116m[48;2;122;118;128m▄[38;2;111;109;117m[48;2;125;122;131m▄[38;2;114;112;122m[48;2;127;124;134m▄[38;2;116;115;122m[48;2;129;126;133m▄[38;2;117;116;123m[48;2;128;125;133m▄[38;2;114;112;120m[48;2;124;121;130m▄[38;2;106;105;114m[48;2;116;114;123m▄[38;2;88;88;94m[48;2;91;90;99m▄[38;2;96;96;101m[48;2;99;99;107m▄[38;2;85;86;90m[48;2;92;89;97m▄[38;2;70;70;76m[48;2;67;67;73m▄[38;2;63;56;58m[48;2;71;53;50m▄[38;2;88;61;56m[48;2;150;103;97m▄[38;2;77;50;48m[48;2;144;97;94m▄[38;2;31;19;17m[48;2;94;60;50m▄[38;2;15;12;13m[48;2;44;30;28m▄[38;2;19;20;22m[48;2;1;1;5m▄[38;2;26;27;27m[48;2;15;15;17m▄[38;2;26;26;26m[48;2;26;26;26m▄[38;2;25;25;27m[48;2;26;26;26m▄[38;2;22;23;25m[48;2;25;25;27m▄[38;2;19;20;22m[48;2;22;23;25m▄[38;2;16;17;19m[48;2;18;19;21m▄[38;2;12;13;15m[48;2;14;16;16m▄[38;2;10;10;13m[48;2;11;13;14m▄[38;2;7;8;10m[48;2;9;10;13m▄[38;2;6;6;8m[48;2;7;8;9m▄[38;2;4;4;7m[48;2;5;6;8m▄[38;2;2;2;5m[48;2;2;3;5m▄[38;2;2;2;4m[48;2;3;3;5m▄[38;2;1;1;3m[48;2;2;2;4m▄[38;2;1;1;2m[48;2;0;1;3m▄[38;2;1;1;3m[48;2;1;1;3m▄[38;2;0;0;1m[48;2;1;1;3m▄[0m
[38;2;0;0;0m[48;2;0;0;0m▄[38;2;0;0;0m[48;2;2;2;2m▄[38;2;3;5;4m[48;2;8;10;10m▄[38;2;7;10;10m[48;2;9;10;11m▄[38;2;10;11;13m[48;2;8;8;9m▄[38;2;7;8;10m[48;2;5;8;9m▄[38;2;7;8;10m[48;2;7;8;10m▄[38;2;8;9;12m[48;2;8;9;12m▄[38;2;8;10;12m[48;2;7;10;11m▄[38;2;9;10;12m[48;2;10;12;11m▄[38;2;8;9;11m[48;2;11;11;11m▄[38;2;6;7;8m[48;2;8;8;10m▄[38;2;10;11;13m[48;2;12;14;15m▄[38;2;15;15;17m[48;2;16;17;18m▄[38;2;23;23;26m[48;2;25;26;28m▄[38;2;31;31;34m[48;2;33;34;37m▄[38;2;37;38;40m[48;2;39;41;42m▄[38;2;43;45;47m[48;2;46;48;48m▄[38;2;52;53;57m[48;2;54;54;57m▄[38;2;57;61;65m[48;2;59;62;65m▄[38;2;64;67;70m[48;2;68;69;72m▄[38;2;71;72;75m[48;2;74;76;79m▄[38;2;76;77;80m[48;2;79;82;85m▄[38;2;82;83;86m[48;2;85;87;90m▄[38;2;87;89;92m[48;2;92;92;98m▄[38;2;94;95;98m[48;2;97;98;103m▄[38;2;98;98;102m[48;2;101;101;106m▄[38;2;99;98;103m[48;2;104;103;109m▄[38;2;100;99;104m[48;2;106;105;113m▄[38;2;97;97;105m[48;2;105;106;113m▄[38;2;94;94;102m[48;2;102;102;112m▄[38;2;94;94;100m[48;2;99;99;106m▄[38;2;65;65;86m[48;2;97;97;105m▄[38;2;22;22;48m[48;2;67;68;87m▄[38;2;24;24;49m[48;2;52;54;77m▄[38;2;31;30;61m[48;2;43;44;66m▄[38;2;24;25;53m[48;2;28;29;49m▄[38;2;39;39;57m[48;2;47;44;56m▄[38;2;25;26;41m[48;2;39;35;40m▄[38;2;12;10;22m[48;2;0;0;5m▄[38;2;27;26;34m[48;2;10;10;14m▄[38;2;7;5;16m[48;2;12;11;15m▄[38;2;7;6;15m[48;2;10;9;14m▄[38;2;4;3;12m[48;2;13;12;17m▄[38;2;2;1;8m[48;2;16;16;20m▄[38;2;5;6;9m[48;2;19;20;22m▄[38;2;14;15;16m[48;2;18;19;21m▄[38;2;14;13;14m[48;2;16;17;19m▄[38;2;11;11;12m[48;2;13;13;15m▄[38;2;8;9;10m[48;2;10;11;13m▄[38;2;6;7;9m[48;2;7;8;10m▄[38;2;4;5;7m[48;2;6;6;8m▄[38;2;3;4;6m[48;2;4;5;7m▄[38;2;1;2;2m[48;2;2;4;4m▄[38;2;1;1;0m[48;2;1;1;2m▄[38;2;1;0;1m[48;2;1;1;2m▄[38;2;1;1;2m[48;2;0;1;3m▄[38;2;0;0;0m[48;2;1;1;1m▄[38;2;0;0;0m[48;2;0;0;0m▄[38;2;0;0;0m[48;2;0;0;0m▄[0m
[38;2;0;0;0m[48;2;0;0;0m▄[38;2;0;0;0m[48;2;0;0;0m▄[38;2;0;0;0m[48;2;0;0;0m▄[38;2;1;1;1m[48;2;1;1;1m▄[38;2;2;3;2m[48;2;3;4;4m▄[38;2;1;3;2m[48;2;3;6;7m▄[38;2;1;3;4m[48;2;4;5;7m▄[38;2;2;3;5m[48;2;5;6;8m▄[38;2;3;4;6m[48;2;5;6;8m▄[38;2;4;5;7m[48;2;6;7;9m▄[38;2;5;5;6m[48;2;6;7;9m▄[38;2;4;4;5m[48;2;4;6;5m▄[38;2;7;8;9m[48;2;9;10;10m▄[38;2;11;12;15m[48;2;15;14;17m▄[38;2;21;21;23m[48;2;25;25;27m▄[38;2;28;28;31m[48;2;32;32;36m▄[38;2;34;34;38m[48;2;39;40;43m▄[38;2;40;41;44m[48;2;46;48;52m▄[38;2;47;48;52m[48;2;57;58;63m▄[38;2;56;56;58m[48;2;66;66;72m▄[38;2;65;65;68m[48;2;73;72;78m▄[38;2;71;72;76m[48;2;78;78;83m▄[38;2;77;78;80m[48;2;84;85;89m▄[38;2;84;83;87m[48;2;92;92;96m▄[38;2;90;90;94m[48;2;98;98;103m▄[38;2;98;97;103m[48;2;104;105;110m▄[38;2;103;102;107m[48;2;108;108;115m▄[38;2;104;102;108m[48;2;109;108;115m▄[38;2;103;103;111m[48;2;109;108;117m▄[38;2;102;102;112m[48;2;107;108;120m▄[38;2;98;98;106m[48;2;109;110;120m▄[38;2;50;51;72m[48;2;87;88;105m▄[38;2;13;13;34m[48;2;27;27;54m▄[38;2;9;9;22m[48;2;18;17;32m▄[38;2;19;18;35m[48;2;22;20;39m▄[38;2;22;21;41m[48;2;30;31;58m▄[38;2;14;12;32m[48;2;26;27;54m▄[38;2;69;68;84m[48;2;36;36;57m▄[38;2;121;118;132m[48;2;26;26;43m▄[38;2;44;42;58m[48;2;37;36;51m▄[38;2;8;8;24m[48;2;24;23;39m▄[38;2;9;10;21m[48;2;12;12;28m▄[38;2;3;3;10m[48;2;10;9;21m▄[38;2;0;0;2m[48;2;2;2;7m▄[38;2;1;1;4m[48;2;0;0;2m▄[38;2;17;13;11m[48;2;0;0;1m▄[38;2;17;14;14m[48;2;12;11;16m▄[38;2;14;16;17m[48;2;20;21;24m▄[38;2;15;16;18m[48;2;17;18;19m▄[38;2;11;13;13m[48;2;13;13;15m▄[38;2;9;10;13m[48;2;9;10;12m▄[38;2;4;8;9m[48;2;4;8;8m▄[38;2;4;6;7m[48;2;4;5;7m▄[38;2;3;5;5m[48;2;4;4;6m▄[38;2;1;2;3m[48;2;2;2;3m▄[38;2;1;2;2m[48;2;1;2;2m▄[38;2;1;2;3m[48;2;1;1;2m▄[38;2;0;0;1m[48;2;0;0;0m▄[38;2;0;0;0m[48;2;0;0;0m▄[38;2;0;0;0m[48;2;0;0;0m▄[0m
[38;2;0;0;0m[48;2;0;0;0m▄[38;2;0;0;0m[48;2;0;0;0m▄[38;2;0;0;0m[48;2;1;1;1m▄[38;2;1;1;1m[48;2;1;1;1m▄[38;2;1;2;1m[48;2;1;3;2m▄[38;2;2;2;2m[48;2;1;1;1m▄[38;2;1;1;1m[48;2;1;1;1m▄[38;2;0;2;2m[48;2;0;1;3m▄[38;2;1;1;3m[48;2;1;2;4m▄[38;2;1;1;2m[48;2;2;2;3m▄[38;2;0;0;2m[48;2;2;2;3m▄[38;2;1;1;3m[48;2;3;2;4m▄[38;2;3;3;5m[48;2;5;5;7m▄[38;2;4;5;6m[48;2;7;7;9m▄[38;2;9;10;12m[48;2;13;13;15m▄[38;2;11;12;14m[48;2;17;17;18m▄[38;2;10;11;13m[48;2;20;20;22m▄[38;2;13;14;15m[48;2;24;25;26m▄[38;2;18;19;20m[48;2;28;29;31m▄[38;2;22;22;23m[48;2;35;35;36m▄[38;2;26;26;26m[48;2;40;41;40m▄[38;2;30;30;31m[48;2;44;45;46m▄[38;2;32;33;34m[48;2;48;49;50m▄[38;2;35;35;38m[48;2;52;52;54m▄[38;2;37;36;39m[48;2;55;55;58m▄[38;2;39;40;41m[48;2;59;58;64m▄[38;2;41;43;47m[48;2;62;62;66m▄[38;2;43;44;48m[48;2;61;62;65m▄[38;2;45;45;51m[48;2;64;65;70m▄[38;2;41;43;49m[48;2;65;65;72m▄[38;2;59;52;54m[48;2;65;64;70m▄[38;2;90;64;60m[48;2;137;113;120m▄[38;2;127;101;100m[48;2;146;115;121m▄[38;2;127;105;111m[48;2;36;27;36m▄[38;2;45;39;45m[48;2;0;0;5m▄[38;2;21;21;33m[48;2;8;5;15m▄[38;2;21;23;34m[48;2;1;0;9m▄[38;2;13;15;24m[48;2;52;50;56m▄[38;2;7;8;17m[48;2;84;81;85m▄[38;2;9;11;19m[48;2;19;17;23m▄[38;2;15;15;16m[48;2;0;0;7m▄[38;2;40;32;25m[48;2;0;0;7m▄[38;2;59;46;32m[48;2;5;5;9m▄[38;2;57;44;28m[48;2;21;17;15m▄[38;2;29;23;13m[48;2;43;33;22m▄[38;2;5;4;3m[48;2;36;28;18m▄[38;2;0;0;2m[48;2;4;2;4m▄[38;2;1;1;3m[48;2;3;4;4m▄[38;2;0;1;2m[48;2;3;5;4m▄[38;2;1;1;1m[48;2;2;4;3m▄[38;2;1;0;1m[48;2;2;3;5m▄[38;2;0;1;2m[48;2;1;2;4m▄[38;2;0;0;0m[48;2;1;2;2m▄[38;2;0;0;0m[48;2;1;2;1m▄[38;2;0;0;0m[48;2;0;0;1m▄[38;2;0;0;0m[48;2;0;0;0m▄[38;2;0;0;0m[48;2;0;0;0m▄[38;2;0;0;0m[48;2;0;0;0m▄[38;2;0;0;0m[48;2;0;0;0m▄[38;2;0;0;0m[48;2;0;0;0m▄[0m
[38;2;0;0;0m[48;2;0;0;0m▄[38;2;0;0;0m[48;2;0;0;0m▄[38;2;1;1;1m[48;2;0;0;0m▄[38;2;1;1;2m[48;2;1;1;2m▄[38;2;2;3;3m[48;2;1;2;2m▄[38;2;3;5;4m[48;2;2;4;3m▄[38;2;4;6;5m[48;2;0;1;0m▄[38;2;7;7;9m[48;2;1;1;1m▄[38;2;8;9;13m[48;2;2;2;4m▄[38;2;9;11;12m[48;2;4;4;7m▄[38;2;4;5;7m[48;2;3;4;6m▄[38;2;1;2;2m[48;2;1;2;3m▄[38;2;7;7;7m[48;2;5;6;7m▄[38;2;3;4;4m[48;2;4;4;7m▄[38;2;4;4;4m[48;2;7;8;10m▄[38;2;28;30;30m[48;2;19;21;24m▄[38;2;81;86;98m[48;2;39;40;47m▄[38;2;93;98;113m[48;2;42;44;51m▄[38;2;98;102;119m[48;2;45;46;54m▄[38;2;108;112;130m[48;2;48;50;57m▄[38;2;114;118;135m[48;2;49;51;57m▄[38;2;114;116;136m[48;2;52;52;59m▄[38;2;101;103;117m[48;2;54;55;62m▄[38;2;105;105;112m[48;2;56;57;65m▄[38;2;110;111;120m[48;2;62;63;72m▄[38;2;131;131;143m[48;2;70;71;80m▄[38;2;143;142;155m[48;2;72;72;83m▄[38;2;151;151;162m[48;2;73;73;84m▄[38;2;152;152;163m[48;2;75;74;85m▄[38;2;153;151;162m[48;2;75;75;85m▄[38;2;154;153;163m[48;2;74;73;83m▄[38;2;159;159;172m[48;2;74;68;77m▄[38;2;117;115;121m[48;2;86;75;71m▄[38;2;84;74;66m[48;2;85;71;58m▄[38;2;89;78;67m[48;2;84;70;58m▄[38;2;84;73;63m[48;2;67;58;49m▄[38;2;61;55;50m[48;2;57;48;43m▄[38;2;56;53;51m[48;2;51;43;40m▄[38;2;37;31;30m[48;2;58;49;45m▄[38;2;18;10;7m[48;2;63;57;54m▄[38;2;21;15;12m[48;2;68;60;51m▄[38;2;30;21;15m[48;2;79;60;35m▄[38;2;19;12;9m[48;2;47;35;21m▄[38;2;23;13;10m[48;2;19;13;8m▄[38;2;20;13;8m[48;2;7;4;4m▄[38;2;19;18;19m[48;2;0;0;0m▄[38;2;43;44;52m[48;2;1;0;2m▄[38;2;39;41;52m[48;2;2;1;4m▄[38;2;27;31;38m[48;2;1;1;2m▄[38;2;21;23;28m[48;2;1;1;2m▄[38;2;17;20;25m[48;2;1;1;1m▄[38;2;13;15;19m[48;2;1;1;1m▄[38;2;3;4;5m[48;2;0;1;1m▄[38;2;0;0;1m[48;2;0;0;0m▄[38;2;0;0;1m[48;2;0;0;0m▄[38;2;0;0;0m[48;2;0;0;0m▄[38;2;0;0;0m[48;2;0;0;0m▄[38;2;0;0;0m[48;2;0;0;0m▄[38;2;0;0;0m[48;2;0;0;0m▄[38;2;0;0;0m[48;2;0;0;1m▄[0m
[38;2;18;20;22m[48;2;0;0;0m▄[38;2;23;23;26m[48;2;0;0;0m▄[38;2;25;25;27m[48;2;0;0;0m▄[38;2;30;30;31m[48;2;0;0;0m▄[38;2;33;34;35m[48;2;0;0;0m▄[38;2;38;40;40m[48;2;0;1;2m▄[38;2;44;45;46m[48;2;1;2;4m▄[38;2;48;49;51m[48;2;1;2;5m▄[38;2;51;52;53m[48;2;1;5;8m▄[38;2;54;54;56m[48;2;2;4;6m▄[38;2;56;55;57m[48;2;0;0;0m▄[38;2;58;57;59m[48;2;0;0;0m▄[38;2;61;61;62m[48;2;0;0;0m▄[38;2;67;66;68m[48;2;0;0;0m▄[38;2;72;70;72m[48;2;0;0;0m▄[38;2;80;80;81m[48;2;9;11;11m▄[38;2;94;95;98m[48;2;53;60;69m▄[38;2;106;106;111m[48;2;71;76;90m▄[38;2;116;116;121m[48;2;80;84;99m▄[38;2;124;124;129m[48;2;87;91;105m▄[38;2;120;120;126m[48;2;93;97;113m▄[38;2;117;117;124m[48;2;98;101;119m▄[38;2;137;138;144m[48;2;85;89;103m▄[38;2;136;136;142m[48;2;80;82;86m▄[38;2;147;147;153m[48;2;87;88;94m▄[38;2;164;165;172m[48;2;97;98;103m▄[38;2;177;178;185m[48;2;115;117;125m▄[38;2;182;182;191m[48;2;114;115;123m▄[38;2;181;180;189m[48;2;112;112;117m▄[38;2;177;177;187m[48;2;119;119;124m▄[38;2;178;176;185m[48;2;118;119;123m▄[38;2;188;186;196m[48;2;143;143;151m▄[38;2;146;146;151m[48;2;99;100;107m▄[38;2;95;94;96m[48;2;50;50;51m▄[38;2;95;93;97m[48;2;63;64;67m▄[38;2;97;95;99m[48;2;42;43;45m▄[38;2;97;95;98m[48;2;58;59;60m▄[38;2;92;90;93m[48;2;26;26;26m▄[38;2;80;79;83m[48;2;9;7;9m▄[38;2;75;75;77m[48;2;0;0;0m▄[38;2;70;71;72m[48;2;0;0;0m▄[38;2;68;68;70m[48;2;2;0;0m▄[38;2;54;54;58m[48;2;13;8;4m▄[38;2;44;45;50m[48;2;2;0;0m▄[38;2;49;50;53m[48;2;0;0;0m▄[38;2;49;50;54m[48;2;26;28;33m▄[38;2;72;74;83m[48;2;55;59;70m▄[38;2;76;79;90m[48;2;51;58;72m▄[38;2;60;64;72m[48;2;30;37;46m▄[38;2;49;53;60m[48;2;21;26;34m▄[38;2;46;47;54m[48;2;19;24;31m▄[38;2;39;40;47m[48;2;9;13;17m▄[38;2;31;32;36m[48;2;0;0;0m▄[38;2;29;29;33m[48;2;0;0;0m▄[38;2;26;27;31m[48;2;0;0;0m▄[38;2;24;24;26m[48;2;0;0;0m▄[38;2;20;20;23m[48;2;0;0;0m▄[38;2;18;18;21m[48;2;0;0;0m▄[38;2;18;18;20m[48;2;0;0;0m▄[38;2;20;20;23m[48;2;0;0;0m▄[0m
[38;2;7;7;9m[48;2;22;24;28m▄[38;2;9;10;13m[48;2;29;30;33m▄[38;2;11;12;15m[48;2;33;34;37m▄[38;2;15;15;19m[48;2;39;41;45m▄[38;2;18;19;22m[48;2;45;47;51m▄[38;2;24;24;28m[48;2;52;53;55m▄[38;2;28;29;35m[48;2;60;61;64m▄[38;2;34;34;38m[48;2;68;68;72m▄[38;2;38;38;42m[48;2;72;74;78m▄[38;2;42;43;47m[48;2;82;82;85m▄[38;2;46;47;51m[48;2;91;89;92m▄[38;2;48;50;55m[48;2;95;95;99m▄[38;2;54;55;60m[48;2;101;102;105m▄[38;2;59;60;65m[48;2;111;109;112m▄[38;2;66;66;72m[48;2;121;120;124m▄[38;2;72;73;77m[48;2;132;130;133m▄[38;2;80;79;84m[48;2;138;135;138m▄[38;2;89;87;92m[48;2;145;142;145m▄[38;2;100;97;103m[48;2;153;151;154m▄[38;2;113;110;116m[48;2;167;163;165m▄[38;2;106;103;109m[48;2;153;150;152m▄[38;2;108;106;112m[48;2;143;141;142m▄[38;2;140;138;144m[48;2;187;185;188m▄[38;2;144;142;148m[48;2;191;187;188m▄[38;2;152;150;155m[48;2;196;191;191m▄[38;2;158;156;161m[48;2;199;196;196m▄[38;2;162;160;165m[48;2;201;196;199m▄[38;2;165;162;167m[48;2;197;193;196m▄[38;2;166;163;168m[48;2;193;189;191m▄[38;2;168;166;170m[48;2;191;186;189m▄[38;2;173;171;175m[48;2;192;188;191m▄[38;2;174;171;176m[48;2;197;192;195m▄[38;2;125;125;129m[48;2;192;190;192m▄[38;2;79;81;84m[48;2;124;124;127m▄[38;2;64;67;70m[48;2;118;119;122m▄[38;2;49;53;55m[48;2;131;131;133m▄[38;2;44;46;48m[48;2;143;143;146m▄[38;2;41;44;46m[48;2;165;163;167m▄[38;2;86;87;88m[48;2;185;182;185m▄[38;2;141;139;144m[48;2;170;169;172m▄[38;2;128;126;133m[48;2;159;157;161m▄[38;2;120;119;127m[48;2;153;153;158m▄[38;2;96;98;103m[48;2;125;125;131m▄[38;2;75;76;83m[48;2;99;99;107m▄[38;2;71;71;77m[48;2;104;104;109m▄[38;2;47;50;53m[48;2;76;77;80m▄[38;2;52;55;60m[48;2;81;82;85m▄[38;2;63;65;71m[48;2;93;94;100m▄[38;2;55;57;63m[48;2;82;83;91m▄[38;2;50;51;56m[48;2;74;74;83m▄[38;2;42;45;50m[48;2;68;67;75m▄[38;2;36;40;44m[48;2;60;63;70m▄[38;2;35;37;42m[48;2;55;58;64m▄[38;2;29;32;37m[48;2;55;54;61m▄[38;2;28;29;34m[48;2;49;49;55m▄[38;2;25;26;29m[48;2;41;43;48m▄[38;2;20;22;25m[48;2;35;37;42m▄[38;2;17;18;21m[48;2;31;31;36m▄[38;2;16;17;19m[48;2;30;30;36m▄[38;2;15;17;21m[48;2;32;33;38m▄[0m
[38;2;1;1;1m[48;2;3;3;5m▄[38;2;2;4;4m[48;2;6;6;9m▄[38;2;6;6;6m[48;2;8;9;11m▄[38;2;7;8;9m[48;2;10;11;14m▄[38;2;9;10;12m[48;2;13;14;16m▄[38;2;11;13;15m[48;2;19;20;22m▄[38;2;16;17;19m[48;2;27;28;30m▄[38;2;20;20;22m[48;2;35;36;37m▄[38;2;24;25;27m[48;2;41;41;43m▄[38;2;29;30;32m[48;2;46;47;47m▄[38;2;33;34;35m[48;2;50;52;51m▄[38;2;36;38;39m[48;2;53;54;55m▄[38;2;41;43;45m[48;2;56;58;59m▄[38;2;48;50;50m[48;2;62;63;65m▄[38;2;53;54;55m[48;2;65;66;69m▄[38;2;56;57;59m[48;2;70;70;72m▄[38;2;63;64;67m[48;2;76;75;80m▄[38;2;71;72;74m[48;2;83;82;88m▄[38;2;79;79;81m[48;2;90;89;93m▄[38;2;88;88;90m[48;2;99;98;102m▄[38;2;78;79;81m[48;2;89;88;92m▄[38;2;89;89;90m[48;2;98;96;100m▄[38;2;112;110;112m[48;2;124;122;126m▄[38;2;117;116;120m[48;2;127;125;130m▄[38;2;120;118;124m[48;2;133;132;137m▄[38;2;123;121;127m[48;2;141;139;144m▄[38;2;127;124;130m[48;2;144;142;147m▄[38;2;128;127;132m[48;2;148;146;151m▄[38;2;129;127;133m[48;2;155;152;158m▄[38;2;129;126;134m[48;2;128;126;133m▄[38;2;126;124;132m[48;2;91;88;95m▄[38;2;123;118;125m[48;2;90;88;95m▄[38;2;74;53;51m[48;2;69;68;72m▄[38;2;73;46;41m[48;2;59;59;64m▄[38;2;130;89;79m[48;2;59;53;55m▄[38;2;165;118;114m[48;2;79;66;65m▄[38;2;102;74;72m[48;2;35;32;34m▄[38;2;133;90;84m[48;2;28;25;27m▄[38;2;76;52;51m[48;2;23;20;24m▄[38;2;49;51;57m[48;2;77;78;86m▄[38;2;73;74;80m[48;2;84;87;96m▄[38;2;63;63;69m[48;2;74;76;83m▄[38;2;50;51;58m[48;2;58;61;68m▄[38;2;40;41;46m[48;2;47;49;57m▄[38;2;34;34;38m[48;2;42;44;49m▄[38;2;19;19;20m[48;2;24;27;28m▄[38;2;19;20;22m[48;2;28;29;33m▄[38;2;24;25;28m[48;2;35;35;40m▄[38;2;22;23;26m[48;2;30;31;36m▄[38;2;20;21;23m[48;2;28;29;33m▄[38;2;17;18;20m[48;2;24;26;31m▄[38;2;14;14;17m[48;2;21;22;26m▄[38;2;12;13;14m[48;2;19;19;23m▄[38;2;10;11;13m[48;2;15;17;20m▄[38;2;9;9;11m[48;2;13;15;17m▄[38;2;7;8;9m[48;2;12;13;15m▄[38;2;5;6;8m[48;2;10;11;13m▄[38;2;4;5;7m[48;2;8;10;11m▄[38;2;2;4;6m[48;2;7;8;9m▄[38;2;2;3;5m[48;2;5;7;10m▄[0m
[38;2;1;0;0m[48;2;1;1;1m▄[38;2;0;1;1m[48;2;1;2;1m▄[38;2;0;2;1m[48;2;2;3;2m▄[38;2;0;2;2m[48;2;4;4;4m▄[38;2;2;3;3m[48;2;5;6;7m▄[38;2;5;5;5m[48;2;7;8;9m▄[38;2;5;6;7m[48;2;9;10;12m▄[38;2;7;8;10m[48;2;10;11;14m▄[38;2;9;10;12m[48;2;13;14;16m▄[38;2;12;12;14m[48;2;16;17;19m▄[38;2;15;16;17m[48;2;20;21;23m▄[38;2;18;19;20m[48;2;24;24;26m▄[38;2;22;22;23m[48;2;27;28;30m▄[38;2;26;26;27m[48;2;31;31;33m▄[38;2;31;31;33m[48;2;35;36;38m▄[38;2;36;36;37m[48;2;42;43;45m▄[38;2;41;41;42m[48;2;47;47;49m▄[38;2;48;48;49m[48;2;52;53;55m▄[38;2;56;55;56m[48;2;60;61;63m▄[38;2;63;62;63m[48;2;69;69;71m▄[38;2;56;56;57m[48;2;61;62;64m▄[38;2;73;71;70m[48;2;76;76;77m▄[38;2;87;83;81m[48;2;91;91;92m▄[38;2;91;87;86m[48;2;96;95;96m▄[38;2;95;91;88m[48;2;99;99;101m▄[38;2;99;95;92m[48;2;102;100;105m▄[38;2;103;98;97m[48;2;106;103;108m▄[38;2;102;95;95m[48;2;106;104;108m▄[38;2;101;95;95m[48;2;106;104;109m▄[38;2;100;96;97m[48;2;111;109;113m▄[38;2;97;95;95m[48;2;112;110;115m▄[38;2;92;92;93m[48;2;116;114;119m▄[38;2;113;100;98m[48;2;133;103;98m▄[38;2;151;117;104m[48;2;167;118;106m▄[38;2;138;101;84m[48;2;184;143;124m▄[38;2;99;66;53m[48;2;158;120;107m▄[38;2;123;84;70m[48;2;128;91;82m▄[38;2;176;127;118m[48;2;130;87;79m▄[38;2;117;92;90m[48;2;72;52;51m▄[38;2;62;65;64m[48;2;52;54;58m▄[38;2;50;50;52m[48;2;63;63;66m▄[38;2;45;44;46m[48;2;54;54;58m▄[38;2;36;36;38m[48;2;43;43;46m▄[38;2;27;28;29m[48;2;33;34;36m▄[38;2;22;22;24m[48;2;28;29;32m▄[38;2;10;11;13m[48;2;14;15;17m▄[38;2;9;10;12m[48;2;14;15;17m▄[38;2;13;13;15m[48;2;18;19;21m▄[38;2;12;12;14m[48;2;17;17;18m▄[38;2;11;12;14m[48;2;15;15;18m▄[38;2;9;10;10m[48;2;12;13;15m▄[38;2;7;8;7m[48;2;10;11;13m▄[38;2;6;6;8m[48;2;9;9;11m▄[38;2;5;5;6m[48;2;7;7;9m▄[38;2;3;4;4m[48;2;6;6;8m▄[38;2;2;3;3m[48;2;4;5;6m▄[38;2;2;2;2m[48;2;2;4;3m▄[38;2;1;1;1m[48;2;1;3;3m▄[38;2;1;1;1m[48;2;1;2;1m▄[38;2;1;1;1m[48;2;1;1;2m▄[0m
[38;2;0;0;0m[48;2;0;0;0m▄[38;2;0;0;0m[48;2;0;0;0m▄[38;2;0;0;0m[48;2;0;0;0m▄[38;2;1;1;1m[48;2;1;1;1m▄[38;2;1;1;1m[48;2;1;1;2m▄[38;2;0;2;1m[48;2;1;2;5m▄[38;2;1;2;3m[48;2;2;3;5m▄[38;2;3;2;4m[48;2;5;5;5m▄[38;2;4;4;4m[48;2;7;6;7m▄[38;2;5;5;7m[48;2;8;8;8m▄[38;2;7;7;8m[48;2;11;11;11m▄[38;2;9;9;9m[48;2;13;13;13m▄[38;2;11;11;11m[48;2;16;16;16m▄[38;2;13;14;13m[48;2;19;19;20m▄[38;2;17;17;17m[48;2;24;23;25m▄[38;2;23;21;23m[48;2;29;27;28m▄[38;2;27;25;26m[48;2;34;33;33m▄[38;2;32;30;31m[48;2;41;40;40m▄[38;2;39;36;38m[48;2;46;46;46m▄[38;2;46;44;43m[48;2;54;54;51m▄[38;2;42;41;39m[48;2;52;51;50m▄[38;2;57;56;54m[48;2;69;68;66m▄[38;2;64;64;60m[48;2;78;76;72m▄[38;2;70;68;62m[48;2;83;79;76m▄[38;2;75;71;65m[48;2;87;83;77m▄[38;2;79;74;68m[48;2;93;88;81m▄[38;2;82;79;72m[48;2;96;91;85m▄[38;2;85;80;73m[48;2;96;89;85m▄[38;2;87;82;77m[48;2;97;89;86m▄[38;2;86;83;79m[48;2;96;89;88m▄[38;2;86;82;80m[48;2;94;87;87m▄[38;2;83;80;77m[48;2;92;87;85m▄[38;2;82;80;78m[48;2;86;84;82m▄[38;2;63;63;61m[48;2;82;79;77m▄[38;2;96;93;93m[48;2;75;56;53m▄[38;2;150;128;125m[48;2;134;86;68m▄[38;2;69;62;58m[48;2;177;132;115m▄[38;2;45;49;48m[48;2;109;89;84m▄[38;2;88;90;87m[48;2;70;70;66m▄[38;2;99;101;97m[48;2;90;93;88m▄[38;2;89;90;87m[48;2;74;76;77m▄[38;2;71;73;71m[48;2;46;47;47m▄[38;2;46;49;46m[48;2;30;30;30m▄[38;2;19;19;18m[48;2;23;22;23m▄[38;2;14;14;14m[48;2;18;18;19m▄[38;2;5;5;7m[48;2;8;8;9m▄[38;2;4;4;7m[48;2;6;6;8m▄[38;2;5;7;7m[48;2;9;9;10m▄[38;2;6;7;7m[48;2;9;9;10m▄[38;2;6;6;7m[48;2;9;8;10m▄[38;2;4;5;6m[48;2;7;7;6m▄[38;2;3;4;3m[48;2;5;6;4m▄[38;2;1;3;2m[48;2;4;5;4m▄[38;2;1;2;2m[48;2;2;3;3m▄[38;2;1;1;1m[48;2;1;2;1m▄[38;2;1;1;1m[48;2;1;1;1m▄[38;2;1;1;1m[48;2;1;1;1m▄[38;2;0;0;0m[48;2;1;1;1m▄[38;2;0;0;0m[48;2;0;0;0m▄[38;2;0;0;0m[48;2;0;0;0m▄[0m
[38;2;0;0;0m[48;2;0;0;0m▄[38;2;0;0;0m[48;2;0;0;0m▄[38;2;0;0;0m[48;2;0;0;0m▄[38;2;0;0;0m[48;2;0;0;0m▄[38;2;0;0;0m[48;2;0;0;0m▄[38;2;0;0;1m[48;2;0;1;3m▄[38;2;1;1;2m[48;2;1;1;3m▄[38;2;1;0;3m[48;2;1;1;3m▄[38;2;1;1;3m[48;2;1;2;3m▄[38;2;2;1;4m[48;2;4;3;5m▄[38;2;3;2;5m[48;2;5;5;7m▄[38;2;3;4;5m[48;2;6;6;6m▄[38;2;5;6;6m[48;2;8;8;7m▄[38;2;7;7;7m[48;2;10;10;9m▄[38;2;9;8;9m[48;2;12;13;12m▄[38;2;12;11;12m[48;2;17;15;18m▄[38;2;14;14;14m[48;2;20;19;20m▄[38;2;19;17;18m[48;2;24;23;23m▄[38;2;22;20;21m[48;2;29;28;28m▄[38;2;26;26;25m[48;2;35;35;35m▄[38;2;25;24;24m[48;2;32;32;32m▄[38;2;36;34;33m[48;2;46;45;43m▄[38;2;40;39;37m[48;2;52;51;48m▄[38;2;43;43;39m[48;2;58;56;52m▄[38;2;48;47;42m[48;2;64;60;54m▄[38;2;52;50;46m[48;2;68;63;58m▄[38;2;54;53;48m[48;2;70;67;62m▄[38;2;53;52;48m[48;2;71;68;63m▄[38;2;52;50;48m[48;2;71;69;65m▄[38;2;50;49;46m[48;2;71;70;65m▄[38;2;49;48;46m[48;2;70;69;67m▄[38;2;54;54;52m[48;2;73;73;71m▄[38;2;71;70;66m[48;2;61;62;59m▄[38;2;84;80;79m[48;2;62;63;61m▄[38;2;53;54;50m[48;2;120;120;117m▄[38;2;70;73;68m[48;2;76;79;80m▄[38;2;56;57;55m[48;2;53;56;55m▄[38;2;41;41;37m[48;2;63;65;62m▄[38;2;47;47;42m[48;2;71;76;72m▄[38;2;44;42;40m[48;2;79;64;62m▄[38;2;40;37;35m[48;2;85;49;52m▄[38;2;24;22;22m[48;2;62;52;53m▄[38;2;16;15;14m[48;2;43;45;42m▄[38;2;19;20;18m[48;2;28;31;29m▄[38;2;11;12;11m[48;2;11;12;12m▄[38;2;0;0;1m[48;2;2;2;4m▄[38;2;1;1;1m[48;2;3;1;4m▄[38;2;1;1;1m[48;2;3;4;4m▄[38;2;1;1;2m[48;2;2;4;3m▄[38;2;1;1;1m[48;2;2;3;4m▄[38;2;1;1;0m[48;2;1;2;3m▄[38;2;1;1;1m[48;2;1;2;1m▄[38;2;1;1;1m[48;2;1;2;1m▄[38;2;1;1;0m[48;2;1;1;2m▄[38;2;0;0;0m[48;2;1;1;2m▄[38;2;0;0;0m[48;2;1;1;1m▄[38;2;0;0;0m[48;2;0;0;0m▄[38;2;0;0;0m[48;2;0;0;0m▄[38;2;0;0;0m[48;2;0;0;0m▄[38;2;0;0;0m[48;2;0;0;0m▄[0m
[38;2;0;0;0m[48;2;0;0;0m▄[38;2;0;0;0m[48;2;0;0;0m▄[38;2;0;0;0m[48;2;0;0;0m▄[38;2;0;0;0m[48;2;0;0;0m▄[38;2;0;0;0m[48;2;0;0;0m▄[38;2;0;0;0m[48;2;0;0;0m▄[38;2;0;0;0m[48;2;0;0;1m▄[38;2;0;0;1m[48;2;0;0;1m▄[38;2;1;1;2m[48;2;1;1;3m▄[38;2;1;1;3m[48;2;1;1;3m▄[38;2;0;1;2m[48;2;1;1;3m▄[38;2;1;1;3m[48;2;2;2;3m▄[38;2;2;2;4m[48;2;2;3;3m▄[38;2;3;3;5m[48;2;4;5;5m▄[38;2;4;4;5m[48;2;6;6;6m▄[38;2;6;6;6m[48;2;8;7;7m▄[38;2;6;7;8m[48;2;9;9;9m▄[38;2;7;8;8m[48;2;12;11;12m▄[38;2;11;10;9m[48;2;16;14;15m▄[38;2;14;14;12m[48;2;18;16;17m▄[38;2;15;13;14m[48;2;19;17;16m▄[38;2;21;19;20m[48;2;27;25;25m▄[38;2;22;20;21m[48;2;29;28;27m▄[38;2;24;23;21m[48;2;32;30;28m▄[38;2;20;18;18m[48;2;34;33;30m▄[38;2;18;16;16m[48;2;38;36;33m▄[38;2;22;20;20m[48;2;39;36;34m▄[38;2;21;18;20m[48;2;37;35;33m▄[38;2;24;22;23m[48;2;36;35;34m▄[38;2;22;19;18m[48;2;34;33;31m▄[38;2;37;37;35m[48;2;44;44;41m▄[38;2;32;32;30m[48;2;52;53;50m▄[38;2;25;24;23m[48;2;72;67;61m▄[38;2;51;54;49m[48;2;93;91;84m▄[38;2;40;41;39m[48;2;67;70;65m▄[38;2;11;9;9m[48;2;40;41;38m▄[38;2;14;12;13m[48;2;16;16;15m▄[38;2;19;20;17m[48;2;29;30;28m▄[38;2;34;35;31m[48;2;24;24;21m▄[38;2;22;23;22m[48;2;32;33;31m▄[38;2;11;12;10m[48;2;20;21;18m▄[38;2;10;12;9m[48;2;11;12;10m▄[38;2;7;7;6m[48;2;14;12;10m▄[38;2;2;2;2m[48;2;8;8;7m▄[38;2;0;0;0m[48;2;3;3;3m▄[38;2;0;0;0m[48;2;0;0;0m▄[38;2;0;0;0m[48;2;0;0;0m▄[38;2;0;0;0m[48;2;0;0;0m▄[38;2;0;0;0m[48;2;0;0;0m▄[38;2;0;0;0m[48;2;0;0;0m▄[38;2;0;0;0m[48;2;0;0;0m▄[38;2;0;0;0m[48;2;0;0;0m▄[38;2;0;0;0m[48;2;0;0;0m▄[38;2;0;0;0m[48;2;0;0;0m▄[38;2;0;0;0m[48;2;0;0;0m▄[38;2;0;0;0m[48;2;0;0;0m▄[38;2;0;0;0m[48;2;0;0;0m▄[38;2;0;0;0m[48;2;0;0;0m▄[38;2;0;0;0m[48;2;1;1;1m▄[38;2;0;0;0m[48;2;0;0;0m▄[0m
[38;2;0;0;0m[48;2;0;0;0m▄[38;2;0;0;0m[48;2;0;0;0m▄[38;2;0;0;0m[48;2;0;0;0m▄[38;2;0;0;0m[48;2;0;0;0m▄[38;2;0;0;0m[48;2;0;0;0m▄[38;2;0;0;0m[48;2;0;0;0m▄[38;2;0;0;0m[48;2;0;0;0m▄[38;2;0;0;0m[48;2;0;0;0m▄[38;2;0;0;0m[48;2;0;0;0m▄[38;2;0;0;0m[48;2;1;1;1m▄[38;2;1;1;1m[48;2;1;1;1m▄[38;2;0;0;0m[48;2;1;1;2m▄[38;2;0;1;0m[48;2;1;2;2m▄[38;2;0;2;1m[48;2;1;2;3m▄[38;2;1;2;2m[48;2;3;3;3m▄[38;2;2;2;2m[48;2;3;3;4m▄[38;2;3;2;3m[48;2;4;4;5m▄[38;2;4;4;3m[48;2;6;6;6m▄[38;2;6;6;6m[48;2;8;8;8m▄[38;2;8;8;8m[48;2;12;12;12m▄[38;2;7;7;7m[48;2;11;10;10m▄[38;2;10;10;10m[48;2;14;13;14m▄[38;2;12;12;12m[48;2;17;15;16m▄[38;2;8;7;8m[48;2;13;10;11m▄[38;2;40;40;40m[48;2;48;47;47m▄[38;2;81;81;81m[48;2;70;69;70m▄[38;2;78;79;78m[48;2;48;48;48m▄[38;2;75;75;75m[48;2;56;55;57m▄[38;2;39;38;38m[48;2;34;32;33m▄[38;2;79;79;79m[48;2;47;46;46m▄[38;2;80;80;80m[48;2;50;50;49m▄[38;2;81;82;81m[48;2;59;59;57m▄[38;2;94;95;94m[48;2;61;61;59m▄[38;2;71;71;71m[48;2;59;60;57m▄[38;2;77;77;76m[48;2;70;70;70m▄[38;2;94;95;94m[48;2;35;35;38m▄[38;2;37;38;37m[48;2;26;25;26m▄[38;2;12;12;11m[48;2;31;31;27m▄[38;2;9;10;9m[48;2;20;21;18m▄[38;2;8;10;9m[48;2;8;9;9m▄[38;2;3;5;4m[48;2;9;11;10m▄[38;2;3;3;2m[48;2;6;7;6m▄[38;2;1;1;1m[48;2;3;3;3m▄[38;2;0;0;0m[48;2;0;0;0m▄[38;2;1;1;1m[48;2;0;0;0m▄[38;2;0;0;0m[48;2;0;0;0m▄[38;2;0;0;0m[48;2;0;0;0m▄[38;2;0;0;0m[48;2;0;0;0m▄[38;2;0;0;0m[48;2;0;0;0m▄[38;2;0;0;0m[48;2;0;0;0m▄[38;2;0;0;0m[48;2;1;1;1m▄[38;2;0;0;0m[48;2;0;0;0m▄[38;2;0;0;0m[48;2;0;0;0m▄[38;2;0;0;0m[48;2;0;0;0m▄[38;2;0;0;0m[48;2;0;0;0m▄[38;2;0;0;0m[48;2;0;0;0m▄[38;2;0;0;0m[48;2;0;0;0m▄[38;2;0;0;0m[48;2;1;1;1m▄[38;2;0;0;0m[48;2;0;0;0m▄[38;2;0;0;0m[48;2;0;0;0m▄[0m
